/*--------------------------------*- C++ -*----------------------------------*\
| =========                 |                                                 |
| \\      /  F ield         | OpenFOAM: The Open Source CFD Toolbox           |
|  \\    /   O peration     | Version:  2412                                  |
|   \\  /    A nd           | Website:  www.openfoam.com                      |
|    \\/     M anipulation  |                                                 |
\*---------------------------------------------------------------------------*/
FoamFile
{
    version     2.0;
    format      ascii;
    arch        "LSB;label=32;scalar=64";
    class       volScalarField;
    location    "7.5";
    object      epsilon;
}
// * * * * * * * * * * * * * * * * * * * * * * * * * * * * * * * * * * * * * //

dimensions      [0 2 -3 0 0 0 0];

internalField   nonuniform List<scalar> 
400
(
0.00055421
0.000662768
0.00118544
0.00339369
0.00777523
0.0121772
0.014637
0.0157491
0.01606
0.01574
0.0147749
0.0137396
0.0126354
0.011716
0.0108513
0.0101052
0.00874983
0.00638464
0.00309726
0.00136943
0.00113038
0.00155068
0.00377092
0.00667528
0.00818588
0.00878194
0.00740461
0.00593236
0.0047713
0.00415049
0.00393015
0.00415553
0.00486845
0.00591846
0.00746005
0.00899077
0.0097191
0.00977668
0.00577618
0.00179157
0.00244529
0.00379829
0.00553975
0.00613751
0.00585783
0.00361177
0.00262801
0.00191774
0.00160116
0.00147974
0.00145704
0.0016202
0.00194056
0.00256811
0.00381477
0.00607194
0.00936093
0.0114707
0.0118264
0.00419391
0.00399816
0.00486255
0.00523495
0.00457843
0.00264568
0.00157899
0.00109525
0.000819538
0.000690489
0.000628191
0.000605683
0.000625808
0.000753746
0.00100785
0.0015877
0.00288686
0.00593346
0.0119054
0.0159642
0.0121462
0.00536887
0.00499703
0.00442575
0.00259699
0.00132286
0.000792905
0.00055003
0.000411703
0.000335172
0.000293592
0.000277557
0.000277021
0.000334398
0.000447712
0.000725443
0.00142159
0.0032634
0.0079817
0.017883
0.0225817
0.00637734
0.00477529
0.00324965
0.00149931
0.000754501
0.000454125
0.000312402
0.00022433
0.000177367
0.00015407
0.000145448
0.000145812
0.000176303
0.000234229
0.000373192
0.000750419
0.00202477
0.00609588
0.0174988
0.0307242
0.00718552
0.004269
0.00233674
0.000972899
0.000487952
0.000292683
0.000197658
0.000139136
0.000110442
9.62118e-05
9.09199e-05
9.10807e-05
0.000109902
0.000146214
0.000224705
0.000420731
0.00109695
0.00399939
0.0152327
0.036334
0.00806535
0.00366211
0.0017197
0.00069945
0.00035424
0.000211404
0.000140335
9.88324e-05
7.83799e-05
6.80562e-05
6.42059e-05
6.44663e-05
7.8013e-05
0.000105547
0.000160542
0.000283731
0.000689766
0.0028118
0.0135162
0.0402633
0.00893204
0.00325007
0.00138863
0.000567801
0.000290296
0.00017214
0.000112958
7.89571e-05
6.18463e-05
5.3208e-05
5.00247e-05
5.06932e-05
6.07588e-05
8.32824e-05
0.000129251
0.000221155
0.000490475
0.00195201
0.011456
0.0429372
0.0099242
0.00291383
0.00118626
0.000488853
0.000259297
0.000155358
9.90099e-05
6.88563e-05
5.37233e-05
4.61798e-05
4.33796e-05
4.48146e-05
5.28252e-05
7.15179e-05
0.000111093
0.000191462
0.000401522
0.00153065
0.010255
0.0452659
0.0107557
0.00294916
0.00112291
0.000479137
0.000261557
0.000157711
0.000100119
6.93966e-05
5.37492e-05
4.5344e-05
4.17669e-05
4.32188e-05
5.01546e-05
6.66642e-05
0.000102666
0.000178098
0.000366653
0.00132426
0.0094156
0.0473434
0.0115335
0.00319796
0.00116126
0.000497591
0.000274411
0.000167552
0.000106682
7.38394e-05
5.67836e-05
4.77891e-05
4.42856e-05
4.54991e-05
5.10005e-05
6.58346e-05
0.000100102
0.000174262
0.00035995
0.00125685
0.00907713
0.0496009
0.0116547
0.00379596
0.00129894
0.000552776
0.000303828
0.000190026
0.000122088
8.49251e-05
6.53222e-05
5.49227e-05
5.1525e-05
5.32279e-05
5.96366e-05
7.50485e-05
0.000108386
0.000184381
0.000386766
0.00128342
0.00902602
0.0521244
0.0113604
0.00459637
0.00160054
0.000675223
0.000360689
0.000225805
0.000152175
0.000108828
8.46273e-05
7.11463e-05
6.8074e-05
7.05867e-05
7.85827e-05
9.62004e-05
0.000133149
0.000219528
0.000452889
0.0014555
0.00997241
0.0552608
0.0104464
0.00560589
0.00221435
0.000928445
0.00047781
0.000290633
0.000196367
0.000144119
0.00011746
0.000102693
0.000102039
0.000105803
0.000115971
0.000136738
0.000180389
0.000288097
0.000581643
0.00175293
0.0112055
0.0597128
0.00862058
0.00591681
0.00299827
0.00144327
0.00073466
0.000434111
0.000289214
0.000212639
0.000174438
0.000153873
0.000154228
0.000159822
0.000173708
0.000202611
0.000267788
0.000434074
0.0008642
0.00244033
0.0135114
0.066133
0.00551715
0.00526804
0.00381582
0.00221874
0.00126309
0.000773234
0.000517527
0.000378201
0.000305765
0.000265448
0.000255689
0.000260946
0.000285026
0.000347543
0.000492063
0.000837923
0.00161662
0.00415715
0.01792
0.0758684
0.00369037
0.00424324
0.00409248
0.0033045
0.0023715
0.00169431
0.00125564
0.000988584
0.000840841
0.00075697
0.000755542
0.000781535
0.000874335
0.00111647
0.00161432
0.00268922
0.00448954
0.00959813
0.0273623
0.0913765
0.00515359
0.00780835
0.00954815
0.00971608
0.00931844
0.00860409
0.00800971
0.00770347
0.00763984
0.00776458
0.00806946
0.00867888
0.0093115
0.0105876
0.0130328
0.017935
0.022398
0.0338471
0.0509344
0.117708
0.0526635
0.101004
0.132289
0.136756
0.134965
0.131015
0.127096
0.124585
0.123072
0.123222
0.123988
0.125605
0.128889
0.132364
0.136804
0.13953
0.145441
0.148721
0.167121
0.149574
)
;

boundaryField
{
    movingWall
    {
        type            epsilonWallFunction;
        blending        stepwise;
        value           nonuniform List<scalar> 
20
(
0.0526635
0.101004
0.132289
0.136756
0.134965
0.131015
0.127096
0.124585
0.123072
0.123222
0.123988
0.125605
0.128889
0.132364
0.136804
0.13953
0.145441
0.148721
0.167121
0.149574
)
;
    }
    fixedWalls
    {
        type            epsilonWallFunction;
        blending        stepwise;
        value           nonuniform List<scalar> 
60
(
0.00055421
0.00113038
0.00244529
0.00399816
0.00536887
0.00637734
0.00718552
0.00806535
0.00893204
0.0099242
0.0107557
0.0115335
0.0116547
0.0113604
0.0104464
0.00862058
0.00551715
0.00369037
0.00515359
0.0526635
0.00136943
0.00179157
0.00419391
0.0121462
0.0225817
0.0307242
0.036334
0.0402633
0.0429372
0.0452659
0.0473434
0.0496009
0.0521244
0.0552608
0.0597128
0.066133
0.0758684
0.0913765
0.117708
0.149574
0.00055421
0.000662768
0.00118544
0.00339369
0.00777523
0.0121772
0.014637
0.0157491
0.01606
0.01574
0.0147749
0.0137396
0.0126354
0.011716
0.0108513
0.0101052
0.00874983
0.00638464
0.00309726
0.00136943
)
;
    }
    frontAndBack
    {
        type            empty;
    }
}


// ************************************************************************* //
