/*--------------------------------*- C++ -*----------------------------------*\
| =========                 |                                                 |
| \\      /  F ield         | OpenFOAM: The Open Source CFD Toolbox           |
|  \\    /   O peration     | Version:  2412                                  |
|   \\  /    A nd           | Website:  www.openfoam.com                      |
|    \\/     M anipulation  |                                                 |
\*---------------------------------------------------------------------------*/
FoamFile
{
    version     2.0;
    format      ascii;
    arch        "LSB;label=32;scalar=64";
    class       volScalarField;
    location    "7.5";
    object      k;
}
// * * * * * * * * * * * * * * * * * * * * * * * * * * * * * * * * * * * * * //

dimensions      [0 2 -2 0 0 0 0];

internalField   nonuniform List<scalar> 
400
(
0.000228707
0.000257646
0.000379569
0.000765186
0.00132995
0.00179374
0.00202785
0.00212931
0.00215724
0.00212847
0.00204053
0.00194406
0.00183847
0.00174818
0.00166109
0.00158402
0.00143897
0.0011661
0.00072007
0.000417927
0.000367811
0.000571725
0.00103661
0.00139841
0.00154341
0.00158801
0.00146519
0.00126875
0.00117385
0.00112646
0.00111691
0.00120356
0.00132307
0.00151477
0.00172182
0.0018984
0.0019766
0.00190808
0.00136777
0.000499827
0.000615194
0.00115119
0.00133638
0.00136989
0.00130649
0.000957878
0.000740205
0.000628297
0.00055676
0.000524045
0.000512881
0.000525675
0.000589234
0.000703081
0.000936043
0.0013312
0.0017927
0.00201393
0.00202559
0.000880829
0.000853814
0.00130049
0.00132085
0.00118284
0.000776486
0.000535067
0.000420285
0.00035402
0.00031237
0.000291765
0.000282507
0.000281066
0.000303298
0.00035081
0.000459028
0.000697904
0.00124006
0.00199491
0.00233161
0.00179002
0.00103927
0.00139445
0.00121312
0.000798955
0.00048058
0.000346501
0.000283831
0.000247796
0.000227428
0.000216879
0.000212237
0.000211345
0.000220499
0.000241521
0.000289141
0.000405547
0.000714625
0.00149815
0.00245204
0.002707
0.00116564
0.00137281
0.000988654
0.000539083
0.000338931
0.000258609
0.000221663
0.000201725
0.000191373
0.000186238
0.000184269
0.00018508
0.000193911
0.000208332
0.000234789
0.000292949
0.000472528
0.00103652
0.00243331
0.00332411
0.00126215
0.00131328
0.000785627
0.000404822
0.000267696
0.000215725
0.000192292
0.000180795
0.000173909
0.000169272
0.000167456
0.000168793
0.000178851
0.00019436
0.000215553
0.000250484
0.000357104
0.000812315
0.00209426
0.00371743
0.00136315
0.00121818
0.000632626
0.000332113
0.000232382
0.000194622
0.000176882
0.000167912
0.000159381
0.000152745
0.000149931
0.000149808
0.000160313
0.000179395
0.000205438
0.000232779
0.000291412
0.000606549
0.00193528
0.00398089
0.00145911
0.00111685
0.000554177
0.000296623
0.00021433
0.000183521
0.000168546
0.000158637
0.000148677
0.000141092
0.000137859
0.000137676
0.000146351
0.000165239
0.000193629
0.000224848
0.000263876
0.000507052
0.00171888
0.00415524
0.00156524
0.00103859
0.000502335
0.000275552
0.000209096
0.000181665
0.000164309
0.000153382
0.000143096
0.000135378
0.000132055
0.000132426
0.000139436
0.000155511
0.000184073
0.000217041
0.000250709
0.000436207
0.00161508
0.00430415
0.00165146
0.00099864
0.000498938
0.00027652
0.000210649
0.000183036
0.000164719
0.000152161
0.000141804
0.000134251
0.000130294
0.000131046
0.000136899
0.000150708
0.000177422
0.000212543
0.000245597
0.000404272
0.00153926
0.00443482
0.00173015
0.0010125
0.000512141
0.000284969
0.000215569
0.000186573
0.000166785
0.000153325
0.000143056
0.000135761
0.000131916
0.000132548
0.000136847
0.000149074
0.000174684
0.00021043
0.000244655
0.000392512
0.00151025
0.00457468
0.00174222
0.00106
0.000548507
0.000306078
0.000225402
0.000193548
0.000171679
0.000156673
0.000146569
0.000139824
0.000136884
0.000137954
0.000142346
0.00015302
0.000174692
0.000210234
0.000249113
0.000391856
0.00150651
0.00472852
0.00171275
0.0011276
0.000626123
0.000351928
0.000245107
0.000203394
0.000179103
0.000163341
0.000154027
0.000148128
0.000147797
0.000149713
0.000155245
0.000167025
0.000188189
0.000220951
0.000260968
0.000412056
0.00159346
0.00491632
0.00161958
0.00125544
0.000734141
0.000427492
0.000284876
0.000224104
0.000192616
0.000174499
0.000164833
0.000163652
0.00016538
0.00016968
0.000178123
0.000189816
0.000207579
0.000235727
0.000278271
0.000446256
0.00170942
0.00517693
0.00142484
0.00127335
0.000905802
0.000564138
0.000366969
0.000272297
0.000223374
0.000197889
0.000183081
0.000182364
0.000184914
0.000190984
0.000201013
0.000211906
0.000230044
0.000256936
0.000310575
0.000527739
0.00193143
0.00554164
0.0010581
0.00118358
0.00105043
0.000768736
0.000545589
0.000389292
0.000303095
0.000256316
0.000228683
0.000216027
0.000214581
0.000216826
0.000223312
0.000237542
0.000258841
0.000299768
0.000390349
0.000725869
0.0023396
0.00607294
0.000809256
0.00106566
0.00110081
0.000990676
0.000795714
0.000631339
0.000503379
0.000420629
0.000364566
0.000332989
0.000313359
0.000309506
0.000315784
0.000338527
0.000388694
0.000494908
0.000705429
0.0013067
0.00313463
0.0068746
0.00101112
0.00132415
0.00151206
0.00154716
0.0014792
0.00135224
0.00122428
0.00114858
0.00108573
0.00108379
0.00109886
0.00114075
0.00120531
0.00133649
0.00154187
0.00196205
0.00236333
0.00337602
0.00468382
0.00813876
0.00476122
0.00734986
0.00879825
0.00899493
0.00891614
0.0087412
0.00856591
0.00845267
0.00838401
0.00839086
0.00842559
0.00849871
0.00864624
0.00880095
0.00899668
0.00911581
0.0093715
0.00951189
0.0102811
0.00954831
)
;

boundaryField
{
    movingWall
    {
        type            kqRWallFunction;
        value           nonuniform List<scalar> 
20
(
0.00476122
0.00734986
0.00879825
0.00899493
0.00891614
0.0087412
0.00856591
0.00845267
0.00838401
0.00839086
0.00842559
0.00849871
0.00864624
0.00880095
0.00899668
0.00911581
0.0093715
0.00951189
0.0102811
0.00954831
)
;
    }
    fixedWalls
    {
        type            kqRWallFunction;
        value           nonuniform List<scalar> 
60
(
0.000228707
0.000367811
0.000615194
0.000853814
0.00103927
0.00116564
0.00126215
0.00136315
0.00145911
0.00156524
0.00165146
0.00173015
0.00174222
0.00171275
0.00161958
0.00142484
0.0010581
0.000809256
0.00101112
0.00476122
0.000417927
0.000499827
0.000880829
0.00179002
0.002707
0.00332411
0.00371743
0.00398089
0.00415524
0.00430415
0.00443482
0.00457468
0.00472852
0.00491632
0.00517693
0.00554164
0.00607294
0.0068746
0.00813876
0.00954831
0.000228707
0.000257646
0.000379569
0.000765186
0.00132995
0.00179374
0.00202785
0.00212931
0.00215724
0.00212847
0.00204053
0.00194406
0.00183847
0.00174818
0.00166109
0.00158402
0.00143897
0.0011661
0.00072007
0.000417927
)
;
    }
    frontAndBack
    {
        type            empty;
    }
}


// ************************************************************************* //
