/*--------------------------------*- C++ -*----------------------------------*\
| =========                 |                                                 |
| \\      /  F ield         | OpenFOAM: The Open Source CFD Toolbox           |
|  \\    /   O peration     | Version:  2412                                  |
|   \\  /    A nd           | Website:  www.openfoam.com                      |
|    \\/     M anipulation  |                                                 |
\*---------------------------------------------------------------------------*/
FoamFile
{
    version     2.0;
    format      ascii;
    arch        "LSB;label=32;scalar=64";
    class       volScalarField;
    location    "7.5";
    object      nut;
}
// * * * * * * * * * * * * * * * * * * * * * * * * * * * * * * * * * * * * * //

dimensions      [0 2 -1 0 0 0 0];

internalField   nonuniform List<scalar> 
400
(
8.49427e-06
9.01423e-06
1.09381e-05
1.55276e-05
2.04738e-05
2.37801e-05
2.5285e-05
2.59098e-05
2.60791e-05
2.59043e-05
2.53633e-05
2.47563e-05
2.40748e-05
2.34765e-05
2.28847e-05
2.23469e-05
2.12983e-05
1.9168e-05
1.50666e-05
1.14789e-05
1.07713e-05
1.89712e-05
2.56464e-05
2.63659e-05
2.61903e-05
2.5844e-05
2.60933e-05
2.44213e-05
2.59915e-05
2.75156e-05
2.85673e-05
3.13729e-05
3.23605e-05
3.4892e-05
3.57665e-05
3.60764e-05
3.61788e-05
3.35154e-05
2.91492e-05
1.25501e-05
1.39295e-05
3.14014e-05
2.90144e-05
2.75183e-05
2.62252e-05
2.28635e-05
1.87637e-05
1.8526e-05
1.74239e-05
1.6703e-05
1.62482e-05
1.535e-05
1.61024e-05
1.73236e-05
2.06712e-05
2.62663e-05
3.08988e-05
3.1823e-05
3.12243e-05
1.66497e-05
1.641e-05
3.13036e-05
2.99943e-05
2.75029e-05
2.05103e-05
1.63184e-05
1.4515e-05
1.37635e-05
1.27182e-05
1.2196e-05
1.18592e-05
1.1361e-05
1.09839e-05
1.09898e-05
1.19441e-05
1.51848e-05
2.33248e-05
3.00849e-05
3.06484e-05
2.37421e-05
1.81056e-05
3.50218e-05
2.99269e-05
2.21216e-05
1.5713e-05
1.3628e-05
1.31818e-05
1.34229e-05
1.38888e-05
1.44189e-05
1.4606e-05
1.45116e-05
1.30855e-05
1.17261e-05
1.03719e-05
1.04124e-05
1.40841e-05
2.5308e-05
3.02592e-05
2.92054e-05
1.91749e-05
3.55191e-05
2.70704e-05
1.74447e-05
1.37027e-05
1.32542e-05
1.41552e-05
1.63258e-05
1.85836e-05
2.02609e-05
2.10107e-05
2.11432e-05
1.9195e-05
1.66768e-05
1.32943e-05
1.02926e-05
9.92481e-06
1.58621e-05
3.04529e-05
3.23678e-05
1.9953e-05
3.63608e-05
2.3772e-05
1.51602e-05
1.32175e-05
1.43102e-05
1.68364e-05
2.11435e-05
2.46465e-05
2.68031e-05
2.77578e-05
2.81531e-05
2.6195e-05
2.32523e-05
1.86096e-05
1.34214e-05
1.04627e-05
1.4849e-05
2.59135e-05
3.42306e-05
2.07353e-05
3.64696e-05
2.09452e-05
1.41924e-05
1.37199e-05
1.61255e-05
2.00652e-05
2.56747e-05
2.91684e-05
3.08538e-05
3.15102e-05
3.13315e-05
2.9649e-05
2.74422e-05
2.36599e-05
1.71879e-05
1.10804e-05
1.17758e-05
2.49388e-05
3.54237e-05
2.1452e-05
3.45412e-05
1.99045e-05
1.39463e-05
1.42419e-05
1.76089e-05
2.2634e-05
2.86853e-05
3.21675e-05
3.36719e-05
3.41925e-05
3.36517e-05
3.17268e-05
2.95062e-05
2.61065e-05
2.05742e-05
1.27769e-05
1.1854e-05
2.32112e-05
3.6191e-05
2.22181e-05
3.3317e-05
1.91448e-05
1.39789e-05
1.51752e-05
1.91185e-05
2.45407e-05
3.075e-05
3.43034e-05
3.57178e-05
3.61798e-05
3.52184e-05
3.31247e-05
3.04334e-05
2.74497e-05
2.21433e-05
1.40888e-05
1.1188e-05
2.28924e-05
3.68337e-05
2.28214e-05
3.04343e-05
1.99522e-05
1.43627e-05
1.52684e-05
1.91186e-05
2.43903e-05
3.00269e-05
3.36705e-05
3.57729e-05
3.65815e-05
3.57615e-05
3.36305e-05
3.06634e-05
2.7595e-05
2.28284e-05
1.48058e-05
1.11075e-05
2.26474e-05
3.73883e-05
2.33586e-05
2.88509e-05
2.0328e-05
1.46881e-05
1.52411e-05
1.86978e-05
2.34674e-05
2.86538e-05
3.24363e-05
3.47108e-05
3.53652e-05
3.47527e-05
3.30477e-05
3.03802e-05
2.7435e-05
2.28695e-05
1.4966e-05
1.10323e-05
2.26149e-05
3.7973e-05
2.34394e-05
2.66397e-05
2.08458e-05
1.52531e-05
1.50498e-05
1.77422e-05
2.17272e-05
2.60134e-05
2.95981e-05
3.20373e-05
3.27288e-05
3.2179e-05
3.05789e-05
2.808e-05
2.53406e-05
2.15741e-05
1.44407e-05
1.07678e-05
2.26304e-05
3.86058e-05
2.32401e-05
2.48965e-05
2.20443e-05
1.65083e-05
1.49906e-05
1.64887e-05
1.89716e-05
2.20644e-05
2.52306e-05
2.77567e-05
2.88796e-05
2.85784e-05
2.76028e-05
2.60992e-05
2.39385e-05
2.00145e-05
1.35339e-05
1.04989e-05
2.29152e-05
3.93645e-05
2.25986e-05
2.53042e-05
2.19056e-05
1.7715e-05
1.52862e-05
1.55523e-05
1.70044e-05
1.90155e-05
2.08182e-05
2.34716e-05
2.41236e-05
2.44908e-05
2.46225e-05
2.37148e-05
2.14982e-05
1.73589e-05
1.19818e-05
1.02246e-05
2.34698e-05
4.03943e-05
2.11951e-05
2.46632e-05
2.46285e-05
1.98456e-05
1.64973e-05
1.53719e-05
1.5527e-05
1.65745e-05
1.72938e-05
1.94516e-05
1.99535e-05
2.054e-05
2.09349e-05
1.99465e-05
1.77858e-05
1.36877e-05
1.00453e-05
1.02714e-05
2.48485e-05
4.17927e-05
1.82634e-05
2.39324e-05
2.60248e-05
2.39713e-05
2.121e-05
1.76394e-05
1.5976e-05
1.5634e-05
1.53929e-05
1.58227e-05
1.62074e-05
1.6215e-05
1.57464e-05
1.46121e-05
1.22543e-05
9.65182e-06
8.48284e-06
1.14068e-05
2.7491e-05
4.37502e-05
1.59715e-05
2.40871e-05
2.6649e-05
2.67301e-05
2.40289e-05
2.11727e-05
1.81622e-05
1.61075e-05
1.4226e-05
1.31833e-05
1.16968e-05
1.10315e-05
1.02647e-05
9.23808e-06
8.42304e-06
8.1972e-06
9.97579e-06
1.60105e-05
3.23193e-05
4.65482e-05
1.78543e-05
2.02096e-05
2.15507e-05
2.2173e-05
2.11326e-05
1.91268e-05
1.68416e-05
1.54128e-05
1.38869e-05
1.36149e-05
1.34674e-05
1.34946e-05
1.40418e-05
1.51837e-05
1.64172e-05
1.9318e-05
2.24431e-05
3.03062e-05
3.87642e-05
5.06472e-05
3.87409e-05
4.8135e-05
5.26637e-05
5.32466e-05
5.30122e-05
5.24883e-05
5.19586e-05
5.16135e-05
5.1403e-05
5.1424e-05
5.15303e-05
5.17536e-05
5.22013e-05
5.26661e-05
5.32486e-05
5.36001e-05
5.43468e-05
5.47525e-05
5.69238e-05
5.48578e-05
)
;

boundaryField
{
    movingWall
    {
        type            nutkWallFunction;
        blending        stepwise;
        value           nonuniform List<scalar> 
20
(
0
1.42818e-07
8.90884e-07
9.86824e-07
9.48538e-07
8.62824e-07
7.75946e-07
7.1927e-07
6.84697e-07
6.88152e-07
7.05656e-07
7.42366e-07
8.15886e-07
8.92211e-07
9.87672e-07
1.04519e-06
1.1672e-06
1.23337e-06
1.58635e-06
1.25045e-06
)
;
    }
    fixedWalls
    {
        type            nutkWallFunction;
        blending        stepwise;
        value           nonuniform List<scalar> 
60
(
0
0
0
0
0
0
0
0
0
0
0
0
0
0
0
0
0
0
0
0
0
0
0
0
0
0
0
0
0
0
0
0
0
0
0
0
0
0
5.59845e-07
1.25045e-06
0
0
0
0
0
0
0
0
0
0
0
0
0
0
0
0
0
0
0
0
)
;
    }
    frontAndBack
    {
        type            empty;
    }
}


// ************************************************************************* //
