/*--------------------------------*- C++ -*----------------------------------*\
| =========                 |                                                 |
| \\      /  F ield         | OpenFOAM: The Open Source CFD Toolbox           |
|  \\    /   O peration     | Version:  2412                                  |
|   \\  /    A nd           | Website:  www.openfoam.com                      |
|    \\/     M anipulation  |                                                 |
\*---------------------------------------------------------------------------*/
FoamFile
{
    version     2.0;
    format      ascii;
    arch        "LSB;label=32;scalar=64";
    class       volScalarField;
    location    "7.5";
    object      p;
}
// * * * * * * * * * * * * * * * * * * * * * * * * * * * * * * * * * * * * * //

dimensions      [0 2 -2 0 0 0 0];

internalField   nonuniform List<scalar> 
400
(
1.08169e-07
-0.000217559
-0.000442354
-0.000659123
-0.00113648
-0.00223441
-0.0041768
-0.00676977
-0.00948029
-0.01152
-0.0122447
-0.0114148
-0.009005
-0.00512303
-0.000351259
0.00394565
0.00622648
0.00628185
0.00522881
0.00492719
8.07746e-05
-0.000162948
-0.000240011
-0.000546952
-0.00143527
-0.0033211
-0.00615932
-0.00929201
-0.0119734
-0.0137183
-0.0143006
-0.0136148
-0.0115092
-0.00799981
-0.00349739
0.00099371
0.00411306
0.00511904
0.00473271
0.00447245
0.000561045
9.51877e-05
-0.000406076
-0.00156085
-0.00372855
-0.00679501
-0.0102229
-0.0133706
-0.0157932
-0.0173219
-0.017879
-0.0173594
-0.0156707
-0.0127821
-0.00882292
-0.00424809
0.000121886
0.00325333
0.00441836
0.00408316
0.00101006
0.000180169
-0.00128429
-0.00387993
-0.00741176
-0.011246
-0.0147837
-0.0176647
-0.0197231
-0.0209244
-0.0213076
-0.0208282
-0.0195005
-0.0172934
-0.0141981
-0.010251
-0.00546621
-0.00029503
0.00325316
0.00347255
0.000516052
-0.000781291
-0.00325155
-0.00703113
-0.0113348
-0.0153256
-0.0185668
-0.0209619
-0.0225508
-0.0234235
-0.0236502
-0.0232515
-0.0222162
-0.0205365
-0.0181898
-0.0151062
-0.0109511
-0.0052645
0.000444039
0.00202067
-0.00128019
-0.00296297
-0.00611456
-0.0104587
-0.0148786
-0.018577
-0.02134
-0.0232822
-0.02457
-0.0253033
-0.0255032
-0.0251801
-0.0243263
-0.0229462
-0.0210361
-0.018559
-0.0152685
-0.0104643
-0.00421998
-0.000797238
-0.00408942
-0.00588693
-0.00928262
-0.0136602
-0.0177963
-0.0210382
-0.023372
-0.0250199
-0.0261495
-0.0268182
-0.0270282
-0.0267719
-0.0260531
-0.0248709
-0.0232201
-0.021091
-0.0184307
-0.0148805
-0.00968558
-0.00469949
-0.00709298
-0.00881606
-0.0121452
-0.0162711
-0.0200026
-0.0228151
-0.0248333
-0.0262973
-0.027327
-0.0279471
-0.0281572
-0.0279557
-0.0273481
-0.0263305
-0.0248874
-0.0230081
-0.020751
-0.0181209
-0.0143757
-0.00926563
-0.00955317
-0.0111448
-0.0142714
-0.0180983
-0.0214799
-0.0239819
-0.0257952
-0.0271435
-0.0281065
-0.0286908
-0.0288969
-0.02873
-0.0281975
-0.0272984
-0.026018
-0.0243422
-0.0223529
-0.0201914
-0.0175649
-0.013625
-0.0110621
-0.0125352
-0.0154519
-0.0190912
-0.0222559
-0.024591
-0.026297
-0.0275819
-0.0285059
-0.0290691
-0.0292726
-0.029122
-0.028628
-0.0277935
-0.0266108
-0.0250652
-0.0232354
-0.0213105
-0.0193506
-0.01673
-0.0114837
-0.01289
-0.0156688
-0.0192276
-0.022346
-0.0246581
-0.0263466
-0.0276178
-0.0285327
-0.0290917
-0.0292944
-0.029145
-0.0286546
-0.0278312
-0.0266744
-0.0251668
-0.0233824
-0.0215713
-0.0199328
-0.0182737
-0.0108389
-0.0122586
-0.0149945
-0.0185051
-0.0217553
-0.0241776
-0.0259368
-0.0272498
-0.0281914
-0.0287662
-0.0289717
-0.0288105
-0.0282898
-0.0274189
-0.0262008
-0.024622
-0.0227848
-0.0209609
-0.0194882
-0.0184111
-0.00936074
-0.0107904
-0.0135253
-0.0169913
-0.0204436
-0.0231018
-0.025041
-0.0264728
-0.0274888
-0.0281055
-0.0283216
-0.0281358
-0.02755
-0.0265687
-0.025193
-0.0234157
-0.0213816
-0.0194171
-0.0180213
-0.0173336
-0.00749981
-0.00875105
-0.0114027
-0.0147783
-0.018348
-0.0213307
-0.0235908
-0.0252537
-0.0264154
-0.0271127
-0.0273529
-0.0271329
-0.0264473
-0.0252885
-0.0236474
-0.0215298
-0.0191497
-0.0168896
-0.0154093
-0.0148475
-0.00574127
-0.00657292
-0.00886551
-0.0119817
-0.0155157
-0.0188059
-0.0214858
-0.0235069
-0.0249176
-0.0257606
-0.0260533
-0.0257919
-0.0249648
-0.0235519
-0.0215467
-0.0189877
-0.0161829
-0.013502
-0.0116382
-0.0106081
-0.00436011
-0.00465433
-0.00621205
-0.00877586
-0.0120735
-0.0155445
-0.0186458
-0.0211141
-0.022881
-0.0239523
-0.0243411
-0.0240456
-0.0230476
-0.0213397
-0.0189327
-0.0158968
-0.0126765
-0.00954414
-0.00720381
-0.0055336
-0.00364062
-0.00338978
-0.00387657
-0.00555682
-0.00840144
-0.0118655
-0.0152757
-0.0181802
-0.0203577
-0.0217352
-0.0222976
-0.022039
-0.0208908
-0.0188965
-0.016074
-0.012524
-0.00882341
-0.00508762
-0.00282197
-0.00209124
-0.00273815
-0.00220806
-0.00161196
-0.00236299
-0.00471793
-0.00808268
-0.011687
-0.0149416
-0.0175022
-0.0192067
-0.0199827
-0.0198032
-0.0187061
-0.0165717
-0.0134654
-0.00945771
-0.00503839
5.5221e-05
0.00204153
0.00169289
-0.00424796
-0.0024663
-0.000672179
-0.000587866
-0.00238896
-0.00551642
-0.00914722
-0.0125882
-0.0154024
-0.0173562
-0.018337
-0.0183004
-0.0172327
-0.015097
-0.0119279
-0.00761458
-0.00238872
0.00502443
0.00839953
0.0227769
0.000331404
0.00295647
0.00279958
0.00142357
-0.000828261
-0.00402664
-0.00774568
-0.0113316
-0.0142962
-0.0163764
-0.0174512
-0.017463
-0.0163901
-0.01421
-0.0109636
-0.00648193
-0.00132854
0.00735023
0.0129324
0.0717375
)
;

boundaryField
{
    movingWall
    {
        type            zeroGradient;
    }
    fixedWalls
    {
        type            zeroGradient;
    }
    frontAndBack
    {
        type            empty;
    }
}


// ************************************************************************* //
