/*--------------------------------*- C++ -*----------------------------------*\
| =========                 |                                                 |
| \\      /  F ield         | OpenFOAM: The Open Source CFD Toolbox           |
|  \\    /   O peration     | Version:  2412                                  |
|   \\  /    A nd           | Website:  www.openfoam.com                      |
|    \\/     M anipulation  |                                                 |
\*---------------------------------------------------------------------------*/
FoamFile
{
    version     2.0;
    format      ascii;
    arch        "LSB;label=32;scalar=64";
    class       surfaceScalarField;
    location    "7.5";
    object      phi;
}
// * * * * * * * * * * * * * * * * * * * * * * * * * * * * * * * * * * * * * //

dimensions      [0 3 -1 0 0 0 0];

oriented        oriented;

internalField   nonuniform List<scalar> 
760
(
4.5455e-07
-4.54561e-07
3.89831e-07
6.47189e-08
-1.77942e-07
5.67773e-07
-1.29448e-06
1.11653e-06
-2.97144e-06
1.67696e-06
-4.92113e-06
1.94969e-06
-6.81529e-06
1.89416e-06
-8.39011e-06
1.57482e-06
-9.50592e-06
1.1158e-06
-1.01376e-05
6.31687e-07
-1.03143e-05
1.76706e-07
-1.00546e-05
-2.59683e-07
-9.33339e-06
-7.21232e-07
-8.11066e-06
-1.22274e-06
-6.37593e-06
-1.73472e-06
-4.20419e-06
-2.17174e-06
-1.8891e-06
-2.31509e-06
-7.07225e-08
-1.81837e-06
6.06391e-07
-6.77114e-07
6.06391e-07
-1.30256e-07
-3.24305e-07
-9.5833e-07
8.92793e-07
-2.44583e-06
2.05528e-06
-4.43659e-06
3.10729e-06
-6.46434e-06
3.70471e-06
-8.21522e-06
3.70057e-06
-9.54063e-06
3.21957e-06
-1.04642e-05
2.49836e-06
-1.10752e-05
1.72687e-06
-1.14302e-05
9.86628e-07
-1.15107e-05
2.57251e-07
-1.13049e-05
-4.65488e-07
-1.07867e-05
-1.23943e-06
-9.88912e-06
-2.12034e-06
-8.52619e-06
-3.09765e-06
-6.6598e-06
-4.03813e-06
-4.37412e-06
-4.60077e-06
-1.9963e-06
-4.19619e-06
-3.50046e-07
-2.32337e-06
2.56345e-07
-9.58138e-07
6.33833e-07
-2.44959e-06
2.38425e-06
-4.32986e-06
3.93554e-06
-6.22831e-06
5.00574e-06
-7.80039e-06
5.27679e-06
-8.9325e-06
4.83268e-06
-9.68635e-06
3.97342e-06
-1.01769e-05
2.98893e-06
-1.04819e-05
2.03181e-06
-1.06306e-05
1.13539e-06
-1.06357e-05
2.62335e-07
-1.05036e-05
-5.97572e-07
-1.02242e-05
-1.51887e-06
-9.76775e-06
-2.57676e-06
-9.04882e-06
-3.81659e-06
-7.90629e-06
-5.18066e-06
-6.15089e-06
-6.35617e-06
-3.74618e-06
-6.60091e-06
-1.23667e-06
-4.83288e-06
-9.80322e-07
-1.5133e-06
2.14713e-06
-3.29803e-06
4.16898e-06
-5.09695e-06
5.73446e-06
-6.5823e-06
6.49109e-06
-7.58971e-06
6.28421e-06
-8.15401e-06
5.39698e-06
-8.41376e-06
4.23316e-06
-8.49216e-06
3.06733e-06
-8.46424e-06
2.00389e-06
-8.3826e-06
1.05374e-06
-8.30413e-06
1.83864e-07
-8.21135e-06
-6.90352e-07
-8.11178e-06
-1.61844e-06
-8.00924e-06
-2.6793e-06
-7.86085e-06
-3.96498e-06
-7.51937e-06
-5.52213e-06
-6.66748e-06
-7.20806e-06
-4.88145e-06
-8.38694e-06
-2.12133e-06
-7.59301e-06
-3.10165e-06
-1.70504e-06
3.85217e-06
-3.4373e-06
5.90124e-06
-4.93193e-06
7.22909e-06
-5.97144e-06
7.5306e-06
-6.50756e-06
6.82033e-06
-6.66379e-06
5.55321e-06
-6.61495e-06
4.18432e-06
-6.49507e-06
2.94745e-06
-6.38039e-06
1.88921e-06
-6.29167e-06
9.65019e-07
-6.20764e-06
9.98331e-08
-6.11585e-06
-7.82141e-07
-6.01731e-06
-1.71698e-06
-5.93889e-06
-2.75772e-06
-5.92796e-06
-3.97591e-06
-5.97726e-06
-5.47283e-06
-5.8648e-06
-7.32052e-06
-4.99582e-06
-9.25592e-06
-2.72142e-06
-9.8674e-06
-5.82307e-06
-1.58117e-06
5.43334e-06
-3.07361e-06
7.39368e-06
-4.21698e-06
8.37246e-06
-4.88556e-06
8.19918e-06
-5.1131e-06
7.04788e-06
-5.07888e-06
5.51898e-06
-4.97081e-06
4.07626e-06
-4.89797e-06
2.87461e-06
-4.87575e-06
1.86699e-06
-4.86329e-06
9.52561e-07
-4.81784e-06
5.43815e-08
-4.73676e-06
-8.63225e-07
-4.61376e-06
-1.83997e-06
-4.4625e-06
-2.90898e-06
-4.33201e-06
-4.10641e-06
-4.30989e-06
-5.49495e-06
-4.41196e-06
-7.21845e-06
-4.24608e-06
-9.4218e-06
-2.81801e-06
-1.12955e-05
-8.64108e-06
-1.28742e-06
6.72076e-06
-2.44781e-06
8.55406e-06
-3.26482e-06
9.18948e-06
-3.66918e-06
8.60353e-06
-3.7431e-06
7.1218e-06
-3.67558e-06
5.45147e-06
-3.61929e-06
4.01997e-06
-3.62044e-06
2.87576e-06
-3.64594e-06
1.89249e-06
-3.65477e-06
9.61388e-07
-3.63578e-06
3.53939e-08
-3.58576e-06
-9.13246e-07
-3.50307e-06
-1.92266e-06
-3.38073e-06
-3.03132e-06
-3.21746e-06
-4.26968e-06
-3.05772e-06
-5.65469e-06
-3.02564e-06
-7.25053e-06
-3.10525e-06
-9.34219e-06
-2.4813e-06
-1.19194e-05
-1.11224e-05
-9.2949e-07
7.65025e-06
-1.72546e-06
9.35004e-06
-2.26042e-06
9.72443e-06
-2.50013e-06
8.84324e-06
-2.52228e-06
7.14395e-06
-2.48323e-06
5.41241e-06
-2.47869e-06
4.01543e-06
-2.5087e-06
2.90577e-06
-2.53489e-06
1.91868e-06
-2.54013e-06
9.66629e-07
-2.52916e-06
2.44244e-08
-2.50439e-06
-9.38021e-07
-2.46685e-06
-1.96019e-06
-2.40808e-06
-3.09009e-06
-2.30753e-06
-4.37023e-06
-2.14882e-06
-5.8134e-06
-1.99886e-06
-7.40049e-06
-2.02969e-06
-9.31137e-06
-1.87914e-06
-1.207e-05
-1.30015e-05
-5.46315e-07
8.19657e-06
-9.98977e-07
9.8027e-06
-1.29672e-06
1.00222e-05
-1.43243e-06
8.97896e-06
-1.44959e-06
7.16111e-06
-1.44401e-06
5.40683e-06
-1.46264e-06
4.03406e-06
-1.49259e-06
2.93572e-06
-1.51218e-06
1.93827e-06
-1.51987e-06
9.74324e-07
-1.52077e-06
2.53155e-08
-1.51836e-06
-9.40428e-07
-1.51505e-06
-1.9635e-06
-1.50682e-06
-3.09832e-06
-1.47619e-06
-4.40086e-06
-1.39204e-06
-5.89756e-06
-1.26591e-06
-7.52661e-06
-1.24111e-06
-9.33617e-06
-1.26367e-06
-1.20474e-05
-1.42652e-05
-1.60939e-07
8.35751e-06
-3.10213e-07
9.95197e-06
-3.99044e-07
1.0111e-05
-4.53842e-07
9.03376e-06
-4.71329e-07
7.1786e-06
-4.89638e-07
5.42514e-06
-5.145e-07
4.05893e-06
-5.3522e-07
2.95644e-06
-5.50185e-07
1.95324e-06
-5.65162e-07
9.89302e-07
-5.83413e-07
4.35666e-08
-6.06071e-07
-9.17771e-07
-6.36284e-07
-1.93329e-06
-6.71995e-07
-3.06261e-06
-7.01019e-07
-4.37183e-06
-6.99592e-07
-5.89898e-06
-6.69036e-07
-7.55717e-06
-6.7917e-07
-9.32603e-06
-7.91997e-07
-1.19346e-05
-1.50572e-05
2.14254e-07
8.14325e-06
3.52583e-07
9.81365e-06
4.68936e-07
9.99465e-06
4.8832e-07
9.01437e-06
4.66044e-07
7.20087e-06
4.29599e-07
5.46158e-06
4.0553e-07
4.083e-06
3.95745e-07
2.96622e-06
3.8497e-07
1.96401e-06
3.62768e-07
1.0115e-06
3.2635e-07
7.99839e-08
2.75628e-07
-8.67049e-07
2.08833e-07
-1.8665e-06
1.28844e-07
-2.98262e-06
4.46566e-08
-4.28764e-06
-3.35383e-08
-5.82079e-06
-1.20133e-07
-7.47057e-06
-2.44221e-07
-9.20194e-06
-4.60413e-07
-1.17184e-05
-1.55176e-05
5.83566e-07
7.55969e-06
9.95773e-07
9.40144e-06
1.31185e-06
9.67858e-06
1.43652e-06
8.8897e-06
1.41628e-06
7.22112e-06
1.36252e-06
5.51534e-06
1.3367e-06
4.10881e-06
1.33437e-06
2.96855e-06
1.32768e-06
1.9707e-06
1.29985e-06
1.03933e-06
1.24697e-06
1.32865e-07
1.16704e-06
-7.8712e-07
1.06247e-06
-1.76192e-06
9.35636e-07
-2.85579e-06
7.8712e-07
-4.13913e-06
6.14382e-07
-5.64805e-06
4.03917e-07
-7.26011e-06
1.36497e-07
-8.93452e-06
-2.25253e-07
-1.13566e-05
-1.57429e-05
9.38797e-07
6.62089e-06
1.61018e-06
8.73006e-06
2.11795e-06
9.1708e-06
2.39777e-06
8.60988e-06
2.43296e-06
7.18593e-06
2.37748e-06
5.57082e-06
2.33606e-06
4.15023e-06
2.32451e-06
2.98011e-06
2.31475e-06
1.98047e-06
2.2825e-06
1.07157e-06
2.21711e-06
1.98255e-07
2.11354e-06
-6.83542e-07
1.97418e-06
-1.62257e-06
1.79935e-06
-2.68096e-06
1.58094e-06
-3.92072e-06
1.30021e-06
-5.36732e-06
9.33175e-07
-6.89307e-06
4.92704e-07
-8.49405e-06
-4.41316e-08
-1.08198e-05
-1.5787e-05
1.23295e-06
5.38794e-06
2.16835e-06
7.79467e-06
2.87739e-06
8.46175e-06
3.35137e-06
8.1359e-06
3.52627e-06
7.01103e-06
3.52555e-06
5.57154e-06
3.4813e-06
4.19448e-06
3.44845e-06
3.01295e-06
3.42036e-06
2.00856e-06
3.3749e-06
1.11703e-06
3.29669e-06
2.76474e-07
3.17575e-06
-5.62602e-07
3.00715e-06
-1.45398e-06
2.78132e-06
-2.45512e-06
2.47847e-06
-3.61787e-06
2.06167e-06
-4.95052e-06
1.49922e-06
-6.33062e-06
8.47041e-07
-7.84188e-06
9.64065e-08
-1.00692e-05
-1.56906e-05
1.39973e-06
3.98821e-06
2.58975e-06
6.60465e-06
3.52369e-06
7.52782e-06
4.22934e-06
7.43024e-06
4.63486e-06
6.60551e-06
4.79465e-06
5.41175e-06
4.82309e-06
4.16605e-06
4.80305e-06
3.03299e-06
4.76306e-06
2.04855e-06
4.69974e-06
1.18036e-06
4.59984e-06
3.76368e-07
4.45126e-06
-4.14013e-07
4.24125e-06
-1.24397e-06
3.94593e-06
-2.1598e-06
3.52668e-06
-3.19863e-06
2.93396e-06
-4.3578e-06
2.14267e-06
-5.53932e-06
1.24976e-06
-6.94897e-06
2.22661e-07
-9.04206e-06
-1.54679e-05
1.36705e-06
2.62116e-06
2.748e-06
5.22369e-06
3.93021e-06
6.34561e-06
4.912e-06
6.44846e-06
5.62334e-06
5.89417e-06
6.05829e-06
4.9768e-06
6.28314e-06
3.9412e-06
6.375e-06
2.94113e-06
6.38492e-06
2.03863e-06
6.33198e-06
1.23329e-06
6.21385e-06
4.945e-07
6.01766e-06
-2.1783e-07
5.73234e-06
-9.58647e-07
5.32058e-06
-1.74804e-06
4.72894e-06
-2.60699e-06
3.91396e-06
-3.54281e-06
2.88731e-06
-4.51267e-06
1.76904e-06
-5.8307e-06
4.19553e-07
-7.69257e-06
-1.50484e-05
1.06852e-06
1.55264e-06
2.48216e-06
3.81005e-06
3.91026e-06
4.91751e-06
5.2101e-06
5.14863e-06
6.27674e-06
4.82752e-06
7.0663e-06
4.18724e-06
7.59735e-06
3.41015e-06
7.91778e-06
2.6207e-06
8.07711e-06
1.87931e-06
8.10574e-06
1.20466e-06
8.01299e-06
5.87251e-07
7.77302e-06
2.2133e-08
7.39481e-06
-5.8043e-07
6.82463e-06
-1.17787e-06
6.02152e-06
-1.80388e-06
4.96876e-06
-2.49005e-06
3.7185e-06
-3.26242e-06
2.39727e-06
-4.50946e-06
8.07174e-07
-6.10248e-06
-1.42412e-05
4.85329e-07
1.06731e-06
1.76809e-06
2.52729e-06
3.36805e-06
3.31755e-06
4.97599e-06
3.54068e-06
6.40171e-06
3.40181e-06
7.56053e-06
3.02842e-06
8.43558e-06
2.5351e-06
9.04593e-06
2.01035e-06
9.42006e-06
1.50517e-06
9.58509e-06
1.03963e-06
9.5575e-06
6.14846e-07
9.35797e-06
2.2166e-07
8.93919e-06
-1.61652e-07
8.29282e-06
-5.31498e-07
7.38776e-06
-8.98814e-07
6.21304e-06
-1.31533e-06
4.78467e-06
-1.83405e-06
3.14866e-06
-2.87346e-06
1.295e-06
-4.24882e-06
-1.29462e-05
-7.71868e-07
1.83918e-06
2.5628e-07
1.49914e-06
2.10076e-06
1.47307e-06
4.03571e-06
1.60573e-06
5.79491e-06
1.6426e-06
7.29649e-06
1.52684e-06
8.49927e-06
1.33232e-06
9.40155e-06
1.10807e-06
1.00261e-05
8.80615e-07
1.04015e-05
6.64196e-07
1.05533e-05
4.63075e-07
1.04976e-05
2.77355e-07
1.02343e-05
1.01626e-07
9.77327e-06
-7.04269e-08
9.11644e-06
-2.41983e-07
8.22775e-06
-4.26637e-07
6.95294e-06
-5.59243e-07
5.07017e-06
-9.90683e-07
2.31487e-06
-1.49352e-06
-1.06313e-05
1.83918e-06
3.33832e-06
4.81139e-06
6.41712e-06
8.05972e-06
9.58656e-06
1.09189e-05
1.2027e-05
1.29076e-05
1.35718e-05
1.40348e-05
1.43122e-05
1.44138e-05
1.43434e-05
1.41014e-05
1.36748e-05
1.31155e-05
1.21248e-05
1.06313e-05
)
;

boundaryField
{
    movingWall
    {
        type            calculated;
        value           uniform 0;
    }
    fixedWalls
    {
        type            calculated;
        value           uniform 0;
    }
    frontAndBack
    {
        type            empty;
    }
}


// ************************************************************************* //
