/*--------------------------------*- C++ -*----------------------------------*\
| =========                 |                                                 |
| \\      /  F ield         | OpenFOAM: The Open Source CFD Toolbox           |
|  \\    /   O peration     | Version:  2412                                  |
|   \\  /    A nd           | Website:  www.openfoam.com                      |
|    \\/     M anipulation  |                                                 |
\*---------------------------------------------------------------------------*/
FoamFile
{
    version     2.0;
    format      ascii;
    arch        "LSB;label=32;scalar=64";
    class       volScalarField;
    location    "9.75";
    object      epsilon;
}
// * * * * * * * * * * * * * * * * * * * * * * * * * * * * * * * * * * * * * //

dimensions      [0 2 -3 0 0 0 0];

internalField   nonuniform List<scalar> 
1600
(
0.000681369
0.000859183
0.00117606
0.00149909
0.00170884
0.00182456
0.00199428
0.00224346
0.00254165
0.00300946
0.00429739
0.00889815
0.0172681
0.0294281
0.043375
0.056939
0.0685186
0.0770151
0.0814248
0.0831728
0.0833613
0.0804516
0.0763912
0.0709688
0.0653734
0.0593232
0.0533785
0.0475715
0.0418371
0.0359692
0.0299687
0.0238042
0.0190054
0.0166447
0.0149444
0.0135552
0.0116977
0.00855459
0.00454992
0.00196032
0.00153626
0.000882235
0.000639721
0.000581051
0.000622441
0.0008103
0.00132469
0.00235566
0.00393619
0.00661358
0.0111826
0.0166683
0.021538
0.0265386
0.0291997
0.0299578
0.0295374
0.0273132
0.0247288
0.0221009
0.019929
0.0186612
0.0181952
0.0181571
0.0185346
0.0191174
0.0199564
0.0208371
0.0214056
0.0215993
0.0209426
0.0192466
0.0163423
0.0128763
0.00925355
0.00635642
0.00497391
0.00399281
0.00261069
0.0023573
0.00316386
0.00146514
0.000875157
0.000729146
0.000896669
0.00157766
0.00308469
0.00569504
0.00935784
0.0128742
0.0150522
0.0167362
0.0176394
0.0166684
0.0144244
0.0130509
0.0111073
0.00968119
0.00850553
0.00785234
0.00755044
0.0074718
0.00771504
0.00825512
0.0091398
0.010387
0.0120569
0.0141099
0.0162904
0.0182866
0.0192853
0.0195531
0.0182656
0.0155054
0.0109291
0.00653008
0.00365522
0.00234371
0.00172841
0.00298705
0.00482649
0.00197424
0.00130028
0.00134779
0.0020806
0.00392718
0.00693501
0.0101872
0.0122523
0.013169
0.0135166
0.0126973
0.0098416
0.00841809
0.00654805
0.00549433
0.00436905
0.00380936
0.00333605
0.00311567
0.00301533
0.00299075
0.00311225
0.00334615
0.00372894
0.00432115
0.00522938
0.00663519
0.00886281
0.0119521
0.0153885
0.0179527
0.0190085
0.0190384
0.0157661
0.00979225
0.00459872
0.00212203
0.00145597
0.00359535
0.00593832
0.00244246
0.00208246
0.00267189
0.00436532
0.00720824
0.010051
0.0113554
0.0117156
0.0112953
0.00905891
0.00674334
0.0050264
0.00392593
0.00291928
0.00242086
0.00197529
0.00176885
0.00161766
0.00155098
0.00152468
0.00152211
0.00159244
0.00168737
0.0018599
0.00211712
0.00252549
0.00316915
0.0042193
0.0059891
0.00911887
0.0138528
0.0182763
0.020379
0.0208766
0.0169611
0.00873865
0.00318438
0.00164295
0.00394058
0.00658408
0.0032481
0.00338072
0.00463213
0.00700063
0.00945073
0.0104866
0.0106794
0.00961137
0.00704339
0.00489364
0.00348024
0.00253919
0.00195265
0.00154863
0.0013529
0.00119992
0.00112922
0.00107597
0.00105204
0.00104288
0.00104286
0.00107661
0.00112596
0.00121865
0.00135878
0.00157735
0.00191144
0.00244057
0.00331196
0.00482774
0.00763082
0.0131048
0.0195517
0.0226142
0.023306
0.0173717
0.00705371
0.00260971
0.00420774
0.00708102
0.00445626
0.00508166
0.00673793
0.00882292
0.00974813
0.00988113
0.00859817
0.00589798
0.00392711
0.00264052
0.00190668
0.0014452
0.00119023
0.00102294
0.000935012
0.00085298
0.000812073
0.000773094
0.000755595
0.000749041
0.000751373
0.000780077
0.000821312
0.000892366
0.000993405
0.00114455
0.00136536
0.00169642
0.00220886
0.00306714
0.00457518
0.00749878
0.0135866
0.0218484
0.0254648
0.025741
0.0148941
0.00531088
0.0048154
0.00777578
0.00590745
0.00686266
0.00842826
0.00925222
0.00933598
0.00817072
0.0055104
0.00338451
0.00224624
0.00154779
0.00120022
0.000968692
0.000846261
0.00074378
0.000680084
0.000618935
0.000584986
0.000555565
0.000542302
0.000537438
0.000539328
0.000559554
0.000589121
0.000639201
0.000712433
0.000823608
0.000993449
0.00125625
0.0016484
0.00223711
0.00317838
0.00486915
0.00827397
0.0156778
0.0255647
0.0293901
0.025349
0.00998683
0.00580794
0.00944601
0.0074997
0.00847193
0.00909055
0.0090831
0.0081545
0.00564755
0.00325671
0.00202942
0.00139888
0.00103669
0.0008577
0.000716344
0.00063467
0.00055546
0.000508249
0.000464569
0.000441441
0.000423754
0.000416299
0.00041415
0.000419603
0.000434909
0.000457631
0.000491747
0.00053941
0.000608174
0.000709404
0.000868708
0.00114684
0.00162479
0.00239395
0.00360426
0.00574227
0.0102098
0.0202013
0.030468
0.0331254
0.0186883
0.0076437
0.0128521
0.00904709
0.00934619
0.00926353
0.00842245
0.00617742
0.00356035
0.00203158
0.00132432
0.000974374
0.000771673
0.000656405
0.000551728
0.000490154
0.000431052
0.00039861
0.00036831
0.000352879
0.000341716
0.000337302
0.000336472
0.000343575
0.000357347
0.000378538
0.00040881
0.000449564
0.000503734
0.000576403
0.000679166
0.000839904
0.00111926
0.0016589
0.00267664
0.00440443
0.00753086
0.0141439
0.0289905
0.0370066
0.0313065
0.00927886
0.0169367
0.010326
0.00995793
0.00900548
0.00707365
0.0043712
0.00229339
0.00137003
0.000950397
0.000743585
0.000610186
0.000518863
0.000439307
0.000393013
0.000349852
0.000325877
0.000302774
0.00029001
0.000280144
0.000275871
0.000274756
0.000279616
0.000291125
0.000309179
0.000335903
0.000372577
0.000421878
0.000487055
0.000573777
0.000693655
0.000876369
0.00119856
0.00184785
0.0032133
0.00583557
0.0110175
0.0223969
0.0390925
0.0431257
0.0155505
0.0212696
0.011177
0.0099831
0.0083698
0.00565875
0.00294151
0.00158221
0.00100099
0.000737322
0.000602007
0.000497508
0.000422418
0.000362859
0.000326645
0.000293267
0.000272635
0.000252728
0.000240166
0.000230041
0.000225274
0.000223675
0.0002263
0.000236016
0.000251315
0.000274599
0.000306813
0.000350288
0.000407875
0.000484267
0.000587879
0.000736323
0.000972143
0.00140539
0.00231132
0.00430041
0.00850419
0.0178702
0.0395057
0.0529229
0.0319581
0.0257077
0.0117572
0.00980169
0.00740982
0.00434752
0.00210095
0.00116931
0.000783859
0.000607016
0.000504191
0.000415936
0.000355311
0.000309373
0.000278617
0.000250447
0.000230742
0.00021228
0.00019938
0.00018899
0.000183861
0.000181939
0.000183068
0.00019134
0.000204683
0.000225418
0.000254582
0.000294182
0.000346501
0.000414664
0.000503798
0.00062487
0.000805858
0.0011236
0.00178637
0.00331444
0.00679539
0.0147544
0.0347163
0.0631106
0.0589278
0.0300753
0.0120693
0.00936726
0.00645838
0.00329929
0.00158484
0.00091988
0.000648558
0.000520162
0.000432691
0.000357176
0.000307903
0.000269926
0.00024186
0.00021637
0.000196859
0.00017924
0.000166175
0.000155908
0.000150486
0.000148366
0.000148488
0.0001552
0.00016669
0.000184818
0.00021094
0.00024712
0.000295872
0.00036027
0.000444279
0.000554287
0.000704709
0.000937341
0.00138711
0.00244918
0.00520061
0.0119215
0.0288723
0.0704295
0.0919413
0.0346273
0.0122315
0.00875766
0.00556775
0.00259075
0.00126023
0.000763236
0.000559348
0.000458824
0.000379719
0.000314872
0.000273191
0.000239542
0.000212868
0.000188882
0.000169555
0.000152672
0.000139791
0.000129941
0.00012437
0.000122071
0.00012189
0.00012711
0.000136939
0.000152608
0.000175627
0.000208051
0.000252499
0.000312135
0.00039083
0.000494152
0.000633195
0.000837092
0.00119377
0.00200684
0.00421725
0.0102941
0.0265433
0.0721151
0.125997
0.0393915
0.012326
0.00812303
0.00480982
0.00212587
0.0010493
0.000660646
0.000499246
0.000414008
0.000340709
0.000284154
0.000246972
0.000215708
0.000189901
0.000166937
0.000147983
0.000131868
0.000119441
0.000110128
0.000104639
0.000102301
0.000101982
0.000106039
0.000114396
0.00012792
0.000148153
0.000177216
0.000217909
0.000273635
0.000348216
0.000445933
0.000573207
0.000746981
0.00102666
0.00161091
0.00322455
0.00826143
0.0236006
0.0721976
0.15802
0.0440991
0.0124203
0.00755429
0.00423313
0.00182394
0.000913712
0.000593373
0.000458628
0.000381142
0.000312259
0.000261465
0.000226816
0.000197061
0.00017196
0.000149847
0.000131433
0.000116103
0.000104261
9.55162e-05
9.02175e-05
8.79101e-05
8.75186e-05
9.0696e-05
9.77625e-05
0.000109399
0.000127055
0.000152833
0.000189645
0.00024124
0.000312087
0.000407226
0.000532779
0.000700279
0.000946856
0.00142498
0.00273525
0.00698996
0.0210678
0.071119
0.186877
0.0485532
0.0125491
0.00705987
0.00379966
0.00161727
0.000820879
0.000547812
0.000430592
0.000357157
0.000291845
0.00024491
0.000211668
0.000182916
0.000158401
0.000137031
0.000119224
0.000104638
9.33938e-05
8.51671e-05
8.00666e-05
7.78039e-05
7.73789e-05
7.99232e-05
8.59454e-05
9.60509e-05
0.000111568
0.000134523
0.000167832
0.000215386
0.00028195
0.000372833
0.000493622
0.000652478
0.000873881
0.00125792
0.0022491
0.00578693
0.0187269
0.0688726
0.211411
0.0526226
0.0127831
0.00672723
0.00352742
0.00150065
0.000768147
0.000520099
0.000412593
0.000340746
0.000277852
0.000232892
0.000200303
0.000172407
0.000148548
0.000127915
0.000110732
9.67966e-05
8.60774e-05
7.8277e-05
7.33223e-05
7.10675e-05
7.06185e-05
7.27045e-05
7.79034e-05
8.67829e-05
0.000100549
0.000121113
0.000151355
0.000195289
0.000258153
0.000346154
0.000465778
0.000624404
0.000838147
0.00117882
0.0020103
0.00498429
0.0167196
0.0665426
0.232022
0.0562969
0.0130895
0.00646377
0.00333928
0.001421
0.000729083
0.000502073
0.000401091
0.000330104
0.000268877
0.000225197
0.000193093
0.000165729
0.000142251
0.000122112
0.000105404
9.19757e-05
8.16869e-05
7.4227e-05
6.93715e-05
6.70726e-05
6.66299e-05
6.84758e-05
7.30481e-05
8.09253e-05
9.32235e-05
0.000111874
0.000139541
0.000180179
0.000239231
0.000323397
0.000439845
0.000596137
0.000804166
0.00111144
0.0017866
0.00433436
0.0150849
0.0634693
0.248734
0.058989
0.013812
0.00645932
0.0033031
0.00142468
0.000722833
0.000495776
0.000396508
0.000325097
0.000264588
0.000220548
0.000187991
0.000161171
0.000138434
0.000119024
0.000102916
8.99675e-05
7.99937e-05
7.27135e-05
6.78742e-05
6.53775e-05
6.49432e-05
6.66735e-05
7.08232e-05
7.80974e-05
8.94701e-05
0.000106574
0.000132006
0.000169699
0.000225586
0.000306583
0.000420981
0.000577635
0.000787207
0.00107965
0.00167519
0.00387159
0.0138376
0.0608023
0.262181
0.0599926
0.0150695
0.00656
0.00333994
0.00145734
0.000732641
0.00049842
0.000397766
0.000325947
0.000265342
0.000220845
0.000187949
0.000161121
0.000138518
0.000119268
0.000103286
9.0425e-05
8.04901e-05
7.3206e-05
6.83107e-05
6.56295e-05
6.50438e-05
6.6441e-05
7.02365e-05
7.71725e-05
8.80756e-05
0.000104268
0.000128395
0.000164175
0.000216848
0.000294002
0.000405585
0.000561175
0.000773452
0.00106137
0.00158373
0.00351107
0.012906
0.0584709
0.272776
0.0594335
0.0165584
0.0068296
0.00344932
0.00153464
0.000760441
0.000507112
0.000402162
0.000329437
0.000268457
0.000222977
0.000189371
0.000162402
0.00013988
0.000120829
0.000105012
9.22597e-05
8.23709e-05
7.50859e-05
7.01532e-05
6.74086e-05
6.69003e-05
6.80842e-05
7.14466e-05
7.79082e-05
8.81334e-05
0.000103795
0.000127253
0.000162043
0.000212782
0.000287553
0.000396262
0.000550581
0.000767034
0.00105471
0.00154083
0.00323859
0.0121762
0.0573232
0.281697
0.0574869
0.0181012
0.0073711
0.00368116
0.00168584
0.000818145
0.000525263
0.000411531
0.000337493
0.000275758
0.000228347
0.000193232
0.000165778
0.000143259
0.000124435
0.000108827
9.62016e-05
8.63427e-05
7.90134e-05
7.39833e-05
7.11014e-05
7.05693e-05
7.16604e-05
7.48291e-05
8.11667e-05
9.12268e-05
0.000106387
0.000128834
0.000161974
0.000211658
0.000285098
0.000391814
0.000545107
0.000764867
0.00105405
0.00152265
0.00304755
0.0116046
0.0568372
0.289259
0.0533173
0.0194637
0.0081233
0.00405414
0.00191167
0.000920211
0.000561996
0.000427326
0.000348682
0.000285758
0.000236729
0.000200136
0.000171952
0.000149224
0.000130419
0.000114863
0.000102238
9.23145e-05
8.48727e-05
7.97091e-05
7.66592e-05
7.61313e-05
7.72001e-05
8.03121e-05
8.66427e-05
9.67471e-05
0.000111916
0.000134295
0.000167102
0.000215205
0.000285642
0.000390664
0.000543257
0.000767716
0.00106852
0.00151925
0.00292061
0.0111254
0.0567773
0.296056
0.0468096
0.0201115
0.0090186
0.00458179
0.00223027
0.00106976
0.000617233
0.000452353
0.000367555
0.00030266
0.000250811
0.00021142
0.000181433
0.00015781
0.000138645
0.000122957
0.000110254
0.00010024
9.26863e-05
8.74209e-05
8.42202e-05
8.37748e-05
8.48852e-05
8.80653e-05
9.45705e-05
0.000104952
0.000120415
0.000143022
0.00017575
0.000223553
0.000293196
0.000396476
0.000547122
0.000777996
0.00108989
0.00153729
0.00286136
0.0107774
0.0573176
0.302234
0.0385913
0.0198715
0.00990265
0.00525622
0.0026804
0.00130896
0.000715365
0.000488489
0.000387242
0.000319746
0.000266512
0.000225185
0.000193553
0.000168915
0.000149228
0.000133285
0.000120436
0.00011031
0.000102653
9.73497e-05
9.40388e-05
9.38115e-05
9.50389e-05
9.84337e-05
0.00010535
0.000116278
0.000132371
0.000155657
0.000188865
0.000236829
0.000305544
0.000408066
0.000557892
0.000795689
0.00112327
0.00156698
0.00282091
0.0105884
0.0582501
0.308069
0.0294314
0.0189014
0.010702
0.00603008
0.00323462
0.00163311
0.000867728
0.000556151
0.000423129
0.000346497
0.000289141
0.000244313
0.000209853
0.000183334
0.000162582
0.000146102
0.000133
0.000122769
0.000115054
0.000109828
0.000106558
0.000106658
0.000108153
0.00011198
0.000119622
0.000131409
0.000148488
0.000172883
0.000206982
0.000255718
0.000324261
0.000427067
0.000576649
0.00082276
0.00116763
0.00161372
0.00280592
0.0105078
0.0593415
0.313669
0.0202421
0.0167149
0.011174
0.00692457
0.00398445
0.00211771
0.00111198
0.000657231
0.000468503
0.000375249
0.000314051
0.000266997
0.000230238
0.000201797
0.000179711
0.000162414
0.000148846
0.000138407
0.000130624
0.000125479
0.000122607
0.000122982
0.00012498
0.000129657
0.000138312
0.000151349
0.000169794
0.000195727
0.000231081
0.00028112
0.000349867
0.00045401
0.000604221
0.000861033
0.00122556
0.00167369
0.00280328
0.0104838
0.0608404
0.31923
0.0123508
0.013298
0.0111366
0.00756509
0.00473024
0.0027227
0.00149147
0.000854444
0.000561096
0.000423834
0.00034751
0.000295076
0.000255145
0.000224247
0.000200476
0.000182213
0.000168209
0.000157676
0.000150108
0.0001451
0.000143188
0.000143998
0.000146769
0.000152773
0.000162819
0.000177518
0.000197656
0.000225479
0.000262277
0.000314038
0.000383357
0.000490242
0.000642881
0.000913464
0.00129808
0.00174991
0.00283492
0.0104943
0.0624483
0.324875
0.00665042
0.0100502
0.0104146
0.0085179
0.00565104
0.00347181
0.00200684
0.00114881
0.000711535
0.000503522
0.000395566
0.000331096
0.000286687
0.000253457
0.000227879
0.000208299
0.000193519
0.000182577
0.000175412
0.000170435
0.000170101
0.000171525
0.000175375
0.00018321
0.000194965
0.000211603
0.000233532
0.000263374
0.000301517
0.000355289
0.000425484
0.000536873
0.000694296
0.000982581
0.00138605
0.00183892
0.00288669
0.010603
0.0642918
0.330804
0.00331067
0.00682309
0.0091515
0.00844874
0.00649243
0.00435138
0.00272399
0.00163943
0.000994285
0.000651845
0.000479787
0.000383965
0.000325133
0.000286135
0.000258841
0.000238945
0.000224577
0.000214207
0.00020759
0.000204155
0.00020473
0.000207217
0.000212767
0.000222487
0.000235974
0.00025452
0.000277959
0.000309679
0.000348789
0.000404921
0.000476617
0.000595321
0.000761385
0.00107111
0.00148881
0.00194214
0.00298027
0.0108023
0.0662097
0.33716
0.00195195
0.00422775
0.00761711
0.00800479
0.00708281
0.00519994
0.00353895
0.00230012
0.00146871
0.000948032
0.000652645
0.000491195
0.000397134
0.000338516
0.000300127
0.00027497
0.000258642
0.000249112
0.000243054
0.000243047
0.00024469
0.000248911
0.000256957
0.000268792
0.000284006
0.000304435
0.000329044
0.000362684
0.000402633
0.000462596
0.000538254
0.000669428
0.000848913
0.00118317
0.00160706
0.00206582
0.00313809
0.0112093
0.0684193
0.344106
0.00181676
0.00268997
0.0056574
0.00710975
0.00690727
0.00598707
0.00447736
0.0031596
0.0021582
0.00146347
0.000991828
0.000715421
0.000550351
0.000448562
0.000383875
0.000342338
0.000314986
0.000299616
0.000289268
0.000288689
0.000290697
0.000295925
0.000305614
0.000319474
0.000336312
0.000358946
0.000385014
0.000421923
0.00046497
0.000533396
0.000618915
0.000770232
0.000969506
0.00133042
0.0017542
0.00224391
0.00344145
0.0119617
0.0709135
0.351999
0.00190052
0.00183898
0.00377171
0.00574006
0.0064197
0.0061043
0.00530315
0.0041892
0.00314885
0.00230259
0.00166766
0.00119413
0.000894446
0.000702308
0.000577129
0.000495221
0.000440304
0.000405594
0.000384003
0.000371497
0.000369455
0.000371619
0.000377721
0.000390297
0.000407118
0.000432203
0.000461639
0.000506217
0.000558933
0.000645568
0.000751855
0.000937162
0.00116709
0.00156768
0.00200832
0.0026001
0.00410491
0.0135532
0.0751793
0.361944
0.00204148
0.00142631
0.00257645
0.00426605
0.00544529
0.00594318
0.00571818
0.00514277
0.00432846
0.00350682
0.00277518
0.00216967
0.00165916
0.0013048
0.00105962
0.000889126
0.00076967
0.000685962
0.000629617
0.000590966
0.000568605
0.000557352
0.000558728
0.000565304
0.000579581
0.000608799
0.000648125
0.000712825
0.000792707
0.000919389
0.00107509
0.00132448
0.00162452
0.00211278
0.00263473
0.00351485
0.00583219
0.0174745
0.0840359
0.376762
0.00294189
0.00188204
0.00263726
0.00392886
0.00525264
0.0061258
0.00637154
0.00620418
0.0057326
0.00506707
0.00437496
0.00373173
0.0031599
0.00266338
0.00226377
0.00195476
0.00172138
0.00154655
0.00142171
0.00133089
0.0012764
0.00123912
0.00123712
0.00124689
0.00127377
0.00131937
0.00140075
0.0015319
0.00169356
0.00193283
0.00221729
0.00262872
0.00311842
0.00385724
0.00478795
0.00663773
0.0110497
0.0276332
0.102927
0.400035
0.00535023
0.00474495
0.00638994
0.00771716
0.00892213
0.00983928
0.0103418
0.0103687
0.0101259
0.00959245
0.0089348
0.00824681
0.00760362
0.00701728
0.00650936
0.00610081
0.00578302
0.00555273
0.00540378
0.00531018
0.00530162
0.00532572
0.00538878
0.00551608
0.00568418
0.00590345
0.00617549
0.00647139
0.00692143
0.00759701
0.00838588
0.0095503
0.0109156
0.012984
0.0157618
0.0205003
0.0296534
0.0559696
0.142293
0.435112
0.0190673
0.0421869
0.059118
0.0664664
0.0687966
0.0684845
0.0669794
0.0645292
0.0616679
0.0589566
0.0565957
0.0545597
0.0528438
0.0514771
0.0503844
0.0496115
0.049044
0.048752
0.0486602
0.0487552
0.0490086
0.049474
0.0500825
0.0509188
0.0519008
0.0531526
0.0545822
0.0563321
0.058381
0.0603895
0.0634655
0.0679567
0.0730765
0.0800863
0.0879627
0.100018
0.115078
0.152418
0.242595
0.496662
0.286536
0.554372
0.73598
0.813419
0.841417
0.83988
0.828742
0.804287
0.773766
0.742707
0.71337
0.686752
0.663022
0.642111
0.623706
0.607573
0.593363
0.580894
0.569899
0.560259
0.551809
0.54447
0.538135
0.532789
0.528335
0.524814
0.522118
0.520372
0.519388
0.519509
0.519816
0.520454
0.521739
0.523589
0.527381
0.531679
0.541333
0.551852
0.604882
0.579484
)
;

boundaryField
{
    movingWall
    {
        type            epsilonWallFunction;
        blending        stepwise;
        value           nonuniform List<scalar> 
40
(
0.286536
0.554372
0.73598
0.813419
0.841417
0.83988
0.828742
0.804287
0.773766
0.742707
0.71337
0.686752
0.663022
0.642111
0.623706
0.607573
0.593363
0.580894
0.569899
0.560259
0.551809
0.54447
0.538135
0.532789
0.528335
0.524814
0.522118
0.520372
0.519388
0.519509
0.519816
0.520454
0.521739
0.523589
0.527381
0.531679
0.541333
0.551852
0.604882
0.579484
)
;
    }
    fixedWalls
    {
        type            epsilonWallFunction;
        blending        stepwise;
        value           nonuniform List<scalar> 
120
(
0.000681369
0.00153626
0.00316386
0.00482649
0.00593832
0.00658408
0.00708102
0.00777578
0.00944601
0.0128521
0.0169367
0.0212696
0.0257077
0.0300753
0.0346273
0.0393915
0.0440991
0.0485532
0.0526226
0.0562969
0.058989
0.0599926
0.0594335
0.0574869
0.0533173
0.0468096
0.0385913
0.0294314
0.0202421
0.0123508
0.00665042
0.00331067
0.00195195
0.00181676
0.00190052
0.00204148
0.00294189
0.00535023
0.0190673
0.286536
0.00196032
0.0023573
0.00298705
0.00359535
0.00394058
0.00420774
0.0048154
0.00580794
0.0076437
0.00927886
0.0155505
0.0319581
0.0589278
0.0919413
0.125997
0.15802
0.186877
0.211411
0.232022
0.248734
0.262181
0.272776
0.281697
0.289259
0.296056
0.302234
0.308069
0.313669
0.31923
0.324875
0.330804
0.33716
0.344106
0.351999
0.361944
0.376762
0.400035
0.435112
0.496662
0.579484
0.000681369
0.000859183
0.00117606
0.00149909
0.00170884
0.00182456
0.00199428
0.00224346
0.00254165
0.00300946
0.00429739
0.00889815
0.0172681
0.0294281
0.043375
0.056939
0.0685186
0.0770151
0.0814248
0.0831728
0.0833613
0.0804516
0.0763912
0.0709688
0.0653734
0.0593232
0.0533785
0.0475715
0.0418371
0.0359692
0.0299687
0.0238042
0.0190054
0.0166447
0.0149444
0.0135552
0.0116977
0.00855459
0.00454992
0.00196032
)
;
    }
    frontAndBack
    {
        type            empty;
    }
}


// ************************************************************************* //
