/*--------------------------------*- C++ -*----------------------------------*\
| =========                 |                                                 |
| \\      /  F ield         | OpenFOAM: The Open Source CFD Toolbox           |
|  \\    /   O peration     | Version:  2412                                  |
|   \\  /    A nd           | Website:  www.openfoam.com                      |
|    \\/     M anipulation  |                                                 |
\*---------------------------------------------------------------------------*/
FoamFile
{
    version     2.0;
    format      ascii;
    arch        "LSB;label=32;scalar=64";
    class       volScalarField;
    location    "9.75";
    object      k;
}
// * * * * * * * * * * * * * * * * * * * * * * * * * * * * * * * * * * * * * //

dimensions      [0 2 -2 0 0 0 0];

internalField   nonuniform List<scalar> 
1600
(
0.000165318
0.000192955
0.000237876
0.000279647
0.000305155
0.000318777
0.000338242
0.000365854
0.000397587
0.000444983
0.000564275
0.000916691
0.00142622
0.00203482
0.00263536
0.00315949
0.00357448
0.00386416
0.00401026
0.00406743
0.00407357
0.00397818
0.00384317
0.00365907
0.00346411
0.00324693
0.00302621
0.00280254
0.00257253
0.00232597
0.0020595
0.00176638
0.00152022
0.00139158
0.00129514
0.00121358
0.00110001
0.000892879
0.000586124
0.000334352
0.000284257
0.000230925
0.000215168
0.000213418
0.000224688
0.000272043
0.000385792
0.000539991
0.000736591
0.00104078
0.00140191
0.00176448
0.00202132
0.00222295
0.00236132
0.00239589
0.00238826
0.0023305
0.00227834
0.00224574
0.00223337
0.00223945
0.00231335
0.00240494
0.00253413
0.00267794
0.00283253
0.00296577
0.00304251
0.0030701
0.00302157
0.00287181
0.00261578
0.00223582
0.00174274
0.00128432
0.000924549
0.000682727
0.00047868
0.000378093
0.000460122
0.000342595
0.000315575
0.000317624
0.000360423
0.0005021
0.000780478
0.00113983
0.00149267
0.00172614
0.00183727
0.00188784
0.00191531
0.00191601
0.00174632
0.00167267
0.00157667
0.00151337
0.00146263
0.001439
0.00143104
0.00144554
0.00149253
0.00156385
0.00167625
0.00182905
0.00203114
0.00228043
0.00254893
0.00277567
0.00289476
0.00292565
0.00277677
0.00254186
0.00205241
0.00146282
0.000948007
0.000609417
0.000417293
0.000442742
0.000609734
0.000470462
0.000478931
0.000530799
0.000690124
0.001
0.00139322
0.00166701
0.00177248
0.00178729
0.00175953
0.00167989
0.00150302
0.00128694
0.00116307
0.00103045
0.000937647
0.000852807
0.000797939
0.000753509
0.000731967
0.000723105
0.000722594
0.000750294
0.000790104
0.000862622
0.000970441
0.00114067
0.00140467
0.00179822
0.00222419
0.00253788
0.00266952
0.00266211
0.00243893
0.0018151
0.00111971
0.00061688
0.000393271
0.000500976
0.000700094
0.000638757
0.000722008
0.000853389
0.00111994
0.00149034
0.00171425
0.00177715
0.00173924
0.00164273
0.00144979
0.00117142
0.000971199
0.000811476
0.000712673
0.000615227
0.000567635
0.000521535
0.000500303
0.000485791
0.000480107
0.00047867
0.000484969
0.00049612
0.000513133
0.000542084
0.000586556
0.000659568
0.000778949
0.000982851
0.0013399
0.00191051
0.00242505
0.00266223
0.00269726
0.0024551
0.00162463
0.000779244
0.000429441
0.000532552
0.000749962
0.00086722
0.00103104
0.00122306
0.00152035
0.00172189
0.00177318
0.00171265
0.00154617
0.00125012
0.000959722
0.000765223
0.000633064
0.000544404
0.000495832
0.000461941
0.000447388
0.000440011
0.00043763
0.000437057
0.000438444
0.000441309
0.000445199
0.000451322
0.000459379
0.000472275
0.00049119
0.000521366
0.000570212
0.000655303
0.000812219
0.00111383
0.00170125
0.00240559
0.00272762
0.00278
0.00243251
0.00131075
0.000592528
0.000556358
0.000787231
0.00114071
0.00136332
0.0015569
0.00172331
0.00177236
0.00170293
0.00149131
0.00113027
0.000840655
0.000644672
0.000537451
0.00047121
0.000439344
0.000424427
0.000417859
0.000415914
0.000415475
0.000416764
0.000419022
0.00042256
0.000427266
0.00043275
0.00044007
0.000448474
0.000459054
0.000472213
0.000489944
0.000515118
0.000554523
0.000624281
0.00076158
0.00104793
0.00164582
0.00246652
0.00281876
0.00284106
0.0021532
0.000933612
0.000608713
0.00083791
0.0014269
0.0016588
0.0017621
0.00180006
0.00171533
0.00149044
0.00109682
0.00077583
0.000583734
0.000482943
0.000434004
0.00041084
0.000401178
0.000397367
0.00039602
0.000395826
0.00039708
0.000400227
0.000404279
0.000410132
0.000417069
0.000425286
0.000434767
0.000445092
0.000456597
0.000469292
0.000484051
0.000502471
0.000526561
0.000563608
0.000630926
0.000771372
0.00108208
0.0017549
0.00260679
0.00292563
0.00276363
0.00135643
0.000689732
0.000953948
0.00169207
0.00187253
0.00189318
0.00176859
0.00154909
0.00114362
0.000763764
0.000557474
0.000457036
0.000411468
0.00039185
0.000383564
0.000379943
0.000378476
0.00037804
0.000379029
0.000381701
0.000385697
0.000391
0.000398028
0.000406569
0.000416915
0.000428879
0.000442108
0.000456122
0.000470371
0.000485354
0.000501487
0.000520673
0.000545282
0.000584041
0.000659543
0.000829102
0.00121483
0.00206429
0.00281386
0.00298948
0.00208957
0.000828335
0.0011713
0.00189689
0.00202
0.00190203
0.00166249
0.00125917
0.000824738
0.000563984
0.000447804
0.000398085
0.000377742
0.000369094
0.000365069
0.000362887
0.000362069
0.000361908
0.000363126
0.000365238
0.000368493
0.000373227
0.000379856
0.000388613
0.000399914
0.000413782
0.000430077
0.000448256
0.000467307
0.00048592
0.000503479
0.000521717
0.000541586
0.000568407
0.000613684
0.000713402
0.000950608
0.00148904
0.00255112
0.00303869
0.002747
0.000942618
0.0014079
0.00204543
0.00211324
0.00185722
0.00145001
0.000979183
0.000615331
0.000456513
0.000392574
0.000367632
0.000357448
0.000352597
0.000349524
0.000347419
0.000346336
0.000345471
0.00034521
0.000345231
0.000346682
0.000349825
0.000355269
0.000363438
0.000374844
0.000389722
0.000408111
0.000429733
0.000453773
0.000478818
0.000502781
0.000523672
0.000543831
0.000564639
0.000595642
0.000657569
0.000818758
0.00120043
0.00205815
0.00304001
0.00320929
0.00132989
0.0016388
0.00212343
0.00213153
0.00175039
0.00122705
0.000741199
0.00049546
0.000398136
0.000362201
0.000348473
0.000342324
0.000338411
0.000335386
0.000332782
0.00033019
0.000327031
0.000324223
0.000322379
0.000321771
0.000322689
0.000326944
0.000334255
0.000345361
0.000360641
0.000380231
0.000404105
0.000431723
0.000461992
0.000493009
0.000521992
0.00054583
0.000567323
0.000590126
0.000629796
0.000728015
0.000988879
0.00162849
0.00292612
0.0035018
0.00214969
0.00185949
0.00216631
0.00210688
0.00159614
0.00101197
0.000595869
0.00042577
0.000364452
0.000342919
0.000334139
0.00032964
0.000325629
0.00032207
0.000317902
0.000312926
0.000307241
0.000301983
0.000297676
0.000295634
0.000295124
0.000297772
0.00030442
0.000314971
0.000330215
0.000350313
0.000375468
0.000405409
0.000439352
0.000475744
0.000512106
0.00054495
0.000570337
0.000591898
0.000619801
0.000685832
0.000885951
0.00139339
0.00259525
0.00377389
0.00323253
0.00206456
0.00216379
0.00204563
0.00144497
0.00083273
0.00050482
0.000383607
0.000343243
0.000329083
0.000322692
0.000318447
0.000313878
0.000309025
0.000302679
0.000295222
0.000287249
0.000279925
0.000273825
0.000270487
0.00026928
0.000270453
0.000276468
0.000286384
0.000301203
0.000321226
0.000346829
0.000378033
0.000414357
0.000454534
0.000496312
0.000536411
0.000570806
0.000596316
0.000617871
0.00066055
0.000792681
0.00118903
0.00222488
0.00397177
0.00434852
0.00226795
0.00214409
0.00195244
0.00129926
0.000708387
0.000446352
0.000356896
0.000328815
0.000318389
0.000313131
0.00030843
0.000302879
0.000296271
0.000287745
0.000278178
0.000268423
0.000259601
0.000252353
0.000248126
0.000246499
0.000246755
0.000252
0.000261239
0.000275308
0.000294732
0.000320052
0.000351604
0.000389275
0.000432174
0.000478291
0.000524271
0.000565609
0.000597758
0.00062168
0.000650961
0.000749459
0.001076
0.00194012
0.00403259
0.00536508
0.00247148
0.00209873
0.00185364
0.00117616
0.000626235
0.000408046
0.000339262
0.000318461
0.000310106
0.00030493
0.000299417
0.000292624
0.000284246
0.000273915
0.00026279
0.000251844
0.000242125
0.000234277
0.00022948
0.000227545
0.000227464
0.000231871
0.000240353
0.000253451
0.00027185
0.000296244
0.000327252
0.000365144
0.000409497
0.000458757
0.000509833
0.000558002
0.000597635
0.000624832
0.000647879
0.000712074
0.000984902
0.00181097
0.00385804
0.00623948
0.00266467
0.0020373
0.00175723
0.00108038
0.000570819
0.000382705
0.000327294
0.000310951
0.000303597
0.000297924
0.000291415
0.00028335
0.000273484
0.000261858
0.000249733
0.000238126
0.000227999
0.000219946
0.000214898
0.000212798
0.000212596
0.000216287
0.000223958
0.00023599
0.000253125
0.00027619
0.000306033
0.00034327
0.000387937
0.000438982
0.000493698
0.000547342
0.000593467
0.000626206
0.000647472
0.000693098
0.000902923
0.00164821
0.00377661
0.00697771
0.00284122
0.00197778
0.00167191
0.0010128
0.000535728
0.000365514
0.000319291
0.000305448
0.00029839
0.000291933
0.000284431
0.000275297
0.000264374
0.000251961
0.000239321
0.000227479
0.000217301
0.000209305
0.000204209
0.00020206
0.000201821
0.000204957
0.000211815
0.000222764
0.000238534
0.000260036
0.000288302
0.00032423
0.000368314
0.000420072
0.000477379
0.000535776
0.000588286
0.000626742
0.000649778
0.00068349
0.000861528
0.00154982
0.00362335
0.00757582
0.00299784
0.00192681
0.00159916
0.000969933
0.000513373
0.000355353
0.000313638
0.000301639
0.000294405
0.00028707
0.000278675
0.000268733
0.000257149
0.000244375
0.000231615
0.000219843
0.000209836
0.000202055
0.000197011
0.000194855
0.000194627
0.000197341
0.000203442
0.000213368
0.000227783
0.000247667
0.000274155
0.000308341
0.000351096
0.000402486
0.000461049
0.000522889
0.000581064
0.000626066
0.000650571
0.000674061
0.000811208
0.0014454
0.00353295
0.00806057
0.00313582
0.00188224
0.00154209
0.000946846
0.000505953
0.000347566
0.000310228
0.000299071
0.000291302
0.000283141
0.000274036
0.000263602
0.000251796
0.000239065
0.000226447
0.000214908
0.00020522
0.000197778
0.000192856
0.000190664
0.000190468
0.000192903
0.000198373
0.0002073
0.000220407
0.000238768
0.000263447
0.000295707
0.000336679
0.00038695
0.000445751
0.000509894
0.000572759
0.000623983
0.000652229
0.000670335
0.000787508
0.00137818
0.00340972
0.00844316
0.00323502
0.00185775
0.0015009
0.000948582
0.000509973
0.000346852
0.000307493
0.000297424
0.000289272
0.000280382
0.000270742
0.000260103
0.000248316
0.000235735
0.000223459
0.00021247
0.000203325
0.000196268
0.000191459
0.000189043
0.00018879
0.000190988
0.000196013
0.00020422
0.000216252
0.000233088
0.000255873
0.000286213
0.000325107
0.000373618
0.000431659
0.000496869
0.000563289
0.000620478
0.000652666
0.000666388
0.000757204
0.00131576
0.00333877
0.00874481
0.00327163
0.00185584
0.00147345
0.000958383
0.000522958
0.000349396
0.00030703
0.000296348
0.000287892
0.000278489
0.000268507
0.000257786
0.000246231
0.000234417
0.000222968
0.000212488
0.000203556
0.00019663
0.000191875
0.00018938
0.000189115
0.00019094
0.000195458
0.000203173
0.000214589
0.000230318
0.000251579
0.000279721
0.000316439
0.000362852
0.000419455
0.000484782
0.000553766
0.000616305
0.000652862
0.000664811
0.000742273
0.00127517
0.00328753
0.00897885
0.00325128
0.00186031
0.00146545
0.000980426
0.000545775
0.000356562
0.000307724
0.000295856
0.000287257
0.000277516
0.000267295
0.000256831
0.000245991
0.000234662
0.000223573
0.000213434
0.000204857
0.000198195
0.000193618
0.0001912
0.000191103
0.000192733
0.000196813
0.00020395
0.000214497
0.000229454
0.00024985
0.000276367
0.000310752
0.000354691
0.000409222
0.000473726
0.000544166
0.000611252
0.000652768
0.000663362
0.000721096
0.00123408
0.00326888
0.00917356
0.0031799
0.00187253
0.00146893
0.00102163
0.000591342
0.000373684
0.000310254
0.000295952
0.000287292
0.000277574
0.000267348
0.000257004
0.000246448
0.000235655
0.000225239
0.00021578
0.000207775
0.000201519
0.000197161
0.000194805
0.000194796
0.00019623
0.00019996
0.000206734
0.000216719
0.000230697
0.000249678
0.000275147
0.000307932
0.000349339
0.000401444
0.000464401
0.000535373
0.000606687
0.000652358
0.000662862
0.000710618
0.00120577
0.00326746
0.00933701
0.00302424
0.00188327
0.00147936
0.0010693
0.000640589
0.000395948
0.000315864
0.000296536
0.00028752
0.000277961
0.000267809
0.000257676
0.00024764
0.000237748
0.000228173
0.000219417
0.000211942
0.000206048
0.000201911
0.00019966
0.000199775
0.00020116
0.00020468
0.000211206
0.000220807
0.000234173
0.000252204
0.000275955
0.000307004
0.000346681
0.000396101
0.000456999
0.000527522
0.000602329
0.000651809
0.000662494
0.000696543
0.00117504
0.00331044
0.00948271
0.00277286
0.00187731
0.00149549
0.00113308
0.000720349
0.00044232
0.000329267
0.000298586
0.000288026
0.000278768
0.000268852
0.000259089
0.000249645
0.000240513
0.000231776
0.000223786
0.000216922
0.000211478
0.000207653
0.000205611
0.000205848
0.000207316
0.000210821
0.000217215
0.000226573
0.000239496
0.000256794
0.000279413
0.000308561
0.000345866
0.000393431
0.000451782
0.000521114
0.00059892
0.000651539
0.000662021
0.000689792
0.00115111
0.00335021
0.00961414
0.00243799
0.00185274
0.00151551
0.00118952
0.000796139
0.000492725
0.000349249
0.00030358
0.00028917
0.00028001
0.000270481
0.000261017
0.000252075
0.000243671
0.000235784
0.000228616
0.000222456
0.000217575
0.000214164
0.000212511
0.000212897
0.000214534
0.000218226
0.000224648
0.00023392
0.000246567
0.000263312
0.000284955
0.00031266
0.000347764
0.000392639
0.000449245
0.00051643
0.000596881
0.00065116
0.000660692
0.000677479
0.00113143
0.00342074
0.00973746
0.00203507
0.0017913
0.0015315
0.00126686
0.000907928
0.000580556
0.000391051
0.000315384
0.00029205
0.000281181
0.000272223
0.000263222
0.000254713
0.00024695
0.000239907
0.000233624
0.000228282
0.000224112
0.000221218
0.000220216
0.00022081
0.000222721
0.000226798
0.000233427
0.000242793
0.000255335
0.00027171
0.000292553
0.00031901
0.000352289
0.000394768
0.00044852
0.000514113
0.000596007
0.000650465
0.000658432
0.000668177
0.00111814
0.0034848
0.00985508
0.00158565
0.00164417
0.00153502
0.00130836
0.000997414
0.000675325
0.000448417
0.000338746
0.000299292
0.000283707
0.000273754
0.00026532
0.000257424
0.000250285
0.000243989
0.000238602
0.00023414
0.000230868
0.000228603
0.000228578
0.00022947
0.000231826
0.00023655
0.000243558
0.000253204
0.000265803
0.000281976
0.000302163
0.000327574
0.000359235
0.000399625
0.000450744
0.000513384
0.000595874
0.000648577
0.00065337
0.000653716
0.00110603
0.00357319
0.00997117
0.00114068
0.00147969
0.00150592
0.00139298
0.00111571
0.000799513
0.000541685
0.000386988
0.000316679
0.000289943
0.000276671
0.000267232
0.000259645
0.000253229
0.000247864
0.000243414
0.000240051
0.00023763
0.000236696
0.000237184
0.000238765
0.000242102
0.000247541
0.000255107
0.000265212
0.000277988
0.000294083
0.000313703
0.00033825
0.000368427
0.000406772
0.000455072
0.0005143
0.00059647
0.000644264
0.000644336
0.000638882
0.0010964
0.00365903
0.0100883
0.00075497
0.0012647
0.00144293
0.00139383
0.00122922
0.000925575
0.000654393
0.000460593
0.000352405
0.000305173
0.000283565
0.000271093
0.000262303
0.000255728
0.000250895
0.000247598
0.000245281
0.00024438
0.000244733
0.000246037
0.000248847
0.000253316
0.000259725
0.000268013
0.000278725
0.0002917
0.000307751
0.000326814
0.000350623
0.000379222
0.000415205
0.000460204
0.000515832
0.000596583
0.000634692
0.000629962
0.000619655
0.00109085
0.00375881
0.0102107
0.000474215
0.00101047
0.00137747
0.00138116
0.00130078
0.00107633
0.000801237
0.000578089
0.000424005
0.000340278
0.000300905
0.000280445
0.00026811
0.000259974
0.000254531
0.000251284
0.000250117
0.000250513
0.000251872
0.000254751
0.000259112
0.000264868
0.000272466
0.000281586
0.000292972
0.000306018
0.000321941
0.000340455
0.000363441
0.000389297
0.000421572
0.00046296
0.000516428
0.000591348
0.00061697
0.000606046
0.000600075
0.00108903
0.00385617
0.010341
0.000333453
0.000769066
0.00125329
0.00135347
0.00131651
0.0011991
0.000954847
0.000724292
0.000543805
0.00041333
0.000342023
0.000304251
0.000282797
0.000269814
0.000262064
0.000257373
0.00025611
0.000256829
0.000258907
0.000262981
0.000268663
0.00027562
0.000284304
0.000294079
0.000305886
0.000318657
0.000334353
0.000351128
0.000371314
0.00039402
0.000424043
0.000463813
0.00051368
0.000575922
0.000587869
0.000574385
0.000581179
0.00109859
0.00396302
0.0104826
0.000317879
0.000571337
0.00107643
0.00129453
0.00130575
0.00125831
0.00112171
0.000900958
0.000706103
0.000551739
0.000431381
0.000362072
0.000321013
0.000295873
0.000280791
0.000271692
0.000267012
0.000266919
0.000268161
0.000271254
0.000277004
0.00028406
0.000293097
0.000302702
0.000314377
0.000326236
0.000340588
0.000355209
0.000373726
0.000394994
0.000424061
0.000459303
0.000500136
0.000542798
0.000546003
0.000540619
0.000572919
0.00113078
0.00407011
0.0106422
0.00032758
0.000460385
0.000860386
0.00116602
0.00127482
0.00126959
0.00122079
0.00109607
0.000913925
0.000749435
0.000611065
0.000497909
0.000416755
0.000365437
0.000332587
0.000311555
0.000297977
0.000290986
0.000288334
0.000288945
0.000291123
0.000295527
0.000302468
0.000309851
0.000319725
0.000329633
0.00034254
0.000355536
0.000372683
0.000392094
0.000415448
0.000442875
0.0004692
0.000500426
0.000510606
0.000525197
0.000582981
0.0012064
0.00422448
0.0108417
0.000343592
0.000422876
0.000707292
0.00101139
0.00120825
0.00128707
0.00128617
0.0012479
0.00115116
0.00100384
0.000859033
0.000726403
0.000614649
0.000530309
0.000468578
0.000424206
0.000391956
0.000369281
0.000353647
0.000344087
0.000338133
0.000335462
0.000335934
0.000337702
0.000341725
0.000347127
0.000355588
0.000364893
0.000377591
0.000391393
0.000409221
0.000430628
0.000453733
0.000482944
0.000498177
0.000529357
0.000663126
0.00141988
0.00453344
0.0111357
0.000438352
0.000475221
0.000681614
0.000933748
0.00117006
0.00132239
0.00139309
0.00141902
0.00140111
0.00134788
0.00124886
0.00113579
0.00102246
0.000909742
0.000808136
0.000721871
0.000650341
0.000592772
0.000546115
0.000510067
0.000481313
0.000460167
0.000445295
0.000434349
0.000428136
0.000423625
0.000423992
0.000425983
0.000430594
0.000439048
0.000451162
0.000468224
0.000491656
0.000525314
0.000576648
0.000688983
0.000971845
0.00194461
0.00517785
0.0115897
0.00065308
0.000602075
0.000826214
0.0010541
0.0012703
0.00144232
0.0015507
0.001601
0.00159472
0.00156666
0.00150263
0.00141164
0.00131376
0.00121502
0.00112054
0.00103602
0.000961062
0.000898355
0.000844727
0.000801391
0.000766158
0.000738022
0.000715242
0.00070002
0.000688731
0.00068536
0.000687146
0.000693574
0.00070836
0.000739393
0.000777391
0.000842474
0.000917348
0.0010383
0.0011942
0.00146027
0.00193356
0.00317912
0.0063487
0.0122577
0.00152365
0.00201584
0.00266645
0.00295923
0.00308431
0.00312621
0.0031226
0.00308927
0.00301606
0.00294132
0.00286935
0.00279299
0.00271717
0.00264934
0.0025878
0.00253981
0.00249823
0.00247443
0.00245414
0.00245426
0.00246008
0.00247496
0.00250093
0.00254063
0.00258776
0.00265127
0.00272221
0.00281414
0.00291448
0.00302865
0.00316656
0.00335735
0.00355911
0.00383618
0.00412591
0.00457271
0.00510121
0.00635127
0.00864521
0.013388
0.00927817
0.014406
0.0174015
0.0186017
0.0190261
0.019003
0.0188346
0.0184622
0.0179921
0.0175073
0.0170432
0.0166165
0.0162315
0.0158884
0.0155833
0.0153134
0.0150736
0.0148617
0.0146736
0.0145076
0.0143614
0.0142337
0.0141231
0.0140294
0.0139512
0.0138891
0.0138415
0.0138107
0.0137933
0.0137954
0.0138011
0.0138118
0.0138353
0.0138673
0.0139348
0.01401
0.0141795
0.0143623
0.0152684
0.0148379
)
;

boundaryField
{
    movingWall
    {
        type            kqRWallFunction;
        value           nonuniform List<scalar> 
40
(
0.00927817
0.014406
0.0174015
0.0186017
0.0190261
0.019003
0.0188346
0.0184622
0.0179921
0.0175073
0.0170432
0.0166165
0.0162315
0.0158884
0.0155833
0.0153134
0.0150736
0.0148617
0.0146736
0.0145076
0.0143614
0.0142337
0.0141231
0.0140294
0.0139512
0.0138891
0.0138415
0.0138107
0.0137933
0.0137954
0.0138011
0.0138118
0.0138353
0.0138673
0.0139348
0.01401
0.0141795
0.0143623
0.0152684
0.0148379
)
;
    }
    fixedWalls
    {
        type            kqRWallFunction;
        value           nonuniform List<scalar> 
120
(
0.000165318
0.000284257
0.000460122
0.000609734
0.000700094
0.000749962
0.000787231
0.00083791
0.000953948
0.0011713
0.0014079
0.0016388
0.00185949
0.00206456
0.00226795
0.00247148
0.00266467
0.00284122
0.00299784
0.00313582
0.00323502
0.00327163
0.00325128
0.0031799
0.00302424
0.00277286
0.00243799
0.00203507
0.00158565
0.00114068
0.00075497
0.000474215
0.000333453
0.000317879
0.00032758
0.000343592
0.000438352
0.00065308
0.00152365
0.00927817
0.000334352
0.000378093
0.000442742
0.000500976
0.000532552
0.000556358
0.000608713
0.000689732
0.000828335
0.000942618
0.00132989
0.00214969
0.00323253
0.00434852
0.00536508
0.00623948
0.00697771
0.00757582
0.00806057
0.00844316
0.00874481
0.00897885
0.00917356
0.00933701
0.00948271
0.00961414
0.00973746
0.00985508
0.00997117
0.0100883
0.0102107
0.010341
0.0104826
0.0106422
0.0108417
0.0111357
0.0115897
0.0122577
0.013388
0.0148379
0.000165318
0.000192955
0.000237876
0.000279647
0.000305155
0.000318777
0.000338242
0.000365854
0.000397587
0.000444983
0.000564275
0.000916691
0.00142622
0.00203482
0.00263536
0.00315949
0.00357448
0.00386416
0.00401026
0.00406743
0.00407357
0.00397818
0.00384317
0.00365907
0.00346411
0.00324693
0.00302621
0.00280254
0.00257253
0.00232597
0.0020595
0.00176638
0.00152022
0.00139158
0.00129514
0.00121358
0.00110001
0.000892879
0.000586124
0.000334352
)
;
    }
    frontAndBack
    {
        type            empty;
    }
}


// ************************************************************************* //
