/*--------------------------------*- C++ -*----------------------------------*\
| =========                 |                                                 |
| \\      /  F ield         | OpenFOAM: The Open Source CFD Toolbox           |
|  \\    /   O peration     | Version:  2412                                  |
|   \\  /    A nd           | Website:  www.openfoam.com                      |
|    \\/     M anipulation  |                                                 |
\*---------------------------------------------------------------------------*/
FoamFile
{
    version     2.0;
    format      ascii;
    arch        "LSB;label=32;scalar=64";
    class       volScalarField;
    location    "9.75";
    object      nut;
}
// * * * * * * * * * * * * * * * * * * * * * * * * * * * * * * * * * * * * * //

dimensions      [0 2 -1 0 0 0 0];

internalField   nonuniform List<scalar> 
1600
(
3.60994e-06
3.90003e-06
4.33024e-06
4.695e-06
4.90437e-06
5.01252e-06
5.16313e-06
5.36957e-06
5.59747e-06
5.92161e-06
6.66837e-06
8.49942e-06
1.06016e-05
1.26629e-05
1.44107e-05
1.57785e-05
1.67826e-05
1.74492e-05
1.77758e-05
1.7902e-05
1.79154e-05
1.77043e-05
1.74012e-05
1.69791e-05
1.65206e-05
1.59942e-05
1.5441e-05
1.48593e-05
1.42364e-05
1.3537e-05
1.27379e-05
1.17966e-05
1.09441e-05
1.04709e-05
1.01017e-05
9.77856e-06
9.30975e-06
8.38742e-06
6.79546e-06
5.13245e-06
4.73369e-06
5.44004e-06
6.5134e-06
7.05492e-06
7.29971e-06
8.22003e-06
1.01119e-05
1.11405e-05
1.24057e-05
1.4741e-05
1.58176e-05
1.68107e-05
1.70729e-05
1.67581e-05
1.71859e-05
1.72451e-05
1.73794e-05
1.78965e-05
1.8892e-05
2.05377e-05
2.25256e-05
2.41873e-05
2.6471e-05
2.86685e-05
3.1183e-05
3.37609e-05
3.61834e-05
3.79911e-05
3.89207e-05
3.92742e-05
3.92354e-05
3.85658e-05
3.76818e-05
3.49402e-05
2.95394e-05
2.33547e-05
1.54669e-05
1.05065e-05
7.89911e-06
5.45788e-06
6.02242e-06
7.20982e-06
1.02415e-05
1.24525e-05
1.30387e-05
1.43817e-05
1.77727e-05
2.05318e-05
2.14287e-05
2.08293e-05
2.01831e-05
1.91652e-05
1.8717e-05
1.98219e-05
1.9028e-05
1.9294e-05
2.01427e-05
2.12913e-05
2.26366e-05
2.37336e-05
2.44104e-05
2.51698e-05
2.59865e-05
2.66631e-05
2.76683e-05
2.89869e-05
3.07954e-05
3.31705e-05
3.58943e-05
3.7918e-05
3.91059e-05
3.93977e-05
3.79916e-05
3.75027e-05
3.46884e-05
2.94922e-05
2.21285e-05
1.42616e-05
9.06729e-06
5.9061e-06
6.93253e-06
1.009e-05
1.58764e-05
1.8814e-05
2.06019e-05
2.29172e-05
2.51905e-05
2.45509e-05
2.30776e-05
2.18312e-05
2.06144e-05
2.00028e-05
2.06588e-05
1.77069e-05
1.85926e-05
1.73931e-05
1.81106e-05
1.71828e-05
1.71771e-05
1.64009e-05
1.59916e-05
1.57349e-05
1.50993e-05
1.51412e-05
1.5067e-05
1.54983e-05
1.6208e-05
1.76487e-05
2.00363e-05
2.43492e-05
2.8933e-05
3.22891e-05
3.37411e-05
3.35014e-05
3.3956e-05
3.02805e-05
2.45369e-05
1.61396e-05
9.56034e-06
6.28253e-06
7.42833e-06
1.50344e-05
2.25294e-05
2.45312e-05
2.58592e-05
2.77321e-05
2.63135e-05
2.50314e-05
2.32379e-05
2.15019e-05
2.08822e-05
1.83144e-05
1.68889e-05
1.50956e-05
1.56584e-05
1.40716e-05
1.46808e-05
1.38395e-05
1.39258e-05
1.36942e-05
1.36063e-05
1.35479e-05
1.32925e-05
1.31283e-05
1.27413e-05
1.2492e-05
1.22607e-05
1.23543e-05
1.29426e-05
1.45163e-05
1.77194e-05
2.3714e-05
2.89598e-05
3.13004e-05
3.13638e-05
3.19836e-05
2.71835e-05
1.71619e-05
1.01024e-05
6.47749e-06
7.68822e-06
2.08387e-05
2.82996e-05
2.90642e-05
2.9716e-05
2.8235e-05
2.69845e-05
2.47193e-05
2.23857e-05
1.99693e-05
1.69395e-05
1.51429e-05
1.4205e-05
1.36603e-05
1.42878e-05
1.41955e-05
1.50128e-05
1.54309e-05
1.60198e-05
1.63413e-05
1.65895e-05
1.68074e-05
1.65688e-05
1.62814e-05
1.5585e-05
1.47736e-05
1.37661e-05
1.27987e-05
1.19902e-05
1.16692e-05
1.22983e-05
1.46323e-05
1.98769e-05
2.66381e-05
2.96094e-05
2.98444e-05
3.06556e-05
2.19211e-05
1.21079e-05
6.62068e-06
7.87682e-06
2.628e-05
3.29178e-05
3.23771e-05
3.02941e-05
2.90018e-05
2.64138e-05
2.32794e-05
1.94942e-05
1.61959e-05
1.41655e-05
1.36346e-05
1.38274e-05
1.45956e-05
1.58489e-05
1.68068e-05
1.8252e-05
1.9131e-05
2.02205e-05
2.09135e-05
2.14542e-05
2.18667e-05
2.16063e-05
2.12216e-05
2.02849e-05
1.90917e-05
1.75342e-05
1.5823e-05
1.40774e-05
1.25289e-05
1.14359e-05
1.14095e-05
1.318e-05
1.79431e-05
2.50606e-05
2.80814e-05
2.82214e-05
2.80154e-05
1.4771e-05
6.92525e-06
8.1263e-06
3.1019e-05
3.60858e-05
3.31562e-05
3.15187e-05
2.83646e-05
2.44689e-05
1.96486e-05
1.60059e-05
1.36526e-05
1.3562e-05
1.41244e-05
1.5682e-05
1.71164e-05
1.91065e-05
2.07545e-05
2.27827e-05
2.42579e-05
2.5949e-05
2.71246e-05
2.81684e-05
2.90273e-05
2.90913e-05
2.88769e-05
2.78936e-05
2.63369e-05
2.40662e-05
2.12266e-05
1.8088e-05
1.51383e-05
1.27794e-05
1.12718e-05
1.09981e-05
1.27364e-05
1.76791e-05
2.39228e-05
2.62109e-05
2.71169e-05
1.65809e-05
7.37192e-06
8.67048e-06
3.43587e-05
3.72494e-05
3.54844e-05
3.09929e-05
2.64849e-05
2.08423e-05
1.61206e-05
1.37823e-05
1.34389e-05
1.46982e-05
1.61119e-05
1.8484e-05
2.04707e-05
2.32095e-05
2.53071e-05
2.78315e-05
2.9704e-05
3.15952e-05
3.30514e-05
3.4428e-05
3.54545e-05
3.59699e-05
3.6174e-05
3.57733e-05
3.47125e-05
3.27413e-05
2.98858e-05
2.60548e-05
2.12751e-05
1.64698e-05
1.28237e-05
1.08621e-05
1.07739e-05
1.30095e-05
1.89847e-05
2.33886e-05
2.42814e-05
2.10275e-05
8.07886e-06
9.60746e-06
3.57945e-05
3.92927e-05
3.51482e-05
2.9534e-05
2.30996e-05
1.71942e-05
1.4091e-05
1.36278e-05
1.46376e-05
1.66418e-05
1.86786e-05
2.17404e-05
2.41797e-05
2.73713e-05
2.95727e-05
3.22213e-05
3.40226e-05
3.57631e-05
3.71681e-05
3.8595e-05
3.95599e-05
4.02797e-05
4.07077e-05
4.07206e-05
4.02257e-05
3.90162e-05
3.68676e-05
3.35915e-05
2.91663e-05
2.35856e-05
1.75283e-05
1.26632e-05
1.03997e-05
1.07994e-05
1.41086e-05
2.02046e-05
2.24562e-05
2.16933e-05
8.61826e-06
1.05332e-05
3.64655e-05
4.0362e-05
3.44718e-05
2.67512e-05
1.9741e-05
1.48587e-05
1.36905e-05
1.45942e-05
1.63583e-05
1.88455e-05
2.15649e-05
2.50281e-05
2.76402e-05
3.0857e-05
3.29618e-05
3.54235e-05
3.69869e-05
3.86121e-05
3.99242e-05
4.13438e-05
4.25148e-05
4.34374e-05
4.42123e-05
4.46257e-05
4.46092e-05
4.39271e-05
4.23648e-05
3.96513e-05
3.5581e-05
3.03727e-05
2.394e-05
1.72801e-05
1.21108e-05
1.03388e-05
1.17715e-05
1.70219e-05
2.12765e-05
2.14943e-05
1.0236e-05
1.13641e-05
3.63074e-05
4.096e-05
3.29458e-05
2.39468e-05
1.6809e-05
1.39636e-05
1.4252e-05
1.60135e-05
1.81542e-05
2.11991e-05
2.43999e-05
2.78994e-05
3.05131e-05
3.34585e-05
3.53053e-05
3.74349e-05
3.89462e-05
4.05071e-05
4.16007e-05
4.30102e-05
4.44338e-05
4.54829e-05
4.65774e-05
4.73847e-05
4.79024e-05
4.7888e-05
4.70961e-05
4.51717e-05
4.17141e-05
3.64157e-05
2.9797e-05
2.23016e-05
1.54448e-05
1.10921e-05
1.03489e-05
1.33562e-05
1.9506e-05
2.08537e-05
1.3014e-05
1.21051e-05
3.59238e-05
4.07588e-05
3.09442e-05
2.11999e-05
1.521e-05
1.39528e-05
1.52505e-05
1.74351e-05
1.99298e-05
2.35124e-05
2.68584e-05
3.01759e-05
3.26454e-05
3.51893e-05
3.68193e-05
3.86631e-05
3.9999e-05
4.1621e-05
4.26346e-05
4.38616e-05
4.55593e-05
4.66634e-05
4.79462e-05
4.89967e-05
4.9838e-05
5.0282e-05
5.01376e-05
4.91239e-05
4.68495e-05
4.27726e-05
3.63284e-05
2.80623e-05
1.93542e-05
1.27722e-05
1.03956e-05
1.18431e-05
1.74609e-05
2.03105e-05
1.5959e-05
1.27552e-05
3.49131e-05
4.02053e-05
2.90963e-05
1.8916e-05
1.44721e-05
1.43974e-05
1.63492e-05
1.87377e-05
2.16592e-05
2.55526e-05
2.87972e-05
3.18409e-05
3.40912e-05
3.6253e-05
3.77228e-05
3.9345e-05
4.06092e-05
4.22342e-05
4.33665e-05
4.43702e-05
4.63277e-05
4.75605e-05
4.89836e-05
5.02483e-05
5.13231e-05
5.20469e-05
5.2226e-05
5.16116e-05
4.98995e-05
4.67201e-05
4.16112e-05
3.41427e-05
2.47701e-05
1.60337e-05
1.08739e-05
1.06733e-05
1.54303e-05
2.01584e-05
1.85103e-05
1.33688e-05
3.38257e-05
3.91751e-05
2.7287e-05
1.74324e-05
1.42281e-05
1.50199e-05
1.73965e-05
1.98844e-05
2.32398e-05
2.71908e-05
3.02213e-05
3.29791e-05
3.50063e-05
3.6872e-05
3.82447e-05
3.97277e-05
4.09995e-05
4.26423e-05
4.39704e-05
4.48912e-05
4.68896e-05
4.83214e-05
4.98139e-05
5.12294e-05
5.2492e-05
5.34786e-05
5.40126e-05
5.38539e-05
5.26792e-05
5.00602e-05
4.54713e-05
3.84167e-05
2.91378e-05
1.90037e-05
1.19869e-05
1.01224e-05
1.27628e-05
2.02948e-05
2.05606e-05
1.39558e-05
3.21612e-05
3.80694e-05
2.58848e-05
1.66028e-05
1.4281e-05
1.568e-05
1.82827e-05
2.09052e-05
2.45618e-05
2.8395e-05
3.12042e-05
3.37104e-05
3.55587e-05
3.72311e-05
3.85737e-05
4.00111e-05
4.13572e-05
4.30363e-05
4.45331e-05
4.55188e-05
4.74472e-05
4.90315e-05
5.05384e-05
5.1995e-05
5.33129e-05
5.43881e-05
5.50674e-05
5.51534e-05
5.4395e-05
5.24599e-05
4.8888e-05
4.30334e-05
3.42249e-05
2.34508e-05
1.41522e-05
1.05675e-05
1.25066e-05
1.85547e-05
2.21731e-05
1.44911e-05
3.0076e-05
3.6788e-05
2.48161e-05
1.60779e-05
1.44265e-05
1.62476e-05
1.89743e-05
2.17646e-05
2.55822e-05
2.92316e-05
3.18578e-05
3.41589e-05
3.58878e-05
3.74581e-05
3.88287e-05
4.02964e-05
4.17591e-05
4.3514e-05
4.5174e-05
4.62717e-05
4.81066e-05
4.97721e-05
5.12691e-05
5.27109e-05
5.40337e-05
5.5152e-05
5.59206e-05
5.61457e-05
5.55725e-05
5.38679e-05
5.06072e-05
4.52652e-05
3.72729e-05
2.64774e-05
1.58065e-05
1.04971e-05
1.16051e-05
1.80494e-05
2.34484e-05
1.49635e-05
2.80534e-05
3.56344e-05
2.42964e-05
1.59716e-05
1.46478e-05
1.67489e-05
1.95008e-05
2.24364e-05
2.62819e-05
2.97296e-05
3.22248e-05
3.43896e-05
3.60703e-05
3.76171e-05
3.90624e-05
4.06139e-05
4.22167e-05
4.40676e-05
4.58938e-05
4.71167e-05
4.88591e-05
5.05221e-05
5.19647e-05
5.33139e-05
5.45465e-05
5.56085e-05
5.63734e-05
5.66843e-05
5.63272e-05
5.50116e-05
5.23377e-05
4.77369e-05
4.04546e-05
3.02077e-05
1.86939e-05
1.15434e-05
1.15435e-05
1.71561e-05
2.44329e-05
1.53705e-05
2.61387e-05
3.4213e-05
2.40032e-05
1.58063e-05
1.47951e-05
1.70222e-05
1.98471e-05
2.2893e-05
2.66934e-05
3.00111e-05
3.24486e-05
3.45188e-05
3.61818e-05
3.77443e-05
3.92819e-05
4.09396e-05
4.26866e-05
4.46261e-05
4.66047e-05
4.7971e-05
4.96318e-05
5.12346e-05
5.25949e-05
5.38087e-05
5.49036e-05
5.58526e-05
5.65336e-05
5.68089e-05
5.64763e-05
5.52671e-05
5.28302e-05
4.8666e-05
4.20884e-05
3.23135e-05
2.03414e-05
1.18824e-05
1.12458e-05
1.68817e-05
2.52026e-05
1.57203e-05
2.43596e-05
3.31112e-05
2.41629e-05
1.62132e-05
1.49121e-05
1.72519e-05
2.00701e-05
2.31355e-05
2.68346e-05
3.00119e-05
3.23872e-05
3.44305e-05
3.6159e-05
3.77934e-05
3.94356e-05
4.12105e-05
4.3097e-05
4.50969e-05
4.71629e-05
4.8679e-05
5.02631e-05
5.17213e-05
5.2946e-05
5.40267e-05
5.50388e-05
5.58341e-05
5.6398e-05
5.66203e-05
5.63293e-05
5.52957e-05
5.31988e-05
4.95267e-05
4.35755e-05
3.44473e-05
2.26359e-05
1.28774e-05
1.13321e-05
1.64861e-05
2.57939e-05
1.59671e-05
2.24884e-05
3.13879e-05
2.45172e-05
1.64293e-05
1.49793e-05
1.71643e-05
2.0079e-05
2.31656e-05
2.67407e-05
2.99124e-05
3.2389e-05
3.44322e-05
3.61283e-05
3.77575e-05
3.94778e-05
4.1356e-05
4.33396e-05
4.53711e-05
4.73872e-05
4.90648e-05
5.05498e-05
5.18632e-05
5.29983e-05
5.38924e-05
5.46517e-05
5.52889e-05
5.58507e-05
5.6055e-05
5.56912e-05
5.46986e-05
5.27794e-05
4.9437e-05
4.40155e-05
3.55091e-05
2.3858e-05
1.33284e-05
1.12598e-05
1.65004e-05
2.62508e-05
1.60573e-05
2.05697e-05
2.97858e-05
2.47504e-05
1.68894e-05
1.49964e-05
1.70219e-05
1.9871e-05
2.28851e-05
2.63058e-05
2.93809e-05
3.18216e-05
3.38668e-05
3.57037e-05
3.75149e-05
3.93433e-05
4.12403e-05
4.32316e-05
4.52619e-05
4.72523e-05
4.90453e-05
5.04462e-05
5.17506e-05
5.28947e-05
5.37027e-05
5.42056e-05
5.46311e-05
5.48459e-05
5.48931e-05
5.46445e-05
5.38596e-05
5.21498e-05
4.91809e-05
4.41977e-05
3.61426e-05
2.51163e-05
1.41231e-05
1.13393e-05
1.66357e-05
2.65998e-05
1.60074e-05
1.88102e-05
2.83002e-05
2.50806e-05
1.74688e-05
1.50469e-05
1.68059e-05
1.95885e-05
2.2543e-05
2.58192e-05
2.88379e-05
3.13489e-05
3.35344e-05
3.54301e-05
3.72316e-05
3.90421e-05
4.09387e-05
4.29194e-05
4.49342e-05
4.68996e-05
4.87599e-05
4.99721e-05
5.12039e-05
5.23972e-05
5.31497e-05
5.37644e-05
5.41281e-05
5.40191e-05
5.3634e-05
5.32119e-05
5.24133e-05
5.097e-05
4.84043e-05
4.38397e-05
3.63601e-05
2.57033e-05
1.44502e-05
1.12568e-05
1.67769e-05
2.68867e-05
1.58308e-05
1.74338e-05
2.63457e-05
2.55181e-05
1.86683e-05
1.53611e-05
1.64931e-05
1.91551e-05
2.20102e-05
2.51461e-05
2.81709e-05
3.0764e-05
3.29736e-05
3.48878e-05
3.66933e-05
3.85059e-05
4.03877e-05
4.23302e-05
4.42775e-05
4.61643e-05
4.80312e-05
4.91087e-05
5.02171e-05
5.14037e-05
5.20786e-05
5.25053e-05
5.2737e-05
5.2886e-05
5.26874e-05
5.18921e-05
5.08743e-05
4.95393e-05
4.7323e-05
4.33098e-05
3.63372e-05
2.5971e-05
1.4913e-05
1.12757e-05
1.69056e-05
2.71251e-05
1.54386e-05
1.64e-05
2.4247e-05
2.53832e-05
1.93192e-05
1.53331e-05
1.59775e-05
1.852e-05
2.13378e-05
2.43339e-05
2.72672e-05
2.98583e-05
3.20978e-05
3.40909e-05
3.59279e-05
3.77228e-05
3.95426e-05
4.13913e-05
4.32311e-05
4.50107e-05
4.68556e-05
4.78368e-05
4.88401e-05
4.99891e-05
5.0645e-05
5.10127e-05
5.11511e-05
5.1034e-05
5.07633e-05
5.02632e-05
4.94347e-05
4.81137e-05
4.61018e-05
4.25314e-05
3.57851e-05
2.60002e-05
1.49508e-05
1.11694e-05
1.73715e-05
2.73358e-05
1.47831e-05
1.57714e-05
2.23187e-05
2.5219e-05
2.09398e-05
1.646e-05
1.58084e-05
1.77379e-05
2.03135e-05
2.31086e-05
2.59371e-05
2.85755e-05
3.09151e-05
3.29902e-05
3.48719e-05
3.66568e-05
3.84111e-05
4.01546e-05
4.18699e-05
4.35233e-05
4.52815e-05
4.61737e-05
4.71238e-05
4.8219e-05
4.88545e-05
4.9187e-05
4.92867e-05
4.91281e-05
4.87561e-05
4.81589e-05
4.7514e-05
4.63323e-05
4.46709e-05
4.14957e-05
3.50542e-05
2.56584e-05
1.4966e-05
1.10652e-05
1.76238e-05
2.75245e-05
1.38617e-05
1.55468e-05
2.08741e-05
2.42275e-05
2.12824e-05
1.66927e-05
1.53457e-05
1.69798e-05
1.94342e-05
2.20691e-05
2.47058e-05
2.72296e-05
2.95464e-05
3.1636e-05
3.3529e-05
3.52917e-05
3.69808e-05
3.86231e-05
4.02126e-05
4.17515e-05
4.33785e-05
4.41548e-05
4.50977e-05
4.61427e-05
4.67458e-05
4.70561e-05
4.71402e-05
4.69491e-05
4.6584e-05
4.59597e-05
4.54105e-05
4.45122e-05
4.30244e-05
4.02971e-05
3.39731e-05
2.50713e-05
1.46435e-05
1.0881e-05
1.80795e-05
2.77004e-05
1.26645e-05
1.52786e-05
1.97248e-05
2.39538e-05
2.29362e-05
1.85744e-05
1.58608e-05
1.60964e-05
1.81419e-05
2.05359e-05
2.30666e-05
2.55236e-05
2.78246e-05
2.99376e-05
3.18606e-05
3.36218e-05
3.52642e-05
3.68201e-05
3.82808e-05
3.97398e-05
4.11807e-05
4.1857e-05
4.28036e-05
4.37931e-05
4.43509e-05
4.4652e-05
4.47467e-05
4.45554e-05
4.42504e-05
4.36797e-05
4.32545e-05
4.23946e-05
4.12524e-05
3.88573e-05
3.26126e-05
2.4179e-05
1.43203e-05
1.07084e-05
1.84179e-05
2.7867e-05
1.11789e-05
1.45557e-05
1.89784e-05
2.22486e-05
2.24711e-05
1.93821e-05
1.62746e-05
1.57135e-05
1.72076e-05
1.93047e-05
2.14765e-05
2.37289e-05
2.59038e-05
2.79381e-05
2.98132e-05
3.15477e-05
3.31481e-05
3.46587e-05
3.60067e-05
3.74747e-05
3.86529e-05
3.93303e-05
4.02947e-05
4.11765e-05
4.1718e-05
4.20129e-05
4.21449e-05
4.19832e-05
4.17924e-05
4.1315e-05
4.10814e-05
4.02751e-05
3.92583e-05
3.71135e-05
3.0891e-05
2.29555e-05
1.372e-05
1.05017e-05
1.8887e-05
2.80305e-05
9.48142e-06
1.48184e-05
1.8327e-05
2.30844e-05
2.36845e-05
2.11297e-05
1.7706e-05
1.57744e-05
1.60858e-05
1.78513e-05
1.98245e-05
2.17814e-05
2.37801e-05
2.57361e-05
2.75809e-05
2.92655e-05
3.08318e-05
3.22314e-05
3.35908e-05
3.48936e-05
3.58324e-05
3.66338e-05
3.75752e-05
3.83389e-05
3.88796e-05
3.91787e-05
3.93798e-05
3.92802e-05
3.92606e-05
3.89011e-05
3.88455e-05
3.80183e-05
3.70292e-05
3.50532e-05
2.87785e-05
2.13527e-05
1.29582e-05
1.03091e-05
1.92954e-05
2.81946e-05
7.71353e-06
1.43232e-05
1.79925e-05
2.05273e-05
2.40644e-05
2.2208e-05
1.92046e-05
1.66199e-05
1.57084e-05
1.66463e-05
1.82948e-05
1.99768e-05
2.15994e-05
2.32217e-05
2.48611e-05
2.64881e-05
2.79799e-05
2.94394e-05
3.07304e-05
3.19655e-05
3.27644e-05
3.36699e-05
3.4618e-05
3.52861e-05
3.58622e-05
3.61904e-05
3.65002e-05
3.64981e-05
3.66953e-05
3.64291e-05
3.64658e-05
3.55035e-05
3.44916e-05
3.25999e-05
2.61571e-05
1.94226e-05
1.19713e-05
1.01005e-05
1.97782e-05
2.83649e-05
6.11332e-06
1.34682e-05
1.86602e-05
2.03207e-05
2.34553e-05
2.39609e-05
2.12109e-05
1.83459e-05
1.62732e-05
1.5987e-05
1.69845e-05
1.84351e-05
1.98979e-05
2.12584e-05
2.25264e-05
2.37834e-05
2.50705e-05
2.63675e-05
2.7504e-05
2.86098e-05
2.95145e-05
3.04702e-05
3.14025e-05
3.20746e-05
3.27365e-05
3.31143e-05
3.35593e-05
3.3686e-05
3.40838e-05
3.36848e-05
3.35596e-05
3.24025e-05
3.15252e-05
2.9383e-05
2.30108e-05
1.70205e-05
1.08742e-05
9.88122e-06
2.02131e-05
2.85452e-05
5.12676e-06
1.2591e-05
1.85591e-05
2.05962e-05
2.20234e-05
2.4886e-05
2.31865e-05
2.05267e-05
1.81215e-05
1.62186e-05
1.61316e-05
1.69611e-05
1.81241e-05
1.9355e-05
2.05945e-05
2.16813e-05
2.28243e-05
2.38306e-05
2.48214e-05
2.56095e-05
2.65486e-05
2.74676e-05
2.83105e-05
2.89571e-05
2.96507e-05
3.00189e-05
3.05774e-05
3.05946e-05
3.08189e-05
3.02049e-05
3.0066e-05
2.89217e-05
2.79747e-05
2.52303e-05
1.93541e-05
1.43733e-05
9.68717e-06
9.69032e-06
2.06594e-05
2.87398e-05
5.00576e-06
1.09214e-05
1.84329e-05
2.12134e-05
2.22154e-05
2.38014e-05
2.52921e-05
2.31217e-05
2.07916e-05
1.87209e-05
1.68861e-05
1.64919e-05
1.68518e-05
1.75643e-05
1.8485e-05
1.94062e-05
2.03711e-05
2.14011e-05
2.23735e-05
2.29384e-05
2.3756e-05
2.45403e-05
2.52983e-05
2.58129e-05
2.64485e-05
2.66857e-05
2.71159e-05
2.69139e-05
2.70349e-05
2.63253e-05
2.61498e-05
2.46501e-05
2.32203e-05
1.9931e-05
1.52952e-05
1.17225e-05
8.58394e-06
9.62071e-06
2.10245e-05
2.89579e-05
5.08167e-06
1.03731e-05
1.76641e-05
2.13176e-05
2.27838e-05
2.37648e-05
2.52926e-05
2.58099e-05
2.38732e-05
2.1953e-05
2.01516e-05
1.8685e-05
1.74763e-05
1.71135e-05
1.72497e-05
1.76406e-05
1.81491e-05
1.87886e-05
1.9485e-05
2.02263e-05
2.06459e-05
2.11515e-05
2.17987e-05
2.21388e-05
2.25982e-05
2.26264e-05
2.28751e-05
2.24735e-05
2.23646e-05
2.14329e-05
2.06605e-05
1.8836e-05
1.69768e-05
1.43769e-05
1.16838e-05
9.54766e-06
7.45157e-06
9.66465e-06
2.13644e-05
2.9228e-05
5.20454e-06
1.12838e-05
1.74751e-05
2.15801e-05
2.41287e-05
2.50857e-05
2.60364e-05
2.72526e-05
2.75538e-05
2.58619e-05
2.39315e-05
2.18879e-05
2.04932e-05
1.9398e-05
1.8649e-05
1.82152e-05
1.79644e-05
1.78919e-05
1.78775e-05
1.80309e-05
1.80971e-05
1.81718e-05
1.81781e-05
1.81563e-05
1.81335e-05
1.78133e-05
1.75582e-05
1.68108e-05
1.61872e-05
1.49958e-05
1.40189e-05
1.26009e-05
1.14056e-05
9.93532e-06
8.47762e-06
7.17519e-06
6.78583e-06
1.03835e-05
2.20107e-05
2.96217e-05
5.87844e-06
1.07995e-05
1.58551e-05
1.99726e-05
2.34576e-05
2.56922e-05
2.74132e-05
2.92101e-05
3.08203e-05
3.22694e-05
3.20843e-05
3.11118e-05
2.97759e-05
2.7967e-05
2.59645e-05
2.39921e-05
2.2113e-05
2.04481e-05
1.88799e-05
1.75937e-05
1.63347e-05
1.53801e-05
1.44254e-05
1.36173e-05
1.29514e-05
1.22416e-05
1.15504e-05
1.0661e-05
9.85321e-06
8.97579e-06
8.26201e-06
7.50597e-06
6.97639e-06
6.43876e-06
6.25048e-06
6.43636e-06
7.69285e-06
1.23162e-05
2.34429e-05
3.02196e-05
7.17468e-06
6.87561e-06
9.61459e-06
1.29583e-05
1.62773e-05
1.90283e-05
2.09267e-05
2.22483e-05
2.26036e-05
2.30284e-05
2.27438e-05
2.17472e-05
2.04292e-05
1.89339e-05
1.73604e-05
1.58341e-05
1.43744e-05
1.30807e-05
1.18844e-05
1.08849e-05
9.96486e-06
9.20454e-06
8.54394e-06
7.99526e-06
7.51058e-06
7.16102e-06
6.88129e-06
6.69007e-06
6.5246e-06
6.47665e-06
6.48594e-06
6.68865e-06
6.93847e-06
7.47272e-06
8.1431e-06
9.3616e-06
1.1347e-05
1.62519e-05
2.54936e-05
3.10784e-05
1.09578e-05
8.66916e-06
1.08241e-05
1.18576e-05
1.24449e-05
1.28436e-05
1.31019e-05
1.33106e-05
1.32759e-05
1.32067e-05
1.30926e-05
1.28679e-05
1.25743e-05
1.22716e-05
1.19622e-05
1.17021e-05
1.14531e-05
1.13032e-05
1.11396e-05
1.11189e-05
1.11139e-05
1.1143e-05
1.12398e-05
1.1409e-05
1.16123e-05
1.19022e-05
1.2219e-05
1.26525e-05
1.30946e-05
1.36704e-05
1.42194e-05
1.49281e-05
1.56008e-05
1.6538e-05
1.74174e-05
1.88154e-05
2.03514e-05
2.38192e-05
2.77276e-05
3.24799e-05
2.70389e-05
3.36922e-05
3.70297e-05
3.82854e-05
3.87198e-05
3.86962e-05
3.85243e-05
3.81416e-05
3.76527e-05
3.7142e-05
3.66462e-05
3.61846e-05
3.57628e-05
3.53827e-05
3.50413e-05
3.47364e-05
3.44634e-05
3.42202e-05
3.40029e-05
3.381e-05
3.36392e-05
3.34894e-05
3.3359e-05
3.32482e-05
3.31554e-05
3.30816e-05
3.3025e-05
3.29882e-05
3.29676e-05
3.29701e-05
3.29775e-05
3.29883e-05
3.3019e-05
3.30551e-05
3.31377e-05
3.32251e-05
3.3427e-05
3.3641e-05
3.46863e-05
3.41935e-05
)
;

boundaryField
{
    movingWall
    {
        type            nutkWallFunction;
        blending        stepwise;
        value           uniform 0;
    }
    fixedWalls
    {
        type            nutkWallFunction;
        blending        stepwise;
        value           uniform 0;
    }
    frontAndBack
    {
        type            empty;
    }
}


// ************************************************************************* //
