/*--------------------------------*- C++ -*----------------------------------*\
| =========                 |                                                 |
| \\      /  F ield         | OpenFOAM: The Open Source CFD Toolbox           |
|  \\    /   O peration     | Version:  2412                                  |
|   \\  /    A nd           | Website:  www.openfoam.com                      |
|    \\/     M anipulation  |                                                 |
\*---------------------------------------------------------------------------*/
FoamFile
{
    version     2.0;
    format      ascii;
    arch        "LSB;label=32;scalar=64";
    class       volScalarField;
    location    "9.75";
    object      p;
}
// * * * * * * * * * * * * * * * * * * * * * * * * * * * * * * * * * * * * * //

dimensions      [0 2 -2 0 0 0 0];

internalField   nonuniform List<scalar> 
1600
(
3.24751e-08
-2.91497e-05
-0.000118996
-0.000235723
-0.000341224
-0.000430843
-0.000529194
-0.0006588
-0.000828745
-0.00106739
-0.00140387
-0.00180334
-0.00224488
-0.00278839
-0.00348127
-0.00429821
-0.00520829
-0.00617519
-0.0071196
-0.00790042
-0.00832922
-0.00823078
-0.00752152
-0.00620424
-0.00433182
-0.00200988
0.000590362
0.00322068
0.0055626
0.00727193
0.00808955
0.00797316
0.0071129
0.00589679
0.00470562
0.00388109
0.00348466
0.00345665
0.00355385
0.00363595
-2.11334e-05
-6.55614e-05
-0.000162046
-0.000269283
-0.000345163
-0.00039727
-0.000466653
-0.00057016
-0.000701367
-0.000871223
-0.00114317
-0.00156605
-0.00211983
-0.00281344
-0.00369933
-0.00477978
-0.00598465
-0.00717511
-0.00820012
-0.00893062
-0.00925789
-0.00910155
-0.00841877
-0.00718894
-0.00543655
-0.00324241
-0.00075287
0.00180932
0.00414485
0.00592479
0.00688579
0.00694757
0.00626765
0.00520898
0.00411723
0.00338255
0.00312638
0.0032261
0.00342302
0.00354354
-3.56188e-05
-0.000113766
-0.000232073
-0.000327903
-0.000369147
-0.000372586
-0.000395153
-0.000471346
-0.000621596
-0.000864338
-0.00126728
-0.00191002
-0.00281488
-0.00393763
-0.00521734
-0.00658405
-0.00794271
-0.00918138
-0.0101882
-0.0108634
-0.0111374
-0.0109617
-0.0103015
-0.00914249
-0.00750323
-0.00543306
-0.00303736
-0.000499355
0.00192419
0.00392455
0.00522054
0.00566951
0.00536179
0.00459295
0.00372459
0.00310332
0.00286338
0.00294266
0.00316575
0.00330337
-8.0403e-06
-0.000130857
-0.000271831
-0.000355703
-0.000367291
-0.000359077
-0.000382441
-0.000489014
-0.000759489
-0.0012825
-0.00210467
-0.00323258
-0.00460334
-0.00611978
-0.00768249
-0.0092069
-0.010611
-0.0118316
-0.0127964
-0.0134344
-0.0136956
-0.0135568
-0.0129987
-0.0119849
-0.0105225
-0.00864714
-0.00642538
-0.00397474
-0.00147504
0.000828654
0.00265724
0.00377746
0.00412989
0.00389625
0.00340011
0.00296599
0.0027717
0.00280799
0.00296975
0.00305235
0.000146338
-3.3977e-05
-0.000188701
-0.000276962
-0.000306321
-0.000341785
-0.000471507
-0.000793693
-0.00141903
-0.00241757
-0.00376937
-0.00538695
-0.0071469
-0.00894195
-0.0106758
-0.0122785
-0.0136936
-0.0148746
-0.0157772
-0.0163632
-0.0166115
-0.0165054
-0.0160194
-0.0151629
-0.0139319
-0.0123395
-0.0104151
-0.00820812
-0.00580916
-0.00336132
-0.00106518
0.000839208
0.00214411
0.00279848
0.00296565
0.00289967
0.00282308
0.00284461
0.00288245
0.00287253
0.000491022
0.000243329
5.92593e-05
-7.16813e-05
-0.000188761
-0.000389841
-0.000797245
-0.00153779
-0.00268998
-0.00424007
-0.00608585
-0.00808811
-0.0101109
-0.0120476
-0.0138257
-0.0153936
-0.0167212
-0.0177841
-0.0185657
-0.0190479
-0.0192236
-0.019106
-0.0186868
-0.0179737
-0.016967
-0.0156732
-0.0140995
-0.0122541
-0.0101533
-0.00783687
-0.00539004
-0.00295917
-0.00075692
0.00098155
0.00211697
0.00269016
0.00287495
0.00290466
0.00282995
0.00273206
0.00101149
0.000697122
0.00044754
0.000218862
-8.59662e-05
-0.000598456
-0.00145431
-0.00275187
-0.00448613
-0.0065477
-0.00877433
-0.0110071
-0.0131245
-0.0150466
-0.0167313
-0.0181582
-0.0193253
-0.0202343
-0.0208879
-0.0212829
-0.0214176
-0.0212951
-0.0209267
-0.0203136
-0.0194646
-0.0183886
-0.0170939
-0.0155811
-0.013838
-0.0118403
-0.00956653
-0.00703042
-0.00432948
-0.00168727
0.000550365
0.00206497
0.00276078
0.00285594
0.00271332
0.00254712
0.00161976
0.00123362
0.000879683
0.000483494
-0.000113589
-0.00106878
-0.00248865
-0.00438565
-0.00664745
-0.00909153
-0.011532
-0.013828
-0.0158945
-0.0176952
-0.0192254
-0.0204954
-0.0215217
-0.0223165
-0.0228871
-0.0232345
-0.0233565
-0.0232495
-0.0229186
-0.0223714
-0.0216179
-0.0206702
-0.0195421
-0.0182417
-0.016762
-0.0150706
-0.0131054
-0.0107859
-0.00805666
-0.00497996
-0.00185928
0.000741129
0.00227386
0.00265797
0.00251527
0.00227865
0.00217888
0.0016978
0.00119921
0.000576017
-0.000402921
-0.00188332
-0.00389341
-0.00632656
-0.00898022
-0.0116382
-0.0141322
-0.0163661
-0.0183064
-0.0199594
-0.0213496
-0.0225032
-0.02344
-0.0241705
-0.0246987
-0.0250247
-0.0251457
-0.025058
-0.0247627
-0.0242672
-0.023579
-0.0227096
-0.0216739
-0.0204857
-0.01915
-0.0176509
-0.0159374
-0.0139149
-0.0114494
-0.00842414
-0.00491084
-0.001417
0.00116283
0.00224664
0.00225335
0.00187421
0.00249301
0.00191624
0.00124912
0.000353438
-0.00105742
-0.0030679
-0.00559744
-0.0084295
-0.0113096
-0.0140278
-0.0164625
-0.0185743
-0.020377
-0.0219059
-0.0231977
-0.0242789
-0.0251647
-0.0258609
-0.0263683
-0.0266855
-0.0268104
-0.0267411
-0.0264784
-0.0260271
-0.0253924
-0.0245831
-0.02361
-0.0224856
-0.0212204
-0.019815
-0.0182458
-0.0164459
-0.0142867
-0.011579
-0.00817049
-0.00424771
-0.000656683
0.00147212
0.00184366
0.00129257
0.00243014
0.00175306
0.000908951
-0.000276552
-0.00210318
-0.0045737
-0.00749017
-0.0105601
-0.0135154
-0.016183
-0.0185012
-0.0204817
-0.0221691
-0.0236099
-0.0248389
-0.0258764
-0.0267315
-0.0274066
-0.0279014
-0.0282147
-0.0283454
-0.028293
-0.028059
-0.0276463
-0.0270583
-0.0263008
-0.0253808
-0.0243067
-0.0230871
-0.0217281
-0.020226
-0.01855
-0.0166153
-0.0142537
-0.0112198
-0.0073673
-0.00312837
0.000127294
0.00111136
0.000558529
0.00189551
0.00114106
0.000133327
-0.00131887
-0.00349364
-0.00630469
-0.00945681
-0.0126164
-0.015532
-0.0180864
-0.0202733
-0.0221391
-0.0237404
-0.0251216
-0.0263096
-0.0273174
-0.0281501
-0.0288089
-0.0292939
-0.0296045
-0.0297409
-0.0297039
-0.0294948
-0.0291159
-0.0285691
-0.027858
-0.0269868
-0.0259599
-0.0247825
-0.02346
-0.0219956
-0.0203817
-0.0185776
-0.0164743
-0.0138509
-0.0103889
-0.00602309
-0.00183887
5.26452e-05
-0.000275079
0.000895777
9.64385e-05
-0.00104106
-0.00270531
-0.00513122
-0.00814977
-0.0113974
-0.0145299
-0.0173346
-0.019752
-0.0218166
-0.0235904
-0.0251287
-0.0264672
-0.0276245
-0.0286082
-0.0294213
-0.0300654
-0.0305414
-0.0308495
-0.030991
-0.0309672
-0.0307797
-0.0304301
-0.0299195
-0.0292502
-0.0284241
-0.0274433
-0.02631
-0.0250269
-0.0235977
-0.0220248
-0.0202958
-0.018355
-0.0160558
-0.01308
-0.00902019
-0.00430914
-0.00133306
-0.00129789
-0.000475662
-0.00128672
-0.00251255
-0.00432105
-0.00689472
-0.00999995
-0.0132326
-0.0162606
-0.0189213
-0.0212032
-0.0231627
-0.0248638
-0.0263535
-0.0276577
-0.0287881
-0.0297495
-0.0305443
-0.0311744
-0.0316419
-0.0319477
-0.0320934
-0.032081
-0.0319119
-0.0315876
-0.0311087
-0.0304765
-0.0296918
-0.0287552
-0.0276672
-0.0264284
-0.0250408
-0.0235092
-0.0218351
-0.0199982
-0.0179196
-0.015374
-0.0118463
-0.00709404
-0.00316878
-0.00267654
-0.00207724
-0.00287087
-0.00414453
-0.00603196
-0.00866334
-0.0117615
-0.0149047
-0.0177887
-0.0203
-0.0224595
-0.0243314
-0.0259737
-0.0274227
-0.0286963
-0.0298015
-0.0307416
-0.031519
-0.0321363
-0.0325959
-0.0328994
-0.0330487
-0.0330459
-0.0328925
-0.0325899
-0.0321383
-0.0315388
-0.0307914
-0.0298962
-0.0288526
-0.0276604
-0.0263207
-0.0248375
-0.0232181
-0.0214608
-0.0195333
-0.0173124
-0.0143519
-0.0099686
-0.00549528
-0.00448151
-0.00375361
-0.00450779
-0.00579738
-0.00770899
-0.0103313
-0.0133611
-0.0163752
-0.0191053
-0.0214783
-0.0235329
-0.0253323
-0.026925
-0.0283382
-0.0295833
-0.0306647
-0.0315849
-0.0323465
-0.0329523
-0.033405
-0.0337064
-0.0338587
-0.0338639
-0.0337237
-0.0334392
-0.0330107
-0.0324392
-0.0317248
-0.0308671
-0.0298656
-0.02872
-0.0274309
-0.0260021
-0.0244422
-0.0227602
-0.0209514
-0.0189648
-0.0164972
-0.0127186
-0.0081996
-0.00666155
-0.00536175
-0.00606141
-0.00734253
-0.00924272
-0.0118149
-0.0147456
-0.0176202
-0.0202065
-0.0224603
-0.0244281
-0.0261674
-0.027718
-0.0290991
-0.0303182
-0.0313779
-0.0322804
-0.0330282
-0.0336242
-0.0340711
-0.0343709
-0.0345257
-0.0345375
-0.0344078
-0.034138
-0.0337285
-0.0331803
-0.0324938
-0.031669
-0.0307057
-0.029604
-0.0283649
-0.0269927
-0.0254966
-0.023891
-0.0221881
-0.0203784
-0.0182974
-0.0151754
-0.0110456
-0.00906394
-0.00678122
-0.00742014
-0.00867899
-0.0105477
-0.0130521
-0.0158801
-0.0186253
-0.0210892
-0.0232464
-0.0251447
-0.0268354
-0.0283503
-0.0297038
-0.0309002
-0.0319413
-0.032829
-0.0335656
-0.0341537
-0.0345962
-0.0348949
-0.0350518
-0.0350686
-0.0349471
-0.0346886
-0.0342938
-0.033764
-0.0331001
-0.0323026
-0.0313722
-0.0303096
-0.0291169
-0.0277992
-0.026367
-0.0248375
-0.0232354
-0.0215701
-0.0197822
-0.0172528
-0.0137879
-0.0114569
-0.00791875
-0.00850147
-0.0097372
-0.0115693
-0.014005
-0.0167389
-0.0193795
-0.0217497
-0.0238344
-0.0256802
-0.0273329
-0.0288194
-0.0301501
-0.0313283
-0.0323548
-0.0332312
-0.0339596
-0.0345423
-0.0349819
-0.03528
-0.0354385
-0.0354592
-0.0353434
-0.0350928
-0.0347084
-0.0341918
-0.0335445
-0.032768
-0.0318638
-0.0308337
-0.0296811
-0.0284124
-0.0270395
-0.0255815
-0.0240739
-0.0225309
-0.0209721
-0.0189448
-0.0162355
-0.0136022
-0.00871219
-0.00925273
-0.0104775
-0.0122769
-0.01465
-0.0173118
-0.0198775
-0.0221851
-0.024222
-0.0260316
-0.027657
-0.0291222
-0.0304363
-0.0316013
-0.0326178
-0.033487
-0.0342105
-0.0347904
-0.0352287
-0.0355269
-0.0356868
-0.0357099
-0.0355976
-0.0353516
-0.0349731
-0.0344643
-0.0338274
-0.0330645
-0.0321785
-0.0311725
-0.0300512
-0.0288227
-0.0275007
-0.0261052
-0.0246825
-0.0232417
-0.0218634
-0.0202485
-0.01822
-0.0154218
-0.00912694
-0.009657
-0.0108829
-0.0126584
-0.0149787
-0.0175957
-0.0201209
-0.0223951
-0.0244061
-0.0261952
-0.0278043
-0.0292566
-0.0305608
-0.0317186
-0.0327304
-0.0335969
-0.0343193
-0.0348992
-0.0353382
-0.0356374
-0.0357985
-0.0358227
-0.0357115
-0.0354666
-0.0350894
-0.0345827
-0.0339493
-0.0331922
-0.0323152
-0.0313229
-0.0302218
-0.0290213
-0.027738
-0.0263931
-0.0250419
-0.0236819
-0.0224406
-0.0211291
-0.0195746
-0.0170049
-0.00917182
-0.00971861
-0.0109568
-0.0127185
-0.0150034
-0.0175896
-0.0201093
-0.0223779
-0.0243826
-0.0261661
-0.0277702
-0.0292187
-0.0305205
-0.0316778
-0.0326908
-0.0335596
-0.0342849
-0.034868
-0.0353099
-0.0356115
-0.0357739
-0.0357983
-0.0356859
-0.0354386
-0.035058
-0.0345474
-0.0339103
-0.0331505
-0.0322727
-0.031283
-0.0301891
-0.0290023
-0.0277419
-0.0264304
-0.0251322
-0.0238303
-0.0226936
-0.0215795
-0.0203002
-0.0182901
-0.00890135
-0.00947008
-0.0107246
-0.0124798
-0.0147398
-0.0173055
-0.0198394
-0.0221269
-0.0241467
-0.0259408
-0.0275521
-0.0290062
-0.0303138
-0.0314775
-0.0324977
-0.0333741
-0.0341071
-0.034697
-0.0351445
-0.03545
-0.0356142
-0.0356381
-0.0355224
-0.0352695
-0.0348807
-0.0343598
-0.0337108
-0.0329386
-0.0320491
-0.0310494
-0.0299488
-0.0287601
-0.0275046
-0.0262048
-0.0249361
-0.0236643
-0.0226145
-0.0216162
-0.0205262
-0.0190766
-0.00840809
-0.00896719
-0.0102315
-0.0119784
-0.0142073
-0.0167566
-0.0193105
-0.0216353
-0.0236918
-0.0255146
-0.0271464
-0.0286161
-0.0299375
-0.0311149
-0.0321488
-0.0330388
-0.0337845
-0.0343856
-0.034842
-0.0351536
-0.0353206
-0.0353437
-0.0352232
-0.0349615
-0.03456
-0.0340226
-0.0333537
-0.0325589
-0.0316451
-0.0306209
-0.0294973
-0.0282884
-0.0270168
-0.0257097
-0.024439
-0.0231653
-0.0221974
-0.0212393
-0.0203295
-0.0192837
-0.00779202
-0.00829145
-0.0095304
-0.0112556
-0.0134399
-0.0159608
-0.0185316
-0.0209055
-0.0230153
-0.0248826
-0.0265481
-0.0280444
-0.0293886
-0.0305876
-0.0316425
-0.0325527
-0.0333168
-0.0339339
-0.034403
-0.0347234
-0.0348946
-0.0349172
-0.0347904
-0.0345169
-0.0340981
-0.0335379
-0.0328411
-0.0320137
-0.0310633
-0.0299994
-0.0288346
-0.027585
-0.0262755
-0.0249358
-0.0236386
-0.0223563
-0.0214098
-0.0204517
-0.0197242
-0.018921
-0.00713926
-0.00753082
-0.00868741
-0.0103641
-0.0124813
-0.0149458
-0.0175151
-0.0199371
-0.0221105
-0.0240364
-0.0257499
-0.0272849
-0.0286627
-0.0298925
-0.0309767
-0.0319144
-0.0327036
-0.0333424
-0.0338288
-0.0341613
-0.0343386
-0.0343605
-0.0342276
-0.0339399
-0.0334994
-0.0329101
-0.0321768
-0.031306
-0.0303057
-0.0291862
-0.0279614
-0.0266496
-0.025278
-0.0238797
-0.0225305
-0.0212089
-0.0202579
-0.0192895
-0.018718
-0.0180489
-0.00651075
-0.00676882
-0.00778459
-0.00936569
-0.011379
-0.0137454
-0.0162754
-0.0187276
-0.0209662
-0.0229629
-0.0247395
-0.0263282
-0.0277524
-0.0290244
-0.0301479
-0.0311221
-0.0319443
-0.0326116
-0.0331211
-0.0334702
-0.0336567
-0.0336802
-0.0335398
-0.0332357
-0.0327696
-0.0321449
-0.0313666
-0.030441
-0.0293766
-0.0281845
-0.02688
-0.0254826
-0.0240236
-0.0225402
-0.0211123
-0.0197256
-0.0187517
-0.01775
-0.0173379
-0.016728
-0.00594541
-0.00607774
-0.0068951
-0.00831543
-0.0101775
-0.0123972
-0.0148351
-0.0172796
-0.0195704
-0.0216441
-0.0234996
-0.0251596
-0.0266471
-0.027976
-0.0291515
-0.0301734
-0.0310385
-0.0317427
-0.0322823
-0.0326534
-0.0328531
-0.0328803
-0.0327331
-0.0324111
-0.0319158
-0.0312497
-0.0304178
-0.029426
-0.0282828
-0.027
-0.0255941
-0.0240868
-0.0225141
-0.0209178
-0.0193845
-0.0179113
-0.0169014
-0.0158592
-0.0155739
-0.0149874
-0.00547026
-0.0054994
-0.00607411
-0.00726925
-0.0089222
-0.0109395
-0.0132214
-0.0156012
-0.0179132
-0.0200592
-0.0220064
-0.0237583
-0.0253305
-0.0267359
-0.0279805
-0.0290647
-0.0299851
-0.030737
-0.0313153
-0.0317155
-0.0319336
-0.0319678
-0.0318153
-0.0314747
-0.030947
-0.0302339
-0.0293398
-0.0282701
-0.027033
-0.0256406
-0.0241108
-0.0224683
-0.0207549
-0.0190185
-0.0173546
-0.0157757
-0.014719
-0.0136215
-0.0134376
-0.0128244
-0.0050932
-0.00503518
-0.0053606
-0.00628222
-0.00766498
-0.00941472
-0.0114696
-0.0137123
-0.015993
-0.0181894
-0.0202325
-0.0220964
-0.0237791
-0.0252867
-0.0266235
-0.0277897
-0.028782
-0.0295952
-0.0302235
-0.0306617
-0.030905
-0.0309508
-0.0307954
-0.0304365
-0.029874
-0.0291087
-0.0281443
-0.0269852
-0.0256389
-0.0241178
-0.0224416
-0.0206386
-0.0187585
-0.0168564
-0.0150399
-0.013341
-0.0122294
-0.0110522
-0.0109539
-0.0102334
-0.00478537
-0.00465412
-0.00478566
-0.00540377
-0.00645455
-0.00786581
-0.00961841
-0.0116433
-0.0138224
-0.0160272
-0.0181553
-0.0201443
-0.0219642
-0.0236047
-0.0250632
-0.0263373
-0.0274234
-0.0283159
-0.0290089
-0.0294969
-0.0297743
-0.0298378
-0.0296832
-0.0293073
-0.0287088
-0.0278874
-0.0268451
-0.0255856
-0.0241159
-0.0224485
-0.0206051
-0.0186188
-0.0165478
-0.0144565
-0.0124701
-0.0106454
-0.00947625
-0.0081958
-0.00818053
-0.00728636
-0.00450398
-0.00434137
-0.00436594
-0.00467542
-0.00533155
-0.00633612
-0.00770942
-0.00943612
-0.0114354
-0.0135879
-0.0157702
-0.0178827
-0.0198598
-0.0216645
-0.0232784
-0.0246924
-0.0258999
-0.0268949
-0.0276714
-0.028224
-0.028547
-0.0286363
-0.0284879
-0.028098
-0.0274641
-0.0265845
-0.0254588
-0.0240907
-0.0224868
-0.0206598
-0.0186332
-0.0164456
-0.0141634
-0.0118629
-0.00969098
-0.00773365
-0.00649358
-0.00508408
-0.00521373
-0.00414348
-0.00424265
-0.00412556
-0.00409075
-0.00411558
-0.00433573
-0.0048651
-0.00578715
-0.00714227
-0.00888832
-0.010922
-0.0131102
-0.0153238
-0.0174608
-0.0194511
-0.021252
-0.0228397
-0.0242006
-0.025326
-0.0262092
-0.0268449
-0.0272277
-0.0273536
-0.0272191
-0.0268205
-0.0261545
-0.025218
-0.024009
-0.0225301
-0.020788
-0.018796
-0.0165796
-0.0141829
-0.0116788
-0.00915662
-0.0067825
-0.00466416
-0.00328853
-0.00168462
-0.00202148
-0.000681051
-0.00405267
-0.0040027
-0.00391027
-0.00368972
-0.00347353
-0.00347921
-0.00389384
-0.00482249
-0.00626156
-0.00812031
-0.0102627
-0.0125396
-0.0148172
-0.0169931
-0.0189968
-0.0207834
-0.0223264
-0.0236103
-0.0246258
-0.0253664
-0.0258265
-0.0260033
-0.025894
-0.0254956
-0.0248042
-0.0238181
-0.0225341
-0.0209521
-0.0190789
-0.0169294
-0.0145316
-0.0119337
-0.0092133
-0.00647106
-0.00388323
-0.00155469
7.98909e-05
0.00203747
0.00173541
0.00403964
-0.0038815
-0.00391694
-0.00376869
-0.0033339
-0.00270235
-0.00218162
-0.0020715
-0.00255095
-0.00365815
-0.0053115
-0.00736771
-0.0096652
-0.0120486
-0.0143887
-0.0165878
-0.0185786
-0.0203176
-0.0217787
-0.022947
-0.0238135
-0.0243709
-0.0246163
-0.0245482
-0.0241657
-0.0234624
-0.0224402
-0.0210964
-0.0194304
-0.0174483
-0.0151662
-0.0126135
-0.00983984
-0.00692496
-0.00397739
-0.00117267
0.00141178
0.00341674
0.00595552
0.00639484
0.0108946
-0.00362878
-0.00376738
-0.00358991
-0.00293585
-0.00193071
-0.00094269
-0.000356705
-0.000421032
-0.00121313
-0.00266493
-0.00462611
-0.00691855
-0.00937244
-0.0118405
-0.0142048
-0.016378
-0.0183008
-0.0199352
-0.0212585
-0.0222572
-0.0229223
-0.02325
-0.0232388
-0.0228874
-0.0221981
-0.0211639
-0.0197862
-0.0180692
-0.0160191
-0.0136487
-0.0109857
-0.00807637
-0.00499514
-0.00184494
0.00121933
0.00415603
0.00664922
0.00999564
0.0114968
0.0179831
-0.00359117
-0.00369533
-0.00334724
-0.00242161
-0.00107801
0.000272216
0.00122846
0.00148472
0.000938352
-0.000348483
-0.00222401
-0.00450343
-0.00700491
-0.00956821
-0.0120623
-0.0143863
-0.0164677
-0.0182575
-0.0197249
-0.0208505
-0.021624
-0.0220422
-0.0221028
-0.0218044
-0.0211474
-0.0201309
-0.0187559
-0.0170308
-0.0149623
-0.0125548
-0.00983149
-0.00682826
-0.00359515
-0.000193195
0.00329465
0.00691123
0.0103925
0.0151316
0.0165182
0.0215549
-0.00259108
-0.0027374
-0.00254365
-0.00161239
-8.73839e-05
0.00152708
0.00273319
0.00321257
0.00283424
0.00166003
-0.00015392
-0.00242445
-0.00496575
-0.00760898
-0.0102132
-0.0126672
-0.0148882
-0.0168183
-0.0184186
-0.0196652
-0.0205461
-0.0210559
-0.0211915
-0.0209524
-0.0203399
-0.0193567
-0.0180103
-0.0163051
-0.014264
-0.0118741
-0.00914856
-0.00610423
-0.00274398
0.000980394
0.00515006
0.0100344
0.015676
0.0234948
0.0244155
0.0289641
-0.00495427
-0.0048888
-0.0038829
-0.00192817
0.000306997
0.0022786
0.00364125
0.00422357
0.00394242
0.00285529
0.00110175
-0.00114541
-0.00370279
-0.00639587
-0.00907412
-0.0116169
-0.013933
-0.0159578
-0.017648
-0.0189775
-0.019932
-0.0205044
-0.0206924
-0.020497
-0.0199222
-0.0189733
-0.0176565
-0.0159728
-0.013911
-0.0115113
-0.00875823
-0.00564359
-0.00212275
0.00194036
0.00680464
0.0131442
0.0215967
0.034069
0.040784
0.0712447
-0.00344838
4.26876e-05
0.000764999
0.000964907
0.00198896
0.00336403
0.0043887
0.00472645
0.0042861
0.00312896
0.00136897
-0.00085398
-0.00337921
-0.00604424
-0.00870355
-0.0112376
-0.0135537
-0.0155847
-0.0172851
-0.018627
-0.0195949
-0.0201796
-0.0203776
-0.0201896
-0.0196181
-0.0186664
-0.0173377
-0.0156347
-0.0135633
-0.0111402
-0.00837353
-0.00519907
-0.00155637
0.00268905
0.00777098
0.0143277
0.0227483
0.0374519
0.0609686
0.154628
)
;

boundaryField
{
    movingWall
    {
        type            zeroGradient;
    }
    fixedWalls
    {
        type            zeroGradient;
    }
    frontAndBack
    {
        type            empty;
    }
}


// ************************************************************************* //
