/*--------------------------------*- C++ -*----------------------------------*\
| =========                 |                                                 |
| \\      /  F ield         | OpenFOAM: The Open Source CFD Toolbox           |
|  \\    /   O peration     | Version:  2412                                  |
|   \\  /    A nd           | Website:  www.openfoam.com                      |
|    \\/     M anipulation  |                                                 |
\*---------------------------------------------------------------------------*/
FoamFile
{
    version     2.0;
    format      ascii;
    arch        "LSB;label=32;scalar=64";
    class       surfaceScalarField;
    location    "9.75";
    object      phi;
}
// * * * * * * * * * * * * * * * * * * * * * * * * * * * * * * * * * * * * * //

dimensions      [0 3 -1 0 0 0 0];

oriented        oriented;

internalField   nonuniform List<scalar> 
3120
(
1.00897e-07
-1.009e-07
2.25734e-07
-1.24837e-07
3.10564e-07
-8.48302e-08
3.40326e-07
-2.97621e-08
3.34333e-07
5.99349e-09
3.18045e-07
1.62872e-08
2.95953e-07
2.20922e-08
2.55267e-07
4.06862e-08
1.81942e-07
7.33245e-08
5.07391e-08
1.31203e-07
-1.56168e-07
2.06907e-07
-4.60742e-07
3.04574e-07
-8.78859e-07
4.18117e-07
-1.3918e-06
5.12938e-07
-1.9613e-06
5.695e-07
-2.54662e-06
5.8532e-07
-3.10525e-06
5.5863e-07
-3.59764e-06
4.92395e-07
-3.99404e-06
3.96402e-07
-4.2808e-06
2.86762e-07
-4.4575e-06
1.76692e-07
-4.52959e-06
7.20973e-08
-4.5018e-06
-2.77951e-08
-4.37394e-06
-1.27854e-07
-4.14276e-06
-2.31187e-07
-3.8049e-06
-3.37859e-07
-3.36018e-06
-4.44723e-07
-2.81482e-06
-5.45358e-07
-2.18517e-06
-6.29643e-07
-1.50116e-06
-6.84011e-07
-8.07881e-07
-6.93284e-07
-1.64433e-07
-6.43448e-07
3.71013e-07
-5.35445e-07
7.5068e-07
-3.79668e-07
9.41114e-07
-1.90433e-07
9.49906e-07
-8.79299e-09
7.68254e-07
1.81652e-07
4.84188e-07
2.84066e-07
2.01342e-07
2.82846e-07
2.01341e-07
1.54422e-07
-2.55322e-07
3.11677e-07
-2.82092e-07
4.0223e-07
-1.75384e-07
4.17976e-07
-4.55081e-08
3.70578e-07
5.33911e-08
2.76738e-07
1.10128e-07
1.2906e-07
1.69769e-07
-1.00318e-07
2.70064e-07
-4.41756e-07
4.14763e-07
-9.11117e-07
6.00563e-07
-1.5062e-06
8.01992e-07
-2.19e-06
9.88371e-07
-2.89733e-06
1.12545e-06
-3.57311e-06
1.18872e-06
-4.17867e-06
1.17506e-06
-4.6862e-06
1.09285e-06
-5.08659e-06
9.59014e-07
-5.38825e-06
7.9406e-07
-5.60773e-06
6.15879e-07
-5.75591e-06
4.34944e-07
-5.83486e-06
2.55638e-07
-5.83924e-06
7.64798e-08
-5.76172e-06
-1.05317e-07
-5.59674e-06
-2.92837e-07
-5.34033e-06
-4.87599e-07
-4.98814e-06
-6.90044e-07
-4.53714e-06
-8.95724e-07
-3.988e-06
-1.0945e-06
-3.34855e-06
-1.2691e-06
-2.63851e-06
-1.39405e-06
-1.89315e-06
-1.43864e-06
-1.16128e-06
-1.37532e-06
-5.04003e-07
-1.19272e-06
2.24363e-08
-9.06107e-07
3.9173e-07
-5.59727e-07
5.7318e-07
-1.90244e-07
5.97171e-07
1.57661e-07
4.59144e-07
4.22094e-07
2.21481e-07
5.20509e-07
4.22822e-07
1.72107e-07
-4.27429e-07
2.90464e-07
-4.00449e-07
3.1941e-07
-2.0433e-07
2.66924e-07
6.97789e-09
1.33153e-07
1.87162e-07
-9.52169e-08
3.38498e-07
-4.38289e-07
5.12842e-07
-9.11661e-07
7.43435e-07
-1.51782e-06
1.02092e-06
-2.22421e-06
1.30696e-06
-2.97532e-06
1.5531e-06
-3.7024e-06
1.71545e-06
-4.35142e-06
1.77447e-06
-4.89667e-06
1.73397e-06
-5.3358e-06
1.61419e-06
-5.68001e-06
1.43706e-06
-5.94799e-06
1.22699e-06
-6.15538e-06
1.00145e-06
-6.31039e-06
7.70894e-07
-6.41507e-06
5.39622e-07
-6.46691e-06
3.07477e-07
-6.46233e-06
7.18936e-08
-6.39932e-06
-1.68327e-07
-6.27198e-06
-4.20175e-07
-6.07248e-06
-6.87098e-07
-5.79363e-06
-9.6889e-07
-5.42716e-06
-1.26219e-06
-4.96509e-06
-1.55657e-06
-4.40335e-06
-1.83085e-06
-3.74588e-06
-2.05152e-06
-3.01056e-06
-2.17396e-06
-2.23457e-06
-2.1513e-06
-1.47708e-06
-1.95021e-06
-8.09775e-07
-1.57342e-06
-2.96296e-07
-1.07321e-06
4.06035e-08
-5.27143e-07
2.12939e-07
-1.46745e-08
2.23764e-07
4.11269e-07
1.22249e-07
6.22024e-07
5.45071e-07
1.36893e-07
-5.64322e-07
1.68977e-07
-4.32533e-07
9.97945e-08
-1.35148e-07
-6.03719e-08
1.67144e-07
-3.17098e-07
4.43888e-07
-6.99573e-07
7.20973e-07
-1.22539e-06
1.03866e-06
-1.88379e-06
1.40184e-06
-2.62794e-06
1.76507e-06
-3.38592e-06
2.06494e-06
-4.08767e-06
2.25485e-06
-4.68901e-06
2.31679e-06
-5.17757e-06
2.26303e-06
-5.56271e-06
2.11911e-06
-5.86171e-06
1.91318e-06
-6.09524e-06
1.67059e-06
-6.27775e-06
1.4095e-06
-6.41768e-06
1.14138e-06
-6.51877e-06
8.71988e-07
-6.58355e-06
6.04402e-07
-6.61418e-06
3.38109e-07
-6.60945e-06
6.71623e-08
-6.56992e-06
-2.07856e-07
-6.49394e-06
-4.96153e-07
-6.37717e-06
-8.03875e-07
-6.21082e-06
-1.13524e-06
-5.98096e-06
-1.49205e-06
-5.6698e-06
-1.86773e-06
-5.25794e-06
-2.24271e-06
-4.72946e-06
-2.57999e-06
-4.07838e-06
-2.82505e-06
-3.31828e-06
-2.9114e-06
-2.49206e-06
-2.77643e-06
-1.67793e-06
-2.38755e-06
-9.75912e-07
-1.77522e-06
-4.5872e-07
-1.04434e-06
-1.41065e-07
-3.3233e-07
7.23847e-09
2.62965e-07
2.42158e-08
6.05047e-07
5.69287e-07
5.12686e-08
-6.1559e-07
-2.35315e-08
-3.57733e-07
-1.98044e-07
3.9365e-08
-4.69015e-07
4.38115e-07
-8.58865e-07
8.33738e-07
-1.38954e-06
1.25165e-06
-2.05145e-06
1.70056e-06
-2.78955e-06
2.13994e-06
-3.52638e-06
2.5019e-06
-4.193e-06
2.73155e-06
-4.74878e-06
2.81064e-06
-5.18577e-06
2.75377e-06
-5.51501e-06
2.59228e-06
-5.75639e-06
2.36049e-06
-5.92905e-06
2.08584e-06
-6.04891e-06
1.79046e-06
-6.12669e-06
1.48728e-06
-6.17133e-06
1.18602e-06
-6.19041e-06
8.91065e-07
-6.18972e-06
6.03712e-07
-6.17345e-06
3.21835e-07
-6.14879e-06
4.25014e-08
-6.11725e-06
-2.39388e-07
-6.08089e-06
-5.32516e-07
-6.03924e-06
-8.45522e-07
-5.98697e-06
-1.18751e-06
-5.91295e-06
-1.56607e-06
-5.79718e-06
-1.9835e-06
-5.60881e-06
-2.43108e-06
-5.30856e-06
-2.88024e-06
-4.85817e-06
-3.27544e-06
-4.23545e-06
-3.53412e-06
-3.45005e-06
-3.56183e-06
-2.55824e-06
-3.27936e-06
-1.67092e-06
-2.66255e-06
-9.27327e-07
-1.78792e-06
-4.19582e-07
-8.40075e-07
-1.39002e-07
-1.76148e-08
-2.58939e-08
4.91939e-07
5.43393e-07
-6.11743e-08
-5.54416e-07
-2.46564e-07
-1.72343e-07
-5.25948e-07
3.18749e-07
-9.11467e-07
8.23634e-07
-1.42379e-06
1.34606e-06
-2.05851e-06
1.88637e-06
-2.76713e-06
2.40917e-06
-3.47307e-06
2.84589e-06
-4.10532e-06
3.13415e-06
-4.62133e-06
3.24756e-06
-5.01023e-06
3.19954e-06
-5.28264e-06
3.02618e-06
-5.45843e-06
2.76806e-06
-5.55856e-06
2.46062e-06
-5.60231e-06
2.1296e-06
-5.60577e-06
1.79391e-06
-5.58309e-06
1.4646e-06
-5.54568e-06
1.14862e-06
-5.50219e-06
8.47573e-07
-5.45834e-06
5.59857e-07
-5.41787e-06
2.81371e-07
-5.38304e-06
7.67031e-09
-5.35146e-06
-2.70974e-07
-5.32687e-06
-5.57098e-07
-5.31313e-06
-8.59264e-07
-5.31398e-06
-1.18666e-06
-5.33043e-06
-1.54962e-06
-5.35535e-06
-1.95858e-06
-5.36655e-06
-2.41989e-06
-5.32049e-06
-2.92629e-06
-5.15334e-06
-3.4426e-06
-4.79536e-06
-3.8921e-06
-4.20021e-06
-4.15697e-06
-3.37548e-06
-4.10409e-06
-2.40249e-06
-3.63554e-06
-1.44252e-06
-2.74789e-06
-6.8715e-07
-1.59544e-06
-2.24205e-07
-4.8056e-07
-3.35307e-08
3.01265e-07
5.09862e-07
-1.76785e-07
-3.77631e-07
-4.71395e-07
1.22267e-07
-8.51746e-07
6.991e-07
-1.33861e-06
1.31049e-06
-1.93464e-06
1.9421e-06
-2.60289e-06
2.55462e-06
-3.27483e-06
3.08112e-06
-3.87912e-06
3.45017e-06
-4.36638e-06
3.62142e-06
-4.71908e-06
3.60026e-06
-4.94521e-06
3.42567e-06
-5.0662e-06
3.14718e-06
-5.10791e-06
2.80976e-06
-5.09516e-06
2.44787e-06
-5.05047e-06
2.08491e-06
-4.99181e-06
1.73525e-06
-4.93213e-06
1.40493e-06
-4.87803e-06
1.09452e-06
-4.83123e-06
8.00773e-07
-4.79017e-06
5.18798e-07
-4.75213e-06
2.43328e-07
-4.71402e-06
-3.04415e-08
-4.67707e-06
-3.07924e-07
-4.6425e-06
-5.91668e-07
-4.61525e-06
-8.86517e-07
-4.60373e-06
-1.19818e-06
-4.61865e-06
-1.5347e-06
-4.6696e-06
-1.90763e-06
-4.75766e-06
-2.33183e-06
-4.86317e-06
-2.82078e-06
-4.93267e-06
-3.3731e-06
-4.87574e-06
-3.94902e-06
-4.58622e-06
-4.44649e-06
-3.99009e-06
-4.70023e-06
-3.0988e-06
-4.52683e-06
-2.0375e-06
-3.80919e-06
-1.04179e-06
-2.59115e-06
-3.55284e-07
-1.16707e-06
-4.509e-08
-8.9288e-09
4.64772e-07
-2.87501e-07
-9.01293e-08
-6.75097e-07
5.09862e-07
-1.14152e-06
1.16553e-06
-1.6986e-06
1.86757e-06
-2.324e-06
2.5675e-06
-2.96321e-06
3.19383e-06
-3.54773e-06
3.66564e-06
-4.0212e-06
3.92364e-06
-4.35618e-06
3.9564e-06
-4.55577e-06
3.79984e-06
-4.64284e-06
3.51274e-06
-4.64864e-06
3.15298e-06
-4.60465e-06
2.76577e-06
-4.5383e-06
2.38152e-06
-4.47013e-06
2.01674e-06
-4.41189e-06
1.67702e-06
-4.36739e-06
1.36043e-06
-4.3345e-06
1.06163e-06
-4.30842e-06
7.74691e-07
-4.28397e-06
4.94344e-07
-4.25709e-06
2.16454e-07
-4.22531e-06
-6.22284e-08
-4.18881e-06
-3.4442e-07
-4.14805e-06
-6.32426e-07
-4.10589e-06
-9.28679e-07
-4.06836e-06
-1.23571e-06
-4.04571e-06
-1.55735e-06
-4.05311e-06
-1.90024e-06
-4.10828e-06
-2.27665e-06
-4.22251e-06
-2.70654e-06
-4.38213e-06
-3.21348e-06
-4.52554e-06
-3.80561e-06
-4.53449e-06
-4.43755e-06
-4.26428e-06
-4.97043e-06
-3.61876e-06
-5.17235e-06
-2.63148e-06
-4.79648e-06
-1.50181e-06
-3.72082e-06
-5.62196e-07
-2.10668e-06
-7.40939e-08
-4.97031e-07
3.90678e-07
-3.76702e-07
2.86573e-07
-8.3954e-07
9.72699e-07
-1.36566e-06
1.69165e-06
-1.95033e-06
2.45223e-06
-2.55835e-06
3.17552e-06
-3.12993e-06
3.76541e-06
-3.60449e-06
4.1402e-06
-3.94308e-06
4.26223e-06
-4.13946e-06
4.15278e-06
-4.2155e-06
3.87588e-06
-4.2067e-06
3.50395e-06
-4.15044e-06
3.09671e-06
-4.07843e-06
2.69377e-06
-4.01255e-06
2.31563e-06
-3.96333e-06
1.96752e-06
-3.93171e-06
1.6454e-06
-3.91317e-06
1.34188e-06
-3.90141e-06
1.04987e-06
-3.89093e-06
7.64212e-07
-3.87782e-06
4.81231e-07
-3.85975e-06
1.98381e-07
-3.83559e-06
-8.63854e-08
-3.80501e-06
-3.74997e-07
-3.76806e-06
-6.69374e-07
-3.7257e-06
-9.71048e-07
-3.68019e-06
-1.28122e-06
-3.63642e-06
-1.60111e-06
-3.60394e-06
-1.93272e-06
-3.5994e-06
-2.28119e-06
-3.64655e-06
-2.65939e-06
-3.76675e-06
-3.09328e-06
-3.95299e-06
-3.61938e-06
-4.13361e-06
-4.25693e-06
-4.1577e-06
-4.94634e-06
-3.84329e-06
-5.48675e-06
-3.08992e-06
-5.54985e-06
-1.98899e-06
-4.82176e-06
-8.65589e-07
-3.23008e-06
-1.58185e-07
-1.20443e-06
2.32493e-07
-4.40996e-07
7.27569e-07
-9.50884e-07
1.48259e-06
-1.50294e-06
2.24371e-06
-2.0794e-06
3.02869e-06
-2.63906e-06
3.73517e-06
-3.12399e-06
4.25033e-06
-3.48497e-06
4.50119e-06
-3.70176e-06
4.47901e-06
-3.78925e-06
4.24027e-06
-3.7843e-06
3.87093e-06
-3.72899e-06
3.44864e-06
-3.65929e-06
3.02701e-06
-3.59903e-06
2.63351e-06
-3.55832e-06
2.27492e-06
-3.53659e-06
1.9458e-06
-3.52784e-06
1.63665e-06
-3.52528e-06
1.33932e-06
-3.52366e-06
1.04825e-06
-3.51968e-06
7.60235e-07
-3.5116e-06
4.7315e-07
-3.49857e-06
1.85348e-07
-3.48017e-06
-1.04781e-07
-3.45621e-06
-3.98959e-07
-3.42667e-06
-6.98913e-07
-3.39171e-06
-1.00601e-06
-3.35174e-06
-1.32119e-06
-3.30798e-06
-1.64488e-06
-3.26367e-06
-1.97703e-06
-3.22674e-06
-2.31813e-06
-3.21388e-06
-2.67225e-06
-3.25316e-06
-3.054e-06
-3.37462e-06
-3.49791e-06
-3.57478e-06
-4.05677e-06
-3.76319e-06
-4.75793e-06
-3.74649e-06
-5.50345e-06
-3.31286e-06
-5.98348e-06
-2.39863e-06
-5.73598e-06
-1.22158e-06
-4.40713e-06
-2.81483e-07
-2.14453e-06
-4.89897e-08
-4.73527e-07
1.2011e-06
-1.00261e-06
2.01166e-06
-1.55008e-06
2.79119e-06
-2.09237e-06
3.57098e-06
-2.58663e-06
4.22943e-06
-2.98012e-06
4.64382e-06
-3.23711e-06
4.75819e-06
-3.35756e-06
4.59946e-06
-3.37377e-06
4.25648e-06
-3.33039e-06
3.82755e-06
-3.26789e-06
3.38614e-06
-3.21354e-06
2.97265e-06
-3.17897e-06
2.59895e-06
-3.16354e-06
2.25948e-06
-3.16073e-06
1.94299e-06
-3.16353e-06
1.63945e-06
-3.16693e-06
1.34272e-06
-3.16819e-06
1.04951e-06
-3.16606e-06
7.581e-07
-3.16006e-06
4.67158e-07
-3.15006e-06
1.75341e-07
-3.13594e-06
-1.189e-07
-3.11768e-06
-4.17214e-07
-3.09533e-06
-7.21271e-07
-3.06883e-06
-1.0325e-06
-3.03806e-06
-1.35196e-06
-3.00282e-06
-1.68011e-06
-2.96325e-06
-2.0166e-06
-2.92103e-06
-2.36035e-06
-2.88265e-06
-2.71063e-06
-2.86526e-06
-3.07139e-06
-2.90168e-06
-3.46149e-06
-3.02905e-06
-3.9294e-06
-3.2384e-06
-4.54858e-06
-3.40194e-06
-5.33992e-06
-3.27363e-06
-6.11179e-06
-2.64109e-06
-6.36852e-06
-1.55038e-06
-5.49784e-06
-4.35313e-07
-3.2596e-06
-4.84303e-07
-4.75658e-07
1.67675e-06
-9.9749e-07
2.5335e-06
-1.51697e-06
3.31066e-06
-2.00827e-06
4.06229e-06
-2.43022e-06
4.65138e-06
-2.73732e-06
4.95092e-06
-2.90905e-06
4.92992e-06
-2.96375e-06
4.65416e-06
-2.94394e-06
4.23667e-06
-2.89387e-06
3.77749e-06
-2.84592e-06
3.33819e-06
-2.81551e-06
2.94224e-06
-2.80376e-06
2.58721e-06
-2.80452e-06
2.26024e-06
-2.81065e-06
1.94912e-06
-2.81722e-06
1.64601e-06
-2.8217e-06
1.34721e-06
-2.82323e-06
1.05103e-06
-2.8216e-06
7.56475e-07
-2.81689e-06
4.62452e-07
-2.8092e-06
1.67649e-07
-2.79857e-06
-1.29531e-07
-2.78506e-06
-4.30729e-07
-2.76872e-06
-7.37606e-07
-2.74952e-06
-1.05171e-06
-2.72722e-06
-1.37425e-06
-2.70136e-06
-1.70598e-06
-2.67111e-06
-2.04685e-06
-2.63564e-06
-2.39582e-06
-2.59539e-06
-2.75088e-06
-2.55619e-06
-3.11059e-06
-2.53738e-06
-3.48031e-06
-2.57862e-06
-3.88815e-06
-2.7212e-06
-4.406e-06
-2.93214e-06
-5.12898e-06
-3.01801e-06
-6.02592e-06
-2.68328e-06
-6.70325e-06
-1.78849e-06
-6.39263e-06
-6.26066e-07
-4.42202e-06
-1.11037e-06
-4.5271e-07
2.12946e-06
-9.44687e-07
3.02547e-06
-1.41953e-06
3.7855e-06
-1.8508e-06
4.49356e-06
-2.20073e-06
5.0013e-06
-2.43278e-06
5.18297e-06
-2.54185e-06
5.03899e-06
-2.55904e-06
4.67135e-06
-2.52913e-06
4.20675e-06
-2.4899e-06
3.73826e-06
-2.46287e-06
3.31116e-06
-2.45314e-06
2.93251e-06
-2.45605e-06
2.59012e-06
-2.46463e-06
2.26882e-06
-2.47369e-06
1.95818e-06
-2.48071e-06
1.65304e-06
-2.48493e-06
1.35143e-06
-2.48639e-06
1.05249e-06
-2.48533e-06
7.55417e-07
-2.48199e-06
4.59109e-07
-2.47653e-06
1.62187e-07
-2.46906e-06
-1.37006e-07
-2.45964e-06
-4.40143e-07
-2.44834e-06
-7.48903e-07
-2.43512e-06
-1.06493e-06
-2.41977e-06
-1.38961e-06
-2.40178e-06
-1.72396e-06
-2.38026e-06
-2.06838e-06
-2.35376e-06
-2.42232e-06
-2.32065e-06
-2.78399e-06
-2.28068e-06
-3.15056e-06
-2.24045e-06
-3.52055e-06
-2.22445e-06
-3.90415e-06
-2.28181e-06
-4.34864e-06
-2.44798e-06
-4.9628e-06
-2.63075e-06
-5.84315e-06
-2.54373e-06
-6.79027e-06
-1.89938e-06
-7.03698e-06
-7.97702e-07
-5.5237e-06
-1.90807e-06
-4.10059e-07
2.53952e-06
-8.55764e-07
3.47118e-06
-1.27529e-06
4.20503e-06
-1.6429e-06
4.86118e-06
-1.92591e-06
5.28431e-06
-2.09744e-06
5.3545e-06
-2.16521e-06
5.10676e-06
-2.16611e-06
4.67225e-06
-2.14104e-06
4.18168e-06
-2.11846e-06
3.71568e-06
-2.1099e-06
3.3026e-06
-2.11397e-06
2.93658e-06
-2.12444e-06
2.60059e-06
-2.13587e-06
2.28024e-06
-2.14535e-06
1.96766e-06
-2.15205e-06
1.65974e-06
-2.15611e-06
1.35549e-06
-2.15793e-06
1.05432e-06
-2.15789e-06
7.55373e-07
-2.15623e-06
4.5745e-07
-2.15312e-06
1.59075e-07
-2.14867e-06
-1.41454e-07
-2.14295e-06
-4.45856e-07
-2.13602e-06
-7.5584e-07
-2.12783e-06
-1.07311e-06
-2.1182e-06
-1.39923e-06
-2.10669e-06
-1.73548e-06
-2.09243e-06
-2.08264e-06
-2.07399e-06
-2.44075e-06
-2.04931e-06
-2.80867e-06
-2.01612e-06
-3.18375e-06
-1.97431e-06
-3.56236e-06
-1.93372e-06
-3.94475e-06
-1.92868e-06
-4.35368e-06
-2.01725e-06
-4.87423e-06
-2.2002e-06
-5.66021e-06
-2.27355e-06
-6.71691e-06
-1.87789e-06
-7.43265e-06
-9.08622e-07
-6.49297e-06
-2.81669e-06
-3.53239e-07
2.89276e-06
-7.41484e-07
3.85942e-06
-1.10006e-06
4.5636e-06
-1.40441e-06
5.16553e-06
-1.62804e-06
5.50795e-06
-1.75362e-06
5.48008e-06
-1.79701e-06
5.15015e-06
-1.7948e-06
4.67004e-06
-1.7806e-06
4.16748e-06
-1.77355e-06
3.70863e-06
-1.77796e-06
3.30701e-06
-1.7897e-06
2.94832e-06
-1.80329e-06
2.61418e-06
-1.8153e-06
2.29225e-06
-1.82453e-06
1.97689e-06
-1.83108e-06
1.66628e-06
-1.83545e-06
1.35986e-06
-1.83815e-06
1.05702e-06
-1.83954e-06
7.56763e-07
-1.83985e-06
4.57759e-07
-1.83921e-06
1.58434e-07
-1.83772e-06
-1.42942e-07
-1.83546e-06
-4.48123e-07
-1.83244e-06
-7.58854e-07
-1.82867e-06
-1.07689e-06
-1.82397e-06
-1.40392e-06
-1.81798e-06
-1.74147e-06
-1.80989e-06
-2.09072e-06
-1.79841e-06
-2.45223e-06
-1.78154e-06
-2.82554e-06
-1.7566e-06
-3.20869e-06
-1.72101e-06
-3.59795e-06
-1.67621e-06
-3.98955e-06
-1.63955e-06
-4.39034e-06
-1.6605e-06
-4.85328e-06
-1.79101e-06
-5.5297e-06
-1.93528e-06
-6.57264e-06
-1.74721e-06
-7.62072e-06
-9.52645e-07
-7.28753e-06
-3.76934e-06
-2.87285e-07
3.18005e-06
-6.11313e-07
4.18345e-06
-9.06827e-07
4.85912e-06
-1.15047e-06
5.40917e-06
-1.32297e-06
5.68045e-06
-1.41501e-06
5.57212e-06
-1.44557e-06
5.18071e-06
-1.44679e-06
4.67126e-06
-1.44392e-06
4.16461e-06
-1.44847e-06
3.71319e-06
-1.46059e-06
3.31913e-06
-1.47578e-06
2.96351e-06
-1.49016e-06
2.62855e-06
-1.50193e-06
2.30403e-06
-1.51094e-06
1.98589e-06
-1.51768e-06
1.67303e-06
-1.52278e-06
1.36496e-06
-1.52671e-06
1.06095e-06
-1.52979e-06
7.59846e-07
-1.53222e-06
4.60193e-07
-1.53411e-06
1.60326e-07
-1.53555e-06
-1.41507e-07
-1.53659e-06
-4.47078e-07
-1.53728e-06
-7.58169e-07
-1.5376e-06
-1.07657e-06
-1.53744e-06
-1.40409e-06
-1.53646e-06
-1.74245e-06
-1.53398e-06
-2.0932e-06
-1.5288e-06
-2.45741e-06
-1.51907e-06
-2.83528e-06
-1.50219e-06
-3.22557e-06
-1.47504e-06
-3.6251e-06
-1.43553e-06
-4.02906e-06
-1.38961e-06
-4.43626e-06
-1.36882e-06
-4.87407e-06
-1.43615e-06
-5.46236e-06
-1.58468e-06
-6.42411e-06
-1.54341e-06
-7.66199e-06
-9.38698e-07
-7.89225e-06
-4.70804e-06
-2.15996e-07
3.39604e-06
-4.72382e-07
4.43984e-06
-7.04821e-07
5.09155e-06
-8.916e-07
5.59595e-06
-1.02052e-06
5.80937e-06
-1.08835e-06
5.63995e-06
-1.11293e-06
5.20528e-06
-1.11967e-06
4.67801e-06
-1.12597e-06
4.1709e-06
-1.13788e-06
3.72509e-06
-1.15373e-06
3.33498e-06
-1.16986e-06
2.97964e-06
-1.1839e-06
2.64259e-06
-1.1952e-06
2.31533e-06
-1.20411e-06
1.9948e-06
-1.21127e-06
1.68019e-06
-1.21729e-06
1.37097e-06
-1.22259e-06
1.06624e-06
-1.22744e-06
7.64701e-07
-1.23203e-06
4.64782e-07
-1.23645e-06
1.64749e-07
-1.24079e-06
-1.37172e-07
-1.2451e-06
-4.42766e-07
-1.24943e-06
-7.53843e-07
-1.25377e-06
-1.07223e-06
-1.25805e-06
-1.39981e-06
-1.26199e-06
-1.73851e-06
-1.26499e-06
-2.0902e-06
-1.26598e-06
-2.45642e-06
-1.26324e-06
-2.83801e-06
-1.25433e-06
-3.23447e-06
-1.23614e-06
-3.64329e-06
-1.2055e-06
-4.0597e-06
-1.16264e-06
-4.47911e-06
-1.12412e-06
-4.91259e-06
-1.14229e-06
-5.44419e-06
-1.26088e-06
-6.30552e-06
-1.30567e-06
-7.6172e-06
-8.84091e-07
-8.31383e-06
-5.59213e-06
-1.42326e-07
3.53837e-06
-3.29712e-07
4.62722e-06
-5.00339e-07
5.26218e-06
-6.34052e-07
5.72966e-06
-7.25422e-07
5.90074e-06
-7.75477e-07
5.69e-06
-7.97529e-07
5.22734e-06
-8.09493e-07
4.68997e-06
-8.22091e-07
4.1835e-06
-8.37882e-07
3.74089e-06
-8.54835e-07
3.35193e-06
-8.70469e-07
2.99528e-06
-8.83622e-07
2.65575e-06
-8.9433e-07
2.32604e-06
-9.03167e-07
2.00364e-06
-9.10785e-07
1.68781e-06
-9.17718e-07
1.37791e-06
-9.24342e-07
1.07287e-06
-9.30907e-07
7.71266e-07
-9.37584e-07
4.71458e-07
-9.44489e-07
1.71655e-07
-9.5171e-07
-1.29952e-07
-9.59317e-07
-4.35159e-07
-9.67357e-07
-7.45803e-07
-9.75842e-07
-1.06374e-06
-9.84702e-07
-1.39095e-06
-9.93714e-07
-1.7295e-06
-1.00237e-06
-2.08154e-06
-1.00973e-06
-2.44906e-06
-1.01423e-06
-2.83351e-06
-1.01359e-06
-3.23512e-06
-1.00482e-06
-3.65206e-06
-9.84642e-07
-4.07988e-06
-9.50988e-07
-4.51277e-06
-9.10953e-07
-4.95263e-06
-9.00926e-07
-5.45422e-06
-9.82652e-07
-6.22379e-06
-1.06589e-06
-7.53397e-06
-8.03882e-07
-8.57583e-06
-6.39601e-06
-6.79757e-08
3.60635e-06
-1.86299e-07
4.74555e-06
-2.97396e-07
5.37328e-06
-3.80923e-07
5.81319e-06
-4.3881e-07
5.95863e-06
-4.75091e-07
5.72628e-06
-4.96041e-07
5.24829e-06
-5.12033e-07
4.70596e-06
-5.28419e-07
4.19989e-06
-5.45652e-07
3.75812e-06
-5.62083e-07
3.36836e-06
-5.76394e-07
3.00959e-06
-5.88309e-07
2.66766e-06
-5.9826e-07
2.33599e-06
-6.06898e-07
2.01227e-06
-6.14823e-07
1.69574e-06
-6.22507e-07
1.38559e-06
-6.3029e-07
1.08065e-06
-6.38411e-07
7.79387e-07
-6.47052e-07
4.80099e-07
-6.56364e-07
1.80967e-07
-6.6646e-07
-1.19856e-07
-6.77432e-07
-4.24187e-07
-6.89342e-07
-7.33893e-07
-7.02205e-07
-1.05088e-06
-7.15963e-07
-1.37719e-06
-7.30427e-07
-1.71504e-06
-7.45169e-07
-2.0668e-06
-7.59366e-07
-2.43487e-06
-7.71623e-07
-2.82126e-06
-7.79833e-07
-3.22691e-06
-7.81183e-07
-3.65071e-06
-7.72521e-07
-4.08854e-06
-7.51159e-07
-4.53413e-06
-7.19286e-07
-4.9845e-06
-6.99771e-07
-5.47373e-06
-7.53084e-07
-6.17048e-06
-8.43124e-07
-7.44393e-06
-7.09835e-07
-8.70912e-06
-7.10584e-06
7.25971e-09
3.59909e-06
-4.35353e-08
4.79634e-06
-9.7264e-08
5.42701e-06
-1.34107e-07
5.85004e-06
-1.60992e-07
5.98552e-06
-1.84716e-07
5.75001e-06
-2.04384e-07
5.26795e-06
-2.2316e-07
4.72474e-06
-2.41675e-07
4.2184e-06
-2.58943e-07
3.77539e-06
-2.73946e-07
3.38337e-06
-2.86424e-07
3.02207e-06
-2.9678e-07
2.67802e-06
-3.05704e-07
2.34491e-06
-3.13871e-07
2.02044e-06
-3.21823e-07
1.70369e-06
-3.29982e-07
1.39375e-06
-3.38668e-07
1.08934e-06
-3.48137e-07
7.88855e-07
-3.58597e-07
4.90559e-07
-3.7024e-07
1.9261e-07
-3.83211e-07
-1.06885e-07
-3.97635e-07
-4.09762e-07
-4.13604e-07
-7.17923e-07
-4.31139e-07
-1.03334e-06
-4.50192e-07
-1.35814e-06
-4.70606e-07
-1.69462e-06
-4.92011e-07
-2.04539e-06
-5.13691e-07
-2.41319e-06
-5.34414e-07
-2.80053e-06
-5.52276e-07
-3.20905e-06
-5.64651e-07
-3.63833e-06
-5.6858e-07
-4.08461e-06
-5.615e-07
-4.54121e-06
-5.43598e-07
-5.0024e-06
-5.28767e-07
-5.48856e-06
-5.67212e-07
-6.13203e-06
-6.49787e-07
-7.36135e-06
-6.05705e-07
-8.75321e-06
-7.71155e-06
8.22159e-08
3.51687e-06
9.83468e-08
4.78021e-06
9.91748e-08
5.42618e-06
1.06355e-07
5.84286e-06
1.10028e-07
5.98184e-06
9.9158e-08
5.76088e-06
8.12026e-08
5.28591e-06
6.06662e-08
4.74527e-06
4.0982e-08
4.23808e-06
2.43178e-08
3.79205e-06
1.11402e-08
3.39654e-06
8.09093e-10
3.0324e-06
-7.6687e-09
2.68649e-06
-1.52165e-08
2.35246e-06
-2.25402e-08
2.02776e-06
-3.01476e-08
1.7113e-06
-3.84286e-08
1.40203e-06
-4.77103e-08
1.09862e-06
-5.82813e-08
7.99426e-07
-7.03917e-08
5.02669e-07
-8.42708e-08
2.06489e-07
-1.00114e-07
-9.10415e-08
-1.1809e-07
-3.91787e-07
-1.38323e-07
-6.9769e-07
-1.60847e-07
-1.01082e-06
-1.85631e-07
-1.33335e-06
-2.12541e-07
-1.66771e-06
-2.41256e-07
-2.01668e-06
-2.71159e-07
-2.38328e-06
-3.01172e-07
-2.77052e-06
-3.296e-07
-3.18062e-06
-3.54043e-07
-3.61389e-06
-3.71717e-07
-4.06694e-06
-3.80371e-07
-4.53256e-06
-3.79683e-07
-5.00309e-06
-3.79017e-07
-5.48923e-06
-4.1626e-07
-6.09479e-06
-4.95536e-07
-7.28208e-06
-4.92904e-07
-8.75584e-06
-8.20445e-06
1.59615e-07
3.35725e-06
2.39441e-07
4.70038e-06
2.91831e-07
5.37379e-06
3.41613e-07
5.79307e-06
3.75967e-07
5.94749e-06
3.80082e-07
5.75676e-06
3.64312e-07
5.30168e-06
3.42346e-07
4.76724e-06
3.21803e-07
4.25863e-06
3.05936e-07
3.80792e-06
2.94745e-07
3.40774e-06
2.8677e-07
3.04037e-06
2.80475e-07
2.69279e-06
2.74697e-07
2.35824e-06
2.68659e-07
2.0338e-06
2.61841e-07
1.71811e-06
2.53847e-07
1.41002e-06
2.44324e-07
1.10814e-06
2.32938e-07
8.10813e-07
2.1938e-07
5.16227e-07
2.03376e-07
2.22493e-07
1.84675e-07
-7.23405e-08
1.6307e-07
-3.70182e-07
1.3839e-07
-6.7301e-07
1.10569e-07
-9.82999e-07
7.96184e-08
-1.3024e-06
4.56592e-08
-1.63375e-06
8.96846e-09
-1.97999e-06
-2.99367e-08
-2.34438e-06
-7.01019e-08
-2.73036e-06
-1.1006e-07
-3.14066e-06
-1.47678e-07
-3.57627e-06
-1.80451e-07
-4.03417e-06
-2.06273e-07
-4.50674e-06
-2.2487e-07
-4.98449e-06
-2.43549e-07
-5.47055e-06
-2.90172e-07
-6.04817e-06
-3.77913e-07
-7.19433e-06
-3.86141e-07
-8.74761e-06
-8.59059e-06
2.37935e-07
3.11932e-06
3.79584e-07
4.55874e-06
4.80726e-07
5.27265e-06
5.70879e-07
5.70292e-06
6.36464e-07
5.8819e-06
6.59412e-07
5.73381e-06
6.4831e-07
5.31278e-06
6.25313e-07
4.79024e-06
6.03571e-07
4.28037e-06
5.88005e-07
3.82348e-06
5.78493e-07
3.41725e-06
5.72885e-07
3.04598e-06
5.6905e-07
2.69662e-06
5.65483e-07
2.36181e-06
5.61238e-07
2.03805e-06
5.55719e-07
1.72363e-06
5.4848e-07
1.41726e-06
5.39124e-07
1.1175e-06
5.2726e-07
8.22677e-07
5.12519e-07
5.30968e-07
4.94563e-07
2.40449e-07
4.73076e-07
-5.08532e-08
4.47801e-07
-3.44908e-07
4.18524e-07
-6.43734e-07
3.85132e-07
-9.49607e-07
3.47607e-07
-1.26488e-06
3.06042e-07
-1.59219e-06
2.60695e-07
-1.93464e-06
2.12054e-07
-2.29574e-06
1.60915e-07
-2.67922e-06
1.08502e-07
-3.08825e-06
5.67007e-08
-3.52447e-06
7.74906e-09
-3.98521e-06
-3.70329e-08
-4.46195e-06
-7.66834e-08
-4.94484e-06
-1.17378e-07
-5.42986e-06
-1.80924e-07
-5.98462e-06
-2.83979e-07
-7.09128e-06
-3.01205e-07
-8.73038e-06
-8.8918e-06
3.11952e-07
2.80737e-06
5.17321e-07
4.35337e-06
6.64938e-07
5.12503e-06
7.93342e-07
5.57452e-06
8.91845e-07
5.7834e-06
9.37466e-07
5.68819e-06
9.3525e-07
5.315e-06
9.12539e-07
4.81295e-06
8.89056e-07
4.30385e-06
8.72801e-07
3.83974e-06
8.6424e-07
3.42581e-06
8.60752e-07
3.04947e-06
8.59544e-07
2.69783e-06
8.58611e-07
2.36274e-06
8.56703e-07
2.03996e-06
8.53049e-07
1.72729e-06
8.47099e-07
1.42321e-06
8.38379e-07
1.12622e-06
8.26433e-07
8.34623e-07
8.10818e-07
5.46584e-07
7.91129e-07
2.60137e-07
7.66966e-07
-2.66897e-08
7.38049e-07
-3.1599e-07
7.04083e-07
-6.09768e-07
6.64909e-07
-9.10433e-07
6.20464e-07
-1.22043e-06
5.70825e-07
-1.54255e-06
5.16244e-07
-1.88006e-06
4.57153e-07
-2.23665e-06
3.94221e-07
-2.61628e-06
3.28445e-07
-3.02247e-06
2.61334e-07
-3.45736e-06
1.94596e-07
-3.91848e-06
1.29764e-07
-4.39712e-06
6.66732e-08
-4.88175e-06
-8.59334e-10
-5.36232e-06
-8.49923e-08
-5.90049e-06
-2.04058e-07
-6.97221e-06
-2.39995e-07
-8.69444e-06
-9.13179e-06
3.74523e-07
2.43284e-06
6.4716e-07
4.08073e-06
8.42265e-07
4.92992e-06
1.00741e-06
5.40937e-06
1.1399e-06
5.65092e-06
1.21313e-06
5.61495e-06
1.22572e-06
5.30241e-06
1.20625e-06
4.83241e-06
1.1811e-06
4.32901e-06
1.163e-06
3.85784e-06
1.15423e-06
3.43458e-06
1.15223e-06
3.05148e-06
1.15357e-06
2.69649e-06
1.15559e-06
2.36072e-06
1.15655e-06
2.03899e-06
1.15537e-06
1.72847e-06
1.15131e-06
1.42727e-06
1.14377e-06
1.13376e-06
1.1322e-06
8.4619e-07
1.11608e-06
5.62699e-07
1.09497e-06
2.81251e-07
1.06826e-06
2.12067e-11
1.03579e-06
-2.83521e-07
9.97095e-07
-5.71074e-07
9.51995e-07
-8.65333e-07
9.00401e-07
-1.16884e-06
8.42371e-07
-1.48452e-06
7.7809e-07
-1.81578e-06
7.07919e-07
-2.16648e-06
6.3246e-07
-2.54082e-06
5.52531e-07
-2.94254e-06
4.69186e-07
-3.37401e-06
3.83667e-07
-3.83296e-06
2.96898e-07
-4.31035e-06
2.08859e-07
-4.79371e-06
1.16639e-07
-5.2701e-06
5.32074e-09
-5.78917e-06
-1.32875e-07
-6.83402e-06
-1.96659e-07
-8.63066e-06
-9.32845e-06
4.18043e-07
2.0148e-06
7.60687e-07
3.73809e-06
1.00807e-06
4.68254e-06
1.20991e-06
5.20753e-06
1.37654e-06
5.48428e-06
1.48251e-06
5.50899e-06
1.51777e-06
5.26715e-06
1.50714e-06
4.84304e-06
1.48203e-06
4.35412e-06
1.46141e-06
3.87845e-06
1.45111e-06
3.44488e-06
1.44957e-06
3.05302e-06
1.45304e-06
2.69302e-06
1.45811e-06
2.35565e-06
1.46237e-06
2.03473e-06
1.46426e-06
1.72658e-06
1.46272e-06
1.42881e-06
1.45696e-06
1.13952e-06
1.44631e-06
8.56846e-07
1.43013e-06
5.78882e-07
1.40785e-06
3.03531e-07
1.37911e-06
2.87607e-08
1.34317e-06
-2.47582e-07
1.29982e-06
-5.27728e-07
1.24879e-06
-8.14298e-07
1.18994e-06
-1.10999e-06
1.12328e-06
-1.41787e-06
1.04897e-06
-1.74147e-06
9.67296e-07
-2.0848e-06
8.78685e-07
-2.45221e-06
7.83741e-07
-2.8476e-06
6.83101e-07
-3.27337e-06
5.77415e-07
-3.72727e-06
4.67057e-07
-4.19999e-06
3.51854e-07
-4.67851e-06
2.28955e-07
-5.1472e-06
8.81691e-08
-5.64838e-06
-7.06154e-08
-6.67523e-06
-1.65008e-07
-8.53627e-06
-9.49346e-06
4.36329e-07
1.57847e-06
8.47477e-07
3.32694e-06
1.15365e-06
4.37636e-06
1.39541e-06
4.96578e-06
1.59674e-06
5.28295e-06
1.73969e-06
5.36604e-06
1.80657e-06
5.20027e-06
1.81348e-06
4.83613e-06
1.79315e-06
4.37445e-06
1.77098e-06
3.90062e-06
1.7582e-06
3.45766e-06
1.75584e-06
3.05537e-06
1.76057e-06
2.68829e-06
1.76841e-06
2.34781e-06
1.77615e-06
2.02698e-06
1.78158e-06
1.72115e-06
1.78317e-06
1.42722e-06
1.77983e-06
1.14286e-06
1.7707e-06
8.65982e-07
1.75502e-06
5.94564e-07
1.73215e-06
3.264e-07
1.70151e-06
5.93992e-08
1.6625e-06
-2.08576e-07
1.61476e-06
-4.79981e-07
1.55795e-06
-7.5749e-07
1.49191e-06
-1.04395e-06
1.4166e-06
-1.34255e-06
1.3321e-06
-1.65698e-06
1.2386e-06
-1.9913e-06
1.13633e-06
-2.34994e-06
1.02553e-06
-2.7368e-06
9.06397e-07
-3.15424e-06
7.78921e-07
-3.59979e-06
6.42936e-07
-4.06401e-06
4.97935e-07
-4.53351e-06
3.41448e-07
-4.99072e-06
1.68673e-07
-5.47561e-06
-1.72549e-08
-6.48931e-06
-1.41453e-07
-8.41207e-06
-9.63491e-06
4.26162e-07
1.15231e-06
8.95805e-07
2.85729e-06
1.26728e-06
4.00488e-06
1.55541e-06
4.67765e-06
1.79301e-06
5.04536e-06
1.97565e-06
5.1834e-06
2.08302e-06
5.0929e-06
2.11937e-06
4.79977e-06
2.11303e-06
4.38079e-06
2.09371e-06
3.91994e-06
2.07922e-06
3.47216e-06
2.07513e-06
3.05946e-06
2.07995e-06
2.68347e-06
2.08978e-06
2.33799e-06
2.10075e-06
2.01601e-06
2.10988e-06
1.71202e-06
2.11503e-06
1.42207e-06
2.11469e-06
1.1432e-06
2.10769e-06
8.72982e-07
2.09311e-06
6.09136e-07
2.0702e-06
3.49317e-07
2.03822e-06
9.13753e-08
1.99659e-06
-1.66944e-07
1.94485e-06
-4.28239e-07
1.88261e-06
-6.95258e-07
1.80967e-06
-9.71002e-07
1.72588e-06
-1.25877e-06
1.63123e-06
-1.56232e-06
1.5257e-06
-1.88577e-06
1.40928e-06
-2.23352e-06
1.28175e-06
-2.60928e-06
1.14266e-06
-3.01515e-06
9.91276e-07
-3.44841e-06
8.26989e-07
-3.89972e-06
6.48989e-07
-4.35551e-06
4.55464e-07
-4.79719e-06
2.47932e-07
-5.26808e-06
3.41145e-08
-6.27549e-06
-1.22773e-07
-8.25518e-06
-9.75769e-06
3.87909e-07
7.64402e-07
8.96787e-07
2.34842e-06
1.33538e-06
3.56629e-06
1.6783e-06
4.33473e-06
1.95681e-06
4.76684e-06
2.18099e-06
4.95922e-06
2.33546e-06
4.93844e-06
2.4141e-06
4.72113e-06
2.4354e-06
4.35949e-06
2.4286e-06
3.92675e-06
2.41698e-06
3.48377e-06
2.41215e-06
3.06429e-06
2.41637e-06
2.67925e-06
2.42714e-06
2.32722e-06
2.44058e-06
2.00258e-06
2.4531e-06
1.69951e-06
2.46188e-06
1.41328e-06
2.46486e-06
1.14023e-06
2.46048e-06
8.77357e-07
2.44759e-06
6.22027e-07
2.42522e-06
3.7169e-07
2.39253e-06
1.24059e-07
2.34889e-06
-1.23302e-07
2.29375e-06
-3.73101e-07
2.22667e-06
-6.28178e-07
2.14732e-06
-8.91652e-07
2.05544e-06
-1.16688e-06
1.95079e-06
-1.45768e-06
1.83309e-06
-1.76807e-06
1.70191e-06
-2.10233e-06
1.55645e-06
-2.46383e-06
1.39548e-06
-2.85417e-06
1.21745e-06
-3.27038e-06
1.02144e-06
-3.70371e-06
8.06434e-07
-4.1405e-06
5.7176e-07
-4.56252e-06
3.26465e-07
-5.02278e-06
8.37961e-08
-6.03282e-06
-1.07914e-07
-8.06347e-06
-9.8656e-06
3.25018e-07
4.39384e-07
8.47043e-07
1.82639e-06
1.34562e-06
3.06772e-06
1.74892e-06
3.93143e-06
2.07476e-06
4.441e-06
2.34335e-06
4.69062e-06
2.54927e-06
4.73252e-06
2.68181e-06
4.58859e-06
2.74735e-06
4.29395e-06
2.76861e-06
3.90549e-06
2.77056e-06
3.48182e-06
2.7704e-06
3.06445e-06
2.7757e-06
2.67395e-06
2.78718e-06
2.31574e-06
2.80225e-06
1.98751e-06
2.81738e-06
1.68437e-06
2.82935e-06
1.40132e-06
2.83555e-06
1.13403e-06
2.83398e-06
8.78922e-07
2.82314e-06
6.32864e-07
2.80182e-06
3.93009e-07
2.76906e-06
1.56823e-07
2.72412e-06
-7.83591e-08
2.66636e-06
-3.15342e-07
2.59518e-06
-5.56999e-07
2.51005e-06
-8.06524e-07
2.41051e-06
-1.06734e-06
2.29602e-06
-1.34318e-06
2.16583e-06
-1.63788e-06
2.01893e-06
-1.95543e-06
1.85376e-06
-2.29865e-06
1.66814e-06
-2.66856e-06
1.45989e-06
-3.06213e-06
1.22798e-06
-3.4718e-06
9.7112e-07
-3.88365e-06
6.90744e-07
-4.28214e-06
4.04845e-07
-4.73688e-06
1.3201e-07
-5.75998e-06
-9.55293e-08
-7.83593e-06
-9.96113e-06
2.44509e-07
1.94876e-07
7.49074e-07
1.32182e-06
1.28731e-06
2.52948e-06
1.75203e-06
3.46671e-06
2.1318e-06
4.06123e-06
2.44879e-06
4.37363e-06
2.70882e-06
4.47249e-06
2.90323e-06
4.39418e-06
3.02892e-06
4.16826e-06
3.09782e-06
3.83659e-06
3.13092e-06
3.44872e-06
3.14787e-06
3.04751e-06
3.16127e-06
2.66054e-06
3.17647e-06
2.30053e-06
3.19383e-06
1.97015e-06
3.21122e-06
1.66698e-06
3.22576e-06
1.38678e-06
3.23468e-06
1.1251e-06
3.23569e-06
8.77913e-07
3.22694e-06
6.41618e-07
3.20693e-06
4.13015e-07
3.17455e-06
1.89212e-07
3.12888e-06
-3.26962e-08
3.06913e-06
-2.5559e-07
2.99448e-06
-4.82344e-07
2.9041e-06
-7.16153e-07
2.79716e-06
-9.60403e-07
2.6726e-06
-1.21862e-06
2.52907e-06
-1.49436e-06
2.36473e-06
-1.79109e-06
2.17705e-06
-2.11097e-06
1.96302e-06
-2.45453e-06
1.72008e-06
-2.81919e-06
1.44704e-06
-3.19876e-06
1.14265e-06
-3.57926e-06
8.12484e-07
-3.95197e-06
4.84581e-07
-4.40898e-06
1.82435e-07
-5.45784e-06
-8.26144e-08
-7.57088e-06
-1.00437e-05
1.72789e-07
2.20865e-08
6.20682e-07
8.73931e-07
1.16022e-06
1.98994e-06
1.67286e-06
2.95407e-06
2.10978e-06
3.62431e-06
2.48011e-06
4.0033e-06
2.79687e-06
4.15573e-06
3.05752e-06
4.13352e-06
3.25514e-06
3.97064e-06
3.39102e-06
3.70071e-06
3.47737e-06
3.36237e-06
3.53125e-06
2.99363e-06
3.56759e-06
2.6242e-06
3.59601e-06
2.27211e-06
3.62089e-06
1.94528e-06
3.64291e-06
1.64496e-06
3.66078e-06
1.36891e-06
3.67246e-06
1.11343e-06
3.67582e-06
8.74547e-07
3.66896e-06
6.48482e-07
3.6502e-06
4.31772e-07
3.61824e-06
2.21176e-07
3.57194e-06
1.36035e-08
3.51028e-06
-1.93929e-07
3.43214e-06
-4.0421e-07
3.33629e-06
-6.20303e-07
3.2213e-06
-8.45408e-07
3.08547e-06
-1.08279e-06
2.92665e-06
-1.33554e-06
2.74197e-06
-1.60641e-06
2.5279e-06
-1.8969e-06
2.28086e-06
-2.20748e-06
1.99797e-06
-2.5363e-06
1.67752e-06
-2.87831e-06
1.31943e-06
-3.22117e-06
9.36322e-07
-3.56887e-06
5.6676e-07
-4.03942e-06
2.38006e-07
-5.12908e-06
-6.67777e-08
-7.2661e-06
-1.01105e-05
1.22768e-07
-1.00681e-07
4.81074e-07
5.15626e-07
9.75411e-07
1.4956e-06
1.503e-06
2.42649e-06
1.99009e-06
3.13721e-06
2.41769e-06
3.57571e-06
2.7948e-06
3.77862e-06
3.12419e-06
3.80413e-06
3.39975e-06
3.69508e-06
3.6166e-06
3.48387e-06
3.77726e-06
3.20171e-06
3.89171e-06
2.87917e-06
3.97284e-06
2.54307e-06
4.032e-06
2.21296e-06
4.07694e-06
1.90034e-06
4.11176e-06
1.61013e-06
4.13787e-06
1.3428e-06
4.15498e-06
1.09632e-06
4.16199e-06
8.67535e-07
4.15749e-06
6.52982e-07
4.14002e-06
4.49248e-07
4.10818e-06
2.53014e-07
4.06068e-06
6.11024e-08
3.99619e-06
-1.29438e-07
3.91338e-06
-3.21402e-07
3.81051e-06
-5.17433e-07
3.68547e-06
-7.20368e-07
3.53579e-06
-9.33105e-07
3.35834e-06
-1.15809e-06
3.14927e-06
-1.39734e-06
2.90445e-06
-1.65207e-06
2.6197e-06
-1.92274e-06
2.29157e-06
-2.20817e-06
1.91771e-06
-2.50445e-06
1.50137e-06
-2.80482e-06
1.06459e-06
-3.1321e-06
6.54843e-07
-3.62967e-06
3.01037e-07
-4.77528e-06
-4.83243e-08
-6.91674e-06
-1.01588e-05
9.00614e-08
-1.90743e-07
3.42567e-07
2.63121e-07
7.48458e-07
1.08971e-06
1.24451e-06
1.93044e-06
1.75802e-06
2.6237e-06
2.24155e-06
3.09217e-06
2.68321e-06
3.33696e-06
3.08386e-06
3.40349e-06
3.43943e-06
3.33951e-06
3.74304e-06
3.18026e-06
3.99124e-06
2.95351e-06
4.18628e-06
2.68413e-06
4.3354e-06
2.39395e-06
4.44792e-06
2.10044e-06
4.53243e-06
1.81583e-06
4.59542e-06
1.54715e-06
4.64096e-06
1.29725e-06
4.67118e-06
1.06611e-06
4.68676e-06
8.51956e-07
4.6875e-06
6.52234e-07
4.67271e-06
4.64044e-07
4.64131e-06
2.84416e-07
4.59202e-06
1.10394e-07
4.52327e-06
-6.06958e-08
4.43369e-06
-2.31821e-07
4.32113e-06
-4.04873e-07
4.18296e-06
-5.82198e-07
4.01583e-06
-7.65968e-07
3.81584e-06
-9.58105e-07
3.57852e-06
-1.16002e-06
3.29925e-06
-1.3728e-06
2.97321e-06
-1.5967e-06
2.59642e-06
-1.83138e-06
2.16751e-06
-2.07553e-06
1.69578e-06
-2.33309e-06
1.21207e-06
-2.64839e-06
7.67575e-07
-3.18517e-06
3.842e-07
-4.3919e-06
-2.11765e-08
-6.51136e-06
-1.018e-05
5.92431e-08
-2.49986e-07
1.91814e-07
1.3055e-07
4.78006e-07
8.03518e-07
9.02916e-07
1.50553e-06
1.40952e-06
2.1171e-06
1.93595e-06
2.56574e-06
2.44392e-06
2.82899e-06
2.9192e-06
2.9282e-06
3.35553e-06
2.90318e-06
3.746e-06
2.78978e-06
4.08456e-06
2.61495e-06
4.36889e-06
2.3998e-06
4.60111e-06
2.16173e-06
4.78629e-06
1.91526e-06
4.9309e-06
1.67122e-06
5.04133e-06
1.43671e-06
5.12292e-06
1.21567e-06
5.17956e-06
1.00947e-06
5.21374e-06
8.17777e-07
5.22687e-06
6.39097e-07
5.2195e-06
4.71413e-07
5.19134e-06
3.12582e-07
5.14153e-06
1.60205e-07
5.06823e-06
1.26005e-08
4.97048e-06
-1.3407e-07
4.84574e-06
-2.80136e-07
4.69146e-06
-4.27913e-07
4.50409e-06
-5.78595e-07
4.27931e-06
-7.33327e-07
4.01217e-06
-8.92888e-07
3.69763e-06
-1.05826e-06
3.33075e-06
-1.22982e-06
2.90851e-06
-1.40914e-06
2.43368e-06
-1.6007e-06
1.92371e-06
-1.82311e-06
1.41514e-06
-2.13982e-06
9.54299e-07
-2.72433e-06
5.3125e-07
-3.96885e-06
3.7665e-08
-6.01778e-06
-1.01424e-05
-4.98679e-08
-2.00118e-07
-3.30015e-08
1.13684e-07
1.31717e-07
6.388e-07
4.73237e-07
1.16401e-06
9.49166e-07
1.64118e-06
1.49768e-06
2.01723e-06
2.0653e-06
2.26137e-06
2.6166e-06
2.3769e-06
3.13349e-06
2.3863e-06
3.60721e-06
2.31606e-06
4.03154e-06
2.19062e-06
4.40261e-06
2.02873e-06
4.71943e-06
1.84491e-06
4.98381e-06
1.65089e-06
5.19949e-06
1.45554e-06
5.37114e-06
1.26506e-06
5.50348e-06
1.08333e-06
5.6007e-06
9.1225e-07
5.66615e-06
7.52326e-07
5.70232e-06
6.0292e-07
5.71081e-06
4.62931e-07
5.69225e-06
3.31132e-07
5.6465e-06
2.05961e-07
5.57328e-06
8.58195e-08
5.47038e-06
-3.11696e-08
5.33624e-06
-1.45993e-07
5.16835e-06
-2.60023e-07
4.96351e-06
-3.73757e-07
4.71776e-06
-4.87575e-07
4.42652e-06
-6.01649e-07
4.08519e-06
-7.1694e-07
3.69027e-06
-8.34894e-07
3.24167e-06
-9.60539e-07
2.74729e-06
-1.10632e-06
2.231e-06
-1.30682e-06
1.73152e-06
-1.64035e-06
1.28259e-06
-2.2754e-06
8.09354e-07
-3.49562e-06
1.7778e-07
-5.3862e-06
-9.96458e-06
-3.00151e-07
1.00033e-07
-4.5603e-07
2.69563e-07
-3.62151e-07
5.4492e-07
-6.86513e-08
8.70509e-07
3.82477e-07
1.19005e-06
9.4656e-07
1.45315e-06
1.56314e-06
1.6448e-06
2.1853e-06
1.75474e-06
2.7813e-06
1.79029e-06
3.33387e-06
1.76349e-06
3.83529e-06
1.6892e-06
4.28203e-06
1.58199e-06
4.67266e-06
1.45428e-06
5.00785e-06
1.31569e-06
5.28991e-06
1.17348e-06
5.52207e-06
1.0329e-06
5.70797e-06
8.9743e-07
5.85124e-06
7.6898e-07
5.95526e-06
6.48311e-07
6.02269e-06
5.35487e-07
6.05548e-06
4.30143e-07
6.05508e-06
3.31528e-07
6.02235e-06
2.38695e-07
5.95751e-06
1.50663e-07
5.85986e-06
6.64763e-08
5.72827e-06
-1.44008e-08
5.56166e-06
-9.34125e-08
5.35741e-06
-1.69512e-07
5.11185e-06
-2.42008e-07
4.8229e-06
-3.12703e-07
4.48835e-06
-3.82383e-07
4.10715e-06
-4.53698e-07
3.6812e-06
-5.34591e-07
3.22059e-06
-6.45713e-07
2.74424e-06
-8.30472e-07
2.27348e-06
-1.16959e-06
1.8096e-06
-1.81151e-06
1.22956e-06
-2.91558e-06
4.46158e-07
-4.6028e-06
-9.51842e-06
-5.70147e-07
6.7018e-07
-8.56973e-07
5.56389e-07
-9.00978e-07
5.88926e-07
-6.92212e-07
6.61743e-07
-2.65357e-07
7.63192e-07
3.0821e-07
8.7958e-07
9.64094e-07
9.88911e-07
1.64334e-06
1.0755e-06
2.30792e-06
1.1257e-06
2.93356e-06
1.13786e-06
3.50722e-06
1.11554e-06
4.02329e-06
1.06591e-06
4.48006e-06
9.97514e-07
4.87799e-06
9.17762e-07
5.21902e-06
8.32446e-07
5.50607e-06
7.4585e-07
5.74253e-06
6.6097e-07
5.93192e-06
5.79596e-07
6.07748e-06
5.02751e-07
6.18208e-06
4.30885e-07
6.24838e-06
3.63844e-07
6.27857e-06
3.01334e-07
6.27433e-06
2.4294e-07
6.23681e-06
1.8818e-07
6.16665e-06
1.36633e-07
6.06433e-06
8.79193e-08
5.92963e-06
4.12873e-08
5.76563e-06
-5.50938e-09
5.5705e-06
-4.68767e-08
5.34716e-06
-8.93636e-08
5.09699e-06
-1.32214e-07
4.82102e-06
-1.77728e-07
4.51945e-06
-2.33022e-07
4.18725e-06
-3.1351e-07
3.80618e-06
-4.49403e-07
3.34161e-06
-7.05016e-07
2.71636e-06
-1.18627e-06
1.80294e-06
-2.00216e-06
7.88527e-07
-3.58839e-06
-8.72989e-06
-7.48625e-07
1.4188e-06
-1.06679e-06
8.74559e-07
-9.91972e-07
5.14103e-07
-7.0054e-07
3.70311e-07
-2.649e-07
3.27551e-07
2.79788e-07
3.34893e-07
8.94224e-07
3.74475e-07
1.54244e-06
4.27284e-07
2.19725e-06
4.70891e-07
2.83672e-06
4.98387e-07
3.44424e-06
5.08025e-07
4.00859e-06
5.01559e-07
4.52343e-06
4.82675e-07
4.98595e-06
4.55243e-07
5.3958e-06
4.22593e-07
5.75433e-06
3.87322e-07
6.06401e-06
3.51294e-07
6.32779e-06
3.15817e-07
6.54889e-06
2.81649e-07
6.73062e-06
2.49152e-07
6.87604e-06
2.18425e-07
6.98792e-06
1.89458e-07
7.06871e-06
1.62143e-07
7.12058e-06
1.36312e-07
7.14545e-06
1.1177e-07
7.14508e-06
8.82817e-08
7.12079e-06
6.55821e-08
7.07171e-06
4.35669e-08
7.00207e-06
2.27612e-08
6.90996e-06
2.74727e-09
6.79833e-06
-2.05808e-08
6.66563e-06
-4.50244e-08
6.5075e-06
-7.48924e-08
6.30829e-06
-1.14301e-07
6.0259e-06
-1.67012e-07
5.56049e-06
-2.39606e-07
4.71274e-06
-3.38525e-07
3.29066e-06
-5.80075e-07
1.58419e-06
-1.88192e-06
-7.1457e-06
1.4188e-06
2.29336e-06
2.80747e-06
3.17778e-06
3.50533e-06
3.84022e-06
4.2147e-06
4.64198e-06
5.11287e-06
5.61126e-06
6.11928e-06
6.62084e-06
7.10352e-06
7.55876e-06
7.98136e-06
8.36868e-06
8.71997e-06
9.03579e-06
9.31744e-06
9.56659e-06
9.78502e-06
9.97447e-06
1.01366e-05
1.02729e-05
1.03847e-05
1.0473e-05
1.05386e-05
1.05821e-05
1.06049e-05
1.06076e-05
1.05871e-05
1.0542e-05
1.04671e-05
1.03528e-05
1.01858e-05
9.94622e-06
9.6077e-06
9.02762e-06
7.1457e-06
)
;

boundaryField
{
    movingWall
    {
        type            calculated;
        value           uniform 0;
    }
    fixedWalls
    {
        type            calculated;
        value           uniform 0;
    }
    frontAndBack
    {
        type            empty;
    }
}


// ************************************************************************* //
