/*--------------------------------*- C++ -*----------------------------------*\
| =========                 |                                                 |
| \\      /  F ield         | OpenFOAM: The Open Source CFD Toolbox           |
|  \\    /   O peration     | Version:  2412                                  |
|   \\  /    A nd           | Website:  www.openfoam.com                      |
|    \\/     M anipulation  |                                                 |
\*---------------------------------------------------------------------------*/
FoamFile
{
    version     2.0;
    format      ascii;
    arch        "LSB;label=32;scalar=64";
    class       volScalarField;
    location    "5";
    object      k;
}
// * * * * * * * * * * * * * * * * * * * * * * * * * * * * * * * * * * * * * //

dimensions      [0 2 -2 0 0 0 0];

internalField   nonuniform List<scalar> 
1600
(
0.000114393
0.000135419
0.000171514
0.000206609
0.000231116
0.000247
0.000267241
0.000292707
0.000319955
0.000359858
0.000463559
0.000762721
0.00119615
0.00172807
0.0022696
0.0027588
0.00316377
0.00346432
0.00364886
0.00373312
0.00375725
0.00371543
0.00360086
0.00344469
0.00325983
0.00305684
0.00283991
0.00261736
0.00239694
0.00216857
0.00192937
0.00166033
0.00138632
0.00121711
0.00111492
0.0010393
0.000945935
0.000776937
0.000515727
0.000297886
0.000196804
0.000157307
0.00014906
0.000150226
0.000160997
0.000199112
0.000287978
0.000412447
0.00057185
0.000813551
0.00111777
0.00144055
0.00168695
0.00188281
0.00202828
0.00207242
0.00207658
0.00203232
0.00198493
0.00194293
0.00192336
0.00191755
0.00194588
0.0020196
0.00211142
0.00223133
0.00236483
0.00249673
0.00259051
0.00263171
0.00263536
0.00252894
0.00236458
0.00204734
0.00162776
0.00119588
0.000839741
0.000598292
0.000413766
0.00033546
0.000328637
0.00023881
0.000220667
0.000224418
0.000260224
0.00036817
0.000576261
0.000864013
0.00116101
0.00138997
0.00150918
0.00156839
0.00160521
0.0016113
0.00147651
0.00141735
0.00134291
0.00129302
0.00125412
0.001236
0.00123
0.00124151
0.00127767
0.00132937
0.00141275
0.00152365
0.00167468
0.00186509
0.00209171
0.00231622
0.00247092
0.00253378
0.00248829
0.00229185
0.00194763
0.00143579
0.000926297
0.000567008
0.000368528
0.000394442
0.000451752
0.000335276
0.000341517
0.000384073
0.000507758
0.000746825
0.00106197
0.0013174
0.00142888
0.00145676
0.00145728
0.0014005
0.00126359
0.00109685
0.00101368
0.000918447
0.000859373
0.000801209
0.000767557
0.000737698
0.000723336
0.000717177
0.000716528
0.000734455
0.000761205
0.00080982
0.000882519
0.000994999
0.00116462
0.0014287
0.00178101
0.00212132
0.00230791
0.00236054
0.00224022
0.00182267
0.00117426
0.000613723
0.000368829
0.000448119
0.000529947
0.000458985
0.000525532
0.000634465
0.000845745
0.00114281
0.00135011
0.00141917
0.00141542
0.00135308
0.00121908
0.000997195
0.000863441
0.000749773
0.00069337
0.000631006
0.000602321
0.000574922
0.000562221
0.000550794
0.000545461
0.000542816
0.000542181
0.000548154
0.000557053
0.000576723
0.000608203
0.000660376
0.000742596
0.00087492
0.0010946
0.00148061
0.00197899
0.00227021
0.00236461
0.00227671
0.00171389
0.00085193
0.000432666
0.000480352
0.000571707
0.000629341
0.00076419
0.000926324
0.00116843
0.00135164
0.00140894
0.0013837
0.00127889
0.00105955
0.000841021
0.000706713
0.000627054
0.000574795
0.000550099
0.000532946
0.000526258
0.000521659
0.000519549
0.000515596
0.000513016
0.000509532
0.000507884
0.000507357
0.000510343
0.000518451
0.000533663
0.000559646
0.000601414
0.000667226
0.00077396
0.000962946
0.00131896
0.00195102
0.0023318
0.00244477
0.00229556
0.00143133
0.000641366
0.000517454
0.000595553
0.000837082
0.0010252
0.00119539
0.00134951
0.00140305
0.00136955
0.00123745
0.000969914
0.000744836
0.000621823
0.000557448
0.000526266
0.000511932
0.000506209
0.000503401
0.000501552
0.000497572
0.00049437
0.000490131
0.000487823
0.0004865
0.0004861
0.000487258
0.000490936
0.000497083
0.000507552
0.000524489
0.00055167
0.000593456
0.000656209
0.000755508
0.000937672
0.00129767
0.00201843
0.00243312
0.00252342
0.00215015
0.000978712
0.000578272
0.00062614
0.00106305
0.0012682
0.00137589
0.00141878
0.00137235
0.00123225
0.000937565
0.000695808
0.000576429
0.000521417
0.000498326
0.000489685
0.000486306
0.000483715
0.000479069
0.000474775
0.000470376
0.000468208
0.000467265
0.00046732
0.000469696
0.000472847
0.000477313
0.000482938
0.000489748
0.000498475
0.000510547
0.000529067
0.000558908
0.000606622
0.000672246
0.000781258
0.000984177
0.00140358
0.00218489
0.0025417
0.00254714
0.0014537
0.000669574
0.00071709
0.00127488
0.00144057
0.00147187
0.00140556
0.00126499
0.000969713
0.000688665
0.000556039
0.000500097
0.000479167
0.000471909
0.000469074
0.000464333
0.000458781
0.000453312
0.000450449
0.000449149
0.000449002
0.000451139
0.000454544
0.000459466
0.000465263
0.000472151
0.000479719
0.00048791
0.000496865
0.000507461
0.000520837
0.000540509
0.000573068
0.000631114
0.000710633
0.000842039
0.00110575
0.0016736
0.00243713
0.00267987
0.00211839
0.000783082
0.000900293
0.00144412
0.00155869
0.00150326
0.00133848
0.00105811
0.00072344
0.000557003
0.000488743
0.000464626
0.000456732
0.000453435
0.000448149
0.000441062
0.000436145
0.000433631
0.000432809
0.000432927
0.000434975
0.000438335
0.000442965
0.000448927
0.000456164
0.000464764
0.00047449
0.0004851
0.000496174
0.000507442
0.000519454
0.00053452
0.000555782
0.000592642
0.000663098
0.000771443
0.000949721
0.00132983
0.00216569
0.00271153
0.00265842
0.000964851
0.0011002
0.0015654
0.00163596
0.00147777
0.00119568
0.000835934
0.000586515
0.000488694
0.000454525
0.000443847
0.000439805
0.000434641
0.000427297
0.000421927
0.000419394
0.000418349
0.000418102
0.000418783
0.000420642
0.000423552
0.000427782
0.000433508
0.00044097
0.000450324
0.000461574
0.000474586
0.000488958
0.000504016
0.000518954
0.000533649
0.000550837
0.000575486
0.000620428
0.000711496
0.000868359
0.00114431
0.0017533
0.00272536
0.00301112
0.00153952
0.00130124
0.00164006
0.00166495
0.00140928
0.00102278
0.000671298
0.000508708
0.000451327
0.000433727
0.000427856
0.000423737
0.000416503
0.000410374
0.000407249
0.000405712
0.000404597
0.000403882
0.000403609
0.000404011
0.000405551
0.000408565
0.000413369
0.000420325
0.000429709
0.000441687
0.000456294
0.000473318
0.000492218
0.000512044
0.000531537
0.000549983
0.000570435
0.000601676
0.000663022
0.000790827
0.00103122
0.0015048
0.00256852
0.00327873
0.00242302
0.00149983
0.00167863
0.0016515
0.0012983
0.000863598
0.000573265
0.000462914
0.000428356
0.000418287
0.000414055
0.000408366
0.000401297
0.000397234
0.000395103
0.000393241
0.00039105
0.000388793
0.000386761
0.000385734
0.0003855
0.000386994
0.000390663
0.000396825
0.000405851
0.000418021
0.000433507
0.00045227
0.000473957
0.000497783
0.000522479
0.000546478
0.000569032
0.000594744
0.000640085
0.000741262
0.000948911
0.00136471
0.00229021
0.00353766
0.00343818
0.00168323
0.00168427
0.00161407
0.00118738
0.000733436
0.000511206
0.000434172
0.000412431
0.000405767
0.000401551
0.00039503
0.000389316
0.000386448
0.00038406
0.000381011
0.000377223
0.000373178
0.000369376
0.000366551
0.000365257
0.000365126
0.000367635
0.000372934
0.000381406
0.000393422
0.000409285
0.000429132
0.000452806
0.000479689
0.00050857
0.000537683
0.000565266
0.000591664
0.000626788
0.000698915
0.000869094
0.00123467
0.00201994
0.0036738
0.00442583
0.0018746
0.00167185
0.00154803
0.00107696
0.000648536
0.000470644
0.000414954
0.000400545
0.000395534
0.000390632
0.000384183
0.000379638
0.000376873
0.000373505
0.000368973
0.000363555
0.000357875
0.000352545
0.000348184
0.000345638
0.000344752
0.000345994
0.000350431
0.000358209
0.00036977
0.00038554
0.000405844
0.000430765
0.000459936
0.000492322
0.000526094
0.000558924
0.000589407
0.000621587
0.000679742
0.000827142
0.00117125
0.00191164
0.00367142
0.00531155
0.00205983
0.00164227
0.00147527
0.0009843
0.000591236
0.000443391
0.000401646
0.000391462
0.000387113
0.000381538
0.000375432
0.000371354
0.000367987
0.000363408
0.000357467
0.000350648
0.000343646
0.000337115
0.000331655
0.000328087
0.000326638
0.000326881
0.000330469
0.000337466
0.000348338
0.000363613
0.000383794
0.000409214
0.0004398
0.00047477
0.000512343
0.000549768
0.000584307
0.000616905
0.000662172
0.000773538
0.00107921
0.00180097
0.00357368
0.0060772
0.00223319
0.00160389
0.00140334
0.000913729
0.000552138
0.000424641
0.000392236
0.000384632
0.000380356
0.00037416
0.00036819
0.000363945
0.000359688
0.000353977
0.000346891
0.000339018
0.000331078
0.000323734
0.000317569
0.000313225
0.000311216
0.000310902
0.000313669
0.000319854
0.00032989
0.000344381
0.000363986
0.000389292
0.000420573
0.000457423
0.000498317
0.000540365
0.000579841
0.000614907
0.000655077
0.000748994
0.00103057
0.00172982
0.00352632
0.00672341
0.00239291
0.00156494
0.00133878
0.000861822
0.00052575
0.000411773
0.000385589
0.000379692
0.000374969
0.000368167
0.00036199
0.000357201
0.000352049
0.000345437
0.000337544
0.000328991
0.000320489
0.000312683
0.000306121
0.000301244
0.000298761
0.000298132
0.000300209
0.000305605
0.00031474
0.000328261
0.000346945
0.000371598
0.00040283
0.000440648
0.000483878
0.000529648
0.000573493
0.000611497
0.000648395
0.000720426
0.000964573
0.00165169
0.00344695
0.00725645
0.00253625
0.0015322
0.00128295
0.000829665
0.000509507
0.000402785
0.000380753
0.000376165
0.000370847
0.000363322
0.000356617
0.000351109
0.000345181
0.000337942
0.000329578
0.000320688
0.000311947
0.000303961
0.000297224
0.000292112
0.000289257
0.000288387
0.000289943
0.000294623
0.000302872
0.000315353
0.000332925
0.000356576
0.000387237
0.000425385
0.000470348
0.000519519
0.000567967
0.000609819
0.00064554
0.000706823
0.000928958
0.00160079
0.00339877
0.00769535
0.00265898
0.00150224
0.00123876
0.000808973
0.000500685
0.000396877
0.000377443
0.000373609
0.000367601
0.000359328
0.000351913
0.000345658
0.000339131
0.000331535
0.000323001
0.000314065
0.000305347
0.000297403
0.000290683
0.00028553
0.000282426
0.000281353
0.000282531
0.000286597
0.00029403
0.000305491
0.000321878
0.000344298
0.000373947
0.000411754
0.000457604
0.000509317
0.000561741
0.000607399
0.000643084
0.000690793
0.000882505
0.00154726
0.00335486
0.00805136
0.00274586
0.00149159
0.00120498
0.000807071
0.000502219
0.000392914
0.000374387
0.000371606
0.000365277
0.000356224
0.000347964
0.000340949
0.000333955
0.000326209
0.000317737
0.000308976
0.000300471
0.000292729
0.000286165
0.000281107
0.000277886
0.000276643
0.000277544
0.000281091
0.000287824
0.000298361
0.000313605
0.000334727
0.000363127
0.000400165
0.000446339
0.000500094
0.000556309
0.000606089
0.00064216
0.000682874
0.000854267
0.00151221
0.00333723
0.00834026
0.0027706
0.00149321
0.00118374
0.000811433
0.000508696
0.000393466
0.000372449
0.000369822
0.00036339
0.000353725
0.000344638
0.000336924
0.000329586
0.000321845
0.000313601
0.00030517
0.000297015
0.000289591
0.000283284
0.000278403
0.000275215
0.000273921
0.000274648
0.000277729
0.000283866
0.000293588
0.000307795
0.000327661
0.000354697
0.00039063
0.000436547
0.000491644
0.000551087
0.000605105
0.000641837
0.000673692
0.000819101
0.00147468
0.00333497
0.00858562
0.0027497
0.00149896
0.00117338
0.000823023
0.000522256
0.000396347
0.000370284
0.000367979
0.000362114
0.000351996
0.00034207
0.000333636
0.000325985
0.000318327
0.000310416
0.000302428
0.000294728
0.00028771
0.00028173
0.000277073
0.00027399
0.000272754
0.000273423
0.00027618
0.000281924
0.000291068
0.000304352
0.000322928
0.000348582
0.00038326
0.000428561
0.000484503
0.000546712
0.000604777
0.000642507
0.000669131
0.000794461
0.00144609
0.00337814
0.0087992
0.00268273
0.00151291
0.00117479
0.000846853
0.000548835
0.000404032
0.000369645
0.000365677
0.000360625
0.000350691
0.000340187
0.00033109
0.000323127
0.000315567
0.000308032
0.000300548
0.000293362
0.000286806
0.000281212
0.000276814
0.000273853
0.00027268
0.00027328
0.0002758
0.00028128
0.00029012
0.000302826
0.000320587
0.000344996
0.000378132
0.000422481
0.00047877
0.000543302
0.000605196
0.000644093
0.000664586
0.00076663
0.00141018
0.00342394
0.00899313
0.00254096
0.00151705
0.00118039
0.000877232
0.000580357
0.000416648
0.000370561
0.000363778
0.000359329
0.000350002
0.000339088
0.000329333
0.000320995
0.000313474
0.000306292
0.000299316
0.000292671
0.000286646
0.000281408
0.000277236
0.000274437
0.000273466
0.000274086
0.000276464
0.000281664
0.000290118
0.000302467
0.000319775
0.000343479
0.000375604
0.000418978
0.000475007
0.000541387
0.000606695
0.000646438
0.000662376
0.000745587
0.0013799
0.00350098
0.00917266
0.00232505
0.00151105
0.00118799
0.000916931
0.000628965
0.000442584
0.000374609
0.000360846
0.000357064
0.000349131
0.0003384
0.000328203
0.00031949
0.00031194
0.000305052
0.000298563
0.000292492
0.00028692
0.000282087
0.000278279
0.000275742
0.000275055
0.00027577
0.000278191
0.000283401
0.000291767
0.000303785
0.000320418
0.00034327
0.000374747
0.000417585
0.000473279
0.000540648
0.000608962
0.000648942
0.000659666
0.000724499
0.00134069
0.003575
0.00934273
0.00204531
0.00148801
0.00120257
0.000953934
0.000677995
0.000473981
0.000384016
0.00036102
0.000354747
0.000348112
0.000338112
0.000327712
0.000318597
0.00031091
0.000304227
0.000298169
0.000292648
0.000287612
0.000283316
0.000279942
0.000277757
0.000277471
0.000278351
0.000280986
0.00028646
0.000294956
0.000306994
0.000323466
0.000345799
0.000376142
0.000417648
0.000472931
0.000541037
0.000612361
0.000651344
0.00065737
0.000706453
0.00130848
0.00366955
0.0095063
0.00171476
0.00143423
0.00120826
0.00100451
0.000747556
0.000526242
0.000404761
0.000364088
0.000352562
0.000346122
0.000337506
0.000327531
0.000318265
0.000310403
0.000303794
0.000298184
0.000293119
0.00028872
0.000285033
0.000282212
0.00028064
0.000280777
0.000282004
0.000285135
0.000291089
0.000299925
0.000312204
0.000328732
0.00035091
0.000380831
0.000421788
0.000476007
0.000544079
0.000616748
0.000652447
0.000652983
0.000685224
0.00127112
0.0037598
0.00966576
0.00135181
0.00131921
0.00120561
0.00103091
0.000807342
0.000586144
0.000437337
0.000373612
0.000353597
0.0003443
0.000336123
0.000327079
0.000318081
0.000310255
0.000303837
0.000298478
0.000294014
0.000290304
0.000287372
0.000285286
0.000284686
0.000285244
0.0002871
0.000291115
0.000297711
0.000307102
0.000319822
0.000336591
0.000358815
0.000388373
0.000428666
0.000481508
0.00054847
0.000621317
0.000652589
0.000646409
0.000664198
0.00124132
0.0038591
0.00982319
0.000992287
0.00117995
0.001179
0.00108765
0.00088124
0.000663625
0.000493173
0.000396224
0.000359332
0.000345053
0.000335561
0.000326545
0.000317959
0.00031036
0.000304125
0.000299193
0.000295402
0.000292564
0.000290543
0.00028969
0.000290004
0.000291304
0.000294263
0.000299391
0.000306838
0.000316932
0.00033022
0.00034731
0.00036969
0.000398897
0.000438471
0.000489137
0.000553878
0.000623702
0.00064837
0.000635115
0.000638512
0.00120821
0.00394569
0.00998041
0.000671198
0.00100318
0.00112315
0.00108507
0.000955763
0.000743187
0.00056174
0.000437065
0.000375615
0.000350151
0.000336976
0.00032703
0.000318285
0.000310801
0.000304829
0.000300431
0.000297493
0.000295588
0.000295056
0.000295454
0.000296739
0.000299471
0.00030391
0.000310193
0.000318644
0.000329474
0.000343348
0.000360694
0.000383173
0.000411734
0.000450067
0.000496869
0.000557416
0.00062423
0.000639073
0.000617755
0.000609924
0.00118078
0.00403838
0.0101407
0.000428503
0.000804076
0.00106164
0.00106938
0.00100777
0.000841473
0.000655004
0.000508493
0.000412297
0.000366439
0.000344022
0.000330364
0.000320226
0.000312313
0.000306393
0.000302399
0.000300006
0.000299761
0.000300372
0.00030203
0.0003051
0.000309465
0.000315382
0.000322896
0.000332348
0.000343773
0.000358155
0.000375535
0.000397807
0.00042453
0.000459182
0.00050051
0.00055853
0.000616341
0.000619962
0.000589543
0.000578998
0.00115551
0.0041177
0.0103058
0.000269733
0.000610745
0.000959695
0.00103721
0.00100937
0.000923603
0.000751595
0.00060006
0.000482291
0.000405502
0.000365339
0.00034247
0.000327668
0.000317411
0.000310414
0.000306152
0.000304066
0.000304462
0.000305955
0.000309105
0.000313677
0.000319527
0.00032676
0.000335267
0.000345456
0.000357322
0.000371663
0.000387594
0.000407714
0.000430605
0.000462542
0.000500982
0.000553093
0.000593728
0.000588939
0.000549445
0.000547974
0.00114383
0.00419297
0.0104783
0.000230457
0.000459138
0.000821896
0.000985847
0.00099738
0.000962757
0.000862953
0.00071515
0.000588898
0.000489187
0.000417751
0.000376249
0.000350332
0.00033328
0.000322026
0.000315288
0.000311596
0.000311646
0.000312844
0.000315796
0.000320847
0.000327269
0.00033501
0.000343759
0.000353879
0.000364807
0.000377745
0.000391994
0.000410521
0.000431279
0.00046021
0.00049056
0.000530533
0.000550471
0.000539229
0.000504016
0.000530829
0.00114054
0.00424979
0.0106637
0.000227376
0.000363486
0.000667916
0.000881681
0.000966724
0.000965513
0.000931153
0.000843775
0.000722924
0.000614431
0.00052584
0.000455269
0.000408817
0.000377367
0.000355734
0.000341449
0.000332257
0.000327546
0.000326657
0.000327533
0.000329922
0.000334418
0.000340561
0.000347632
0.000356241
0.000365545
0.000376859
0.000388614
0.00040371
0.000418865
0.000440077
0.000460739
0.000482724
0.000488863
0.000484165
0.000481537
0.000527613
0.00118702
0.0043267
0.0108831
0.000226316
0.000326604
0.000552253
0.000772939
0.000916885
0.000974086
0.000983313
0.000958923
0.00089621
0.000799107
0.000703085
0.000618247
0.00054184
0.0004866
0.000445745
0.000415608
0.000393507
0.000377511
0.000366825
0.000360234
0.00035619
0.000355061
0.000355689
0.000357443
0.000361088
0.000365593
0.000372159
0.000379584
0.00038962
0.000400698
0.000414354
0.00042661
0.00044131
0.000458194
0.000462872
0.000477018
0.000595838
0.00137561
0.00458892
0.0111689
0.000309317
0.00035722
0.000517306
0.000704311
0.000878781
0.000994285
0.00104755
0.00107413
0.00106429
0.00103135
0.000964805
0.000887468
0.000810062
0.000732325
0.000662223
0.000602415
0.000552327
0.000511864
0.000478399
0.000453351
0.000434805
0.000420689
0.000410608
0.000402964
0.000398213
0.000394953
0.000393504
0.000394252
0.000396581
0.0004006
0.000408697
0.000418651
0.000436373
0.000458645
0.000501538
0.000602154
0.000883517
0.00188775
0.00521336
0.0116218
0.000541394
0.000458843
0.000630663
0.000802608
0.000962226
0.00108681
0.00116913
0.00121068
0.00120722
0.00118938
0.00114726
0.00108527
0.00101904
0.000952112
0.000888767
0.00083182
0.000782484
0.00074028
0.000706469
0.000676636
0.000653434
0.000634636
0.000622454
0.00061323
0.000611353
0.000613425
0.000619243
0.000631703
0.000648472
0.000675001
0.000711734
0.000769991
0.000845017
0.000959233
0.00111851
0.00137815
0.00186615
0.00314131
0.00635692
0.0122778
0.00141478
0.00180737
0.0024057
0.00267394
0.00278817
0.00282336
0.00281828
0.0027886
0.00272558
0.00266326
0.00260795
0.0025537
0.00250444
0.00246379
0.00243156
0.00241048
0.0023971
0.002398
0.00240444
0.00241941
0.00244426
0.00247851
0.00251989
0.00257239
0.00263097
0.00270411
0.00278235
0.00288002
0.00298217
0.00311173
0.00324377
0.00340545
0.00359186
0.00386057
0.00414774
0.00459078
0.00512021
0.00637651
0.00867589
0.0134022
0.00919639
0.0142609
0.0172106
0.0183735
0.0187838
0.0187688
0.0186303
0.018319
0.0179173
0.0175005
0.017098
0.0167245
0.0163847
0.0160793
0.0158055
0.0155611
0.015342
0.0151459
0.0149698
0.0148116
0.0146696
0.0145427
0.0144295
0.0143297
0.0142422
0.014167
0.0141037
0.0140523
0.0140131
0.013986
0.0139727
0.0139752
0.0139809
0.0139984
0.0140322
0.0140905
0.0142262
0.0143946
0.0152716
0.0148425
)
;

boundaryField
{
    movingWall
    {
        type            kqRWallFunction;
        value           nonuniform List<scalar> 
40
(
0.00919639
0.0142609
0.0172106
0.0183735
0.0187838
0.0187688
0.0186303
0.018319
0.0179173
0.0175005
0.017098
0.0167245
0.0163847
0.0160793
0.0158055
0.0155611
0.015342
0.0151459
0.0149698
0.0148116
0.0146696
0.0145427
0.0144295
0.0143297
0.0142422
0.014167
0.0141037
0.0140523
0.0140131
0.013986
0.0139727
0.0139752
0.0139809
0.0139984
0.0140322
0.0140905
0.0142262
0.0143946
0.0152716
0.0148425
)
;
    }
    fixedWalls
    {
        type            kqRWallFunction;
        value           nonuniform List<scalar> 
120
(
0.000114393
0.000196804
0.000328637
0.000451752
0.000529947
0.000571707
0.000595553
0.00062614
0.00071709
0.000900293
0.0011002
0.00130124
0.00149983
0.00168323
0.0018746
0.00205983
0.00223319
0.00239291
0.00253625
0.00265898
0.00274586
0.0027706
0.0027497
0.00268273
0.00254096
0.00232505
0.00204531
0.00171476
0.00135181
0.000992287
0.000671198
0.000428503
0.000269733
0.000230457
0.000227376
0.000226316
0.000309317
0.000541394
0.00141478
0.00919639
0.000297886
0.00033546
0.000394442
0.000448119
0.000480352
0.000517454
0.000578272
0.000669574
0.000783082
0.000964851
0.00153952
0.00242302
0.00343818
0.00442583
0.00531155
0.0060772
0.00672341
0.00725645
0.00769535
0.00805136
0.00834026
0.00858562
0.0087992
0.00899313
0.00917266
0.00934273
0.0095063
0.00966576
0.00982319
0.00998041
0.0101407
0.0103058
0.0104783
0.0106637
0.0108831
0.0111689
0.0116218
0.0122778
0.0134022
0.0148425
0.000114393
0.000135419
0.000171514
0.000206609
0.000231116
0.000247
0.000267241
0.000292707
0.000319955
0.000359858
0.000463559
0.000762721
0.00119615
0.00172807
0.0022696
0.0027588
0.00316377
0.00346432
0.00364886
0.00373312
0.00375725
0.00371543
0.00360086
0.00344469
0.00325983
0.00305684
0.00283991
0.00261736
0.00239694
0.00216857
0.00192937
0.00166033
0.00138632
0.00121711
0.00111492
0.0010393
0.000945935
0.000776937
0.000515727
0.000297886
)
;
    }
    frontAndBack
    {
        type            empty;
    }
}


// ************************************************************************* //
