/*--------------------------------*- C++ -*----------------------------------*\
| =========                 |                                                 |
| \\      /  F ield         | OpenFOAM: The Open Source CFD Toolbox           |
|  \\    /   O peration     | Version:  2412                                  |
|   \\  /    A nd           | Website:  www.openfoam.com                      |
|    \\/     M anipulation  |                                                 |
\*---------------------------------------------------------------------------*/
FoamFile
{
    version     2.0;
    format      ascii;
    arch        "LSB;label=32;scalar=64";
    class       volScalarField;
    location    "7.25";
    object      epsilon;
}
// * * * * * * * * * * * * * * * * * * * * * * * * * * * * * * * * * * * * * //

dimensions      [0 2 -3 0 0 0 0];

internalField   nonuniform List<scalar> 
1600
(
0.000599833
0.000759166
0.00104603
0.00134348
0.00154211
0.00165644
0.00182154
0.0020623
0.00234645
0.00278594
0.00399374
0.00830542
0.0161742
0.0277268
0.0411082
0.0542732
0.0656776
0.0742195
0.0789695
0.08097
0.0813323
0.0789518
0.0750959
0.069876
0.0643985
0.0584536
0.0525452
0.0467159
0.0411859
0.0354458
0.0297459
0.0236778
0.0184854
0.0158791
0.0141406
0.0127787
0.0110612
0.00816848
0.00439397
0.00191023
0.00134878
0.000773072
0.000563352
0.000515964
0.000554362
0.000724868
0.00119151
0.00213799
0.00359464
0.00605548
0.0103103
0.0155014
0.0201987
0.0250502
0.0277584
0.0285666
0.0283628
0.0263361
0.0239323
0.0213869
0.0192297
0.0178243
0.0172576
0.0171862
0.0174549
0.01797
0.0187251
0.0195804
0.0202187
0.020466
0.0201185
0.0186116
0.0160491
0.0126878
0.00915431
0.00625938
0.00474731
0.003778
0.0024894
0.00228858
0.00280473
0.00129375
0.000771368
0.000643217
0.000794702
0.00140959
0.00277958
0.00516809
0.00856915
0.0119079
0.0140239
0.015678
0.0165674
0.0157597
0.0136334
0.0123704
0.010536
0.00916321
0.00801971
0.0073466
0.00702738
0.00693152
0.00709735
0.00757251
0.00832047
0.00944862
0.0109542
0.0128669
0.0150091
0.0169937
0.0182421
0.0186711
0.0177337
0.0153537
0.0110448
0.00671489
0.00370053
0.00227696
0.00165624
0.00290165
0.0043322
0.00176108
0.00115269
0.00119653
0.00185827
0.00353746
0.00629853
0.00933849
0.0113403
0.0122498
0.0126043
0.0118923
0.00922696
0.0079026
0.00615706
0.00518223
0.00412741
0.00360323
0.00315906
0.00295137
0.0028557
0.00283037
0.00292652
0.00313344
0.0034599
0.00397483
0.0047548
0.00596219
0.00786231
0.0107012
0.0140134
0.0168799
0.0182109
0.0184277
0.0158188
0.0102382
0.00492856
0.00220971
0.0014434
0.00349566
0.00536225
0.00218391
0.00185301
0.00239183
0.00393577
0.00654024
0.0092238
0.0104868
0.0108531
0.0105081
0.00843867
0.00628798
0.00471153
0.0037021
0.0027863
0.00233399
0.00193357
0.00174922
0.00161524
0.00155549
0.00153072
0.00152676
0.00158006
0.0016641
0.00180951
0.00203641
0.00238985
0.00294677
0.0038465
0.00535203
0.00797382
0.0122735
0.0169686
0.0194644
0.0202141
0.0172136
0.00943091
0.00352417
0.00169756
0.00384392
0.00594682
0.00289502
0.00302364
0.00417462
0.00634919
0.00865987
0.0096652
0.00986795
0.00891745
0.00653855
0.0045547
0.0032724
0.00242605
0.00190341
0.00154898
0.00137783
0.00124512
0.00118347
0.00113168
0.00110676
0.00109471
0.00109192
0.00111413
0.00115764
0.0012355
0.00135972
0.00155579
0.00185825
0.00232867
0.00309118
0.00439727
0.00678594
0.0114198
0.0180753
0.0216269
0.0226478
0.0179175
0.00768716
0.00284321
0.00416384
0.0063621
0.00397719
0.00456754
0.00610199
0.00806818
0.00896471
0.00910944
0.00795481
0.00546291
0.00364969
0.00249802
0.00184584
0.00144311
0.0012211
0.00107406
0.000991781
0.000912035
0.000866086
0.000819178
0.000796059
0.000784994
0.000782851
0.000804033
0.000843354
0.000909533
0.00100817
0.00115369
0.00136614
0.00167893
0.0021498
0.0029082
0.0042275
0.00670937
0.0117731
0.0202586
0.0243658
0.0251142
0.0158379
0.00573656
0.00481481
0.00693736
0.00528866
0.00620164
0.00767739
0.00848604
0.00858611
0.00753805
0.00509396
0.00313849
0.00213029
0.00151768
0.00121359
0.00101331
0.000897918
0.000797581
0.000726327
0.00065903
0.000615839
0.000578108
0.000559514
0.000550803
0.000548988
0.000563182
0.000590118
0.000635585
0.000705189
0.000811863
0.000976717
0.00123436
0.00162416
0.00219121
0.0030604
0.00455135
0.0075111
0.0138415
0.0238879
0.0281208
0.0256676
0.0106252
0.00582346
0.00842476
0.0067369
0.00768398
0.00830392
0.0083304
0.00750173
0.00521246
0.00301326
0.00192068
0.00137563
0.00105837
0.00090125
0.0007674
0.00067861
0.000592945
0.00053529
0.000485563
0.000455534
0.00043375
0.000423855
0.000420384
0.000422629
0.000436975
0.000457935
0.000490456
0.000535891
0.000601679
0.000698554
0.000849672
0.00110948
0.00157336
0.00232398
0.00347978
0.00542544
0.00936582
0.018181
0.028991
0.0322744
0.0198415
0.00759318
0.0115542
0.00816057
0.0084847
0.00847082
0.00772696
0.00569118
0.00326867
0.00191634
0.00129725
0.000994693
0.000814035
0.00070241
0.000591719
0.000518822
0.00045245
0.000412142
0.000378461
0.000359335
0.000346797
0.000341483
0.000340177
0.000345955
0.000359258
0.000379294
0.000408332
0.000447479
0.000499705
0.000569929
0.00066919
0.00082325
0.00109075
0.00159734
0.00256657
0.004206
0.00708791
0.013093
0.0268148
0.0357444
0.0319441
0.00929383
0.0153381
0.00934316
0.00905549
0.00823606
0.00649381
0.00399998
0.00213867
0.00132788
0.000962503
0.000782344
0.000653712
0.000555356
0.00046532
0.000409381
0.000361189
0.000332719
0.000308556
0.000294396
0.000284698
0.000280434
0.000279342
0.000284127
0.000295335
0.00031283
0.000338535
0.000373782
0.000421065
0.000483678
0.000567318
0.000683731
0.000861939
0.00117637
0.00180398
0.00309569
0.00553066
0.0102049
0.0204313
0.037475
0.0428278
0.0173202
0.0193804
0.0101366
0.00908359
0.00765231
0.00516967
0.00271132
0.00150592
0.000998149
0.000768615
0.00064386
0.000533535
0.000447445
0.000378272
0.000335692
0.00029971
0.000277137
0.000257556
0.000244869
0.000235506
0.000231078
0.000229667
0.000232623
0.000242078
0.000257137
0.000279741
0.000311001
0.000352984
0.000408355
0.000481417
0.000580107
0.000721687
0.000948968
0.001374
0.00227093
0.00421224
0.00823025
0.0169733
0.0374022
0.0520167
0.0351556
0.0235629
0.0106843
0.00891744
0.0067625
0.00396955
0.00195946
0.0011383
0.000801467
0.000645232
0.000541697
0.000442677
0.000371286
0.000318367
0.000284096
0.000255084
0.000235012
0.000217505
0.000205055
0.000195485
0.000190715
0.000188973
0.000190433
0.000198445
0.000211611
0.00023185
0.000260337
0.000298962
0.000349965
0.000416344
0.000502922
0.000619847
0.000793052
0.00109493
0.00172663
0.00317909
0.00647003
0.0139105
0.032642
0.061587
0.0624005
0.0276804
0.0109856
0.00852011
0.00589084
0.00300995
0.00149849
0.00091445
0.000675277
0.00055888
0.000463392
0.000376115
0.000317963
0.000275584
0.000245981
0.000220738
0.000201709
0.000185233
0.000172793
0.000163271
0.000158121
0.00015612
0.00015646
0.000162986
0.000174313
0.000192083
0.000217647
0.000252945
0.000300352
0.000362785
0.00044411
0.000550885
0.000698397
0.000930407
0.00138274
0.00246072
0.00515285
0.0115622
0.0274958
0.0679506
0.0945176
0.0320396
0.0111528
0.00795973
0.00506367
0.00237993
0.00120799
0.000771832
0.000591055
0.000494948
0.000404028
0.000328324
0.000279826
0.000243732
0.000216754
0.000193626
0.000175189
0.000159425
0.000147166
0.000137861
0.000132459
0.000130241
0.00013009
0.000135155
0.000144832
0.000160281
0.000182971
0.000214883
0.000258505
0.000316785
0.000393187
0.000492503
0.000624561
0.000817168
0.00115972
0.00195161
0.00412323
0.0100092
0.0254837
0.0694059
0.127118
0.0366153
0.0112613
0.00737707
0.00436683
0.00196542
0.00101863
0.000677413
0.000533407
0.000446405
0.000360071
0.000294082
0.000251809
0.000219425
0.000194043
0.000172246
0.000154339
0.00013923
0.000127342
0.000118386
0.00011292
0.000110558
0.000110208
0.000114058
0.000122228
0.000135548
0.000155498
0.000184125
0.000224123
0.000278774
0.000351792
0.000447388
0.000572089
0.000743182
0.00101971
0.00161124
0.00324573
0.00818207
0.022838
0.0695113
0.157611
0.0410849
0.0113711
0.00685612
0.00383989
0.00169564
0.000896034
0.000615052
0.000493615
0.000410378
0.000328436
0.00026942
0.000230891
0.000200796
0.000176513
0.000155694
0.000138357
0.000123903
0.000112501
0.000103959
9.85584e-05
9.61423e-05
9.56749e-05
9.86099e-05
0.000105463
0.000116907
0.000134334
0.000159779
0.000196026
0.000246624
0.000315699
0.000407645
0.000527719
0.000687176
0.000926485
0.00140593
0.00273893
0.00701294
0.0206362
0.0686136
0.184962
0.0453286
0.0115166
0.00640582
0.00344448
0.00150919
0.000812637
0.000572812
0.000465535
0.000383812
0.00030598
0.000251735
0.000215436
0.000186803
0.000163332
0.000143298
0.000126553
0.000112731
0.000101846
9.37213e-05
8.84311e-05
8.5987e-05
8.54437e-05
8.77141e-05
9.34766e-05
0.000103346
0.000118601
0.000141221
0.000174021
0.000220764
0.000286065
0.000374873
0.00049222
0.000645446
0.000858935
0.00124107
0.00227153
0.0058794
0.0185579
0.066685
0.208288
0.0492246
0.0117585
0.00610399
0.00319492
0.00140477
0.000763744
0.000546897
0.000447609
0.000366441
0.000291496
0.000239587
0.00020427
0.000176574
0.000153797
0.000134464
0.000118306
0.000105062
9.46567e-05
8.69099e-05
8.17257e-05
7.92286e-05
7.86154e-05
8.04028e-05
8.52968e-05
9.38895e-05
0.000107332
0.000127512
0.00015718
0.000200172
0.000261489
0.000346752
0.000461679
0.00061275
0.000817416
0.00115664
0.00202308
0.00513051
0.0168093
0.0646647
0.227962
0.05271
0.0120698
0.0058679
0.00302377
0.00132831
0.000728964
0.000530528
0.000436037
0.000354954
0.00028206
0.000231689
0.000197042
0.00016996
0.000147639
0.00012879
0.000113097
0.000100326
9.03273e-05
8.28949e-05
7.78363e-05
7.52386e-05
7.45641e-05
7.60701e-05
8.0278e-05
8.77795e-05
9.97376e-05
0.000117927
0.000144951
0.000184602
0.00024217
0.000323835
0.000436127
0.000585004
0.00078138
0.00107844
0.00178583
0.00448471
0.0153853
0.0620614
0.244046
0.0552586
0.0127835
0.00586977
0.00298477
0.00132933
0.000720049
0.000524727
0.000432106
0.000351389
0.000279495
0.000228305
0.000192792
0.000165743
0.000143817
0.000125603
0.000110483
9.81928e-05
8.85385e-05
8.13128e-05
7.63329e-05
7.35565e-05
7.28241e-05
7.41994e-05
7.79447e-05
8.47549e-05
9.56059e-05
0.00011208
0.000136665
0.000173418
0.000227524
0.000305568
0.000415234
0.000563542
0.000760317
0.00104026
0.00165842
0.0040213
0.0143054
0.0599413
0.257103
0.0561354
0.0139643
0.00596686
0.00301611
0.00135449
0.000727353
0.000526846
0.000433537
0.00035297
0.000281087
0.000229184
0.00019304
0.000165757
0.000143816
0.000125691
0.000110684
9.84942e-05
8.89062e-05
8.17047e-05
7.66973e-05
7.37689e-05
7.28628e-05
7.39448e-05
7.73022e-05
8.37173e-05
9.39524e-05
0.000109393
0.000132514
0.00016681
0.000217422
0.000291959
0.000398652
0.000545349
0.000741772
0.00100944
0.00154249
0.00363404
0.0134793
0.0584224
0.267776
0.0555805
0.015337
0.00622146
0.00311187
0.00141725
0.00074921
0.000533835
0.000438049
0.000357791
0.000285787
0.000232472
0.00019503
0.000167138
0.000145038
0.000126965
0.000112088
0.000100027
9.05317e-05
8.33806e-05
7.83821e-05
7.54219e-05
7.45514e-05
7.54426e-05
7.8338e-05
8.41944e-05
9.37883e-05
0.000108656
0.000131015
0.000163904
0.000212392
0.000283656
0.000386812
0.000532316
0.000731826
0.000995728
0.0014841
0.00333493
0.0128031
0.0577551
0.276912
0.053706
0.0167375
0.0067213
0.00331606
0.00154365
0.000795083
0.000548289
0.000447304
0.000367991
0.000295763
0.000239867
0.000199954
0.000170758
0.000148205
0.00013009
0.000115337
0.000103417
9.40157e-05
8.68948e-05
8.18645e-05
7.88135e-05
7.78983e-05
7.871e-05
8.13979e-05
8.70068e-05
9.62754e-05
0.000110446
0.000131617
0.000163309
0.000210624
0.000279976
0.000380842
0.000524659
0.000726997
0.00099045
0.00144865
0.00310616
0.0122576
0.0575899
0.284918
0.0497301
0.0179567
0.00741367
0.00365064
0.00173599
0.000878649
0.000577565
0.000461808
0.000381387
0.000309017
0.000250976
0.000208537
0.00017761
0.000154151
0.000135634
0.000120731
0.000108751
9.93041e-05
9.21242e-05
8.70184e-05
8.38618e-05
8.29478e-05
8.37527e-05
8.63845e-05
9.19414e-05
0.000101186
0.000115272
0.000136219
0.00016702
0.000212272
0.000279265
0.000378716
0.000521616
0.000725739
0.000990272
0.00143512
0.00293319
0.0117689
0.0579987
0.292224
0.0436341
0.0184849
0.00821995
0.00412327
0.00201048
0.00100202
0.000620827
0.000482522
0.000400738
0.000328578
0.000267897
0.000221872
0.000188133
0.000162957
0.000143528
0.000128172
0.000115966
0.000106387
9.91154e-05
9.39452e-05
9.07063e-05
8.98843e-05
9.07504e-05
9.34696e-05
9.91962e-05
0.000108676
0.000122994
0.000144076
0.000174771
0.000219638
0.000285098
0.000381592
0.000521811
0.000732208
0.00100549
0.0014325
0.00284637
0.0113832
0.0588654
0.298991
0.0359938
0.0182409
0.00901868
0.00472814
0.00240037
0.00120209
0.000699641
0.000511764
0.000420283
0.000348672
0.000287202
0.00023853
0.000202025
0.000174799
0.000154081
0.000137979
0.000125354
0.00011554
0.000108139
0.000102932
9.96491e-05
9.90724e-05
0.000100081
0.000103054
0.000109231
0.000119259
0.000134199
0.00015591
0.000187026
0.000231898
0.000296514
0.000392426
0.000531968
0.00074678
0.00102789
0.00144722
0.00275965
0.0110824
0.0600113
0.305439
0.0275188
0.017319
0.00973085
0.00542552
0.00288586
0.00147471
0.000822392
0.00056467
0.000451528
0.000376438
0.000313147
0.000261101
0.000220904
0.000190734
0.000168043
0.000150741
0.000137431
0.000127256
0.000119684
0.000114497
0.000111241
0.000111127
0.000112392
0.000115843
0.000122841
0.000133797
0.00014979
0.000172631
0.000204695
0.000250294
0.000314783
0.00041037
0.000548794
0.000770458
0.00106347
0.00147832
0.0027176
0.0109225
0.0613998
0.311673
0.019027
0.0152761
0.0101337
0.00622404
0.00354514
0.00188817
0.001023
0.00064427
0.000487722
0.000403596
0.000340227
0.000287248
0.000244556
0.000211582
0.000186572
0.000167635
0.000153289
0.000142542
0.000134711
0.000129545
0.000126624
0.000126913
0.000128736
0.000133098
0.000141286
0.000153618
0.000171123
0.000195593
0.000229065
0.000275945
0.000340742
0.000437175
0.000575799
0.000805323
0.00111079
0.0015226
0.0026951
0.0108396
0.062853
0.317831
0.0117234
0.0121443
0.0100897
0.00680176
0.00420717
0.00240754
0.00133812
0.000802452
0.000561293
0.000445329
0.000373529
0.000318068
0.000273015
0.000237393
0.000210041
0.00018938
0.000173914
0.000162565
0.000154579
0.00014944
0.000147356
0.000148115
0.000150806
0.000156652
0.000166426
0.0001806
0.000200024
0.000226523
0.000261662
0.000310201
0.000375643
0.000473857
0.000613403
0.000853015
0.00117236
0.00158269
0.00268941
0.0108015
0.0645824
0.324055
0.0063747
0.00918641
0.00940882
0.00765139
0.00502604
0.00306075
0.0017716
0.00104074
0.000679075
0.000507815
0.000414902
0.000353789
0.000307138
0.000269924
0.000240641
0.000218208
0.000201529
0.000189425
0.000181522
0.000176378
0.000175742
0.000177166
0.000181053
0.000188925
0.000200645
0.000216962
0.00023845
0.000267075
0.000303754
0.000354045
0.0004202
0.000521244
0.00066335
0.000915856
0.00124827
0.00165609
0.00270988
0.0107939
0.0662911
0.330505
0.00319417
0.00626499
0.00824194
0.00758265
0.00577535
0.00383204
0.00238648
0.00144696
0.000906885
0.000625717
0.000482475
0.000398744
0.000344023
0.000304913
0.000275535
0.000253188
0.000236676
0.000224771
0.000217335
0.000213212
0.000213722
0.000216243
0.000221962
0.000231868
0.000245572
0.000263932
0.00028716
0.000317557
0.000355214
0.000407185
0.000474113
0.000579604
0.000727083
0.000995239
0.00133784
0.00174352
0.00277469
0.0109129
0.068106
0.33733
0.00176919
0.00388918
0.00685534
0.0071664
0.00631067
0.00458379
0.00309156
0.00200495
0.00129152
0.000861624
0.000620238
0.00048572
0.000404143
0.00035051
0.000314627
0.000290355
0.00027395
0.000263943
0.000257567
0.000256974
0.000258644
0.000262999
0.000271421
0.000283461
0.000299006
0.00031912
0.000343498
0.000375182
0.000413371
0.000467538
0.000536736
0.000650634
0.000807647
0.00109294
0.0014406
0.00184914
0.00289991
0.0111893
0.0699667
0.344647
0.0015991
0.00246011
0.00511651
0.00635199
0.00615193
0.00528965
0.00391822
0.00274462
0.00187333
0.00127727
0.000891664
0.000665808
0.000528979
0.000442506
0.000386016
0.000349082
0.000324824
0.000310915
0.000303197
0.000303582
0.000306356
0.000312794
0.000323319
0.00033752
0.000354757
0.00037667
0.00040213
0.000435979
0.000476304
0.000536315
0.000612557
0.000741473
0.00091241
0.00121762
0.00156729
0.00200488
0.00317039
0.0118391
0.0719475
0.352822
0.00164464
0.00167297
0.00343677
0.00514414
0.00571134
0.00540818
0.00465745
0.00364773
0.00272375
0.00198704
0.00143739
0.00105023
0.000805952
0.000648643
0.000544951
0.000476359
0.000430857
0.000402037
0.000384793
0.000376091
0.000376494
0.000379894
0.000387866
0.000401773
0.000419297
0.000443352
0.000471631
0.000511619
0.000559479
0.000633502
0.00072583
0.000881584
0.00107664
0.00141687
0.00178401
0.00232575
0.00378318
0.0133052
0.0755437
0.362953
0.00173242
0.00128482
0.00234602
0.00383567
0.00484842
0.00526345
0.00504398
0.00450062
0.00376299
0.00302808
0.0023871
0.00184961
0.00142658
0.00113778
0.00093753
0.000797848
0.000700281
0.000632729
0.000587173
0.000557937
0.000540928
0.000536263
0.000539009
0.000547511
0.000562425
0.000590446
0.000626633
0.000683328
0.000753757
0.000861846
0.000996672
0.00120847
0.00146756
0.00188998
0.00234785
0.00317162
0.00543497
0.0171398
0.0843262
0.377463
0.00255542
0.00168711
0.00239077
0.00353251
0.00468884
0.00543623
0.00563067
0.00546109
0.00501668
0.00441474
0.00379762
0.00322761
0.00272081
0.00229249
0.00195507
0.00169755
0.00150479
0.0013636
0.00126264
0.00119379
0.00115172
0.00113023
0.00113309
0.00114642
0.0011774
0.00122397
0.00129169
0.00140916
0.00154996
0.00175784
0.00200652
0.00236383
0.00280041
0.0034588
0.00433429
0.00611703
0.010503
0.027194
0.103016
0.400608
0.00493574
0.0043977
0.00592966
0.00713085
0.00819446
0.00899041
0.00941061
0.0094021
0.00916073
0.00865934
0.00806088
0.00745069
0.00687762
0.0063599
0.00592731
0.00558374
0.00532955
0.00515243
0.00504498
0.00499953
0.00500948
0.00504923
0.00513185
0.00527372
0.00543466
0.00566643
0.00591837
0.00623683
0.00658113
0.00720052
0.00791119
0.00899481
0.0102936
0.0122984
0.0150505
0.0197677
0.0290259
0.0555549
0.142305
0.435314
0.0184663
0.0411571
0.057697
0.0648758
0.0671662
0.0668824
0.065452
0.0630948
0.0603188
0.0577417
0.0555113
0.0536013
0.0520412
0.0507933
0.0498633
0.0491823
0.048777
0.0485667
0.048604
0.0487662
0.0491087
0.0496437
0.050307
0.051189
0.0521917
0.0534731
0.0548684
0.0566701
0.0585612
0.06096
0.0632991
0.0674463
0.0723583
0.0793174
0.0872372
0.0994232
0.114628
0.152255
0.242768
0.496535
0.285537
0.552191
0.732774
0.809419
0.837049
0.835593
0.824898
0.801423
0.772035
0.742111
0.713848
0.688141
0.66525
0.645036
0.627278
0.611641
0.597889
0.585739
0.575009
0.565531
0.557153
0.549807
0.543377
0.537861
0.533143
0.529304
0.526182
0.523991
0.522433
0.521943
0.522116
0.52252
0.523398
0.524908
0.528115
0.532072
0.541156
0.551423
0.603969
0.578883
)
;

boundaryField
{
    movingWall
    {
        type            epsilonWallFunction;
        blending        stepwise;
        value           nonuniform List<scalar> 
40
(
0.285537
0.552191
0.732774
0.809419
0.837049
0.835593
0.824898
0.801423
0.772035
0.742111
0.713848
0.688141
0.66525
0.645036
0.627278
0.611641
0.597889
0.585739
0.575009
0.565531
0.557153
0.549807
0.543377
0.537861
0.533143
0.529304
0.526182
0.523991
0.522433
0.521943
0.522116
0.52252
0.523398
0.524908
0.528115
0.532072
0.541156
0.551423
0.603969
0.578883
)
;
    }
    fixedWalls
    {
        type            epsilonWallFunction;
        blending        stepwise;
        value           nonuniform List<scalar> 
120
(
0.000599833
0.00134878
0.00280473
0.0043322
0.00536225
0.00594682
0.0063621
0.00693736
0.00842476
0.0115542
0.0153381
0.0193804
0.0235629
0.0276804
0.0320396
0.0366153
0.0410849
0.0453286
0.0492246
0.05271
0.0552586
0.0561354
0.0555805
0.053706
0.0497301
0.0436341
0.0359938
0.0275188
0.019027
0.0117234
0.0063747
0.00319417
0.00176919
0.0015991
0.00164464
0.00173242
0.00255542
0.00493574
0.0184663
0.285537
0.00191023
0.00228858
0.00290165
0.00349566
0.00384392
0.00416384
0.00481481
0.00582346
0.00759318
0.00929383
0.0173202
0.0351556
0.0624005
0.0945176
0.127118
0.157611
0.184962
0.208288
0.227962
0.244046
0.257103
0.267776
0.276912
0.284918
0.292224
0.298991
0.305439
0.311673
0.317831
0.324055
0.330505
0.33733
0.344647
0.352822
0.362953
0.377463
0.400608
0.435314
0.496535
0.578883
0.000599833
0.000759166
0.00104603
0.00134348
0.00154211
0.00165644
0.00182154
0.0020623
0.00234645
0.00278594
0.00399374
0.00830542
0.0161742
0.0277268
0.0411082
0.0542732
0.0656776
0.0742195
0.0789695
0.08097
0.0813323
0.0789518
0.0750959
0.069876
0.0643985
0.0584536
0.0525452
0.0467159
0.0411859
0.0354458
0.0297459
0.0236778
0.0184854
0.0158791
0.0141406
0.0127787
0.0110612
0.00816848
0.00439397
0.00191023
)
;
    }
    frontAndBack
    {
        type            empty;
    }
}


// ************************************************************************* //
