/*--------------------------------*- C++ -*----------------------------------*\
| =========                 |                                                 |
| \\      /  F ield         | OpenFOAM: The Open Source CFD Toolbox           |
|  \\    /   O peration     | Version:  2412                                  |
|   \\  /    A nd           | Website:  www.openfoam.com                      |
|    \\/     M anipulation  |                                                 |
\*---------------------------------------------------------------------------*/
FoamFile
{
    version     2.0;
    format      ascii;
    arch        "LSB;label=32;scalar=64";
    class       volScalarField;
    location    "7.25";
    object      k;
}
// * * * * * * * * * * * * * * * * * * * * * * * * * * * * * * * * * * * * * //

dimensions      [0 2 -2 0 0 0 0];

internalField   nonuniform List<scalar> 
1600
(
0.000151876
0.000177702
0.000220034
0.000259981
0.000285008
0.000298923
0.000318466
0.000345936
0.000377016
0.000422725
0.000537439
0.000875608
0.00136545
0.00195577
0.00254289
0.00306026
0.00347516
0.00377026
0.00392942
0.00399548
0.00400738
0.00392878
0.00379979
0.0036216
0.00342978
0.00321531
0.00299483
0.00276903
0.00254595
0.00230353
0.00204943
0.00176026
0.00149247
0.00134869
0.00124837
0.00116687
0.00105981
0.000865862
0.000572691
0.000328652
0.000260679
0.000210562
0.000196156
0.00019511
0.000205765
0.000250061
0.00035707
0.000504609
0.00069249
0.000981018
0.00132787
0.00167979
0.00193293
0.00213379
0.0022729
0.00230873
0.00230161
0.00224532
0.00219156
0.00215444
0.00213904
0.00213759
0.00219836
0.00228443
0.0024035
0.00254181
0.00269376
0.00283204
0.00291701
0.00295096
0.00293245
0.00279542
0.00257607
0.00221312
0.0017374
0.0012803
0.000914097
0.000666188
0.000465671
0.000370731
0.000424685
0.000313071
0.00028702
0.000288985
0.00032927
0.000461849
0.000721974
0.00106474
0.00140437
0.00163568
0.00174701
0.00179903
0.00182733
0.00182786
0.00165922
0.00158681
0.00149492
0.00143388
0.00138499
0.00136208
0.00135413
0.00136556
0.00140928
0.00147227
0.00157598
0.00171448
0.00190286
0.00213712
0.00240382
0.00263033
0.00277837
0.00282823
0.00272576
0.00250156
0.0020568
0.00149069
0.000966673
0.000611239
0.000410042
0.000434289
0.00056746
0.000430611
0.000436784
0.00048491
0.000634639
0.000927153
0.001302
0.00157012
0.00167587
0.00169324
0.00167176
0.00159323
0.00141785
0.00121545
0.00110167
0.000979264
0.0008961
0.000818619
0.000769661
0.000728283
0.000707967
0.000699022
0.000697855
0.000720117
0.000754793
0.000817707
0.000912434
0.00106142
0.00129084
0.00165703
0.00206839
0.00241615
0.00257928
0.00260364
0.00242512
0.00187099
0.00117865
0.000636199
0.000395603
0.000491703
0.00065417
0.000584623
0.000661769
0.000786993
0.00103994
0.0013927
0.00161146
0.00167514
0.00164496
0.00155339
0.00136774
0.00110138
0.000920849
0.000774765
0.000688913
0.000602428
0.000560634
0.000519698
0.000500705
0.00048586
0.000479577
0.00047735
0.000478958
0.000488482
0.000500937
0.00052603
0.000564584
0.000629368
0.000734542
0.000912154
0.00121635
0.00174019
0.00228511
0.0025538
0.00261599
0.00244723
0.00171368
0.000838706
0.000444825
0.000523845
0.000700889
0.000795594
0.000950531
0.00113528
0.00141959
0.00161587
0.00166782
0.00161546
0.00146025
0.00117548
0.000905538
0.000728962
0.000614765
0.000536873
0.00049797
0.000468494
0.000456212
0.000448371
0.000445176
0.000442972
0.000442061
0.00044176
0.00044246
0.000445754
0.000450907
0.000461082
0.000477302
0.000504736
0.000549807
0.000627204
0.000766178
0.00102825
0.00153432
0.00226803
0.00262394
0.00270369
0.00244393
0.00141055
0.000633137
0.000552517
0.000733159
0.00104995
0.00126277
0.0014513
0.00161446
0.00166406
0.00160311
0.00140715
0.00106332
0.000792588
0.00062067
0.000528046
0.000474427
0.000448367
0.000436181
0.000429943
0.000427234
0.000424842
0.000423772
0.000423281
0.000423276
0.000425175
0.000427582
0.000431983
0.000437792
0.000445888
0.0004569
0.000473008
0.000497173
0.000535717
0.000601833
0.000725495
0.000972411
0.00147519
0.00232467
0.00271953
0.00277569
0.00221708
0.000975543
0.000608702
0.000776728
0.00131899
0.00154335
0.00164758
0.00168677
0.00161183
0.00140442
0.00103191
0.000729687
0.000564755
0.000481376
0.000441722
0.000423441
0.00041536
0.000411421
0.000407652
0.000405774
0.000404661
0.000404464
0.000405801
0.000408768
0.000413041
0.000418417
0.000425122
0.000432823
0.00044185
0.000452423
0.000465256
0.000482121
0.000506253
0.000544227
0.00061079
0.0007406
0.00101146
0.00158932
0.00246956
0.00282735
0.00274094
0.0014117
0.000690987
0.000884107
0.00156922
0.00174496
0.00176879
0.00165844
0.00145667
0.00107625
0.000717672
0.000540984
0.000457826
0.000421576
0.000406198
0.000399379
0.00039464
0.000390618
0.000388109
0.000387158
0.000387001
0.000388748
0.000391845
0.000396488
0.000402516
0.000410026
0.000419055
0.000429243
0.000440381
0.000452123
0.000464777
0.000479495
0.00049771
0.000523018
0.00056417
0.000641013
0.00079899
0.00114182
0.00190113
0.00271012
0.00292149
0.00215354
0.000824727
0.00109131
0.00176348
0.00188323
0.00177947
0.00156032
0.00118586
0.00076957
0.000544973
0.000448357
0.000408752
0.000392982
0.000385942
0.000380928
0.000375599
0.000372722
0.000371328
0.000370907
0.000371192
0.000373268
0.000376329
0.00038108
0.000387495
0.000395972
0.000406598
0.000419272
0.000433676
0.0004491
0.000464682
0.000479953
0.000496463
0.000516541
0.000544874
0.000594587
0.000697447
0.000913923
0.00139439
0.00243634
0.00295933
0.00276524
0.000943658
0.00131813
0.0019043
0.00197112
0.00173815
0.00136252
0.000912497
0.000587983
0.000453889
0.000402355
0.00038301
0.000374897
0.000369454
0.00036372
0.000359441
0.000357336
0.000355578
0.000354689
0.000354352
0.000354878
0.000356891
0.000360692
0.000366637
0.000375184
0.000386598
0.000400961
0.000418129
0.00043753
0.000458129
0.000478419
0.000497081
0.000515672
0.000538098
0.00057205
0.000642558
0.000801045
0.00114499
0.00191186
0.00296412
0.00318732
0.00142888
0.00154055
0.00197886
0.00198858
0.00163785
0.00114524
0.000698893
0.000485364
0.000404946
0.000376678
0.000365806
0.000360414
0.000354086
0.00034886
0.000345351
0.000342688
0.000339651
0.00033702
0.000335006
0.000334209
0.000334216
0.000336827
0.000341971
0.000350154
0.000361809
0.00037712
0.000396142
0.000418538
0.00044351
0.000469598
0.000494671
0.00051656
0.000537265
0.000562953
0.000607913
0.000713791
0.000966217
0.00154509
0.00282097
0.0034595
0.00229065
0.00175487
0.00202018
0.00196544
0.00149092
0.000944558
0.000571695
0.000426155
0.000376594
0.000359885
0.000352729
0.000347199
0.000340583
0.000336032
0.000332096
0.000327885
0.000323032
0.000318436
0.000314354
0.000311896
0.000310981
0.000311857
0.000316259
0.000323893
0.000335412
0.000351086
0.000371134
0.000395461
0.000423542
0.000454207
0.000485484
0.000514596
0.000538693
0.000561631
0.000594303
0.000672247
0.000877582
0.00136093
0.00246415
0.00372127
0.00335819
0.00195376
0.00201831
0.00190823
0.00134974
0.000777476
0.000492476
0.000390547
0.000358529
0.000347316
0.000341713
0.000335407
0.000329023
0.000324347
0.000319098
0.000313014
0.000306298
0.000299853
0.000294124
0.000290185
0.000288464
0.000288273
0.000291761
0.000298818
0.000309917
0.000325481
0.000345878
0.00037126
0.00040139
0.000435383
0.000471476
0.000506948
0.000538476
0.000563601
0.000589643
0.000638931
0.000782487
0.00117098
0.00212832
0.00388407
0.00442932
0.00215381
0.00199992
0.00182027
0.00120961
0.000668988
0.000441967
0.000367872
0.000346029
0.000337803
0.000332165
0.000325273
0.000318927
0.000313372
0.000306533
0.000298709
0.000290412
0.000282533
0.000275642
0.000270562
0.000268118
0.000267484
0.000270017
0.000276433
0.000286878
0.000301906
0.000322032
0.000347662
0.000378895
0.000415217
0.000455133
0.000495883
0.000533583
0.000564433
0.000589576
0.000626492
0.000740209
0.00107862
0.0019087
0.00391514
0.00539689
0.00235426
0.0019571
0.001727
0.00109358
0.000597003
0.000409
0.000353068
0.000337221
0.000330386
0.000324083
0.000316669
0.000309932
0.000303173
0.00029488
0.00028566
0.000276192
0.000267337
0.000259711
0.000253939
0.00025099
0.00025007
0.000251839
0.000257542
0.000267179
0.000281356
0.000300713
0.000325879
0.000357289
0.000394865
0.000437565
0.000482905
0.000526778
0.000564207
0.000592292
0.000620864
0.000697111
0.000980548
0.00179229
0.00376207
0.00622878
0.00254213
0.00190123
0.0016363
0.0010049
0.000548525
0.000387377
0.000343248
0.000330873
0.000324566
0.000317359
0.000309395
0.000301972
0.000294034
0.000284599
0.000274393
0.000264171
0.000254751
0.000246737
0.000240648
0.00023734
0.000236218
0.000237424
0.000242391
0.000251143
0.000264289
0.000282559
0.000306755
0.000337611
0.000375472
0.000419801
0.000468523
0.000517505
0.000560864
0.000593602
0.000619612
0.000677139
0.000911256
0.00165075
0.00369131
0.00693011
0.00271429
0.00184744
0.00155635
0.000942115
0.00051744
0.000372828
0.000336806
0.000326758
0.000320206
0.000312027
0.00030334
0.000295107
0.000286205
0.000275994
0.000265195
0.000254585
0.000244927
0.000236788
0.000230595
0.000227039
0.00022576
0.000226566
0.000230827
0.000238681
0.000250726
0.000267741
0.000290647
0.000320417
0.000357782
0.000402769
0.000453899
0.000507357
0.000556673
0.000594235
0.000619776
0.000662018
0.000859588
0.00156326
0.00356163
0.00750122
0.00286767
0.00180111
0.00148811
0.000902995
0.000497909
0.000364106
0.000332621
0.000324196
0.000316996
0.000307811
0.00029844
0.000289475
0.000279876
0.000269211
0.000258142
0.000247427
0.000237769
0.000229677
0.000223508
0.000219767
0.000218338
0.000218863
0.000222487
0.000229481
0.000240446
0.000256173
0.000277642
0.000306003
0.000342288
0.000387049
0.000439469
0.000496268
0.000550921
0.000594322
0.000621111
0.000652202
0.000813418
0.00147035
0.00348594
0.00796647
0.00300148
0.00176157
0.00143489
0.00088114
0.000490373
0.000357684
0.000330291
0.000322876
0.000315012
0.000304946
0.000294719
0.000285051
0.000275005
0.000264183
0.000253124
0.000242524
0.000233025
0.000225095
0.000219034
0.000215156
0.000213545
0.000213863
0.000216924
0.000223131
0.000233107
0.000247603
0.000267618
0.000294424
0.00032925
0.000373126
0.000425932
0.000485089
0.000544304
0.000593307
0.000622618
0.000647365
0.000785572
0.00141024
0.00338611
0.00833695
0.00309747
0.00174069
0.00139613
0.000882423
0.000493476
0.000356462
0.000328606
0.000322294
0.000313901
0.000302943
0.00029216
0.000282005
0.00027169
0.000260876
0.000249957
0.000239588
0.000230358
0.000222676
0.000216787
0.000212866
0.000211037
0.000211267
0.000213916
0.00021945
0.000228467
0.000241716
0.000260364
0.000285611
0.000318776
0.000361284
0.000413673
0.000474159
0.00053698
0.000591238
0.00062329
0.000642077
0.000753865
0.00135335
0.0033354
0.00863174
0.00313017
0.00174106
0.00137069
0.000890777
0.000503887
0.000358308
0.000328378
0.00032231
0.000313945
0.000302361
0.000290599
0.000279882
0.000269464
0.000258847
0.000248392
0.000238543
0.000229738
0.000222329
0.000216547
0.000212556
0.000210515
0.000210613
0.000212852
0.000217941
0.00022629
0.00023862
0.000255932
0.000279412
0.000310878
0.000351722
0.000403094
0.000464073
0.000529704
0.000589104
0.000624375
0.000639872
0.000735709
0.00131476
0.00330741
0.00886899
0.00310952
0.00174624
0.00136283
0.000909875
0.00052306
0.000363739
0.00032876
0.000322428
0.000314301
0.000302636
0.000290623
0.000279377
0.000268813
0.000258511
0.00024845
0.000238839
0.000230242
0.000223002
0.000217342
0.000213418
0.0002114
0.000211503
0.000213321
0.00021781
0.000225701
0.000237498
0.000253959
0.000276201
0.000305802
0.000344548
0.000394443
0.0004551
0.000522498
0.000586218
0.00062487
0.000637475
0.00071187
0.00127455
0.00330014
0.00906957
0.00303922
0.00175953
0.00136608
0.000946125
0.00056154
0.000376864
0.000330243
0.000322558
0.00031509
0.000303431
0.000291131
0.00027969
0.000269086
0.00025891
0.000249108
0.000239892
0.000231697
0.000224792
0.000219376
0.000215598
0.000213658
0.00021381
0.000215435
0.000219509
0.000226865
0.000237868
0.000253524
0.000275042
0.000303437
0.000340434
0.000388074
0.00044777
0.00051622
0.000583977
0.000625723
0.000636562
0.000698603
0.00124525
0.00332651
0.00924351
0.00288734
0.00177015
0.00137623
0.000988927
0.000603308
0.00039464
0.000333729
0.000322699
0.000316046
0.000305075
0.000292449
0.000280637
0.000269951
0.000259992
0.000250646
0.000242021
0.000234301
0.000227765
0.000222618
0.000219011
0.000217194
0.000217411
0.000218998
0.000222893
0.000229985
0.000240557
0.000255431
0.000275637
0.000302797
0.000338735
0.000384666
0.0004426
0.000511046
0.000582152
0.000626386
0.000635766
0.000681041
0.00121058
0.00336935
0.00940083
0.0026463
0.00176481
0.00139041
0.00104582
0.00067196
0.000432035
0.000342382
0.000323386
0.000316713
0.000306875
0.000294572
0.000282554
0.00027173
0.000261965
0.000253012
0.000244868
0.000237647
0.000231547
0.000226754
0.000223408
0.000221862
0.000222206
0.000223897
0.000227853
0.00023488
0.000245241
0.000259692
0.000279169
0.000304914
0.000338576
0.000383376
0.00044009
0.000507817
0.00058127
0.000627191
0.000635348
0.000672342
0.00118374
0.0034279
0.00954537
0.0023276
0.00174172
0.00141145
0.00109751
0.000737294
0.000472999
0.000357047
0.000325728
0.000317046
0.000308695
0.000297251
0.000285272
0.000274318
0.000264622
0.000255988
0.000248312
0.000241618
0.000236028
0.000231699
0.000228719
0.000227664
0.000228201
0.00023014
0.000234411
0.000241591
0.000251962
0.000266211
0.000285152
0.000310006
0.000342314
0.000384573
0.000439336
0.000506453
0.000581036
0.000627804
0.000633651
0.000657549
0.00115603
0.00349672
0.00968207
0.00194615
0.00168375
0.00142437
0.0011685
0.000835601
0.000546107
0.000388288
0.00033268
0.000318043
0.000309704
0.000299749
0.000288341
0.000277447
0.000267834
0.000259495
0.000252291
0.00024617
0.000241177
0.000237447
0.000234978
0.000234675
0.000235497
0.000237869
0.000242745
0.00025031
0.000260922
0.000275202
0.00029382
0.000317974
0.000348983
0.000389749
0.000442101
0.000506368
0.000582699
0.000628038
0.000631569
0.000646299
0.00113712
0.00357388
0.00981331
0.00152171
0.00154414
0.00143191
0.0012072
0.000915229
0.000626597
0.000433332
0.000348406
0.000321595
0.000310795
0.000301618
0.000291442
0.000281027
0.00027158
0.000263513
0.000256784
0.000251301
0.000247045
0.000244026
0.000242567
0.000242887
0.000244285
0.000247491
0.000253157
0.00026135
0.000272426
0.000286946
0.000305416
0.000329079
0.000358974
0.00039816
0.000448146
0.00050976
0.000585642
0.000627536
0.000626794
0.000629759
0.00111768
0.00365295
0.00994209
0.00110182
0.00139032
0.00140368
0.0012894
0.00102175
0.000733031
0.000508988
0.000382831
0.000332123
0.000313881
0.000303214
0.000293643
0.000284341
0.00027565
0.000268115
0.000261995
0.000257227
0.000253879
0.000251753
0.000251766
0.000252637
0.000254911
0.000259417
0.000266033
0.000275086
0.000286781
0.000301685
0.000320106
0.000343404
0.000372192
0.000409798
0.000456795
0.000514463
0.000588059
0.000623616
0.000618697
0.000613664
0.00110319
0.00374316
0.0100714
0.000734018
0.00118897
0.00134242
0.00129163
0.00112545
0.000845213
0.000603514
0.000438717
0.000356485
0.000322961
0.000307105
0.000296156
0.000286825
0.000278956
0.000272505
0.000267384
0.000263884
0.000261457
0.000261262
0.000262033
0.000264051
0.000267961
0.000273794
0.000281553
0.000291619
0.000303952
0.000319273
0.000337631
0.000360514
0.000387959
0.000423569
0.000466431
0.00051861
0.00058894
0.000615528
0.000604307
0.000592317
0.00108995
0.00383198
0.0102046
0.000463055
0.000952769
0.00127957
0.00127875
0.00119735
0.000978404
0.000730876
0.000535794
0.000408392
0.000346597
0.000318079
0.000302176
0.000291081
0.000282562
0.000276309
0.00027235
0.000269918
0.000269931
0.000270799
0.000273015
0.000277012
0.000282554
0.000289925
0.000298905
0.00031
0.000322782
0.000338528
0.000356672
0.000378738
0.000404039
0.000434924
0.00047177
0.000520207
0.000585414
0.00059924
0.000580955
0.000571124
0.00108409
0.00392509
0.0103445
0.000312346
0.000724621
0.00116427
0.00125122
0.00121313
0.00109719
0.000864379
0.000659568
0.000502405
0.000399118
0.000346609
0.000318449
0.000301449
0.000290138
0.000282635
0.000277854
0.000276532
0.000277273
0.000279398
0.000283554
0.000289325
0.000296511
0.00030535
0.000315347
0.000327258
0.000340375
0.000355936
0.000371913
0.000391161
0.000411985
0.000439351
0.000473313
0.000518949
0.000569798
0.000570986
0.000547942
0.000549594
0.00108298
0.0040161
0.0104936
0.000292013
0.000540401
0.00100063
0.00119563
0.0012021
0.00115467
0.00101863
0.000815602
0.000642819
0.000506971
0.000413528
0.000360647
0.000329232
0.000309464
0.000297103
0.000289415
0.000285927
0.000286257
0.000288083
0.000292153
0.000298665
0.000306545
0.000316101
0.000326342
0.000338132
0.00034995
0.000363613
0.000377447
0.000394966
0.000413634
0.000439437
0.000468123
0.000503675
0.000533827
0.000529778
0.000511433
0.000539711
0.00110915
0.00410781
0.0106588
0.000297543
0.000431498
0.000803672
0.00107684
0.00117241
0.00116545
0.00111518
0.000991667
0.000825097
0.000677055
0.000555444
0.000460539
0.000400429
0.000361592
0.000336333
0.0003198
0.000309783
0.00030457
0.000304455
0.000305782
0.000309165
0.000314857
0.000322639
0.000330914
0.000341114
0.000351193
0.000363474
0.000375276
0.000390058
0.000404909
0.000424015
0.000444197
0.0004653
0.000484942
0.000487257
0.000494209
0.000543375
0.00117589
0.00424034
0.0108619
0.000308053
0.000392777
0.000660397
0.000936726
0.00111134
0.00118045
0.00117755
0.00113854
0.00104427
0.000907105
0.000776027
0.000656269
0.000561523
0.000492864
0.0004434
0.000407581
0.000382149
0.000363878
0.000352202
0.000345506
0.00034115
0.000341105
0.000342136
0.000344498
0.000349258
0.000354302
0.000361864
0.000369588
0.000380403
0.000391554
0.000406663
0.000422952
0.000441686
0.000462337
0.000471482
0.000493422
0.000620323
0.00138639
0.00453991
0.0111495
0.000399154
0.000436826
0.000628459
0.000858904
0.0010722
0.00121094
0.00127245
0.00129068
0.00127231
0.00122024
0.00112563
0.00102346
0.000914908
0.00081178
0.000721773
0.000646751
0.000585383
0.000536586
0.000496995
0.000467061
0.000444825
0.000428436
0.000417208
0.000408158
0.000403734
0.000399299
0.000399322
0.000400451
0.000403425
0.000409353
0.000418551
0.000431389
0.000450777
0.000478395
0.000526261
0.000635097
0.000920298
0.00190882
0.00518006
0.0116007
0.00061897
0.000555756
0.000762446
0.000971032
0.00116636
0.00132165
0.00141902
0.00145814
0.00145051
0.00142233
0.00135925
0.00127594
0.00118472
0.00109335
0.00100826
0.000932488
0.000867355
0.000812472
0.000767102
0.000730281
0.000699133
0.000675408
0.000656542
0.000645134
0.00063641
0.000636708
0.000639798
0.00064737
0.000661779
0.00069186
0.000728444
0.000791894
0.000866104
0.000986222
0.00114344
0.00141113
0.00189318
0.00315464
0.00634652
0.0122615
0.00149152
0.00195324
0.00258572
0.00286784
0.00298569
0.00302238
0.00301519
0.00297725
0.00290053
0.0028282
0.00275827
0.00268616
0.00261858
0.00255735
0.00250647
0.00246435
0.002436
0.00241568
0.00241061
0.00241471
0.00242595
0.00244933
0.0024808
0.00252525
0.00257623
0.00264291
0.0027157
0.00280966
0.00290865
0.00303344
0.00315671
0.00334112
0.00353893
0.00381534
0.0041063
0.00455577
0.00508818
0.00634814
0.00864855
0.0133857
0.00925663
0.0143683
0.0173511
0.0185408
0.0189604
0.0189384
0.0187764
0.0184185
0.0179653
0.017498
0.0170508
0.0166389
0.0162678
0.0159365
0.0156426
0.0153815
0.01515
0.0149441
0.014761
0.0145983
0.0144538
0.0143264
0.0142145
0.0141182
0.0140355
0.0139681
0.0139131
0.0138745
0.013847
0.0138384
0.0138414
0.0138486
0.0138641
0.0138908
0.0139474
0.014017
0.0141761
0.0143549
0.0152529
0.0148276
)
;

boundaryField
{
    movingWall
    {
        type            kqRWallFunction;
        value           nonuniform List<scalar> 
40
(
0.00925663
0.0143683
0.0173511
0.0185408
0.0189604
0.0189384
0.0187764
0.0184185
0.0179653
0.017498
0.0170508
0.0166389
0.0162678
0.0159365
0.0156426
0.0153815
0.01515
0.0149441
0.014761
0.0145983
0.0144538
0.0143264
0.0142145
0.0141182
0.0140355
0.0139681
0.0139131
0.0138745
0.013847
0.0138384
0.0138414
0.0138486
0.0138641
0.0138908
0.0139474
0.014017
0.0141761
0.0143549
0.0152529
0.0148276
)
;
    }
    fixedWalls
    {
        type            kqRWallFunction;
        value           nonuniform List<scalar> 
120
(
0.000151876
0.000260679
0.000424685
0.00056746
0.00065417
0.000700889
0.000733159
0.000776728
0.000884107
0.00109131
0.00131813
0.00154055
0.00175487
0.00195376
0.00215381
0.00235426
0.00254213
0.00271429
0.00286767
0.00300148
0.00309747
0.00313017
0.00310952
0.00303922
0.00288734
0.0026463
0.0023276
0.00194615
0.00152171
0.00110182
0.000734018
0.000463055
0.000312346
0.000292013
0.000297543
0.000308053
0.000399154
0.00061897
0.00149152
0.00925663
0.000328652
0.000370731
0.000434289
0.000491703
0.000523845
0.000552517
0.000608702
0.000690987
0.000824727
0.000943658
0.00142888
0.00229065
0.00335819
0.00442932
0.00539689
0.00622878
0.00693011
0.00750122
0.00796647
0.00833695
0.00863174
0.00886899
0.00906957
0.00924351
0.00940083
0.00954537
0.00968207
0.00981331
0.00994209
0.0100714
0.0102046
0.0103445
0.0104936
0.0106588
0.0108619
0.0111495
0.0116007
0.0122615
0.0133857
0.0148276
0.000151876
0.000177702
0.000220034
0.000259981
0.000285008
0.000298923
0.000318466
0.000345936
0.000377016
0.000422725
0.000537439
0.000875608
0.00136545
0.00195577
0.00254289
0.00306026
0.00347516
0.00377026
0.00392942
0.00399548
0.00400738
0.00392878
0.00379979
0.0036216
0.00342978
0.00321531
0.00299483
0.00276903
0.00254595
0.00230353
0.00204943
0.00176026
0.00149247
0.00134869
0.00124837
0.00116687
0.00105981
0.000865862
0.000572691
0.000328652
)
;
    }
    frontAndBack
    {
        type            empty;
    }
}


// ************************************************************************* //
