/*--------------------------------*- C++ -*----------------------------------*\
| =========                 |                                                 |
| \\      /  F ield         | OpenFOAM: The Open Source CFD Toolbox           |
|  \\    /   O peration     | Version:  2412                                  |
|   \\  /    A nd           | Website:  www.openfoam.com                      |
|    \\/     M anipulation  |                                                 |
\*---------------------------------------------------------------------------*/
FoamFile
{
    version     2.0;
    format      ascii;
    arch        "LSB;label=32;scalar=64";
    class       volVectorField;
    location    "7.25";
    object      U;
}
// * * * * * * * * * * * * * * * * * * * * * * * * * * * * * * * * * * * * * //

dimensions      [0 1 -1 0 0 0 0];

internalField   nonuniform List<vector> 
1600
(
(0.00161007 -0.00144712 0)
(0.00619295 -0.00179979 0)
(0.0102966 -0.00124719 0)
(0.0126239 -0.000371121 0)
(0.0130424 1.96113e-05 0)
(0.0126336 -0.000141456 0)
(0.0119187 -0.000395793 0)
(0.0108998 -0.000386453 0)
(0.00904991 -0.000123398 0)
(0.00526478 0.000406792 0)
(-0.00160735 0.000897587 0)
(-0.0106528 0.00196847 0)
(-0.0243412 0.00478765 0)
(-0.0431083 0.00836073 0)
(-0.0644992 0.011276 0)
(-0.0873289 0.0130329 0)
(-0.110082 0.0134056 0)
(-0.131138 0.0124167 0)
(-0.149045 0.0104458 0)
(-0.162892 0.00803884 0)
(-0.172394 0.00561897 0)
(-0.17768 0.00332972 0)
(-0.179122 0.00111162 0)
(-0.176774 -0.00116547 0)
(-0.1705 -0.00357825 0)
(-0.160103 -0.00611859 0)
(-0.145429 -0.00870785 0)
(-0.1265 -0.011181 0)
(-0.103687 -0.0133114 0)
(-0.0779184 -0.0148384 0)
(-0.050767 -0.0154431 0)
(-0.0241226 -0.0147828 0)
(0.00026294 -0.0128533 0)
(0.0192296 -0.00946241 0)
(0.0321143 -0.00493793 0)
(0.0376823 -8.83618e-06 0)
(0.035341 0.00413284 0)
(0.0260259 0.00653333 0)
(0.0133835 0.00573731 0)
(0.00335209 0.00388816 0)
(0.00249253 -0.00631844 0)
(0.00919901 -0.00787024 0)
(0.0139326 -0.00540683 0)
(0.0162511 -0.00208436 0)
(0.0158411 0.000372442 0)
(0.0131138 0.00143967 0)
(0.0085057 0.00221428 0)
(0.00152336 0.00384433 0)
(-0.00897104 0.00652417 0)
(-0.0244377 0.011116 0)
(-0.0454449 0.0172278 0)
(-0.0709124 0.0241464 0)
(-0.0984956 0.0302279 0)
(-0.12599 0.0340291 0)
(-0.151571 0.0353063 0)
(-0.173857 0.0342176 0)
(-0.191999 0.0310006 0)
(-0.205968 0.0262798 0)
(-0.216377 0.0207385 0)
(-0.223893 0.0149417 0)
(-0.228676 0.00922562 0)
(-0.230808 0.0036603 0)
(-0.229944 -0.00186815 0)
(-0.225809 -0.00750612 0)
(-0.218189 -0.0133473 0)
(-0.206951 -0.0194298 0)
(-0.191872 -0.0256347 0)
(-0.172847 -0.0316268 0)
(-0.149953 -0.0368867 0)
(-0.123645 -0.0406334 0)
(-0.0949616 -0.041937 0)
(-0.0654696 -0.0399478 0)
(-0.0372546 -0.0342455 0)
(-0.0126412 -0.0254121 0)
(0.00658448 -0.0146315 0)
(0.0184798 -0.00331154 0)
(0.0242116 0.00693394 0)
(0.022594 0.0139955 0)
(0.0141165 0.0162683 0)
(0.00362819 0.0126336 0)
(0.00326288 -0.0131104 0)
(0.00943011 -0.0139823 0)
(0.0122573 -0.00862102 0)
(0.0120861 -0.00195266 0)
(0.00888096 0.0031685 0)
(0.00213615 0.00680556 0)
(-0.00889372 0.0111497 0)
(-0.0245452 0.0176139 0)
(-0.0456153 0.0262057 0)
(-0.0714445 0.035991 0)
(-0.100602 0.0455965 0)
(-0.13027 0.0532389 0)
(-0.157768 0.0576336 0)
(-0.181422 0.0583864 0)
(-0.200905 0.055855 0)
(-0.21628 0.050694 0)
(-0.228227 0.0439106 0)
(-0.237483 0.0362624 0)
(-0.24458 0.0282922 0)
(-0.249709 0.0202406 0)
(-0.252977 0.0121878 0)
(-0.254145 0.00407016 0)
(-0.253174 -0.00424578 0)
(-0.249989 -0.0129212 0)
(-0.244284 -0.0220483 0)
(-0.235632 -0.0316571 0)
(-0.2238 -0.0415762 0)
(-0.208376 -0.051425 0)
(-0.189064 -0.0604428 0)
(-0.165761 -0.0674813 0)
(-0.138745 -0.0710364 0)
(-0.108962 -0.0696023 0)
(-0.0780664 -0.0622407 0)
(-0.0487082 -0.0493496 0)
(-0.0239709 -0.0327498 0)
(-0.00567106 -0.0146836 0)
(0.00548298 0.00221416 0)
(0.0102469 0.0163131 0)
(0.00769417 0.0227694 0)
(0.00204257 0.0194464 0)
(0.00330534 -0.0197155 0)
(0.00666059 -0.0173479 0)
(0.00610463 -0.00805651 0)
(0.00188559 0.00197099 0)
(-0.00581449 0.0106327 0)
(-0.0179931 0.0189297 0)
(-0.0355892 0.0284628 0)
(-0.0587696 0.0403278 0)
(-0.0868313 0.0535659 0)
(-0.116987 0.0659271 0)
(-0.146279 0.0752018 0)
(-0.172239 0.080018 0)
(-0.193686 0.080316 0)
(-0.210686 0.0766897 0)
(-0.223809 0.0702142 0)
(-0.233854 0.0618954 0)
(-0.241648 0.0526204 0)
(-0.247662 0.0429582 0)
(-0.252146 0.033201 0)
(-0.25522 0.0234677 0)
(-0.257032 0.0137274 0)
(-0.257719 0.00386001 0)
(-0.257077 -0.0062927 0)
(-0.255117 -0.0169678 0)
(-0.25185 -0.0283857 0)
(-0.247019 -0.040618 0)
(-0.240163 -0.0536734 0)
(-0.230646 -0.0672216 0)
(-0.217667 -0.080445 0)
(-0.200422 -0.0919053 0)
(-0.178305 -0.0995932 0)
(-0.151236 -0.101239 0)
(-0.120007 -0.0948401 0)
(-0.0866894 -0.0796503 0)
(-0.0550028 -0.0573117 0)
(-0.0291079 -0.0318363 0)
(-0.0113525 -0.00749569 0)
(-0.00145693 0.0131448 0)
(0.00146757 0.0247004 0)
(0.000333191 0.0224626 0)
(0.0018438 -0.02347 0)
(0.00170101 -0.0165766 0)
(-0.00324849 -0.0030727 0)
(-0.0114833 0.0104055 0)
(-0.023991 0.023352 0)
(-0.0417804 0.036864 0)
(-0.0653125 0.0521862 0)
(-0.0933951 0.0685802 0)
(-0.123128 0.0835849 0)
(-0.151317 0.0946196 0)
(-0.17557 0.100285 0)
(-0.194962 0.100506 0)
(-0.209598 0.0962095 0)
(-0.220232 0.0887191 0)
(-0.227683 0.079181 0)
(-0.232788 0.0685931 0)
(-0.236072 0.0575362 0)
(-0.237964 0.0464293 0)
(-0.238783 0.0354629 0)
(-0.238824 0.0247278 0)
(-0.238294 0.0141683 0)
(-0.237278 0.00363472 0)
(-0.236177 -0.0070993 0)
(-0.234991 -0.0183046 0)
(-0.233751 -0.0303634 0)
(-0.232455 -0.0436434 0)
(-0.230754 -0.0583623 0)
(-0.228129 -0.0744774 0)
(-0.223614 -0.0914313 0)
(-0.215778 -0.10788 0)
(-0.202893 -0.121541 0)
(-0.183442 -0.129277 0)
(-0.156818 -0.127831 0)
(-0.123825 -0.11486 0)
(-0.0873201 -0.0902057 0)
(-0.052785 -0.0576471 0)
(-0.0261047 -0.0241577 0)
(-0.00924528 0.00426645 0)
(-0.00207335 0.0217145 0)
(-0.000174602 0.0222418 0)
(-0.000558868 -0.0232935 0)
(-0.00475334 -0.0112133 0)
(-0.013745 0.00587476 0)
(-0.0262422 0.0233518 0)
(-0.0435432 0.0411535 0)
(-0.0661334 0.0601576 0)
(-0.0931204 0.0798208 0)
(-0.121698 0.097701 0)
(-0.148605 0.111019 0)
(-0.171379 0.118069 0)
(-0.188926 0.11873 0)
(-0.201337 0.11408 0)
(-0.209329 0.105619 0)
(-0.213867 0.0948237 0)
(-0.215808 0.0827867 0)
(-0.215917 0.0703288 0)
(-0.214794 0.0579287 0)
(-0.212971 0.0459258 0)
(-0.210845 0.0344546 0)
(-0.208685 0.0235159 0)
(-0.206691 0.0129904 0)
(-0.205067 0.00268329 0)
(-0.203696 -0.00769435 0)
(-0.20261 -0.018466 0)
(-0.201982 -0.0300023 0)
(-0.201996 -0.0427511 0)
(-0.202791 -0.0571845 0)
(-0.204354 -0.0736814 0)
(-0.206246 -0.092308 0)
(-0.2073 -0.112394 0)
(-0.205402 -0.132052 0)
(-0.197637 -0.147883 0)
(-0.181152 -0.155322 0)
(-0.154585 -0.149809 0)
(-0.119083 -0.128709 0)
(-0.0789868 -0.093141 0)
(-0.0422761 -0.0503212 0)
(-0.0162293 -0.0113398 0)
(-0.00356139 0.0151267 0)
(0.000205601 0.0208038 0)
(-0.00341265 -0.0185127 0)
(-0.011499 -0.00183519 0)
(-0.0242745 0.0188976 0)
(-0.0408786 0.0404984 0)
(-0.0621388 0.0632393 0)
(-0.087442 0.086315 0)
(-0.114523 0.107478 0)
(-0.140246 0.123784 0)
(-0.16194 0.13308 0)
(-0.178182 0.13489 0)
(-0.188844 0.130269 0)
(-0.194684 0.121008 0)
(-0.1968 0.108915 0)
(-0.1963 0.0954337 0)
(-0.194171 0.0815767 0)
(-0.191248 0.0680273 0)
(-0.188166 0.055156 0)
(-0.185323 0.0431191 0)
(-0.182875 0.0318736 0)
(-0.180801 0.0212579 0)
(-0.179022 0.0110501 0)
(-0.177403 0.000997243 0)
(-0.175852 -0.00910698 0)
(-0.17444 -0.0194822 0)
(-0.173277 -0.0303732 0)
(-0.172608 -0.042114 0)
(-0.172854 -0.055165 0)
(-0.174479 -0.0701149 0)
(-0.17784 -0.0876046 0)
(-0.182798 -0.107996 0)
(-0.188155 -0.130713 0)
(-0.19114 -0.153362 0)
(-0.187506 -0.171181 0)
(-0.172826 -0.177599 0)
(-0.144959 -0.166436 0)
(-0.105924 -0.134947 0)
(-0.0626566 -0.0867604 0)
(-0.0264302 -0.0348649 0)
(-0.00548791 0.00467195 0)
(0.000638855 0.0190816 0)
(-0.00614412 -0.00958011 0)
(-0.0177291 0.0115786 0)
(-0.0338535 0.0354373 0)
(-0.0537967 0.0611906 0)
(-0.0773534 0.0876024 0)
(-0.102823 0.112346 0)
(-0.127536 0.132357 0)
(-0.148659 0.14491 0)
(-0.164334 0.148883 0)
(-0.174083 0.145035 0)
(-0.178611 0.135407 0)
(-0.17921 0.122276 0)
(-0.177251 0.107529 0)
(-0.173977 0.092514 0)
(-0.17038 0.0780688 0)
(-0.167123 0.0646114 0)
(-0.164513 0.0522138 0)
(-0.162557 0.0407385 0)
(-0.161091 0.0299535 0)
(-0.159888 0.0196105 0)
(-0.158734 0.00948821 0)
(-0.15747 -0.000595862 0)
(-0.156078 -0.0107673 0)
(-0.154577 -0.0211625 0)
(-0.15299 -0.0319094 0)
(-0.151478 -0.0431677 0)
(-0.150365 -0.0551884 0)
(-0.150157 -0.0683951 0)
(-0.151567 -0.083484 0)
(-0.155354 -0.101416 0)
(-0.161802 -0.123025 0)
(-0.169805 -0.14799 0)
(-0.175931 -0.173349 0)
(-0.174448 -0.192499 0)
(-0.15937 -0.196187 0)
(-0.128254 -0.176304 0)
(-0.0851032 -0.130829 0)
(-0.0409235 -0.0686972 0)
(-0.00890012 -0.0116621 0)
(0.000714117 0.0168603 0)
(-0.00818014 0.00327755 0)
(-0.0228119 0.0281631 0)
(-0.0415735 0.0549601 0)
(-0.0635224 0.0838001 0)
(-0.0874509 0.112009 0)
(-0.111258 0.136218 0)
(-0.132251 0.153054 0)
(-0.148161 0.160479 0)
(-0.157972 0.158553 0)
(-0.16217 0.149341 0)
(-0.16217 0.135631 0)
(-0.159594 0.1199 0)
(-0.155909 0.103916 0)
(-0.152236 0.0887453 0)
(-0.149229 0.0748306 0)
(-0.147096 0.0621711 0)
(-0.14572 0.0505183 0)
(-0.144843 0.0395601 0)
(-0.144204 0.02903 0)
(-0.143599 0.0187246 0)
(-0.142879 0.00849813 0)
(-0.141969 -0.00176231 0)
(-0.140856 -0.0121565 0)
(-0.139535 -0.0227657 0)
(-0.138011 -0.0336764 0)
(-0.136341 -0.0449597 0)
(-0.134659 -0.0567068 0)
(-0.133229 -0.0690833 0)
(-0.132552 -0.0824583 0)
(-0.133461 -0.0976101 0)
(-0.137053 -0.115856 0)
(-0.144074 -0.138629 0)
(-0.153508 -0.165901 0)
(-0.161053 -0.193712 0)
(-0.159267 -0.212686 0)
(-0.140979 -0.210018 0)
(-0.104705 -0.175915 0)
(-0.0580303 -0.111343 0)
(-0.0167072 -0.0362029 0)
(-0.000136784 0.0120641 0)
(-0.00945206 0.0192961 0)
(-0.026459 0.0471123 0)
(-0.0466491 0.0761536 0)
(-0.0691999 0.106648 0)
(-0.0920592 0.13496 0)
(-0.113099 0.156836 0)
(-0.129858 0.169106 0)
(-0.14069 0.170658 0)
(-0.145558 0.16304 0)
(-0.145814 0.149446 0)
(-0.143276 0.133041 0)
(-0.139621 0.116187 0)
(-0.136105 0.100278 0)
(-0.133407 0.0858618 0)
(-0.131677 0.072889 0)
(-0.130726 0.061015 0)
(-0.130248 0.0498604 0)
(-0.129972 0.0391259 0)
(-0.129716 0.0286181 0)
(-0.12937 0.0182099 0)
(-0.128867 0.00781407 0)
(-0.128184 -0.0026451 0)
(-0.127311 -0.0132488 0)
(-0.126247 -0.0240745 0)
(-0.124991 -0.0351907 0)
(-0.123558 -0.0466475 0)
(-0.121978 -0.0584825 0)
(-0.120332 -0.0707319 0)
(-0.118816 -0.0834924 0)
(-0.11788 -0.097096 0)
(-0.118414 -0.112441 0)
(-0.121789 -0.131294 0)
(-0.129139 -0.15578 0)
(-0.139306 -0.185903 0)
(-0.146624 -0.215634 0)
(-0.141689 -0.231152 0)
(-0.117055 -0.215257 0)
(-0.0743567 -0.158154 0)
(-0.0276863 -0.0706012 0)
(-0.000852326 0.00168593 0)
(-0.0099984 0.0368677 0)
(-0.028315 0.0673826 0)
(-0.0488626 0.0977059 0)
(-0.0707645 0.128587 0)
(-0.0916537 0.155524 0)
(-0.10944 0.173783 0)
(-0.121994 0.180625 0)
(-0.128486 0.176296 0)
(-0.129828 0.163876 0)
(-0.127907 0.147258 0)
(-0.124596 0.129587 0)
(-0.121326 0.112805 0)
(-0.118881 0.0977074 0)
(-0.117421 0.0842669 0)
(-0.116736 0.0720739 0)
(-0.116498 0.0606646 0)
(-0.11644 0.0497038 0)
(-0.11639 0.0389854 0)
(-0.116263 0.0283951 0)
(-0.116016 0.0178557 0)
(-0.115626 0.007304 0)
(-0.115088 -0.0033244 0)
(-0.114401 -0.0141005 0)
(-0.113568 -0.0250979 0)
(-0.112593 -0.036382 0)
(-0.111475 -0.0480036 0)
(-0.110215 -0.0599948 0)
(-0.108817 -0.0723615 0)
(-0.107307 -0.0850954 0)
(-0.105819 -0.0982495 0)
(-0.104763 -0.112174 0)
(-0.105117 -0.128011 0)
(-0.108539 -0.14818 0)
(-0.116396 -0.175535 0)
(-0.126795 -0.209251 0)
(-0.131787 -0.238973 0)
(-0.120034 -0.244003 0)
(-0.0862376 -0.203205 0)
(-0.0396641 -0.113357 0)
(-0.00231728 -0.0119754 0)
(-0.00985673 0.0551924 0)
(-0.0284524 0.0879038 0)
(-0.0483823 0.11858 0)
(-0.0687524 0.148756 0)
(-0.0871762 0.173272 0)
(-0.101622 0.187067 0)
(-0.110448 0.188228 0)
(-0.113704 0.178672 0)
(-0.113003 0.162676 0)
(-0.110365 0.144371 0)
(-0.107433 0.126538 0)
(-0.105182 0.110473 0)
(-0.103883 0.0963252 0)
(-0.103352 0.0836503 0)
(-0.103263 0.0719042 0)
(-0.103342 0.0606729 0)
(-0.103427 0.0497234 0)
(-0.10344 0.0389336 0)
(-0.103354 0.0282357 0)
(-0.103156 0.0175755 0)
(-0.102842 0.00689818 0)
(-0.102414 -0.0038588 0)
(-0.101877 -0.0147617 0)
(-0.101236 -0.0258812 0)
(-0.100496 -0.0372842 0)
(-0.0996577 -0.0490274 0)
(-0.0987157 -0.0611516 0)
(-0.0976529 -0.0736697 0)
(-0.0964419 -0.0865592 0)
(-0.0950677 -0.0997756 0)
(-0.0936173 -0.113356 0)
(-0.09251 -0.127765 0)
(-0.0928964 -0.14463 0)
(-0.0968037 -0.167369 0)
(-0.105516 -0.199302 0)
(-0.115147 -0.236545 0)
(-0.114267 -0.260455 0)
(-0.09165 -0.241358 0)
(-0.0496783 -0.159007 0)
(-0.00740204 -0.0341113 0)
(-0.00918042 0.0732289 0)
(-0.0271162 0.107695 0)
(-0.0456557 0.137983 0)
(-0.0639449 0.166686 0)
(-0.0797101 0.188088 0)
(-0.0910199 0.197043 0)
(-0.0968686 0.192857 0)
(-0.0980542 0.179084 0)
(-0.0965161 0.160738 0)
(-0.0941007 0.141789 0)
(-0.0920441 0.124419 0)
(-0.0908334 0.109214 0)
(-0.0903843 0.0958168 0)
(-0.0903904 0.0835923 0)
(-0.0905727 0.0720244 0)
(-0.0907616 0.060806 0)
(-0.0908842 0.0497912 0)
(-0.0909164 0.0389082 0)
(-0.0908559 0.0281102 0)
(-0.0907023 0.0173501 0)
(-0.0904588 0.00657545 0)
(-0.0901308 -0.00427601 0)
(-0.0897245 -0.0152693 0)
(-0.0892477 -0.0264728 0)
(-0.0887044 -0.0379554 0)
(-0.0880953 -0.04978 0)
(-0.0874166 -0.0619982 0)
(-0.0866496 -0.0746394 0)
(-0.0857564 -0.0876984 0)
(-0.0846803 -0.101125 0)
(-0.083375 -0.114847 0)
(-0.081917 -0.128934 0)
(-0.080815 -0.144148 0)
(-0.081557 -0.163047 0)
(-0.086589 -0.190432 0)
(-0.0961413 -0.228656 0)
(-0.102172 -0.265907 0)
(-0.0903705 -0.269904 0)
(-0.0558886 -0.203545 0)
(-0.0133179 -0.0638462 0)
(-0.0080784 0.090015 0)
(-0.0246427 0.125992 0)
(-0.041255 0.155399 0)
(-0.0571452 0.182132 0)
(-0.070265 0.200102 0)
(-0.0788589 0.204297 0)
(-0.0825498 0.195484 0)
(-0.0826452 0.178577 0)
(-0.0810641 0.158885 0)
(-0.0793055 0.139946 0)
(-0.0781597 0.123246 0)
(-0.0777406 0.108757 0)
(-0.077805 0.0958277 0)
(-0.0780721 0.083801 0)
(-0.078358 0.0722541 0)
(-0.0785798 0.0609756 0)
(-0.0787157 0.0498749 0)
(-0.0787666 0.038904 0)
(-0.0787407 0.0280226 0)
(-0.0786416 0.0171846 0)
(-0.0784743 0.00633697 0)
(-0.0782462 -0.00458252 0)
(-0.0779635 -0.0156388 0)
(-0.077634 -0.0268994 0)
(-0.0772608 -0.0384347 0)
(-0.0768453 -0.0503129 0)
(-0.0763849 -0.0625954 0)
(-0.075863 -0.0753282 0)
(-0.0752437 -0.0885286 0)
(-0.074465 -0.102169 0)
(-0.0734432 -0.116169 0)
(-0.0721166 -0.130447 0)
(-0.070602 -0.145214 0)
(-0.0696416 -0.161912 0)
(-0.0713202 -0.184775 0)
(-0.0781598 -0.21977 0)
(-0.0868399 -0.263717 0)
(-0.0835946 -0.288205 0)
(-0.0578304 -0.243648 0)
(-0.0181237 -0.0986606 0)
(-0.00667952 0.104861 0)
(-0.0213548 0.142237 0)
(-0.0357004 0.1705 0)
(-0.0490845 0.195057 0)
(-0.0597013 0.209604 0)
(-0.0660783 0.209474 0)
(-0.0683507 0.196925 0)
(-0.0680432 0.177848 0)
(-0.0668287 0.157513 0)
(-0.0658057 0.138892 0)
(-0.0653871 0.122809 0)
(-0.0654742 0.108804 0)
(-0.0658068 0.0961066 0)
(-0.0661832 0.0841216 0)
(-0.0665032 0.0725212 0)
(-0.0667376 0.0611603 0)
(-0.0668897 0.0499771 0)
(-0.0669703 0.0389321 0)
(-0.0669915 0.0279853 0)
(-0.0669583 0.0170891 0)
(-0.0668752 0.00618831 0)
(-0.0667497 -0.00477902 0)
(-0.0665881 -0.0158781 0)
(-0.0663975 -0.0271763 0)
(-0.0661796 -0.038745 0)
(-0.0659364 -0.0506566 0)
(-0.0656664 -0.0629815 0)
(-0.0653558 -0.0757811 0)
(-0.0649723 -0.089095 0)
(-0.0644582 -0.102923 0)
(-0.0637262 -0.117207 0)
(-0.0626734 -0.131834 0)
(-0.0612481 -0.146763 0)
(-0.0596954 -0.162624 0)
(-0.0592757 -0.182347 0)
(-0.0628622 -0.212664 0)
(-0.071007 -0.257631 0)
(-0.0732808 -0.297603 0)
(-0.0560147 -0.277137 0)
(-0.0210737 -0.135881 0)
(-0.00509064 0.117284 0)
(-0.0175519 0.156078 0)
(-0.0294461 0.183153 0)
(-0.0403276 0.205541 0)
(-0.0486702 0.216938 0)
(-0.0533093 0.213156 0)
(-0.0547331 0.197762 0)
(-0.0544266 0.177277 0)
(-0.0537125 0.156721 0)
(-0.0533185 0.138488 0)
(-0.0533954 0.122863 0)
(-0.0537653 0.109129 0)
(-0.0542181 0.096507 0)
(-0.0546306 0.0844829 0)
(-0.0549598 0.0728027 0)
(-0.0552051 0.0613605 0)
(-0.0553803 0.050107 0)
(-0.0555002 0.0390041 0)
(-0.0555775 0.0280092 0)
(-0.0556175 0.0170719 0)
(-0.0556238 0.00613497 0)
(-0.0556037 -0.00486389 0)
(-0.0555633 -0.0159898 0)
(-0.0555087 -0.0273107 0)
(-0.0554409 -0.0388981 0)
(-0.0553616 -0.0508278 0)
(-0.0552703 -0.0631778 0)
(-0.0551554 -0.0760235 0)
(-0.0549891 -0.0894256 0)
(-0.0547187 -0.103412 0)
(-0.0542613 -0.117953 0)
(-0.0535078 -0.132948 0)
(-0.0523498 -0.148267 0)
(-0.0507937 -0.164084 0)
(-0.0494293 -0.182141 0)
(-0.0504864 -0.208268 0)
(-0.0565497 -0.250728 0)
(-0.0614124 -0.300394 0)
(-0.0515041 -0.30318 0)
(-0.0221476 -0.173005 0)
(-0.00340866 0.127001 0)
(-0.0134472 0.167323 0)
(-0.0228307 0.19335 0)
(-0.0312835 0.21372 0)
(-0.0376011 0.222454 0)
(-0.0409056 0.215802 0)
(-0.0418651 0.198363 0)
(-0.0417493 0.177016 0)
(-0.0415114 0.156448 0)
(-0.04158 0.138545 0)
(-0.0419549 0.123206 0)
(-0.0424593 0.109588 0)
(-0.0429502 0.0969511 0)
(-0.0433644 0.0848543 0)
(-0.043693 0.0730923 0)
(-0.0439494 0.0615797 0)
(-0.0441513 0.0502714 0)
(-0.0443144 0.0391269 0)
(-0.044451 0.0281 0)
(-0.0445667 0.0171377 0)
(-0.0446645 0.00618031 0)
(-0.0447514 -0.00483489 0)
(-0.0448337 -0.0159731 0)
(-0.0449166 -0.0273026 0)
(-0.0450004 -0.0388954 0)
(-0.0450862 -0.0508298 0)
(-0.0451739 -0.0631902 0)
(-0.0452542 -0.0760639 0)
(-0.0453031 -0.0895314 0)
(-0.0452734 -0.103647 0)
(-0.0450882 -0.118412 0)
(-0.0446416 -0.133749 0)
(-0.0438111 -0.14951 0)
(-0.0425122 -0.165652 0)
(-0.0409554 -0.183086 0)
(-0.0405199 -0.206233 0)
(-0.0443226 -0.244771 0)
(-0.0496087 -0.299101 0)
(-0.0455363 -0.321783 0)
(-0.0217339 -0.20838 0)
(-0.00171289 0.133879 0)
(-0.00920601 0.175902 0)
(-0.0160895 0.201101 0)
(-0.0222149 0.219794 0)
(-0.0267266 0.226453 0)
(-0.0290012 0.217714 0)
(-0.0297305 0.198913 0)
(-0.0298613 0.177079 0)
(-0.0300087 0.156575 0)
(-0.0303823 0.138896 0)
(-0.0309131 0.123698 0)
(-0.0314618 0.110094 0)
(-0.0319457 0.097397 0)
(-0.0323429 0.0852195 0)
(-0.0326639 0.0733852 0)
(-0.0329283 0.0618175 0)
(-0.033155 0.0504707 0)
(-0.0333594 0.0393008 0)
(-0.0335537 0.028258 0)
(-0.0337436 0.0172865 0)
(-0.033932 0.00632489 0)
(-0.0341265 -0.00469053 0)
(-0.0343335 -0.0158254 0)
(-0.0345581 -0.0271483 0)
(-0.0347998 -0.0387321 0)
(-0.0350588 -0.0506571 0)
(-0.0353349 -0.0630127 0)
(-0.0356203 -0.0758966 0)
(-0.0358944 -0.0894069 0)
(-0.0361158 -0.103624 0)
(-0.0362143 -0.118578 0)
(-0.0360894 -0.134219 0)
(-0.0356184 -0.150405 0)
(-0.0346859 -0.166999 0)
(-0.0333506 -0.18441 0)
(-0.032269 -0.205759 0)
(-0.0343809 -0.240367 0)
(-0.0389273 -0.295838 0)
(-0.0391356 -0.333858 0)
(-0.0201603 -0.240706 0)
(-4.65122e-05 0.137886 0)
(-0.00492905 0.181786 0)
(-0.00935642 0.206516 0)
(-0.0132893 0.223858 0)
(-0.0161205 0.229131 0)
(-0.0176016 0.219148 0)
(-0.0182122 0.199517 0)
(-0.0185749 0.177428 0)
(-0.019008 0.156979 0)
(-0.019568 0.13941 0)
(-0.0201642 0.124244 0)
(-0.0207048 0.110595 0)
(-0.0211554 0.0978195 0)
(-0.0215222 0.0855667 0)
(-0.0218267 0.0736745 0)
(-0.0220917 0.0620685 0)
(-0.0223364 0.0506999 0)
(-0.0225757 0.0395212 0)
(-0.0228222 0.0284791 0)
(-0.0230818 0.0175153 0)
(-0.0233582 0.00656711 0)
(-0.0236598 -0.00443025 0)
(-0.0239936 -0.0155435 0)
(-0.0243656 -0.0268418 0)
(-0.0247742 -0.0383994 0)
(-0.0252187 -0.0502985 0)
(-0.0256985 -0.0626324 0)
(-0.0262064 -0.0755074 0)
(-0.0267246 -0.089037 0)
(-0.0272169 -0.103325 0)
(-0.0276203 -0.118433 0)
(-0.0278413 -0.134336 0)
(-0.0277633 -0.150903 0)
(-0.0272542 -0.167958 0)
(-0.0263677 -0.185628 0)
(-0.0251991 -0.206041 0)
(-0.0264039 -0.237321 0)
(-0.0298922 -0.292079 0)
(-0.0328432 -0.34056 0)
(-0.0177409 -0.269509 0)
(0.0015691 0.139004 0)
(-0.00066865 0.185028 0)
(-0.00267843 0.209659 0)
(-0.00455421 0.226083 0)
(-0.00585076 0.230666 0)
(-0.00661804 0.220159 0)
(-0.00714529 0.200182 0)
(-0.00769677 0.178003 0)
(-0.00833981 0.157575 0)
(-0.00901371 0.140011 0)
(-0.00962592 0.124795 0)
(-0.01013 0.111063 0)
(-0.0105304 0.0982038 0)
(-0.010854 0.0858864 0)
(-0.0111304 0.0739527 0)
(-0.011385 0.0623258 0)
(-0.011637 0.050953 0)
(-0.0119016 0.0397832 0)
(-0.0121921 0.0287599 0)
(-0.0125156 0.017823 0)
(-0.0128762 0.00690838 0)
(-0.0132836 -0.00405005 0)
(-0.013746 -0.0151206 0)
(-0.0142709 -0.0263735 0)
(-0.0148561 -0.0378843 0)
(-0.0154996 -0.0497369 0)
(-0.0162012 -0.0620288 0)
(-0.0169533 -0.0748733 0)
(-0.0177396 -0.0883968 0)
(-0.0185288 -0.102725 0)
(-0.0192649 -0.117947 0)
(-0.0198613 -0.134068 0)
(-0.0202143 -0.150966 0)
(-0.0201688 -0.168445 0)
(-0.0198694 -0.18647 0)
(-0.018954 -0.206478 0)
(-0.0199763 -0.235119 0)
(-0.0226237 -0.288526 0)
(-0.0269852 -0.343193 0)
(-0.014742 -0.294676 0)
(0.0031572 0.137256 0)
(0.00357882 0.185668 0)
(0.00390465 0.210643 0)
(0.00394989 0.226631 0)
(0.00411597 0.231074 0)
(0.00407693 0.220792 0)
(0.00363873 0.200851 0)
(0.00294232 0.178743 0)
(0.00213638 0.158308 0)
(0.00138414 0.140662 0)
(0.000777818 0.125328 0)
(0.000323977 0.111482 0)
(-1.50027e-05 0.0985376 0)
(-0.000283491 0.0861666 0)
(-0.000518978 0.0742077 0)
(-0.000749715 0.0625779 0)
(-0.000996219 0.0512195 0)
(-0.00127449 0.0400777 0)
(-0.00159909 0.0290938 0)
(-0.00197881 0.0182058 0)
(-0.00241884 0.00734779 0)
(-0.00293033 -0.00354738 0)
(-0.00352269 -0.0145501 0)
(-0.00420548 -0.025732 0)
(-0.00497646 -0.0371708 0)
(-0.0058333 -0.048953 0)
(-0.00677503 -0.0611797 0)
(-0.00779348 -0.0739698 0)
(-0.00887469 -0.0874599 0)
(-0.00999014 -0.101794 0)
(-0.0110907 -0.117089 0)
(-0.012097 -0.133377 0)
(-0.0129232 -0.150548 0)
(-0.013387 -0.168383 0)
(-0.0137479 -0.186731 0)
(-0.013274 -0.206571 0)
(-0.0146826 -0.233316 0)
(-0.0168854 -0.285255 0)
(-0.0218645 -0.343779 0)
(-0.0116469 -0.315518 0)
(0.00474379 0.132649 0)
(0.00783853 0.183754 0)
(0.0103964 0.209596 0)
(0.0122291 0.225555 0)
(0.0138401 0.230324 0)
(0.0145737 0.221022 0)
(0.0143046 0.201541 0)
(0.0134858 0.179612 0)
(0.0125374 0.159144 0)
(0.011718 0.14134 0)
(0.0111211 0.125829 0)
(0.0107202 0.111843 0)
(0.0104488 0.0988087 0)
(0.0102456 0.0863928 0)
(0.0100643 0.0744235 0)
(0.00987211 0.0628084 0)
(0.00964584 0.0514836 0)
(0.00936762 0.0403907 0)
(0.00902099 0.0294685 0)
(0.00859465 0.0186535 0)
(0.00808126 0.00787796 0)
(0.00746856 -0.0029269 0)
(0.00674567 -0.0138331 0)
(0.00590172 -0.0249143 0)
(0.00493665 -0.0362505 0)
(0.00385356 -0.0479319 0)
(0.00265479 -0.0600635 0)
(0.00134731 -0.0727701 0)
(-5.47626e-05 -0.0861975 0)
(-0.00152501 -0.100504 0)
(-0.00302271 -0.115827 0)
(-0.00447604 -0.132228 0)
(-0.00581827 -0.14961 0)
(-0.00684895 -0.16773 0)
(-0.007925 -0.186354 0)
(-0.00799853 -0.206097 0)
(-0.0101601 -0.231405 0)
(-0.0122264 -0.281819 0)
(-0.0177293 -0.343962 0)
(-0.00902565 -0.331887 0)
(0.00631704 0.125024 0)
(0.0121073 0.179445 0)
(0.0167775 0.206619 0)
(0.0203041 0.222877 0)
(0.0233162 0.228496 0)
(0.0249484 0.22063 0)
(0.0249846 0.20223 0)
(0.0240829 0.180627 0)
(0.0229905 0.160087 0)
(0.0220884 0.142046 0)
(0.0214823 0.126296 0)
(0.0211239 0.11214 0)
(0.02092 0.0990069 0)
(0.0207902 0.0865512 0)
(0.0206764 0.0745841 0)
(0.0205388 0.0630004 0)
(0.0203492 0.0517287 0)
(0.0200866 0.0407063 0)
(0.0197318 0.0298701 0)
(0.0192702 0.0191545 0)
(0.0186918 0.00849041 0)
(0.017983 -0.00219311 0)
(0.0171311 -0.0129702 0)
(0.0161241 -0.0239172 0)
(0.0149589 -0.0351171 0)
(0.0136395 -0.0466634 0)
(0.0121678 -0.0586648 0)
(0.0105505 -0.0712514 0)
(0.00880388 -0.0845786 0)
(0.00695047 -0.0988168 0)
(0.005025 -0.114124 0)
(0.00308929 -0.13058 0)
(0.00119209 -0.148103 0)
(-0.000466347 -0.166425 0)
(-0.00230499 -0.185257 0)
(-0.00301015 -0.204888 0)
(-0.00617249 -0.229095 0)
(-0.00820955 -0.277887 0)
(-0.0145976 -0.343866 0)
(-0.00709253 -0.344827 0)
(0.00774647 0.11446 0)
(0.0162747 0.172738 0)
(0.0229986 0.201778 0)
(0.0281489 0.218724 0)
(0.0325248 0.225502 0)
(0.0352 0.219534 0)
(0.0357332 0.202741 0)
(0.0348584 0.18173 0)
(0.0336304 0.161153 0)
(0.0326098 0.142816 0)
(0.0319542 0.126757 0)
(0.0316117 0.112383 0)
(0.0314658 0.0991302 0)
(0.0314129 0.0866309 0)
(0.0313784 0.0746731 0)
(0.0313112 0.0631354 0)
(0.0311759 0.0519363 0)
(0.0309459 0.0410078 0)
(0.0305983 0.0302837 0)
(0.030115 0.0196964 0)
(0.029482 0.00917488 0)
(0.0286846 -0.00135385 0)
(0.027708 -0.0119656 0)
(0.0265389 -0.0227402 0)
(0.025171 -0.0337644 0)
(0.0236074 -0.0451362 0)
(0.0218498 -0.0569698 0)
(0.0199074 -0.0694001 0)
(0.0177947 -0.0825868 0)
(0.0155316 -0.0967094 0)
(0.0131486 -0.111944 0)
(0.0106959 -0.128392 0)
(0.00820864 -0.145978 0)
(0.00586495 -0.164418 0)
(0.00321758 -0.183369 0)
(0.00177518 -0.20284 0)
(-0.00256417 -0.226153 0)
(-0.00460322 -0.273317 0)
(-0.0123408 -0.343237 0)
(-0.00566147 -0.35525 0)
(0.00880613 0.10126 0)
(0.0200883 0.163448 0)
(0.0289478 0.195201 0)
(0.0356835 0.213135 0)
(0.0414045 0.221247 0)
(0.0452677 0.217553 0)
(0.0465461 0.202885 0)
(0.0458888 0.182848 0)
(0.0445753 0.162353 0)
(0.0434036 0.143696 0)
(0.0426452 0.127257 0)
(0.0422756 0.112601 0)
(0.0421651 0.0991889 0)
(0.0421845 0.0866287 0)
(0.0422367 0.0746798 0)
(0.0422546 0.0631989 0)
(0.0421911 0.0520912 0)
(0.042012 0.0412809 0)
(0.041689 0.0306973 0)
(0.0411991 0.02027 0)
(0.0405248 0.0099257 0)
(0.0396488 -0.000411945 0)
(0.0385545 -0.0108193 0)
(0.0372271 -0.0213799 0)
(0.0356568 -0.0321864 0)
(0.0338461 -0.0433413 0)
(0.0317979 -0.0549635 0)
(0.0295189 -0.0671946 0)
(0.0270216 -0.0802004 0)
(0.0243282 -0.094164 0)
(0.0214615 -0.109267 0)
(0.0184592 -0.125629 0)
(0.0153399 -0.143187 0)
(0.0122615 -0.161649 0)
(0.00877134 -0.180616 0)
(0.0064479 -0.199896 0)
(0.000805952 -0.222367 0)
(-0.00129801 -0.268223 0)
(-0.0106521 -0.341532 0)
(-0.00460997 -0.363954 0)
(0.0092668 0.0860046 0)
(0.023211 0.151544 0)
(0.0343806 0.186685 0)
(0.0427815 0.206147 0)
(0.0498297 0.215698 0)
(0.0549949 0.214463 0)
(0.057317 0.202397 0)
(0.0571696 0.183835 0)
(0.0559067 0.16367 0)
(0.0545898 0.144728 0)
(0.0536788 0.12785 0)
(0.0532282 0.112833 0)
(0.0531163 0.0992016 0)
(0.053192 0.0865471 0)
(0.0533311 0.0745958 0)
(0.0534444 0.0631767 0)
(0.0534689 0.0521764 0)
(0.0533589 0.0415081 0)
(0.0530789 0.0310945 0)
(0.0525996 0.0208612 0)
(0.0518995 0.0107312 0)
(0.0509585 0.000624788 0)
(0.0497575 -0.00953627 0)
(0.0482797 -0.0198393 0)
(0.0465123 -0.0303827 0)
(0.0444571 -0.0412747 0)
(0.0421162 -0.0526387 0)
(0.0394954 -0.064621 0)
(0.0366066 -0.0773925 0)
(0.0334655 -0.0911466 0)
(0.0300886 -0.106064 0)
(0.0265029 -0.122266 0)
(0.0227082 -0.139693 0)
(0.018836 -0.158053 0)
(0.0144273 -0.176923 0)
(0.0111125 -0.19596 0)
(0.00408104 -0.217618 0)
(0.00179085 -0.262452 0)
(-0.00939421 -0.338678 0)
(-0.00374684 -0.371394 0)
(0.00896993 0.0695443 0)
(0.025271 0.136961 0)
(0.038918 0.176005 0)
(0.0491966 0.19767 0)
(0.0576179 0.208827 0)
(0.0641718 0.21007 0)
(0.0678345 0.200946 0)
(0.0685821 0.184418 0)
(0.0676379 0.16499 0)
(0.066274 0.14592 0)
(0.0651991 0.128588 0)
(0.0646157 0.113132 0)
(0.0644528 0.0992018 0)
(0.0645534 0.086399 0)
(0.0647671 0.0744186 0)
(0.0649779 0.0630564 0)
(0.0651014 0.0521744 0)
(0.0650769 0.0416698 0)
(0.0648581 0.0314555 0)
(0.0644081 0.0214508 0)
(0.0637006 0.0115738 0)
(0.0627112 0.00174068 0)
(0.0614178 -0.00812975 0)
(0.0598028 -0.0181292 0)
(0.0578498 -0.0283619 0)
(0.0555589 -0.0389415 0)
(0.0529313 -0.0499967 0)
(0.0499699 -0.0616786 0)
(0.0466842 -0.0741612 0)
(0.0430835 -0.0876379 0)
(0.0391746 -0.102291 0)
(0.0349691 -0.118245 0)
(0.0304416 -0.135441 0)
(0.0257021 -0.153566 0)
(0.0202905 -0.172195 0)
(0.0158586 -0.190873 0)
(0.00731944 -0.211785 0)
(0.00475467 -0.25586 0)
(-0.00845383 -0.33466 0)
(-0.00296464 -0.37791 0)
(0.0078873 0.052905 0)
(0.0259076 0.119913 0)
(0.0421042 0.16294 0)
(0.0545485 0.187556 0)
(0.064483 0.200579 0)
(0.0724828 0.204189 0)
(0.0777402 0.198153 0)
(0.0798404 0.184195 0)
(0.0796477 0.16606 0)
(0.0784941 0.147184 0)
(0.0773421 0.129487 0)
(0.0766134 0.113547 0)
(0.0763529 0.0992364 0)
(0.0764342 0.0862133 0)
(0.0766945 0.074159 0)
(0.0769913 0.0628352 0)
(0.0772156 0.0520735 0)
(0.0772866 0.0417494 0)
(0.0771441 0.0317613 0)
(0.0767415 0.0220194 0)
(0.0760456 0.0124337 0)
(0.0750275 0.00291634 0)
(0.073661 -0.00661695 0)
(0.0719269 -0.016265 0)
(0.069807 -0.0261375 0)
(0.0672963 -0.0363527 0)
(0.0643947 -0.0470441 0)
(0.0611008 -0.0583671 0)
(0.0574185 -0.0704971 0)
(0.0533468 -0.083626 0)
(0.048879 -0.0979269 0)
(0.0440106 -0.113521 0)
(0.0386799 -0.130346 0)
(0.0329852 -0.148092 0)
(0.0264549 -0.166323 0)
(0.0207617 -0.184508 0)
(0.0105773 -0.20474 0)
(0.00763445 -0.248252 0)
(-0.0078022 -0.329489 0)
(-0.00217857 -0.383722 0)
(0.00609269 0.0370901 0)
(0.0250037 0.100969 0)
(0.043439 0.147292 0)
(0.0583307 0.175445 0)
(0.0700614 0.190838 0)
(0.0796004 0.196733 0)
(0.0866166 0.193685 0)
(0.0904965 0.182664 0)
(0.0916164 0.166441 0)
(0.0911353 0.14827 0)
(0.0901728 0.130466 0)
(0.0893961 0.114096 0)
(0.0890368 0.0993528 0)
(0.0890612 0.0860339 0)
(0.0893287 0.0738447 0)
(0.0896845 0.0625244 0)
(0.0899964 0.0518726 0)
(0.0901619 0.0417373 0)
(0.090103 0.0319972 0)
(0.0897622 0.0225486 0)
(0.0890945 0.0132909 0)
(0.0880675 0.0041318 0)
(0.0866502 -0.00501942 0)
(0.0848199 -0.014269 0)
(0.0825598 -0.0237301 0)
(0.0798501 -0.0335258 0)
(0.0766925 -0.0437944 0)
(0.0730783 -0.0546935 0)
(0.0690013 -0.0663957 0)
(0.0644437 -0.0790862 0)
(0.0593825 -0.0929278 0)
(0.0537902 -0.108031 0)
(0.0475643 -0.124325 0)
(0.0407994 -0.141515 0)
(0.0330037 -0.159165 0)
(0.0258909 -0.176709 0)
(0.0138885 -0.196358 0)
(0.0104727 -0.239571 0)
(-0.00742725 -0.323003 0)
(-0.0013171 -0.388914 0)
(0.00394736 0.023109 0)
(0.0225293 0.0810245 0)
(0.0425901 0.1292 0)
(0.0599665 0.161084 0)
(0.0737888 0.179313 0)
(0.0850429 0.187553 0)
(0.09394 0.187277 0)
(0.0999454 0.179309 0)
(0.102987 0.165533 0)
(0.103833 0.1487 0)
(0.103568 0.131255 0)
(0.103044 0.114679 0)
(0.102715 0.0995515 0)
(0.102706 0.0858991 0)
(0.102959 0.0735166 0)
(0.103341 0.0621531 0)
(0.103714 0.0515862 0)
(0.103957 0.0416356 0)
(0.103978 0.0321564 0)
(0.103703 0.023025 0)
(0.103074 0.0141277 0)
(0.102055 0.00536593 0)
(0.100608 -0.00336158 0)
(0.0987053 -0.0121671 0)
(0.0963279 -0.0211658 0)
(0.0934457 -0.0304844 0)
(0.090053 -0.0402655 0)
(0.0861289 -0.0506644 0)
(0.0816517 -0.0618466 0)
(0.0765807 -0.0739867 0)
(0.0708718 -0.0872335 0)
(0.0644671 -0.101681 0)
(0.0572205 -0.117253 0)
(0.0492358 -0.133687 0)
(0.0400008 -0.150555 0)
(0.0312652 -0.167313 0)
(0.0172152 -0.186563 0)
(0.0134399 -0.229861 0)
(-0.00722441 -0.315118 0)
(-0.000335535 -0.393534 0)
(0.00187326 0.0118775 0)
(0.0185757 0.0612889 0)
(0.0393653 0.10909 0)
(0.0589296 0.144372 0)
(0.075072 0.165817 0)
(0.0882478 0.176515 0)
(0.0991382 0.178755 0)
(0.107489 0.173682 0)
(0.11298 0.162657 0)
(0.115902 0.147782 0)
(0.117076 0.13132 0)
(0.117381 0.11498 0)
(0.117446 0.0996949 0)
(0.11759 0.0857809 0)
(0.117896 0.0731974 0)
(0.118311 0.0617579 0)
(0.118726 0.0512463 0)
(0.119026 0.0414652 0)
(0.119109 0.0322471 0)
(0.11889 0.0234454 0)
(0.118303 0.0149342 0)
(0.117299 0.00660201 0)
(0.115835 -0.00166587 0)
(0.113879 -0.00998391 0)
(0.111403 -0.0184686 0)
(0.108366 -0.0272499 0)
(0.104747 -0.0364681 0)
(0.100505 -0.0462734 0)
(0.0955997 -0.0568211 0)
(0.0899608 -0.0682714 0)
(0.0835168 -0.0807561 0)
(0.07617 -0.0943455 0)
(0.0677392 -0.108967 0)
(0.0583545 -0.124424 0)
(0.0474704 -0.140284 0)
(0.0368854 -0.156134 0)
(0.020596 -0.175271 0)
(0.0166669 -0.219084 0)
(-0.00711727 -0.30582 0)
(0.000888394 -0.397778 0)
(0.000923936 0.00441677 0)
(0.0138946 0.0427847 0)
(0.0340806 0.0880481 0)
(0.0549039 0.125373 0)
(0.073203 0.150101 0)
(0.0885266 0.163412 0)
(0.101546 0.167981 0)
(0.112371 0.165479 0)
(0.120674 0.157196 0)
(0.126361 0.144709 0)
(0.129832 0.129878 0)
(0.13179 0.114387 0)
(0.13291 0.0993881 0)
(0.133663 0.0854691 0)
(0.134296 0.0728017 0)
(0.134885 0.0613225 0)
(0.135402 0.0508684 0)
(0.135774 0.0412507 0)
(0.135915 0.0322897 0)
(0.135743 0.0238259 0)
(0.135189 0.015718 0)
(0.134195 0.00783842 0)
(0.132712 6.26651e-05 0)
(0.130697 -0.00772605 0)
(0.128114 -0.0156455 0)
(0.124915 -0.0238203 0)
(0.121041 -0.0323858 0)
(0.116436 -0.0414858 0)
(0.111033 -0.0512617 0)
(0.104731 -0.0618537 0)
(0.0974223 -0.0733642 0)
(0.0889623 -0.0858487 0)
(0.0791671 -0.099267 0)
(0.068178 -0.113497 0)
(0.0553871 -0.128097 0)
(0.0426824 -0.14298 0)
(0.0241059 -0.162392 0)
(0.020275 -0.207289 0)
(-0.00710199 -0.295172 0)
(0.0024533 -0.401851 0)
(0.000906586 -0.00112776 0)
(0.0095261 0.0268547 0)
(0.0274051 0.0677999 0)
(0.0478238 0.105021 0)
(0.0676134 0.132187 0)
(0.0851113 0.148097 0)
(0.100406 0.15482 0)
(0.113818 0.154524 0)
(0.125118 0.148707 0)
(0.134038 0.138723 0)
(0.140585 0.126017 0)
(0.145119 0.11203 0)
(0.148186 0.0979305 0)
(0.150295 0.0844734 0)
(0.151817 0.0720271 0)
(0.152964 0.0606845 0)
(0.153826 0.0503783 0)
(0.154411 0.0409673 0)
(0.154684 0.0322884 0)
(0.15459 0.0241812 0)
(0.154076 0.0164973 0)
(0.153084 0.00909659 0)
(0.151559 0.00184906 0)
(0.149448 -0.00536286 0)
(0.146706 -0.0126564 0)
(0.143272 -0.0201471 0)
(0.139071 -0.0279609 0)
(0.134012 -0.0362254 0)
(0.128 -0.0450623 0)
(0.120894 -0.0545873 0)
(0.112555 -0.0648812 0)
(0.102815 -0.0760062 0)
(0.0914958 -0.0879636 0)
(0.0786829 -0.100664 0)
(0.0637254 -0.113737 0)
(0.0487241 -0.127669 0)
(0.0279707 -0.147781 0)
(0.024384 -0.194377 0)
(-0.00729854 -0.282953 0)
(0.00445898 -0.405438 0)
(0.000936118 -0.0057138 0)
(0.00601406 0.0148034 0)
(0.0199298 0.0501863 0)
(0.0380502 0.0849388 0)
(0.0579694 0.112638 0)
(0.0772747 0.130505 0)
(0.0949712 0.139151 0)
(0.111061 0.140712 0)
(0.125446 0.136984 0)
(0.13779 0.12932 0)
(0.147883 0.118921 0)
(0.155754 0.106933 0)
(0.161677 0.0943606 0)
(0.166052 0.0819706 0)
(0.169267 0.0702404 0)
(0.171623 0.0593964 0)
(0.173317 0.0494847 0)
(0.174457 0.0404411 0)
(0.175091 0.0321457 0)
(0.175217 0.024465 0)
(0.174817 0.0172609 0)
(0.173851 0.0103938 0)
(0.172274 0.0037349 0)
(0.170028 -0.00283137 0)
(0.167057 -0.00941823 0)
(0.163291 -0.0161318 0)
(0.158649 -0.0230751 0)
(0.153009 -0.0303548 0)
(0.146244 -0.0380698 0)
(0.138193 -0.0463145 0)
(0.128693 -0.0551678 0)
(0.11756 -0.0646875 0)
(0.104591 -0.0749023 0)
(0.0898061 -0.0857447 0)
(0.0726179 -0.0971334 0)
(0.0554794 -0.110307 0)
(0.0329115 -0.131549 0)
(0.029533 -0.180304 0)
(-0.00734862 -0.268262 0)
(0.00733176 -0.407026 0)
(0.000705025 -0.00849298 0)
(0.00274899 0.00698625 0)
(0.0112588 0.036496 0)
(0.0258446 0.0668397 0)
(0.0443597 0.0926672 0)
(0.0645574 0.110852 0)
(0.0845448 0.120852 0)
(0.103437 0.123961 0)
(0.120932 0.12198 0)
(0.136714 0.116355 0)
(0.150448 0.108191 0)
(0.161983 0.0984214 0)
(0.171359 0.0878347 0)
(0.178772 0.077085 0)
(0.184509 0.0666439 0)
(0.188859 0.0567981 0)
(0.192067 0.0476778 0)
(0.194318 0.0393015 0)
(0.195733 0.0316139 0)
(0.196381 0.0245191 0)
(0.196303 0.0179114 0)
(0.195493 0.0116786 0)
(0.193925 0.00570304 0)
(0.191553 -0.000121559 0)
(0.188322 -0.00589108 0)
(0.18416 -0.0116975 0)
(0.17898 -0.0176283 0)
(0.172665 -0.0237598 0)
(0.165077 -0.0301742 0)
(0.156037 -0.0369392 0)
(0.145349 -0.0441258 0)
(0.13282 -0.0517784 0)
(0.118231 -0.0599721 0)
(0.101628 -0.0687791 0)
(0.082619 -0.0786407 0)
(0.0641073 -0.0916316 0)
(0.0405065 -0.114704 0)
(0.0375384 -0.165531 0)
(-0.00530969 -0.25025 0)
(0.0122844 -0.405356 0)
(-0.00188173 -0.00738627 0)
(-0.00326052 0.00620882 0)
(-7.94619e-05 0.0283082 0)
(0.0105536 0.0523101 0)
(0.0269466 0.0736692 0)
(0.0470413 0.0899587 0)
(0.0687928 0.0999819 0)
(0.0904716 0.104137 0)
(0.111087 0.103643 0)
(0.130156 0.0997979 0)
(0.147348 0.0936692 0)
(0.162426 0.0860627 0)
(0.175309 0.0776342 0)
(0.186038 0.068903 0)
(0.194765 0.0602558 0)
(0.201695 0.0519542 0)
(0.207042 0.0441497 0)
(0.211004 0.0369029 0)
(0.213737 0.0302108 0)
(0.215364 0.0240258 0)
(0.215971 0.0182802 0)
(0.215597 0.0128957 0)
(0.214253 0.00778699 0)
(0.211926 0.00287135 0)
(0.20858 -0.00193225 0)
(0.204148 -0.00669427 0)
(0.198547 -0.0114851 0)
(0.191676 -0.0163546 0)
(0.183397 -0.0213483 0)
(0.173552 -0.0264936 0)
(0.161927 -0.0318449 0)
(0.148359 -0.0374641 0)
(0.13269 -0.0435221 0)
(0.115054 -0.0503777 0)
(0.0953152 -0.0591287 0)
(0.076738 -0.0727429 0)
(0.0531784 -0.0985892 0)
(0.0519788 -0.150513 0)
(0.00123468 -0.229641 0)
(0.0208846 -0.402969 0)
(-0.00741071 -0.00974507 0)
(-0.0185449 0.00226258 0)
(-0.0176488 0.0213485 0)
(-0.00976551 0.0398497 0)
(0.00524146 0.0559136 0)
(0.0254518 0.0683968 0)
(0.0484703 0.0768731 0)
(0.072585 0.0811866 0)
(0.0962636 0.0819031 0)
(0.118495 0.0797819 0)
(0.138812 0.0756623 0)
(0.156988 0.0702167 0)
(0.172918 0.0639991 0)
(0.186609 0.0574248 0)
(0.198143 0.0508042 0)
(0.207651 0.0443559 0)
(0.215295 0.0382194 0)
(0.22124 0.0324678 0)
(0.225638 0.0271218 0)
(0.228635 0.0221648 0)
(0.230319 0.0175601 0)
(0.230767 0.0132645 0)
(0.230029 0.00922554 0)
(0.228128 0.00538964 0)
(0.225061 0.0016991 0)
(0.220795 -0.0018917 0)
(0.215281 -0.00541804 0)
(0.208465 -0.00890742 0)
(0.200229 -0.0123691 0)
(0.190441 -0.0158016 0)
(0.178987 -0.0192601 0)
(0.165763 -0.0228482 0)
(0.150695 -0.0268473 0)
(0.133911 -0.0319243 0)
(0.115491 -0.0398123 0)
(0.0984209 -0.0541026 0)
(0.0754414 -0.0818735 0)
(0.0763513 -0.131799 0)
(0.00978816 -0.20663 0)
(0.0345217 -0.403866 0)
(-0.0151382 0.0252533 0)
(-0.0318966 0.0292458 0)
(-0.037031 0.0315175 0)
(-0.0326303 0.0356955 0)
(-0.0194159 0.0419765 0)
(0.000359633 0.0485825 0)
(0.0245949 0.054067 0)
(0.0505545 0.0575816 0)
(0.0767579 0.0589643 0)
(0.101888 0.0583897 0)
(0.125126 0.0562151 0)
(0.146145 0.0529015 0)
(0.164812 0.0488632 0)
(0.181116 0.0444408 0)
(0.195126 0.0398923 0)
(0.206959 0.0354017 0)
(0.21676 0.0310905 0)
(0.224684 0.0270186 0)
(0.230888 0.0232204 0)
(0.235489 0.0197038 0)
(0.238617 0.0164604 0)
(0.24038 0.0134647 0)
(0.240861 0.0106828 0)
(0.24012 0.00807947 0)
(0.238194 0.00562237 0)
(0.235107 0.00328452 0)
(0.23086 0.00104699 0)
(0.225442 -0.00110253 0)
(0.218901 -0.00319761 0)
(0.21128 -0.00527717 0)
(0.202591 -0.00737745 0)
(0.192903 -0.00962703 0)
(0.182152 -0.0123243 0)
(0.170503 -0.0162003 0)
(0.157076 -0.0227751 0)
(0.142563 -0.0351108 0)
(0.118768 -0.0585754 0)
(0.114637 -0.098678 0)
(0.0124121 -0.172382 0)
(0.0604785 -0.393108 0)
(-0.0201554 0.0129443 0)
(-0.0424386 -0.00121283 0)
(-0.0415242 0.00129389 0)
(-0.0328405 0.00734125 0)
(-0.0182658 0.012791 0)
(0.000832877 0.0176694 0)
(0.0237941 0.0222592 0)
(0.0484003 0.0262043 0)
(0.073875 0.0290121 0)
(0.0992025 0.0305411 0)
(0.12353 0.030809 0)
(0.146306 0.030039 0)
(0.167206 0.028529 0)
(0.186067 0.0265564 0)
(0.202845 0.0243419 0)
(0.217582 0.0220476 0)
(0.230377 0.0197799 0)
(0.241355 0.017613 0)
(0.250656 0.0155785 0)
(0.258421 0.0136834 0)
(0.264785 0.011925 0)
(0.26987 0.0102937 0)
(0.27378 0.00877654 0)
(0.276606 0.00735912 0)
(0.278421 0.00602865 0)
(0.279294 0.00477331 0)
(0.279278 0.00357869 0)
(0.278415 0.00242903 0)
(0.276716 0.00129251 0)
(0.274194 0.000126429 0)
(0.270856 -0.00110078 0)
(0.266707 -0.00245888 0)
(0.261582 -0.00414943 0)
(0.255286 -0.00656137 0)
(0.246342 -0.0102464 0)
(0.234089 -0.0164184 0)
(0.208004 -0.0265893 0)
(0.186751 -0.0459846 0)
(0.0352089 -0.107641 0)
(0.142907 -0.315572 0)
(0.0532777 0.116675 0)
(0.0765869 0.0932831 0)
(0.100811 0.0566236 0)
(0.121248 0.0330345 0)
(0.135915 0.0200189 0)
(0.148538 0.0129758 0)
(0.162261 0.00927531 0)
(0.178081 0.00754408 0)
(0.195903 0.00699514 0)
(0.215084 0.0070671 0)
(0.234893 0.00736314 0)
(0.254674 0.00765032 0)
(0.27389 0.00782042 0)
(0.29215 0.00784052 0)
(0.309201 0.00771746 0)
(0.324914 0.00747543 0)
(0.33924 0.007144 0)
(0.352194 0.00675001 0)
(0.363825 0.00631706 0)
(0.374199 0.00586345 0)
(0.383392 0.00540167 0)
(0.391478 0.00493961 0)
(0.398523 0.00448202 0)
(0.40459 0.0040313 0)
(0.409731 0.00358794 0)
(0.413989 0.00314992 0)
(0.417397 0.00271271 0)
(0.419978 0.00226929 0)
(0.421748 0.00181737 0)
(0.422716 0.00135472 0)
(0.422868 0.000862773 0)
(0.422116 0.000330379 0)
(0.420254 -0.000307549 0)
(0.417032 -0.00112901 0)
(0.411532 -0.00221945 0)
(0.404553 -0.00354971 0)
(0.388315 -0.00502541 0)
(0.379545 -0.00661738 0)
(0.279442 -0.0171371 0)
(0.453215 -0.126726 0)
)
;

boundaryField
{
    movingWall
    {
        type            fixedValue;
        value           uniform (1 0 0);
    }
    fixedWalls
    {
        type            noSlip;
    }
    frontAndBack
    {
        type            empty;
    }
}


// ************************************************************************* //
