/*--------------------------------*- C++ -*----------------------------------*\
| =========                 |                                                 |
| \\      /  F ield         | OpenFOAM: The Open Source CFD Toolbox           |
|  \\    /   O peration     | Version:  2412                                  |
|   \\  /    A nd           | Website:  www.openfoam.com                      |
|    \\/     M anipulation  |                                                 |
\*---------------------------------------------------------------------------*/
FoamFile
{
    version     2.0;
    format      ascii;
    arch        "LSB;label=32;scalar=64";
    class       volScalarField;
    location    "3.5";
    object      k;
}
// * * * * * * * * * * * * * * * * * * * * * * * * * * * * * * * * * * * * * //

dimensions      [0 2 -2 0 0 0 0];

internalField   nonuniform List<scalar> 
1600
(
7.31201e-05
9.06823e-05
0.000121192
0.000151743
0.000174738
0.000189026
0.000200142
0.000209967
0.000219881
0.000241416
0.000315264
0.000533177
0.000855014
0.00126788
0.00171574
0.00214084
0.00251245
0.00280823
0.00301876
0.00312805
0.00317041
0.00317377
0.00309104
0.00297061
0.00280675
0.00263119
0.00242913
0.00222111
0.0020066
0.00180315
0.00158866
0.00135777
0.0011169
0.000933985
0.00084682
0.000790109
0.000718433
0.000587146
0.000383749
0.000220646
0.00011962
0.000103435
0.000109397
0.000122494
0.000138556
0.000164617
0.00020981
0.000275661
0.000366109
0.000511132
0.000738911
0.00100044
0.00123456
0.00141179
0.00157366
0.00164375
0.00166438
0.00166297
0.00162821
0.00159625
0.00157399
0.00156482
0.00156399
0.00160454
0.00165978
0.00173615
0.00182697
0.00192307
0.00199528
0.00202687
0.00203169
0.00196467
0.00184746
0.00161811
0.00129846
0.000950558
0.000654034
0.000450905
0.000302331
0.000250985
0.000195957
0.000155987
0.000163614
0.000182645
0.000214476
0.00027307
0.000381087
0.000549387
0.000752145
0.00095625
0.00109844
0.00117445
0.00123266
0.00126098
0.00121022
0.00116843
0.00113521
0.00110296
0.00108537
0.00107746
0.00107621
0.00109389
0.00112094
0.00116346
0.00122118
0.00129838
0.00139575
0.00151757
0.0016621
0.00181901
0.00192793
0.00197349
0.00194904
0.0018174
0.00158413
0.00118648
0.000764399
0.000449949
0.000280842
0.000302522
0.000271335
0.000222951
0.000249144
0.000293783
0.00036994
0.000501069
0.000688174
0.000890726
0.00102628
0.00108373
0.00110172
0.00110759
0.00106425
0.000957535
0.000911528
0.000863579
0.000837086
0.000813558
0.00080243
0.000797339
0.000796239
0.000803597
0.000814329
0.000834032
0.000859282
0.000895943
0.000945288
0.00101426
0.00110922
0.00124423
0.00144602
0.00167965
0.00181643
0.00186414
0.00179843
0.00152256
0.00100691
0.000515715
0.000291147
0.000348995
0.000324071
0.000306327
0.000371658
0.000452553
0.000580117
0.000762529
0.000950895
0.00104015
0.00106214
0.00105337
0.00100794
0.000904218
0.00080595
0.000756583
0.000724636
0.000706824
0.000699126
0.000696868
0.000700182
0.000706597
0.000713555
0.000721705
0.000730234
0.000741832
0.000755282
0.000774989
0.000802494
0.000841893
0.0008971
0.000975302
0.00108934
0.00126439
0.00156215
0.00179075
0.00187753
0.00184889
0.00146105
0.000755586
0.000368903
0.000385046
0.000357144
0.000416921
0.000527801
0.000645297
0.000804722
0.000968697
0.00104046
0.0010486
0.00101512
0.000931949
0.000795973
0.000717294
0.000676655
0.00066012
0.000654805
0.000658059
0.000669678
0.000680741
0.000692752
0.000702005
0.00071002
0.000716445
0.000722359
0.000728934
0.000737595
0.000750601
0.000770154
0.00079861
0.000837625
0.000889221
0.000959054
0.00105994
0.00122743
0.00153885
0.00185073
0.00195927
0.001891
0.00123956
0.000565476
0.000430121
0.000376816
0.000552157
0.00070443
0.000837647
0.000975748
0.00103833
0.00104343
0.000995775
0.000877092
0.000734987
0.000665117
0.000634692
0.00062546
0.000625347
0.000640087
0.000652433
0.000666534
0.000676814
0.000686129
0.000692398
0.00069787
0.000702727
0.000708625
0.000715331
0.000724249
0.000736704
0.000754852
0.000781373
0.000818009
0.000863494
0.00091996
0.000990959
0.00108859
0.00125906
0.00160215
0.00195986
0.00205634
0.00179563
0.000856554
0.000489996
0.000402216
0.000705502
0.000880578
0.00099564
0.00104957
0.00105485
0.000996748
0.000860741
0.000707245
0.000635198
0.000607527
0.000600783
0.000605902
0.000621479
0.000636285
0.000647488
0.000657748
0.000663383
0.000668828
0.000674202
0.000681114
0.000688576
0.000697125
0.000706438
0.000716714
0.000728394
0.000742845
0.000762817
0.000793988
0.000842913
0.000903371
0.000970157
0.00104755
0.00115408
0.00134909
0.00176534
0.00207955
0.00210714
0.001294
0.000573556
0.000480668
0.000864825
0.0010314
0.00108739
0.00109235
0.00102163
0.000882613
0.00070425
0.000620244
0.000588704
0.000581567
0.000586785
0.000603098
0.00061726
0.000627992
0.000635081
0.000640828
0.000646542
0.000653465
0.000661567
0.000671136
0.000681526
0.000692804
0.000704439
0.000716288
0.000728427
0.000741476
0.00075729
0.000778941
0.000812657
0.000869485
0.000950051
0.00103483
0.0011254
0.00125576
0.00151673
0.00202476
0.0022317
0.001818
0.000668169
0.000627794
0.00100407
0.00113763
0.001154
0.00107718
0.000936919
0.000734328
0.000620185
0.000577002
0.000566204
0.000567862
0.000583686
0.000598294
0.000608156
0.000615059
0.000621164
0.000627433
0.000634579
0.000642924
0.000652454
0.000663256
0.000675196
0.00068825
0.00070199
0.000716046
0.000729967
0.000743933
0.00075869
0.000776267
0.000800439
0.000839114
0.000905985
0.0010079
0.00111689
0.00123021
0.00140964
0.00182505
0.00227888
0.00228346
0.000940871
0.000789165
0.00111278
0.00121231
0.00117425
0.00102809
0.000815742
0.000643346
0.000574463
0.000553936
0.00055163
0.000562885
0.000579312
0.000589831
0.000597421
0.000603866
0.000610261
0.000616702
0.000623503
0.000630947
0.000639359
0.000649099
0.000660503
0.000673713
0.000688664
0.00070508
0.000722504
0.000740398
0.000758326
0.00077656
0.00079753
0.000827216
0.000875789
0.000961057
0.00108888
0.00122503
0.0013763
0.00167028
0.00231567
0.00258295
0.00152103
0.000951549
0.00118812
0.00125898
0.00116133
0.000946968
0.000707709
0.000589481
0.000547835
0.000538996
0.000543291
0.000559128
0.000572669
0.000581126
0.000588285
0.000594552
0.000599972
0.000604456
0.000608461
0.000612604
0.000617649
0.000624365
0.000633408
0.000645287
0.000660182
0.000678048
0.000698573
0.000721182
0.000745113
0.000769652
0.000794789
0.000822877
0.000862005
0.000928444
0.00104388
0.00120519
0.00137114
0.00160868
0.00221816
0.00285396
0.00234164
0.00111352
0.00123706
0.0012784
0.00112619
0.000853992
0.000640711
0.000555807
0.000530825
0.000528037
0.000538295
0.000554516
0.000565771
0.000573702
0.000580473
0.000585039
0.000587173
0.000587755
0.0005873
0.000586812
0.000587092
0.000589728
0.000595366
0.000605
0.000618969
0.000637455
0.000660358
0.000687223
0.000717213
0.000749215
0.000782228
0.000816382
0.000855372
0.000911455
0.00100929
0.00117084
0.00137104
0.0015918
0.002089
0.00310547
0.00324265
0.00127572
0.00125826
0.00127247
0.0010719
0.000775549
0.000596713
0.000533579
0.000518907
0.000520061
0.000534427
0.000549561
0.000559715
0.000567365
0.000571583
0.000572888
0.000571292
0.000566729
0.000560705
0.000554603
0.000550565
0.000549172
0.000550889
0.000557896
0.000570437
0.000588808
0.000613187
0.000643373
0.000678659
0.000717777
0.00075911
0.000801435
0.000845737
0.000899242
0.000982696
0.00113064
0.00135024
0.00159165
0.00201092
0.00322665
0.00411196
0.00142857
0.00126176
0.00125477
0.00101726
0.000713396
0.000566024
0.000517958
0.000509199
0.000514684
0.000530797
0.000544831
0.000554465
0.000559673
0.000561208
0.000559051
0.000552384
0.000542468
0.000531121
0.000520159
0.000511354
0.000506936
0.000505803
0.000509956
0.000520806
0.000538358
0.000563109
0.000595269
0.000634517
0.000679738
0.000729017
0.000780208
0.000832476
0.000889689
0.000967435
0.0011015
0.00132682
0.00160495
0.00200064
0.00324761
0.00489805
0.00157698
0.00125728
0.00122142
0.000964951
0.000671494
0.000543953
0.000506288
0.000501541
0.000510701
0.000527256
0.000540491
0.00054817
0.000550901
0.000549963
0.000543412
0.000531928
0.00051723
0.000501444
0.000486627
0.000474557
0.000467483
0.000464888
0.000466604
0.000475683
0.000491809
0.000515753
0.000548259
0.000589641
0.000639272
0.000695259
0.000754748
0.000815313
0.000878004
0.000953743
0.00107497
0.00129368
0.00160736
0.00200587
0.00325216
0.00558402
0.00171805
0.0012459
0.00118261
0.000920236
0.000642064
0.000527821
0.000497356
0.000495518
0.000507292
0.00052359
0.000535496
0.000540913
0.000541882
0.000537678
0.000527188
0.0005117
0.000493303
0.000474368
0.000457079
0.000443163
0.000434593
0.000431208
0.000431464
0.0004389
0.000453218
0.000475381
0.000506675
0.000548239
0.000600286
0.000661367
0.000728273
0.000797249
0.000866975
0.000944499
0.00105773
0.0012657
0.00160186
0.00202522
0.00324865
0.00616696
0.00184744
0.00122972
0.00114404
0.000886446
0.000622785
0.000515745
0.000490077
0.000490449
0.000503846
0.000519479
0.000529579
0.000533204
0.000532397
0.000525209
0.00051164
0.000493279
0.000472482
0.000451776
0.000433369
0.000418862
0.00040981
0.00040608
0.00040585
0.00041193
0.000424354
0.000444176
0.000473111
0.000513168
0.000565644
0.000629955
0.00070293
0.000779677
0.00085655
0.000937103
0.00104362
0.00123775
0.00158514
0.00204367
0.00324635
0.00665672
0.00196217
0.00121266
0.00110749
0.000861046
0.000609719
0.000507329
0.000483855
0.000486008
0.000499967
0.000514556
0.000522984
0.000525373
0.000522727
0.00051337
0.000497785
0.000477776
0.000455846
0.000434575
0.000416111
0.000401878
0.000393028
0.000389356
0.000389096
0.000394208
0.000404894
0.000422276
0.000448295
0.000485746
0.000537098
0.000602973
0.000680685
0.000764502
0.000848568
0.000933603
0.00103619
0.0012172
0.00156968
0.00206571
0.00325056
0.00706432
0.0020563
0.00119588
0.0010762
0.000845782
0.000605499
0.000500929
0.000478007
0.000481511
0.000495339
0.000508795
0.000515956
0.000517417
0.000513387
0.000502776
0.000486268
0.000465757
0.00044377
0.000422845
0.000405015
0.00039153
0.000383212
0.000379855
0.000379939
0.000384521
0.00039364
0.000408437
0.000431499
0.000465902
0.000515189
0.000581383
0.000662658
0.000752697
0.000844551
0.000932531
0.0010327
0.00119843
0.00154763
0.00208834
0.00327465
0.00740178
0.00212052
0.00118916
0.0010496
0.000836404
0.000607472
0.000498184
0.000472549
0.000476575
0.000489934
0.000502233
0.000508708
0.000509529
0.000504722
0.000493758
0.000477337
0.000457304
0.0004361
0.000416147
0.00039933
0.000386752
0.000378936
0.000375724
0.000376256
0.000380454
0.000388508
0.000401409
0.000421435
0.000452683
0.000499576
0.000565404
0.000649492
0.000745909
0.000843409
0.000935641
0.0010321
0.00118526
0.00152533
0.00210912
0.00332283
0.00769273
0.00212697
0.00118485
0.00102985
0.000836392
0.000613705
0.000499273
0.00046838
0.000471235
0.000483581
0.000495095
0.000501154
0.000501666
0.000496986
0.000486436
0.000470915
0.000452142
0.000432364
0.000413932
0.000398308
0.000386471
0.000378885
0.000375497
0.000375918
0.000379595
0.000386954
0.000398627
0.000416605
0.000445028
0.00048939
0.000554595
0.000641433
0.000743332
0.00084684
0.000943798
0.00103745
0.00117552
0.00149973
0.00212545
0.00339293
0.00795005
0.00210556
0.001183
0.00101514
0.000839158
0.000626882
0.000503448
0.000464932
0.000465603
0.000475954
0.000487233
0.00049327
0.000493871
0.000490015
0.000480652
0.000466651
0.000449723
0.000432015
0.000414782
0.00039994
0.000388648
0.000381395
0.000378122
0.000378381
0.000381274
0.000387601
0.00039814
0.000414929
0.000441491
0.000484203
0.000549007
0.000637851
0.000743423
0.000854427
0.000955852
0.00104634
0.00116993
0.00147315
0.00213466
0.00348639
0.00818674
0.00204546
0.0011789
0.0010055
0.000846424
0.000646425
0.000512696
0.000465214
0.000460811
0.000468142
0.000478856
0.000485065
0.000486147
0.000483452
0.000475967
0.000463974
0.000449356
0.000433253
0.000417678
0.000404143
0.000393608
0.000386525
0.000382909
0.000382774
0.000384963
0.000390328
0.00039971
0.000414908
0.000440373
0.000482161
0.000546909
0.000637136
0.000748412
0.000865828
0.000971637
0.00105893
0.00116721
0.00144472
0.00213798
0.0035953
0.00841016
0.00192464
0.00116846
0.000995827
0.000857961
0.00067275
0.000530162
0.000468103
0.000455545
0.000459626
0.000469718
0.000476414
0.000478326
0.000476867
0.000471765
0.000462126
0.000449818
0.000436122
0.00042253
0.000410252
0.000400284
0.000393164
0.000389079
0.000388278
0.000389868
0.000394294
0.000402752
0.000416921
0.000441062
0.00048199
0.000547191
0.000640648
0.000756978
0.00088042
0.000990233
0.00107391
0.00116611
0.00141376
0.00213377
0.00371944
0.00862663
0.00175787
0.00114863
0.000988458
0.000870816
0.000702485
0.000554637
0.00047587
0.000454105
0.00045373
0.000459507
0.000467025
0.000470178
0.000469804
0.000467032
0.000460419
0.000450708
0.000439502
0.000427891
0.000416962
0.000407635
0.000400522
0.000395953
0.000394335
0.000395394
0.000398995
0.000406566
0.00042016
0.000444029
0.000485239
0.000551777
0.000647942
0.000768685
0.000897396
0.00101053
0.00108984
0.00116572
0.00138042
0.00211105
0.0038525
0.00883904
0.00155056
0.00110853
0.00097636
0.000883098
0.000737062
0.000587927
0.000491947
0.000456526
0.000448414
0.000450768
0.000456822
0.000461276
0.000462249
0.000461206
0.000457691
0.000450591
0.000442096
0.000432654
0.000423242
0.000414728
0.000407781
0.000402861
0.00040046
0.000401089
0.000404052
0.000410931
0.000424334
0.000448563
0.000490821
0.000559268
0.000658362
0.000782963
0.000915835
0.00103117
0.001105
0.00116427
0.00134679
0.00208308
0.00399442
0.00905038
0.00131274
0.00104355
0.000958078
0.000891559
0.000770453
0.000629558
0.000520319
0.000465075
0.000448844
0.000444601
0.000446784
0.000451178
0.000453836
0.000454068
0.000452834
0.000449174
0.000442828
0.000435704
0.00042804
0.000420617
0.000414134
0.000409163
0.00040627
0.000406647
0.000409261
0.000415912
0.000429519
0.000454874
0.00049898
0.000569865
0.000671731
0.000799105
0.000934407
0.00105017
0.00111549
0.00115858
0.00130626
0.00203501
0.0041395
0.00926194
0.00106025
0.000954481
0.00093197
0.000890114
0.000799387
0.000672326
0.000557927
0.000483777
0.00045393
0.000444642
0.000441202
0.000442006
0.000444
0.000445619
0.000445673
0.000444751
0.000441636
0.000436344
0.000430593
0.000424573
0.000418963
0.000414369
0.000411567
0.000411951
0.000414628
0.000421606
0.000436154
0.000463421
0.000510043
0.000583569
0.000687563
0.000816002
0.000951298
0.00106395
0.00111973
0.00114713
0.00125979
0.00197975
0.00428528
0.00947516
0.000813404
0.000844315
0.00088828
0.000880036
0.000830096
0.000721546
0.000608361
0.000520252
0.000469378
0.000449532
0.000442014
0.000438949
0.000437623
0.000437743
0.000437986
0.000437879
0.000437152
0.000434953
0.000430906
0.000426503
0.000422167
0.000418402
0.00041648
0.00041719
0.000420436
0.000428413
0.000444892
0.000474816
0.00052436
0.000600212
0.000704985
0.000831898
0.000962371
0.00106973
0.00111849
0.00112664
0.00120315
0.00190729
0.00442386
0.00969098
0.000593125
0.000720431
0.000831526
0.000856792
0.00083392
0.000767436
0.000662423
0.000570808
0.000502755
0.000465975
0.000449377
0.000441873
0.000438205
0.000436296
0.000435062
0.000434234
0.000433475
0.00043224
0.000430263
0.000427462
0.000424561
0.000421982
0.000421609
0.000422963
0.000427358
0.0004372
0.000456678
0.000489773
0.000542097
0.000619174
0.000722418
0.000842402
0.000966438
0.00106978
0.00110124
0.00109157
0.00113731
0.00182716
0.00454696
0.00991061
0.000414488
0.000594337
0.000762522
0.000826154
0.000826687
0.000797902
0.000724677
0.000635268
0.000560499
0.00050412
0.000472041
0.00045525
0.000445919
0.000440687
0.000437615
0.000435693
0.00043435
0.000433042
0.000431466
0.000429671
0.000427914
0.000427111
0.000427814
0.000430517
0.000436936
0.000450013
0.000472747
0.000508971
0.000562987
0.00063914
0.000735994
0.000846039
0.000961289
0.00105128
0.00106591
0.00103985
0.00106035
0.00173912
0.00464121
0.0101345
0.000287076
0.000478291
0.000679078
0.000780572
0.000811209
0.000804343
0.000773442
0.000708321
0.000636435
0.000574097
0.000523468
0.000491445
0.000471755
0.000459145
0.000451089
0.000445837
0.000442357
0.000439883
0.00043808
0.000436563
0.00043608
0.000436628
0.000438649
0.00044337
0.000452977
0.000469314
0.000495068
0.000532984
0.000586119
0.000657645
0.000741631
0.000838919
0.000937366
0.00101009
0.00100981
0.000968726
0.00097371
0.00165119
0.00469819
0.0103629
0.000207298
0.000385313
0.000589749
0.000721075
0.00078561
0.000803452
0.000798423
0.000775797
0.000729279
0.00067396
0.000621819
0.000574581
0.00053695
0.000509822
0.000491798
0.000479362
0.000470742
0.000464682
0.000460846
0.000458149
0.000458092
0.000459268
0.000462559
0.000469416
0.000481287
0.000499397
0.000525725
0.000561468
0.000609525
0.000667363
0.000737444
0.000813861
0.000890157
0.000940201
0.000931953
0.000880873
0.000899778
0.00158861
0.00472126
0.0106003
0.000178027
0.000325133
0.000504197
0.000646684
0.0007419
0.000798876
0.000821317
0.000821227
0.000808655
0.000779311
0.000738345
0.000695398
0.000655124
0.000619136
0.000588403
0.000563993
0.00054544
0.000531667
0.000521919
0.000515337
0.00051155
0.000511792
0.000513775
0.000518675
0.000528495
0.000543401
0.000564291
0.000591971
0.000627517
0.000669036
0.000716562
0.00076735
0.000816478
0.00084538
0.000835638
0.000811305
0.000867641
0.00156485
0.00472613
0.0108658
0.00020336
0.000296317
0.000444349
0.000589012
0.000707639
0.000801997
0.000864551
0.000903107
0.000919985
0.000915213
0.000899837
0.000870214
0.000835303
0.000798552
0.00076223
0.000728171
0.000697531
0.000670586
0.000647725
0.000628804
0.000613463
0.000602059
0.000594384
0.000590766
0.000591876
0.000595902
0.000604647
0.00061865
0.000636931
0.000659459
0.000687855
0.000717794
0.000748149
0.000779651
0.000786915
0.000788092
0.000876902
0.00164463
0.00487168
0.0111943
0.000259407
0.000306499
0.000420653
0.000557046
0.00069899
0.000816702
0.000905373
0.000973193
0.00101923
0.0010371
0.00103339
0.00101958
0.000991578
0.000956095
0.00091691
0.000876841
0.000837987
0.000801644
0.000768667
0.000739382
0.000714227
0.000693686
0.000677906
0.000665626
0.000658087
0.000652848
0.000653017
0.000655068
0.00066034
0.000670505
0.000685481
0.000706042
0.000732695
0.000770139
0.000810508
0.000895995
0.00115275
0.00214684
0.00544615
0.0116554
0.000485073
0.000374019
0.000502362
0.000638118
0.000774115
0.000895648
0.000996065
0.00106755
0.00111441
0.00113971
0.00114144
0.00113579
0.00112138
0.001098
0.00107098
0.00104242
0.001014
0.000987484
0.000963899
0.000943397
0.000926634
0.00091289
0.000903333
0.000898441
0.000899849
0.000905019
0.000916359
0.000936213
0.000964259
0.00100117
0.00105058
0.00111216
0.00119555
0.00130891
0.00147563
0.00170854
0.0021618
0.00338696
0.00651575
0.0123294
0.00131872
0.00157711
0.00211726
0.00238068
0.00253308
0.00262438
0.00268462
0.00271163
0.00271309
0.00271002
0.00270201
0.00269275
0.00268667
0.00268537
0.00268712
0.00269215
0.00270285
0.00272098
0.00274531
0.00277624
0.00281439
0.00286017
0.00291359
0.00297598
0.00304676
0.00312863
0.00321894
0.00332309
0.0034355
0.00356685
0.00370378
0.00387317
0.00403845
0.00427104
0.00454041
0.0049486
0.00543944
0.00662592
0.00881728
0.0134653
0.00906807
0.0140098
0.0168698
0.0179654
0.0183493
0.0183567
0.0182714
0.018067
0.0177834
0.0174809
0.0171802
0.0168907
0.0166177
0.0163636
0.0161289
0.015913
0.0157147
0.0155332
0.0153675
0.0152165
0.0150792
0.0149547
0.0148423
0.0147412
0.0146505
0.0145696
0.0144981
0.0144348
0.0143804
0.0143328
0.0142965
0.0142671
0.014259
0.0142623
0.0142764
0.0143116
0.01441
0.0145587
0.0153974
0.0149352
)
;

boundaryField
{
    movingWall
    {
        type            kqRWallFunction;
        value           nonuniform List<scalar> 
40
(
0.00906807
0.0140098
0.0168698
0.0179654
0.0183493
0.0183567
0.0182714
0.018067
0.0177834
0.0174809
0.0171802
0.0168907
0.0166177
0.0163636
0.0161289
0.015913
0.0157147
0.0155332
0.0153675
0.0152165
0.0150792
0.0149547
0.0148423
0.0147412
0.0146505
0.0145696
0.0144981
0.0144348
0.0143804
0.0143328
0.0142965
0.0142671
0.014259
0.0142623
0.0142764
0.0143116
0.01441
0.0145587
0.0153974
0.0149352
)
;
    }
    fixedWalls
    {
        type            kqRWallFunction;
        value           nonuniform List<scalar> 
120
(
7.31201e-05
0.00011962
0.000195957
0.000271335
0.000324071
0.000357144
0.000376816
0.000402216
0.000480668
0.000627794
0.000789165
0.000951549
0.00111352
0.00127572
0.00142857
0.00157698
0.00171805
0.00184744
0.00196217
0.0020563
0.00212052
0.00212697
0.00210556
0.00204546
0.00192464
0.00175787
0.00155056
0.00131274
0.00106025
0.000813404
0.000593125
0.000414488
0.000287076
0.000207298
0.000178027
0.00020336
0.000259407
0.000485073
0.00131872
0.00906807
0.000220646
0.000250985
0.000302522
0.000348995
0.000385046
0.000430121
0.000489996
0.000573556
0.000668169
0.000940871
0.00152103
0.00234164
0.00324265
0.00411196
0.00489805
0.00558402
0.00616696
0.00665672
0.00706432
0.00740178
0.00769273
0.00795005
0.00818674
0.00841016
0.00862663
0.00883904
0.00905038
0.00926194
0.00947516
0.00969098
0.00991061
0.0101345
0.0103629
0.0106003
0.0108658
0.0111943
0.0116554
0.0123294
0.0134653
0.0149352
7.31201e-05
9.06823e-05
0.000121192
0.000151743
0.000174738
0.000189026
0.000200142
0.000209967
0.000219881
0.000241416
0.000315264
0.000533177
0.000855014
0.00126788
0.00171574
0.00214084
0.00251245
0.00280823
0.00301876
0.00312805
0.00317041
0.00317377
0.00309104
0.00297061
0.00280675
0.00263119
0.00242913
0.00222111
0.0020066
0.00180315
0.00158866
0.00135777
0.0011169
0.000933985
0.00084682
0.000790109
0.000718433
0.000587146
0.000383749
0.000220646
)
;
    }
    frontAndBack
    {
        type            empty;
    }
}


// ************************************************************************* //
