/*--------------------------------*- C++ -*----------------------------------*\
| =========                 |                                                 |
| \\      /  F ield         | OpenFOAM: The Open Source CFD Toolbox           |
|  \\    /   O peration     | Version:  2412                                  |
|   \\  /    A nd           | Website:  www.openfoam.com                      |
|    \\/     M anipulation  |                                                 |
\*---------------------------------------------------------------------------*/
FoamFile
{
    version     2.0;
    format      ascii;
    arch        "LSB;label=32;scalar=64";
    class       volScalarField;
    location    "3.5";
    object      nut;
}
// * * * * * * * * * * * * * * * * * * * * * * * * * * * * * * * * * * * * * //

dimensions      [0 2 -1 0 0 0 0];

internalField   nonuniform List<scalar> 
1600
(
2.40688e-06
2.67903e-06
3.09574e-06
3.46297e-06
3.71544e-06
3.86411e-06
3.97692e-06
4.0751e-06
4.17211e-06
4.3737e-06
4.99948e-06
6.50039e-06
8.22938e-06
1.00181e-05
1.16505e-05
1.30111e-05
1.40928e-05
1.48971e-05
1.54439e-05
1.57195e-05
1.58247e-05
1.58327e-05
1.5624e-05
1.53164e-05
1.48879e-05
1.44148e-05
1.38499e-05
1.32442e-05
1.25887e-05
1.19344e-05
1.12025e-05
1.03571e-05
9.39449e-06
8.59499e-06
8.18562e-06
7.90755e-06
7.5416e-06
6.81943e-06
5.51527e-06
4.18339e-06
3.07945e-06
3.92206e-06
5.03948e-06
5.83801e-06
6.23828e-06
6.70266e-06
7.4775e-06
8.07655e-06
8.67096e-06
9.97411e-06
1.16746e-05
1.28528e-05
1.3552e-05
1.34583e-05
1.37617e-05
1.38555e-05
1.38276e-05
1.38844e-05
1.42397e-05
1.4944e-05
1.6129e-05
1.76743e-05
1.91309e-05
2.08735e-05
2.25366e-05
2.46148e-05
2.67101e-05
2.88155e-05
3.02242e-05
3.08408e-05
3.11532e-05
3.09662e-05
3.07752e-05
2.95739e-05
2.58762e-05
2.04925e-05
1.41228e-05
9.05684e-06
6.37319e-06
4.461e-06
3.94261e-06
5.40538e-06
8.59111e-06
1.06385e-05
1.12936e-05
1.12925e-05
1.23248e-05
1.42361e-05
1.52941e-05
1.5908e-05
1.58377e-05
1.52586e-05
1.50489e-05
1.52704e-05
1.48865e-05
1.49705e-05
1.57566e-05
1.67689e-05
1.8439e-05
2.01184e-05
2.14273e-05
2.27738e-05
2.4029e-05
2.47619e-05
2.55861e-05
2.63527e-05
2.70408e-05
2.78733e-05
2.90269e-05
3.06288e-05
3.14807e-05
3.18431e-05
3.13045e-05
3.00374e-05
2.96498e-05
2.58768e-05
2.00868e-05
1.31097e-05
7.81398e-06
4.89632e-06
4.64009e-06
7.52333e-06
1.25534e-05
1.5234e-05
1.60384e-05
1.67637e-05
1.78731e-05
1.87192e-05
1.81883e-05
1.71837e-05
1.63758e-05
1.6056e-05
1.65879e-05
1.56462e-05
1.62893e-05
1.7192e-05
1.86403e-05
1.99887e-05
2.1182e-05
2.18679e-05
2.21879e-05
2.26288e-05
2.24132e-05
2.23196e-05
2.204e-05
2.1808e-05
2.15299e-05
2.13461e-05
2.1272e-05
2.14683e-05
2.31005e-05
2.56154e-05
2.69451e-05
2.74163e-05
2.74465e-05
2.71122e-05
2.23211e-05
1.44632e-05
8.3191e-06
5.25796e-06
5.0706e-06
1.06741e-05
1.70887e-05
1.89845e-05
1.95764e-05
2.04915e-05
2.0978e-05
1.95737e-05
1.85198e-05
1.76015e-05
1.70105e-05
1.71215e-05
1.6228e-05
1.7455e-05
1.86603e-05
2.05853e-05
2.19056e-05
2.29202e-05
2.36277e-05
2.41805e-05
2.4383e-05
2.43682e-05
2.41287e-05
2.38306e-05
2.33063e-05
2.27242e-05
2.20457e-05
2.13482e-05
2.06537e-05
2.00607e-05
1.97054e-05
1.9754e-05
2.2405e-05
2.4398e-05
2.50354e-05
2.58359e-05
2.4904e-05
1.63859e-05
9.55351e-06
5.52081e-06
5.32147e-06
1.45892e-05
2.12377e-05
2.24239e-05
2.28375e-05
2.26285e-05
2.11531e-05
2.00588e-05
1.85847e-05
1.8028e-05
1.69518e-05
1.73793e-05
1.85782e-05
2.0878e-05
2.25702e-05
2.418e-05
2.56411e-05
2.66862e-05
2.76044e-05
2.79905e-05
2.82024e-05
2.80859e-05
2.77255e-05
2.71192e-05
2.63266e-05
2.54127e-05
2.44474e-05
2.3473e-05
2.24583e-05
2.13426e-05
2.02268e-05
1.92678e-05
1.89118e-05
2.05342e-05
2.31414e-05
2.37905e-05
2.49067e-05
2.07226e-05
1.14607e-05
5.83256e-06
5.46399e-06
1.85741e-05
2.48296e-05
2.51618e-05
2.43563e-05
2.26486e-05
2.16073e-05
1.97895e-05
1.83012e-05
1.72836e-05
1.81607e-05
2.01592e-05
2.24055e-05
2.44392e-05
2.67412e-05
2.85056e-05
3.01528e-05
3.14706e-05
3.2552e-05
3.32326e-05
3.36868e-05
3.36489e-05
3.33195e-05
3.25458e-05
3.13968e-05
2.99092e-05
2.82086e-05
2.64662e-05
2.48137e-05
2.32278e-05
2.18042e-05
2.04472e-05
1.90247e-05
1.83424e-05
1.95323e-05
2.24194e-05
2.29196e-05
2.3057e-05
1.33697e-05
6.22328e-06
5.64244e-06
2.24567e-05
2.78247e-05
2.68998e-05
2.4681e-05
2.35392e-05
2.12735e-05
1.89076e-05
1.76695e-05
1.89305e-05
2.11246e-05
2.37313e-05
2.60882e-05
2.88707e-05
3.13115e-05
3.35435e-05
3.56849e-05
3.73793e-05
3.88187e-05
3.98757e-05
4.08367e-05
4.13266e-05
4.13445e-05
4.08325e-05
3.97256e-05
3.79577e-05
3.55252e-05
3.25424e-05
2.94218e-05
2.66948e-05
2.4204e-05
2.20078e-05
2.02162e-05
1.86207e-05
1.77476e-05
1.90652e-05
2.13149e-05
2.16089e-05
1.665e-05
6.73166e-06
6.16428e-06
2.56262e-05
2.98229e-05
2.75873e-05
2.61436e-05
2.31934e-05
2.02412e-05
1.78816e-05
1.93878e-05
2.17521e-05
2.45062e-05
2.72528e-05
3.04113e-05
3.35281e-05
3.63994e-05
3.90795e-05
4.14826e-05
4.36816e-05
4.54691e-05
4.69671e-05
4.83667e-05
4.90128e-05
4.92619e-05
4.89171e-05
4.79773e-05
4.6369e-05
4.40252e-05
4.08997e-05
3.69737e-05
3.2547e-05
2.84666e-05
2.51014e-05
2.20855e-05
1.97166e-05
1.80093e-05
1.74827e-05
1.95681e-05
2.04132e-05
1.8105e-05
7.26418e-06
7.04406e-06
2.72909e-05
3.07865e-05
2.94069e-05
2.59088e-05
2.21695e-05
1.85536e-05
1.93811e-05
2.19547e-05
2.48775e-05
2.76876e-05
3.12755e-05
3.48683e-05
3.83385e-05
4.15412e-05
4.4619e-05
4.73659e-05
4.9718e-05
5.16474e-05
5.33677e-05
5.46621e-05
5.53596e-05
5.56658e-05
5.54408e-05
5.46511e-05
5.31911e-05
5.10095e-05
4.8038e-05
4.42266e-05
3.954e-05
3.42492e-05
2.92209e-05
2.52032e-05
2.16711e-05
1.8874e-05
1.70734e-05
1.74229e-05
1.89919e-05
1.88147e-05
8.60711e-06
7.89722e-06
2.7926e-05
3.21376e-05
2.99009e-05
2.51279e-05
2.06107e-05
1.91432e-05
2.15405e-05
2.47243e-05
2.76661e-05
3.12003e-05
3.5337e-05
3.92526e-05
4.30542e-05
4.65778e-05
4.98237e-05
5.25992e-05
5.48225e-05
5.66184e-05
5.8232e-05
5.92997e-05
5.99694e-05
6.03031e-05
6.02455e-05
5.97397e-05
5.86768e-05
5.69142e-05
5.4279e-05
5.06198e-05
4.59239e-05
4.036e-05
3.43017e-05
2.87794e-05
2.446e-05
2.07987e-05
1.80358e-05
1.68355e-05
1.84875e-05
1.85652e-05
1.09433e-05
8.67199e-06
2.79619e-05
3.3064e-05
2.97773e-05
2.41294e-05
1.95466e-05
2.07493e-05
2.38796e-05
2.72928e-05
3.04652e-05
3.47824e-05
3.92473e-05
4.34671e-05
4.74891e-05
5.10977e-05
5.4218e-05
5.6743e-05
5.87337e-05
6.01808e-05
6.13906e-05
6.22981e-05
6.2833e-05
6.31474e-05
6.3205e-05
6.29572e-05
6.2308e-05
6.11093e-05
5.91563e-05
5.61963e-05
5.1978e-05
4.63992e-05
3.97743e-05
3.29375e-05
2.71134e-05
2.26646e-05
1.8947e-05
1.6609e-05
1.72858e-05
1.82611e-05
1.35815e-05
9.38105e-06
2.76905e-05
3.38612e-05
2.93733e-05
2.2796e-05
2.01047e-05
2.25151e-05
2.61328e-05
2.95689e-05
3.3337e-05
3.8206e-05
4.29111e-05
4.73441e-05
5.14135e-05
5.48417e-05
5.75695e-05
5.97182e-05
6.13424e-05
6.24857e-05
6.31447e-05
6.38315e-05
6.4213e-05
6.44249e-05
6.45169e-05
6.44461e-05
6.41432e-05
6.34782e-05
6.22465e-05
6.01596e-05
5.68642e-05
5.20307e-05
4.55815e-05
3.80913e-05
3.09112e-05
2.52641e-05
2.09231e-05
1.7472e-05
1.67099e-05
1.81265e-05
1.59871e-05
1.00404e-05
2.68103e-05
3.39429e-05
2.87533e-05
2.1997e-05
2.12562e-05
2.4276e-05
2.818e-05
3.16741e-05
3.61357e-05
4.13493e-05
4.62346e-05
5.07642e-05
5.45138e-05
5.7592e-05
6.00243e-05
6.17302e-05
6.28941e-05
6.36225e-05
6.40483e-05
6.42685e-05
6.45209e-05
6.45667e-05
6.46184e-05
6.46336e-05
6.45734e-05
6.43415e-05
6.37567e-05
6.25242e-05
6.02239e-05
5.63549e-05
5.05162e-05
4.28289e-05
3.44846e-05
2.74023e-05
2.22565e-05
1.81194e-05
1.59663e-05
1.82299e-05
1.8007e-05
1.06253e-05
2.56574e-05
3.39778e-05
2.82622e-05
2.17004e-05
2.23726e-05
2.58857e-05
2.98978e-05
3.37093e-05
3.87085e-05
4.41375e-05
4.91491e-05
5.33779e-05
5.6859e-05
5.96774e-05
6.1661e-05
6.29418e-05
6.37002e-05
6.40774e-05
6.41662e-05
6.41827e-05
6.41904e-05
6.4087e-05
6.40383e-05
6.40563e-05
6.41207e-05
6.41809e-05
6.41048e-05
6.36349e-05
6.2347e-05
5.96523e-05
5.49108e-05
4.77948e-05
3.899e-05
3.05687e-05
2.43058e-05
1.95284e-05
1.62304e-05
1.77487e-05
1.96561e-05
1.11641e-05
2.44508e-05
3.36227e-05
2.77921e-05
2.20194e-05
2.33942e-05
2.72654e-05
3.13785e-05
3.55924e-05
4.09698e-05
4.65431e-05
5.13765e-05
5.53231e-05
5.86619e-05
6.10895e-05
6.26813e-05
6.36029e-05
6.40372e-05
6.41351e-05
6.40268e-05
6.38023e-05
6.36802e-05
6.3426e-05
6.3257e-05
6.3217e-05
6.32981e-05
6.34925e-05
6.37296e-05
6.38148e-05
6.33574e-05
6.17293e-05
5.81122e-05
5.17783e-05
4.2849e-05
3.32689e-05
2.58119e-05
2.07112e-05
1.67629e-05
1.74703e-05
2.09899e-05
1.16534e-05
2.311e-05
3.29402e-05
2.74844e-05
2.25093e-05
2.42719e-05
2.84173e-05
3.2635e-05
3.72401e-05
4.28551e-05
4.84059e-05
5.29842e-05
5.68272e-05
5.98896e-05
6.19899e-05
6.32761e-05
6.39343e-05
6.4149e-05
6.40715e-05
6.38225e-05
6.34379e-05
6.3226e-05
6.28704e-05
6.25966e-05
6.24751e-05
6.2507e-05
6.27139e-05
6.30876e-05
6.35203e-05
6.37015e-05
6.30359e-05
6.06295e-05
5.54543e-05
4.69886e-05
3.66155e-05
2.77213e-05
2.1883e-05
1.74959e-05
1.73181e-05
2.20602e-05
1.20848e-05
2.17102e-05
3.20434e-05
2.74428e-05
2.31148e-05
2.49735e-05
2.93015e-05
3.36463e-05
3.85812e-05
4.43148e-05
4.97089e-05
5.41139e-05
5.78596e-05
6.06588e-05
6.25162e-05
6.35961e-05
6.40942e-05
6.41913e-05
6.40284e-05
6.37097e-05
6.32293e-05
6.2931e-05
6.25433e-05
6.21909e-05
6.1994e-05
6.1955e-05
6.21049e-05
6.24793e-05
6.30558e-05
6.36263e-05
6.36706e-05
6.22856e-05
5.8248e-05
5.04929e-05
3.96177e-05
2.93641e-05
2.27253e-05
1.81899e-05
1.72858e-05
2.29209e-05
1.2455e-05
2.02417e-05
3.08787e-05
2.7514e-05
2.35487e-05
2.54976e-05
2.99249e-05
3.44259e-05
3.95674e-05
4.53022e-05
5.05241e-05
5.485e-05
5.84477e-05
6.10634e-05
6.27692e-05
6.37403e-05
6.41731e-05
6.42388e-05
6.40612e-05
6.37267e-05
6.32075e-05
6.28612e-05
6.24391e-05
6.20435e-05
6.17865e-05
6.16815e-05
6.17596e-05
6.20734e-05
6.26671e-05
6.34407e-05
6.3989e-05
6.34669e-05
6.05749e-05
5.38591e-05
4.2888e-05
3.12824e-05
2.35684e-05
1.88251e-05
1.74452e-05
2.3613e-05
1.27511e-05
1.89501e-05
2.97278e-05
2.77088e-05
2.41827e-05
2.58122e-05
3.02099e-05
3.4911e-05
4.01651e-05
4.58322e-05
5.09172e-05
5.51891e-05
5.86602e-05
6.11703e-05
6.28103e-05
6.37575e-05
6.42027e-05
6.43028e-05
6.41627e-05
6.38529e-05
6.33506e-05
6.29966e-05
6.25566e-05
6.21448e-05
6.1817e-05
6.16196e-05
6.16333e-05
6.18794e-05
6.24349e-05
6.32812e-05
6.41332e-05
6.42272e-05
6.24396e-05
5.65699e-05
4.59187e-05
3.30835e-05
2.41863e-05
1.93474e-05
1.77499e-05
2.41709e-05
1.29493e-05
1.74158e-05
2.81771e-05
2.79095e-05
2.46447e-05
2.59967e-05
3.02834e-05
3.50887e-05
4.038e-05
4.59201e-05
5.09326e-05
5.5155e-05
5.85387e-05
6.10143e-05
6.26636e-05
6.36588e-05
6.41786e-05
6.43546e-05
6.4281e-05
6.40244e-05
6.35924e-05
6.32098e-05
6.27772e-05
6.23312e-05
6.19265e-05
6.16463e-05
6.15844e-05
6.18251e-05
6.23555e-05
6.32335e-05
6.42825e-05
6.49234e-05
6.35878e-05
5.87497e-05
4.86604e-05
3.50058e-05
2.47673e-05
1.97604e-05
1.82048e-05
2.46411e-05
1.29706e-05
1.59566e-05
2.66554e-05
2.7887e-05
2.49756e-05
2.5991e-05
3.00706e-05
3.49506e-05
4.02001e-05
4.56342e-05
5.057e-05
5.47384e-05
5.81354e-05
6.0626e-05
6.23448e-05
6.34275e-05
6.39711e-05
6.42339e-05
6.42661e-05
6.41081e-05
6.37954e-05
6.34111e-05
6.29939e-05
6.24979e-05
6.20256e-05
6.1694e-05
6.1555e-05
6.17413e-05
6.2323e-05
6.32682e-05
6.44949e-05
6.54277e-05
6.46211e-05
6.06284e-05
5.12525e-05
3.68654e-05
2.52203e-05
1.99767e-05
1.86589e-05
2.50493e-05
1.29058e-05
1.47496e-05
2.49104e-05
2.7735e-05
2.55058e-05
2.59635e-05
2.95239e-05
3.45249e-05
3.95709e-05
4.49353e-05
4.98179e-05
5.39448e-05
5.7418e-05
6.0007e-05
6.17481e-05
6.28415e-05
6.36746e-05
6.40821e-05
6.42036e-05
6.41284e-05
6.38966e-05
6.35204e-05
6.31627e-05
6.26662e-05
6.21312e-05
6.17202e-05
6.15231e-05
6.1657e-05
6.22785e-05
6.3315e-05
6.4669e-05
6.57693e-05
6.58087e-05
6.23975e-05
5.33061e-05
3.86718e-05
2.56428e-05
2.0051e-05
1.91839e-05
2.54185e-05
1.27213e-05
1.37466e-05
2.30234e-05
2.73907e-05
2.59821e-05
2.59271e-05
2.91355e-05
3.3783e-05
3.86965e-05
4.39441e-05
4.87343e-05
5.28306e-05
5.63835e-05
5.90427e-05
6.09192e-05
6.23352e-05
6.32364e-05
6.37522e-05
6.39957e-05
6.40188e-05
6.38444e-05
6.34473e-05
6.30841e-05
6.26066e-05
6.20065e-05
6.15546e-05
6.13468e-05
6.15617e-05
6.2216e-05
6.33413e-05
6.47907e-05
6.6218e-05
6.64412e-05
6.36983e-05
5.50827e-05
4.02722e-05
2.59765e-05
2.00398e-05
1.96931e-05
2.57619e-05
1.23416e-05
1.30399e-05
2.1068e-05
2.65891e-05
2.63454e-05
2.5971e-05
2.85476e-05
3.27357e-05
3.72885e-05
4.24953e-05
4.72836e-05
5.13452e-05
5.48557e-05
5.78326e-05
5.99545e-05
6.14677e-05
6.24625e-05
6.31095e-05
6.34551e-05
6.3557e-05
6.34464e-05
6.31015e-05
6.26654e-05
6.22519e-05
6.16663e-05
6.11608e-05
6.08994e-05
6.11248e-05
6.19657e-05
6.32867e-05
6.49222e-05
6.64723e-05
6.69579e-05
6.4639e-05
5.67141e-05
4.14926e-05
2.62243e-05
1.99368e-05
2.02195e-05
2.609e-05
1.17957e-05
1.26718e-05
1.94948e-05
2.55502e-05
2.64701e-05
2.60543e-05
2.77714e-05
3.17847e-05
3.61083e-05
4.05907e-05
4.53854e-05
4.95222e-05
5.30629e-05
5.6219e-05
5.85648e-05
6.02103e-05
6.13729e-05
6.21417e-05
6.25841e-05
6.2757e-05
6.27007e-05
6.24368e-05
6.18958e-05
6.15676e-05
6.10561e-05
6.05077e-05
6.02593e-05
6.05366e-05
6.14973e-05
6.3029e-05
6.48793e-05
6.65932e-05
6.72055e-05
6.51302e-05
5.76993e-05
4.24549e-05
2.62564e-05
1.95713e-05
2.07255e-05
2.64077e-05
1.10791e-05
1.22109e-05
1.80155e-05
2.42772e-05
2.64392e-05
2.62412e-05
2.71527e-05
3.06441e-05
3.46099e-05
3.87441e-05
4.31916e-05
4.7392e-05
5.09434e-05
5.40761e-05
5.66981e-05
5.84806e-05
5.98462e-05
6.07622e-05
6.1312e-05
6.15606e-05
6.15537e-05
6.1369e-05
6.08108e-05
6.05287e-05
6.01017e-05
5.95752e-05
5.93828e-05
5.97547e-05
6.08753e-05
6.26193e-05
6.46718e-05
6.65115e-05
6.71688e-05
6.51853e-05
5.82e-05
4.30279e-05
2.6099e-05
1.92252e-05
2.12269e-05
2.67199e-05
1.01939e-05
1.17928e-05
1.69263e-05
2.29313e-05
2.60177e-05
2.64805e-05
2.69107e-05
2.92624e-05
3.32855e-05
3.69266e-05
4.07817e-05
4.48064e-05
4.84279e-05
5.14974e-05
5.42183e-05
5.63578e-05
5.77807e-05
5.88673e-05
5.95515e-05
5.9902e-05
5.99636e-05
5.98592e-05
5.93706e-05
5.91314e-05
5.87829e-05
5.83995e-05
5.82701e-05
5.87806e-05
6.00588e-05
6.1986e-05
6.42142e-05
6.61304e-05
6.67315e-05
6.46589e-05
5.78654e-05
4.30979e-05
2.57597e-05
1.8632e-05
2.16963e-05
2.70286e-05
9.15991e-06
1.14766e-05
1.61854e-05
2.15168e-05
2.53302e-05
2.64355e-05
2.67868e-05
2.81107e-05
3.15046e-05
3.5372e-05
3.87089e-05
4.21244e-05
4.54564e-05
4.85417e-05
5.11819e-05
5.35331e-05
5.53027e-05
5.64323e-05
5.72644e-05
5.77487e-05
5.79172e-05
5.79235e-05
5.7574e-05
5.74001e-05
5.71599e-05
5.69547e-05
5.69565e-05
5.76307e-05
5.90445e-05
6.10945e-05
6.34261e-05
6.53255e-05
6.57573e-05
6.3292e-05
5.66621e-05
4.2537e-05
2.5151e-05
1.80157e-05
2.21406e-05
2.7336e-05
8.01892e-06
1.11045e-05
1.53268e-05
2.02206e-05
2.48546e-05
2.65756e-05
2.70414e-05
2.77328e-05
2.97559e-05
3.32868e-05
3.68366e-05
3.99931e-05
4.28209e-05
4.55149e-05
4.79679e-05
5.01731e-05
5.21251e-05
5.36307e-05
5.45464e-05
5.51759e-05
5.54842e-05
5.56358e-05
5.54825e-05
5.53924e-05
5.52827e-05
5.52582e-05
5.54663e-05
5.62948e-05
5.77886e-05
5.98651e-05
6.21847e-05
6.39163e-05
6.38353e-05
6.0962e-05
5.48231e-05
4.12384e-05
2.42027e-05
1.7237e-05
2.25361e-05
2.76436e-05
6.84087e-06
1.06595e-05
1.48892e-05
1.91705e-05
2.35441e-05
2.66952e-05
2.72683e-05
2.77896e-05
2.87609e-05
3.11972e-05
3.44821e-05
3.7712e-05
4.0608e-05
4.31738e-05
4.53848e-05
4.73354e-05
4.90644e-05
5.05166e-05
5.16413e-05
5.23976e-05
5.28376e-05
5.31359e-05
5.31725e-05
5.3167e-05
5.31909e-05
5.33298e-05
5.37813e-05
5.47103e-05
5.61891e-05
5.81633e-05
6.03078e-05
6.13956e-05
6.10057e-05
5.81588e-05
5.15197e-05
3.88916e-05
2.28692e-05
1.64131e-05
2.28828e-05
2.79532e-05
5.71012e-06
1.01645e-05
1.4696e-05
1.83999e-05
2.21827e-05
2.61212e-05
2.79814e-05
2.83495e-05
2.89481e-05
2.99542e-05
3.22313e-05
3.51487e-05
3.79121e-05
4.04387e-05
4.26788e-05
4.46317e-05
4.63147e-05
4.7692e-05
4.87708e-05
4.95498e-05
5.00914e-05
5.05048e-05
5.05884e-05
5.06989e-05
5.0872e-05
5.12103e-05
5.17803e-05
5.27283e-05
5.40555e-05
5.57728e-05
5.73091e-05
5.77684e-05
5.72295e-05
5.37747e-05
4.69183e-05
3.54475e-05
2.1057e-05
1.55015e-05
2.31565e-05
2.82652e-05
4.74372e-06
9.67427e-06
1.42868e-05
1.80657e-05
2.14573e-05
2.50346e-05
2.81516e-05
2.93433e-05
2.97675e-05
3.03369e-05
3.10933e-05
3.28906e-05
3.5301e-05
3.75434e-05
3.96062e-05
4.14372e-05
4.30407e-05
4.43855e-05
4.55215e-05
4.63179e-05
4.71044e-05
4.74669e-05
4.76716e-05
4.79215e-05
4.83119e-05
4.87177e-05
4.93127e-05
5.01029e-05
5.10777e-05
5.23095e-05
5.27579e-05
5.27291e-05
5.16203e-05
4.77066e-05
4.10802e-05
3.08237e-05
1.85412e-05
1.46053e-05
2.33853e-05
2.858e-05
4.02143e-06
9.3485e-06
1.39477e-05
1.78033e-05
2.11543e-05
2.40637e-05
2.73437e-05
3.01157e-05
3.15123e-05
3.21951e-05
3.28263e-05
3.33452e-05
3.41618e-05
3.55515e-05
3.70646e-05
3.85278e-05
3.98844e-05
4.10564e-05
4.21499e-05
4.2882e-05
4.38412e-05
4.42018e-05
4.45311e-05
4.49537e-05
4.53597e-05
4.56784e-05
4.60325e-05
4.63258e-05
4.67173e-05
4.666e-05
4.6483e-05
4.55313e-05
4.38894e-05
3.96707e-05
3.40654e-05
2.53078e-05
1.60902e-05
1.38234e-05
2.35058e-05
2.89038e-05
3.72321e-06
9.39084e-06
1.37251e-05
1.73769e-05
2.07899e-05
2.42196e-05
2.69061e-05
2.9544e-05
3.19042e-05
3.34183e-05
3.41756e-05
3.46948e-05
3.51808e-05
3.56828e-05
3.63627e-05
3.7186e-05
3.80999e-05
3.89806e-05
3.98566e-05
4.04799e-05
4.10963e-05
4.15102e-05
4.15959e-05
4.16297e-05
4.16088e-05
4.13502e-05
4.09456e-05
4.03779e-05
3.97382e-05
3.8729e-05
3.75033e-05
3.57861e-05
3.37577e-05
2.9973e-05
2.58292e-05
2.00927e-05
1.41478e-05
1.34476e-05
2.36358e-05
2.92619e-05
3.98181e-06
9.81438e-06
1.44958e-05
1.83888e-05
2.17439e-05
2.50189e-05
2.8431e-05
3.18248e-05
3.49219e-05
3.72454e-05
3.9245e-05
4.03667e-05
4.11726e-05
4.15624e-05
4.16676e-05
4.1548e-05
4.12563e-05
4.07803e-05
4.02036e-05
3.94807e-05
3.86956e-05
3.77152e-05
3.66019e-05
3.5606e-05
3.45871e-05
3.33003e-05
3.19054e-05
3.05192e-05
2.90895e-05
2.75903e-05
2.62595e-05
2.46635e-05
2.3107e-05
2.11951e-05
1.88089e-05
1.49667e-05
1.11973e-05
1.2785e-05
2.39325e-05
2.96996e-05
4.50924e-06
8.85597e-06
1.24706e-05
1.6132e-05
2.02523e-05
2.38791e-05
2.70099e-05
3.0015e-05
3.30142e-05
3.48888e-05
3.61612e-05
3.70919e-05
3.71566e-05
3.66907e-05
3.57951e-05
3.4576e-05
3.31285e-05
3.15472e-05
2.98805e-05
2.82156e-05
2.65073e-05
2.49026e-05
2.34768e-05
2.20499e-05
2.07363e-05
1.94424e-05
1.83306e-05
1.72889e-05
1.62268e-05
1.5238e-05
1.43814e-05
1.36037e-05
1.29802e-05
1.23542e-05
1.15457e-05
1.06402e-05
1.06312e-05
1.44267e-05
2.48566e-05
3.03046e-05
6.17951e-06
4.54515e-06
6.06018e-06
8.14268e-06
1.04301e-05
1.26093e-05
1.45055e-05
1.59525e-05
1.70619e-05
1.77439e-05
1.7878e-05
1.78718e-05
1.76002e-05
1.70432e-05
1.63484e-05
1.55595e-05
1.47155e-05
1.39043e-05
1.31284e-05
1.23867e-05
1.17073e-05
1.10779e-05
1.05268e-05
1.00583e-05
9.69547e-06
9.37514e-06
9.15308e-06
9.0361e-06
9.03183e-06
9.11287e-06
9.33495e-06
9.64162e-06
1.01471e-05
1.07083e-05
1.1515e-05
1.22488e-05
1.3758e-05
1.80291e-05
2.63619e-05
3.11677e-05
1.01979e-05
6.56883e-06
8.34502e-06
9.24808e-06
9.88313e-06
1.03696e-05
1.07625e-05
1.1031e-05
1.11878e-05
1.13325e-05
1.1424e-05
1.14858e-05
1.15438e-05
1.16056e-05
1.16633e-05
1.1712e-05
1.17872e-05
1.18956e-05
1.20195e-05
1.21719e-05
1.23569e-05
1.25762e-05
1.28303e-05
1.31262e-05
1.34617e-05
1.38494e-05
1.42757e-05
1.47672e-05
1.52979e-05
1.59131e-05
1.65638e-05
1.7335e-05
1.81523e-05
1.91286e-05
1.99941e-05
2.11209e-05
2.23363e-05
2.52548e-05
2.83743e-05
3.25715e-05
2.6735e-05
3.32323e-05
3.64677e-05
3.7634e-05
3.80342e-05
3.80403e-05
3.79508e-05
3.77358e-05
3.7436e-05
3.7114e-05
3.67913e-05
3.64783e-05
3.61808e-05
3.5902e-05
3.56428e-05
3.54027e-05
3.51808e-05
3.49766e-05
3.47891e-05
3.46173e-05
3.44604e-05
3.43176e-05
3.41881e-05
3.40713e-05
3.39662e-05
3.38723e-05
3.37891e-05
3.37154e-05
3.36522e-05
3.35969e-05
3.35549e-05
3.35208e-05
3.35124e-05
3.35164e-05
3.35333e-05
3.35751e-05
3.36912e-05
3.38651e-05
3.4828e-05
3.43023e-05
)
;

boundaryField
{
    movingWall
    {
        type            nutkWallFunction;
        blending        stepwise;
        value           uniform 0;
    }
    fixedWalls
    {
        type            nutkWallFunction;
        blending        stepwise;
        value           uniform 0;
    }
    frontAndBack
    {
        type            empty;
    }
}


// ************************************************************************* //
