/*--------------------------------*- C++ -*----------------------------------*\
| =========                 |                                                 |
| \\      /  F ield         | OpenFOAM: The Open Source CFD Toolbox           |
|  \\    /   O peration     | Version:  2412                                  |
|   \\  /    A nd           | Website:  www.openfoam.com                      |
|    \\/     M anipulation  |                                                 |
\*---------------------------------------------------------------------------*/
FoamFile
{
    version     2.0;
    format      ascii;
    arch        "LSB;label=32;scalar=64";
    class       surfaceScalarField;
    location    "3.5";
    object      phi;
}
// * * * * * * * * * * * * * * * * * * * * * * * * * * * * * * * * * * * * * //

dimensions      [0 3 -1 0 0 0 0];

oriented        oriented;

internalField   nonuniform List<scalar> 
3120
(
4.89554e-08
-4.89604e-08
1.17355e-07
-6.83995e-08
1.72162e-07
-5.48077e-08
2.00478e-07
-2.83164e-08
2.06717e-07
-6.23858e-09
2.00666e-07
6.0502e-09
1.86911e-07
1.37549e-08
1.59761e-07
2.715e-08
1.11673e-07
4.80884e-08
3.24378e-08
7.92346e-08
-9.65347e-08
1.28972e-07
-2.91593e-07
1.95058e-07
-5.6701e-07
2.75418e-07
-9.18194e-07
3.51184e-07
-1.3218e-06
4.03606e-07
-1.75132e-06
4.29525e-07
-2.17858e-06
4.27255e-07
-2.57665e-06
3.98072e-07
-2.9235e-06
3.46853e-07
-3.20419e-06
2.80685e-07
-3.41075e-06
2.06556e-07
-3.5408e-06
1.30056e-07
-3.59464e-06
5.38404e-08
-3.5715e-06
-2.31461e-08
-3.46804e-06
-1.03457e-07
-3.28022e-06
-1.87821e-07
-3.00369e-06
-2.76526e-07
-2.6372e-06
-3.66493e-07
-2.18668e-06
-4.50524e-07
-1.66799e-06
-5.18688e-07
-1.11033e-06
-5.57656e-07
-5.57396e-07
-5.52936e-07
-6.36472e-08
-4.93749e-07
3.23113e-07
-3.8676e-07
5.59621e-07
-2.36508e-07
6.32815e-07
-7.31941e-08
5.48922e-07
8.38926e-08
3.59903e-07
1.89019e-07
1.52759e-07
2.07144e-07
1.52759e-07
7.75051e-08
-1.26466e-07
1.68229e-07
-1.59124e-07
2.29412e-07
-1.15991e-07
2.49684e-07
-4.85878e-08
2.31688e-07
1.17565e-08
1.79103e-07
5.8635e-08
9.15569e-08
1.01301e-07
-4.71477e-08
1.65854e-07
-2.602e-07
2.61141e-07
-5.66461e-07
3.85495e-07
-9.68518e-07
5.3103e-07
-1.44876e-06
6.75297e-07
-1.97026e-06
7.96921e-07
-2.49433e-06
8.75248e-07
-2.99262e-06
9.01899e-07
-3.44062e-06
8.77525e-07
-3.82269e-06
8.09319e-07
-4.13358e-06
7.08968e-07
-4.37535e-06
5.88621e-07
-4.55265e-06
4.57988e-07
-4.67007e-06
3.23976e-07
-4.72912e-06
1.89106e-07
-4.72594e-06
5.06572e-08
-4.65638e-06
-9.27039e-08
-4.51522e-06
-2.4462e-07
-4.29773e-06
-4.05305e-07
-3.99976e-06
-5.74499e-07
-3.61772e-06
-7.4853e-07
-3.1514e-06
-9.16848e-07
-2.60874e-06
-1.06135e-06
-2.01007e-06
-1.15633e-06
-1.39061e-06
-1.1724e-06
-7.97873e-07
-1.08648e-06
-2.88557e-07
-8.96075e-07
9.57621e-08
-6.20828e-07
3.25632e-07
-3.03064e-07
3.9892e-07
1.06047e-08
3.24589e-07
2.6335e-07
1.57983e-07
3.7375e-07
3.10741e-07
8.61059e-08
-2.12571e-07
1.56079e-07
-2.29097e-07
1.80901e-07
-1.40814e-07
1.57393e-07
-2.50793e-08
8.34551e-08
8.56941e-08
-5.10439e-08
1.93134e-07
-2.66264e-07
3.16521e-07
-5.75053e-07
4.74644e-07
-9.83481e-07
6.69568e-07
-1.47943e-06
8.8144e-07
-2.03142e-06
1.08302e-06
-2.59868e-06
1.24255e-06
-3.13757e-06
1.33582e-06
-3.61785e-06
1.35552e-06
-4.02435e-06
1.3084e-06
-4.35452e-06
1.2077e-06
-4.61525e-06
1.07005e-06
-4.81726e-06
9.10974e-07
-4.97052e-06
7.41889e-07
-5.08189e-06
5.69358e-07
-5.15313e-06
3.95206e-07
-5.18318e-06
2.19164e-07
-5.17165e-06
3.91187e-08
-5.11705e-06
-1.47297e-07
-5.01398e-06
-3.47696e-07
-4.85318e-06
-5.661e-07
-4.62528e-06
-8.02401e-07
-4.32147e-06
-1.05234e-06
-3.93321e-06
-1.30511e-06
-3.45587e-06
-1.53869e-06
-2.89365e-06
-1.71854e-06
-2.26604e-06
-1.80001e-06
-1.61301e-06
-1.73951e-06
-9.96091e-07
-1.513e-06
-4.80357e-07
-1.13656e-06
-1.11697e-07
-6.71724e-07
9.71295e-08
-1.98222e-07
1.46818e-07
2.13661e-07
8.55631e-08
4.35006e-07
3.96304e-07
6.98232e-08
-2.82395e-07
9.30403e-08
-2.52314e-07
5.57562e-08
-1.0353e-07
-3.87138e-08
6.93907e-08
-2.00559e-07
2.4754e-07
-4.48604e-07
4.41179e-07
-7.97458e-07
6.65375e-07
-1.24772e-06
9.24904e-07
-1.78023e-06
1.20208e-06
-2.35598e-06
1.45719e-06
-2.92299e-06
1.65003e-06
-3.43705e-06
1.75662e-06
-3.87298e-06
1.77175e-06
-4.22453e-06
1.70706e-06
-4.49702e-06
1.5809e-06
-4.70408e-06
1.41475e-06
-4.86061e-06
1.22658e-06
-4.97865e-06
1.02901e-06
-5.06611e-06
8.29354e-07
-5.12807e-06
6.3131e-07
-5.16851e-06
4.3565e-07
-5.18842e-06
2.39072e-07
-5.18431e-06
3.50099e-08
-5.15608e-06
-1.7553e-07
-5.10184e-06
-4.0193e-07
-5.0175e-06
-6.50442e-07
-4.89435e-06
-9.25553e-07
-4.71796e-06
-1.22873e-06
-4.46928e-06
-1.55379e-06
-4.12759e-06
-1.88038e-06
-3.67631e-06
-2.16982e-06
-3.11111e-06
-2.3652e-06
-2.45062e-06
-2.4e-06
-1.74687e-06
-2.21675e-06
-1.08375e-06
-1.79968e-06
-5.50152e-07
-1.20532e-06
-1.95274e-07
-5.531e-07
-1.5665e-08
3.40518e-08
2.08281e-08
3.98512e-07
4.17133e-07
2.99567e-08
-3.12351e-07
-1.3489e-08
-2.08868e-07
-1.22299e-07
5.28008e-09
-2.9748e-07
2.44572e-07
-5.56736e-07
5.06796e-07
-9.14339e-07
7.98781e-07
-1.3722e-06
1.12323e-06
-1.90902e-06
1.46172e-06
-2.47748e-06
1.77055e-06
-3.02309e-06
2.0028e-06
-3.50189e-06
2.12883e-06
-3.89044e-06
2.14516e-06
-4.18609e-06
2.06741e-06
-4.39939e-06
1.92036e-06
-4.54797e-06
1.72947e-06
-4.64899e-06
1.51577e-06
-4.7157e-06
1.29329e-06
-4.75718e-06
1.07049e-06
-4.77966e-06
8.51838e-07
-4.78703e-06
6.38681e-07
-4.7811e-06
4.29717e-07
-4.7652e-06
2.23172e-07
-4.74625e-06
1.60663e-08
-4.7251e-06
-1.96686e-07
-4.70359e-06
-4.23437e-07
-4.68181e-06
-6.72222e-07
-4.65509e-06
-9.52272e-07
-4.61233e-06
-1.27149e-06
-4.53362e-06
-1.6325e-06
-4.38794e-06
-2.02606e-06
-4.13579e-06
-2.42197e-06
-3.73948e-06
-2.76152e-06
-3.18128e-06
-2.9582e-06
-2.48146e-06
-2.91657e-06
-1.71334e-06
-2.5678e-06
-9.99079e-07
-1.91958e-06
-4.58666e-07
-1.09351e-06
-1.357e-07
-2.88914e-07
-1.09497e-08
2.73762e-07
4.06183e-07
-3.12687e-08
-2.81083e-07
-1.47258e-07
-9.2879e-08
-3.2931e-07
1.87332e-07
-5.87647e-07
5.02909e-07
-9.36639e-07
8.55788e-07
-1.38027e-06
1.24241e-06
-1.89897e-06
1.64194e-06
-2.44612e-06
2.00887e-06
-2.96509e-06
2.28952e-06
-3.40955e-06
2.44725e-06
-3.75581e-06
2.47509e-06
-4.00198e-06
2.39134e-06
-4.16198e-06
2.2274e-06
-4.25556e-06
2.01394e-06
-4.3019e-06
1.77582e-06
-4.31543e-06
1.5293e-06
-4.3065e-06
1.28436e-06
-4.28252e-06
1.04652e-06
-4.24893e-06
8.18251e-07
-4.21005e-06
5.99798e-07
-4.17019e-06
3.8986e-07
-4.13274e-06
1.85722e-07
-4.09976e-06
-1.69148e-08
-4.07249e-06
-2.23963e-07
-4.05558e-06
-4.40339e-07
-4.05388e-06
-6.73931e-07
-4.07086e-06
-9.35288e-07
-4.106e-06
-1.23635e-06
-4.14996e-06
-1.58854e-06
-4.17825e-06
-1.99777e-06
-4.14627e-06
-2.45395e-06
-3.99161e-06
-2.91618e-06
-3.65011e-06
-3.2997e-06
-3.08722e-06
-3.47946e-06
-2.33167e-06
-3.32335e-06
-1.49471e-06
-2.75654e-06
-7.52552e-07
-1.83567e-06
-2.51463e-07
-7.90003e-07
-3.0008e-08
5.23069e-08
3.76175e-07
-1.01375e-07
-1.79708e-07
-2.89775e-07
9.55211e-08
-5.42739e-07
4.40295e-07
-8.7435e-07
8.3452e-07
-1.29235e-06
1.27379e-06
-1.78163e-06
1.7317e-06
-2.30052e-06
2.16082e-06
-2.79388e-06
2.50223e-06
-3.21267e-06
2.7083e-06
-3.52848e-06
2.76307e-06
-3.73861e-06
2.68522e-06
-3.85876e-06
2.51148e-06
-3.91147e-06
2.28011e-06
-3.91812e-06
2.02059e-06
-3.89541e-06
1.75311e-06
-3.85555e-06
1.48944e-06
-3.80713e-06
1.23594e-06
-3.7558e-06
9.95191e-07
-3.70482e-06
7.67263e-07
-3.65561e-06
5.5059e-07
-3.60832e-06
3.42572e-07
-3.56245e-06
1.39857e-07
-3.51823e-06
-6.11371e-08
-3.47815e-06
-2.64042e-07
-3.4463e-06
-4.72194e-07
-3.4291e-06
-6.91131e-07
-3.43545e-06
-9.28935e-07
-3.47479e-06
-1.19701e-06
-3.5527e-06
-1.51063e-06
-3.66332e-06
-1.88715e-06
-3.77869e-06
-2.33858e-06
-3.83956e-06
-2.85531e-06
-3.75708e-06
-3.38218e-06
-3.43833e-06
-3.79822e-06
-2.83672e-06
-3.92496e-06
-2.00571e-06
-3.58755e-06
-1.1187e-06
-2.72268e-06
-4.16849e-07
-1.49186e-06
-5.89004e-08
-3.05641e-07
3.17274e-07
-1.72929e-07
-6.77831e-09
-4.24058e-07
3.4665e-07
-7.37785e-07
7.54022e-07
-1.12562e-06
1.22235e-06
-1.58019e-06
1.72836e-06
-2.06807e-06
2.21958e-06
-2.5393e-06
2.63205e-06
-2.94281e-06
2.90575e-06
-3.24369e-06
3.00918e-06
-3.43501e-06
2.95439e-06
-3.5326e-06
2.78281e-06
-3.56166e-06
2.54054e-06
-3.5463e-06
2.26475e-06
-3.50597e-06
1.98026e-06
-3.4546e-06
1.70174e-06
-3.40144e-06
1.43628e-06
-3.35161e-06
1.18611e-06
-3.30677e-06
9.50349e-07
-3.2661e-06
7.26593e-07
-3.22732e-06
5.11814e-07
-3.1877e-06
3.02948e-07
-3.14514e-06
9.72972e-08
-3.0991e-06
-1.07176e-07
-3.05092e-06
-3.12223e-07
-3.00331e-06
-5.19804e-07
-2.96158e-06
-7.32861e-07
-2.93467e-06
-9.55838e-07
-2.93535e-06
-1.19634e-06
-2.97868e-06
-1.4673e-06
-3.07708e-06
-1.78875e-06
-3.22929e-06
-2.18637e-06
-3.40357e-06
-2.68103e-06
-3.52284e-06
-3.2629e-06
-3.46824e-06
-3.85282e-06
-3.11983e-06
-4.27336e-06
-2.43445e-06
-4.27293e-06
-1.51993e-06
-3.6372e-06
-6.46472e-07
-2.36531e-06
-1.17821e-07
-8.34293e-07
1.99453e-07
-2.3012e-07
2.23342e-07
-5.35109e-07
6.51639e-07
-8.95425e-07
1.11434e-06
-1.31418e-06
1.64111e-06
-1.7693e-06
2.18347e-06
-2.2202e-06
2.67048e-06
-2.61721e-06
3.02906e-06
-2.91861e-06
3.20715e-06
-3.10886e-06
3.19944e-06
-3.20132e-06
3.04685e-06
-3.22265e-06
2.80413e-06
-3.19996e-06
2.51785e-06
-3.15528e-06
2.22008e-06
-3.10439e-06
1.92936e-06
-3.05693e-06
1.65428e-06
-3.01741e-06
1.39677e-06
-2.98627e-06
1.15496e-06
-2.9612e-06
9.25278e-07
-2.93858e-06
7.03981e-07
-2.9146e-06
4.87829e-07
-2.88602e-06
2.74372e-07
-2.85082e-06
6.20914e-08
-2.80818e-06
-1.49813e-07
-2.75846e-06
-3.61947e-07
-2.70324e-06
-5.75026e-07
-2.64602e-06
-7.90075e-07
-2.59301e-06
-1.00885e-06
-2.55416e-06
-1.23519e-06
-2.54443e-06
-1.47703e-06
-2.58347e-06
-1.74971e-06
-2.69009e-06
-2.07975e-06
-2.867e-06
-2.50412e-06
-3.07573e-06
-3.05417e-06
-3.21514e-06
-3.71342e-06
-3.132e-06
-4.3565e-06
-2.6897e-06
-4.71524e-06
-1.88287e-06
-4.44403e-06
-9.24505e-07
-3.32367e-06
-2.07096e-07
-1.5517e-06
-7.64269e-09
-2.75334e-07
4.98675e-07
-6.15752e-07
9.92057e-07
-1.00189e-06
1.50048e-06
-1.42326e-06
2.06248e-06
-1.85202e-06
2.61223e-06
-2.2457e-06
3.06416e-06
-2.55887e-06
3.34222e-06
-2.76433e-06
3.4126e-06
-2.86774e-06
3.30285e-06
-2.8952e-06
3.07431e-06
-2.87614e-06
2.78507e-06
-2.8354e-06
2.47711e-06
-2.79066e-06
2.17534e-06
-2.75241e-06
1.89111e-06
-2.72497e-06
1.62684e-06
-2.70811e-06
1.37991e-06
-2.69877e-06
1.14562e-06
-2.69273e-06
9.19232e-07
-2.68571e-06
6.96959e-07
-2.67406e-06
4.76182e-07
-2.65509e-06
2.55402e-07
-2.62711e-06
3.41082e-08
-2.58926e-06
-1.87658e-07
-2.54152e-06
-4.09685e-07
-2.48486e-06
-6.31688e-07
-2.42153e-06
-8.5341e-07
-2.3554e-06
-1.07498e-06
-2.29286e-06
-1.29773e-06
-2.24427e-06
-1.52562e-06
-2.22612e-06
-1.76786e-06
-2.26179e-06
-2.04407e-06
-2.37539e-06
-2.39052e-06
-2.57042e-06
-2.85914e-06
-2.79375e-06
-3.49008e-06
-2.90934e-06
-4.2409e-06
-2.72893e-06
-4.89566e-06
-2.12784e-06
-5.04512e-06
-1.19943e-06
-4.25208e-06
-3.21601e-07
-2.42953e-06
-3.29243e-07
-3.0078e-07
7.99456e-07
-6.60242e-07
1.35152e-06
-1.04995e-06
1.89019e-06
-1.45235e-06
2.46488e-06
-1.83836e-06
2.99825e-06
-2.16616e-06
3.39196e-06
-2.3987e-06
3.57476e-06
-2.52737e-06
3.54128e-06
-2.57325e-06
3.34873e-06
-2.56676e-06
3.06782e-06
-2.53534e-06
2.75365e-06
-2.49916e-06
2.44093e-06
-2.47021e-06
2.14638e-06
-2.45341e-06
1.87431e-06
-2.44856e-06
1.622e-06
-2.45244e-06
1.38379e-06
-2.46066e-06
1.15383e-06
-2.46884e-06
9.27416e-07
-2.47321e-06
7.0133e-07
-2.47079e-06
4.73759e-07
-2.45941e-06
2.44027e-07
-2.43764e-06
1.23344e-08
-2.40467e-06
-2.2063e-07
-2.36037e-06
-4.5398e-07
-2.30542e-06
-6.86637e-07
-2.24137e-06
-9.17459e-07
-2.17076e-06
-1.14559e-06
-2.09756e-06
-1.37094e-06
-2.02818e-06
-1.595e-06
-1.97344e-06
-1.8226e-06
-1.95156e-06
-2.06595e-06
-1.98984e-06
-2.35224e-06
-2.11615e-06
-2.73284e-06
-2.32762e-06
-3.27861e-06
-2.54137e-06
-4.02715e-06
-2.57357e-06
-4.86346e-06
-2.21582e-06
-5.40287e-06
-1.41829e-06
-5.04961e-06
-4.67983e-07
-3.37984e-06
-7.97226e-07
-3.06766e-07
1.10622e-06
-6.67106e-07
1.71186e-06
-1.04211e-06
2.26519e-06
-1.41135e-06
2.83412e-06
-1.74624e-06
3.33314e-06
-2.0086e-06
3.65432e-06
-2.17325e-06
3.73941e-06
-2.24865e-06
3.61668e-06
-2.26303e-06
3.36311e-06
-2.24566e-06
3.05045e-06
-2.21948e-06
2.72747e-06
-2.19888e-06
2.42033e-06
-2.19029e-06
2.13779e-06
-2.19428e-06
1.87831e-06
-2.20802e-06
1.63574e-06
-2.2273e-06
1.40307e-06
-2.24783e-06
1.17436e-06
-2.26585e-06
9.45434e-07
-2.27827e-06
7.13756e-07
-2.28269e-06
4.78179e-07
-2.27731e-06
2.38641e-07
-2.26083e-06
-4.13984e-09
-2.23256e-06
-2.48905e-07
-2.19231e-06
-4.94226e-07
-2.1406e-06
-7.38353e-07
-2.07856e-06
-9.795e-07
-2.00803e-06
-1.21612e-06
-1.93172e-06
-1.44724e-06
-1.85371e-06
-1.67301e-06
-1.78056e-06
-1.89575e-06
-1.72395e-06
-2.12257e-06
-1.70481e-06
-2.37138e-06
-1.75512e-06
-2.68253e-06
-1.90307e-06
-3.13065e-06
-2.12532e-06
-3.8049e-06
-2.28644e-06
-4.70234e-06
-2.1497e-06
-5.53962e-06
-1.54112e-06
-5.65819e-06
-6.14808e-07
-4.30615e-06
-1.41203e-06
-2.95917e-07
1.40214e-06
-6.40474e-07
2.05642e-06
-9.87188e-07
2.6119e-06
-1.31478e-06
3.16171e-06
-1.59651e-06
3.61486e-06
-1.79991e-06
3.85772e-06
-1.91369e-06
3.85319e-06
-1.95702e-06
3.66001e-06
-1.95894e-06
3.36503e-06
-1.94478e-06
3.03628e-06
-1.93195e-06
2.71465e-06
-1.92933e-06
2.41771e-06
-1.93905e-06
2.14751e-06
-1.95919e-06
1.89845e-06
-1.98603e-06
1.66258e-06
-2.01555e-06
1.43258e-06
-2.04411e-06
1.20292e-06
-2.06864e-06
9.69973e-07
-2.08666e-06
7.31772e-07
-2.09615e-06
4.8767e-07
-2.09556e-06
2.38053e-07
-2.08378e-06
-1.59205e-08
-2.06014e-06
-2.72548e-07
-2.02443e-06
-5.29934e-07
-1.97699e-06
-7.85798e-07
-1.91864e-06
-1.03784e-06
-1.8508e-06
-1.28396e-06
-1.77548e-06
-1.52255e-06
-1.69557e-06
-1.75292e-06
-1.61529e-06
-1.97603e-06
-1.54176e-06
-2.1961e-06
-1.4885e-06
-2.42463e-06
-1.48085e-06
-2.69019e-06
-1.55544e-06
-3.05606e-06
-1.73119e-06
-3.62915e-06
-1.93806e-06
-4.49547e-06
-1.96523e-06
-5.51245e-06
-1.55952e-06
-6.0639e-06
-7.17583e-07
-5.14809e-06
-2.12962e-06
-2.70851e-07
1.67299e-06
-5.86902e-07
2.37247e-06
-8.9654e-07
2.92154e-06
-1.17835e-06
3.44353e-06
-1.40888e-06
3.84538e-06
-1.56334e-06
4.01219e-06
-1.64241e-06
3.93225e-06
-1.66941e-06
3.68701e-06
-1.67058e-06
3.36621e-06
-1.66615e-06
3.03185e-06
-1.66816e-06
2.71666e-06
-1.68109e-06
2.43064e-06
-1.70448e-06
2.1709e-06
-1.73546e-06
1.92942e-06
-1.77044e-06
1.69756e-06
-1.80603e-06
1.46817e-06
-1.83929e-06
1.23618e-06
-1.86776e-06
9.9844e-07
-1.88938e-06
7.5339e-07
-1.90247e-06
5.00765e-07
-1.90573e-06
2.4131e-07
-1.89818e-06
-2.34671e-08
-1.87924e-06
-2.91492e-07
-1.84863e-06
-5.60538e-07
-1.80651e-06
-8.27919e-07
-1.7534e-06
-1.09095e-06
-1.6903e-06
-1.34707e-06
-1.61875e-06
-1.5941e-06
-1.54095e-06
-1.83072e-06
-1.45996e-06
-2.05702e-06
-1.38038e-06
-2.27567e-06
-1.31058e-06
-2.49444e-06
-1.2676e-06
-2.73316e-06
-1.28329e-06
-3.04037e-06
-1.39489e-06
-3.51755e-06
-1.58833e-06
-4.30204e-06
-1.71059e-06
-5.39018e-06
-1.48556e-06
-6.28893e-06
-7.71419e-07
-5.86223e-06
-2.90104e-06
-2.34957e-07
1.90795e-06
-5.13432e-07
2.65094e-06
-7.8068e-07
3.18879e-06
-1.01586e-06
3.6787e-06
-1.19971e-06
4.02923e-06
-1.31599e-06
4.12847e-06
-1.37297e-06
3.98923e-06
-1.39366e-06
3.7077e-06
-1.3998e-06
3.37235e-06
-1.40643e-06
3.03848e-06
-1.42106e-06
2.73129e-06
-1.44527e-06
2.45485e-06
-1.47738e-06
2.20302e-06
-1.5145e-06
1.96654e-06
-1.55357e-06
1.73663e-06
-1.59188e-06
1.50648e-06
-1.62712e-06
1.27142e-06
-1.6573e-06
1.02862e-06
-1.68075e-06
7.76844e-07
-1.69612e-06
5.16128e-07
-1.70233e-06
2.47523e-07
-1.69861e-06
-2.71863e-08
-1.68446e-06
-3.05646e-07
-1.65957e-06
-5.85431e-07
-1.62388e-06
-8.63606e-07
-1.57759e-06
-1.13724e-06
-1.52124e-06
-1.40341e-06
-1.45591e-06
-1.65944e-06
-1.38327e-06
-1.90336e-06
-1.30573e-06
-2.13456e-06
-1.22667e-06
-2.35473e-06
-1.15153e-06
-2.56958e-06
-1.09117e-06
-2.79352e-06
-1.06875e-06
-3.06279e-06
-1.12269e-06
-3.46361e-06
-1.27369e-06
-4.15104e-06
-1.43197e-06
-5.2319e-06
-1.34528e-06
-6.37562e-06
-7.78799e-07
-6.42871e-06
-3.67984e-06
-1.91737e-07
2.09968e-06
-4.2663e-07
2.88584e-06
-6.48716e-07
3.41088e-06
-8.38716e-07
3.8687e-06
-9.81232e-07
4.17175e-06
-1.06852e-06
4.21575e-06
-1.11203e-06
4.03275e-06
-1.13178e-06
3.72745e-06
-1.14449e-06
3.38507e-06
-1.16057e-06
3.05456e-06
-1.18416e-06
2.75487e-06
-1.21518e-06
2.48587e-06
-1.25164e-06
2.23948e-06
-1.29101e-06
2.00591e-06
-1.33088e-06
1.7765e-06
-1.36916e-06
1.54477e-06
-1.40405e-06
1.30631e-06
-1.43399e-06
1.05856e-06
-1.45768e-06
8.0053e-07
-1.47407e-06
5.32519e-07
-1.48239e-06
2.55848e-07
-1.48209e-06
-2.74944e-08
-1.47276e-06
-3.14969e-07
-1.45411e-06
-6.04082e-07
-1.42589e-06
-8.91828e-07
-1.38794e-06
-1.17519e-06
-1.34034e-06
-1.45101e-06
-1.2836e-06
-1.71618e-06
-1.21889e-06
-1.96807e-06
-1.1481e-06
-2.20535e-06
-1.07396e-06
-2.42887e-06
-1.00043e-06
-2.64311e-06
-9.34601e-07
-2.85935e-06
-8.921e-07
-3.10529e-06
-9.04907e-07
-3.45081e-06
-1.00876e-06
-4.04719e-06
-1.1647e-06
-5.07596e-06
-1.1689e-06
-6.37142e-06
-7.50698e-07
-6.84691e-06
-4.43053e-06
-1.44019e-07
2.2437e-06
-3.31636e-07
3.07345e-06
-5.07795e-07
3.58703e-06
-6.55453e-07
4.01636e-06
-7.61437e-07
4.27773e-06
-8.26628e-07
4.28095e-06
-8.61767e-07
4.06788e-06
-8.82627e-07
3.74831e-06
-9.01125e-07
3.40356e-06
-9.23806e-07
3.07724e-06
-9.52523e-07
2.78359e-06
-9.86421e-07
2.51977e-06
-1.02363e-06
2.27669e-06
-1.06213e-06
2.04441e-06
-1.10014e-06
1.8145e-06
-1.1361e-06
1.58073e-06
-1.16868e-06
1.33889e-06
-1.19671e-06
1.0866e-06
-1.21925e-06
8.23076e-07
-1.23562e-06
5.4888e-07
-1.24532e-06
2.65549e-07
-1.24802e-06
-2.47877e-08
-1.24349e-06
-3.19505e-07
-1.23142e-06
-6.1615e-07
-1.21143e-06
-9.11817e-07
-1.18306e-06
-1.20357e-06
-1.14591e-06
-1.48816e-06
-1.09994e-06
-1.76215e-06
-1.04571e-06
-2.0223e-06
-9.84616e-07
-2.26644e-06
-9.18917e-07
-2.49457e-06
-8.51828e-07
-2.7102e-06
-7.88441e-07
-2.92274e-06
-7.39199e-07
-3.15453e-06
-7.27963e-07
-3.46204e-06
-7.92814e-07
-3.98234e-06
-9.28895e-07
-4.93988e-06
-9.82445e-07
-6.31787e-06
-6.98511e-07
-7.13084e-06
-5.12904e-06
-9.40223e-08
2.33772e-06
-2.32546e-07
3.21198e-06
-3.63897e-07
3.71839e-06
-4.7125e-07
4.12371e-06
-5.44629e-07
4.35111e-06
-5.92367e-07
4.32868e-06
-6.21721e-07
4.09724e-06
-6.4378e-07
3.77037e-06
-6.66154e-07
3.42594e-06
-6.92384e-07
3.10347e-06
-7.22852e-07
2.81406e-06
-7.56427e-07
2.55334e-06
-7.91546e-07
2.31181e-06
-8.26738e-07
2.0796e-06
-8.60771e-07
1.84854e-06
-8.92586e-07
1.61255e-06
-9.21275e-07
1.36758e-06
-9.46087e-07
1.11141e-06
-9.66451e-07
8.4344e-07
-9.82001e-07
5.6443e-07
-9.92542e-07
2.7609e-07
-9.97949e-07
-1.93809e-08
-9.98098e-07
-3.19357e-07
-9.92739e-07
-6.21509e-07
-9.81392e-07
-9.23164e-07
-9.63368e-07
-1.22159e-06
-9.37899e-07
-1.51363e-06
-9.04402e-07
-1.79565e-06
-8.6285e-07
-2.06385e-06
-8.14054e-07
-2.31524e-06
-7.59802e-07
-2.54882e-06
-7.0283e-07
-2.76717e-06
-6.47218e-07
-2.97835e-06
-6.00439e-07
-3.20131e-06
-5.79643e-07
-3.48284e-06
-6.18306e-07
-3.94368e-06
-7.31899e-07
-4.82629e-06
-8.04147e-07
-6.24562e-06
-6.28534e-07
-7.30645e-06
-5.75758e-06
-4.30459e-08
2.38077e-06
-1.32041e-07
3.30097e-06
-2.20413e-07
3.80676e-06
-2.88812e-07
4.19211e-06
-3.33774e-07
4.39607e-06
-3.65884e-07
4.36079e-06
-3.90155e-07
4.12151e-06
-4.12449e-07
3.79266e-06
-4.36538e-07
3.45003e-06
-4.63625e-07
3.13056e-06
-4.93156e-07
2.84359e-06
-5.23968e-07
2.58416e-06
-5.54876e-07
2.34272e-06
-5.84931e-07
2.10966e-06
-6.13404e-07
1.87701e-06
-6.39706e-07
1.63885e-06
-6.63374e-07
1.39124e-06
-6.84064e-07
1.1321e-06
-7.01572e-07
8.60948e-07
-7.15836e-07
5.78695e-07
-7.26899e-07
2.87153e-07
-7.34802e-07
-1.14776e-08
-7.39512e-07
-3.14647e-07
-7.40813e-07
-6.20208e-07
-7.38178e-07
-9.25799e-07
-7.30787e-07
-1.22898e-06
-7.1762e-07
-1.5268e-06
-6.97687e-07
-1.81558e-06
-6.70427e-07
-2.09111e-06
-6.36061e-07
-2.3496e-06
-5.95838e-07
-2.58904e-06
-5.52045e-07
-2.81097e-06
-5.08151e-07
-3.02225e-06
-4.70092e-07
-3.23937e-06
-4.50613e-07
-3.50232e-06
-4.7645e-07
-3.91784e-06
-5.7245e-07
-4.73029e-06
-6.4894e-07
-6.16913e-06
-5.43412e-07
-7.41198e-06
-6.30099e-06
8.51739e-09
2.37225e-06
-3.22395e-08
3.34173e-06
-7.91057e-08
3.85362e-06
-1.10386e-07
4.2234e-06
-1.30047e-07
4.41573e-06
-1.46427e-07
4.37717e-06
-1.65142e-07
4.14022e-06
-1.86078e-07
3.8136e-06
-2.09877e-07
3.47383e-06
-2.35736e-07
3.15642e-06
-2.62387e-07
2.87024e-06
-2.88729e-07
2.6105e-06
-3.1396e-07
2.36795e-06
-3.37614e-07
2.13331e-06
-3.59443e-07
1.89884e-06
-3.79335e-07
1.65874e-06
-3.97271e-07
1.40918e-06
-4.13314e-07
1.14814e-06
-4.2761e-07
8.75244e-07
-4.40367e-07
5.91452e-07
-4.51807e-07
2.98593e-07
-4.62093e-07
-1.19149e-09
-4.71225e-07
-3.05515e-07
-4.79015e-07
-6.12417e-07
-4.84918e-07
-9.19896e-07
-4.88065e-07
-1.22583e-06
-4.87304e-07
-1.52756e-06
-4.81404e-07
-1.82148e-06
-4.69405e-07
-2.10311e-06
-4.51014e-07
-2.36799e-06
-4.26912e-07
-2.61314e-06
-3.98865e-07
-2.83901e-06
-3.69799e-07
-3.05131e-06
-3.44691e-07
-3.26448e-06
-3.3367e-07
-3.51334e-06
-3.5807e-07
-3.89344e-06
-4.44249e-07
-4.64411e-06
-5.24655e-07
-6.08873e-06
-4.54141e-07
-7.4825e-06
-6.75513e-06
5.76143e-08
2.31464e-06
6.56701e-08
3.33367e-06
5.89558e-08
3.86034e-06
6.19503e-08
4.2204e-06
6.71465e-08
4.41054e-06
6.73045e-08
4.37702e-06
5.51531e-08
4.15238e-06
3.72226e-08
3.83153e-06
1.54456e-08
3.4956e-06
-7.60907e-09
3.17947e-06
-3.00927e-08
2.89272e-06
-5.08979e-08
2.6313e-06
-6.95802e-08
2.38663e-06
-8.6115e-08
2.14984e-06
-1.00719e-07
1.91344e-06
-1.13742e-07
1.67176e-06
-1.25607e-07
1.42105e-06
-1.36776e-07
1.15931e-06
-1.47722e-07
8.8619e-07
-1.58885e-07
6.02615e-07
-1.7062e-07
3.10328e-07
-1.83191e-07
1.13793e-08
-1.96561e-07
-2.92145e-07
-2.10573e-07
-5.98404e-07
-2.24682e-07
-9.05787e-07
-2.38028e-07
-1.21249e-06
-2.49443e-07
-1.51614e-06
-2.57542e-07
-1.81338e-06
-2.612e-07
-2.09946e-06
-2.59738e-07
-2.36946e-06
-2.5333e-07
-2.61955e-06
-2.43149e-07
-2.84919e-06
-2.31483e-07
-3.06298e-06
-2.22504e-07
-3.27346e-06
-2.24612e-07
-3.51123e-06
-2.55372e-07
-3.86268e-06
-3.39728e-07
-4.55975e-06
-4.28466e-07
-5.99999e-06
-3.75577e-07
-7.53538e-06
-7.13071e-06
1.05627e-07
2.20901e-06
1.6101e-07
3.27829e-06
1.92899e-07
3.82845e-06
2.27873e-07
4.18543e-06
2.58611e-07
4.3798e-06
2.75901e-07
4.35973e-06
2.72516e-07
4.15576e-06
2.58864e-07
3.84518e-06
2.40428e-07
3.51404e-06
2.2125e-07
3.19865e-06
2.03786e-07
2.91019e-06
1.891e-07
2.64599e-06
1.77363e-07
2.39837e-06
1.68215e-07
2.15899e-06
1.61009e-07
1.92065e-06
1.54952e-07
1.67782e-06
1.49199e-07
1.4268e-06
1.4291e-07
1.1656e-06
1.35312e-07
8.93788e-07
1.25762e-07
6.12165e-07
1.13798e-07
3.22292e-07
9.91237e-08
2.6054e-08
8.17579e-08
-2.74779e-07
6.18817e-08
-5.78528e-07
4.00173e-08
-8.83923e-07
1.70026e-08
-1.18947e-06
-6.032e-09
-1.49311e-06
-2.79566e-08
-1.79145e-06
-4.73334e-08
-2.08008e-06
-6.32918e-08
-2.3535e-06
-7.56149e-08
-2.60723e-06
-8.48931e-08
-2.83992e-06
-9.27031e-08
-3.05517e-06
-1.02336e-07
-3.26382e-06
-1.20836e-07
-3.49273e-06
-1.63246e-07
-3.82027e-06
-2.52112e-07
-4.47088e-06
-3.5404e-07
-5.89806e-06
-3.13556e-07
-7.57587e-06
-7.44426e-06
1.51046e-07
2.05796e-06
2.52407e-07
3.17693e-06
3.21504e-07
3.75935e-06
3.86507e-07
4.12042e-06
4.43424e-07
4.32288e-06
4.78549e-07
4.3246e-06
4.87617e-07
4.14669e-06
4.79972e-07
3.85282e-06
4.65955e-07
3.52806e-06
4.51366e-07
3.21324e-06
4.39276e-07
2.92228e-06
4.30845e-07
2.65442e-06
4.26042e-07
2.40317e-06
4.24174e-07
2.16086e-06
4.24201e-07
1.92062e-06
4.24927e-07
1.6771e-06
4.25111e-07
1.42661e-06
4.23571e-07
1.16714e-06
4.19263e-07
8.98097e-07
4.11363e-07
6.20065e-07
3.99304e-07
3.34351e-07
3.82773e-07
4.25851e-08
3.61746e-07
-2.53752e-07
3.36432e-07
-5.53215e-07
3.07291e-07
-8.54781e-07
2.75063e-07
-1.15724e-06
2.40742e-07
-1.45879e-06
2.05604e-07
-1.75632e-06
1.70777e-07
-2.04525e-06
1.3727e-07
-2.31999e-06
1.05604e-07
-2.57556e-06
7.57235e-08
-2.81003e-06
4.67893e-08
-3.02623e-06
1.646e-08
-3.23349e-06
-2.09371e-08
-3.45533e-06
-7.83853e-08
-3.76282e-06
-1.76823e-07
-4.37245e-06
-2.94624e-07
-5.78026e-06
-2.68163e-07
-7.60233e-06
-7.71243e-06
1.91646e-07
1.86632e-06
3.3783e-07
3.03075e-06
4.43429e-07
3.65375e-06
5.36985e-07
4.02687e-06
6.19611e-07
4.24026e-06
6.75004e-07
4.26921e-06
6.99733e-07
4.12196e-06
7.00985e-07
3.85157e-06
6.92691e-07
3.53635e-06
6.83171e-07
3.22276e-06
6.76515e-07
2.92893e-06
6.74144e-07
2.65679e-06
6.75935e-07
2.40138e-06
6.80936e-07
2.15586e-06
6.87771e-07
1.91378e-06
6.94878e-07
1.66999e-06
7.0067e-07
1.42082e-06
7.03661e-07
1.16415e-06
7.02564e-07
8.99193e-07
6.96384e-07
6.26245e-07
6.84447e-07
3.46288e-07
6.66393e-07
6.06395e-08
6.42153e-07
-2.29512e-07
6.11919e-07
-5.22981e-07
5.76077e-07
-8.18939e-07
5.3527e-07
-1.11644e-06
4.90359e-07
-1.41387e-06
4.42374e-07
-1.70833e-06
3.92358e-07
-1.99524e-06
3.41279e-07
-2.26891e-06
2.89865e-07
-2.52415e-06
2.38544e-07
-2.75871e-06
1.87195e-07
-2.97489e-06
1.34442e-07
-3.18074e-06
7.55494e-08
-3.39644e-06
-1.39876e-09
-3.68587e-06
-1.1147e-07
-4.26237e-06
-2.44111e-07
-5.64762e-06
-2.37093e-07
-7.60935e-06
-7.94952e-06
2.24455e-07
1.64186e-06
4.14399e-07
2.8408e-06
5.56482e-07
3.51167e-06
6.7747e-07
3.90588e-06
7.84983e-07
4.13274e-06
8.63685e-07
4.19051e-06
9.07031e-07
4.07862e-06
9.20994e-07
3.83761e-06
9.20594e-07
3.53675e-06
9.16939e-07
3.22641e-06
9.15769e-07
2.9301e-06
9.19135e-07
2.65343e-06
9.27014e-07
2.3935e-06
9.38296e-07
2.14458e-06
9.51345e-07
1.90074e-06
9.643e-07
1.65703e-06
9.7528e-07
1.40984e-06
9.82533e-07
1.1569e-06
9.84552e-07
8.97173e-07
9.80172e-07
6.30626e-07
9.68593e-07
3.57866e-07
9.49374e-07
7.98583e-08
9.22378e-07
-2.02516e-07
8.87747e-07
-4.88351e-07
8.45799e-07
-7.7699e-07
7.97033e-07
-1.06767e-06
7.42097e-07
-1.35894e-06
6.81763e-07
-1.648e-06
6.1687e-07
-1.93034e-06
5.4827e-07
-2.20031e-06
4.7684e-07
-2.45272e-06
4.03445e-07
-2.68532e-06
3.28672e-07
-2.90011e-06
2.52148e-07
-3.10422e-06
1.70629e-07
-3.31492e-06
7.47766e-08
-3.59002e-06
-5.32283e-08
-4.13437e-06
-1.99975e-07
-5.50087e-06
-2.16866e-07
-7.59246e-06
-8.16639e-06
2.46726e-07
1.39514e-06
4.77907e-07
2.60962e-06
6.56644e-07
3.33293e-06
8.05137e-07
3.75739e-06
9.37033e-07
4.00085e-06
1.04091e-06
4.08663e-06
1.10673e-06
4.0128e-06
1.13784e-06
3.8065e-06
1.14865e-06
3.52593e-06
1.15251e-06
3.22255e-06
1.1573e-06
2.92531e-06
1.16624e-06
2.64449e-06
1.17973e-06
2.38002e-06
1.19667e-06
2.12763e-06
1.21528e-06
1.88212e-06
1.23349e-06
1.63882e-06
1.24919e-06
1.39415e-06
1.26039e-06
1.14569e-06
1.2654e-06
8.92161e-07
1.26289e-06
6.33139e-07
1.25191e-06
3.68841e-07
1.23193e-06
9.98445e-08
1.20268e-06
-1.73269e-07
1.16422e-06
-4.49889e-07
1.11674e-06
-7.29514e-07
1.06056e-06
-1.01149e-06
9.9606e-07
-1.29444e-06
9.23715e-07
-1.57565e-06
8.44107e-07
-1.85073e-06
7.57963e-07
-2.11417e-06
6.66273e-07
-2.36103e-06
5.70275e-07
-2.58932e-06
4.71236e-07
-2.80107e-06
3.6973e-07
-3.00271e-06
2.63858e-07
-3.20905e-06
1.45947e-07
-3.47211e-06
1.86568e-09
-3.99029e-06
-1.60353e-07
-5.33866e-06
-2.03698e-07
-7.54911e-06
-8.37008e-06
2.56131e-07
1.13901e-06
5.2331e-07
2.34244e-06
7.38985e-07
3.11726e-06
9.16161e-07
3.58021e-06
1.07219e-06
3.84481e-06
1.20208e-06
3.95674e-06
1.29423e-06
3.92064e-06
1.34767e-06
3.75306e-06
1.37444e-06
3.49917e-06
1.38888e-06
3.20811e-06
1.4011e-06
2.9131e-06
1.41602e-06
2.62957e-06
1.43494e-06
2.36109e-06
1.4571e-06
2.10547e-06
1.48072e-06
1.8585e-06
1.50363e-06
1.61591e-06
1.52357e-06
1.37421e-06
1.5384e-06
1.13087e-06
1.54626e-06
8.84303e-07
1.54565e-06
6.33746e-07
1.5355e-06
3.78996e-07
1.5151e-06
1.20237e-07
1.48408e-06
-1.42245e-07
1.44231e-06
-4.08115e-07
1.3898e-06
-6.7701e-07
1.32663e-06
-9.48318e-07
1.25288e-06
-1.22068e-06
1.16865e-06
-1.49142e-06
1.07425e-06
-1.75634e-06
9.70311e-07
-2.01023e-06
8.57967e-07
-2.24869e-06
7.3887e-07
-2.47022e-06
6.14854e-07
-2.67706e-06
4.8733e-07
-2.87519e-06
3.55699e-07
-3.07742e-06
2.13833e-07
-3.33024e-06
4.94238e-08
-3.82588e-06
-1.25249e-07
-5.16398e-06
-1.95668e-07
-7.47869e-06
-8.56575e-06
2.51807e-07
8.87199e-07
5.46117e-07
2.04813e-06
7.97993e-07
2.86538e-06
1.00526e-06
3.37295e-06
1.18586e-06
3.66421e-06
1.34192e-06
3.80068e-06
1.46328e-06
3.79928e-06
1.54461e-06
3.67174e-06
1.59344e-06
3.45033e-06
1.62341e-06
3.17814e-06
1.64618e-06
2.89032e-06
1.66868e-06
2.60707e-06
1.69363e-06
2.33615e-06
1.72102e-06
2.07808e-06
1.74939e-06
1.83013e-06
1.77663e-06
1.58868e-06
1.80045e-06
1.3504e-06
1.81862e-06
1.1127e-06
1.82916e-06
8.73756e-07
1.83046e-06
6.3245e-07
1.82126e-06
3.8819e-07
1.80072e-06
1.40777e-07
1.76827e-06
-1.09787e-07
1.72355e-06
-3.63398e-07
1.66633e-06
-6.19788e-07
1.59637e-06
-8.78358e-07
1.51338e-06
-1.13769e-06
1.4171e-06
-1.39515e-06
1.30758e-06
-1.64681e-06
1.18536e-06
-1.88801e-06
1.05182e-06
-2.11514e-06
9.0906e-07
-2.32746e-06
7.59415e-07
-2.52741e-06
6.04949e-07
-2.72072e-06
4.46439e-07
-2.91891e-06
2.79682e-07
-3.16349e-06
9.54002e-08
-3.6416e-06
-9.32375e-08
-4.97535e-06
-1.91427e-07
-7.3805e-06
-8.75718e-06
2.34217e-07
6.52982e-07
5.43197e-07
1.73915e-06
8.27502e-07
2.58108e-06
1.06598e-06
3.13447e-06
1.27228e-06
3.45791e-06
1.45453e-06
3.61843e-06
1.60662e-06
3.64719e-06
1.72074e-06
3.55763e-06
1.79868e-06
3.37238e-06
1.851e-06
3.12582e-06
1.88961e-06
2.85171e-06
1.92316e-06
2.57352e-06
1.9561e-06
2.30321e-06
1.98969e-06
2.04449e-06
2.02317e-06
1.79664e-06
2.05478e-06
1.55707e-06
2.08234e-06
1.32283e-06
2.10369e-06
1.09135e-06
2.1168e-06
8.60644e-07
2.11995e-06
6.29306e-07
2.11174e-06
3.96398e-07
2.09113e-06
1.61381e-07
2.05735e-06
-7.6001e-08
2.00977e-06
-3.15823e-07
1.94782e-06
-5.57839e-07
1.87089e-06
-8.01426e-07
1.7783e-06
-1.04509e-06
1.66945e-06
-1.28631e-06
1.54416e-06
-1.52152e-06
1.403e-06
-1.74685e-06
1.24764e-06
-1.95979e-06
1.08065e-06
-2.16047e-06
9.0467e-07
-2.35143e-06
7.22394e-07
-2.53844e-06
5.35997e-07
-2.73251e-06
3.43465e-07
-2.97095e-06
1.39545e-07
-3.43768e-06
-6.3536e-08
-4.77226e-06
-1.90075e-07
-7.25396e-06
-8.94725e-06
2.05031e-07
4.47951e-07
5.13911e-07
1.43027e-06
8.22552e-07
2.27244e-06
1.09153e-06
2.86549e-06
1.32467e-06
3.22477e-06
1.53318e-06
3.40992e-06
1.71632e-06
3.46404e-06
1.86644e-06
3.4075e-06
1.98035e-06
3.25848e-06
2.06333e-06
3.04284e-06
2.12537e-06
2.78968e-06
2.1758e-06
2.52309e-06
2.22076e-06
2.25825e-06
2.26307e-06
2.00218e-06
2.30314e-06
1.75658e-06
2.33991e-06
1.5203e-06
2.37161e-06
1.29113e-06
2.39625e-06
1.0667e-06
2.41191e-06
8.4499e-07
2.41681e-06
6.24402e-07
2.40946e-06
4.03748e-07
2.38863e-06
1.82217e-07
2.35326e-06
-4.06355e-08
2.30248e-06
-2.65044e-07
2.23533e-06
-4.90683e-07
2.15077e-06
-7.16869e-07
2.04777e-06
-9.42097e-07
1.92547e-06
-1.164e-06
1.78355e-06
-1.3796e-06
1.62274e-06
-1.58603e-06
1.44505e-06
-1.7821e-06
1.25327e-06
-1.96869e-06
1.05031e-06
-2.14847e-06
8.39633e-07
-2.32777e-06
6.24469e-07
-2.51735e-06
4.05448e-07
-2.75193e-06
1.82815e-07
-3.21505e-06
-3.43326e-08
-4.55512e-06
-1.91063e-07
-7.09723e-06
-9.13832e-06
1.6758e-07
2.80371e-07
4.6091e-07
1.13694e-06
7.80162e-07
1.95318e-06
1.07483e-06
2.57083e-06
1.33551e-06
2.96409e-06
1.57073e-06
3.1747e-06
1.78456e-06
3.25022e-06
1.97182e-06
3.22025e-06
2.12654e-06
3.10375e-06
2.24842e-06
2.92096e-06
2.34315e-06
2.69495e-06
2.4188e-06
2.44744e-06
2.48233e-06
2.19472e-06
2.53806e-06
1.94645e-06
2.58786e-06
1.70678e-06
2.6318e-06
1.47637e-06
2.66884e-06
1.25408e-06
2.69744e-06
1.0381e-06
2.71589e-06
8.26542e-07
2.72251e-06
6.17783e-07
2.71576e-06
4.105e-07
2.69425e-06
2.03719e-07
2.65665e-06
-3.02914e-09
2.60185e-06
-2.10241e-07
2.52849e-06
-4.17324e-07
2.43518e-06
-6.23568e-07
2.32062e-06
-8.27534e-07
2.18381e-06
-1.0272e-06
2.02449e-06
-1.22027e-06
1.84359e-06
-1.40514e-06
1.64334e-06
-1.58185e-06
1.42643e-06
-1.75178e-06
1.19623e-06
-1.91828e-06
9.56808e-07
-2.08834e-06
7.12002e-07
-2.27254e-06
4.66286e-07
-2.50622e-06
2.2636e-07
-2.97512e-06
-4.31375e-09
-4.32444e-06
-1.91775e-07
-6.90977e-06
-9.33009e-06
1.25569e-07
1.54802e-07
3.88943e-07
8.73567e-07
7.00308e-07
1.64182e-06
1.01039e-06
2.26075e-06
1.29697e-06
2.6775e-06
1.55994e-06
2.91173e-06
1.80411e-06
3.00605e-06
2.02788e-06
2.99648e-06
2.22513e-06
2.9065e-06
2.39161e-06
2.75448e-06
2.52788e-06
2.55869e-06
2.63851e-06
2.3368e-06
2.72949e-06
2.10374e-06
2.80586e-06
1.87008e-06
2.87079e-06
1.64185e-06
2.92566e-06
1.4215e-06
2.97052e-06
1.20923e-06
3.00457e-06
1.00405e-06
3.02658e-06
8.04534e-07
3.03512e-06
6.09244e-07
3.02871e-06
4.16903e-07
3.00589e-06
2.26538e-07
2.96525e-06
3.76168e-08
2.90518e-06
-1.50175e-07
2.82425e-06
-3.36388e-07
2.72087e-06
-5.20195e-07
2.59363e-06
-7.00293e-07
2.44159e-06
-8.75157e-07
2.26467e-06
-1.04336e-06
2.06404e-06
-1.20451e-06
1.84165e-06
-1.35946e-06
1.60011e-06
-1.51023e-06
1.34296e-06
-1.66113e-06
1.07427e-06
-1.81965e-06
7.99074e-07
-1.99735e-06
5.26904e-07
-2.23405e-06
2.74016e-07
-2.72223e-06
4.04151e-08
-4.09084e-06
-1.85993e-07
-6.68336e-06
-9.51609e-06
8.54092e-08
6.93928e-08
3.01493e-07
6.57484e-07
5.85346e-07
1.35797e-06
8.95476e-07
1.95062e-06
1.20164e-06
2.37134e-06
1.49296e-06
2.62041e-06
1.76862e-06
2.73039e-06
2.02811e-06
2.73699e-06
2.26686e-06
2.66774e-06
2.47922e-06
2.54212e-06
2.6621e-06
2.37581e-06
2.8159e-06
2.183e-06
2.94369e-06
1.97595e-06
3.04957e-06
1.7642e-06
3.13715e-06
1.55427e-06
3.20883e-06
1.34982e-06
3.26576e-06
1.15229e-06
3.30814e-06
9.61677e-07
3.33545e-06
7.77227e-07
3.34675e-06
5.97941e-07
3.34084e-06
4.22809e-07
3.31633e-06
2.51047e-07
3.27172e-06
8.22278e-08
3.20533e-06
-8.37854e-08
3.11571e-06
-2.46764e-07
3.00136e-06
-4.05851e-07
2.86111e-06
-5.60041e-07
2.69426e-06
-7.08304e-07
2.50096e-06
-8.5006e-07
2.28228e-06
-9.85824e-07
2.0396e-06
-1.11678e-06
1.77524e-06
-1.24587e-06
1.49239e-06
-1.37827e-06
1.19488e-06
-1.52214e-06
8.89592e-07
-1.69206e-06
5.91627e-07
-1.93608e-06
3.28885e-07
-2.45949e-06
9.60285e-08
-3.85799e-06
-1.74215e-07
-6.41312e-06
-9.6903e-06
4.79407e-08
2.14522e-08
1.98522e-07
5.06902e-07
4.36762e-07
1.11973e-06
7.29398e-07
1.65798e-06
1.04494e-06
2.0558e-06
1.36262e-06
2.30272e-06
1.67213e-06
2.42089e-06
1.96856e-06
2.44057e-06
2.24755e-06
2.38875e-06
2.50375e-06
2.28591e-06
2.73269e-06
2.14688e-06
2.93217e-06
1.98352e-06
3.10244e-06
1.80569e-06
3.24531e-06
1.62133e-06
3.3633e-06
1.43628e-06
3.45882e-06
1.2543e-06
3.53366e-06
1.07745e-06
3.58882e-06
9.06518e-07
3.62458e-06
7.41465e-07
3.64068e-06
5.81846e-07
3.63638e-06
4.27108e-07
3.61062e-06
2.76803e-07
3.56216e-06
1.3069e-07
3.48948e-06
-1.11037e-08
3.39152e-06
-1.48804e-07
3.2671e-06
-2.81428e-07
3.1155e-06
-4.08448e-07
2.93644e-06
-5.29246e-07
2.73013e-06
-6.43748e-07
2.49702e-06
-7.52711e-07
2.23807e-06
-8.5783e-07
1.95495e-06
-9.62748e-07
1.65029e-06
-1.07361e-06
1.32801e-06
-1.19987e-06
9.97679e-07
-1.36173e-06
6.8027e-07
-1.61867e-06
4.10297e-07
-2.18951e-06
1.70252e-07
-3.61794e-06
-1.56407e-07
-6.08646e-06
-9.84671e-06
-7.3846e-09
2.88368e-08
7.14766e-08
4.28041e-07
2.50277e-07
9.40925e-07
5.12074e-07
1.39619e-06
8.26505e-07
1.74137e-06
1.16507e-06
1.96416e-06
1.50828e-06
2.07768e-06
1.84398e-06
2.10487e-06
2.16409e-06
2.06863e-06
2.4625e-06
1.98751e-06
2.73459e-06
1.87478e-06
2.9774e-06
1.74071e-06
3.18958e-06
1.59351e-06
3.37123e-06
1.43968e-06
3.52343e-06
1.28407e-06
3.64773e-06
1.13e-06
3.74563e-06
9.79542e-07
3.81837e-06
8.33779e-07
3.86672e-06
6.93117e-07
3.89099e-06
5.57571e-07
3.89105e-06
4.27051e-07
3.86644e-06
3.01414e-07
3.81651e-06
1.80613e-07
3.74067e-06
6.47444e-08
3.63793e-06
-4.60629e-08
3.50786e-06
-1.51361e-07
3.35005e-06
-2.50636e-07
3.16444e-06
-3.43636e-07
2.9512e-06
-4.30513e-07
2.71044e-06
-5.11945e-07
2.44261e-06
-5.90008e-07
2.1488e-06
-6.68934e-07
1.83132e-06
-7.56137e-07
1.49543e-06
-8.63975e-07
1.15498e-06
-1.02128e-06
8.37261e-07
-1.30096e-06
5.72699e-07
-1.92495e-06
3.16324e-07
-3.36157e-06
-8.4427e-08
-5.68571e-06
-9.93114e-06
-7.8519e-08
1.07356e-07
-9.09993e-08
4.40521e-07
2.05283e-08
8.29398e-07
2.43282e-07
1.17343e-06
5.50289e-07
1.43436e-06
9.05906e-07
1.60854e-06
1.28125e-06
1.70233e-06
1.65634e-06
1.72979e-06
2.01804e-06
1.70693e-06
2.35803e-06
1.64752e-06
2.67079e-06
1.56203e-06
2.95305e-06
1.45845e-06
3.20305e-06
1.34351e-06
3.42024e-06
1.22249e-06
3.60495e-06
1.09936e-06
3.75809e-06
9.76863e-07
3.88076e-06
8.56873e-07
3.97403e-06
7.40507e-07
4.0388e-06
6.28345e-07
4.07568e-06
5.20695e-07
4.085e-06
4.17733e-07
4.06692e-06
3.19496e-07
4.02145e-06
2.26075e-07
3.94856e-06
1.37636e-07
3.84813e-06
5.43648e-08
3.72026e-06
-2.34839e-08
3.56488e-06
-9.52606e-08
3.38227e-06
-1.6102e-07
3.17267e-06
-2.2092e-07
2.93656e-06
-2.75833e-07
2.67454e-06
-3.27988e-07
2.3872e-06
-3.81591e-07
2.07616e-06
-4.45102e-07
1.74852e-06
-5.36332e-07
1.42206e-06
-6.9482e-07
1.12876e-06
-1.00766e-06
8.91686e-07
-1.68788e-06
6.05507e-07
-3.07539e-06
9.4537e-08
-5.17474e-06
-9.8366e-06
-2.36681e-07
3.44037e-07
-3.50567e-07
5.54407e-07
-2.90619e-07
7.6945e-07
-8.56148e-08
9.68431e-07
2.21635e-07
1.12711e-06
5.96431e-07
1.23374e-06
1.00392e-06
1.29484e-06
1.41808e-06
1.31563e-06
1.82073e-06
1.30428e-06
2.20127e-06
1.26698e-06
2.55331e-06
1.20998e-06
2.87284e-06
1.13891e-06
3.15789e-06
1.05846e-06
3.40786e-06
9.72531e-07
3.62281e-06
8.84404e-07
3.80357e-06
7.96108e-07
3.95118e-06
7.09263e-07
4.0667e-06
6.24988e-07
4.15103e-06
5.44007e-07
4.20498e-06
4.66752e-07
4.2293e-06
3.93411e-07
4.22467e-06
3.24128e-07
4.19169e-06
2.59049e-07
4.13098e-06
1.98349e-07
4.04317e-06
1.42173e-07
3.92897e-06
9.0723e-08
3.78948e-06
4.42298e-08
3.62588e-06
2.57149e-09
3.43962e-06
-3.46561e-08
3.23224e-06
-6.8458e-08
3.00536e-06
-1.011e-07
2.7604e-06
-1.36634e-07
2.49876e-06
-1.83463e-07
2.22424e-06
-2.61813e-07
1.9444e-06
-4.14978e-07
1.68431e-06
-7.47567e-07
1.44141e-06
-1.44497e-06
1.04656e-06
-2.68054e-06
3.7056e-07
-4.49873e-06
-9.46604e-06
-4.43757e-07
7.87794e-07
-6.38242e-07
7.48892e-07
-6.42163e-07
7.73371e-07
-4.73896e-07
8.00163e-07
-1.64769e-07
8.17983e-07
2.34296e-07
8.34679e-07
6.79259e-07
8.4988e-07
1.13488e-06
8.60005e-07
1.58015e-06
8.59012e-07
2.00278e-06
8.44352e-07
2.39575e-06
8.17005e-07
2.75491e-06
7.79757e-07
3.07804e-06
7.35326e-07
3.36449e-06
6.86084e-07
3.61495e-06
6.33944e-07
3.83051e-06
5.80554e-07
4.01226e-06
5.27513e-07
4.16133e-06
4.75912e-07
4.27894e-06
4.264e-07
4.36636e-06
3.79335e-07
4.42484e-06
3.34924e-07
4.45569e-06
2.93286e-07
4.46023e-06
2.54508e-07
4.43991e-06
2.18669e-07
4.39626e-06
1.85823e-07
4.331e-06
1.55982e-07
4.24615e-06
1.29081e-07
4.14388e-06
1.04838e-07
4.0265e-06
8.27284e-08
3.89629e-06
6.17522e-08
3.75526e-06
3.99309e-08
3.60589e-06
1.2734e-08
3.44895e-06
-2.65229e-08
3.28431e-06
-9.71746e-08
3.10019e-06
-2.30856e-07
2.85302e-06
-5.00394e-07
2.4334e-06
-1.02536e-06
1.67339e-06
-1.92053e-06
7.40718e-07
-3.56606e-06
-8.72532e-06
-6.48336e-07
1.43613e-06
-8.30477e-07
9.31033e-07
-6.48248e-07
5.91142e-07
-3.09089e-07
4.61005e-07
9.87339e-08
4.1016e-07
5.46558e-07
3.86855e-07
1.01356e-06
3.82877e-07
1.48542e-06
3.8815e-07
1.95081e-06
3.93615e-07
2.40076e-06
3.94403e-07
2.82853e-06
3.89239e-07
3.22945e-06
3.78837e-07
3.60063e-06
3.64142e-07
3.94052e-06
3.46194e-07
4.24851e-06
3.25954e-07
4.52457e-06
3.04499e-07
4.76965e-06
2.8243e-07
4.98529e-06
2.60276e-07
5.17322e-06
2.38467e-07
5.33526e-06
2.17297e-07
5.47322e-06
1.96963e-07
5.58891e-06
1.77599e-07
5.68411e-06
1.59303e-07
5.76064e-06
1.42142e-07
5.82032e-06
1.26143e-07
5.865e-06
1.11302e-07
5.89649e-06
9.75886e-08
5.91645e-06
8.48757e-08
5.92633e-06
7.28484e-08
5.92723e-06
6.08598e-08
5.91954e-06
4.76205e-08
5.90115e-06
3.11252e-08
5.8655e-06
9.12377e-09
5.79804e-06
-2.97174e-08
5.65796e-06
-9.07722e-08
5.33793e-06
-1.80365e-07
4.61244e-06
-2.9987e-07
3.25901e-06
-5.67095e-07
1.57606e-06
-1.88312e-06
-7.14926e-06
1.43613e-06
2.36716e-06
2.95831e-06
3.41931e-06
3.82947e-06
4.21632e-06
4.5992e-06
4.98735e-06
5.38097e-06
5.77537e-06
6.16461e-06
6.54345e-06
6.90759e-06
7.25378e-06
7.57974e-06
7.88423e-06
8.16666e-06
8.42694e-06
8.66541e-06
8.8827e-06
9.07967e-06
9.25727e-06
9.41657e-06
9.55871e-06
9.68485e-06
9.79616e-06
9.89374e-06
9.97862e-06
1.00515e-05
1.01123e-05
1.01599e-05
1.01911e-05
1.02002e-05
1.01705e-05
1.00797e-05
9.89934e-06
9.59947e-06
9.03238e-06
7.14926e-06
)
;

boundaryField
{
    movingWall
    {
        type            calculated;
        value           uniform 0;
    }
    fixedWalls
    {
        type            calculated;
        value           uniform 0;
    }
    frontAndBack
    {
        type            empty;
    }
}


// ************************************************************************* //
