/*--------------------------------*- C++ -*----------------------------------*\
| =========                 |                                                 |
| \\      /  F ield         | OpenFOAM: The Open Source CFD Toolbox           |
|  \\    /   O peration     | Version:  2412                                  |
|   \\  /    A nd           | Website:  www.openfoam.com                      |
|    \\/     M anipulation  |                                                 |
\*---------------------------------------------------------------------------*/
FoamFile
{
    version     2.0;
    format      ascii;
    arch        "LSB;label=32;scalar=64";
    class       volVectorField;
    location    "3.5";
    object      U;
}
// * * * * * * * * * * * * * * * * * * * * * * * * * * * * * * * * * * * * * //

dimensions      [0 1 -1 0 0 0 0];

internalField   nonuniform List<vector> 
1600
(
(0.000784988 -0.000735056 0)
(0.00333889 -0.00101956 0)
(0.00591035 -0.000865292 0)
(0.00762926 -0.000455262 0)
(0.00831652 -0.000156723 0)
(0.00827008 -0.000123875 0)
(0.00791027 -0.000176233 0)
(0.00714639 -0.000144751 0)
(0.00577794 2.06982e-05 0)
(0.00344372 0.000227663 0)
(-0.000943277 0.000512568 0)
(-0.00708988 0.0010422 0)
(-0.015981 0.0025806 0)
(-0.0290158 0.00498665 0)
(-0.0444394 0.00719043 0)
(-0.0614059 0.00880047 0)
(-0.0788428 0.00961557 0)
(-0.0956251 0.00957179 0)
(-0.110735 0.00878374 0)
(-0.123409 0.00747847 0)
(-0.133198 0.00591096 0)
(-0.139894 0.00428006 0)
(-0.14347 0.00263426 0)
(-0.144097 0.000926976 0)
(-0.141558 -0.00091189 0)
(-0.135704 -0.00290426 0)
(-0.126371 -0.00503555 0)
(-0.113382 -0.00720578 0)
(-0.0968238 -0.0092308 0)
(-0.0771939 -0.0108828 0)
(-0.0555125 -0.011888 0)
(-0.0332609 -0.0119472 0)
(-0.0121059 -0.0108855 0)
(0.00591575 -0.00877077 0)
(0.0183909 -0.00518183 0)
(0.0251785 -0.00105992 0)
(0.02532 0.00248626 0)
(0.0195495 0.00451958 0)
(0.0102398 0.00406896 0)
(0.00256618 0.00288591 0)
(0.00123919 -0.00338401 0)
(0.00512472 -0.00467122 0)
(0.00818484 -0.00368044 0)
(0.00989126 -0.00190558 0)
(0.0100248 -0.000325461 0)
(0.0086188 0.000671663 0)
(0.00587113 0.00139585 0)
(0.00148425 0.00249226 0)
(-0.00528628 0.00418304 0)
(-0.0152653 0.00689136 0)
(-0.0297297 0.0111285 0)
(-0.0478087 0.0162345 0)
(-0.0681745 0.0211719 0)
(-0.0893622 0.0248021 0)
(-0.110144 0.0267525 0)
(-0.12933 0.027004 0)
(-0.146068 0.0256114 0)
(-0.159925 0.0228817 0)
(-0.170933 0.0192385 0)
(-0.179266 0.0150802 0)
(-0.185092 0.0107246 0)
(-0.188605 0.00633973 0)
(-0.189763 0.00191557 0)
(-0.188338 -0.00264186 0)
(-0.184144 -0.00739666 0)
(-0.176967 -0.012364 0)
(-0.166637 -0.0175459 0)
(-0.153002 -0.0228042 0)
(-0.13594 -0.0277514 0)
(-0.115626 -0.0318248 0)
(-0.0926253 -0.0342174 0)
(-0.0680559 -0.0340837 0)
(-0.0435816 -0.0307975 0)
(-0.0213298 -0.0244664 0)
(-0.0029165 -0.0158108 0)
(0.00974014 -0.00608489 0)
(0.0164633 0.00317605 0)
(0.0164608 0.00973978 0)
(0.0105455 0.0121537 0)
(0.00261494 0.00952916 0)
(0.00155781 -0.00690889 0)
(0.0052568 -0.00828272 0)
(0.00706025 -0.00580803 0)
(0.00716153 -0.00218099 0)
(0.00535133 0.001133 0)
(0.00146825 0.00387851 0)
(-0.00540446 0.00688436 0)
(-0.0157048 0.0112683 0)
(-0.0301884 0.0173172 0)
(-0.0484552 0.0244282 0)
(-0.0697403 0.0318256 0)
(-0.0926754 0.0384499 0)
(-0.115249 0.043241 0)
(-0.135834 0.0455203 0)
(-0.153672 0.0452377 0)
(-0.168383 0.0426776 0)
(-0.180104 0.0384225 0)
(-0.189249 0.0330647 0)
(-0.196249 0.0271033 0)
(-0.201483 0.0208756 0)
(-0.205146 0.0145477 0)
(-0.207163 0.0081538 0)
(-0.207539 0.00161031 0)
(-0.206207 -0.00524229 0)
(-0.203123 -0.0125341 0)
(-0.197937 -0.0203285 0)
(-0.190199 -0.0286051 0)
(-0.179596 -0.0371492 0)
(-0.165782 -0.0454925 0)
(-0.148462 -0.0527739 0)
(-0.127618 -0.0577935 0)
(-0.103683 -0.0591159 0)
(-0.0777699 -0.0554994 0)
(-0.0518498 -0.0466312 0)
(-0.0287048 -0.0333917 0)
(-0.0106064 -0.0178847 0)
(0.00140765 -0.00249382 0)
(0.00694434 0.0105343 0)
(0.00570225 0.0168409 0)
(0.00151102 0.0145343 0)
(0.0015805 -0.0104153 0)
(0.00377975 -0.0103208 0)
(0.00341894 -0.00573569 0)
(0.000907141 2.88511e-05 0)
(-0.00395038 0.00565401 0)
(-0.0119229 0.0116034 0)
(-0.0238061 0.0185698 0)
(-0.0398238 0.0269952 0)
(-0.0597893 0.0367754 0)
(-0.0825306 0.0467014 0)
(-0.105929 0.0551781 0)
(-0.127956 0.0609055 0)
(-0.147095 0.0632735 0)
(-0.162852 0.0624141 0)
(-0.175223 0.0588452 0)
(-0.184641 0.0533422 0)
(-0.191765 0.0466459 0)
(-0.19716 0.0393559 0)
(-0.20121 0.0318389 0)
(-0.204143 0.0242808 0)
(-0.206132 0.0167159 0)
(-0.207366 0.00905903 0)
(-0.207739 0.00119648 0)
(-0.207065 -0.00705734 0)
(-0.205419 -0.0159371 0)
(-0.202694 -0.0256611 0)
(-0.198635 -0.036268 0)
(-0.192779 -0.0476663 0)
(-0.184442 -0.0594485 0)
(-0.1728 -0.0706705 0)
(-0.157058 -0.0797538 0)
(-0.136748 -0.0845979 0)
(-0.112075 -0.0831014 0)
(-0.084258 -0.0737745 0)
(-0.0560277 -0.0569236 0)
(-0.0313335 -0.0353866 0)
(-0.0131577 -0.0130773 0)
(-0.00216608 0.00642166 0)
(0.00126202 0.0177846 0)
(0.000457037 0.0167725 0)
(0.0011401 -0.0123702 0)
(0.000965096 -0.0100199 0)
(-0.00218775 -0.00270125 0)
(-0.00762857 0.00545268 0)
(-0.0160399 0.0141925 0)
(-0.0282917 0.0239042 0)
(-0.0446577 0.0349856 0)
(-0.0649361 0.0473342 0)
(-0.0876478 0.0596003 0)
(-0.110525 0.0698917 0)
(-0.131405 0.0766498 0)
(-0.148871 0.0792873 0)
(-0.162491 0.0780157 0)
(-0.172508 0.073654 0)
(-0.179538 0.0671443 0)
(-0.184364 0.059398 0)
(-0.187605 0.0510658 0)
(-0.189695 0.0425594 0)
(-0.19092 0.0341037 0)
(-0.191479 0.0257837 0)
(-0.191512 0.0175746 0)
(-0.191008 0.0093815 0)
(-0.190233 0.00103349 0)
(-0.189453 -0.00766393 0)
(-0.188578 -0.0169566 0)
(-0.187707 -0.0271926 0)
(-0.186817 -0.0386983 0)
(-0.185549 -0.0516415 0)
(-0.18334 -0.0658967 0)
(-0.17918 -0.0807622 0)
(-0.17161 -0.0946953 0)
(-0.158953 -0.105207 0)
(-0.13995 -0.10908 0)
(-0.114487 -0.103328 0)
(-0.0842105 -0.0865546 0)
(-0.053264 -0.0604681 0)
(-0.0272682 -0.0306158 0)
(-0.00940672 -0.00327768 0)
(-0.00131222 0.0145545 0)
(0.000293672 0.0168522 0)
(-2.70827e-05 -0.0124492 0)
(-0.0029249 -0.00668071 0)
(-0.00890397 0.00319033 0)
(-0.0173881 0.0142696 0)
(-0.0294109 0.0265596 0)
(-0.0453027 0.0402172 0)
(-0.0649154 0.0550614 0)
(-0.086863 0.069698 0)
(-0.108808 0.0819781 0)
(-0.128478 0.0901112 0)
(-0.14443 0.0933323 0)
(-0.156185 0.0919483 0)
(-0.164101 0.0869802 0)
(-0.168944 0.0795952 0)
(-0.171559 0.0708667 0)
(-0.17263 0.0615404 0)
(-0.172631 0.0520904 0)
(-0.17191 0.0427837 0)
(-0.170714 0.0337557 0)
(-0.169223 0.0250443 0)
(-0.167584 0.016613 0)
(-0.166022 0.00838477 0)
(-0.164607 0.000194484 0)
(-0.163369 -0.00819575 0)
(-0.162433 -0.0170848 0)
(-0.162012 -0.0268141 0)
(-0.162305 -0.0378267 0)
(-0.163381 -0.0505709 0)
(-0.165105 -0.0653613 0)
(-0.166858 -0.0821131 0)
(-0.167293 -0.0999025 0)
(-0.164209 -0.116494 0)
(-0.154836 -0.128144 0)
(-0.136861 -0.130198 0)
(-0.109898 -0.118672 0)
(-0.0766456 -0.0926471 0)
(-0.043374 -0.0563648 0)
(-0.0174036 -0.0194416 0)
(-0.00326669 0.00775229 0)
(0.000481908 0.0160615 0)
(-0.00168959 -0.00965434 0)
(-0.0072563 -0.000469715 0)
(-0.0158682 0.0120561 0)
(-0.0273356 0.0262342 0)
(-0.0423673 0.0421357 0)
(-0.0608151 0.0593413 0)
(-0.0815601 0.0763695 0)
(-0.102444 0.0909675 0)
(-0.121158 0.101019 0)
(-0.136016 0.105406 0)
(-0.146434 0.104361 0)
(-0.152795 0.0990466 0)
(-0.155998 0.0909435 0)
(-0.156976 0.0813037 0)
(-0.156503 0.0710359 0)
(-0.155145 0.0606965 0)
(-0.153306 0.0506129 0)
(-0.151269 0.0409533 0)
(-0.149204 0.0317766 0)
(-0.147189 0.0230608 0)
(-0.145257 0.0147226 0)
(-0.143401 0.00662512 0)
(-0.141587 -0.00139979 0)
(-0.139862 -0.0095103 0)
(-0.138372 -0.0179093 0)
(-0.137322 -0.0268709 0)
(-0.137013 -0.0367909 0)
(-0.137852 -0.0482017 0)
(-0.140187 -0.0617239 0)
(-0.144097 -0.077913 0)
(-0.149012 -0.0968417 0)
(-0.153247 -0.117392 0)
(-0.153744 -0.13646 0)
(-0.146478 -0.148652 0)
(-0.128085 -0.147359 0)
(-0.0983797 -0.127655 0)
(-0.0620563 -0.0900463 0)
(-0.0283702 -0.0435693 0)
(-0.00598823 -0.00355018 0)
(0.000509317 0.0144814 0)
(-0.00345665 -0.00427315 0)
(-0.0114472 0.00849283 0)
(-0.0223487 0.0235263 0)
(-0.0363566 0.0408007 0)
(-0.0534489 0.0599541 0)
(-0.0727926 0.0793052 0)
(-0.0925965 0.0965019 0)
(-0.110635 0.109098 0)
(-0.124968 0.115445 0)
(-0.134725 0.115404 0)
(-0.140235 0.110235 0)
(-0.142478 0.101695 0)
(-0.14251 0.0913434 0)
(-0.141217 0.0802834 0)
(-0.139264 0.0692129 0)
(-0.1371 0.0585148 0)
(-0.135009 0.0483653 0)
(-0.133116 0.0388002 0)
(-0.131426 0.0297678 0)
(-0.129862 0.021166 0)
(-0.128324 0.0128703 0)
(-0.126691 0.00474679 0)
(-0.124908 -0.00331297 0)
(-0.122998 -0.0114022 0)
(-0.121046 -0.0196306 0)
(-0.119199 -0.0281571 0)
(-0.117721 -0.0372244 0)
(-0.117067 -0.047234 0)
(-0.117812 -0.058812 0)
(-0.120579 -0.0728285 0)
(-0.12572 -0.0901912 0)
(-0.132746 -0.111225 0)
(-0.139566 -0.134537 0)
(-0.142067 -0.15573 0)
(-0.134853 -0.167062 0)
(-0.113898 -0.159474 0)
(-0.0802696 -0.127603 0)
(-0.0419233 -0.0755068 0)
(-0.0110398 -0.0205744 0)
(2.09564e-05 0.0113848 0)
(-0.00475662 0.00393794 0)
(-0.0148712 0.0197407 0)
(-0.0277424 0.0371072 0)
(-0.0435112 0.0571931 0)
(-0.061383 0.0784483 0)
(-0.0800695 0.0983007 0)
(-0.0976209 0.113993 0)
(-0.11195 0.123212 0)
(-0.121761 0.125113 0)
(-0.127137 0.120788 0)
(-0.129089 0.112273 0)
(-0.128784 0.101484 0)
(-0.12723 0.0898265 0)
(-0.125186 0.0781769 0)
(-0.123149 0.0670048 0)
(-0.121389 0.0564924 0)
(-0.119992 0.0466404 0)
(-0.118903 0.0373467 0)
(-0.117991 0.0284745 0)
(-0.117097 0.0198885 0)
(-0.116074 0.0114731 0)
(-0.114808 0.00314382 0)
(-0.113245 -0.00515068 0)
(-0.111384 -0.0134549 0)
(-0.109262 -0.0218182 0)
(-0.106972 -0.0303088 0)
(-0.104692 -0.0390359 0)
(-0.102744 -0.0482161 0)
(-0.101615 -0.0582679 0)
(-0.102015 -0.0699471 0)
(-0.104803 -0.0844384 0)
(-0.110604 -0.103119 0)
(-0.118956 -0.126589 0)
(-0.127156 -0.152835 0)
(-0.129726 -0.175278 0)
(-0.119943 -0.182724 0)
(-0.094122 -0.163412 0)
(-0.0562328 -0.113387 0)
(-0.0188909 -0.0455863 0)
(-0.000495451 0.00482908 0)
(-0.00574182 0.0143606 0)
(-0.0174493 0.0326899 0)
(-0.0316319 0.0522142 0)
(-0.0480866 0.0742103 0)
(-0.0655794 0.0962713 0)
(-0.0826128 0.11529 0)
(-0.0972416 0.128212 0)
(-0.107721 0.133221 0)
(-0.113656 0.130719 0)
(-0.115919 0.122874 0)
(-0.115772 0.112019 0)
(-0.114338 0.0999518 0)
(-0.11248 0.0878265 0)
(-0.110748 0.076245 0)
(-0.10942 0.0654234 0)
(-0.108559 0.055337 0)
(-0.10808 0.0458385 0)
(-0.107819 0.0367479 0)
(-0.107599 0.0279051 0)
(-0.107261 0.0191901 0)
(-0.10667 0.0105243 0)
(-0.105737 0.00186982 0)
(-0.104418 -0.00678544 0)
(-0.102698 -0.0154483 0)
(-0.100595 -0.0241244 0)
(-0.0981668 -0.0328224 0)
(-0.0955303 -0.0415709 0)
(-0.0928844 -0.0504587 0)
(-0.0905469 -0.0597042 0)
(-0.0890356 -0.0697863 0)
(-0.0891572 -0.0816637 0)
(-0.0919771 -0.0969547 0)
(-0.0983271 -0.117604 0)
(-0.107564 -0.14431 0)
(-0.115936 -0.173553 0)
(-0.116195 -0.194924 0)
(-0.100735 -0.192364 0)
(-0.0681935 -0.15243 0)
(-0.0285497 -0.0784875 0)
(-0.00113063 -0.00567129 0)
(-0.0062055 0.0259047 0)
(-0.0189599 0.046797 0)
(-0.0336574 0.0678853 0)
(-0.0498918 0.0908014 0)
(-0.0661872 0.112655 0)
(-0.0810358 0.129738 0)
(-0.0925367 0.139045 0)
(-0.0996363 0.139682 0)
(-0.102766 0.133435 0)
(-0.103201 0.123038 0)
(-0.10217 0.110796 0)
(-0.100643 0.098257 0)
(-0.0992574 0.0862594 0)
(-0.0983266 0.0751097 0)
(-0.097921 0.0647876 0)
(-0.0979492 0.0551113 0)
(-0.0982413 0.045856 0)
(-0.0986129 0.0368254 0)
(-0.0988988 0.0278772 0)
(-0.0989656 0.0189239 0)
(-0.098705 0.00992386 0)
(-0.0980471 0.000872983 0)
(-0.0969507 -0.00821278 0)
(-0.0953995 -0.0173102 0)
(-0.0934039 -0.0263904 0)
(-0.0910029 -0.0354223 0)
(-0.0882795 -0.0443866 0)
(-0.0853582 -0.0533 0)
(-0.0824349 -0.0622555 0)
(-0.079832 -0.0715106 0)
(-0.0781015 -0.0816805 0)
(-0.0781619 -0.0940665 0)
(-0.0812782 -0.110918 0)
(-0.0883612 -0.134793 0)
(-0.098137 -0.165819 0)
(-0.104999 -0.197034 0)
(-0.0996257 -0.211578 0)
(-0.0755577 -0.187879 0)
(-0.0379657 -0.116042 0)
(-0.00381713 -0.0202887 0)
(-0.00620131 0.0380637 0)
(-0.019342 0.061305 0)
(-0.0338187 0.0832929 0)
(-0.0491356 0.106316 0)
(-0.0637562 0.127101 0)
(-0.0761956 0.141502 0)
(-0.0848173 0.146834 0)
(-0.089326 0.143543 0)
(-0.0907359 0.134427 0)
(-0.0903643 0.122388 0)
(-0.0892824 0.109525 0)
(-0.0882401 0.0970612 0)
(-0.0876294 0.0854993 0)
(-0.0875601 0.0748799 0)
(-0.0879609 0.0650084 0)
(-0.0886717 0.0556186 0)
(-0.0895125 0.0464682 0)
(-0.0903195 0.0373775 0)
(-0.0909566 0.0282322 0)
(-0.0913156 0.0189752 0)
(-0.0913085 0.00959371 0)
(-0.0908751 0.000107718 0)
(-0.0899789 -0.00944428 0)
(-0.0886039 -0.0190132 0)
(-0.0867554 -0.0285422 0)
(-0.0844645 -0.0379714 0)
(-0.0817911 -0.0472506 0)
(-0.0788241 -0.0563554 0)
(-0.0756936 -0.0653097 0)
(-0.0725979 -0.0742401 0)
(-0.0698716 -0.0835039 0)
(-0.0681278 -0.0939762 0)
(-0.0684458 -0.107535 0)
(-0.0722957 -0.12733 0)
(-0.0803873 -0.15629 0)
(-0.0898898 -0.192175 0)
(-0.092248 -0.220962 0)
(-0.07735 -0.216329 0)
(-0.0447149 -0.154218 0)
(-0.00875274 -0.0428598 0)
(-0.00581786 0.0502031 0)
(-0.0187149 0.0755091 0)
(-0.0323496 0.0978051 0)
(-0.0462608 0.120293 0)
(-0.0589917 0.139426 0)
(-0.0690482 0.150735 0)
(-0.0752957 0.152236 0)
(-0.0780645 0.145743 0)
(-0.0786158 0.13461 0)
(-0.0781182 0.121662 0)
(-0.0774342 0.108702 0)
(-0.0770759 0.0965988 0)
(-0.0772287 0.0855538 0)
(-0.0778661 0.0754075 0)
(-0.0788536 0.065865 0)
(-0.0800252 0.0566327 0)
(-0.0812236 0.0474795 0)
(-0.0823147 0.0382501 0)
(-0.083189 0.0288561 0)
(-0.0837574 0.0192625 0)
(-0.0839451 0.0094775 0)
(-0.0837003 -0.000458886 0)
(-0.0829903 -0.0104895 0)
(-0.0817997 -0.0205437 0)
(-0.080129 -0.0305415 0)
(-0.0780011 -0.0404002 0)
(-0.07546 -0.0500458 0)
(-0.072574 -0.0594255 0)
(-0.0694389 -0.0685251 0)
(-0.0661899 -0.0774026 0)
(-0.0630353 -0.0862653 0)
(-0.0603475 -0.0956673 0)
(-0.0588552 -0.106961 0)
(-0.0598729 -0.122984 0)
(-0.0650088 -0.147983 0)
(-0.0740209 -0.184013 0)
(-0.0808751 -0.222397 0)
(-0.0741352 -0.236552 0)
(-0.0481365 -0.190236 0)
(-0.0131649 -0.0700254 0)
(-0.00512225 0.0616415 0)
(-0.0172377 0.0888062 0)
(-0.029598 0.110989 0)
(-0.0418175 0.132503 0)
(-0.0525837 0.14964 0)
(-0.06049 0.157787 0)
(-0.0649385 0.155954 0)
(-0.0666805 0.14703 0)
(-0.0669465 0.134592 0)
(-0.0666919 0.121255 0)
(-0.0665574 0.10849 0)
(-0.0668466 0.0968366 0)
(-0.0676025 0.0862598 0)
(-0.0687329 0.0764737 0)
(-0.0700949 0.0671398 0)
(-0.0715428 0.0579658 0)
(-0.0729494 0.04874 0)
(-0.0742077 0.0393285 0)
(-0.0752288 0.0296619 0)
(-0.075938 0.0197225 0)
(-0.0762724 0.00953397 0)
(-0.0761874 -0.000847579 0)
(-0.0756557 -0.0113485 0)
(-0.0746621 -0.0218819 0)
(-0.0732019 -0.0323495 0)
(-0.0712886 -0.0426505 0)
(-0.0689511 -0.0526904 0)
(-0.0662401 -0.0623934 0)
(-0.0632297 -0.0717183 0)
(-0.0600222 -0.0806835 0)
(-0.0567621 -0.0894177 0)
(-0.0536829 -0.0982828 0)
(-0.0512352 -0.108207 0)
(-0.0503534 -0.121414 0)
(-0.052681 -0.142236 0)
(-0.0595496 -0.175553 0)
(-0.0679159 -0.218678 0)
(-0.067246 -0.248783 0)
(-0.0482856 -0.221731 0)
(-0.0164261 -0.100445 0)
(-0.00419994 0.0718534 0)
(-0.0151088 0.100776 0)
(-0.0259125 0.122571 0)
(-0.0362967 0.142845 0)
(-0.0451418 0.157882 0)
(-0.0512288 0.163108 0)
(-0.0544029 0.158578 0)
(-0.0556168 0.147914 0)
(-0.0559182 0.134706 0)
(-0.0560419 0.121302 0)
(-0.0564248 0.108851 0)
(-0.057214 0.0976198 0)
(-0.058375 0.0874117 0)
(-0.0597989 0.0778734 0)
(-0.0613577 0.0686527 0)
(-0.0629345 0.0594698 0)
(-0.0644295 0.0501312 0)
(-0.0657575 0.0405186 0)
(-0.0668461 0.0305764 0)
(-0.067634 0.0203003 0)
(-0.0680704 0.00972723 0)
(-0.0681192 -0.00107365 0)
(-0.067759 -0.0120165 0)
(-0.0669761 -0.0230028 0)
(-0.0657613 -0.0339218 0)
(-0.0641166 -0.0446594 0)
(-0.062055 -0.0551045 0)
(-0.0596081 -0.0651601 0)
(-0.0568299 -0.0747603 0)
(-0.0538013 -0.083895 0)
(-0.0506349 -0.0926477 0)
(-0.0474944 -0.101276 0)
(-0.0446643 -0.110435 0)
(-0.0427439 -0.121778 0)
(-0.0430278 -0.139098 0)
(-0.0473942 -0.168529 0)
(-0.0552276 -0.212533 0)
(-0.0582994 -0.254497 0)
(-0.0458075 -0.247465 0)
(-0.0182086 -0.131929 0)
(-0.00313889 0.0804721 0)
(-0.0125271 0.111106 0)
(-0.0216067 0.13239 0)
(-0.030119 0.151332 0)
(-0.0371585 0.164362 0)
(-0.0417518 0.167108 0)
(-0.044061 0.160528 0)
(-0.0450457 0.14869 0)
(-0.0455181 0.13508 0)
(-0.0460093 0.121777 0)
(-0.0467888 0.10965 0)
(-0.0479024 0.0987628 0)
(-0.0492855 0.0888193 0)
(-0.050835 0.0794346 0)
(-0.0524475 0.070258 0)
(-0.0540338 0.0610243 0)
(-0.0555166 0.051553 0)
(-0.056829 0.0417371 0)
(-0.057914 0.031532 0)
(-0.0587235 0.0209447 0)
(-0.0592196 0.0100232 0)
(-0.0593767 -0.00115288 0)
(-0.0591801 -0.0124892 0)
(-0.0586188 -0.0238811 0)
(-0.057681 -0.0352125 0)
(-0.0563561 -0.0463619 0)
(-0.054641 -0.057206 0)
(-0.0525457 -0.0676283 0)
(-0.0501024 -0.0775378 0)
(-0.0473719 -0.0868958 0)
(-0.0444461 -0.0957532 0)
(-0.0414541 -0.104309 0)
(-0.0385927 -0.113059 0)
(-0.0362421 -0.123243 0)
(-0.0353094 -0.137962 0)
(-0.0375918 -0.163497 0)
(-0.0439459 -0.205976 0)
(-0.0487625 -0.255637 0)
(-0.0416368 -0.267052 0)
(-0.0186256 -0.162821 0)
(-0.00200873 0.0872512 0)
(-0.00966204 0.1196 0)
(-0.0169186 0.140362 0)
(-0.0236088 0.158065 0)
(-0.0289915 0.169311 0)
(-0.0323534 0.170104 0)
(-0.0340776 0.162067 0)
(-0.0349794 0.149495 0)
(-0.0356405 0.135718 0)
(-0.0364147 0.122581 0)
(-0.0374448 0.11073 0)
(-0.0387208 0.100094 0)
(-0.0401722 0.0903227 0)
(-0.0417124 0.0810177 0)
(-0.0432642 0.0718378 0)
(-0.0447619 0.0625288 0)
(-0.0461478 0.0529194 0)
(-0.0473718 0.0429111 0)
(-0.0483922 0.0324685 0)
(-0.0491748 0.021609 0)
(-0.0496946 0.0103901 0)
(-0.0499371 -0.00110118 0)
(-0.049895 -0.0127655 0)
(-0.0495609 -0.0244976 0)
(-0.048922 -0.0361829 0)
(-0.0479567 -0.0476993 0)
(-0.0466471 -0.0589173 0)
(-0.0449816 -0.0697042 0)
(-0.0429684 -0.0799429 0)
(-0.0406456 -0.0895637 0)
(-0.0380867 -0.0985847 0)
(-0.0354002 -0.107165 0)
(-0.0327402 -0.11571 0)
(-0.0303662 -0.125193 0)
(-0.0288858 -0.138101 0)
(-0.0297456 -0.160261 0)
(-0.0344845 -0.200067 0)
(-0.0397094 -0.2541 0)
(-0.0366595 -0.280886 0)
(-0.0178849 -0.191857 0)
(-0.000860916 0.0920606 0)
(-0.00664716 0.126153 0)
(-0.0120495 0.146511 0)
(-0.0170243 0.163168 0)
(-0.0208214 0.172863 0)
(-0.0231844 0.172337 0)
(-0.0244836 0.163342 0)
(-0.0253507 0.150356 0)
(-0.026155 0.136555 0)
(-0.0271025 0.123587 0)
(-0.0282467 0.111943 0)
(-0.0295503 0.101471 0)
(-0.030948 0.091793 0)
(-0.032374 0.0825122 0)
(-0.0337749 0.0732967 0)
(-0.0351057 0.0639007 0)
(-0.0363267 0.0541591 0)
(-0.0374045 0.0439803 0)
(-0.0383133 0.0333371 0)
(-0.0390327 0.0222558 0)
(-0.03955 0.0108018 0)
(-0.0398611 -0.000933454 0)
(-0.0399651 -0.0128493 0)
(-0.0398585 -0.0248438 0)
(-0.0395286 -0.0368097 0)
(-0.0389457 -0.0486309 0)
(-0.0380808 -0.060178 0)
(-0.0369036 -0.0713076 0)
(-0.0353988 -0.0818783 0)
(-0.0335805 -0.0917862 0)
(-0.0315003 -0.101013 0)
(-0.0292493 -0.10968 0)
(-0.0269575 -0.118135 0)
(-0.0248264 -0.127192 0)
(-0.0232806 -0.138877 0)
(-0.0233655 -0.158326 0)
(-0.0268075 -0.195123 0)
(-0.0317851 -0.251362 0)
(-0.0314557 -0.289785 0)
(-0.0162044 -0.218408 0)
(0.000267902 0.0948352 0)
(-0.00356987 0.130723 0)
(-0.00713752 0.150904 0)
(-0.0104697 0.16669 0)
(-0.012801 0.175188 0)
(-0.0143039 0.173932 0)
(-0.0152411 0.164423 0)
(-0.0160611 0.151259 0)
(-0.0169366 0.137505 0)
(-0.0179521 0.124675 0)
(-0.0190987 0.113164 0)
(-0.020326 0.102777 0)
(-0.0215789 0.0931304 0)
(-0.0228126 0.0838325 0)
(-0.0239949 0.0745607 0)
(-0.0250997 0.0650751 0)
(-0.0261058 0.0552163 0)
(-0.0269968 0.0448986 0)
(-0.0277625 0.0341012 0)
(-0.0283964 0.0228577 0)
(-0.0288957 0.0112386 0)
(-0.0292653 -0.000662714 0)
(-0.0295089 -0.0127477 0)
(-0.0296264 -0.0249208 0)
(-0.029605 -0.0370859 0)
(-0.0294106 -0.0491375 0)
(-0.0290073 -0.0609523 0)
(-0.0283516 -0.0723827 0)
(-0.0274091 -0.0832671 0)
(-0.0261705 -0.0934682 0)
(-0.024664 -0.102926 0)
(-0.0229608 -0.111725 0)
(-0.021173 -0.120164 0)
(-0.0194691 -0.128944 0)
(-0.0181848 -0.139778 0)
(-0.0180406 -0.157183 0)
(-0.0206553 -0.19098 0)
(-0.0252604 -0.248299 0)
(-0.026437 -0.294827 0)
(-0.0138677 -0.24221 0)
(0.00134409 0.0955544 0)
(-0.000498934 0.133327 0)
(-0.00226992 0.153604 0)
(-0.00400686 0.168667 0)
(-0.00502506 0.176473 0)
(-0.00571046 0.174919 0)
(-0.00628068 0.165291 0)
(-0.00701069 0.152144 0)
(-0.00788098 0.138483 0)
(-0.00887815 0.125752 0)
(-0.00994446 0.114304 0)
(-0.0110217 0.103934 0)
(-0.0120669 0.094265 0)
(-0.0130543 0.084917 0)
(-0.0139713 0.0755759 0)
(-0.0148107 0.0660074 0)
(-0.0155699 0.0560563 0)
(-0.0162494 0.0456406 0)
(-0.0168545 0.0347441 0)
(-0.0173919 0.0234049 0)
(-0.0178664 0.0116959 0)
(-0.018289 -0.000291357 0)
(-0.0186671 -0.0124629 0)
(-0.0190024 -0.024731 0)
(-0.019282 -0.0370121 0)
(-0.0194696 -0.0492145 0)
(-0.0195268 -0.0612248 0)
(-0.0194025 -0.0728975 0)
(-0.0190495 -0.0840558 0)
(-0.0184409 -0.0945336 0)
(-0.017582 -0.10423 0)
(-0.0165215 -0.113185 0)
(-0.0153508 -0.121649 0)
(-0.0142112 -0.130238 0)
(-0.0133968 -0.140438 0)
(-0.0134034 -0.156266 0)
(-0.0156815 -0.187431 0)
(-0.0200421 -0.245199 0)
(-0.0220498 -0.298092 0)
(-0.011388 -0.26207 0)
(0.00236551 0.0942422 0)
(0.00252584 0.133994 0)
(0.00249516 0.154678 0)
(0.00227767 0.169205 0)
(0.00247707 0.17679 0)
(0.00262936 0.175265 0)
(0.00247065 0.165915 0)
(0.00187951 0.152936 0)
(0.00108655 0.139412 0)
(0.000174644 0.126746 0)
(-0.000753691 0.115299 0)
(-0.00163277 0.104888 0)
(-0.00243161 0.0951525 0)
(-0.00314116 0.085729 0)
(-0.00376662 0.0763122 0)
(-0.00431973 0.0666731 0)
(-0.00481603 0.0566597 0)
(-0.00527302 0.0461925 0)
(-0.00571051 0.0352573 0)
(-0.00614771 0.0238929 0)
(-0.00659513 0.012171 0)
(-0.00706801 0.000177686 0)
(-0.00757543 -0.0119997 0)
(-0.00811935 -0.0242822 0)
(-0.0086873 -0.0365991 0)
(-0.00924282 -0.0488723 0)
(-0.00974808 -0.0610011 0)
(-0.0101481 -0.0728448 0)
(-0.0103901 -0.0842185 0)
(-0.0104376 -0.0949325 0)
(-0.0102769 -0.104849 0)
(-0.00993419 -0.113964 0)
(-0.00947577 -0.122483 0)
(-0.0090123 -0.130946 0)
(-0.00881549 -0.140652 0)
(-0.00920287 -0.155226 0)
(-0.0115496 -0.184094 0)
(-0.0158673 -0.241874 0)
(-0.0185108 -0.300456 0)
(-0.00928538 -0.278462 0)
(0.00330979 0.0909868 0)
(0.00547765 0.132737 0)
(0.00713435 0.154173 0)
(0.00833255 0.16844 0)
(0.0097167 0.176076 0)
(0.0107188 0.174915 0)
(0.0110523 0.166274 0)
(0.0106766 0.15358 0)
(0.0100177 0.140227 0)
(0.00924056 0.127601 0)
(0.00848817 0.116107 0)
(0.00783379 0.105605 0)
(0.00730004 0.0957672 0)
(0.0068815 0.0862485 0)
(0.00655627 0.0767542 0)
(0.00629488 0.0670606 0)
(0.00606436 0.0570184 0)
(0.0058307 0.0465487 0)
(0.00556065 0.0356363 0)
(0.0052239 0.0243169 0)
(0.00480435 0.0126572 0)
(0.00428482 0.000735169 0)
(0.00365541 -0.0113703 0)
(0.00291436 -0.0235904 0)
(0.00207449 -0.0358658 0)
(0.00116973 -0.0481318 0)
(0.000236044 -0.0602994 0)
(-0.000672411 -0.0722333 0)
(-0.00150282 -0.0837499 0)
(-0.00221458 -0.0946391 0)
(-0.00278152 -0.104732 0)
(-0.00320875 -0.11399 0)
(-0.00353753 -0.122574 0)
(-0.00384213 -0.130951 0)
(-0.00437479 -0.140267 0)
(-0.00528565 -0.153807 0)
(-0.00801985 -0.18068 0)
(-0.0124286 -0.238105 0)
(-0.0158232 -0.302321 0)
(-0.00771339 -0.292029 0)
(0.00415611 0.0858514 0)
(0.00830742 0.129598 0)
(0.011599 0.15215 0)
(0.0141313 0.166434 0)
(0.0166486 0.174336 0)
(0.0185678 0.17387 0)
(0.0194674 0.166204 0)
(0.0194293 0.154032 0)
(0.0189527 0.140888 0)
(0.0183446 0.128283 0)
(0.0177893 0.116701 0)
(0.0173694 0.106069 0)
(0.0171029 0.0960991 0)
(0.0169728 0.0864699 0)
(0.0169422 0.0768991 0)
(0.0169656 0.0671694 0)
(0.0169934 0.057133 0)
(0.0169767 0.0467099 0)
(0.01687 0.0358809 0)
(0.0166332 0.0246744 0)
(0.0162442 0.0131488 0)
(0.0156847 0.00137182 0)
(0.0149443 -0.0105886 0)
(0.0140217 -0.0226729 0)
(0.012929 -0.034832 0)
(0.0116962 -0.0470134 0)
(0.0103587 -0.0591393 0)
(0.00896175 -0.071081 0)
(0.00755488 -0.0826569 0)
(0.00618131 -0.0936442 0)
(0.00487209 -0.103852 0)
(0.00363859 -0.113211 0)
(0.00246651 -0.121848 0)
(0.00131748 -0.130164 0)
(-3.69225e-05 -0.139164 0)
(-0.00156467 -0.151831 0)
(-0.00494369 -0.176988 0)
(-0.00947329 -0.233737 0)
(-0.0138606 -0.303693 0)
(-0.00663117 -0.303491 0)
(0.0048322 0.0789397 0)
(0.0109268 0.12465 0)
(0.0158185 0.148662 0)
(0.0196282 0.163248 0)
(0.0232271 0.17153 0)
(0.0260971 0.172114 0)
(0.0277026 0.165547 0)
(0.0281359 0.1542 0)
(0.0279184 0.141356 0)
(0.0275111 0.128773 0)
(0.0271624 0.117077 0)
(0.0269731 0.106282 0)
(0.0269625 0.0961544 0)
(0.0271053 0.0864018 0)
(0.0273524 0.0767569 0)
(0.0276437 0.0670087 0)
(0.0279148 0.0570108 0)
(0.0281039 0.0466801 0)
(0.0281542 0.0359902 0)
(0.0280175 0.024959 0)
(0.0276648 0.0136335 0)
(0.0270761 0.00207023 0)
(0.0262397 -0.00967545 0)
(0.0251542 -0.0215531 0)
(0.0238303 -0.0335224 0)
(0.0222931 -0.0455419 0)
(0.0205745 -0.0575436 0)
(0.0187115 -0.0694077 0)
(0.0167459 -0.0809508 0)
(0.0147175 -0.091946 0)
(0.0126587 -0.102187 0)
(0.0105953 -0.111588 0)
(0.00853676 -0.120249 0)
(0.00648045 -0.128513 0)
(0.00422847 -0.137252 0)
(0.00199882 -0.149159 0)
(-0.00223362 -0.172845 0)
(-0.00681677 -0.228688 0)
(-0.0124716 -0.304464 0)
(-0.00590041 -0.313451 0)
(0.00525088 0.0705162 0)
(0.0132071 0.117915 0)
(0.0196906 0.143715 0)
(0.0247504 0.15895 0)
(0.0293734 0.167728 0)
(0.0332238 0.16946 0)
(0.0356789 0.164227 0)
(0.0367371 0.153937 0)
(0.036901 0.141555 0)
(0.0367498 0.129045 0)
(0.03662 0.117234 0)
(0.0366535 0.106258 0)
(0.0368809 0.0959547 0)
(0.0372738 0.086069 0)
(0.037774 0.076352 0)
(0.0383097 0.0666009 0)
(0.0388046 0.05667 0)
(0.0391851 0.0464716 0)
(0.0393849 0.0359697 0)
(0.0393481 0.0251698 0)
(0.0390384 0.0141049 0)
(0.0384335 0.00281846 0)
(0.0375185 -0.00864689 0)
(0.0362906 -0.0202506 0)
(0.034758 -0.0319605 0)
(0.0329413 -0.0437435 0)
(0.0308655 -0.0555393 0)
(0.0285575 -0.0672343 0)
(0.0260491 -0.0786465 0)
(0.0233734 -0.0895484 0)
(0.0205616 -0.0997286 0)
(0.017651 -0.109095 0)
(0.0146735 -0.11773 0)
(0.0116635 -0.125936 0)
(0.0084608 -0.134455 0)
(0.00541905 -0.145722 0)
(0.000173281 -0.168092 0)
(-0.0043684 -0.223099 0)
(-0.0115668 -0.304277 0)
(-0.00532186 -0.322452 0)
(0.00535356 0.0609709 0)
(0.0149772 0.109453 0)
(0.0230463 0.137293 0)
(0.0293729 0.153575 0)
(0.0349809 0.162937 0)
(0.0398258 0.165821 0)
(0.0432639 0.162088 0)
(0.0451269 0.153086 0)
(0.0458393 0.141388 0)
(0.0460411 0.129063 0)
(0.0461674 0.117168 0)
(0.0464258 0.106011 0)
(0.046876 0.0955228 0)
(0.0474959 0.0854982 0)
(0.0482229 0.075712 0)
(0.0489774 0.0659713 0)
(0.0496742 0.0561313 0)
(0.05023 0.0460989 0)
(0.0505704 0.0358273 0)
(0.0506323 0.0253079 0)
(0.0503724 0.014558 0)
(0.0497645 0.00360652 0)
(0.0487895 -0.00751663 0)
(0.0474409 -0.0187823 0)
(0.0457232 -0.0301654 0)
(0.0436502 -0.0416383 0)
(0.0412379 -0.0531452 0)
(0.038502 -0.0645765 0)
(0.0354616 -0.0757539 0)
(0.0321405 -0.0864511 0)
(0.0285698 -0.0964649 0)
(0.0247966 -0.105708 0)
(0.0208743 -0.114258 0)
(0.0168695 -0.122381 0)
(0.0126535 -0.130718 0)
(0.00875418 -0.141458 0)
(0.0023727 -0.162657 0)
(-0.00208526 -0.216908 0)
(-0.0109846 -0.303083 0)
(-0.00486544 -0.33081 0)
(0.00509562 0.050762 0)
(0.0160606 0.0994055 0)
(0.0256773 0.12941 0)
(0.0333175 0.147077 0)
(0.0399154 0.157178 0)
(0.0457437 0.161147 0)
(0.0502632 0.158966 0)
(0.0531291 0.151453 0)
(0.0546059 0.140694 0)
(0.0553187 0.128739 0)
(0.0557876 0.11685 0)
(0.0563036 0.105542 0)
(0.0569779 0.0948747 0)
(0.0578104 0.0847124 0)
(0.0587431 0.0748619 0)
(0.0596935 0.0651431 0)
(0.060571 0.0554138 0)
(0.0612858 0.0455745 0)
(0.061757 0.0355677 0)
(0.0619156 0.0253699 0)
(0.0617109 0.0149817 0)
(0.0611118 0.00441677 0)
(0.0600941 -0.00630722 0)
(0.0586455 -0.0171725 0)
(0.0567637 -0.0281608 0)
(0.0544536 -0.0392464 0)
(0.0517203 -0.0503762 0)
(0.0485654 -0.0614423 0)
(0.0449942 -0.0722722 0)
(0.0410213 -0.0826497 0)
(0.0366781 -0.0923855 0)
(0.032024 -0.101407 0)
(0.0271342 -0.109798 0)
(0.0221 -0.117806 0)
(0.0168178 -0.125975 0)
(0.0120116 -0.136272 0)
(0.00440386 -0.156503 0)
(0.000125354 -0.21017 0)
(-0.0106907 -0.300821 0)
(-0.00444938 -0.338768 0)
(0.0044902 0.0404388 0)
(0.0163439 0.0880498 0)
(0.0273588 0.120038 0)
(0.036356 0.139401 0)
(0.0439951 0.150454 0)
(0.0507913 0.15543 0)
(0.0564361 0.154719 0)
(0.0604883 0.148817 0)
(0.0629855 0.139254 0)
(0.0644396 0.127914 0)
(0.0654119 0.116195 0)
(0.0662762 0.104819 0)
(0.0672136 0.094009 0)
(0.0682673 0.0837245 0)
(0.0693991 0.0738211 0)
(0.0705315 0.0641369 0)
(0.0715738 0.0545347 0)
(0.0724341 0.0449111 0)
(0.0730271 0.0351972 0)
(0.0732789 0.0253548 0)
(0.0731327 0.0153686 0)
(0.0725509 0.00523648 0)
(0.0715029 -0.00503561 0)
(0.0699692 -0.0154398 0)
(0.0679376 -0.0259638 0)
(0.0654013 -0.0365818 0)
(0.0623519 -0.0472402 0)
(0.0587752 -0.0578324 0)
(0.0546629 -0.0681946 0)
(0.0500209 -0.0781277 0)
(0.0448838 -0.0874685 0)
(0.0393276 -0.0961705 0)
(0.0334476 -0.104326 0)
(0.0273525 -0.112169 0)
(0.0209606 -0.120178 0)
(0.0152175 -0.130103 0)
(0.00626158 -0.149523 0)
(0.00231117 -0.202908 0)
(-0.0106388 -0.297454 0)
(-0.00401064 -0.346494 0)
(0.0036221 0.0305761 0)
(0.0157715 0.07583 0)
(0.0278678 0.109247 0)
(0.0382235 0.130485 0)
(0.0469831 0.142726 0)
(0.0547496 0.148665 0)
(0.0615218 0.14926 0)
(0.066887 0.144955 0)
(0.070667 0.136797 0)
(0.0731581 0.126352 0)
(0.0748803 0.115037 0)
(0.0762666 0.103747 0)
(0.0775725 0.0928824 0)
(0.078902 0.0825226 0)
(0.0802558 0.072593 0)
(0.0815764 0.0629645 0)
(0.0827807 0.053508 0)
(0.0837798 0.0441196 0)
(0.0844883 0.0347225 0)
(0.0848296 0.0252647 0)
(0.0847415 0.0157156 0)
(0.0841797 0.00605884 0)
(0.0831056 -0.003711 0)
(0.0814909 -0.0135939 0)
(0.0793124 -0.0235805 0)
(0.0765466 -0.0336453 0)
(0.0731699 -0.0437306 0)
(0.069153 -0.0537327 0)
(0.0644753 -0.0635005 0)
(0.0591366 -0.0728615 0)
(0.05318 -0.0816904 0)
(0.0466995 -0.0899745 0)
(0.0398055 -0.0978148 0)
(0.0326179 -0.105437 0)
(0.0250781 -0.113281 0)
(0.0183663 -0.122915 0)
(0.00795008 -0.141747 0)
(0.00457114 -0.195092 0)
(-0.0108021 -0.29293 0)
(-0.00347683 -0.354088 0)
(0.00263197 0.0216496 0)
(0.0143575 0.0632985 0)
(0.0270779 0.0972704 0)
(0.0386708 0.120313 0)
(0.0485933 0.133945 0)
(0.0573595 0.140847 0)
(0.0652403 0.142553 0)
(0.0719682 0.139694 0)
(0.0772412 0.13303 0)
(0.0810997 0.123743 0)
(0.0839043 0.113121 0)
(0.0860832 0.102148 0)
(0.0879531 0.0913825 0)
(0.0896862 0.0810435 0)
(0.0913384 0.0711464 0)
(0.0928895 0.0616121 0)
(0.0942776 0.0523323 0)
(0.0954243 0.0432052 0)
(0.0962495 0.0341494 0)
(0.0966775 0.0251041 0)
(0.0966435 0.016026 0)
(0.096096 0.00688619 0)
(0.0949879 -0.00233032 0)
(0.0932803 -0.0116294 0)
(0.0909383 -0.021002 0)
(0.0879213 -0.0304204 0)
(0.0841874 -0.0398235 0)
(0.0796954 -0.0491136 0)
(0.0744161 -0.0581581 0)
(0.0683482 -0.066821 0)
(0.0615488 -0.0750258 0)
(0.0541258 -0.0827961 0)
(0.0461925 -0.0902337 0)
(0.0378881 -0.0975743 0)
(0.0291769 -0.105255 0)
(0.0214554 -0.114683 0)
(0.0094757 -0.133193 0)
(0.00704862 -0.186626 0)
(-0.0111258 -0.287287 0)
(-0.00273886 -0.361629 0)
(0.00167049 0.014125 0)
(0.0122396 0.051092 0)
(0.0249975 0.08453 0)
(0.0374593 0.108955 0)
(0.0485155 0.124068 0)
(0.0583341 0.131977 0)
(0.0673071 0.134607 0)
(0.0753876 0.132951 0)
(0.0822593 0.127699 0)
(0.0877638 0.119734 0)
(0.0920257 0.110097 0)
(0.0953617 0.0997346 0)
(0.0980958 0.0893037 0)
(0.100456 0.0791517 0)
(0.10256 0.0693976 0)
(0.104442 0.0600302 0)
(0.106075 0.050978 0)
(0.107405 0.0421536 0)
(0.108364 0.0334756 0)
(0.108882 0.0248777 0)
(0.108896 0.0163091 0)
(0.108349 0.00773181 0)
(0.107185 -0.000876965 0)
(0.105355 -0.0095229 0)
(0.102812 -0.0181978 0)
(0.0995008 -0.0268702 0)
(0.0953628 -0.0354781 0)
(0.0903499 -0.0439339 0)
(0.0844301 -0.0521313 0)
(0.0776086 -0.0599793 0)
(0.0699587 -0.0674568 0)
(0.0615822 -0.0746121 0)
(0.0525926 -0.081559 0)
(0.0431729 -0.0885657 0)
(0.0332662 -0.0960582 0)
(0.0244792 -0.105399 0)
(0.0108967 -0.123948 0)
(0.00983123 -0.177664 0)
(-0.0115304 -0.280468 0)
(-0.00163425 -0.369271 0)
(0.000850941 0.00817193 0)
(0.00962292 0.0398608 0)
(0.021737 0.0717031 0)
(0.0344645 0.0967092 0)
(0.0464517 0.113077 0)
(0.057362 0.122024 0)
(0.0674489 0.125445 0)
(0.0768368 0.124719 0)
(0.0853062 0.120667 0)
(0.0925973 0.114019 0)
(0.0986282 0.105578 0)
(0.103515 0.0961349 0)
(0.107497 0.0863386 0)
(0.11081 0.0766178 0)
(0.113619 0.0671887 0)
(0.116011 0.058118 0)
(0.118012 0.0493853 0)
(0.119602 0.0409312 0)
(0.120738 0.0326861 0)
(0.121363 0.0245861 0)
(0.121424 0.016578 0)
(0.120858 0.00861945 0)
(0.119609 0.000684807 0)
(0.117616 -0.00723078 0)
(0.114819 -0.0151174 0)
(0.111155 -0.02294 0)
(0.106564 -0.0306435 0)
(0.100991 -0.0381528 0)
(0.0944104 -0.0453948 0)
(0.0868427 -0.0523296 0)
(0.0783615 -0.0589838 0)
(0.0690474 -0.0654191 0)
(0.0590277 -0.0717906 0)
(0.0484926 -0.0783898 0)
(0.0373603 -0.0856456 0)
(0.0274558 -0.0950363 0)
(0.0123408 -0.114113 0)
(0.0129615 -0.168439 0)
(-0.0119981 -0.272378 0)
(-1.07178e-05 -0.377204 0)
(0.000354211 0.0041603 0)
(0.00669206 0.0300271 0)
(0.017453 0.0595731 0)
(0.0297004 0.0841086 0)
(0.0421651 0.101111 0)
(0.0541013 0.110928 0)
(0.0653873 0.115071 0)
(0.0760816 0.11505 0)
(0.0860882 0.111924 0)
(0.0951504 0.10643 0)
(0.103069 0.09922 0)
(0.109791 0.0909161 0)
(0.115392 0.0820654 0)
(0.120032 0.0730861 0)
(0.123878 0.0642452 0)
(0.127051 0.0556771 0)
(0.12962 0.0474201 0)
(0.131611 0.0394553 0)
(0.133014 0.0317368 0)
(0.133797 0.0242139 0)
(0.133922 0.0168388 0)
(0.133332 0.00957271 0)
(0.131971 0.00239417 0)
(0.129773 -0.00470181 0)
(0.126675 -0.0117041 0)
(0.122616 -0.01858 0)
(0.117542 -0.02528 0)
(0.111409 -0.0317539 0)
(0.104203 -0.0379606 0)
(0.0959514 -0.0439109 0)
(0.0867107 -0.0496451 0)
(0.0765361 -0.0552635 0)
(0.0655557 -0.0609569 0)
(0.0539344 -0.0670337 0)
(0.0415942 -0.0739908 0)
(0.0305306 -0.0835678 0)
(0.0140435 -0.103703 0)
(0.0165721 -0.159082 0)
(-0.0125889 -0.262798 0)
(0.00219566 -0.38512 0)
(-0.000102008 0.00143046 0)
(0.00363422 0.0224458 0)
(0.0121634 0.0489692 0)
(0.0232111 0.071868 0)
(0.0355589 0.0885685 0)
(0.0482826 0.0987109 0)
(0.0608277 0.103399 0)
(0.0729393 0.103978 0)
(0.0844682 0.10159 0)
(0.0952154 0.0970554 0)
(0.104954 0.0909804 0)
(0.113537 0.0838728 0)
(0.120929 0.0761645 0)
(0.127178 0.0682028 0)
(0.132377 0.0602431 0)
(0.136632 0.0524449 0)
(0.140031 0.0448869 0)
(0.142628 0.037591 0)
(0.144449 0.0305435 0)
(0.145493 0.0237173 0)
(0.145741 0.0170802 0)
(0.145157 0.0106051 0)
(0.143691 0.00427852 0)
(0.141288 -0.0019037 0)
(0.137893 -0.00792873 0)
(0.133462 -0.013773 0)
(0.127953 -0.0194026 0)
(0.121345 -0.0247866 0)
(0.113638 -0.0299155 0)
(0.104845 -0.0348185 0)
(0.0949953 -0.0395519 0)
(0.0841287 -0.044254 0)
(0.0723447 -0.0491466 0)
(0.0597888 -0.0545764 0)
(0.0463999 -0.0612037 0)
(0.034324 -0.0711419 0)
(0.016967 -0.0928487 0)
(0.0211793 -0.149443 0)
(-0.0130204 -0.250874 0)
(0.00531097 -0.391445 0)
(-0.000849357 2.538e-05 0)
(2.3994e-06 0.0177969 0)
(0.00560282 0.0404665 0)
(0.0149185 0.0606249 0)
(0.0266824 0.0758267 0)
(0.0398418 0.0855104 0)
(0.0535279 0.0903219 0)
(0.0671428 0.0913469 0)
(0.0802913 0.0896138 0)
(0.0927006 0.0859395 0)
(0.10415 0.080903 0)
(0.114477 0.0749495 0)
(0.123591 0.0684352 0)
(0.131471 0.0616468 0)
(0.138144 0.0547968 0)
(0.143666 0.0480298 0)
(0.148102 0.0414326 0)
(0.15151 0.0350474 0)
(0.153929 0.0288854 0)
(0.155385 0.0229402 0)
(0.155877 0.0172 0)
(0.155396 0.0116525 0)
(0.153918 0.00629101 0)
(0.151415 0.00111583 0)
(0.147856 -0.00386124 0)
(0.143211 -0.00862524 0)
(0.137461 -0.0131549 0)
(0.130596 -0.0174321 0)
(0.12262 -0.0214611 0)
(0.113541 -0.0252681 0)
(0.103367 -0.0289311 0)
(0.0921175 -0.0326081 0)
(0.0798648 -0.036578 0)
(0.0667682 -0.041267 0)
(0.0527898 -0.0476761 0)
(0.0403433 -0.0584501 0)
(0.0230915 -0.0824018 0)
(0.0286433 -0.140054 0)
(-0.0113546 -0.235736 0)
(0.0105005 -0.394362 0)
(-0.00238226 0.00292956 0)
(-0.00487393 0.0173566 0)
(-0.00259823 0.0350342 0)
(0.00460774 0.0511219 0)
(0.0156106 0.0634046 0)
(0.0290017 0.0715562 0)
(0.0437136 0.0758472 0)
(0.0588052 0.0770121 0)
(0.0735981 0.07585 0)
(0.087686 0.0730355 0)
(0.100788 0.0690569 0)
(0.112719 0.0642891 0)
(0.123387 0.0590344 0)
(0.132742 0.0535274 0)
(0.140784 0.0479419 0)
(0.14754 0.0423972 0)
(0.153052 0.0369701 0)
(0.157366 0.0317051 0)
(0.160523 0.0266235 0)
(0.162556 0.0217346 0)
(0.163481 0.0170409 0)
(0.163309 0.0125418 0)
(0.162044 0.00823959 0)
(0.159683 0.00414022 0)
(0.156221 0.000250408 0)
(0.15166 -0.00341492 0)
(0.145998 -0.00683994 0)
(0.13924 -0.0100129 0)
(0.131395 -0.0129418 0)
(0.122475 -0.0156576 0)
(0.112506 -0.0182463 0)
(0.101517 -0.0208771 0)
(0.0895152 -0.0238738 0)
(0.0766912 -0.0278568 0)
(0.0630695 -0.0342805 0)
(0.0512988 -0.0465274 0)
(0.0349227 -0.0735669 0)
(0.0425741 -0.131627 0)
(-0.00452091 -0.218794 0)
(0.0195659 -0.395824 0)
(-0.006012 0.0036382 0)
(-0.0142092 0.0151557 0)
(-0.0140363 0.0296578 0)
(-0.00833196 0.0420214 0)
(0.00225494 0.0510797 0)
(0.0161663 0.0569443 0)
(0.0318949 0.0601977 0)
(0.0484395 0.0612355 0)
(0.064868 0.0605799 0)
(0.0805946 0.0586533 0)
(0.0953056 0.055805 0)
(0.108777 0.0523038 0)
(0.120892 0.0483837 0)
(0.131607 0.0442285 0)
(0.140912 0.0399817 0)
(0.148828 0.0357496 0)
(0.155393 0.0315998 0)
(0.160652 0.0275711 0)
(0.164648 0.0236889 0)
(0.167408 0.0199644 0)
(0.16897 0.0164077 0)
(0.169363 0.013026 0)
(0.16861 0.00982641 0)
(0.166735 0.00681818 0)
(0.163763 0.00401159 0)
(0.159719 0.00142079 0)
(0.154638 -0.000942517 0)
(0.148563 -0.00307446 0)
(0.141552 -0.00498527 0)
(0.133661 -0.00671234 0)
(0.12495 -0.00834962 0)
(0.115489 -0.0100706 0)
(0.105284 -0.0122214 0)
(0.0945237 -0.0156142 0)
(0.0830505 -0.0220039 0)
(0.072834 -0.035584 0)
(0.057461 -0.0650024 0)
(0.0673325 -0.120015 0)
(0.00520939 -0.200496 0)
(0.0337587 -0.399836 0)
(-0.0119271 0.0316059 0)
(-0.0243938 0.0375742 0)
(-0.0273185 0.038886 0)
(-0.0232735 0.0400475 0)
(-0.013314 0.0418982 0)
(0.00109658 0.0438259 0)
(0.0181721 0.0451083 0)
(0.0362236 0.045558 0)
(0.0543458 0.0451567 0)
(0.0717921 0.0439623 0)
(0.0881658 0.0421295 0)
(0.103257 0.0398332 0)
(0.116934 0.0372153 0)
(0.129144 0.0344016 0)
(0.139881 0.0315004 0)
(0.149204 0.0285602 0)
(0.157153 0.0256577 0)
(0.163768 0.0228544 0)
(0.169097 0.0201836 0)
(0.17319 0.0176636 0)
(0.176101 0.0153004 0)
(0.17788 0.0130962 0)
(0.178578 0.0110523 0)
(0.178252 0.0091715 0)
(0.176961 0.00745472 0)
(0.174769 0.00590325 0)
(0.171747 0.00451742 0)
(0.167982 0.00328654 0)
(0.163562 0.00218629 0)
(0.158582 0.00117148 0)
(0.15312 0.000151583 0)
(0.147248 -0.0010477 0)
(0.140989 -0.00279901 0)
(0.134474 -0.00586951 0)
(0.127046 -0.0118634 0)
(0.120135 -0.0243802 0)
(0.103995 -0.049503 0)
(0.107865 -0.0930479 0)
(0.0095382 -0.169701 0)
(0.0599139 -0.391315 0)
(-0.0171393 0.0159453 0)
(-0.0355947 0.00386183 0)
(-0.0305649 0.00660819 0)
(-0.0188154 0.0123665 0)
(-0.00442251 0.0161739 0)
(0.0127608 0.0184216 0)
(0.0310825 0.020221 0)
(0.0498825 0.0216703 0)
(0.0686932 0.0226141 0)
(0.0870796 0.0229849 0)
(0.104703 0.0228179 0)
(0.121331 0.0222244 0)
(0.136813 0.0213151 0)
(0.151062 0.0201837 0)
(0.164044 0.0189032 0)
(0.175732 0.0175629 0)
(0.186153 0.016205 0)
(0.195362 0.0148565 0)
(0.203423 0.0135393 0)
(0.210411 0.0122703 0)
(0.216398 0.0110605 0)
(0.221457 0.00991771 0)
(0.225661 0.00884763 0)
(0.229081 0.007854 0)
(0.231789 0.00693919 0)
(0.23386 0.00610255 0)
(0.235366 0.00534134 0)
(0.236378 0.00464626 0)
(0.236956 0.00399962 0)
(0.237154 0.00336508 0)
(0.236986 0.00267625 0)
(0.236465 0.00180092 0)
(0.235342 0.000497764 0)
(0.233326 -0.00164444 0)
(0.229042 -0.00534068 0)
(0.221896 -0.0119595 0)
(0.201158 -0.0231161 0)
(0.184382 -0.0440647 0)
(0.0344159 -0.106699 0)
(0.142549 -0.314855 0)
(0.0538847 0.114944 0)
(0.0780669 0.0923485 0)
(0.104779 0.05727 0)
(0.128191 0.0350847 0)
(0.146064 0.0230053 0)
(0.161362 0.0163208 0)
(0.176319 0.0125235 0)
(0.191629 0.0103231 0)
(0.207284 0.00905765 0)
(0.223089 0.00833985 0)
(0.238814 0.00791807 0)
(0.254229 0.00763614 0)
(0.269133 0.00740326 0)
(0.283375 0.00717111 0)
(0.296845 0.00691723 0)
(0.309472 0.00663329 0)
(0.32122 0.00631949 0)
(0.332078 0.00598178 0)
(0.342053 0.0056279 0)
(0.351165 0.00526483 0)
(0.359444 0.00489845 0)
(0.366928 0.00453363 0)
(0.373657 0.00417422 0)
(0.379676 0.00382325 0)
(0.385032 0.00348253 0)
(0.38977 0.00315331 0)
(0.393937 0.00283568 0)
(0.397575 0.00252875 0)
(0.40072 0.00222812 0)
(0.403386 0.00192543 0)
(0.405558 0.00159739 0)
(0.407148 0.00120557 0)
(0.407949 0.000681715 0)
(0.407688 -5.82491e-05 0)
(0.40513 -0.00117005 0)
(0.400608 -0.00271356 0)
(0.386225 -0.00456231 0)
(0.378552 -0.00650857 0)
(0.27902 -0.0171129 0)
(0.453019 -0.126701 0)
)
;

boundaryField
{
    movingWall
    {
        type            fixedValue;
        value           uniform (1 0 0);
    }
    fixedWalls
    {
        type            noSlip;
    }
    frontAndBack
    {
        type            empty;
    }
}


// ************************************************************************* //
