/*--------------------------------*- C++ -*----------------------------------*\
| =========                 |                                                 |
| \\      /  F ield         | OpenFOAM: The Open Source CFD Toolbox           |
|  \\    /   O peration     | Version:  2412                                  |
|   \\  /    A nd           | Website:  www.openfoam.com                      |
|    \\/     M anipulation  |                                                 |
\*---------------------------------------------------------------------------*/
FoamFile
{
    version     2.0;
    format      ascii;
    arch        "LSB;label=32;scalar=64";
    class       volScalarField;
    location    "2";
    object      k;
}
// * * * * * * * * * * * * * * * * * * * * * * * * * * * * * * * * * * * * * //

dimensions      [0 2 -2 0 0 0 0];

internalField   nonuniform List<scalar> 
1600
(
3.74939e-05
4.77683e-05
6.00263e-05
7.53996e-05
9.80515e-05
0.000123218
0.000150036
0.000178715
0.000210071
0.000245252
0.00028565
0.000332746
0.000387706
0.000451576
0.000525028
0.000607849
0.000698238
0.000792226
0.000883803
0.000965753
0.00103119
0.00106659
0.00107878
0.00106856
0.00102632
0.000963712
0.000882068
0.000784194
0.0006747
0.000559282
0.000443161
0.000333887
0.000240125
0.000180099
0.000156152
0.000138804
0.000119101
9.4239e-05
6.64509e-05
4.68037e-05
4.99098e-05
7.1978e-05
9.87121e-05
0.000123328
0.000145677
0.000165831
0.000185172
0.000204769
0.000225652
0.000248796
0.000274771
0.000305796
0.000343013
0.000387601
0.000440406
0.000501309
0.000568887
0.000640301
0.00071162
0.00077915
0.000840116
0.000891545
0.000934549
0.000970064
0.000997477
0.00101099
0.00101487
0.000995618
0.000944595
0.00086477
0.000755933
0.000625726
0.000491648
0.000367495
0.000268681
0.000198233
0.00014867
0.000110249
7.74208e-05
6.19801e-05
6.72699e-05
0.000109572
0.000152887
0.000189204
0.000218907
0.000242543
0.000261397
0.000278019
0.000295427
0.000316354
0.000343355
0.000377363
0.00042012
0.000473256
0.000537883
0.000613453
0.000698818
0.000791618
0.00088781
0.000984205
0.00107813
0.0011667
0.00124763
0.00131823
0.00137702
0.00141996
0.00144105
0.00144637
0.00141488
0.00133779
0.00121437
0.00103652
0.000839801
0.000629338
0.000441607
0.000300592
0.000208202
0.000147705
0.000102737
8.55813e-05
9.41448e-05
0.000153048
0.00021122
0.000258111
0.000295796
0.000325442
0.000348948
0.000369667
0.000391801
0.000419469
0.000456178
0.000504638
0.00056701
0.000644222
0.000735606
0.000839198
0.000950531
0.00106357
0.00117246
0.00127193
0.00135912
0.00143229
0.00149104
0.00153658
0.00157116
0.00160184
0.00162689
0.00164044
0.00164505
0.00162989
0.00158366
0.00147797
0.00128322
0.00100565
0.00071549
0.000462849
0.00028928
0.000188827
0.000127313
0.000109463
0.000132816
0.000199779
0.000270982
0.000326922
0.000371302
0.000406337
0.000434851
0.000461164
0.000490687
0.000528892
0.000580359
0.000648197
0.000733513
0.000834987
0.00094883
0.001069
0.00118724
0.00129403
0.00138168
0.00144298
0.00147874
0.00149935
0.00151122
0.00152096
0.00152905
0.00154531
0.00157407
0.0016089
0.00164749
0.00167616
0.0016887
0.00167216
0.00162071
0.00145711
0.00112669
0.000751243
0.000434998
0.000246255
0.000152406
0.00013244
0.000178858
0.000247283
0.000329871
0.000393581
0.000443485
0.00048321
0.000516742
0.000549519
0.00058818
0.00063938
0.000708264
0.00079712
0.00090463
0.00102565
0.00115118
0.00126875
0.00135999
0.00140061
0.00141315
0.00141341
0.00139108
0.00134147
0.00128226
0.0012462
0.00123099
0.00122871
0.00125844
0.00130687
0.001384
0.00148375
0.00160054
0.00168231
0.00171591
0.00170483
0.00157762
0.00119246
0.000714533
0.000353057
0.000186141
0.000156054
0.000230586
0.000293616
0.000386007
0.000456461
0.00051112
0.000555254
0.000594217
0.000634694
0.000684524
0.000751217
0.000839611
0.000949542
0.00107474
0.00120299
0.00131643
0.00137277
0.0013881
0.00137722
0.00132971
0.0012435
0.00113278
0.00106285
0.00103125
0.00102039
0.00102038
0.00104128
0.00107069
0.00110678
0.00115563
0.00122039
0.00131658
0.0014713
0.00165477
0.00174952
0.00177199
0.00165035
0.00116442
0.000570405
0.000251079
0.000184249
0.000286626
0.00033734
0.000437948
0.00051442
0.000573567
0.000622354
0.000667582
0.00071721
0.0007801
0.000863921
0.000971535
0.00109771
0.00122877
0.00133554
0.0013785
0.00138168
0.00134469
0.00125881
0.00111249
0.00100175
0.000951283
0.000933341
0.000931706
0.000950457
0.000976494
0.00100385
0.00103426
0.00106681
0.00110453
0.00114911
0.00120342
0.00128185
0.00140707
0.0016353
0.00179478
0.00183729
0.00167439
0.00098238
0.000390682
0.000224041
0.000345701
0.000377471
0.000484707
0.000566688
0.000630463
0.000684514
0.00073701
0.000797054
0.000874078
0.000974715
0.00109775
0.00123095
0.00134168
0.00138436
0.00138403
0.00133305
0.00121407
0.00104012
0.000939958
0.000899524
0.000890737
0.000903716
0.000934059
0.000962703
0.000995443
0.00102614
0.00105616
0.00108602
0.00111629
0.00114976
0.0011901
0.00124111
0.00131273
0.00142914
0.00166012
0.00186097
0.00190249
0.00154364
0.000644084
0.000284717
0.000406626
0.000413375
0.000525712
0.000612804
0.000681554
0.000741556
0.000802162
0.000873301
0.000964242
0.00107908
0.0012104
0.00133472
0.0013908
0.00139602
0.00134385
0.00121199
0.00102323
0.000912029
0.000872084
0.000865368
0.000885596
0.000918693
0.000956445
0.000992175
0.0010265
0.00106013
0.00109427
0.00112918
0.00116501
0.0012003
0.00123383
0.00126486
0.00130287
0.00137256
0.00149908
0.00176494
0.00195619
0.00194614
0.00106299
0.000380987
0.000467498
0.000445363
0.000560706
0.000652557
0.000726567
0.00079304
0.00086219
0.000944301
0.00104765
0.00117264
0.00130476
0.00138946
0.00141023
0.00137209
0.00124915
0.00105249
0.000908425
0.000855971
0.000845962
0.00086234
0.000898372
0.000938129
0.000972535
0.00100586
0.00103869
0.00107244
0.00110815
0.0011464
0.00118704
0.00123054
0.00127763
0.00132719
0.001366
0.00138272
0.0014586
0.00162014
0.0019578
0.00211176
0.00167077
0.000546004
0.000527524
0.000473219
0.000589662
0.000685833
0.00076518
0.000838325
0.000915929
0.00100806
0.00112112
0.00125137
0.00136901
0.00141375
0.00140473
0.00131478
0.00112767
0.000933477
0.000851804
0.00083129
0.000835832
0.000869315
0.0009088
0.000942025
0.000973039
0.00100377
0.00103525
0.0010698
0.00110803
0.00114943
0.00119369
0.00124149
0.00129418
0.00135273
0.0014203
0.00147666
0.00149464
0.00158069
0.00182559
0.00217762
0.00218224
0.000940026
0.000585933
0.000496757
0.00061267
0.000712586
0.000797074
0.000876715
0.000962197
0.00106288
0.00118277
0.00131291
0.00140413
0.00142684
0.00138361
0.00123338
0.00101792
0.000869933
0.00082238
0.000815944
0.000835344
0.000872457
0.000906138
0.000933571
0.000957301
0.000980585
0.00100778
0.00104161
0.00108338
0.00113262
0.00118694
0.00124312
0.00130047
0.00136368
0.00143643
0.0015245
0.00160051
0.00162914
0.00177145
0.0022182
0.00250067
0.00157793
0.000641691
0.000515991
0.000629922
0.000732864
0.000822018
0.000907621
0.000999998
0.00110735
0.00123081
0.00135596
0.00142138
0.00142502
0.00134338
0.00115796
0.000938104
0.000832668
0.000804962
0.00080596
0.000833531
0.000868038
0.000893581
0.000909744
0.000921926
0.000935778
0.000956006
0.00098689
0.00103122
0.00108892
0.00115679
0.00122926
0.001301
0.00137121
0.00144581
0.00153973
0.00165271
0.00173889
0.00178404
0.00215791
0.00279433
0.0024694
0.000693747
0.000531022
0.0006417
0.000746836
0.00083994
0.00093068
0.00102871
0.00114082
0.00126575
0.00138201
0.00142968
0.00141792
0.00130113
0.00109275
0.000889825
0.000809129
0.00079118
0.000798268
0.000827876
0.000855126
0.000867419
0.000871557
0.000872483
0.000875559
0.000886649
0.000912424
0.000957546
0.00102305
0.00110544
0.001197
0.00128865
0.00137435
0.00145862
0.00155273
0.00167769
0.00181241
0.00189837
0.00211581
0.00301987
0.003422
0.000741065
0.000542084
0.000648438
0.000754814
0.000850965
0.000945828
0.00104819
0.00116347
0.00128838
0.00139498
0.0014324
0.00140509
0.00126824
0.00104948
0.0008621
0.000792997
0.000779403
0.000789276
0.000815875
0.000830914
0.000833843
0.000827904
0.000816663
0.000810673
0.000811189
0.000829882
0.000873267
0.000944315
0.00104033
0.00115198
0.0012665
0.0013735
0.00147109
0.00157003
0.00169583
0.00185789
0.00198053
0.00213334
0.00310136
0.00429776
0.00078258
0.000549054
0.000649706
0.000756531
0.000855059
0.000953271
0.00105891
0.00117591
0.00129901
0.00139824
0.00143118
0.00139325
0.00124469
0.00102286
0.000844718
0.000780444
0.000768036
0.00077767
0.000797373
0.00080409
0.000800181
0.000785072
0.000764607
0.000748508
0.000742791
0.000752739
0.000791632
0.000864641
0.000971393
0.00110188
0.00123942
0.00136916
0.00148333
0.00159115
0.00171882
0.00189822
0.00208676
0.00223714
0.003134
0.005052
0.000817379
0.000552705
0.000647865
0.000754261
0.000853312
0.000952448
0.00105904
0.00117605
0.0012976
0.00139566
0.00142849
0.00138814
0.00124231
0.00102516
0.000844297
0.000771386
0.000756806
0.000763233
0.000776239
0.000778522
0.000769161
0.000748599
0.00072272
0.000699535
0.000689071
0.000691874
0.000724494
0.000795735
0.000909274
0.00105585
0.00121584
0.00136768
0.0014986
0.00161588
0.00174367
0.00192288
0.00214087
0.00230311
0.00315419
0.00567676
0.000844388
0.000552322
0.000642884
0.000748245
0.000847633
0.000947551
0.00105456
0.00117107
0.00129089
0.0013888
0.00142481
0.00138921
0.00124896
0.0010379
0.00085166
0.000769096
0.000745718
0.000747463
0.000755326
0.000754939
0.000743025
0.000720777
0.00069349
0.000667812
0.00065348
0.000652907
0.000679283
0.00074542
0.000862348
0.00102405
0.00120499
0.00137361
0.00152086
0.00164733
0.00177687
0.00195836
0.00221291
0.0024106
0.00317128
0.00618444
0.000862997
0.000550338
0.000634262
0.000737953
0.00083679
0.000936829
0.00104357
0.00115884
0.00127649
0.00137585
0.00141965
0.00139317
0.00126618
0.00106648
0.000872561
0.000773342
0.00073697
0.000731753
0.000735611
0.000733689
0.00072178
0.000700789
0.000675185
0.000650975
0.000635669
0.000635059
0.000657812
0.000719951
0.000838833
0.00101055
0.00120355
0.00139147
0.00155263
0.00168575
0.00181347
0.00198772
0.00225545
0.00248996
0.00320285
0.0065941
0.000870133
0.000546078
0.000623251
0.00072485
0.000822399
0.000921146
0.00102621
0.00113933
0.0012553
0.00135687
0.00141266
0.00140045
0.0012978
0.00111363
0.000916306
0.000789611
0.000738072
0.000719011
0.000717072
0.000713969
0.00070403
0.000685951
0.000663828
0.000642791
0.000629222
0.00062997
0.00065076
0.000710764
0.000831242
0.00100949
0.00121952
0.00142297
0.00159483
0.00173185
0.00185559
0.00202222
0.00230359
0.00258448
0.00325295
0.00692394
0.000867238
0.000539405
0.000609909
0.000709507
0.000805315
0.000902105
0.00100476
0.00111509
0.00122911
0.00133299
0.00140093
0.00140628
0.00133455
0.00117633
0.000982229
0.000827715
0.00074955
0.000718664
0.000704316
0.00069711
0.000688018
0.000673709
0.000656065
0.000639129
0.000628776
0.000631534
0.000652701
0.000713533
0.000841419
0.0010329
0.00125516
0.00146858
0.00164639
0.0017834
0.00189949
0.00205249
0.00233455
0.00266422
0.00333679
0.00720428
0.00085724
0.000530603
0.000594756
0.000692432
0.00078632
0.000880743
0.000980397
0.00108737
0.00119893
0.00130451
0.00138334
0.00140834
0.00136779
0.00124992
0.00106948
0.000899076
0.000783385
0.000729144
0.000705143
0.000690463
0.000678433
0.000665731
0.000651991
0.000639455
0.000634481
0.000641264
0.000668916
0.000739099
0.000879106
0.00107933
0.00130818
0.00152581
0.00170447
0.00183745
0.00194275
0.0020792
0.00235337
0.00274197
0.00344855
0.0074565
0.000836931
0.000519621
0.000578205
0.000674089
0.000766076
0.000857947
0.000954252
0.0010574
0.00116585
0.00127196
0.00135982
0.00140603
0.00139219
0.00132061
0.0011736
0.00100361
0.000858086
0.00076624
0.000720511
0.000696441
0.000680613
0.000667285
0.000655032
0.000646598
0.000648291
0.000661573
0.000700325
0.000786864
0.000939221
0.00114542
0.00137493
0.00159022
0.00176426
0.00188928
0.00198087
0.00209597
0.00236012
0.00280489
0.00358934
0.00769543
0.00080898
0.000506537
0.000560566
0.000654871
0.000745123
0.00083447
0.000927315
0.00102634
0.00113105
0.00123625
0.00133036
0.0013959
0.00140796
0.00137386
0.00127856
0.00112985
0.000979364
0.000853434
0.000771263
0.000726062
0.000699456
0.000682247
0.000670592
0.000668945
0.000676487
0.000700703
0.000755749
0.000861667
0.00102248
0.00122781
0.0014499
0.00165568
0.00181967
0.00193333
0.00200698
0.00210234
0.00235664
0.00285181
0.00374878
0.00793156
0.000774869
0.000491075
0.000542168
0.000635126
0.000723907
0.000810936
0.000900443
0.00099525
0.00109575
0.00119866
0.00129582
0.00137356
0.00141148
0.00140581
0.00136117
0.00125969
0.00112694
0.000997088
0.000887346
0.000807548
0.00075922
0.000731544
0.000717787
0.000721202
0.000736789
0.000773563
0.000846701
0.000963009
0.00112402
0.00131896
0.00152505
0.00171474
0.00186395
0.00196087
0.00201751
0.00209816
0.00232806
0.00287458
0.00392637
0.00817059
0.000736154
0.000474052
0.000523169
0.000615138
0.000702801
0.000787872
0.000874368
0.000965121
0.00106119
0.00116075
0.00125835
0.00134429
0.00140499
0.00142688
0.0014133
0.00136427
0.0012705
0.00116082
0.00105392
0.000963291
0.000893506
0.000848092
0.000825073
0.000829316
0.00084831
0.000891417
0.000970379
0.00108482
0.00123358
0.00140808
0.00159082
0.00175663
0.0018861
0.00197087
0.00201693
0.00207516
0.00228357
0.00288234
0.0041153
0.00841672
0.000694621
0.000455649
0.000503796
0.000595142
0.000682127
0.000765741
0.000849735
0.000936829
0.00102856
0.00112411
0.00122006
0.00130987
0.00138475
0.00142852
0.0014434
0.00142904
0.00138489
0.00130923
0.00122415
0.00114224
0.00107241
0.00102123
0.00098925
0.000988771
0.00100286
0.00103997
0.00111034
0.00120932
0.00133542
0.00148272
0.00163394
0.00177421
0.00189131
0.00196483
0.00199351
0.00203189
0.0022167
0.00286333
0.00431344
0.00867188
0.000652188
0.00043633
0.00048448
0.000575441
0.000662221
0.000744992
0.000827157
0.00091121
0.00099897
0.00109031
0.00118319
0.00127331
0.0013543
0.00141797
0.00145303
0.0014643
0.00145275
0.001419
0.00136375
0.00130272
0.00124472
0.00119727
0.00116402
0.00115415
0.00116243
0.00118774
0.00123912
0.00131578
0.00141455
0.00152727
0.00165023
0.00177408
0.00187446
0.00193378
0.00194796
0.00196829
0.00212749
0.00280201
0.00451379
0.00893696
0.00061082
0.000416607
0.000465549
0.0005564
0.000643499
0.000726148
0.000807297
0.000889125
0.000973558
0.00106089
0.00115
0.0012381
0.00132077
0.0013925
0.00144579
0.00147608
0.0014867
0.00147915
0.00145638
0.00141888
0.0013776
0.00133927
0.00130891
0.00129167
0.00129312
0.00130542
0.00133574
0.00138741
0.00145527
0.00154172
0.00164347
0.00174617
0.00183125
0.00187892
0.00188118
0.0018852
0.00201939
0.00272028
0.00471015
0.009212
0.000572552
0.000397103
0.000447443
0.000538502
0.000626535
0.000709904
0.00079097
0.000871541
0.000953493
0.00103736
0.00112257
0.00120733
0.00128861
0.00136248
0.00142474
0.00146942
0.00149474
0.0015044
0.00149965
0.00148449
0.00145886
0.00143058
0.0014043
0.00138425
0.00137527
0.00137796
0.00139041
0.00141796
0.00146465
0.00152923
0.00160827
0.00169239
0.00176421
0.00180179
0.00179495
0.00178242
0.00188837
0.00259508
0.0048916
0.00949717
0.000539462
0.000378406
0.000430706
0.000522437
0.000612174
0.00069723
0.000779211
0.000859522
0.000939884
0.00102093
0.00110242
0.00118318
0.00126116
0.00133352
0.0013971
0.00144888
0.00148519
0.00150411
0.00150934
0.00150478
0.001492
0.00147147
0.00144866
0.00142734
0.00141118
0.00140353
0.00140582
0.00141752
0.00144431
0.00148874
0.00154835
0.00161609
0.00167619
0.0017049
0.00169067
0.00166204
0.00173816
0.00244871
0.00504898
0.00979187
0.000513784
0.000361388
0.00041621
0.000509273
0.000601653
0.000689359
0.00077307
0.000853851
0.000933199
0.00101179
0.00108961
0.00116592
0.00123927
0.00130767
0.00136873
0.00142011
0.00145997
0.00148671
0.00149815
0.0014969
0.00148902
0.00147239
0.00145103
0.00142862
0.00140843
0.00139329
0.00138573
0.00138783
0.00139948
0.0014263
0.001469
0.00152144
0.00157004
0.0015898
0.0015688
0.00152332
0.00156754
0.00227637
0.00514015
0.0100942
0.000497925
0.000346546
0.000405124
0.000500649
0.000596622
0.000687632
0.000773084
0.000853893
0.000931756
0.00100745
0.0010811
0.00115224
0.00121985
0.00128253
0.00133853
0.00138606
0.00142356
0.00144989
0.00146469
0.00146642
0.0014613
0.00144805
0.00142738
0.00140382
0.00137995
0.00135861
0.00134265
0.00133522
0.0013378
0.00134992
0.00137607
0.00141297
0.00144905
0.00145872
0.00143129
0.00136664
0.00138689
0.00210481
0.00517335
0.0104076
0.000495483
0.00033743
0.000400041
0.000498568
0.000597108
0.000689545
0.000774978
0.000854471
0.000929555
0.00100113
0.00106952
0.00113437
0.00119492
0.0012504
0.00129971
0.0013415
0.00137451
0.00139782
0.00141095
0.00141246
0.00140759
0.00139544
0.00137602
0.00135272
0.00132814
0.00130471
0.00128468
0.00127046
0.00126472
0.00126742
0.00127772
0.00129829
0.0013205
0.00131993
0.00129057
0.00122878
0.0012827
0.00201934
0.00516607
0.0107483
0.000508166
0.000336254
0.000400475
0.000500727
0.000599144
0.000689728
0.00077259
0.000848445
0.000918268
0.000983238
0.00104409
0.00110095
0.0011534
0.00120106
0.00124316
0.00127881
0.00130706
0.00132718
0.00133875
0.00134036
0.00133628
0.00132594
0.00130912
0.00128847
0.00126597
0.00124356
0.00122298
0.00120604
0.00119434
0.00119101
0.00119423
0.00120441
0.00122214
0.00122504
0.00120731
0.00116883
0.00125138
0.00200184
0.00517575
0.0111515
0.00052909
0.000340678
0.000402518
0.000500077
0.000594219
0.000679315
0.000754564
0.000821707
0.000882143
0.000937345
0.000988338
0.00103595
0.0010808
0.00112215
0.00115937
0.00119175
0.00121862
0.0012394
0.00125379
0.00126135
0.00126198
0.00125914
0.00125196
0.00124058
0.00122745
0.00121404
0.00120155
0.00119169
0.00118523
0.0011861
0.00119114
0.00120308
0.00122372
0.00124557
0.00126054
0.0012994
0.00149695
0.0024281
0.00568481
0.0116518
0.000672537
0.000384532
0.000456538
0.000555738
0.000648057
0.000731789
0.00080653
0.000873758
0.00093476
0.000991084
0.00104384
0.00109383
0.00114168
0.00118717
0.00122992
0.00126948
0.00130542
0.00133742
0.00136531
0.00138913
0.00140878
0.0014257
0.00144088
0.00145504
0.00146938
0.00148591
0.0015052
0.00153031
0.00156069
0.00160173
0.00165181
0.00171738
0.00179897
0.00189983
0.00203527
0.00221076
0.00258215
0.00369547
0.00670109
0.01239
0.00134186
0.00135004
0.00181158
0.00209923
0.0023081
0.00248238
0.00262631
0.00274917
0.0028527
0.00294189
0.00302157
0.00309463
0.00316294
0.00322775
0.00328994
0.0033502
0.00340913
0.00346739
0.00352555
0.00358443
0.00364465
0.0037072
0.00377238
0.0038421
0.00391576
0.00399652
0.00408186
0.00417751
0.0042773
0.00439228
0.00451002
0.00465179
0.0047973
0.00497963
0.0051932
0.0055351
0.00594683
0.00695926
0.0089848
0.0135811
0.00881944
0.0134547
0.0162023
0.0172645
0.0176673
0.0178215
0.0178172
0.0177711
0.0176665
0.0175258
0.0173714
0.01721
0.0170457
0.016881
0.0167179
0.0165574
0.0164004
0.0162478
0.0161001
0.0159578
0.0158214
0.0156912
0.0155674
0.0154503
0.0153397
0.0152361
0.0151387
0.0150483
0.0149641
0.0148871
0.0148172
0.0147571
0.0147095
0.0146821
0.0146847
0.0147004
0.0147634
0.0148891
0.0156811
0.0151364
)
;

boundaryField
{
    movingWall
    {
        type            kqRWallFunction;
        value           nonuniform List<scalar> 
40
(
0.00881944
0.0134547
0.0162023
0.0172645
0.0176673
0.0178215
0.0178172
0.0177711
0.0176665
0.0175258
0.0173714
0.01721
0.0170457
0.016881
0.0167179
0.0165574
0.0164004
0.0162478
0.0161001
0.0159578
0.0158214
0.0156912
0.0155674
0.0154503
0.0153397
0.0152361
0.0151387
0.0150483
0.0149641
0.0148871
0.0148172
0.0147571
0.0147095
0.0146821
0.0146847
0.0147004
0.0147634
0.0148891
0.0156811
0.0151364
)
;
    }
    fixedWalls
    {
        type            kqRWallFunction;
        value           nonuniform List<scalar> 
120
(
3.74939e-05
4.99098e-05
6.72699e-05
9.41448e-05
0.000132816
0.000178858
0.000230586
0.000286626
0.000345701
0.000406626
0.000467498
0.000527524
0.000585933
0.000641691
0.000693747
0.000741065
0.00078258
0.000817379
0.000844388
0.000862997
0.000870133
0.000867238
0.00085724
0.000836931
0.00080898
0.000774869
0.000736154
0.000694621
0.000652188
0.00061082
0.000572552
0.000539462
0.000513784
0.000497925
0.000495483
0.000508166
0.00052909
0.000672537
0.00134186
0.00881944
4.68037e-05
6.19801e-05
8.55813e-05
0.000109463
0.00013244
0.000156054
0.000184249
0.000224041
0.000284717
0.000380987
0.000546004
0.000940026
0.00157793
0.0024694
0.003422
0.00429776
0.005052
0.00567676
0.00618444
0.0065941
0.00692394
0.00720428
0.0074565
0.00769543
0.00793156
0.00817059
0.00841672
0.00867188
0.00893696
0.009212
0.00949717
0.00979187
0.0100942
0.0104076
0.0107483
0.0111515
0.0116518
0.01239
0.0135811
0.0151364
3.74939e-05
4.77683e-05
6.00263e-05
7.53996e-05
9.80515e-05
0.000123218
0.000150036
0.000178715
0.000210071
0.000245252
0.00028565
0.000332746
0.000387706
0.000451576
0.000525028
0.000607849
0.000698238
0.000792226
0.000883803
0.000965753
0.00103119
0.00106659
0.00107878
0.00106856
0.00102632
0.000963712
0.000882068
0.000784194
0.0006747
0.000559282
0.000443161
0.000333887
0.000240125
0.000180099
0.000156152
0.000138804
0.000119101
9.4239e-05
6.64509e-05
4.68037e-05
)
;
    }
    frontAndBack
    {
        type            empty;
    }
}


// ************************************************************************* //
