/*--------------------------------*- C++ -*----------------------------------*\
| =========                 |                                                 |
| \\      /  F ield         | OpenFOAM: The Open Source CFD Toolbox           |
|  \\    /   O peration     | Version:  2412                                  |
|   \\  /    A nd           | Website:  www.openfoam.com                      |
|    \\/     M anipulation  |                                                 |
\*---------------------------------------------------------------------------*/
FoamFile
{
    version     2.0;
    format      ascii;
    arch        "LSB;label=32;scalar=64";
    class       volScalarField;
    location    "2";
    object      nut;
}
// * * * * * * * * * * * * * * * * * * * * * * * * * * * * * * * * * * * * * //

dimensions      [0 2 -1 0 0 0 0];

internalField   nonuniform List<scalar> 
1600
(
1.71674e-06
1.93736e-06
2.17007e-06
2.42156e-06
2.76019e-06
3.09465e-06
3.41526e-06
3.72804e-06
4.04324e-06
4.37131e-06
4.7217e-06
5.10232e-06
5.51654e-06
5.96569e-06
6.4478e-06
6.95535e-06
7.47325e-06
7.97829e-06
8.44249e-06
8.83776e-06
9.14135e-06
9.30221e-06
9.35747e-06
9.31714e-06
9.13234e-06
8.85065e-06
8.46877e-06
7.98694e-06
7.40879e-06
6.74433e-06
5.99964e-06
5.19833e-06
4.3972e-06
3.80902e-06
3.54452e-06
3.33697e-06
3.08624e-06
2.73993e-06
2.29546e-06
1.92328e-06
1.98134e-06
4.76977e-06
6.94692e-06
7.90463e-06
8.2005e-06
8.23862e-06
8.221e-06
8.19874e-06
8.20143e-06
8.24397e-06
8.31115e-06
8.48139e-06
8.76756e-06
9.18624e-06
9.75535e-06
1.04861e-05
1.13857e-05
1.24575e-05
1.36976e-05
1.51071e-05
1.67518e-05
1.84979e-05
2.01987e-05
2.17269e-05
2.28398e-05
2.36663e-05
2.45638e-05
2.50198e-05
2.47498e-05
2.39254e-05
2.24415e-05
2.02591e-05
1.78851e-05
1.53388e-05
1.29011e-05
1.07723e-05
8.72485e-06
6.71035e-06
4.43071e-06
2.21382e-06
2.3e-06
8.19848e-06
1.3584e-05
1.60893e-05
1.68771e-05
1.6814e-05
1.63761e-05
1.58727e-05
1.54405e-05
1.5204e-05
1.5248e-05
1.55147e-05
1.60318e-05
1.684e-05
1.79857e-05
1.94649e-05
2.12921e-05
2.3439e-05
2.57809e-05
2.8211e-05
3.06224e-05
3.27867e-05
3.44896e-05
3.5409e-05
3.5715e-05
3.56514e-05
3.53208e-05
3.50661e-05
3.4161e-05
3.27195e-05
3.09215e-05
2.7654e-05
2.47132e-05
2.11532e-05
1.79869e-05
1.56427e-05
1.3808e-05
1.12405e-05
6.77223e-06
2.60543e-06
2.71532e-06
1.12414e-05
1.99875e-05
2.44028e-05
2.62179e-05
2.67376e-05
2.65532e-05
2.60365e-05
2.55439e-05
2.52694e-05
2.53595e-05
2.58698e-05
2.68396e-05
2.82477e-05
3.00236e-05
3.20901e-05
3.4249e-05
3.62179e-05
3.76925e-05
3.84532e-05
3.87236e-05
3.85246e-05
3.79691e-05
3.73054e-05
3.65552e-05
3.58583e-05
3.51081e-05
3.4117e-05
3.33715e-05
3.24425e-05
3.16603e-05
3.10684e-05
2.94215e-05
2.52152e-05
2.10329e-05
1.73622e-05
1.48781e-05
1.2841e-05
7.91672e-06
2.95127e-06
3.22949e-06
1.38159e-05
2.5978e-05
3.24372e-05
3.53007e-05
3.63558e-05
3.64735e-05
3.61628e-05
3.57757e-05
3.55408e-05
3.55819e-05
3.60093e-05
3.68202e-05
3.78836e-05
3.90051e-05
3.99804e-05
4.0598e-05
4.07148e-05
4.03924e-05
3.96632e-05
3.86306e-05
3.74698e-05
3.62504e-05
3.51573e-05
3.40655e-05
3.31233e-05
3.24955e-05
3.19599e-05
3.15579e-05
3.09481e-05
3.02895e-05
2.92132e-05
2.90269e-05
2.84845e-05
2.47973e-05
2.00049e-05
1.55236e-05
1.2551e-05
8.26441e-06
3.25044e-06
3.75311e-06
1.59466e-05
3.13201e-05
3.99795e-05
4.39063e-05
4.54523e-05
4.57127e-05
4.5242e-05
4.4403e-05
4.35072e-05
4.28312e-05
4.25411e-05
4.26281e-05
4.29284e-05
4.31951e-05
4.31935e-05
4.25249e-05
4.06414e-05
3.91003e-05
3.78914e-05
3.62363e-05
3.37034e-05
3.12908e-05
2.97382e-05
2.85603e-05
2.7177e-05
2.65793e-05
2.60473e-05
2.60638e-05
2.64555e-05
2.73083e-05
2.7599e-05
2.75052e-05
2.68965e-05
2.71588e-05
2.382e-05
1.80383e-05
1.23576e-05
8.2291e-06
3.53226e-06
4.26654e-06
1.75748e-05
3.59297e-05
4.68551e-05
5.17977e-05
5.36523e-05
5.37235e-05
5.26475e-05
5.09206e-05
4.90839e-05
4.76105e-05
4.66978e-05
4.62327e-05
4.59061e-05
4.53011e-05
4.2849e-05
4.12282e-05
3.97512e-05
3.69826e-05
3.38511e-05
3.10746e-05
2.97063e-05
2.91369e-05
2.89356e-05
2.878e-05
2.84335e-05
2.79989e-05
2.69659e-05
2.56719e-05
2.41961e-05
2.31701e-05
2.36379e-05
2.51297e-05
2.55243e-05
2.52438e-05
2.56849e-05
2.17044e-05
1.38911e-05
8.34539e-06
3.84424e-06
4.76142e-06
1.87158e-05
3.9748e-05
5.29203e-05
5.87868e-05
6.07283e-05
6.02912e-05
5.83021e-05
5.55362e-05
5.28294e-05
5.07712e-05
4.94403e-05
4.85135e-05
4.68679e-05
4.41749e-05
4.25592e-05
4.00749e-05
3.67693e-05
3.26635e-05
3.10337e-05
3.08813e-05
3.12606e-05
3.17083e-05
3.29983e-05
3.35129e-05
3.34964e-05
3.29987e-05
3.18599e-05
3.0302e-05
2.8333e-05
2.59837e-05
2.3576e-05
2.18184e-05
2.27465e-05
2.37869e-05
2.37104e-05
2.42469e-05
1.78345e-05
9.31398e-06
4.24758e-06
5.23315e-06
1.94179e-05
4.27695e-05
5.80798e-05
6.47659e-05
6.66066e-05
6.54564e-05
6.24597e-05
5.87561e-05
5.54173e-05
5.29851e-05
5.13156e-05
4.90696e-05
4.6019e-05
4.43458e-05
4.12074e-05
3.70901e-05
3.26682e-05
3.23449e-05
3.29645e-05
3.40002e-05
3.55855e-05
3.80295e-05
3.92504e-05
4.01362e-05
4.02169e-05
3.94403e-05
3.79023e-05
3.56748e-05
3.30369e-05
3.0208e-05
2.71932e-05
2.42244e-05
2.1512e-05
2.08832e-05
2.22358e-05
2.22818e-05
2.12457e-05
1.11807e-05
4.79639e-06
5.67908e-06
1.97249e-05
4.51262e-05
6.22495e-05
6.97069e-05
7.13399e-05
6.94177e-05
6.54985e-05
6.10773e-05
5.73229e-05
5.4558e-05
5.21421e-05
4.84269e-05
4.65106e-05
4.31643e-05
3.8466e-05
3.38314e-05
3.36304e-05
3.49088e-05
3.64798e-05
3.90877e-05
4.22965e-05
4.54621e-05
4.75515e-05
4.89726e-05
4.93827e-05
4.87945e-05
4.71152e-05
4.4347e-05
4.05871e-05
3.62005e-05
3.16319e-05
2.73873e-05
2.38417e-05
2.10186e-05
1.9847e-05
2.07224e-05
2.10102e-05
1.42532e-05
5.55418e-06
6.0922e-06
1.97805e-05
4.67822e-05
6.54924e-05
7.36622e-05
7.50652e-05
7.24387e-05
6.77813e-05
6.28693e-05
5.88636e-05
5.58777e-05
5.15268e-05
4.8933e-05
4.58591e-05
4.09058e-05
3.55904e-05
3.45421e-05
3.62249e-05
3.84089e-05
4.14215e-05
4.56919e-05
5.01069e-05
5.3745e-05
5.6332e-05
5.82074e-05
5.90849e-05
5.89499e-05
5.76411e-05
5.49178e-05
5.06931e-05
4.52135e-05
3.91389e-05
3.2847e-05
2.65845e-05
2.26069e-05
1.98789e-05
1.97675e-05
2.00327e-05
1.72073e-05
6.6607e-06
6.47392e-06
1.96233e-05
4.77629e-05
6.78865e-05
7.67289e-05
7.79578e-05
7.47779e-05
6.95898e-05
6.43355e-05
6.00868e-05
5.60266e-05
5.16012e-05
4.90922e-05
4.45639e-05
3.8687e-05
3.48497e-05
3.67498e-05
3.95271e-05
4.24083e-05
4.72862e-05
5.26835e-05
5.71319e-05
6.10816e-05
6.41277e-05
6.62486e-05
6.75537e-05
6.79457e-05
6.72232e-05
6.51462e-05
6.14699e-05
5.59464e-05
4.86359e-05
4.07098e-05
3.28758e-05
2.53869e-05
2.06627e-05
1.81297e-05
1.87179e-05
1.83384e-05
8.75431e-06
6.825e-06
1.92762e-05
4.81289e-05
6.95089e-05
7.90229e-05
8.01937e-05
7.66528e-05
7.11351e-05
6.5679e-05
6.12374e-05
5.5922e-05
5.26019e-05
4.89945e-05
4.29614e-05
3.69423e-05
3.66024e-05
3.94576e-05
4.27219e-05
4.70109e-05
5.2872e-05
5.84807e-05
6.29815e-05
6.65662e-05
6.93902e-05
7.13214e-05
7.27226e-05
7.3574e-05
7.37291e-05
7.2804e-05
7.02316e-05
6.55464e-05
5.86546e-05
4.96895e-05
4.02616e-05
3.14667e-05
2.35583e-05
1.89392e-05
1.81879e-05
1.82667e-05
1.13238e-05
7.14411e-06
1.8775e-05
4.79508e-05
7.044e-05
8.06598e-05
8.19277e-05
7.82277e-05
7.25409e-05
6.69001e-05
6.19901e-05
5.61507e-05
5.30649e-05
4.83143e-05
4.18673e-05
3.65552e-05
3.85316e-05
4.21731e-05
4.58386e-05
5.12424e-05
5.75585e-05
6.2993e-05
6.69251e-05
6.95477e-05
7.17972e-05
7.34263e-05
7.46861e-05
7.58631e-05
7.68659e-05
7.72868e-05
7.6407e-05
7.33353e-05
6.73929e-05
5.84845e-05
4.78545e-05
3.73038e-05
2.78809e-05
1.99375e-05
1.71917e-05
1.81387e-05
1.4113e-05
7.42967e-06
1.81561e-05
4.73004e-05
7.07591e-05
8.17428e-05
8.32814e-05
7.96116e-05
7.38772e-05
6.81331e-05
6.27257e-05
5.70497e-05
5.37933e-05
4.77949e-05
4.10124e-05
3.73178e-05
4.03792e-05
4.44499e-05
4.86838e-05
5.47762e-05
6.09579e-05
6.54485e-05
6.86705e-05
7.06537e-05
7.18824e-05
7.31436e-05
7.411e-05
7.54303e-05
7.71725e-05
7.89514e-05
7.99379e-05
7.89631e-05
7.47813e-05
6.69511e-05
5.5872e-05
4.391e-05
3.29109e-05
2.35237e-05
1.76283e-05
1.786e-05
1.65455e-05
7.68002e-06
1.74575e-05
4.62551e-05
7.05378e-05
8.23507e-05
8.43394e-05
8.09013e-05
7.53194e-05
6.96286e-05
6.36998e-05
5.8008e-05
5.43002e-05
4.77998e-05
4.09472e-05
3.84638e-05
4.19295e-05
4.62592e-05
5.09074e-05
5.71341e-05
6.23517e-05
6.6324e-05
6.90011e-05
7.02863e-05
7.08386e-05
7.11878e-05
7.17852e-05
7.30046e-05
7.52546e-05
7.82435e-05
8.10971e-05
8.24644e-05
8.06757e-05
7.43743e-05
6.34633e-05
5.01052e-05
3.73578e-05
2.61938e-05
1.81417e-05
1.76546e-05
1.84925e-05
7.89299e-06
1.66911e-05
4.47737e-05
6.97487e-05
8.26099e-05
8.54328e-05
8.25075e-05
7.70824e-05
7.11393e-05
6.46491e-05
5.92688e-05
5.49652e-05
4.80736e-05
4.11824e-05
3.92914e-05
4.29112e-05
4.74664e-05
5.23193e-05
5.80831e-05
6.26838e-05
6.63305e-05
6.83809e-05
6.90857e-05
6.88253e-05
6.86123e-05
6.85911e-05
6.95059e-05
7.19873e-05
7.59174e-05
8.04213e-05
8.40622e-05
8.48825e-05
8.07266e-05
7.0858e-05
5.68811e-05
4.25865e-05
3.02239e-05
2.01721e-05
1.74688e-05
2.00154e-05
8.06705e-06
1.59129e-05
4.3164e-05
6.87274e-05
8.24646e-05
8.5806e-05
8.32433e-05
7.80409e-05
7.22148e-05
6.60238e-05
6.07291e-05
5.61221e-05
4.94261e-05
4.28137e-05
4.04457e-05
4.35688e-05
4.80675e-05
5.27801e-05
5.79933e-05
6.23117e-05
6.55324e-05
6.71748e-05
6.74674e-05
6.65982e-05
6.59221e-05
6.53217e-05
6.58404e-05
6.8323e-05
7.29042e-05
7.87181e-05
8.42443e-05
8.73644e-05
8.55689e-05
7.73204e-05
6.29318e-05
4.68951e-05
3.29863e-05
2.15964e-05
1.74878e-05
2.11929e-05
8.19936e-06
1.51071e-05
4.1401e-05
6.74172e-05
8.20455e-05
8.62978e-05
8.43669e-05
7.95786e-05
7.4012e-05
6.80159e-05
6.24322e-05
5.76945e-05
5.08654e-05
4.39132e-05
4.08508e-05
4.34597e-05
4.79333e-05
5.24864e-05
5.71772e-05
6.12229e-05
6.41224e-05
6.55445e-05
6.5626e-05
6.44796e-05
6.31775e-05
6.21117e-05
6.22907e-05
6.46137e-05
6.95681e-05
7.67282e-05
8.4279e-05
8.91672e-05
8.95966e-05
8.30526e-05
6.89831e-05
5.15209e-05
3.62426e-05
2.3729e-05
1.76473e-05
2.2104e-05
8.28863e-06
1.43685e-05
3.94235e-05
6.56744e-05
8.13004e-05
8.6707e-05
8.56568e-05
8.139e-05
7.59863e-05
7.02308e-05
6.44373e-05
5.94909e-05
5.26735e-05
4.58342e-05
4.17492e-05
4.32991e-05
4.67851e-05
5.13291e-05
5.58431e-05
5.95767e-05
6.22308e-05
6.35464e-05
6.35777e-05
6.25973e-05
6.11643e-05
6.01316e-05
6.02061e-05
6.23772e-05
6.751e-05
7.56607e-05
8.43545e-05
9.14835e-05
9.36723e-05
8.82108e-05
7.45184e-05
5.55026e-05
3.84864e-05
2.52648e-05
1.81038e-05
2.2813e-05
8.32108e-06
1.3563e-05
3.72641e-05
6.36339e-05
8.02688e-05
8.68336e-05
8.67351e-05
8.31162e-05
7.80764e-05
7.26028e-05
6.69487e-05
6.17654e-05
5.54956e-05
4.85437e-05
4.35521e-05
4.32914e-05
4.61341e-05
4.94152e-05
5.34902e-05
5.70807e-05
5.97037e-05
6.10082e-05
6.1252e-05
6.06457e-05
5.9612e-05
5.8994e-05
5.91536e-05
6.12469e-05
6.64446e-05
7.45938e-05
8.44628e-05
9.31442e-05
9.72435e-05
9.33291e-05
7.96558e-05
5.93379e-05
4.05928e-05
2.6667e-05
1.87099e-05
2.33687e-05
8.30615e-06
1.2813e-05
3.49525e-05
6.13235e-05
7.89354e-05
8.67731e-05
8.77471e-05
8.4903e-05
8.03408e-05
7.51765e-05
6.97745e-05
6.44146e-05
5.89879e-05
5.16548e-05
4.6141e-05
4.37619e-05
4.53383e-05
4.8335e-05
5.11756e-05
5.41635e-05
5.66898e-05
5.82734e-05
5.8845e-05
5.85551e-05
5.77417e-05
5.73093e-05
5.74571e-05
5.95187e-05
6.50652e-05
7.42384e-05
8.52141e-05
9.51154e-05
0.000100527
9.78091e-05
8.42801e-05
6.27724e-05
4.21205e-05
2.75794e-05
1.94506e-05
2.38333e-05
8.25613e-06
1.21228e-05
3.2628e-05
5.87228e-05
7.72453e-05
8.65451e-05
8.86711e-05
8.67226e-05
8.27544e-05
7.79785e-05
7.2876e-05
6.74947e-05
6.26277e-05
5.60606e-05
4.95051e-05
4.5653e-05
4.49159e-05
4.69775e-05
4.9679e-05
5.20286e-05
5.40493e-05
5.55543e-05
5.62947e-05
5.63649e-05
5.59154e-05
5.58296e-05
5.64593e-05
5.90931e-05
6.53941e-05
7.51708e-05
8.67921e-05
9.74786e-05
0.00010379
0.000101882
8.84435e-05
6.57786e-05
4.31358e-05
2.81986e-05
2.01487e-05
2.42445e-05
8.15442e-06
1.1547e-05
3.04127e-05
5.59494e-05
7.52703e-05
8.60479e-05
8.94846e-05
8.85424e-05
8.52873e-05
8.09948e-05
7.62752e-05
7.12257e-05
6.62313e-05
6.14121e-05
5.42297e-05
4.9268e-05
4.61557e-05
4.61556e-05
4.79808e-05
5.01154e-05
5.19731e-05
5.33117e-05
5.4025e-05
5.42933e-05
5.42852e-05
5.45946e-05
5.59471e-05
5.95714e-05
6.67207e-05
7.70578e-05
8.90876e-05
0.000100202
0.000106993
0.000105534
9.20256e-05
6.80232e-05
4.38424e-05
2.84798e-05
2.08664e-05
2.46289e-05
8.01389e-06
1.1036e-05
2.83514e-05
5.31045e-05
7.30654e-05
8.52323e-05
9.01465e-05
9.03211e-05
8.79007e-05
8.41927e-05
7.99277e-05
7.5436e-05
7.02699e-05
6.65723e-05
6.05552e-05
5.41474e-05
4.9997e-05
4.73062e-05
4.71325e-05
4.84457e-05
4.98656e-05
5.10382e-05
5.18587e-05
5.25571e-05
5.29448e-05
5.39844e-05
5.64237e-05
6.13265e-05
6.92408e-05
7.9935e-05
9.20442e-05
0.000103206
0.000110049
0.000108849
9.47238e-05
6.97188e-05
4.42819e-05
2.84453e-05
2.1517e-05
2.50034e-05
7.83945e-06
1.05606e-05
2.65412e-05
5.03228e-05
7.0705e-05
8.41019e-05
9.06073e-05
9.20106e-05
9.05517e-05
8.75386e-05
8.37813e-05
7.9649e-05
7.48673e-05
7.06758e-05
6.71768e-05
6.11517e-05
5.5955e-05
5.21319e-05
4.95433e-05
4.84526e-05
4.88657e-05
4.97263e-05
5.06968e-05
5.16787e-05
5.28089e-05
5.48666e-05
5.86895e-05
6.45681e-05
7.29844e-05
8.36783e-05
9.54808e-05
0.000106372
0.000113076
0.000111292
9.6527e-05
7.10802e-05
4.40567e-05
2.80614e-05
2.21534e-05
2.53771e-05
7.63705e-06
1.02003e-05
2.48806e-05
4.76518e-05
6.82577e-05
8.2695e-05
9.08298e-05
9.35639e-05
9.31956e-05
9.10038e-05
8.78559e-05
8.42318e-05
8.02563e-05
7.57876e-05
7.27525e-05
6.89709e-05
6.34541e-05
5.92699e-05
5.58925e-05
5.35914e-05
5.21876e-05
5.17897e-05
5.23323e-05
5.38729e-05
5.5447e-05
5.83331e-05
6.302e-05
6.93884e-05
7.77821e-05
8.80326e-05
9.95415e-05
0.000109526
0.000114902
0.00011246
9.79937e-05
7.16658e-05
4.34351e-05
2.76152e-05
2.27426e-05
2.57564e-05
7.41414e-06
9.89668e-06
2.34583e-05
4.51734e-05
6.58075e-05
8.10851e-05
9.0803e-05
9.49451e-05
9.57904e-05
9.45556e-05
9.21326e-05
8.90954e-05
8.58188e-05
8.17045e-05
7.801e-05
7.57095e-05
7.21982e-05
6.76574e-05
6.42247e-05
6.14845e-05
5.95644e-05
5.86099e-05
5.84351e-05
6.01968e-05
6.15479e-05
6.44156e-05
6.93208e-05
7.53686e-05
8.32629e-05
9.32447e-05
0.000103271
0.00011123
0.000115925
0.000113327
9.8324e-05
7.15085e-05
4.24226e-05
2.69988e-05
2.33024e-05
2.61439e-05
7.17959e-06
9.65119e-06
2.23347e-05
4.29915e-05
6.34655e-05
7.93854e-05
9.05563e-05
9.61447e-05
9.83088e-05
9.81674e-05
9.65977e-05
9.42207e-05
9.14451e-05
8.84178e-05
8.46309e-05
8.15349e-05
7.96319e-05
7.68779e-05
7.33874e-05
7.07603e-05
6.87576e-05
6.75711e-05
6.71488e-05
6.83305e-05
6.98949e-05
7.22602e-05
7.64598e-05
8.21992e-05
8.9607e-05
9.74976e-05
0.000105401
0.000112712
0.00011632
0.00011281
9.74603e-05
7.05277e-05
4.09688e-05
2.58178e-05
2.3814e-05
2.65404e-05
6.94358e-06
9.46121e-06
2.14634e-05
4.11642e-05
6.13483e-05
7.77399e-05
9.01593e-05
9.72038e-05
0.000100754
0.000101829
0.000101251
9.96463e-05
9.74631e-05
9.49937e-05
9.21218e-05
8.88202e-05
8.61295e-05
8.44866e-05
8.26922e-05
8.03618e-05
7.84598e-05
7.72194e-05
7.66875e-05
7.71317e-05
7.88602e-05
8.07102e-05
8.39272e-05
8.87756e-05
9.40783e-05
0.000100385
0.000107304
0.000113024
0.000115206
0.000110717
9.5261e-05
6.86794e-05
3.92705e-05
2.47479e-05
2.42916e-05
2.69455e-05
6.71807e-06
9.32877e-06
2.08597e-05
3.9756e-05
5.95866e-05
7.63269e-05
8.97525e-05
9.81966e-05
0.000103154
0.000105534
0.000106074
0.00010537
0.000103883
0.000101945
9.97791e-05
9.71792e-05
9.43323e-05
9.18768e-05
9.01516e-05
8.89715e-05
8.76155e-05
8.65622e-05
8.59222e-05
8.58993e-05
8.67864e-05
8.84176e-05
9.02726e-05
9.32483e-05
9.75977e-05
0.000102617
0.000107763
0.000111684
0.000112265
0.000106698
9.15058e-05
6.57215e-05
3.7144e-05
2.33719e-05
2.47049e-05
2.73592e-05
6.51686e-06
9.25651e-06
2.05511e-05
3.88487e-05
5.83354e-05
7.53547e-05
8.95288e-05
9.9163e-05
0.00010547
0.000109168
0.000110894
0.000111194
0.000110509
0.000109182
0.000107469
0.000105533
0.000103296
0.000100737
9.83515e-05
9.66191e-05
9.53362e-05
9.40286e-05
9.33372e-05
9.30178e-05
9.31997e-05
9.40625e-05
9.54831e-05
9.69509e-05
9.9583e-05
0.000103014
0.000106159
0.0001081
0.000106983
0.000100358
8.58023e-05
6.14296e-05
3.45261e-05
2.19737e-05
2.50581e-05
2.77801e-05
6.35612e-06
9.26841e-06
2.06065e-05
3.85648e-05
5.7771e-05
7.49509e-05
8.93342e-05
9.97943e-05
0.000107228
0.000112103
0.000114948
0.000116259
0.000116436
0.000115798
0.000114593
0.000113015
0.000111224
0.000109261
0.000106938
0.000104625
0.000103054
0.000101224
9.95957e-05
9.85518e-05
9.79365e-05
9.77617e-05
9.79852e-05
9.82917e-05
9.90988e-05
0.000100425
0.000101431
0.000101223
9.83532e-05
9.07534e-05
7.73717e-05
5.54206e-05
3.12337e-05
2.04463e-05
2.52913e-05
2.82053e-05
6.2544e-06
9.38645e-06
2.11424e-05
3.90977e-05
5.78358e-05
7.46299e-05
8.86806e-05
9.91504e-05
0.000106706
0.000112056
0.000115702
0.000117924
0.000118991
0.000119143
0.000118507
0.000117323
0.000115758
0.000113918
0.000111907
0.000109516
0.000107571
0.000105702
0.000103311
0.000101215
9.93377e-05
9.76449e-05
9.61149e-05
9.48219e-05
9.4025e-05
9.29893e-05
9.16592e-05
8.95592e-05
8.54683e-05
7.75667e-05
6.57061e-05
4.63315e-05
2.6487e-05
1.88099e-05
2.53974e-05
2.86394e-05
6.23663e-06
9.61231e-06
2.2474e-05
4.01231e-05
5.74525e-05
7.30484e-05
8.54369e-05
9.48362e-05
0.000101764
0.00010669
0.000110035
0.000112088
0.000113065
0.00011322
0.000112927
0.000112169
0.000110965
0.000109361
0.000107408
0.000104937
0.000102644
0.000100262
9.75523e-05
9.46007e-05
9.17959e-05
8.90864e-05
8.63173e-05
8.38283e-05
8.16016e-05
7.91372e-05
7.61513e-05
7.28229e-05
6.82568e-05
6.09443e-05
5.1727e-05
3.73064e-05
2.32356e-05
1.79347e-05
2.56475e-05
2.91037e-05
6.31528e-06
1.00081e-05
2.28678e-05
3.88523e-05
5.30076e-05
6.43457e-05
7.30073e-05
7.95614e-05
8.44168e-05
8.79491e-05
9.04454e-05
9.21137e-05
9.30578e-05
9.34108e-05
9.32159e-05
9.25781e-05
9.15418e-05
9.01304e-05
8.83645e-05
8.60911e-05
8.3805e-05
8.13239e-05
7.84935e-05
7.54403e-05
7.22768e-05
6.90375e-05
6.57544e-05
6.25394e-05
5.94405e-05
5.65803e-05
5.3725e-05
5.0721e-05
4.74381e-05
4.26206e-05
3.67276e-05
2.75754e-05
1.8968e-05
1.68692e-05
2.58431e-05
2.9644e-05
6.44379e-06
9.64918e-06
1.89282e-05
2.76964e-05
3.40446e-05
3.86476e-05
4.20108e-05
4.45456e-05
4.64794e-05
4.79782e-05
4.91402e-05
5.00528e-05
5.07825e-05
5.1294e-05
5.15541e-05
5.15523e-05
5.12818e-05
5.07338e-05
4.99072e-05
4.87757e-05
4.73408e-05
4.58174e-05
4.40998e-05
4.21715e-05
4.01604e-05
3.81119e-05
3.60818e-05
3.41132e-05
3.22508e-05
3.0597e-05
2.89782e-05
2.74614e-05
2.60969e-05
2.44777e-05
2.20941e-05
1.87091e-05
1.58332e-05
1.73102e-05
2.6219e-05
3.0301e-05
7.2691e-06
5.62261e-06
6.71523e-06
8.16615e-06
9.45194e-06
1.05353e-05
1.14683e-05
1.22801e-05
1.30085e-05
1.36784e-05
1.42984e-05
1.48771e-05
1.5422e-05
1.59233e-05
1.63689e-05
1.67463e-05
1.70447e-05
1.72553e-05
1.73733e-05
1.7397e-05
1.73235e-05
1.71829e-05
1.69926e-05
1.67599e-05
1.65103e-05
1.62698e-05
1.60556e-05
1.58983e-05
1.57985e-05
1.58069e-05
1.59004e-05
1.61319e-05
1.64656e-05
1.69706e-05
1.75766e-05
1.74882e-05
1.7817e-05
2.0612e-05
2.74397e-05
3.12455e-05
1.02787e-05
5.799e-06
7.20914e-06
8.20459e-06
9.01332e-06
9.73333e-06
1.03699e-05
1.09322e-05
1.14331e-05
1.18889e-05
1.23125e-05
1.27133e-05
1.3098e-05
1.34706e-05
1.38338e-05
1.41894e-05
1.45388e-05
1.48838e-05
1.52258e-05
1.55678e-05
1.59117e-05
1.62612e-05
1.6618e-05
1.69911e-05
1.73776e-05
1.77934e-05
1.8226e-05
1.87052e-05
1.91987e-05
1.97657e-05
2.03344e-05
2.10321e-05
2.17008e-05
2.26244e-05
2.34589e-05
2.43274e-05
2.50712e-05
2.6954e-05
2.91024e-05
3.27122e-05
2.63639e-05
3.25643e-05
3.5734e-05
3.68859e-05
3.73131e-05
3.74746e-05
3.74697e-05
3.74206e-05
3.73094e-05
3.71599e-05
3.69953e-05
3.68225e-05
3.66458e-05
3.6468e-05
3.62909e-05
3.6116e-05
3.59442e-05
3.57763e-05
3.56132e-05
3.54554e-05
3.53035e-05
3.5158e-05
3.50191e-05
3.48873e-05
3.47624e-05
3.46449e-05
3.45342e-05
3.44311e-05
3.43348e-05
3.42465e-05
3.4166e-05
3.40968e-05
3.40418e-05
3.40103e-05
3.40133e-05
3.40315e-05
3.41044e-05
3.42494e-05
3.51489e-05
3.45337e-05
)
;

boundaryField
{
    movingWall
    {
        type            nutkWallFunction;
        blending        stepwise;
        value           uniform 0;
    }
    fixedWalls
    {
        type            nutkWallFunction;
        blending        stepwise;
        value           uniform 0;
    }
    frontAndBack
    {
        type            empty;
    }
}


// ************************************************************************* //
