/*--------------------------------*- C++ -*----------------------------------*\
| =========                 |                                                 |
| \\      /  F ield         | OpenFOAM: The Open Source CFD Toolbox           |
|  \\    /   O peration     | Version:  2412                                  |
|   \\  /    A nd           | Website:  www.openfoam.com                      |
|    \\/     M anipulation  |                                                 |
\*---------------------------------------------------------------------------*/
FoamFile
{
    version     2.0;
    format      ascii;
    arch        "LSB;label=32;scalar=64";
    class       volScalarField;
    location    "2";
    object      p;
}
// * * * * * * * * * * * * * * * * * * * * * * * * * * * * * * * * * * * * * //

dimensions      [0 2 -2 0 0 0 0];

internalField   nonuniform List<scalar> 
1600
(
1.06219e-08
-1.20485e-05
-3.38073e-05
-6.07222e-05
-9.13245e-05
-0.000126399
-0.000167581
-0.000215877
-0.00027138
-0.000333302
-0.000399955
-0.000468868
-0.000536816
-0.000599915
-0.000653866
-0.000694125
-0.000715844
-0.000713178
-0.000678665
-0.000602973
-0.000474876
-0.000282197
-1.51143e-05
0.000331104
0.000755769
0.00123679
0.00173982
0.0022201
0.0026314
0.00293469
0.00311067
0.00316693
0.00313187
0.00303451
0.0029245
0.00282254
0.00274241
0.00268983
0.00266224
0.00265556
1.14944e-05
-1.16447e-06
-2.02333e-05
-4.35919e-05
-7.13978e-05
-0.000104998
-0.000145521
-0.000193682
-0.00024952
-0.000312255
-0.000380352
-0.000451523
-0.000522634
-0.000589938
-0.000649499
-0.000697144
-0.000728252
-0.00073723
-0.000716769
-0.000657339
-0.000547437
-0.000374562
-0.000126865
0.000202696
0.000606739
0.00107205
0.00156715
0.00204888
0.00247133
0.00279499
0.0029957
0.00307482
0.00305664
0.00297812
0.00287801
0.00278711
0.00271765
0.00267253
0.00265002
0.00264528
3.4757e-05
1.89973e-05
-1.03574e-06
-2.22375e-05
-4.61795e-05
-7.62441e-05
-0.000114469
-0.000161739
-0.000218072
-0.000282683
-0.000354025
-0.000429992
-0.000508149
-0.000585933
-0.000660842
-0.000730277
-0.000790804
-0.000836995
-0.000860434
-0.000848392
-0.000784608
-0.000652061
-0.00043693
-0.000132112
0.00026477
0.000733525
0.00124549
0.00176059
0.00222956
0.00260573
0.00285757
0.00297826
0.00298536
0.00291979
0.00282748
0.00274026
0.00267449
0.00263373
0.00261491
0.00261155
6.74776e-05
4.33844e-05
1.78147e-05
-4.15848e-06
-2.56208e-05
-5.25272e-05
-8.83047e-05
-0.000134553
-0.000191607
-0.000258848
-0.000335089
-0.000419156
-0.00051027
-0.000608125
-0.00071266
-0.000823163
-0.000936805
-0.00104632
-0.00114035
-0.00120212
-0.00121026
-0.00114264
-0.000980003
-0.000709813
-0.00033145
0.000140546
0.000679138
0.00124849
0.00179784
0.00227069
0.00262331
0.00283295
0.00290109
0.00286227
0.00277584
0.00268729
0.00261807
0.00257561
0.00255769
0.00255539
9.3445e-05
6.22525e-05
2.73064e-05
2.03545e-08
-2.24748e-05
-4.8849e-05
-8.41411e-05
-0.000130753
-0.000189557
-0.000260781
-0.000344781
-0.000442676
-0.000556711
-0.000689887
-0.000844664
-0.00102171
-0.00121829
-0.00142345
-0.00162153
-0.00179471
-0.00191856
-0.00196527
-0.00190789
-0.00172415
-0.00141675
-0.000981584
-0.000427951
0.000209567
0.000877716
0.00151484
0.00205714
0.00245677
0.00269027
0.00276283
0.00271943
0.00263498
0.00255893
0.00250718
0.00248481
0.00248073
0.000106152
6.67439e-05
1.89981e-05
-1.80351e-05
-4.56268e-05
-7.51711e-05
-0.000113348
-0.000163163
-0.000226399
-0.000305186
-0.00040286
-0.00052418
-0.000675168
-0.000862514
-0.00109242
-0.0013677
-0.00168413
-0.0020329
-0.00239596
-0.00274561
-0.00304683
-0.00326811
-0.00338268
-0.00335759
-0.00316446
-0.00279913
-0.00226945
-0.00159293
-0.000802287
4.5381e-05
0.000875322
0.00160107
0.00214898
0.00248134
0.00260387
0.00257879
0.00250408
0.00243681
0.00240224
0.00239018
9.54974e-05
4.79292e-05
-1.46289e-05
-6.47097e-05
-0.00010079
-0.000136752
-0.000180897
-0.000237031
-0.000308604
-0.000400615
-0.000520167
-0.00067638
-0.000880265
-0.00114453
-0.00147974
-0.00189222
-0.00238181
-0.00293663
-0.00352824
-0.00411552
-0.00465398
-0.00509504
-0.00539276
-0.00551707
-0.005452
-0.00518324
-0.00470481
-0.00402916
-0.00317562
-0.00217566
-0.00108191
2.37213e-05
0.00102896
0.00180909
0.00228723
0.00246696
0.00244707
0.00237781
0.00231449
0.00228398
5.34367e-05
-1.4676e-06
-7.93297e-05
-0.000144494
-0.000191728
-0.000236717
-0.000289382
-0.000354857
-0.000438941
-0.000550289
-0.000700608
-0.000904593
-0.00118047
-0.00154892
-0.00202736
-0.00262775
-0.00334681
-0.00415669
-0.00501297
-0.00585528
-0.00661319
-0.00722254
-0.00764171
-0.00785607
-0.00785797
-0.00764352
-0.00722374
-0.00660128
-0.00577991
-0.00476017
-0.00355443
-0.00220186
-0.000789461
0.000529625
0.00156392
0.00216995
0.00235857
0.00231967
0.00221732
0.00215557
-2.54466e-05
-8.63422e-05
-0.000178763
-0.000259868
-0.000319921
-0.000375712
-0.000439047
-0.000516975
-0.000618341
-0.000756192
-0.000947679
-0.00121451
-0.00158563
-0.00208988
-0.00275101
-0.00358079
-0.0045621
-0.00564195
-0.00674037
-0.00776715
-0.00864216
-0.00931464
-0.0097585
-0.00997164
-0.00997526
-0.00978582
-0.00941147
-0.00885826
-0.00812452
-0.00719643
-0.00605215
-0.00467452
-0.0030813
-0.00136807
0.000256348
0.00149576
0.0021256
0.002218
0.00211719
0.00199935
-0.000143623
-0.000208848
-0.000313897
-0.000410534
-0.000484321
-0.000552474
-0.000628767
-0.00072278
-0.000847027
-0.00101933
-0.00126288
-0.00160999
-0.00209973
-0.00276606
-0.00363891
-0.00471938
-0.00595885
-0.00726278
-0.00851835
-0.00962451
-0.0105179
-0.0111729
-0.0115869
-0.0117749
-0.0117608
-0.0115659
-0.0112052
-0.0106905
-0.0100255
-0.00920118
-0.00819063
-0.0069488
-0.00542547
-0.00360746
-0.00160331
0.000272707
0.00155939
0.00202606
0.00200421
0.00179032
-0.000300615
-0.000368058
-0.000483184
-0.000594311
-0.000682348
-0.000764357
-0.00085612
-0.000970217
-0.00112309
-0.00133755
-0.00164416
-0.00208739
-0.00271076
-0.00355689
-0.00465366
-0.00597409
-0.00742421
-0.00887455
-0.010199
-0.0113111
-0.0121764
-0.0127932
-0.0131737
-0.013337
-0.013302
-0.013089
-0.0127168
-0.012203
-0.0115609
-0.010794
-0.00988784
-0.00880222
-0.00746663
-0.00579343
-0.00374121
-0.00146665
0.000531067
0.00164355
0.00181137
0.00147266
-0.000493042
-0.000560779
-0.000683338
-0.000807422
-0.000909912
-0.00100719
-0.00111694
-0.00125502
-0.00144151
-0.00170397
-0.00208321
-0.00263037
-0.00339422
-0.00442584
-0.00573463
-0.00725424
-0.00885209
-0.0103789
-0.0117154
-0.0128055
-0.01364
-0.0142298
-0.0145904
-0.0147369
-0.0146838
-0.014449
-0.014052
-0.0135147
-0.0128586
-0.0120993
-0.0112391
-0.0102567
-0.00909499
-0.00765232
-0.00579946
-0.00348061
-0.000972109
0.000907019
0.00143043
0.00107785
-0.000715254
-0.000782121
-0.000909459
-0.00104462
-0.00116143
-0.00127517
-0.00140498
-0.00157
-0.00179356
-0.00210789
-0.00256334
-0.00321479
-0.00411877
-0.00532294
-0.00681192
-0.00848062
-0.0101702
-0.0117262
-0.0130532
-0.0141234
-0.014942
-0.0155232
-0.0158785
-0.0160173
-0.0159509
-0.0156937
-0.0152655
-0.0146921
-0.0140014
-0.0132183
-0.0123585
-0.0114193
-0.0103679
-0.00912483
-0.00754906
-0.00545271
-0.00279932
-0.000257125
0.000861893
0.000668395
-0.000960457
-0.00102565
-0.00115527
-0.00129939
-0.00142999
-0.00156098
-0.00171229
-0.00190571
-0.00216767
-0.00253501
-0.00306362
-0.00381288
-0.00484506
-0.00619551
-0.0078234
-0.00959538
-0.0113361
-0.0128989
-0.014217
-0.015281
-0.0161016
-0.0166905
-0.0170532
-0.0171915
-0.0171185
-0.0168401
-0.0163774
-0.0157605
-0.0150238
-0.0142005
-0.0133159
-0.0123809
-0.011383
-0.0102709
-0.00893335
-0.0071624
-0.0046966
-0.00176807
0.000125479
0.000168661
-0.00122122
-0.00128391
-0.00141356
-0.00156437
-0.00170774
-0.001856
-0.0020294
-0.00225086
-0.00254971
-0.00296677
-0.00356092
-0.00439558
-0.00553226
-0.0069944
-0.00872135
-0.0105599
-0.0123268
-0.0138919
-0.0152108
-0.0162834
-0.0171208
-0.0177303
-0.0181115
-0.0182616
-0.0181837
-0.0178854
-0.0173869
-0.0167221
-0.0159325
-0.01506
-0.0141384
-0.0131878
-0.0122093
-0.0111738
-0.010006
-0.00853838
-0.00642944
-0.00346927
-0.000899851
-0.000540627
-0.00148962
-0.00154907
-0.00167673
-0.00183182
-0.00198631
-0.00215073
-0.00234525
-0.00259294
-0.00292462
-0.0033845
-0.004032
-0.0049333
-0.00614541
-0.00768206
-0.0094719
-0.011349
-0.0131296
-0.0147005
-0.0160306
-0.0171234
-0.0179878
-0.0186263
-0.0190331
-0.019202
-0.0191234
-0.0188086
-0.0182756
-0.0175618
-0.0167165
-0.015791
-0.0148278
-0.013854
-0.0128791
-0.0118883
-0.0108335
-0.00960062
-0.00787773
-0.00519071
-0.00225561
-0.00149117
-0.00175774
-0.00181336
-0.00193724
-0.00209387
-0.00225707
-0.00243553
-0.00264878
-0.00291989
-0.00327952
-0.00377216
-0.004457
-0.00540159
-0.00665754
-0.00823049
-0.010051
-0.011946
-0.0137345
-0.015316
-0.0166649
-0.0177847
-0.018681
-0.0193516
-0.0197858
-0.0199726
-0.0199011
-0.0195753
-0.0190121
-0.0182523
-0.0173527
-0.0163752
-0.0153713
-0.0143743
-0.0133985
-0.012438
-0.0114634
-0.0104025
-0.00901338
-0.00675401
-0.00383994
-0.00265405
-0.00201811
-0.00206943
-0.00218804
-0.00234349
-0.00251271
-0.00270248
-0.00293097
-0.00322075
-0.00360142
-0.00411446
-0.0048187
-0.00578132
-0.00704962
-0.00862244
-0.0104442
-0.0123396
-0.0141319
-0.0157264
-0.0170975
-0.0182458
-0.0191733
-0.0198741
-0.020334
-0.0205385
-0.0204752
-0.0201429
-0.0195562
-0.0187575
-0.0178106
-0.0167878
-0.0157496
-0.0147349
-0.0137611
-0.0128269
-0.0119151
-0.0109817
-0.00985498
-0.00805222
-0.00547507
-0.00389359
-0.00226429
-0.00231067
-0.00242286
-0.00257462
-0.00274698
-0.00294474
-0.00318393
-0.00348572
-0.00387823
-0.00439992
-0.00510636
-0.00606187
-0.00731
-0.00885534
-0.010644
-0.0125207
-0.0143102
-0.0159171
-0.0173098
-0.0184836
-0.0194378
-0.0201623
-0.0206417
-0.0208595
-0.0208026
-0.0204667
-0.019864
-0.0190375
-0.0180559
-0.0170007
-0.0159408
-0.0149195
-0.0139557
-0.0130505
-0.0121925
-0.0113547
-0.0104277
-0.00904227
-0.00697589
-0.00506439
-0.00249078
-0.00253203
-0.00263684
-0.0027823
-0.00295424
-0.00315582
-0.00340063
-0.00370776
-0.00410335
-0.00462293
-0.00531555
-0.00624156
-0.00744161
-0.00892955
-0.0106503
-0.0124871
-0.0142647
-0.015879
-0.0172883
-0.0184804
-0.0194553
-0.0201936
-0.0206837
-0.0209074
-0.0208522
-0.0205132
-0.0199009
-0.0190586
-0.0180587
-0.0169889
-0.0159249
-0.0149127
-0.0139713
-0.0131016
-0.012294
-0.01153
-0.0107447
-0.00969963
-0.00814204
-0.00615654
-0.00269328
-0.00273028
-0.00282609
-0.00296296
-0.00313083
-0.00333186
-0.00357718
-0.00388342
-0.00427389
-0.00478079
-0.00544489
-0.00632283
-0.00745232
-0.00885166
-0.0104787
-0.0122439
-0.0139941
-0.0156042
-0.0170217
-0.0182262
-0.0192081
-0.0199534
-0.0204461
-0.0206689
-0.020611
-0.0202679
-0.0196505
-0.0188038
-0.0178023
-0.0167378
-0.0156891
-0.0147035
-0.0137982
-0.012972
-0.0122151
-0.0115132
-0.0108286
-0.01003
-0.00886228
-0.00715342
-0.00286994
-0.0029024
-0.00298804
-0.00311437
-0.00327499
-0.00347128
-0.00371208
-0.00401142
-0.00438909
-0.00487301
-0.0054986
-0.00631295
-0.00735426
-0.0086418
-0.0101536
-0.0118154
-0.0135055
-0.015091
-0.0165034
-0.0177101
-0.0186932
-0.0194372
-0.0199254
-0.0201415
-0.0200769
-0.019729
-0.0191112
-0.0182715
-0.0172868
-0.016249
-0.0152363
-0.0142947
-0.0134384
-0.0126632
-0.0119576
-0.0113103
-0.0107045
-0.0100755
-0.00917642
-0.00791376
-0.00301973
-0.00304722
-0.00312228
-0.00323619
-0.00338632
-0.00357391
-0.00380561
-0.00409282
-0.00445177
-0.00490563
-0.00548427
-0.00622602
-0.00716904
-0.00833123
-0.0097034
-0.011233
-0.0128232
-0.0143536
-0.0157408
-0.0169364
-0.017912
-0.0186475
-0.0191254
-0.0193304
-0.0192568
-0.0189057
-0.0182947
-0.0174764
-0.0165287
-0.0155405
-0.0145854
-0.0137042
-0.0129076
-0.0121882
-0.0115329
-0.0109328
-0.0103949
-0.00988146
-0.00917157
-0.00833488
-0.00314286
-0.00316531
-0.00322918
-0.00332904
-0.00346579
-0.00364106
-0.00385966
-0.00413038
-0.00446615
-0.00488552
-0.00541299
-0.0060793
-0.00691891
-0.00795004
-0.00916724
-0.0105401
-0.0119954
-0.0134333
-0.0147651
-0.0159289
-0.016884
-0.0176032
-0.0180664
-0.0182588
-0.0181775
-0.017829
-0.0172362
-0.0164555
-0.015565
-0.0146474
-0.0137681
-0.0129607
-0.0122316
-0.0115706
-0.0109628
-0.0104022
-0.00992198
-0.00948177
-0.00892834
-0.00840639
-0.00324061
-0.00325802
-0.00331014
-0.0033946
-0.00351545
-0.00367523
-0.00387732
-0.00412824
-0.0044379
-0.0048206
-0.00529568
-0.00588855
-0.00662555
-0.007526
-0.00858742
-0.00979008
-0.0110848
-0.0123931
-0.013633
-0.0147357
-0.0156506
-0.0163423
-0.0167864
-0.016967
-0.0168834
-0.0165481
-0.0159907
-0.0152678
-0.0144538
-0.0136228
-0.0128304
-0.0121033
-0.0114445
-0.0108411
-0.0102773
-0.00974868
-0.00931391
-0.00891028
-0.00850315
-0.0081796
-0.00331521
-0.00332739
-0.00336729
-0.00343533
-0.0035382
-0.00367974
-0.00386259
-0.00409144
-0.0043735
-0.00471933
-0.0051439
-0.00566768
-0.00630984
-0.00708626
-0.00799994
-0.00903469
-0.0101579
-0.0113114
-0.0124266
-0.013437
-0.0142872
-0.0149355
-0.0153537
-0.0155247
-0.0154481
-0.0151402
-0.0146365
-0.0139894
-0.0132657
-0.0125294
-0.0118265
-0.0111784
-0.0105861
-0.0100357
-0.00951085
-0.00900768
-0.00860926
-0.0082116
-0.00793182
-0.0077272
-0.00336932
-0.0033761
-0.00340337
-0.00345412
-0.00353732
-0.00365844
-0.00381997
-0.00402536
-0.00427957
-0.00459004
-0.0049683
-0.00542939
-0.00598766
-0.00665392
-0.00743362
-0.00831521
-0.00927329
-0.010266
-0.0112383
-0.0121331
-0.0128973
-0.0134872
-0.0138719
-0.0140348
-0.013975
-0.0137074
-0.0132684
-0.0127056
-0.0120752
-0.0114309
-0.0108109
-0.0102329
-0.00969753
-0.00919211
-0.00869922
-0.0082132
-0.00784142
-0.00743775
-0.00726202
-0.00711871
-0.00340582
-0.00340723
-0.0034215
-0.00345401
-0.00351619
-0.00361521
-0.00375395
-0.0039352
-0.00416219
-0.00443992
-0.00477691
-0.00518334
-0.00566983
-0.00624406
-0.00690903
-0.00765761
-0.00846956
-0.00931345
-0.0101459
-0.010919
-0.0115869
-0.0121093
-0.012456
-0.0126108
-0.012571
-0.0123493
-0.0119757
-0.0114927
-0.0109471
-0.0103827
-0.00983103
-0.00930837
-0.00881725
-0.00834558
-0.00787541
-0.00739934
-0.00705241
-0.00661795
-0.00654113
-0.00640837
-0.00342783
-0.00342395
-0.00342482
-0.00343815
-0.00347814
-0.00355377
-0.00366875
-0.00382576
-0.00402678
-0.00427494
-0.00457605
-0.00493671
-0.00536389
-0.00586316
-0.0064354
-0.00707493
-0.00776543
-0.00848185
-0.00919121
-0.00985381
-0.0104302
-0.0108857
-0.0111931
-0.011337
-0.0113149
-0.0111345
-0.0108187
-0.010403
-0.00992632
-0.0094236
-0.00892256
-0.00843947
-0.0079772
-0.00752506
-0.00706761
-0.00659426
-0.00626955
-0.00578284
-0.0058017
-0.00561184
-0.00343861
-0.00342945
-0.0034164
-0.00340953
-0.00342619
-0.00347744
-0.00356816
-0.00370129
-0.00387802
-0.00410001
-0.00437076
-0.0046942
-0.00507446
-0.00551467
-0.00601441
-0.00656815
-0.00716298
-0.00777755
-0.00838506
-0.00895456
-0.00945309
-0.00985038
-0.0101228
-0.0102546
-0.0102429
-0.0100944
-0.00982561
-0.00946231
-0.00903594
-0.00857733
-0.00811074
-0.00765039
-0.00720046
-0.00675409
-0.0062994
-0.00582273
-0.00552288
-0.00496189
-0.00504986
-0.00470291
-0.00344148
-0.00342693
-0.00339911
-0.00337081
-0.00336301
-0.00338912
-0.00345547
-0.00356546
-0.00371985
-0.0039191
-0.00416484
-0.00445897
-0.00480337
-0.0051989
-0.00564393
-0.00613254
-0.00665384
-0.0071906
-0.00771951
-0.00821465
-0.00864967
-0.00899904
-0.00924145
-0.00936348
-0.00935942
-0.00923361
-0.00899907
-0.00867468
-0.00828484
-0.00785561
-0.00740785
-0.00695514
-0.00650328
-0.00604989
-0.00558829
-0.00510397
-0.00483795
-0.00417541
-0.00432547
-0.00370393
-0.00343998
-0.00341966
-0.00337556
-0.00332431
-0.00329087
-0.00329129
-0.00333343
-0.00342119
-0.0035552
-0.00373496
-0.00396062
-0.00423236
-0.00455026
-0.00491336
-0.00531869
-0.00575993
-0.00622679
-0.00670479
-0.00717485
-0.00761428
-0.0080004
-0.00831219
-0.008531
-0.00864415
-0.00864591
-0.00853754
-0.00832813
-0.00803277
-0.00766972
-0.00725897
-0.00681876
-0.00636241
-0.00589727
-0.00542546
-0.00494608
-0.004447
-0.0042167
-0.00341757
-0.00375543
-0.00276518
-0.00343821
-0.00341129
-0.00334818
-0.00327215
-0.00321186
-0.00318598
-0.00320395
-0.00327009
-0.00338499
-0.00354768
-0.00375721
-0.00401229
-0.00431138
-0.00465192
-0.00502966
-0.00543787
-0.00586653
-0.00630244
-0.00672942
-0.00712812
-0.00747853
-0.0077628
-0.00796501
-0.00807274
-0.00807993
-0.00798619
-0.0077971
-0.00752399
-0.00718152
-0.00678441
-0.0063466
-0.00588029
-0.00539387
-0.00489338
-0.00438266
-0.00385285
-0.00362609
-0.00264166
-0.00337411
-0.00187824
-0.00344105
-0.00340554
-0.00331921
-0.00321619
-0.00312754
-0.00307421
-0.00306707
-0.00311105
-0.00320696
-0.00335356
-0.00354905
-0.00379099
-0.00407645
-0.00440151
-0.00476081
-0.00514704
-0.00555042
-0.00595849
-0.00635663
-0.00672807
-0.00705508
-0.00732175
-0.00751435
-0.00762139
-0.0076363
-0.00755743
-0.00738835
-0.00713673
-0.00681342
-0.00642928
-0.00599452
-0.0055185
-0.00500792
-0.00447015
-0.00391157
-0.00332634
-0.00302842
-0.00180341
-0.00279354
-0.000243985
-0.00345868
-0.00340737
-0.00329272
-0.0031583
-0.00303668
-0.00295123
-0.00291477
-0.00293343
-0.00300828
-0.00313794
-0.00331982
-0.00355039
-0.00382554
-0.00414018
-0.00448801
-0.00486114
-0.00524977
-0.00564202
-0.00602431
-0.00638161
-0.00669816
-0.00695917
-0.00715202
-0.00726642
-0.0072943
-0.00723479
-0.00708969
-0.00686312
-0.0065622
-0.00619449
-0.00576716
-0.00528621
-0.00475495
-0.00417665
-0.00355751
-0.00289441
-0.00244429
-0.000934931
-0.00146538
0.00325679
-0.00350001
-0.00341877
-0.00326673
-0.00308951
-0.00292056
-0.00279006
-0.00271431
-0.00270104
-0.00275119
-0.0028625
-0.00303124
-0.00325263
-0.00352128
-0.003831
-0.0041747
-0.00454398
-0.00492888
-0.00531784
-0.00569798
-0.0060555
-0.00637603
-0.00664577
-0.0068522
-0.00698499
-0.00703701
-0.00700526
-0.00688966
-0.00669329
-0.00642007
-0.00607384
-0.00565851
-0.00517784
-0.00463153
-0.00401357
-0.00331932
-0.00252907
-0.00184386
4.48472e-05
0.000371269
0.00719087
-0.00364479
-0.00350329
-0.00327442
-0.00301154
-0.00276176
-0.0025646
-0.00243889
-0.00239001
-0.00241563
-0.00251094
-0.00267025
-0.0028871
-0.0031546
-0.00346563
-0.00381269
-0.00418738
-0.00457972
-0.00497838
-0.00537073
-0.00574307
-0.00608107
-0.00637103
-0.0066012
-0.00676202
-0.00684641
-0.00684867
-0.00676675
-0.00660131
-0.00635478
-0.00602975
-0.00562751
-0.00514592
-0.00457829
-0.00390633
-0.00308789
-0.00199761
-0.000735236
0.0021076
0.00253931
0.00767741
-0.00365412
-0.00336273
-0.00305589
-0.00277016
-0.00249054
-0.00226075
-0.00211064
-0.00204802
-0.00206764
-0.00216175
-0.00232359
-0.00254509
-0.00281876
-0.00313732
-0.00349295
-0.00387699
-0.00427988
-0.00469069
-0.00509712
-0.00548577
-0.00584264
-0.00615419
-0.00640855
-0.00659582
-0.00670786
-0.00673817
-0.00668332
-0.00654254
-0.00631681
-0.00600669
-0.00561003
-0.00511671
-0.00450357
-0.0037084
-0.00260138
-0.000793068
0.0020482
0.00767372
0.00792206
0.0123852
-0.00534838
-0.00471558
-0.00399295
-0.00325916
-0.002689
-0.00230641
-0.00207883
-0.00197545
-0.00197361
-0.00205623
-0.00221096
-0.0024282
-0.00269935
-0.00301654
-0.00337177
-0.00375636
-0.00416071
-0.00457396
-0.00498396
-0.00537756
-0.00574095
-0.00606062
-0.00632432
-0.00652148
-0.00664327
-0.00668295
-0.0066365
-0.00650205
-0.00627864
-0.00596396
-0.00555063
-0.0050154
-0.00430436
-0.0032845
-0.00167323
0.0012834
0.00659271
0.0167401
0.0224387
0.0520758
-0.003394
0.000264474
0.000327559
-0.000686399
-0.00117917
-0.00128958
-0.00135406
-0.0014523
-0.00157997
-0.00174454
-0.00195492
-0.00221207
-0.00251223
-0.00285045
-0.00322095
-0.00361653
-0.00402846
-0.00444652
-0.00485909
-0.00525345
-0.00561631
-0.00593456
-0.0061962
-0.00639087
-0.00651004
-0.00654728
-0.00649812
-0.00636006
-0.00613017
-0.00580198
-0.00535747
-0.00475708
-0.003918
-0.00266533
-0.000726554
0.00263507
0.00806379
0.0200844
0.0414633
0.133122
)
;

boundaryField
{
    movingWall
    {
        type            zeroGradient;
    }
    fixedWalls
    {
        type            zeroGradient;
    }
    frontAndBack
    {
        type            empty;
    }
}


// ************************************************************************* //
