/*--------------------------------*- C++ -*----------------------------------*\
| =========                 |                                                 |
| \\      /  F ield         | OpenFOAM: The Open Source CFD Toolbox           |
|  \\    /   O peration     | Version:  2412                                  |
|   \\  /    A nd           | Website:  www.openfoam.com                      |
|    \\/     M anipulation  |                                                 |
\*---------------------------------------------------------------------------*/
FoamFile
{
    version     2.0;
    format      ascii;
    arch        "LSB;label=32;scalar=64";
    class       surfaceScalarField;
    location    "2";
    object      phi;
}
// * * * * * * * * * * * * * * * * * * * * * * * * * * * * * * * * * * * * * //

dimensions      [0 3 -1 0 0 0 0];

oriented        oriented;

internalField   nonuniform List<scalar> 
3120
(
1.32821e-08
-1.32831e-08
1.66256e-08
-3.34351e-09
6.10002e-09
1.05254e-08
-1.37445e-08
1.98445e-08
-3.80962e-08
2.43516e-08
-6.4309e-08
2.62128e-08
-9.17336e-08
2.74246e-08
-1.2107e-07
2.93367e-08
-1.53694e-07
3.26239e-08
-1.91222e-07
3.75281e-08
-2.35349e-07
4.41268e-08
-2.87842e-07
5.24929e-08
-3.50424e-07
6.2582e-08
-4.24599e-07
7.41749e-08
-5.11327e-07
8.67282e-08
-6.1053e-07
9.92035e-08
-7.20529e-07
1.09998e-07
-8.37647e-07
1.17118e-07
-9.56077e-07
1.1843e-07
-1.06815e-06
1.12073e-07
-1.16513e-06
9.69789e-08
-1.23802e-06
7.289e-08
-1.27852e-06
4.05036e-08
-1.28123e-06
2.71034e-09
-1.23966e-06
-4.1569e-08
-1.15431e-06
-8.53544e-08
-1.02779e-06
-1.26521e-07
-8.6686e-07
-1.60928e-07
-6.82285e-07
-1.84575e-07
-4.88224e-07
-1.94061e-07
-3.01246e-07
-1.86979e-07
-1.38266e-07
-1.6298e-07
-1.1984e-08
-1.26282e-07
7.21737e-08
-8.41577e-08
1.13441e-07
-4.12671e-08
1.19773e-07
-6.33189e-09
1.00603e-07
1.91702e-08
6.672e-08
3.38826e-08
2.83609e-08
3.83591e-08
2.83609e-08
2.89626e-09
-1.61794e-08
-1.35148e-08
1.30675e-08
-5.0425e-08
4.74355e-08
-1.01837e-07
7.12562e-08
-1.61808e-07
8.43233e-08
-2.26524e-07
9.09285e-08
-2.94578e-07
9.54779e-08
-3.66059e-07
1.00818e-07
-4.41869e-07
1.08434e-07
-5.23346e-07
1.19005e-07
-6.12145e-07
1.32926e-07
-7.10144e-07
1.50492e-07
-8.19231e-07
1.71669e-07
-9.40697e-07
1.9564e-07
-1.07443e-06
2.20459e-07
-1.21833e-06
2.43108e-07
-1.36807e-06
2.5974e-07
-1.51721e-06
2.66254e-07
-1.65782e-06
2.59041e-07
-1.78132e-06
2.35572e-07
-1.87919e-06
1.94853e-07
-1.94367e-06
1.37362e-07
-1.96827e-06
6.51065e-08
-1.94684e-06
-1.87141e-08
-1.87714e-06
-1.11268e-07
-1.75696e-06
-2.05541e-07
-1.58885e-06
-2.94626e-07
-1.37884e-06
-3.70941e-07
-1.13691e-06
-4.26506e-07
-8.77285e-07
-4.53685e-07
-6.17504e-07
-4.46759e-07
-3.76361e-07
-4.04123e-07
-1.72281e-07
-3.30361e-07
-2.13379e-08
-2.35101e-07
7.28716e-08
-1.35477e-07
1.13575e-07
-4.70352e-08
1.12958e-07
1.97868e-08
8.33769e-08
6.3464e-08
3.84466e-08
8.32894e-08
6.68076e-08
-1.66815e-08
5.02194e-10
-5.87133e-08
5.50993e-08
-1.20139e-07
1.08861e-07
-1.95018e-07
1.46136e-07
-2.79491e-07
1.68796e-07
-3.70998e-07
1.82436e-07
-4.67748e-07
1.92227e-07
-5.68634e-07
2.01705e-07
-6.7333e-07
2.1313e-07
-7.82569e-07
2.28243e-07
-8.98276e-07
2.48634e-07
-1.02313e-06
2.75342e-07
-1.15952e-06
3.08059e-07
-1.30848e-06
3.44601e-07
-1.46897e-06
3.80956e-07
-1.63769e-06
4.11821e-07
-1.80924e-06
4.31297e-07
-1.97685e-06
4.33861e-07
-2.13325e-06
4.15439e-07
-2.2712e-06
3.7352e-07
-2.38357e-06
3.07229e-07
-2.46343e-06
2.17218e-07
-2.5039e-06
1.05581e-07
-2.49914e-06
-2.34822e-08
-2.4423e-06
-1.68108e-07
-2.33011e-06
-3.17723e-07
-2.16131e-06
-4.63433e-07
-1.93791e-06
-5.94342e-07
-1.6664e-06
-6.98014e-07
-1.35894e-06
-7.61137e-07
-1.0336e-06
-7.72103e-07
-7.13269e-07
-7.24455e-07
-4.23591e-07
-6.2004e-07
-1.88883e-07
-4.69809e-07
-2.67647e-08
-2.97595e-07
6.12526e-08
-1.35052e-07
8.81043e-08
-7.06489e-09
7.39981e-08
7.75702e-08
3.69819e-08
1.20306e-07
1.03789e-07
-3.67974e-08
3.72997e-08
-1.02311e-07
1.20613e-07
-1.8334e-07
1.8989e-07
-2.75378e-07
2.38173e-07
-3.76183e-07
2.69601e-07
-4.83968e-07
2.90221e-07
-5.97035e-07
3.05294e-07
-7.14065e-07
3.18735e-07
-8.34792e-07
3.33857e-07
-9.60604e-07
3.54055e-07
-1.09438e-06
3.8241e-07
-1.23951e-06
4.20473e-07
-1.39858e-06
4.67127e-07
-1.57236e-06
5.18378e-07
-1.75944e-06
5.68042e-07
-1.95634e-06
6.08723e-07
-2.15809e-06
6.33039e-07
-2.35867e-06
6.34442e-07
-2.55168e-06
6.08456e-07
-2.73016e-06
5.51998e-07
-2.88624e-06
4.6331e-07
-3.01149e-06
3.42466e-07
-3.09728e-06
1.91367e-07
-3.13579e-06
1.5029e-08
-3.11912e-06
-1.84781e-07
-3.04072e-06
-3.96116e-07
-2.89447e-06
-6.09681e-07
-2.67702e-06
-8.11793e-07
-2.39014e-06
-9.84904e-07
-2.04175e-06
-1.10952e-06
-1.64835e-06
-1.1655e-06
-1.23483e-06
-1.13798e-06
-8.32882e-07
-1.02198e-06
-4.77054e-07
-8.25637e-07
-2.00705e-07
-5.73944e-07
-2.69563e-08
-3.08801e-07
4.95483e-08
-8.35695e-08
5.83513e-08
6.87673e-08
3.2296e-08
1.46361e-07
1.36085e-07
-5.52911e-08
9.25908e-08
-1.39262e-07
2.04584e-07
-2.35232e-07
2.85861e-07
-3.39568e-07
3.42509e-07
-4.51021e-07
3.81054e-07
-5.68361e-07
4.07562e-07
-6.9029e-07
4.27222e-07
-8.16142e-07
4.44586e-07
-9.46706e-07
4.64422e-07
-1.08467e-06
4.92019e-07
-1.23406e-06
5.31803e-07
-1.39899e-06
5.85398e-07
-1.58234e-06
6.50482e-07
-1.78503e-06
7.21066e-07
-2.00578e-06
7.88791e-07
-2.24141e-06
8.44351e-07
-2.48735e-06
8.78984e-07
-2.73734e-06
8.84434e-07
-2.98324e-06
8.54356e-07
-3.21558e-06
7.84335e-07
-3.42373e-06
6.71454e-07
-3.59704e-06
5.15784e-07
-3.72658e-06
3.20908e-07
-3.80385e-06
9.22911e-08
-3.824e-06
-1.64628e-07
-3.77986e-06
-4.40257e-07
-3.66669e-06
-7.22851e-07
-3.47891e-06
-9.99574e-07
-3.2101e-06
-1.25372e-06
-2.8574e-06
-1.46222e-06
-2.42591e-06
-1.59699e-06
-1.93441e-06
-1.62948e-06
-1.41857e-06
-1.53782e-06
-9.2407e-07
-1.32014e-06
-4.98749e-07
-9.99265e-07
-1.87139e-07
-6.20411e-07
-1.56002e-08
-2.55108e-07
3.75797e-08
1.55874e-08
2.75955e-08
1.56345e-07
1.63681e-07
-7.00296e-08
1.6262e-07
-1.67977e-07
3.02532e-07
-2.74884e-07
3.92767e-07
-3.87666e-07
4.55291e-07
-5.0574e-07
4.99128e-07
-6.28476e-07
5.30298e-07
-7.55374e-07
5.54121e-07
-8.86929e-07
5.76141e-07
-1.02542e-06
6.02911e-07
-1.17504e-06
6.41646e-07
-1.34108e-06
6.97836e-07
-1.52836e-06
7.72683e-07
-1.74006e-06
8.6218e-07
-1.97706e-06
9.58063e-07
-2.23782e-06
1.04956e-06
-2.51869e-06
1.12522e-06
-2.81316e-06
1.17346e-06
-3.11145e-06
1.18272e-06
-3.40022e-06
1.14313e-06
-3.66574e-06
1.04986e-06
-3.89614e-06
9.01851e-07
-4.08202e-06
7.01667e-07
-4.21675e-06
4.55643e-07
-4.29784e-06
1.73373e-07
-4.3285e-06
-1.33961e-07
-4.31149e-06
-4.57266e-07
-4.24188e-06
-7.92459e-07
-4.11141e-06
-1.13004e-06
-3.90757e-06
-1.45756e-06
-3.61487e-06
-1.75492e-06
-3.2202e-06
-1.99167e-06
-2.72166e-06
-2.12801e-06
-2.13904e-06
-2.12044e-06
-1.52072e-06
-1.93846e-06
-9.37155e-07
-1.58283e-06
-4.5723e-07
-1.10034e-06
-1.37518e-07
-5.7482e-07
1.86886e-09
-1.238e-07
2.21221e-08
1.36092e-07
1.85803e-07
-8.07e-08
2.43321e-07
-1.88509e-07
4.1034e-07
-3.0288e-07
5.07138e-07
-4.20982e-07
5.73393e-07
-5.42827e-07
6.20972e-07
-6.68531e-07
6.56003e-07
-7.98647e-07
6.84237e-07
-9.35032e-07
7.12525e-07
-1.08152e-06
7.49397e-07
-1.24375e-06
8.03878e-07
-1.42805e-06
8.82135e-07
-1.63969e-06
9.84325e-07
-1.8815e-06
1.10399e-06
-2.15351e-06
1.23007e-06
-2.45321e-06
1.34926e-06
-2.7736e-06
1.44561e-06
-3.10134e-06
1.5012e-06
-3.41965e-06
1.50103e-06
-3.71139e-06
1.43487e-06
-3.96007e-06
1.29853e-06
-4.15414e-06
1.09592e-06
-4.2907e-06
8.38225e-07
-4.37629e-06
5.41233e-07
-4.42214e-06
2.19221e-07
-4.43727e-06
-1.18831e-07
-4.42887e-06
-4.65659e-07
-4.39936e-06
-8.21969e-07
-4.34285e-06
-1.18655e-06
-4.24356e-06
-1.55685e-06
-4.07563e-06
-1.92285e-06
-3.80683e-06
-2.26047e-06
-3.4082e-06
-2.52664e-06
-2.86773e-06
-2.66091e-06
-2.20811e-06
-2.59808e-06
-1.49875e-06
-2.29219e-06
-8.4472e-07
-1.75437e-06
-3.44028e-07
-1.07551e-06
-6.226e-08
-4.05568e-07
1.45646e-08
5.92673e-08
2.00368e-07
-8.74736e-08
3.30794e-07
-2.01508e-07
5.24375e-07
-3.20366e-07
6.25996e-07
-4.41301e-07
6.94328e-07
-5.6485e-07
7.44521e-07
-6.91964e-07
7.83117e-07
-8.24363e-07
8.16636e-07
-9.65297e-07
8.53459e-07
-1.12003e-06
9.04133e-07
-1.29534e-06
9.79184e-07
-1.49791e-06
1.0847e-06
-1.7325e-06
1.21891e-06
-2.00101e-06
1.37251e-06
-2.30236e-06
1.53141e-06
-2.62907e-06
1.67597e-06
-2.96575e-06
1.78229e-06
-3.29267e-06
1.82811e-06
-3.58784e-06
1.7962e-06
-3.82989e-06
1.67692e-06
-4.00476e-06
1.47341e-06
-4.11221e-06
1.20336e-06
-4.16409e-06
8.90102e-07
-4.17694e-06
5.54086e-07
-4.16683e-06
2.0911e-07
-4.14833e-06
-1.37327e-07
-4.13071e-06
-4.83282e-07
-4.12046e-06
-8.32216e-07
-4.11749e-06
-1.18953e-06
-4.11275e-06
-1.56159e-06
-4.08416e-06
-1.95144e-06
-3.99294e-06
-2.35169e-06
-3.78633e-06
-2.73325e-06
-3.41224e-06
-3.035e-06
-2.84611e-06
-3.16421e-06
-2.11816e-06
-3.02014e-06
-1.33197e-06
-2.54056e-06
-6.42848e-07
-1.76463e-06
-1.81954e-07
-8.66461e-07
-4.88987e-09
-1.17797e-07
1.95478e-07
-9.07147e-08
4.21509e-07
-2.07765e-07
6.41426e-07
-3.2847e-07
7.46701e-07
-4.50076e-07
8.15934e-07
-5.73678e-07
8.68123e-07
-7.01085e-07
9.10524e-07
-8.351e-07
9.50651e-07
-9.80148e-07
9.98507e-07
-1.1425e-06
1.06648e-06
-1.32934e-06
1.16603e-06
-1.54693e-06
1.30229e-06
-1.79898e-06
1.47097e-06
-2.0863e-06
1.65982e-06
-2.40283e-06
1.84795e-06
-2.73298e-06
2.00611e-06
-3.05541e-06
2.10473e-06
-3.34508e-06
2.11779e-06
-3.57563e-06
2.02675e-06
-3.72981e-06
1.8311e-06
-3.80904e-06
1.55263e-06
-3.8287e-06
1.22303e-06
-3.80917e-06
8.70571e-07
-3.76895e-06
5.13869e-07
-3.72243e-06
1.62586e-07
-3.67909e-06
-1.80662e-07
-3.64503e-06
-5.17341e-07
-3.62712e-06
-8.50131e-07
-3.63159e-06
-1.18506e-06
-3.66163e-06
-1.53155e-06
-3.71137e-06
-1.9017e-06
-3.75696e-06
-2.3061e-06
-3.74824e-06
-2.74197e-06
-3.60955e-06
-3.17369e-06
-3.26089e-06
-3.51287e-06
-2.66278e-06
-3.61824e-06
-1.86481e-06
-3.33853e-06
-1.0266e-06
-2.60284e-06
-3.66e-07
-1.52706e-06
-3.97069e-08
-4.4409e-07
1.55771e-07
-9.08453e-08
5.12354e-07
-2.08005e-07
7.58586e-07
-3.28184e-07
8.6688e-07
-4.48674e-07
9.36424e-07
-5.70954e-07
9.90403e-07
-6.97563e-07
1.03713e-06
-8.3218e-07
1.08527e-06
-9.80015e-07
1.14634e-06
-1.14771e-06
1.23418e-06
-1.34215e-06
1.36046e-06
-1.56857e-06
1.52871e-06
-1.82962e-06
1.73202e-06
-2.12254e-06
1.95274e-06
-2.43392e-06
2.15933e-06
-2.7433e-06
2.31549e-06
-3.02508e-06
2.38651e-06
-3.24997e-06
2.34268e-06
-3.39656e-06
2.17334e-06
-3.46485e-06
1.8994e-06
-3.47256e-06
1.56034e-06
-3.44277e-06
1.19323e-06
-3.39475e-06
8.22551e-07
-3.34051e-06
4.59631e-07
-3.28564e-06
1.07722e-07
-3.23255e-06
-2.33761e-07
-3.18437e-06
-5.65521e-07
-3.14632e-06
-8.88182e-07
-3.12662e-06
-1.20475e-06
-3.13603e-06
-1.52214e-06
-3.18428e-06
-1.85345e-06
-3.27181e-06
-2.21857e-06
-3.37527e-06
-2.63851e-06
-3.43211e-06
-3.11686e-06
-3.33929e-06
-3.60568e-06
-2.98634e-06
-3.9712e-06
-2.32632e-06
-3.99855e-06
-1.45201e-06
-3.47715e-06
-6.13561e-07
-2.36552e-06
-9.86531e-08
-9.58998e-07
5.71178e-08
-8.83387e-08
6.00693e-07
-2.02933e-07
8.7318e-07
-3.20517e-07
9.84464e-07
-4.38264e-07
1.05417e-06
-5.57853e-07
1.10999e-06
-6.82324e-07
1.1616e-06
-8.15908e-07
1.21885e-06
-9.64109e-07
1.29454e-06
-1.13331e-06
1.40338e-06
-1.32945e-06
1.5566e-06
-1.55666e-06
1.75592e-06
-1.81566e-06
1.99103e-06
-2.09788e-06
2.23496e-06
-2.38563e-06
2.44708e-06
-2.65612e-06
2.58598e-06
-2.88052e-06
2.6109e-06
-3.03266e-06
2.49482e-06
-3.10703e-06
2.2477e-06
-3.12048e-06
1.91285e-06
-3.09778e-06
1.53764e-06
-3.05946e-06
1.15492e-06
-3.01656e-06
7.79641e-07
-2.97198e-06
4.15056e-07
-2.92472e-06
6.04617e-08
-2.87369e-06
-2.84789e-07
-2.8198e-06
-6.19413e-07
-2.76628e-06
-9.41705e-07
-2.71989e-06
-1.25114e-06
-2.69151e-06
-1.55052e-06
-2.69613e-06
-1.84883e-06
-2.75007e-06
-2.16463e-06
-2.86061e-06
-2.52796e-06
-3.00433e-06
-2.97314e-06
-3.10127e-06
-3.50874e-06
-3.01344e-06
-4.05904e-06
-2.60153e-06
-4.41046e-06
-1.83831e-06
-4.24036e-06
-9.1205e-07
-3.29178e-06
-1.98478e-07
-1.67257e-06
-1.41361e-07
-8.35898e-08
6.84283e-07
-1.93202e-07
9.82792e-07
-3.06349e-07
1.09761e-06
-4.19783e-07
1.16761e-06
-5.35198e-07
1.22541e-06
-6.55857e-07
1.28226e-06
-7.86131e-07
1.34913e-06
-9.31336e-07
1.43975e-06
-1.0971e-06
1.56915e-06
-1.28812e-06
1.74762e-06
-1.50712e-06
1.97492e-06
-1.75163e-06
2.23554e-06
-2.00874e-06
2.49206e-06
-2.26014e-06
2.69848e-06
-2.4817e-06
2.80754e-06
-2.64571e-06
2.77492e-06
-2.73738e-06
2.5865e-06
-2.76763e-06
2.27795e-06
-2.7608e-06
1.90601e-06
-2.73904e-06
1.51589e-06
-2.71449e-06
1.13036e-06
-2.68952e-06
7.54675e-07
-2.66148e-06
3.87009e-07
-2.62664e-06
2.56301e-08
-2.58275e-06
-3.28689e-07
-2.52942e-06
-6.72736e-07
-2.46879e-06
-1.00234e-06
-2.40595e-06
-1.31398e-06
-2.34942e-06
-1.60705e-06
-2.31199e-06
-1.88626e-06
-2.31177e-06
-2.16485e-06
-2.37036e-06
-2.46937e-06
-2.49997e-06
-2.84353e-06
-2.67161e-06
-3.3371e-06
-2.77675e-06
-3.95389e-06
-2.63408e-06
-4.55313e-06
-2.09343e-06
-4.78101e-06
-1.20719e-06
-4.17802e-06
-3.316e-07
-2.54816e-06
-4.72961e-07
-7.67268e-08
7.6101e-07
-1.79416e-07
1.08548e-06
-2.86447e-07
1.20464e-06
-3.94018e-07
1.27518e-06
-5.03652e-07
1.33504e-06
-6.18546e-07
1.39716e-06
-7.42792e-07
1.47337e-06
-8.81116e-07
1.57807e-06
-1.038e-06
1.72603e-06
-1.21675e-06
1.92638e-06
-1.4185e-06
2.17667e-06
-1.63736e-06
2.4544e-06
-1.85968e-06
2.71438e-06
-2.06814e-06
2.90694e-06
-2.23931e-06
2.9787e-06
-2.35174e-06
2.88735e-06
-2.40462e-06
2.63939e-06
-2.41753e-06
2.29086e-06
-2.41333e-06
1.90181e-06
-2.40665e-06
1.50922e-06
-2.40152e-06
1.12523e-06
-2.39529e-06
7.48446e-07
-2.38321e-06
3.74925e-07
-2.36081e-06
3.22849e-09
-2.32534e-06
-3.6415e-07
-2.27579e-06
-7.22292e-07
-2.21369e-06
-1.06444e-06
-2.14332e-06
-1.38434e-06
-2.07164e-06
-1.67873e-06
-2.00849e-06
-1.94941e-06
-1.9679e-06
-2.20545e-06
-1.97032e-06
-2.46696e-06
-2.04146e-06
-2.77238e-06
-2.19417e-06
-3.1844e-06
-2.3811e-06
-3.76696e-06
-2.4465e-06
-4.48773e-06
-2.16614e-06
-5.06138e-06
-1.4341e-06
-4.91006e-06
-4.96343e-07
-3.48592e-06
-9.69303e-07
-6.79759e-08
8.28986e-07
-1.62136e-07
1.17964e-06
-2.61507e-07
1.30401e-06
-3.61704e-07
1.37537e-06
-4.63885e-07
1.43722e-06
-5.7091e-07
1.50418e-06
-6.86266e-07
1.58873e-06
-8.1373e-07
1.70554e-06
-9.56432e-07
1.86873e-06
-1.11625e-06
2.0862e-06
-1.29262e-06
2.35304e-06
-1.47795e-06
2.63973e-06
-1.66023e-06
2.89666e-06
-1.82411e-06
3.07082e-06
-1.95001e-06
3.1046e-06
-2.02552e-06
2.96285e-06
-2.05941e-06
2.67327e-06
-2.07191e-06
2.30336e-06
-2.07982e-06
1.90972e-06
-2.09028e-06
1.51967e-06
-2.10238e-06
1.13733e-06
-2.11173e-06
7.57794e-07
-2.11328e-06
3.76474e-07
-2.10211e-06
-7.93934e-09
-2.07553e-06
-3.9073e-07
-2.03169e-06
-7.66137e-07
-1.97172e-06
-1.1244e-06
-1.8996e-06
-1.45646e-06
-1.82181e-06
-1.75653e-06
-1.74667e-06
-2.02455e-06
-1.68458e-06
-2.26754e-06
-1.65021e-06
-2.50132e-06
-1.66649e-06
-2.75611e-06
-1.76237e-06
-3.08851e-06
-1.94259e-06
-3.58674e-06
-2.11751e-06
-4.31281e-06
-2.0621e-06
-5.11679e-06
-1.54697e-06
-5.42519e-06
-6.53058e-07
-4.37983e-06
-1.62236e-06
-5.76973e-08
8.86683e-07
-1.41895e-07
1.26384e-06
-2.32209e-07
1.39433e-06
-3.23601e-07
1.46677e-06
-4.16693e-07
1.53031e-06
-5.13774e-07
1.60126e-06
-6.1754e-07
1.6925e-06
-7.30494e-07
1.81849e-06
-8.54439e-07
1.99268e-06
-9.89817e-07
2.22157e-06
-1.13463e-06
2.49785e-06
-1.28167e-06
2.78676e-06
-1.42175e-06
3.03674e-06
-1.54299e-06
3.19207e-06
-1.63182e-06
3.19344e-06
-1.68407e-06
3.0151e-06
-1.71173e-06
2.70094e-06
-1.73092e-06
2.32255e-06
-1.75161e-06
1.93041e-06
-1.77575e-06
1.54382e-06
-1.80053e-06
1.16211e-06
-1.82145e-06
7.78712e-07
-1.83376e-06
3.88786e-07
-1.83279e-06
-8.9088e-09
-1.8152e-06
-4.08327e-07
-1.77878e-06
-8.02558e-07
-1.72407e-06
-1.17911e-06
-1.65472e-06
-1.52581e-06
-1.57714e-06
-1.83411e-06
-1.4993e-06
-2.10239e-06
-1.42975e-06
-2.33709e-06
-1.37851e-06
-2.55256e-06
-1.36117e-06
-2.77345e-06
-1.40419e-06
-3.04548e-06
-1.53654e-06
-3.4544e-06
-1.7341e-06
-4.11524e-06
-1.82899e-06
-5.0219e-06
-1.53555e-06
-5.71863e-06
-7.53459e-07
-5.16192e-06
-2.37582e-06
-4.62581e-08
9.32941e-07
-1.19256e-07
1.33684e-06
-1.99285e-07
1.47436e-06
-2.80591e-07
1.54807e-06
-3.63101e-07
1.61282e-06
-4.48373e-07
1.68654e-06
-5.38192e-07
1.78231e-06
-6.33738e-07
1.91404e-06
-7.35361e-07
2.0943e-06
-8.42343e-07
2.32855e-06
-9.51881e-07
2.60739e-06
-1.05842e-06
2.89331e-06
-1.1562e-06
3.13452e-06
-1.23808e-06
3.27394e-06
-1.29746e-06
3.25282e-06
-1.33551e-06
3.05315e-06
-1.36267e-06
2.7281e-06
-1.38912e-06
2.349e-06
-1.4192e-06
1.96048e-06
-1.45208e-06
1.5767e-06
-1.48458e-06
1.19461e-06
-1.51281e-06
8.0694e-07
-1.53269e-06
4.08667e-07
-1.54036e-06
-1.23885e-09
-1.53172e-06
-4.16966e-07
-1.50449e-06
-8.2979e-07
-1.45836e-06
-1.22524e-06
-1.3963e-06
-1.58786e-06
-1.32454e-06
-1.90587e-06
-1.25106e-06
-2.17587e-06
-1.18372e-06
-2.40442e-06
-1.12996e-06
-2.60632e-06
-1.09936e-06
-2.80405e-06
-1.11003e-06
-3.03481e-06
-1.19286e-06
-3.37158e-06
-1.36389e-06
-3.94421e-06
-1.52927e-06
-4.85651e-06
-1.41783e-06
-5.83008e-06
-7.93567e-07
-5.78618e-06
-3.16939e-06
-3.40054e-08
9.66946e-07
-9.47701e-08
1.3976e-06
-1.63534e-07
1.54312e-06
-2.33743e-07
1.61828e-06
-3.04502e-07
1.68358e-06
-3.76527e-07
1.75856e-06
-4.50604e-07
1.85639e-06
-5.2671e-07
1.99014e-06
-6.03775e-07
2.17136e-06
-6.80018e-07
2.4048e-06
-7.52483e-07
2.67986e-06
-8.17945e-07
2.95877e-06
-8.7448e-07
3.19105e-06
-9.19833e-07
3.3193e-06
-9.54752e-07
3.28774e-06
-9.82687e-07
3.08109e-06
-1.01006e-06
2.75547e-06
-1.04115e-06
2.3801e-06
-1.07617e-06
1.9955e-06
-1.11288e-06
1.61341e-06
-1.14839e-06
1.23011e-06
-1.17972e-06
8.38275e-07
-1.20386e-06
4.32805e-07
-1.2177e-06
1.26036e-08
-1.21765e-06
-4.17013e-07
-1.20112e-06
-8.46326e-07
-1.16693e-06
-1.25942e-06
-1.11697e-06
-1.63782e-06
-1.0568e-06
-1.96605e-06
-9.94202e-07
-2.23847e-06
-9.36714e-07
-2.46191e-06
-8.90412e-07
-2.65263e-06
-8.61294e-07
-2.83317e-06
-8.60089e-07
-3.03601e-06
-9.10042e-07
-3.32162e-06
-1.04109e-06
-3.81317e-06
-1.21946e-06
-4.67813e-06
-1.23202e-06
-5.81752e-06
-7.79229e-07
-6.23897e-06
-3.94862e-06
-2.1349e-08
9.88295e-07
-6.90724e-08
1.44533e-06
-1.25765e-07
1.59981e-06
-1.84034e-07
1.67655e-06
-2.42154e-07
1.7417e-06
-2.99976e-07
1.81638e-06
-3.57265e-07
1.91368e-06
-4.12887e-07
2.04576e-06
-4.6462e-07
2.2231e-06
-5.09552e-07
2.44973e-06
-5.44977e-07
2.71528e-06
-5.70057e-07
2.98385e-06
-5.86772e-07
3.20777e-06
-5.96812e-07
3.32934e-06
-6.08726e-07
3.29965e-06
-6.26557e-07
3.09892e-06
-6.5194e-07
2.78085e-06
-6.83963e-07
2.41212e-06
-7.19731e-07
2.03127e-06
-7.56156e-07
1.64984e-06
-7.90772e-07
1.26473e-06
-8.21583e-07
8.69086e-07
-8.46745e-07
4.57967e-07
-8.64333e-07
3.01914e-08
-8.71734e-07
-4.09613e-07
-8.66545e-07
-8.51515e-07
-8.46979e-07
-1.27899e-06
-8.13622e-07
-1.67118e-06
-7.7082e-07
-2.00885e-06
-7.25603e-07
-2.28369e-06
-6.84859e-07
-2.50265e-06
-6.53709e-07
-2.68378e-06
-6.36175e-07
-2.8507e-06
-6.38274e-07
-3.03391e-06
-6.74839e-07
-3.28506e-06
-7.74357e-07
-3.71365e-06
-9.37881e-07
-4.51461e-06
-1.01809e-06
-5.73731e-06
-7.25781e-07
-6.53128e-06
-4.6744e-06
-8.64637e-09
9.96942e-07
-4.28052e-08
1.47948e-06
-8.68834e-08
1.64389e-06
-1.32647e-07
1.72231e-06
-1.77567e-07
1.78662e-06
-2.20642e-07
1.85946e-06
-2.6072e-07
1.95376e-06
-2.95731e-07
2.08078e-06
-3.22522e-07
2.24989e-06
-3.3734e-07
2.46455e-06
-3.37568e-07
2.71551e-06
-3.24207e-07
2.97049e-06
-3.02026e-07
3.18559e-06
-2.77929e-07
3.30524e-06
-2.64266e-07
3.28599e-06
-2.68528e-07
3.10318e-06
-2.87901e-07
2.80023e-06
-3.16994e-07
2.44121e-06
-3.50172e-07
2.06445e-06
-3.83399e-07
1.68306e-06
-4.14587e-07
1.29592e-06
-4.42465e-07
8.96964e-07
-4.66372e-07
4.81874e-07
-4.85701e-07
4.95198e-08
-4.99103e-07
-3.9621e-07
-5.04903e-07
-8.45715e-07
-5.01283e-07
-1.28261e-06
-4.8788e-07
-1.68458e-06
-4.67529e-07
-2.0292e-06
-4.45736e-07
-2.30548e-06
-4.28057e-07
-2.52033e-06
-4.18467e-07
-2.69337e-06
-4.19775e-07
-2.84939e-06
-4.3561e-07
-3.01808e-06
-4.7483e-07
-3.24584e-06
-5.58409e-07
-3.63007e-06
-7.0179e-07
-4.37123e-06
-8.06911e-07
-5.63219e-06
-6.44511e-07
-6.69368e-06
-5.31891e-06
3.69025e-09
9.93252e-07
-1.67067e-08
1.49988e-06
-4.78462e-08
1.67503e-06
-8.08834e-08
1.75535e-06
-1.12472e-07
1.81821e-06
-1.40805e-07
1.88779e-06
-1.63948e-07
1.9769e-06
-1.79068e-07
2.0959e-06
-1.82283e-07
2.2531e-06
-1.69323e-07
2.45159e-06
-1.37425e-07
2.68361e-06
-8.86934e-08
2.92176e-06
-2.90012e-08
3.12589e-06
2.88689e-08
3.24737e-06
7.21493e-08
3.24271e-06
8.76221e-08
3.08771e-06
7.9713e-08
2.80813e-06
5.76079e-08
2.46332e-06
2.97332e-08
2.09232e-06
1.26468e-09
1.71153e-06
-2.51016e-08
1.32228e-06
-4.90944e-08
9.20957e-07
-7.08422e-08
5.03622e-07
-9.07848e-08
6.94624e-08
-1.08964e-07
-3.78032e-07
-1.24788e-07
-8.2989e-07
-1.37191e-07
-1.27021e-06
-1.45686e-07
-1.67609e-06
-1.51695e-07
-2.02319e-06
-1.5839e-07
-2.29878e-06
-1.69109e-07
-2.50962e-06
-1.86235e-07
-2.67624e-06
-2.11528e-07
-2.8241e-06
-2.47568e-07
-2.98204e-06
-3.00317e-07
-3.19309e-06
-3.83675e-07
-3.54671e-06
-5.14161e-07
-4.24074e-06
-6.22799e-07
-5.52356e-06
-5.43035e-07
-6.77344e-06
-5.86194e-06
1.48413e-08
9.7841e-07
8.49526e-09
1.50623e-06
-9.62342e-09
1.69315e-06
-2.99888e-08
1.77572e-06
-4.84632e-08
1.83668e-06
-6.25274e-08
1.90186e-06
-6.95898e-08
1.98396e-06
-6.62341e-08
2.09254e-06
-4.80735e-08
2.23494e-06
-1.04626e-08
2.41398e-06
4.9485e-08
2.62367e-06
1.29729e-07
2.84151e-06
2.23673e-07
3.03195e-06
3.17221e-07
3.15382e-06
3.93173e-07
3.16676e-06
4.35748e-07
3.04513e-06
4.46117e-07
2.79777e-06
4.35799e-07
2.47364e-06
4.16014e-07
2.11211e-06
3.93879e-07
1.73367e-06
3.72321e-07
1.34384e-06
3.51976e-07
9.41303e-07
3.32062e-07
5.23536e-07
3.11374e-07
9.01506e-08
2.88709e-07
-3.55367e-07
2.63323e-07
-8.04504e-07
2.34966e-07
-1.24185e-06
2.03513e-07
-1.64463e-06
1.68656e-07
-1.98833e-06
1.29945e-07
-2.26007e-06
8.69815e-08
-2.46665e-06
3.94209e-08
-2.62868e-06
-1.33705e-08
-2.77131e-06
-7.33594e-08
-2.92205e-06
-1.45549e-07
-3.1209e-06
-2.40139e-07
-3.45212e-06
-3.68892e-07
-4.11199e-06
-4.80032e-07
-5.41242e-06
-4.363e-07
-6.81717e-06
-6.29824e-06
2.52219e-08
9.53189e-07
3.2466e-08
1.49898e-06
2.69811e-08
1.69863e-06
1.89092e-08
1.78379e-06
1.30437e-08
1.84255e-06
1.2449e-08
1.90245e-06
2.01849e-08
1.97623e-06
4.00387e-08
2.07269e-06
7.66539e-08
2.19833e-06
1.34876e-07
2.35575e-06
2.18192e-07
2.54035e-06
3.25096e-07
2.73461e-06
4.48556e-07
2.90849e-06
5.75408e-07
3.02697e-06
6.86453e-07
3.05571e-06
7.63882e-07
2.9677e-06
8.01685e-07
2.75996e-06
8.10257e-07
2.46506e-06
8.02675e-07
2.11969e-06
7.88361e-07
1.74798e-06
7.71949e-07
1.36025e-06
7.54613e-07
9.58638e-07
7.35548e-07
5.42602e-07
7.13068e-07
1.12631e-07
6.85083e-07
-3.27383e-07
6.495e-07
-7.68921e-07
6.04499e-07
-1.19685e-06
5.49009e-07
-1.58914e-06
4.83734e-07
-1.92306e-06
4.11097e-07
-2.18743e-06
3.33881e-07
-2.38944e-06
2.53956e-07
-2.54875e-06
1.71854e-07
-2.68921e-06
8.60521e-08
-2.83625e-06
-8.08464e-09
-3.02676e-06
-1.19447e-07
-3.34076e-06
-2.56021e-07
-3.97541e-06
-3.7654e-07
-5.2919e-06
-3.44658e-07
-6.84905e-06
-6.6429e-06
3.42665e-08
9.18922e-07
5.42294e-08
1.47902e-06
6.10199e-08
1.69184e-06
6.47497e-08
1.78006e-06
7.07636e-08
1.83654e-06
8.25656e-08
1.89065e-06
1.03549e-07
1.95524e-06
1.37685e-07
2.03855e-06
1.89701e-07
2.14631e-06
2.64534e-07
2.28092e-06
3.6598e-07
2.4389e-06
4.93635e-07
2.60695e-06
6.40832e-07
2.76129e-06
7.95993e-07
2.87181e-06
9.41361e-07
2.91035e-06
1.05715e-06
2.85191e-06
1.13126e-06
2.68586e-06
1.16792e-06
2.4284e-06
1.17931e-06
2.1083e-06
1.17667e-06
1.75062e-06
1.1668e-06
1.37012e-06
1.1523e-06
9.73138e-07
1.13294e-06
5.61962e-07
1.10691e-06
1.38657e-07
1.07153e-06
-2.92e-07
1.02357e-06
-7.20959e-07
9.59934e-07
-1.13321e-06
8.79023e-07
-1.50823e-06
7.82717e-07
-1.82675e-06
6.76046e-07
-2.08076e-06
5.64597e-07
-2.27799e-06
4.52402e-07
-2.43656e-06
3.41015e-07
-2.57782e-06
2.29197e-07
-2.72443e-06
1.12517e-07
-2.91008e-06
-1.76577e-08
-3.21059e-06
-1.67198e-07
-3.82587e-06
-3.02225e-07
-5.15687e-06
-2.77719e-07
-6.87356e-06
-6.92062e-06
4.17104e-08
8.77212e-07
7.33209e-08
1.44741e-06
9.17277e-08
1.67344e-06
1.06597e-07
1.76519e-06
1.23648e-07
1.81949e-06
1.46685e-07
1.86761e-06
1.79277e-07
1.92265e-06
2.25414e-07
1.99241e-06
2.89731e-07
2.082e-06
3.77099e-07
2.19355e-06
4.91481e-07
2.32452e-06
6.33464e-07
2.46497e-06
7.9775e-07
2.59701e-06
9.73999e-07
2.69556e-06
1.14796e-06
2.73639e-06
1.30043e-06
2.69944e-06
1.41536e-06
2.57092e-06
1.48896e-06
2.3548e-06
1.52828e-06
2.06898e-06
1.54396e-06
1.73494e-06
1.54444e-06
1.36964e-06
1.5342e-06
9.83379e-07
1.5142e-06
5.8196e-07
1.48298e-06
1.69884e-07
1.43757e-06
-2.46594e-07
1.37409e-06
-6.57475e-07
1.2889e-06
-1.04802e-06
1.18103e-06
-1.40036e-06
1.05409e-06
-1.69982e-06
9.15303e-07
-1.94197e-06
7.72196e-07
-2.13488e-06
6.30167e-07
-2.29453e-06
4.91417e-07
-2.43907e-06
3.54942e-07
-2.58796e-06
2.16342e-07
-2.77148e-06
6.74124e-08
-3.06166e-06
-9.73037e-08
-3.66116e-06
-2.47377e-07
-5.0068e-06
-2.34691e-07
-6.88625e-06
-7.15531e-06
4.73507e-08
8.29861e-07
8.91884e-08
1.40557e-06
1.18389e-07
1.64424e-06
1.43627e-07
1.73995e-06
1.70802e-07
1.79231e-06
2.03879e-07
1.83453e-06
2.46475e-07
1.88005e-06
3.02462e-07
1.93643e-06
3.76222e-07
2.00824e-06
4.72373e-07
2.0974e-06
5.94813e-07
2.20208e-06
7.44877e-07
2.3149e-06
9.19225e-07
2.42266e-06
1.10874e-06
2.50605e-06
1.30192e-06
2.5432e-06
1.48326e-06
2.51811e-06
1.63574e-06
2.41843e-06
1.74956e-06
2.24099e-06
1.82441e-06
1.99413e-06
1.86655e-06
1.69281e-06
1.88368e-06
1.3525e-06
1.88138e-06
9.85678e-07
1.86199e-06
6.01352e-07
1.82478e-06
2.07092e-07
1.76696e-06
-1.88776e-07
1.68519e-06
-5.75701e-07
1.57665e-06
-9.39487e-07
1.44218e-06
-1.2659e-06
1.28735e-06
-1.54498e-06
1.12078e-06
-1.7754e-06
9.5089e-07
-1.965e-06
7.83556e-07
-2.1272e-06
6.21103e-07
-2.27662e-06
4.62665e-07
-2.42952e-06
3.03986e-07
-2.61281e-06
1.37478e-07
-2.89515e-06
-4.29169e-08
-3.48076e-06
-2.06779e-07
-4.84294e-06
-2.10776e-07
-6.88225e-06
-7.36609e-06
5.10255e-08
7.78836e-07
1.01405e-07
1.35519e-06
1.40356e-07
1.60529e-06
1.75102e-07
1.7052e-06
2.11492e-07
1.75592e-06
2.535e-07
1.79253e-06
3.04659e-07
1.8289e-06
3.68614e-07
1.87247e-06
4.49369e-07
1.92748e-06
5.51126e-07
1.99565e-06
6.77531e-07
2.07568e-06
8.30314e-07
2.16212e-06
1.00789e-06
2.24508e-06
1.20329e-06
2.31065e-06
1.40584e-06
2.34066e-06
1.6039e-06
2.32004e-06
1.78309e-06
2.23924e-06
1.93099e-06
2.09309e-06
2.04147e-06
1.88365e-06
2.11469e-06
1.61958e-06
2.15447e-06
1.31273e-06
2.16512e-06
9.7503e-07
2.1494e-06
6.17069e-07
2.10747e-06
2.49028e-07
2.03738e-06
-1.18692e-07
1.93764e-06
-4.75963e-07
1.80777e-06
-8.09616e-07
1.65104e-06
-1.10916e-06
1.47448e-06
-1.36842e-06
1.28708e-06
-1.58801e-06
1.09722e-06
-1.77513e-06
9.10492e-07
-1.94047e-06
7.29095e-07
-2.09522e-06
5.52293e-07
-2.25272e-06
3.76495e-07
-2.43701e-06
1.94747e-07
-2.7134e-06
8.93913e-10
-3.28691e-06
-1.76489e-07
-4.66555e-06
-1.99924e-07
-6.85881e-06
-7.56601e-06
5.26337e-08
7.26202e-07
1.09599e-07
1.29823e-06
1.57042e-07
1.55784e-06
2.00386e-07
1.66186e-06
2.45131e-07
1.71117e-06
2.95104e-07
1.74255e-06
3.53631e-07
1.77037e-06
4.24042e-07
1.80206e-06
5.09886e-07
1.84164e-06
6.14836e-07
1.8907e-06
7.42147e-07
1.94837e-06
8.936e-07
2.01067e-06
1.06854e-06
2.07014e-06
1.26261e-06
2.11658e-06
1.46649e-06
2.13677e-06
1.66981e-06
2.11672e-06
1.86168e-06
2.04738e-06
2.03046e-06
1.92431e-06
2.16716e-06
1.74695e-06
2.26722e-06
1.51952e-06
2.32983e-06
1.25012e-06
2.35612e-06
9.48737e-07
2.34752e-06
6.25671e-07
2.30461e-06
2.9194e-07
2.2269e-06
-4.09833e-08
2.11508e-06
-3.64144e-07
1.97148e-06
-6.66015e-07
1.80127e-06
-9.38949e-07
1.6121e-06
-1.17926e-06
1.4127e-06
-1.3886e-06
1.21072e-06
-1.57315e-06
1.01095e-06
-1.74071e-06
8.15592e-07
-1.89986e-06
6.24629e-07
-2.06175e-06
4.35328e-07
-2.24771e-06
2.40713e-07
-2.51878e-06
3.41312e-08
-3.08033e-06
-1.54125e-07
-4.4773e-06
-1.98095e-07
-6.81484e-06
-7.76411e-06
5.21389e-08
6.74063e-07
1.13468e-07
1.2369e-06
1.67947e-07
1.50336e-06
2.18931e-07
1.61088e-06
2.71241e-07
1.65887e-06
3.28395e-07
1.6854e-06
3.93388e-07
1.70538e-06
4.69157e-07
1.72629e-06
5.58745e-07
1.75205e-06
6.65244e-07
1.7842e-06
7.91385e-07
1.82222e-06
9.38801e-07
1.86325e-06
1.10724e-06
1.9017e-06
1.29406e-06
1.92976e-06
1.49261e-06
1.93822e-06
1.69305e-06
1.91628e-06
1.88578e-06
1.85464e-06
2.06142e-06
1.74867e-06
2.21089e-06
1.59748e-06
2.32718e-06
1.40323e-06
2.40614e-06
1.17115e-06
2.44591e-06
9.08972e-07
2.44599e-06
6.25588e-07
2.40658e-06
3.31356e-07
2.32898e-06
3.66089e-08
2.21454e-06
-2.49698e-07
2.06783e-06
-5.19309e-07
1.89482e-06
-7.65938e-07
1.70309e-06
-9.87525e-07
1.50059e-06
-1.18611e-06
1.29364e-06
-1.36619e-06
1.08657e-06
-1.53364e-06
8.82379e-07
-1.69566e-06
6.81806e-07
-1.86118e-06
4.825e-07
-2.0484e-06
2.78104e-07
-2.31439e-06
6.20221e-08
-2.86425e-06
-1.36109e-07
-4.27917e-06
-2.02835e-07
-6.74812e-06
-7.96694e-06
4.95438e-08
6.24519e-07
1.1278e-07
1.17366e-06
1.7261e-07
1.44353e-06
2.30226e-07
1.55326e-06
2.89403e-07
1.59969e-06
3.53159e-07
1.62164e-06
4.24029e-07
1.63451e-06
5.04488e-07
1.64583e-06
5.97047e-07
1.65949e-06
7.04193e-07
1.67705e-06
8.28101e-07
1.69832e-06
9.70135e-07
1.72122e-06
1.13016e-06
1.74168e-06
1.30618e-06
1.75374e-06
1.49393e-06
1.75047e-06
1.68574e-06
1.72447e-06
1.87223e-06
1.66815e-06
2.04476e-06
1.57614e-06
2.19544e-06
1.4468e-06
2.31711e-06
1.28156e-06
2.40412e-06
1.08415e-06
2.45273e-06
8.60363e-07
2.46085e-06
6.17468e-07
2.42855e-06
3.6365e-07
2.35721e-06
1.07951e-07
2.24901e-06
-1.41502e-07
2.1084e-06
-3.78697e-07
1.94164e-06
-5.99177e-07
1.75561e-06
-8.01494e-07
1.55666e-06
-9.87165e-07
1.35032e-06
-1.15984e-06
1.14138e-06
-1.32471e-06
9.33115e-07
-1.4874e-06
7.26623e-07
-1.65469e-06
5.20265e-07
-1.84204e-06
3.0886e-07
-2.10298e-06
8.60034e-08
-2.64139e-06
-1.20264e-07
-4.0729e-06
-2.12489e-07
-6.65589e-06
-8.17943e-06
4.47994e-08
5.7972e-07
1.07275e-07
1.11119e-06
1.70581e-07
1.38023e-06
2.33771e-07
1.49007e-06
2.99219e-07
1.53424e-06
3.69206e-07
1.55166e-06
4.45673e-07
1.55804e-06
5.30566e-07
1.56094e-06
6.2585e-07
1.56421e-06
7.33419e-07
1.56948e-06
8.54901e-07
1.57683e-06
9.91293e-07
1.58483e-06
1.14247e-06
1.59051e-06
1.30674e-06
1.58947e-06
1.48084e-06
1.57637e-06
1.65954e-06
1.54577e-06
1.83528e-06
1.49241e-06
1.9996e-06
1.41182e-06
2.14485e-06
1.30156e-06
2.2645e-06
1.16191e-06
2.35301e-06
9.95635e-07
2.40615e-06
8.07226e-07
2.42129e-06
6.02332e-07
2.39754e-06
3.87391e-07
2.33579e-06
1.69704e-07
2.23867e-06
-4.43829e-08
2.10999e-06
-2.50017e-07
1.95509e-06
-4.44277e-07
1.77954e-06
-6.25937e-07
1.58869e-06
-7.96317e-07
1.38779e-06
-9.58949e-07
1.18127e-06
-1.11819e-06
9.7226e-07
-1.27839e-06
7.62486e-07
-1.44491e-06
5.51442e-07
-1.631e-06
3.35533e-07
-1.88707e-06
1.09716e-07
-2.41557e-06
-1.03486e-07
-3.8597e-06
-2.24402e-07
-6.53498e-06
-8.40383e-06
3.77585e-08
5.41961e-07
9.65879e-08
1.05236e-06
1.61369e-07
1.31545e-06
2.29052e-07
1.42239e-06
3.00268e-07
1.46302e-06
3.76302e-07
1.47562e-06
4.58354e-07
1.47599e-06
5.47779e-07
1.47151e-06
6.45996e-07
1.46599e-06
7.54334e-07
1.46114e-06
8.73891e-07
1.45728e-06
1.00528e-06
1.45344e-06
1.14827e-06
1.44752e-06
1.30143e-06
1.43631e-06
1.46196e-06
1.41584e-06
1.62584e-06
1.38189e-06
1.78762e-06
1.33063e-06
1.94049e-06
1.25895e-06
2.07729e-06
1.16476e-06
2.19155e-06
1.04764e-06
2.27807e-06
9.09121e-07
2.33277e-06
7.5252e-07
2.35295e-06
5.82154e-07
2.33733e-06
4.0301e-07
2.2866e-06
2.2044e-07
2.20272e-06
3.94925e-08
2.08861e-06
-1.3591e-07
1.94816e-06
-3.03822e-07
1.78597e-06
-4.63746e-07
1.60662e-06
-6.16968e-07
1.41434e-06
-7.66667e-07
1.21278e-06
-9.16628e-07
1.00499e-06
-1.0706e-06
7.93386e-07
-1.23331e-06
5.78938e-07
-1.41655e-06
3.60437e-07
-1.66857e-06
1.36663e-07
-2.1918e-06
-8.03557e-08
-3.64268e-06
-2.3488e-07
-6.38045e-06
-8.63871e-06
2.80897e-08
5.13871e-07
8.01193e-08
1.00033e-06
1.44348e-07
1.25122e-06
2.15456e-07
1.35128e-06
2.92012e-07
1.38647e-06
3.7403e-07
1.39361e-06
4.61863e-07
1.38815e-06
5.56224e-07
1.37715e-06
6.57955e-07
1.36426e-06
7.67848e-07
1.35125e-06
8.86518e-07
1.33861e-06
1.0142e-06
1.32576e-06
1.15051e-06
1.31121e-06
1.29417e-06
1.29265e-06
1.44284e-06
1.26717e-06
1.5931e-06
1.23162e-06
1.7407e-06
1.18304e-06
1.88054e-06
1.1191e-06
2.00693e-06
1.03838e-06
2.1141e-06
9.40466e-07
2.1971e-06
8.26123e-07
2.25206e-06
6.97564e-07
2.27627e-06
5.57942e-07
2.26836e-06
4.10918e-07
2.22841e-06
2.6039e-07
2.1578e-06
1.10101e-07
2.05881e-06
-3.69168e-08
1.93409e-06
-1.79105e-07
1.78688e-06
-3.16533e-07
1.6206e-06
-4.50692e-07
1.43835e-06
-5.84419e-07
1.24295e-06
-7.21226e-07
1.03712e-06
-8.64768e-07
8.2375e-07
-1.01994e-06
6.05546e-07
-1.19835e-06
3.84717e-07
-1.44774e-06
1.67287e-07
-1.97437e-06
-4.81235e-08
-3.42727e-06
-2.40977e-07
-6.1876e-06
-8.87969e-06
1.49421e-08
4.98929e-07
5.68026e-08
9.58469e-07
1.18565e-07
1.18945e-06
1.92071e-07
1.27777e-06
2.73551e-07
1.30499e-06
3.61563e-07
1.30559e-06
4.55548e-07
1.29417e-06
5.55511e-07
1.27719e-06
6.61674e-07
1.2581e-06
7.74303e-07
1.23862e-06
8.93566e-07
1.21934e-06
1.01935e-06
1.19997e-06
1.15109e-06
1.17947e-06
1.2876e-06
1.15614e-06
1.4269e-06
1.12787e-06
1.5662e-06
1.09232e-06
1.70197e-06
1.04727e-06
1.83012e-06
9.90949e-07
1.94626e-06
9.22238e-07
2.04586e-06
8.4087e-07
2.12463e-06
7.47351e-07
2.17907e-06
6.43126e-07
2.20661e-06
5.30402e-07
2.20578e-06
4.1174e-07
2.17619e-06
2.89984e-07
2.11849e-06
1.678e-07
2.03415e-06
4.74261e-08
1.92496e-06
-6.99138e-08
1.79287e-06
-1.84445e-07
1.63996e-06
-2.97782e-07
1.46816e-06
-4.12621e-07
1.27925e-06
-5.32317e-07
1.07534e-06
-6.60851e-07
8.59444e-07
-8.04046e-07
6.36053e-07
-9.74958e-07
4.11683e-07
-1.22337e-06
2.02127e-07
-1.76481e-06
-7.67481e-09
-3.21747e-06
-2.42949e-07
-5.95233e-06
-9.12264e-06
-3.70349e-09
5.02633e-07
2.50389e-08
9.29726e-07
8.24261e-08
1.13207e-06
1.57286e-07
1.20291e-06
2.43354e-07
1.21892e-06
3.37539e-07
1.21141e-06
4.38252e-07
1.19345e-06
5.44727e-07
1.17071e-06
6.56576e-07
1.14625e-06
7.73525e-07
1.12167e-06
8.95263e-07
1.09761e-06
1.02135e-06
1.07388e-06
1.15107e-06
1.04974e-06
1.28329e-06
1.02393e-06
1.41633e-06
9.94829e-07
1.54791e-06
9.60741e-07
1.67514e-06
9.20037e-07
1.79472e-06
8.71368e-07
1.90309e-06
8.13872e-07
1.99668e-06
7.47282e-07
2.07203e-06
6.72001e-07
2.12613e-06
5.89024e-07
2.15673e-06
4.99807e-07
2.16237e-06
4.06091e-07
2.14227e-06
3.10084e-07
2.09648e-06
2.13596e-07
2.02561e-06
1.1829e-07
1.93075e-06
2.49502e-08
1.81298e-06
-6.66706e-08
1.67316e-06
-1.57962e-07
1.51197e-06
-2.51433e-07
1.33015e-06
-3.50497e-07
1.12887e-06
-4.59571e-07
9.10881e-07
-5.8606e-07
6.82385e-07
-7.46462e-07
4.55677e-07
-9.96666e-07
2.55255e-07
-1.56439e-06
5.50761e-08
-3.01729e-06
-2.35952e-07
-5.6613e-06
-9.35859e-06
-2.96826e-08
5.32315e-07
-1.91555e-08
9.19199e-07
3.22375e-08
1.08067e-06
1.07849e-07
1.1273e-06
1.98793e-07
1.12798e-06
3.00029e-07
1.11017e-06
4.08799e-07
1.08468e-06
5.23356e-07
1.05616e-06
6.42557e-07
1.02705e-06
7.65615e-07
9.98616e-07
8.91859e-07
9.71361e-07
1.02062e-06
9.45127e-07
1.1511e-06
9.19265e-07
1.28222e-06
8.928e-07
1.41249e-06
8.64558e-07
1.53997e-06
8.33265e-07
1.66231e-06
7.97694e-07
1.77685e-06
7.56833e-07
1.8807e-06
7.1002e-07
1.97098e-06
6.56999e-07
2.0449e-06
5.98086e-07
2.09998e-06
5.33944e-07
2.13433e-06
4.65452e-07
2.1464e-06
3.94025e-07
2.13517e-06
3.21313e-07
2.1002e-06
2.48572e-07
2.04176e-06
1.76727e-07
1.96031e-06
1.064e-07
1.85628e-06
3.73526e-08
1.72985e-06
-3.15315e-08
1.58076e-06
-1.02342e-07
1.40877e-06
-1.78501e-07
1.21417e-06
-2.64975e-07
9.99365e-07
-3.71254e-07
7.73162e-07
-5.20258e-07
5.5759e-07
-7.81094e-07
3.79126e-07
-1.38593e-06
1.95761e-07
-2.83392e-06
-1.77109e-07
-5.28843e-06
-9.5357e-06
-7.27624e-08
6.05078e-07
-8.18886e-08
9.28326e-07
-3.71464e-08
1.03593e-06
3.92627e-08
1.05089e-06
1.36196e-07
1.03104e-06
2.46685e-07
9.99684e-07
3.66146e-07
9.65223e-07
4.91448e-07
9.30854e-07
6.20607e-07
8.97888e-07
7.52349e-07
8.66874e-07
8.85745e-07
8.37965e-07
1.01997e-06
8.10905e-07
1.15418e-06
7.85048e-07
1.2874e-06
7.59579e-07
1.41836e-06
7.33601e-07
1.54546e-06
7.06168e-07
1.66677e-06
6.76378e-07
1.7801e-06
6.43503e-07
1.88308e-06
6.0704e-07
1.97337e-06
5.66718e-07
2.04873e-06
5.22725e-07
2.10719e-06
4.75477e-07
2.14693e-06
4.25712e-07
2.16638e-06
3.74577e-07
2.16479e-06
3.229e-07
2.14156e-06
2.71809e-07
2.09645e-06
2.21833e-07
2.02968e-06
1.73172e-07
1.94139e-06
1.2564e-07
1.83143e-06
7.84353e-08
1.69943e-06
2.96579e-08
1.54494e-06
-2.40164e-08
1.36798e-06
-8.8017e-08
1.17182e-06
-1.75093e-07
9.67389e-07
-3.15824e-07
7.86159e-07
-5.99864e-07
6.52172e-07
-1.25194e-06
4.68304e-07
-2.65005e-06
1.65261e-08
-4.83665e-06
-9.51917e-06
-1.38483e-07
7.43561e-07
-1.83983e-07
9.73825e-07
-1.45514e-07
9.97463e-07
-6.26705e-08
9.68048e-07
4.6277e-08
9.22095e-07
1.71989e-07
8.73972e-07
3.07793e-07
8.29419e-07
4.49127e-07
7.89521e-07
5.93266e-07
7.53749e-07
7.38523e-07
7.21617e-07
8.83787e-07
6.927e-07
1.02819e-06
6.665e-07
1.17092e-06
6.42316e-07
1.31111e-06
6.19389e-07
1.44779e-06
5.96922e-07
1.57977e-06
5.74187e-07
1.70557e-06
5.50585e-07
1.82344e-06
5.2563e-07
1.9315e-06
4.98979e-07
2.02777e-06
4.70447e-07
2.11035e-06
4.40149e-07
2.17739e-06
4.08429e-07
2.22734e-06
3.75763e-07
2.25931e-06
3.4261e-07
2.27277e-06
3.09442e-07
2.26763e-06
2.76945e-07
2.24384e-06
2.45629e-07
2.20135e-06
2.15661e-07
2.14018e-06
1.86808e-07
2.06037e-06
1.58248e-07
1.96161e-06
1.28417e-07
1.84357e-06
9.40177e-08
1.70778e-06
4.77805e-08
1.55956e-06
-2.68767e-08
1.40824e-06
-1.64504e-07
1.27505e-06
-4.66676e-07
1.15422e-06
-1.13111e-06
8.86615e-07
-2.38245e-06
2.97442e-07
-4.24748e-06
-9.22173e-06
-2.75051e-07
1.01861e-06
-3.28973e-07
1.02775e-06
-2.87345e-07
9.55835e-07
-2.00471e-07
8.81175e-07
-7.15456e-08
7.9317e-07
8.53198e-08
7.17107e-07
2.56929e-07
6.57809e-07
4.34953e-07
6.11497e-07
6.1434e-07
5.74362e-07
7.91971e-07
5.43985e-07
9.66492e-07
5.1818e-07
1.13748e-06
4.95513e-07
1.30465e-06
4.75142e-07
1.46765e-06
4.56388e-07
1.62587e-06
4.38702e-07
1.77844e-06
4.21621e-07
1.92428e-06
4.04743e-07
2.06217e-06
3.87742e-07
2.19077e-06
3.70379e-07
2.30871e-06
3.52501e-07
2.41478e-06
3.34089e-07
2.50796e-06
3.15248e-07
2.58756e-06
2.96155e-07
2.6532e-06
2.76976e-07
2.70472e-06
2.57916e-07
2.74245e-06
2.39214e-07
2.76698e-06
2.21106e-07
2.77902e-06
2.03614e-07
2.77927e-06
1.86559e-07
2.76825e-06
1.69271e-07
2.7461e-06
1.50569e-07
2.71273e-06
1.27387e-07
2.66722e-06
9.32842e-08
2.60736e-06
3.29855e-08
2.52896e-06
-8.61036e-08
2.4013e-06
-3.39014e-07
2.12005e-06
-8.49857e-07
1.49897e-06
-1.76137e-06
6.62724e-07
-3.41123e-06
-8.55901e-06
-4.67974e-07
1.48659e-06
-4.64941e-07
1.02471e-06
-1.83996e-07
6.7489e-07
1.56145e-07
5.41033e-07
4.84215e-07
4.65099e-07
7.94269e-07
4.07053e-07
1.08707e-06
3.6501e-07
1.36238e-06
3.3619e-07
1.6221e-06
3.14638e-07
1.86933e-06
2.96754e-07
2.10616e-06
2.81352e-07
2.33386e-06
2.67815e-07
2.55332e-06
2.5568e-07
2.76513e-06
2.44578e-07
2.9696e-06
2.34236e-07
3.16678e-06
2.24439e-07
3.35652e-06
2.15e-07
3.53851e-06
2.05757e-07
3.7123e-06
1.96584e-07
3.87742e-06
1.87387e-07
4.03338e-06
1.78123e-07
4.17983e-06
1.68796e-07
4.31655e-06
1.5944e-07
4.44343e-06
1.50098e-07
4.56051e-06
1.40829e-07
4.66804e-06
1.3169e-07
4.76642e-06
1.22723e-07
4.85614e-06
1.13894e-07
4.93762e-06
1.05076e-07
5.01108e-06
9.58165e-08
5.0765e-06
8.51429e-08
5.13277e-06
7.11182e-08
5.17545e-06
5.06045e-08
5.1897e-06
1.87431e-08
5.14253e-06
-3.89373e-08
4.93556e-06
-1.32042e-07
4.34141e-06
-2.55708e-07
3.1033e-06
-5.23264e-07
1.50028e-06
-1.80821e-06
-7.05872e-06
1.48659e-06
2.5113e-06
3.18619e-06
3.72722e-06
4.19232e-06
4.59938e-06
4.96439e-06
5.30058e-06
5.61521e-06
5.91197e-06
6.19332e-06
6.46113e-06
6.71681e-06
6.96139e-06
7.19563e-06
7.42007e-06
7.63507e-06
7.84082e-06
8.03741e-06
8.22479e-06
8.40292e-06
8.57171e-06
8.73115e-06
8.88125e-06
9.02208e-06
9.15377e-06
9.27649e-06
9.39039e-06
9.49546e-06
9.59128e-06
9.67642e-06
9.74754e-06
9.79814e-06
9.81689e-06
9.77795e-06
9.64591e-06
9.3902e-06
8.86693e-06
7.05872e-06
)
;

boundaryField
{
    movingWall
    {
        type            calculated;
        value           uniform 0;
    }
    fixedWalls
    {
        type            calculated;
        value           uniform 0;
    }
    frontAndBack
    {
        type            empty;
    }
}


// ************************************************************************* //
