/*--------------------------------*- C++ -*----------------------------------*\
| =========                 |                                                 |
| \\      /  F ield         | OpenFOAM: The Open Source CFD Toolbox           |
|  \\    /   O peration     | Version:  2412                                  |
|   \\  /    A nd           | Website:  www.openfoam.com                      |
|    \\/     M anipulation  |                                                 |
\*---------------------------------------------------------------------------*/
FoamFile
{
    version     2.0;
    format      ascii;
    arch        "LSB;label=32;scalar=64";
    class       volScalarField;
    location    "5.75";
    object      epsilon;
}
// * * * * * * * * * * * * * * * * * * * * * * * * * * * * * * * * * * * * * //

dimensions      [0 2 -3 0 0 0 0];

internalField   nonuniform List<scalar> 
1600
(
0.0004867
0.000620559
0.00086751
0.00112903
0.00131349
0.00142844
0.0015876
0.00181165
0.00207262
0.00247504
0.00358621
0.00752386
0.0147362
0.0254786
0.0381136
0.0507343
0.06186
0.0703679
0.0754126
0.077642
0.0781686
0.0763192
0.0726853
0.067756
0.0624144
0.0566533
0.0508288
0.0450745
0.0397043
0.0341648
0.0287299
0.0228756
0.0176441
0.0148914
0.0131882
0.011907
0.0103361
0.00767926
0.00415453
0.00181702
0.00109234
0.000625368
0.000461684
0.00043063
0.000466501
0.000616782
0.00102129
0.00184958
0.00313802
0.00531427
0.00916044
0.0139802
0.0184696
0.0231138
0.0259072
0.0268073
0.0268426
0.0250793
0.0228995
0.02048
0.0183856
0.0168857
0.0162339
0.0161181
0.0162698
0.0167193
0.0173636
0.0181569
0.0187944
0.0190576
0.0188858
0.0175543
0.0153109
0.0121333
0.00879444
0.00600049
0.00445867
0.00352166
0.00232821
0.00217119
0.00230678
0.00106036
0.000635912
0.000537042
0.000670848
0.00120042
0.00238482
0.00447363
0.00753086
0.0106669
0.0127406
0.014374
0.0152526
0.0147182
0.012785
0.011657
0.00996748
0.0086631
0.00756762
0.0068847
0.00655476
0.00644554
0.00654461
0.00696703
0.00759454
0.00860486
0.00994207
0.0116805
0.0136877
0.0155938
0.016908
0.0174026
0.0167258
0.0146884
0.0107417
0.00661246
0.00361444
0.00216109
0.00155277
0.00275337
0.0036322
0.0014704
0.000964787
0.00101167
0.00158612
0.00303965
0.00546611
0.00824258
0.010209
0.0111396
0.011519
0.0110192
0.00862326
0.00742647
0.00582676
0.00492565
0.00394177
0.00345057
0.00303327
0.00283767
0.00274747
0.00272277
0.00280256
0.00299066
0.00327561
0.00373244
0.00441511
0.00546542
0.00709915
0.00962972
0.0127006
0.0155794
0.016995
0.0173208
0.0152453
0.0101521
0.00499689
0.00218746
0.00138824
0.00331929
0.0045454
0.0018401
0.00156514
0.00204364
0.00338732
0.00566401
0.00817154
0.00941823
0.00981407
0.00962352
0.00784395
0.0058913
0.00446841
0.00353904
0.00270156
0.00228592
0.00191974
0.00175186
0.00163207
0.00157875
0.00155657
0.00155273
0.00159744
0.0016745
0.00180368
0.00201019
0.00232971
0.00282894
0.00362187
0.00493
0.00717085
0.0109809
0.0154626
0.0181231
0.0190086
0.0167043
0.00956489
0.00363965
0.0016844
0.00365659
0.0050586
0.00243815
0.00257029
0.00358891
0.00549789
0.00765992
0.00866586
0.00890336
0.00818191
0.00610101
0.00428989
0.0031304
0.00236118
0.00188259
0.00156334
0.0014089
0.00128992
0.00123451
0.00118545
0.00116126
0.0011479
0.00114417
0.00116186
0.0012035
0.00127549
0.00139276
0.00157464
0.00185979
0.00229797
0.00299055
0.00414968
0.00622086
0.010181
0.0163987
0.020157
0.0213563
0.0175941
0.00787318
0.00292789
0.00401371
0.00538665
0.00335717
0.00390522
0.00527647
0.00711908
0.00801783
0.00819956
0.00728478
0.0051043
0.00345734
0.00240856
0.00182085
0.0014544
0.00125428
0.00112047
0.00104154
0.000963545
0.000913514
0.000862834
0.000834281
0.000819445
0.000815177
0.000830945
0.000870379
0.000935101
0.00103575
0.00118315
0.00139788
0.00170895
0.00216403
0.00286261
0.00405923
0.00621215
0.0104962
0.0184673
0.0227807
0.0237719
0.0159454
0.00587132
0.00467042
0.0058295
0.00448686
0.00535338
0.00672734
0.00755943
0.00770249
0.00687217
0.00475345
0.00298592
0.00206376
0.00151097
0.00123626
0.00105356
0.000944554
0.000844522
0.000768456
0.000696058
0.000646105
0.000603207
0.000579288
0.000567449
0.000563783
0.000573108
0.000598776
0.00064111
0.000709002
0.000814448
0.000979931
0.00124222
0.00164571
0.00222027
0.00306241
0.00442951
0.00701571
0.0124004
0.0219965
0.0262906
0.0249744
0.0108181
0.00571343
0.00712503
0.00574727
0.00666742
0.00733872
0.00743526
0.00679597
0.0048349
0.00286648
0.00186814
0.0013712
0.00108479
0.000941703
0.000812327
0.000719873
0.000628375
0.000563553
0.000508439
0.000473373
0.000447826
0.000435699
0.000431006
0.000430849
0.00044379
0.000463502
0.000494567
0.0005386
0.000602757
0.000698208
0.000847065
0.00110063
0.00156826
0.00232835
0.00347636
0.00530781
0.00882526
0.0164353
0.0270305
0.0305907
0.0200403
0.00731857
0.00991679
0.00700836
0.0074266
0.00750946
0.00693396
0.00522728
0.00309906
0.00185934
0.00129358
0.00101808
0.000853768
0.000744269
0.000629976
0.000549204
0.00047667
0.000430781
0.00039387
0.000372001
0.00035776
0.000351434
0.000349534
0.000353585
0.000365992
0.000384473
0.000411845
0.000449149
0.000499658
0.000568616
0.000667422
0.00082137
0.00109025
0.00159296
0.00255222
0.00414865
0.0068478
0.0123041
0.0245877
0.0337437
0.0314865
0.00930391
0.0132902
0.00807749
0.0079325
0.00732595
0.00589474
0.00374519
0.00205968
0.00131626
0.000982105
0.000817495
0.000694744
0.00059123
0.000494374
0.000431152
0.000378972
0.000347345
0.000321941
0.000306706
0.000296531
0.000291898
0.000290529
0.000294243
0.000304507
0.000320446
0.000344161
0.000376946
0.000421418
0.000481281
0.000563053
0.000679941
0.000862638
0.00118772
0.00182622
0.0031068
0.00543011
0.00969133
0.0188986
0.0354509
0.0415171
0.0184264
0.0169445
0.00881661
0.0079939
0.00685392
0.00475672
0.00257698
0.00147572
0.00100949
0.000799149
0.000681888
0.000570219
0.000475878
0.000400347
0.000352939
0.000315181
0.000291328
0.000271755
0.000258957
0.00024965
0.00024513
0.00024356
0.000245702
0.000254112
0.000267676
0.000288242
0.000316952
0.000355834
0.000407658
0.000476966
0.000572278
0.000712183
0.000942285
0.0013808
0.00230463
0.00425196
0.00809394
0.0160944
0.0348122
0.0503961
0.0369697
0.0208133
0.00933666
0.00786032
0.00609865
0.00369524
0.00188689
0.00113435
0.000824265
0.000679866
0.000578063
0.000473469
0.000393905
0.000336607
0.000299866
0.000270583
0.000250413
0.000233538
0.000221415
0.000212193
0.000207283
0.000205391
0.000206121
0.000213001
0.000224729
0.000242955
0.000268895
0.000304392
0.00035183
0.000414605
0.000498338
0.00061439
0.000790153
0.00109925
0.00174435
0.00320814
0.0064152
0.0133483
0.0304051
0.0597582
0.0639537
0.0245994
0.00963625
0.00753242
0.00533818
0.00284714
0.0014624
0.000924571
0.000703146
0.000594209
0.00049622
0.000401788
0.000337069
0.000292318
0.000261919
0.000237287
0.000218832
0.000203237
0.000191289
0.000182098
0.000176684
0.000174429
0.000174259
0.000179565
0.000189596
0.000205534
0.000228697
0.000260867
0.000304331
0.000362101
0.00043859
0.000541819
0.0006902
0.000933282
0.00141516
0.00254487
0.00526767
0.0114435
0.026278
0.0649712
0.094951
0.0286907
0.00982132
0.00705533
0.00462547
0.00226487
0.00119202
0.000789245
0.000621791
0.000529049
0.000433213
0.0003504
0.000297223
0.00026025
0.000233519
0.000211463
0.000193923
0.000179057
0.000167262
0.00015815
0.000152331
0.00014971
0.000149201
0.000153092
0.000161613
0.00017551
0.000196164
0.000225389
0.000265521
0.000319468
0.000390922
0.000485439
0.000614498
0.000809287
0.00116646
0.00199742
0.00421859
0.00997507
0.0245972
0.0663281
0.126057
0.0329507
0.00995544
0.00655395
0.00401235
0.00188219
0.00101487
0.000699147
0.000565266
0.000478671
0.000386295
0.000313951
0.000268569
0.000236261
0.000211726
0.000191206
0.0001743
0.000159985
0.000148439
0.000139497
0.000133482
0.000130639
0.000129912
0.000132706
0.000139845
0.000151864
0.000170108
0.000196429
0.000233285
0.000283778
0.000351704
0.000442044
0.000563474
0.000737939
0.00103384
0.00167874
0.00341317
0.00835013
0.0222238
0.0665115
0.155076
0.0370758
0.0100909
0.00610166
0.00354067
0.00163135
0.000898649
0.000638763
0.000525477
0.00044085
0.00035257
0.000288077
0.000247534
0.000218053
0.000194931
0.000175443
0.000159093
0.000145288
0.000134082
0.000125399
0.000119343
0.000116367
0.000115491
0.000117487
0.000123427
0.000133796
0.000149859
0.000173459
0.000207126
0.000254127
0.00031839
0.000404499
0.000518797
0.000675565
0.000922738
0.00143929
0.00287531
0.00728506
0.0204553
0.0658702
0.181018
0.0410087
0.0102581
0.00571013
0.00318525
0.00145847
0.000820043
0.000598016
0.000497309
0.000412937
0.000328791
0.000269772
0.000232106
0.000204339
0.000182178
0.00016346
0.00014764
0.000134329
0.000123508
0.000115117
0.00010916
0.000106059
0.000105067
0.000106502
0.000111448
0.000120411
0.00013457
0.000155721
0.000186434
0.00023018
0.000291292
0.000374807
0.000486752
0.00063752
0.000859241
0.00127966
0.00241636
0.00619327
0.0185714
0.0642887
0.203221
0.0446431
0.0105069
0.00544744
0.00295196
0.00135859
0.000771983
0.000572068
0.000478794
0.000394657
0.000313631
0.000257392
0.000220997
0.000194233
0.000172787
0.000154702
0.00013939
0.00012655
0.000116114
0.000108016
0.000102211
9.89793e-05
9.78707e-05
9.89165e-05
0.000103069
0.000110872
0.000123431
0.000142457
0.00017048
0.00021106
0.000268793
0.000349095
0.00045798
0.000603622
0.000809027
0.00117447
0.00214537
0.005517
0.0171771
0.0625947
0.222015
0.0478448
0.0108197
0.00524396
0.0027962
0.00128674
0.000739199
0.000556343
0.000467143
0.000382687
0.000303827
0.000249364
0.000213706
0.000187445
0.000166406
0.000148778
0.000133899
0.000121471
0.000111386
0.000103557
9.79105e-05
9.45531e-05
9.32942e-05
9.4069e-05
9.75959e-05
0.000104469
0.00011574
0.000133014
0.00015874
0.000196527
0.000251228
0.000328819
0.000435998
0.000580071
0.000776175
0.00109334
0.00189169
0.00484291
0.0159103
0.0605004
0.237506
0.050168
0.0115142
0.00524707
0.00274241
0.00128157
0.000727588
0.000549292
0.000462522
0.000379174
0.000301672
0.000246309
0.000209429
0.000182996
0.00016231
0.000145126
0.000130677
0.000118651
0.000108903
0.000101323
9.58215e-05
9.23839e-05
9.09937e-05
9.17042e-05
9.47994e-05
0.000100969
0.00011118
0.000126923
0.000150624
0.00018597
0.000237795
0.000312477
0.000417527
0.000560539
0.000753447
0.00104716
0.00174856
0.00440978
0.0150748
0.0589082
0.250182
0.0508603
0.012583
0.0053358
0.0027645
0.00130097
0.000733127
0.000550677
0.000463653
0.000380848
0.000303528
0.00024738
0.000209654
0.000182453
0.00016141
0.000144308
0.000130102
0.000118325
0.000108749
0.000101237
9.56975e-05
9.21085e-05
9.05474e-05
9.11092e-05
9.3849e-05
9.96165e-05
0.000109166
0.000123984
0.000146315
0.000179478
0.000228475
0.000300531
0.000403718
0.00054633
0.00073834
0.00101156
0.00161167
0.00396909
0.0143373
0.0581231
0.260905
0.0503007
0.0137927
0.00556378
0.00284019
0.00135224
0.000751034
0.000556056
0.000467531
0.000385844
0.000308747
0.000251064
0.00021167
0.000183633
0.000162276
0.000145098
0.000130926
0.000119224
0.000109725
0.000102274
9.67728e-05
9.3192e-05
9.16217e-05
9.20521e-05
9.43497e-05
9.95636e-05
0.000108711
0.00012303
0.00014468
0.000176521
0.000223757
0.000293285
0.00039411
0.00053637
0.000731057
0.000994877
0.00154142
0.0036705
0.0137967
0.0578785
0.270238
0.0485044
0.0150009
0.0060033
0.00300654
0.00145691
0.000789463
0.000567693
0.000475686
0.000396291
0.000319566
0.000259132
0.000216688
0.000186938
0.000164843
0.000147405
0.000133215
0.000121609
0.000112222
0.000104856
9.93939e-05
9.57971e-05
9.42108e-05
9.46186e-05
9.6732e-05
0.000101641
0.000110393
0.000124052
0.000144687
0.000175781
0.000222065
0.000290142
0.000389469
0.00053151
0.00072842
0.000987672
0.00148629
0.00338209
0.0132838
0.0582516
0.278682
0.0447596
0.0160093
0.00660137
0.00328629
0.00161735
0.000859569
0.000591179
0.000487691
0.000409532
0.000333845
0.000271315
0.000225806
0.000193636
0.000170129
0.000152082
0.000137683
0.000126005
0.000116597
0.000109211
0.000103709
0.000100038
9.84146e-05
9.88438e-05
0.000100921
0.000105753
0.000114473
0.000128055
0.00014847
0.000178678
0.000223292
0.000289627
0.000388026
0.000529935
0.000729332
0.000986622
0.00146186
0.00318823
0.0128545
0.0591915
0.286511
0.0391985
0.0163532
0.00728461
0.00368772
0.00184944
0.000965213
0.000628103
0.000505363
0.000427804
0.000353762
0.000289071
0.000239714
0.000204204
0.000178508
0.000159231
0.000144216
0.000132256
0.000122717
0.000115261
0.000109717
0.000105996
0.000104413
0.000104915
0.000107087
0.000112058
0.000120983
0.000134775
0.000155324
0.000185505
0.000229831
0.000295105
0.000391779
0.00053342
0.000739338
0.000998631
0.00145145
0.00304242
0.0124359
0.0604656
0.293926
0.0323296
0.0160924
0.00794024
0.00418914
0.00217362
0.00113271
0.00069276
0.000528818
0.000445465
0.00037417
0.00030954
0.000257403
0.000218565
0.000190242
0.000169247
0.000153228
0.000140726
0.000130908
0.00012332
0.000117738
0.000114003
0.000112592
0.000113238
0.000115651
0.000121018
0.000130427
0.000144775
0.000165883
0.000196479
0.000240889
0.000305728
0.000402099
0.000543996
0.00075518
0.00101849
0.00144976
0.00292922
0.012105
0.0619974
0.301075
0.0247777
0.0152154
0.00853512
0.00477701
0.00258034
0.00136309
0.000797229
0.00057273
0.000472264
0.000400416
0.000335713
0.000280766
0.000238059
0.000206355
0.000182961
0.00016543
0.000152051
0.000141767
0.000133964
0.000128362
0.00012466
0.000123632
0.000124515
0.000127356
0.00013344
0.000143667
0.000158952
0.000181055
0.000212558
0.000257673
0.000322713
0.00041922
0.000561505
0.000779683
0.0010498
0.0014671
0.00283762
0.0118388
0.0637587
0.308072
0.0172592
0.013347
0.00879574
0.00542483
0.00312207
0.00170357
0.000962165
0.00063787
0.000502069
0.000424975
0.000362302
0.000307427
0.000262362
0.000227546
0.000201431
0.000181935
0.000167304
0.000156318
0.000148187
0.000142596
0.000138987
0.000138626
0.000139877
0.000143395
0.000150607
0.000162026
0.000178645
0.000202168
0.00023501
0.000281316
0.000347021
0.000444434
0.000587644
0.000813424
0.00109119
0.00149608
0.00276954
0.0116642
0.0655245
0.315006
0.0107748
0.0106303
0.00872011
0.00589322
0.00366878
0.0021344
0.00122475
0.00076859
0.000562473
0.00046081
0.000393267
0.000337743
0.000291167
0.000253885
0.000225244
0.000203717
0.000187689
0.000175908
0.000167435
0.000161902
0.000158751
0.000159053
0.000161001
0.000165658
0.000174356
0.000187342
0.000205645
0.000230919
0.000265372
0.000313201
0.000379929
0.000478982
0.000623673
0.000858102
0.00114438
0.00153895
0.00272858
0.0115219
0.0673569
0.322002
0.00593576
0.00802553
0.00807972
0.00655233
0.00432358
0.00266121
0.00157598
0.000962663
0.000658621
0.000511766
0.000429148
0.000370988
0.000324141
0.000285822
0.000255453
0.000232198
0.000214866
0.000202327
0.000193721
0.000188249
0.000186222
0.000187123
0.000190118
0.000196509
0.000206899
0.000221708
0.000241852
0.000268966
0.000304997
0.000354426
0.000422302
0.000523684
0.000670693
0.00091496
0.00120867
0.00159231
0.00271254
0.0114393
0.0691363
0.329193
0.00300549
0.00549245
0.00704124
0.00647164
0.00492629
0.00328791
0.00207602
0.00129246
0.000844029
0.000609538
0.000485543
0.000410568
0.000358914
0.000320063
0.000289879
0.000266636
0.000249276
0.000236704
0.000228665
0.000223474
0.000223289
0.000224933
0.000229226
0.000237658
0.00024983
0.000266413
0.000288182
0.000316857
0.000354075
0.000405007
0.000474052
0.000578822
0.000729754
0.000983978
0.00128278
0.00165547
0.0027159
0.0114139
0.0708315
0.336717
0.00155005
0.00341904
0.00583929
0.00607383
0.00533156
0.00387735
0.0026371
0.00173964
0.00115243
0.000799274
0.00059959
0.000483492
0.000410468
0.000361155
0.000327088
0.000303025
0.000286484
0.000275443
0.000268754
0.000266268
0.0002673
0.000270543
0.000277282
0.000287588
0.000301459
0.000319604
0.000342563
0.000372425
0.000410491
0.000463267
0.000534524
0.00064546
0.000802138
0.00106643
0.00136522
0.00173344
0.00279803
0.0115337
0.0724051
0.344669
0.00132595
0.00214813
0.00438304
0.0053629
0.00518537
0.00443978
0.00329623
0.00232937
0.00161773
0.00113329
0.000818772
0.000631501
0.0005151
0.00043943
0.000388865
0.000355006
0.000332222
0.000319454
0.000311737
0.000311754
0.000313799
0.000318916
0.000327997
0.00034034
0.000355949
0.000375779
0.000400047
0.000431932
0.000472153
0.000529751
0.000606572
0.000728028
0.000893001
0.00116833
0.00146174
0.00185418
0.00301351
0.0119623
0.07382
0.353376
0.00133235
0.00145291
0.00298486
0.00435814
0.00479541
0.00452589
0.00388145
0.00304789
0.00229277
0.00169589
0.00125486
0.000940919
0.000740888
0.000609719
0.000521854
0.000463
0.000423465
0.000398239
0.000382997
0.000375652
0.000376143
0.000379464
0.000387124
0.000399962
0.000416683
0.000438998
0.00046647
0.000503943
0.000550788
0.0006199
0.000708894
0.000850831
0.00103089
0.00132769
0.00163446
0.00213217
0.00356693
0.0132695
0.0761983
0.363914
0.00136027
0.00111036
0.00204375
0.00326695
0.00407097
0.00439755
0.00420076
0.00373206
0.00312328
0.00252168
0.00200215
0.00156783
0.0012339
0.00100214
0.000839515
0.00072511
0.000644841
0.000589259
0.000551692
0.00052884
0.000515152
0.000514599
0.000518125
0.000527677
0.000543851
0.000570766
0.000606223
0.000658426
0.000725051
0.000823005
0.000945645
0.00113265
0.00135949
0.00173086
0.00213532
0.00290839
0.00512442
0.0169114
0.0849062
0.378173
0.0020866
0.00145139
0.0020791
0.0030267
0.00396723
0.00455604
0.00469536
0.00454208
0.004162
0.00366514
0.00316073
0.00269728
0.00228542
0.00194149
0.00167196
0.00146684
0.00131432
0.00120437
0.00112568
0.00107769
0.00104618
0.00104115
0.00104787
0.00106639
0.00110083
0.0011557
0.00121542
0.00131966
0.001451
0.00163428
0.00185868
0.00217288
0.00256922
0.00315983
0.0039818
0.00568592
0.010025
0.0268183
0.103264
0.401331
0.00442427
0.00396524
0.00534637
0.00638148
0.00726339
0.00790289
0.00822135
0.00819225
0.00796376
0.00753465
0.00703811
0.00654052
0.00607513
0.00566527
0.00532859
0.00507366
0.00488908
0.00477777
0.00471825
0.00472136
0.00474897
0.00481427
0.00492714
0.00507528
0.00525293
0.00549227
0.00574426
0.0060878
0.0064067
0.00692471
0.00757634
0.00857031
0.00979904
0.0117178
0.0144261
0.0190847
0.0284209
0.0551368
0.14235
0.435706
0.0176919
0.0397771
0.055784
0.0627426
0.0650016
0.0647891
0.0634991
0.0613015
0.0587208
0.0563563
0.0543202
0.0526137
0.0512378
0.0501932
0.0494181
0.04894
0.0486468
0.0486545
0.0487701
0.0490479
0.0495112
0.0501348
0.0508906
0.051836
0.0529058
0.0542213
0.0556659
0.0574557
0.0593677
0.0618484
0.0641296
0.0676163
0.0721509
0.0789353
0.0868211
0.0990671
0.114385
0.152255
0.243128
0.496785
0.284136
0.549057
0.72811
0.803529
0.830594
0.829302
0.819342
0.79741
0.769779
0.741596
0.714874
0.6905
0.668701
0.649425
0.632398
0.617398
0.604114
0.592353
0.581898
0.57259
0.564305
0.556952
0.550454
0.544751
0.539827
0.535603
0.532171
0.529353
0.527453
0.526032
0.525834
0.526008
0.526563
0.527562
0.530131
0.533611
0.541993
0.55189
0.603791
0.578811
)
;

boundaryField
{
    movingWall
    {
        type            epsilonWallFunction;
        blending        stepwise;
        value           nonuniform List<scalar> 
40
(
0.284136
0.549057
0.72811
0.803529
0.830594
0.829302
0.819342
0.79741
0.769779
0.741596
0.714874
0.6905
0.668701
0.649425
0.632398
0.617398
0.604114
0.592353
0.581898
0.57259
0.564305
0.556952
0.550454
0.544751
0.539827
0.535603
0.532171
0.529353
0.527453
0.526032
0.525834
0.526008
0.526563
0.527562
0.530131
0.533611
0.541993
0.55189
0.603791
0.578811
)
;
    }
    fixedWalls
    {
        type            epsilonWallFunction;
        blending        stepwise;
        value           nonuniform List<scalar> 
120
(
0.0004867
0.00109234
0.00230678
0.0036322
0.0045454
0.0050586
0.00538665
0.0058295
0.00712503
0.00991679
0.0132902
0.0169445
0.0208133
0.0245994
0.0286907
0.0329507
0.0370758
0.0410087
0.0446431
0.0478448
0.050168
0.0508603
0.0503007
0.0485044
0.0447596
0.0391985
0.0323296
0.0247777
0.0172592
0.0107748
0.00593576
0.00300549
0.00155005
0.00132595
0.00133235
0.00136027
0.0020866
0.00442427
0.0176919
0.284136
0.00181702
0.00217119
0.00275337
0.00331929
0.00365659
0.00401371
0.00467042
0.00571343
0.00731857
0.00930391
0.0184264
0.0369697
0.0639537
0.094951
0.126057
0.155076
0.181018
0.203221
0.222015
0.237506
0.250182
0.260905
0.270238
0.278682
0.286511
0.293926
0.301075
0.308072
0.315006
0.322002
0.329193
0.336717
0.344669
0.353376
0.363914
0.378173
0.401331
0.435706
0.496785
0.578811
0.0004867
0.000620559
0.00086751
0.00112903
0.00131349
0.00142844
0.0015876
0.00181165
0.00207262
0.00247504
0.00358621
0.00752386
0.0147362
0.0254786
0.0381136
0.0507343
0.06186
0.0703679
0.0754126
0.077642
0.0781686
0.0763192
0.0726853
0.067756
0.0624144
0.0566533
0.0508288
0.0450745
0.0397043
0.0341648
0.0287299
0.0228756
0.0176441
0.0148914
0.0131882
0.011907
0.0103361
0.00767926
0.00415453
0.00181702
)
;
    }
    frontAndBack
    {
        type            empty;
    }
}


// ************************************************************************* //
