/*--------------------------------*- C++ -*----------------------------------*\
| =========                 |                                                 |
| \\      /  F ield         | OpenFOAM: The Open Source CFD Toolbox           |
|  \\    /   O peration     | Version:  2412                                  |
|   \\  /    A nd           | Website:  www.openfoam.com                      |
|    \\/     M anipulation  |                                                 |
\*---------------------------------------------------------------------------*/
FoamFile
{
    version     2.0;
    format      ascii;
    arch        "LSB;label=32;scalar=64";
    class       volScalarField;
    location    "5.75";
    object      k;
}
// * * * * * * * * * * * * * * * * * * * * * * * * * * * * * * * * * * * * * //

dimensions      [0 2 -2 0 0 0 0];

internalField   nonuniform List<scalar> 
1600
(
0.000132178
0.000155416
0.000194298
0.0002316
0.000256176
0.000270905
0.000290667
0.000317407
0.0003472
0.000390796
0.000500399
0.000820045
0.00128367
0.00184907
0.00241841
0.0029263
0.00333966
0.0036391
0.00381087
0.00388554
0.00390305
0.00384115
0.00371822
0.00354812
0.00335911
0.00314907
0.00292938
0.0027039
0.00248465
0.00224779
0.00200258
0.00172034
0.00144689
0.00129222
0.00119172
0.00111322
0.00101301
0.000830971
0.000551725
0.000317903
0.000226583
0.000181907
0.000170612
0.000170943
0.000181378
0.000222033
0.000319167
0.000455754
0.000631186
0.000898633
0.00122793
0.00156885
0.00182069
0.00202048
0.00216274
0.00220193
0.00220206
0.00214772
0.00209679
0.00205557
0.00203736
0.0020334
0.00207794
0.00216008
0.0022662
0.00239762
0.00254179
0.00267948
0.0027682
0.00280571
0.00280372
0.00267729
0.00248521
0.0021432
0.00169427
0.00124837
0.00088577
0.000639807
0.000445968
0.000357976
0.000372943
0.000272468
0.000250397
0.000253263
0.000291098
0.00041068
0.000644031
0.000961801
0.00128496
0.00152077
0.00163691
0.00169314
0.00172553
0.00172849
0.00157331
0.00150557
0.00142116
0.00136341
0.00131834
0.00129702
0.00128958
0.00129995
0.00134014
0.00139697
0.00149106
0.00161595
0.00178723
0.00200104
0.002251
0.00248079
0.00263623
0.00269464
0.00262086
0.00240798
0.00201258
0.00147269
0.000954062
0.000595398
0.000394169
0.000419399
0.000504734
0.00037764
0.00038363
0.000428854
0.000565339
0.000831649
0.00117963
0.00144681
0.00155831
0.00158192
0.00157261
0.00150327
0.00134459
0.00115628
0.00105596
0.000944228
0.000871582
0.000801216
0.00075906
0.000721762
0.000703624
0.000695569
0.000694439
0.000714117
0.000745176
0.000801197
0.000885738
0.0010174
0.0012187
0.00153605
0.00192479
0.00227727
0.00245237
0.00249191
0.00234161
0.00185702
0.00118407
0.000630402
0.000386862
0.000475052
0.000586118
0.000514167
0.000585939
0.000703792
0.000937207
0.00126462
0.00148174
0.00155065
0.00153635
0.00145901
0.00129797
0.00104866
0.000889065
0.000754996
0.000682621
0.000604842
0.000568127
0.000532016
0.000515302
0.000501394
0.000495375
0.000493022
0.00049301
0.000501867
0.000512644
0.000535706
0.000571261
0.000630259
0.000724804
0.000880416
0.00114197
0.00160367
0.00213655
0.00241775
0.00249424
0.00236935
0.00172471
0.000854081
0.000444113
0.000506705
0.000629446
0.000702543
0.000847927
0.0010233
0.0012893
0.00148301
0.00153976
0.00150378
0.00137445
0.00111917
0.000871161
0.000711457
0.00061179
0.000543108
0.000509579
0.000483694
0.000473071
0.000465638
0.000462489
0.000459126
0.000457545
0.000456458
0.0004562
0.000458566
0.000463597
0.000473323
0.000489779
0.000516848
0.000560837
0.00063339
0.000757885
0.000983644
0.00141256
0.00212205
0.00248202
0.00257534
0.00237819
0.00143668
0.000645625
0.00053917
0.000656394
0.000931619
0.00113364
0.00131637
0.00147933
0.00153333
0.00148933
0.00132908
0.0010175
0.000766232
0.000613701
0.000530856
0.000485459
0.000463054
0.000452682
0.000446249
0.000443308
0.000439324
0.000437392
0.000435444
0.000434851
0.000435121
0.000437573
0.000441085
0.000447042
0.000455031
0.00046672
0.00048384
0.000509737
0.000550052
0.000615582
0.0007288
0.000941065
0.00136277
0.00217954
0.00257769
0.00265158
0.00219718
0.000983587
0.000596477
0.000691923
0.00117772
0.00139667
0.00150679
0.00155014
0.00149325
0.00132325
0.00098733
0.000709162
0.000561388
0.000488344
0.00045401
0.000438497
0.000431415
0.000426484
0.000421289
0.000417841
0.000415242
0.00041436
0.000414288
0.000416863
0.00042061
0.000425889
0.000432323
0.000440081
0.000449182
0.000460038
0.000473604
0.000491942
0.000518685
0.000560515
0.000629291
0.000750155
0.000985794
0.00147298
0.00232076
0.00268188
0.00264964
0.00143792
0.000682262
0.000790977
0.00140863
0.00158293
0.00161308
0.00153079
0.00136488
0.0010271
0.000699422
0.000539213
0.000465577
0.000434162
0.000420884
0.000414834
0.000408382
0.000402578
0.00039824
0.000396295
0.000395641
0.000396517
0.000399514
0.000404048
0.000410052
0.0004174
0.000426217
0.000436145
0.000447067
0.00045882
0.000471921
0.000487477
0.000507313
0.000536152
0.000583294
0.000664509
0.000811454
0.00111927
0.00177485
0.00256914
0.00280004
0.00214353
0.000804742
0.000985971
0.00159009
0.00170953
0.00163667
0.00144968
0.00112535
0.000746906
0.000542461
0.000455652
0.000420896
0.000407157
0.000400796
0.000394072
0.00038656
0.000382369
0.00038033
0.000379726
0.000380053
0.000382366
0.000385871
0.000390889
0.000397484
0.000405843
0.000416135
0.000428199
0.000441826
0.000456469
0.000471563
0.000487049
0.00050458
0.000526501
0.000559537
0.000617932
0.0007235
0.000921374
0.00134967
0.00229148
0.00283191
0.00271474
0.00094432
0.00119845
0.00172033
0.0017915
0.0016042
0.00128116
0.000878288
0.000581371
0.000459529
0.000413543
0.000396588
0.000389327
0.00038256
0.000374578
0.000369276
0.000366831
0.000365715
0.000365357
0.000365515
0.000367184
0.000369812
0.000374093
0.000380218
0.000388591
0.000399493
0.000412988
0.000428996
0.00044706
0.000466366
0.000485783
0.00050456
0.000524391
0.000549388
0.000589106
0.000668689
0.000825807
0.00113571
0.00182098
0.00284049
0.00310116
0.00148922
0.00140908
0.00179496
0.00181562
0.00152182
0.00108829
0.000682858
0.000487504
0.000414612
0.00038953
0.000379882
0.000373914
0.000365564
0.000358989
0.000355649
0.000353843
0.000352189
0.000350803
0.000350108
0.000349988
0.000351114
0.000354116
0.000359324
0.000367185
0.000378118
0.00039233
0.000409904
0.000430597
0.00045377
0.000478249
0.00050238
0.000524744
0.000547502
0.000577166
0.000629807
0.000743427
0.000987892
0.00151455
0.00268405
0.00336744
0.00236903
0.00161606
0.00183559
0.00179784
0.00139387
0.000907362
0.000566439
0.000433046
0.000388194
0.000373271
0.000366639
0.000359568
0.000351397
0.000346812
0.000344196
0.000341744
0.000338807
0.000335874
0.000333269
0.000331842
0.00033145
0.000332894
0.000337136
0.000344296
0.000354928
0.000369342
0.000387763
0.00041015
0.000436088
0.000464619
0.000494134
0.000522494
0.000548004
0.0005746
0.000613526
0.000703119
0.00090667
0.00135257
0.00236736
0.00362813
0.003414
0.0018065
0.00183543
0.00175133
0.00126838
0.000756082
0.000493492
0.000399898
0.000371066
0.000361084
0.000355105
0.00034715
0.000340252
0.000336776
0.000333738
0.000330007
0.000325522
0.000320923
0.000316671
0.000313697
0.000312465
0.000312471
0.000315714
0.000322147
0.000332262
0.000346495
0.000365209
0.000388578
0.000416433
0.000448046
0.000481933
0.000515813
0.000547059
0.000574674
0.000606709
0.00066642
0.000820589
0.00119538
0.00205544
0.00377375
0.00444317
0.00200155
0.00182033
0.00167505
0.00114425
0.00065597
0.000446692
0.000378701
0.000359159
0.000351692
0.000345157
0.000337085
0.000331345
0.000327949
0.000323928
0.000318809
0.000312891
0.000306885
0.000301382
0.000297075
0.000294933
0.00029436
0.000296485
0.000302169
0.000311587
0.000325283
0.000343752
0.00036739
0.000396317
0.000430122
0.000467565
0.000506346
0.000543271
0.000575449
0.00060573
0.000652041
0.000780658
0.00111976
0.0019106
0.0037848
0.00536713
0.00219504
0.00178386
0.00159229
0.00103911
0.000589161
0.00041593
0.000364777
0.000350659
0.000344314
0.000336987
0.00032912
0.000323921
0.000319986
0.000314886
0.000308559
0.000301499
0.00029444
0.000288022
0.000282886
0.000280012
0.000279044
0.000280282
0.000285184
0.000293794
0.000306696
0.000324504
0.000347814
0.000377039
0.000412129
0.000452193
0.000495099
0.000537361
0.000574936
0.000606302
0.000643862
0.000735184
0.0010228
0.00178359
0.00365824
0.0061621
0.00237458
0.00173713
0.00151085
0.000958919
0.000544473
0.000395722
0.000355582
0.00034478
0.000338693
0.000330556
0.000322808
0.000317582
0.000312889
0.000306863
0.000299634
0.000291786
0.000284049
0.000277067
0.000271432
0.000268022
0.000266756
0.000267369
0.000271501
0.000279249
0.000291201
0.000308059
0.000330586
0.000359471
0.000395043
0.00043685
0.000483087
0.000530193
0.000573203
0.000608279
0.000641385
0.000714902
0.000970694
0.00169017
0.00359877
0.00683148
0.00253963
0.00169116
0.00143845
0.000900167
0.000515044
0.000381989
0.000349572
0.000341089
0.000334547
0.000325715
0.000317808
0.000312184
0.00030676
0.00030006
0.000292262
0.000283972
0.000275891
0.000268639
0.000262751
0.000258937
0.000257418
0.000257628
0.000261054
0.000267941
0.00027888
0.000294628
0.000316073
0.00034413
0.000379481
0.000422144
0.000470774
0.000521954
0.00057007
0.000609168
0.000640604
0.000695257
0.000908539
0.00159996
0.00349572
0.0073793
0.00268752
0.00165133
0.0013757
0.000864196
0.000497123
0.000373789
0.000345926
0.000339033
0.000331938
0.000322244
0.000313902
0.000307723
0.000301693
0.000294575
0.000286509
0.000278068
0.00026991
0.000262618
0.00025667
0.00025257
0.00025077
0.000250736
0.000253547
0.00025962
0.000269563
0.000284158
0.000304372
0.000331298
0.000365923
0.000408747
0.000458984
0.000513592
0.000566629
0.000610205
0.000641526
0.000685899
0.000874611
0.00153695
0.00343413
0.00782751
0.00281451
0.00161692
0.0013268
0.000841139
0.000489103
0.000367759
0.000343875
0.000338151
0.000330275
0.000319999
0.000311057
0.000304196
0.000297691
0.000290379
0.000282294
0.000273934
0.000265899
0.000258725
0.00025285
0.000248626
0.000246526
0.000246296
0.000248583
0.000253919
0.000262942
0.000276424
0.000295372
0.000321002
0.000354527
0.000396882
0.000447883
0.000505023
0.000562363
0.000610646
0.000642826
0.000676598
0.000834486
0.00147621
0.00336615
0.00818753
0.00290489
0.00160067
0.00128927
0.000840473
0.000491562
0.000366351
0.000342617
0.000338215
0.000330194
0.000318883
0.000309127
0.000301651
0.000294762
0.000287401
0.000279472
0.000271357
0.000263583
0.000256641
0.000250919
0.000246728
0.000244375
0.000243995
0.00024592
0.000250614
0.000258759
0.000271134
0.000288876
0.000313184
0.000345411
0.000386876
0.00043801
0.000496966
0.000558044
0.000610827
0.000644475
0.000671837
0.000809829
0.00143632
0.00333498
0.00847632
0.00293156
0.00160138
0.00126567
0.000845871
0.000500044
0.0003679
0.000342426
0.000338465
0.000330567
0.00031903
0.000308311
0.000299948
0.000292765
0.000285468
0.000277801
0.000270056
0.000262718
0.000256127
0.000250606
0.000246451
0.000243957
0.000243429
0.000245013
0.000249251
0.000256779
0.0002683
0.000284849
0.00030768
0.00033853
0.000378784
0.000429468
0.000489474
0.000553635
0.000610862
0.000646093
0.000667046
0.000780723
0.00139553
0.00332397
0.00871679
0.00291002
0.00160624
0.00125442
0.000859664
0.000516654
0.000372569
0.000342698
0.000338987
0.000331512
0.000319735
0.000308533
0.000299401
0.000291649
0.000284391
0.000277153
0.00026995
0.000262943
0.000256583
0.000251235
0.000247189
0.000244725
0.000244181
0.000245447
0.000249136
0.000256235
0.000267257
0.000283021
0.000304754
0.000334036
0.000372713
0.000422556
0.000482979
0.000549562
0.000610865
0.000647761
0.000664261
0.000759914
0.00136523
0.0033397
0.00892343
0.00284033
0.00161898
0.00125594
0.000887846
0.000548834
0.000383819
0.000343802
0.0003392
0.000333017
0.000321239
0.000309365
0.00029968
0.00029168
0.000284412
0.000277339
0.000270399
0.000263795
0.000257853
0.000252829
0.000248985
0.000246599
0.000246098
0.000247205
0.000250515
0.000257121
0.000267466
0.000282584
0.000303681
0.000331908
0.000369172
0.000417456
0.000477681
0.000546031
0.000611073
0.000649481
0.000661899
0.000737224
0.00133108
0.00338793
0.00910833
0.00269219
0.00162425
0.00126175
0.000922077
0.000584652
0.000399063
0.00034647
0.000339066
0.00033418
0.000323682
0.00031121
0.000300596
0.000292138
0.000284805
0.000277968
0.000271491
0.00026544
0.000259953
0.000255285
0.000251685
0.000249429
0.000249058
0.00025012
0.000253256
0.000259607
0.000269574
0.000284007
0.00030403
0.000331309
0.00036772
0.000414786
0.000474196
0.00054345
0.000611669
0.00065127
0.000660327
0.00071933
0.00129986
0.0034429
0.0092781
0.00246429
0.0016181
0.00127144
0.000967935
0.000641496
0.000430619
0.000353143
0.00033922
0.000334807
0.000325939
0.00031378
0.00030249
0.000293286
0.000285758
0.000279194
0.000273148
0.000267584
0.00026259
0.000258353
0.000255096
0.000253089
0.000252992
0.000254117
0.000257269
0.000263598
0.000273398
0.000287477
0.000306866
0.00033294
0.000367598
0.000413812
0.0004726
0.000542187
0.000612732
0.000652698
0.000658135
0.000702611
0.00126609
0.00351857
0.00943744
0.00216723
0.00159435
0.00128622
0.00100931
0.000696434
0.000465831
0.000365156
0.000340469
0.000334689
0.000327843
0.000316773
0.000305232
0.000295397
0.000287475
0.000280918
0.00027521
0.000270137
0.000265685
0.000261975
0.000259187
0.000257644
0.000257861
0.000259249
0.000262673
0.00026919
0.000279029
0.000292954
0.000311909
0.000337237
0.000370755
0.000415099
0.000472307
0.00054184
0.000614622
0.000653459
0.000655502
0.000686036
0.00123543
0.00359653
0.00958981
0.00181495
0.00153803
0.0012952
0.00106663
0.000776698
0.000526434
0.000390835
0.000345292
0.000334851
0.00032859
0.000319362
0.000308315
0.000298132
0.000289803
0.000283146
0.000277686
0.000273095
0.000269248
0.000266188
0.000264017
0.000263249
0.000263802
0.000265672
0.000269731
0.000276636
0.00028673
0.000300709
0.000319418
0.00034417
0.000376641
0.000419764
0.000475335
0.000543708
0.000617376
0.000653635
0.000650978
0.000667719
0.00120626
0.00368623
0.00973775
0.00142608
0.00141057
0.00129447
0.00109703
0.000842762
0.00059307
0.00042734
0.000357121
0.000336702
0.000328874
0.000320979
0.00031127
0.000301326
0.000292747
0.000285945
0.000280664
0.000276554
0.000273392
0.000271124
0.000269845
0.00027003
0.00027113
0.000273782
0.000278787
0.000286326
0.000296888
0.000311115
0.000329741
0.000354102
0.00038564
0.000427469
0.00048083
0.000547146
0.000620238
0.000651792
0.000644173
0.000647534
0.00118014
0.00377194
0.00988327
0.00104161
0.00126691
0.00126679
0.00116337
0.000928729
0.000680889
0.00048989
0.000383888
0.000343861
0.000330341
0.000321767
0.000313074
0.000304186
0.000296027
0.000289366
0.000284344
0.000280757
0.000278389
0.000277057
0.000277161
0.000278056
0.000280209
0.000284216
0.000290249
0.000298668
0.000309881
0.00032451
0.000343157
0.000367238
0.000397804
0.000438245
0.000488643
0.000551819
0.000621583
0.000646598
0.000633202
0.000623403
0.00115537
0.0038622
0.010029
0.000699932
0.00108093
0.00120739
0.00116176
0.00101184
0.000770941
0.000565934
0.000428302
0.000362031
0.000336257
0.000324001
0.000314648
0.00030606
0.000298649
0.000292705
0.000288389
0.00028563
0.000284304
0.0002845
0.000285524
0.000287832
0.000291612
0.000297041
0.000304325
0.000313808
0.00032575
0.000340853
0.000359518
0.000383273
0.000412574
0.000451134
0.000496967
0.00055509
0.000621606
0.00063637
0.00061531
0.000597725
0.00113182
0.00394912
0.0101777
0.000444617
0.000867473
0.00114567
0.00114611
0.00107338
0.000880607
0.000669855
0.000506277
0.000402184
0.000353606
0.000331551
0.000318708
0.000309065
0.000301333
0.000295656
0.000292135
0.000290513
0.000290826
0.000292109
0.000294901
0.000299073
0.000304579
0.000311667
0.000320314
0.000330924
0.000343517
0.0003591
0.000377625
0.000400696
0.000427759
0.00046167
0.000501005
0.000556145
0.000613171
0.000616959
0.000586986
0.000569601
0.00111609
0.0040342
0.0103321
0.000286002
0.000659051
0.00103968
0.00111401
0.00107987
0.000976446
0.000777081
0.00060588
0.000475561
0.00039392
0.000352942
0.000330735
0.000316773
0.00030706
0.000300585
0.000296426
0.000295894
0.00029687
0.000299397
0.000303945
0.000309891
0.00031713
0.000325791
0.000335657
0.000347293
0.000360472
0.000375903
0.000392529
0.00041282
0.000435156
0.000465613
0.000501707
0.00055151
0.00059118
0.000586265
0.000547055
0.000541144
0.00110927
0.0041123
0.0104941
0.000257802
0.000494736
0.00089304
0.00106183
0.00106738
0.0010245
0.000903314
0.000732139
0.000589793
0.00047906
0.00040499
0.000363364
0.00033832
0.000322117
0.000311997
0.000305519
0.000303428
0.000304114
0.000306446
0.000311276
0.000318052
0.000326148
0.000335655
0.000345901
0.000357538
0.000369461
0.000383347
0.000397941
0.00041629
0.000436209
0.000463981
0.000492472
0.000530335
0.000548444
0.000536704
0.000502323
0.000527057
0.00111224
0.00418244
0.01067
0.000258657
0.000392844
0.000722882
0.000954006
0.00103604
0.00102958
0.000984465
0.000875432
0.000734805
0.000613219
0.000514056
0.000440495
0.000393954
0.000363148
0.000343001
0.000329604
0.000321815
0.000318661
0.000319111
0.000321116
0.000325518
0.00033185
0.000339853
0.000348562
0.000358853
0.000369217
0.000381413
0.000393247
0.000408082
0.000423344
0.000443688
0.000462493
0.000481975
0.000486172
0.000481188
0.000480425
0.000525044
0.00117316
0.00428001
0.0108811
0.000262282
0.00035465
0.000595918
0.00083406
0.000982003
0.00104027
0.00103786
0.001004
0.000922321
0.000806445
0.000698004
0.000598524
0.000522241
0.000467094
0.000427341
0.000398327
0.000377651
0.000363086
0.000354405
0.000349015
0.000347141
0.000347684
0.000349511
0.000352944
0.000358198
0.000363693
0.00037149
0.000379316
0.000390116
0.000399742
0.000411965
0.00042317
0.000437044
0.000454395
0.000459981
0.000475911
0.000596028
0.00136705
0.00455998
0.0111635
0.000348801
0.000389804
0.000560266
0.000760471
0.000943516
0.0010636
0.00111224
0.0011265
0.00111035
0.00106467
0.000984077
0.000896722
0.000804679
0.000718038
0.000643585
0.000580886
0.000530983
0.000489387
0.000458357
0.000435
0.000418365
0.000405719
0.000397293
0.000390527
0.00038739
0.000384445
0.000384467
0.000385507
0.000388256
0.000393022
0.000401582
0.000412464
0.000430695
0.000454136
0.00049817
0.000601332
0.000884313
0.00188463
0.00519392
0.0116147
0.000575491
0.000498493
0.000681161
0.000863154
0.00103057
0.00116227
0.00124384
0.00127338
0.00126594
0.00124056
0.00118509
0.00111355
0.00103605
0.000959019
0.00088828
0.000825617
0.000772447
0.000727921
0.000691545
0.000659931
0.000636152
0.00061671
0.000604832
0.000595359
0.000593759
0.000595761
0.000601483
0.000614244
0.000628602
0.000657551
0.000693799
0.00075512
0.000829286
0.000947301
0.00110574
0.00137163
0.00186044
0.00313514
0.00634679
0.0122688
0.00144958
0.00187122
0.00247882
0.00274734
0.00285696
0.00288772
0.00287697
0.00283448
0.00275983
0.00269184
0.00262696
0.00256366
0.00250625
0.00245791
0.00241812
0.00239101
0.00237188
0.0023679
0.00237199
0.00238296
0.00240504
0.00243651
0.00247592
0.00252607
0.00258314
0.00265404
0.0027312
0.00282693
0.00292847
0.00305805
0.00318222
0.00335441
0.00354543
0.00381863
0.00410896
0.00455784
0.00509169
0.00635663
0.00866069
0.0133901
0.00922639
0.014314
0.0172775
0.018451
0.0188631
0.0188435
0.0186923
0.0183571
0.0179305
0.01749
0.0170671
0.0166768
0.0163238
0.0160085
0.0157274
0.0154776
0.0152548
0.0150561
0.0148784
0.0147193
0.0145769
0.0144501
0.0143375
0.0142383
0.0141524
0.0140785
0.0140183
0.0139688
0.0139354
0.0139104
0.013907
0.0139103
0.0139186
0.0139398
0.0139814
0.0140447
0.0141898
0.014363
0.0152496
0.0148262
)
;

boundaryField
{
    movingWall
    {
        type            kqRWallFunction;
        value           nonuniform List<scalar> 
40
(
0.00922639
0.014314
0.0172775
0.018451
0.0188631
0.0188435
0.0186923
0.0183571
0.0179305
0.01749
0.0170671
0.0166768
0.0163238
0.0160085
0.0157274
0.0154776
0.0152548
0.0150561
0.0148784
0.0147193
0.0145769
0.0144501
0.0143375
0.0142383
0.0141524
0.0140785
0.0140183
0.0139688
0.0139354
0.0139104
0.013907
0.0139103
0.0139186
0.0139398
0.0139814
0.0140447
0.0141898
0.014363
0.0152496
0.0148262
)
;
    }
    fixedWalls
    {
        type            kqRWallFunction;
        value           nonuniform List<scalar> 
120
(
0.000132178
0.000226583
0.000372943
0.000504734
0.000586118
0.000629446
0.000656394
0.000691923
0.000790977
0.000985971
0.00119845
0.00140908
0.00161606
0.0018065
0.00200155
0.00219504
0.00237458
0.00253963
0.00268752
0.00281451
0.00290489
0.00293156
0.00291002
0.00284033
0.00269219
0.00246429
0.00216723
0.00181495
0.00142608
0.00104161
0.000699932
0.000444617
0.000286002
0.000257802
0.000258657
0.000262282
0.000348801
0.000575491
0.00144958
0.00922639
0.000317903
0.000357976
0.000419399
0.000475052
0.000506705
0.00053917
0.000596477
0.000682262
0.000804742
0.00094432
0.00148922
0.00236903
0.003414
0.00444317
0.00536713
0.0061621
0.00683148
0.0073793
0.00782751
0.00818753
0.00847632
0.00871679
0.00892343
0.00910833
0.0092781
0.00943744
0.00958981
0.00973775
0.00988327
0.010029
0.0101777
0.0103321
0.0104941
0.01067
0.0108811
0.0111635
0.0116147
0.0122688
0.0133901
0.0148262
0.000132178
0.000155416
0.000194298
0.0002316
0.000256176
0.000270905
0.000290667
0.000317407
0.0003472
0.000390796
0.000500399
0.000820045
0.00128367
0.00184907
0.00241841
0.0029263
0.00333966
0.0036391
0.00381087
0.00388554
0.00390305
0.00384115
0.00371822
0.00354812
0.00335911
0.00314907
0.00292938
0.0027039
0.00248465
0.00224779
0.00200258
0.00172034
0.00144689
0.00129222
0.00119172
0.00111322
0.00101301
0.000830971
0.000551725
0.000317903
)
;
    }
    frontAndBack
    {
        type            empty;
    }
}


// ************************************************************************* //
