/*--------------------------------*- C++ -*----------------------------------*\
| =========                 |                                                 |
| \\      /  F ield         | OpenFOAM: The Open Source CFD Toolbox           |
|  \\    /   O peration     | Version:  2412                                  |
|   \\  /    A nd           | Website:  www.openfoam.com                      |
|    \\/     M anipulation  |                                                 |
\*---------------------------------------------------------------------------*/
FoamFile
{
    version     2.0;
    format      ascii;
    arch        "LSB;label=32;scalar=64";
    class       surfaceScalarField;
    location    "5.75";
    object      phi;
}
// * * * * * * * * * * * * * * * * * * * * * * * * * * * * * * * * * * * * * //

dimensions      [0 3 -1 0 0 0 0];

oriented        oriented;

internalField   nonuniform List<scalar> 
3120
(
8.30589e-08
-8.30634e-08
1.89576e-07
-1.06517e-07
2.65242e-07
-7.56657e-08
2.94998e-07
-2.97561e-08
2.93685e-07
1.31262e-09
2.82838e-07
1.08469e-08
2.65971e-07
1.68662e-08
2.30461e-07
3.55103e-08
1.64021e-07
6.644e-08
4.56526e-08
1.18368e-07
-1.42293e-07
1.87946e-07
-4.20074e-07
2.7778e-07
-8.03891e-07
3.83817e-07
-1.27872e-06
4.74833e-07
-1.80962e-06
5.30899e-07
-2.35955e-06
5.49923e-07
-2.89006e-06
5.30509e-07
-3.36533e-06
4.75276e-07
-3.75769e-06
3.92361e-07
-4.05271e-06
2.95016e-07
-4.2476e-06
1.9489e-07
-4.34559e-06
9.79883e-08
-4.35059e-06
5.00609e-09
-4.26238e-06
-8.82153e-08
-4.07765e-06
-1.84724e-07
-3.79162e-06
-2.86035e-07
-3.40111e-06
-3.90506e-07
-2.90883e-06
-4.92281e-07
-2.32635e-06
-5.82486e-07
-1.67796e-06
-6.48391e-07
-1.00357e-06
-6.74385e-07
-3.59232e-07
-6.44339e-07
1.92156e-07
-5.51388e-07
5.98904e-07
-4.06747e-07
8.24752e-07
-2.25849e-07
8.66303e-07
-4.15511e-08
7.23551e-07
1.42753e-07
4.65855e-07
2.57696e-07
1.96432e-07
2.69423e-07
1.96432e-07
1.30008e-07
-2.13072e-07
2.69109e-07
-2.45619e-07
3.53582e-07
-1.60139e-07
3.7235e-07
-4.85243e-08
3.34612e-07
3.90509e-08
2.52822e-07
9.26366e-08
1.20982e-07
1.48707e-07
-8.66605e-08
2.43152e-07
-3.97458e-07
3.77238e-07
-8.28579e-07
5.49489e-07
-1.37908e-06
7.38447e-07
-2.01665e-06
9.15352e-07
-2.68302e-06
1.05019e-06
-3.32643e-06
1.11825e-06
-3.91103e-06
1.11549e-06
-4.4095e-06
1.0484e-06
-4.81065e-06
9.31659e-07
-5.11907e-06
7.83696e-07
-5.34794e-06
6.21227e-07
-5.50748e-06
4.54559e-07
-5.60161e-06
2.89019e-07
-5.62797e-06
1.2435e-07
-5.5794e-06
-4.35638e-08
-5.4505e-06
-2.17116e-07
-5.23588e-06
-3.99339e-07
-4.93119e-06
-5.90728e-07
-4.53189e-06
-7.89809e-07
-4.03557e-06
-9.88599e-07
-3.44601e-06
-1.17204e-06
-2.77794e-06
-1.31647e-06
-2.0613e-06
-1.39102e-06
-1.34122e-06
-1.36441e-06
-6.75435e-07
-1.21718e-06
-1.24517e-07
-9.57666e-07
2.71507e-07
-6.21872e-07
4.85516e-07
-2.55561e-07
5.36025e-07
9.22435e-08
4.2441e-07
3.69311e-07
2.07325e-07
4.86508e-07
4.03757e-07
1.48488e-07
-3.6156e-07
2.57545e-07
-3.54675e-07
2.89057e-07
-1.91651e-07
2.45909e-07
-5.37584e-09
1.27199e-07
1.57761e-07
-7.95553e-08
2.9939e-07
-3.9443e-07
4.63581e-07
-8.30461e-07
6.79183e-07
-1.39163e-06
9.38408e-07
-2.051e-06
1.20885e-06
-2.7589e-06
1.44635e-06
-3.45257e-06
1.60903e-06
-4.07913e-06
1.67674e-06
-4.61118e-06
1.6503e-06
-5.04283e-06
1.54714e-06
-5.38195e-06
1.38752e-06
-5.64505e-06
1.19476e-06
-5.84771e-06
9.86362e-07
-5.99977e-06
7.73285e-07
-6.10563e-06
5.6042e-07
-6.16443e-06
3.47817e-07
-6.17353e-06
1.33453e-07
-6.13165e-06
-8.54465e-08
-6.03478e-06
-3.13991e-07
-5.87439e-06
-5.59727e-07
-5.64126e-06
-8.23858e-07
-5.32666e-06
-1.10441e-06
-4.92105e-06
-1.39421e-06
-4.4172e-06
-1.67589e-06
-3.8146e-06
-1.91906e-06
-3.12518e-06
-2.08045e-06
-2.37928e-06
-2.11031e-06
-1.62977e-06
-1.96668e-06
-9.48458e-07
-1.63898e-06
-4.05609e-07
-1.16472e-06
-3.72504e-08
-6.23919e-07
1.60983e-07
-1.0599e-07
1.9411e-07
3.36184e-07
1.09827e-07
5.70791e-07
5.13583e-07
1.22903e-07
-4.84463e-07
1.58422e-07
-3.90194e-07
9.93806e-08
-1.3261e-07
-4.58591e-08
1.39864e-07
-2.82416e-07
3.94318e-07
-6.35751e-07
6.52725e-07
-1.12199e-06
9.49824e-07
-1.73405e-06
1.29124e-06
-2.43285e-06
1.63721e-06
-3.15211e-06
1.92811e-06
-3.82501e-06
2.11925e-06
-4.40641e-06
2.19043e-06
-4.87968e-06
2.15001e-06
-5.25024e-06
2.02086e-06
-5.53324e-06
1.83014e-06
-5.74926e-06
1.60355e-06
-5.91436e-06
1.35985e-06
-6.03917e-06
1.11118e-06
-6.1294e-06
8.63509e-07
-6.18889e-06
6.19913e-07
-6.22093e-06
3.79856e-07
-6.22517e-06
1.37697e-07
-6.19979e-06
-1.10833e-07
-6.14419e-06
-3.69586e-07
-6.05576e-06
-6.4816e-07
-5.92732e-06
-9.52295e-07
-5.74578e-06
-1.28595e-06
-5.49285e-06
-1.64713e-06
-5.14732e-06
-2.02142e-06
-4.68913e-06
-2.37726e-06
-4.10613e-06
-2.66345e-06
-3.40343e-06
-2.81301e-06
-2.61393e-06
-2.75617e-06
-1.80771e-06
-2.44521e-06
-1.0845e-06
-1.88792e-06
-5.32693e-07
-1.17573e-06
-1.85338e-07
-4.53345e-07
-1.2308e-08
1.63154e-07
1.93482e-08
5.39135e-07
5.32931e-07
5.25935e-08
-5.37056e-07
-1.11895e-08
-3.26411e-07
-1.70096e-07
2.62962e-08
-4.20035e-07
3.89803e-07
-7.80927e-07
7.5521e-07
-1.27331e-06
1.14511e-06
-1.89147e-06
1.56798e-06
-2.58704e-06
1.98681e-06
-3.28775e-06
2.33792e-06
-3.92682e-06
2.56718e-06
-4.46114e-06
2.65357e-06
-4.87813e-06
2.60742e-06
-5.18551e-06
2.45739e-06
-5.40271e-06
2.23806e-06
-5.55038e-06
1.97781e-06
-5.64657e-06
1.69974e-06
-5.7038e-06
1.41707e-06
-5.73188e-06
1.13926e-06
-5.73864e-06
8.70271e-07
-5.72974e-06
6.11016e-07
-5.70877e-06
3.58884e-07
-5.68192e-06
1.1085e-07
-5.65475e-06
-1.38007e-07
-5.62821e-06
-3.96129e-07
-5.60298e-06
-6.73388e-07
-5.57548e-06
-9.79798e-07
-5.53631e-06
-1.32512e-06
-5.46814e-06
-1.7153e-06
-5.34223e-06
-2.14733e-06
-5.1191e-06
-2.60039e-06
-4.75575e-06
-3.0268e-06
-4.22041e-06
-3.34835e-06
-3.50957e-06
-3.46701e-06
-2.66481e-06
-3.28997e-06
-1.78449e-06
-2.76825e-06
-1.01175e-06
-1.94846e-06
-4.63514e-07
-1.00159e-06
-1.50404e-07
-1.49956e-07
-2.40374e-08
4.12769e-07
5.08894e-07
-4.77328e-08
-4.89324e-07
-2.13442e-07
-1.60703e-07
-4.70318e-07
2.83172e-07
-8.27005e-07
7.4649e-07
-1.30317e-06
1.23137e-06
-1.89731e-06
1.73925e-06
-2.56616e-06
2.23684e-06
-3.23755e-06
2.6582e-06
-3.84185e-06
2.94222e-06
-4.33419e-06
3.05952e-06
-4.69922e-06
3.0186e-06
-4.9452e-06
2.85339e-06
-5.09261e-06
2.6048e-06
-5.16452e-06
2.30997e-06
-5.18204e-06
1.99532e-06
-5.1621e-06
1.67981e-06
-5.119e-06
1.37397e-06
-5.06395e-06
1.08421e-06
-5.00554e-06
8.11861e-07
-4.94971e-06
5.55182e-07
-4.90107e-06
3.10243e-07
-4.86159e-06
7.13691e-08
-4.83043e-06
-1.6916e-07
-4.80968e-06
-4.16886e-07
-4.80389e-06
-6.79169e-07
-4.81759e-06
-9.66104e-07
-4.85334e-06
-1.28937e-06
-4.90709e-06
-1.66155e-06
-4.96126e-06
-2.09316e-06
-4.97754e-06
-2.58412e-06
-4.89471e-06
-3.10963e-06
-4.63898e-06
-3.60409e-06
-4.15083e-06
-3.95516e-06
-3.41842e-06
-4.02238e-06
-2.50135e-06
-3.68532e-06
-1.54547e-06
-2.90434e-06
-7.51859e-07
-1.79519e-06
-2.5115e-07
-6.50666e-07
-3.67703e-08
1.98389e-07
4.72124e-07
-1.53269e-07
-3.36055e-07
-4.20525e-07
1.06554e-07
-7.70666e-07
6.33313e-07
-1.22237e-06
1.1982e-06
-1.78019e-06
1.78919e-06
-2.41079e-06
2.36986e-06
-3.04873e-06
2.87477e-06
-3.62415e-06
3.23362e-06
-4.08602e-06
3.40409e-06
-4.41269e-06
3.38618e-06
-4.61012e-06
3.21604e-06
-4.70082e-06
2.94409e-06
-4.71267e-06
2.61666e-06
-4.67181e-06
2.26911e-06
-4.60115e-06
1.92466e-06
-4.51865e-06
1.59731e-06
-4.43748e-06
1.29281e-06
-4.3648e-06
1.01153e-06
-4.30298e-06
7.50038e-07
-4.2509e-06
5.03106e-07
-4.20566e-06
2.65005e-07
-4.16464e-06
3.03432e-08
-4.12717e-06
-2.06631e-07
-4.09521e-06
-4.48839e-07
-4.0731e-06
-7.01283e-07
-4.06901e-06
-9.70192e-07
-4.09419e-06
-1.2642e-06
-4.15982e-06
-1.59591e-06
-4.27061e-06
-1.98237e-06
-4.41318e-06
-2.44155e-06
-4.54226e-06
-2.98055e-06
-4.57354e-06
-3.57281e-06
-4.3977e-06
-4.13099e-06
-3.92381e-06
-4.49627e-06
-3.13673e-06
-4.4724e-06
-2.13386e-06
-3.90721e-06
-1.13466e-06
-2.7944e-06
-4.03178e-07
-1.38215e-06
-5.47955e-08
-1.49993e-07
4.17328e-07
-2.55859e-07
-8.01963e-08
-6.09452e-07
4.60147e-07
-1.03973e-06
1.06359e-06
-1.55907e-06
1.71753e-06
-2.14783e-06
2.37795e-06
-2.75305e-06
2.97507e-06
-3.3075e-06
3.42922e-06
-3.75425e-06
3.68038e-06
-4.06226e-06
3.71209e-06
-4.23237e-06
3.55629e-06
-4.28849e-06
3.27216e-06
-4.26357e-06
2.91916e-06
-4.19014e-06
2.54322e-06
-4.09594e-06
2.17491e-06
-4.00191e-06
1.83063e-06
-3.92058e-06
1.51598e-06
-3.85664e-06
1.22886e-06
-3.80852e-06
9.63406e-07
-3.77143e-06
7.12948e-07
-3.7397e-06
4.71384e-07
-3.70856e-06
2.33857e-07
-3.67524e-06
-2.97021e-09
-3.63906e-06
-2.42811e-07
-3.60054e-06
-4.8736e-07
-3.56215e-06
-7.39669e-07
-3.52971e-06
-1.00264e-06
-3.51342e-06
-1.28048e-06
-3.52873e-06
-1.5806e-06
-3.59479e-06
-1.9163e-06
-3.72669e-06
-2.30965e-06
-3.9182e-06
-2.78904e-06
-4.11844e-06
-3.37257e-06
-4.21813e-06
-4.0313e-06
-4.06975e-06
-4.64465e-06
-3.55551e-06
-4.98664e-06
-2.67421e-06
-4.78852e-06
-1.59135e-06
-3.87725e-06
-6.29911e-07
-2.34359e-06
-9.62134e-08
-6.83691e-07
3.21115e-07
-3.38409e-07
2.58213e-07
-7.62343e-07
8.84081e-07
-1.24994e-06
1.55119e-06
-1.79786e-06
2.26545e-06
-2.37116e-06
2.95125e-06
-2.91111e-06
3.51502e-06
-3.35748e-06
3.87559e-06
-3.66868e-06
3.99158e-06
-3.83576e-06
3.87918e-06
-3.881e-06
3.60153e-06
-3.84136e-06
3.23252e-06
-3.75502e-06
2.83282e-06
-3.65429e-06
2.44249e-06
-3.56185e-06
2.08247e-06
-3.48947e-06
1.75825e-06
-3.43911e-06
1.46562e-06
-3.40654e-06
1.19629e-06
-3.38506e-06
9.41934e-07
-3.36829e-06
6.96177e-07
-3.35136e-06
4.54449e-07
-3.33123e-06
2.13724e-07
-3.30608e-06
-2.81199e-08
-3.27571e-06
-2.73177e-07
-3.23982e-06
-5.23248e-07
-3.19942e-06
-7.80077e-07
-3.15694e-06
-1.04511e-06
-3.11741e-06
-1.32002e-06
-3.0904e-06
-1.60761e-06
-3.09266e-06
-1.91405e-06
-3.14883e-06
-2.25347e-06
-3.2839e-06
-2.65398e-06
-3.49915e-06
-3.15732e-06
-3.73582e-06
-3.79463e-06
-3.85383e-06
-4.52664e-06
-3.66673e-06
-5.17374e-06
-3.04598e-06
-5.40927e-06
-2.04162e-06
-4.88161e-06
-9.41172e-07
-3.44403e-06
-1.90863e-07
-1.434e-06
1.30252e-07
-3.98541e-07
6.56754e-07
-8.67417e-07
1.35296e-06
-1.38111e-06
2.06488e-06
-1.92188e-06
2.80622e-06
-2.44831e-06
3.47768e-06
-2.90327e-06
3.96998e-06
-3.23637e-06
4.20869e-06
-3.42439e-06
4.1796e-06
-3.48178e-06
3.93657e-06
-3.44647e-06
3.56621e-06
-3.36122e-06
3.14727e-06
-3.26267e-06
2.73428e-06
-3.17589e-06
2.35571e-06
-3.11249e-06
2.01907e-06
-3.07308e-06
1.71884e-06
-3.05176e-06
1.4443e-06
-3.04103e-06
1.18557e-06
-3.03452e-06
9.35424e-07
-3.0278e-06
6.89453e-07
-3.01821e-06
4.4486e-07
-3.0043e-06
1.99816e-07
-2.98524e-06
-4.71874e-08
-2.96072e-06
-2.97691e-07
-2.9307e-06
-5.53273e-07
-2.8955e-06
-8.15269e-07
-2.85591e-06
-1.08471e-06
-2.81356e-06
-1.36237e-06
-2.77219e-06
-1.64898e-06
-2.74005e-06
-1.94619e-06
-2.73399e-06
-2.25954e-06
-2.78257e-06
-2.6054e-06
-2.91891e-06
-3.02098e-06
-3.14835e-06
-3.56519e-06
-3.39503e-06
-4.27995e-06
-3.47685e-06
-5.09192e-06
-3.1731e-06
-5.71302e-06
-2.38356e-06
-5.67115e-06
-1.27581e-06
-4.55178e-06
-3.16629e-07
-2.39318e-06
-1.86378e-07
-4.29619e-07
1.08637e-06
-9.17903e-07
1.84124e-06
-1.42817e-06
2.57515e-06
-1.93578e-06
3.31384e-06
-2.39815e-06
3.94005e-06
-2.76269e-06
4.33452e-06
-2.99137e-06
4.43737e-06
-3.08272e-06
4.27095e-06
-3.06953e-06
3.92338e-06
-2.99694e-06
3.49363e-06
-2.90604e-06
3.05637e-06
-2.82545e-06
2.65368e-06
-2.7686e-06
2.29886e-06
-2.73617e-06
1.98663e-06
-2.72181e-06
1.70448e-06
-2.71768e-06
1.44018e-06
-2.71751e-06
1.18539e-06
-2.71727e-06
9.35183e-07
-2.71467e-06
6.86852e-07
-2.70852e-06
4.38713e-07
-2.6982e-06
1.89494e-07
-2.68334e-06
-6.20499e-08
-2.6638e-06
-3.17232e-07
-2.63964e-06
-5.77427e-07
-2.61106e-06
-8.43853e-07
-2.57826e-06
-1.1175e-06
-2.54159e-06
-1.39904e-06
-2.50187e-06
-1.6887e-06
-2.46159e-06
-1.98647e-06
-2.42787e-06
-2.29325e-06
-2.41814e-06
-2.61513e-06
-2.46556e-06
-2.97356e-06
-2.61001e-06
-3.42074e-06
-2.85176e-06
-4.03821e-06
-3.0788e-06
-4.86488e-06
-3.05457e-06
-5.73724e-06
-2.54923e-06
-6.17649e-06
-1.56254e-06
-5.53847e-06
-4.73777e-07
-3.48195e-06
-6.60155e-07
-4.32759e-07
1.51913e-06
-9.1519e-07
2.32367e-06
-1.39892e-06
3.05888e-06
-1.85704e-06
3.77195e-06
-2.24859e-06
4.3316e-06
-2.52732e-06
4.61325e-06
-2.67087e-06
4.58091e-06
-2.69741e-06
4.29749e-06
-2.64965e-06
3.87561e-06
-2.57211e-06
3.41608e-06
-2.49836e-06
2.98263e-06
-2.44576e-06
2.60109e-06
-2.41706e-06
2.27016e-06
-2.4065e-06
1.97608e-06
-2.40624e-06
1.70422e-06
-2.41003e-06
1.44396e-06
-2.41396e-06
1.18933e-06
-2.41601e-06
9.3723e-07
-2.41515e-06
6.85991e-07
-2.4109e-06
4.34461e-07
-2.40301e-06
1.81606e-07
-2.39136e-06
-7.36991e-08
-2.37595e-06
-3.32645e-07
-2.35689e-06
-5.96484e-07
-2.33433e-06
-8.66407e-07
-2.30836e-06
-1.14347e-06
-2.27895e-06
-1.42845e-06
-2.24595e-06
-1.72171e-06
-2.20942e-06
-2.023e-06
-2.1709e-06
-2.33177e-06
-2.13718e-06
-2.64885e-06
-2.12795e-06
-2.98279e-06
-2.18301e-06
-3.36568e-06
-2.34624e-06
-3.87497e-06
-2.59461e-06
-4.61651e-06
-2.75112e-06
-5.58074e-06
-2.52498e-06
-6.40263e-06
-1.74745e-06
-6.31599e-06
-6.54518e-07
-4.57488e-06
-1.31467e-06
-4.12296e-07
1.93143e-06
-8.672e-07
2.77858e-06
-1.3084e-06
3.50008e-06
-1.70842e-06
4.17198e-06
-2.0295e-06
4.65268e-06
-2.23398e-06
4.81773e-06
-2.31606e-06
4.663e-06
-2.30684e-06
4.28827e-06
-2.25091e-06
3.81968e-06
-2.18668e-06
3.35185e-06
-2.13748e-06
2.93342e-06
-2.11027e-06
2.57389e-06
-2.10129e-06
2.26118e-06
-2.10315e-06
1.97793e-06
-2.10945e-06
1.71052e-06
-2.11628e-06
1.45078e-06
-2.12161e-06
1.19466e-06
-2.12454e-06
9.4016e-07
-2.12468e-06
6.86128e-07
-2.12186e-06
4.31644e-07
-2.11603e-06
1.75776e-07
-2.10719e-06
-8.25388e-08
-2.09541e-06
-3.4443e-07
-2.08081e-06
-6.11083e-07
-2.06351e-06
-8.837e-07
-2.04356e-06
-1.16342e-06
-2.02082e-06
-1.45119e-06
-1.9949e-06
-1.74762e-06
-1.96514e-06
-2.05276e-06
-1.93094e-06
-2.36597e-06
-1.89344e-06
-2.68635e-06
-1.86054e-06
-3.01569e-06
-1.85721e-06
-3.36902e-06
-1.93221e-06
-3.79997e-06
-2.12325e-06
-4.42547e-06
-2.34938e-06
-5.3546e-06
-2.34148e-06
-6.41053e-06
-1.80708e-06
-6.8504e-06
-7.96198e-07
-5.58576e-06
-2.11087e-06
-3.7308e-07
2.30451e-06
-7.84786e-07
3.19028e-06
-1.17332e-06
3.88861e-06
-1.51204e-06
4.5107e-06
-1.768e-06
4.90864e-06
-1.91351e-06
4.96324e-06
-1.95631e-06
4.7058e-06
-1.93303e-06
4.265e-06
-1.88438e-06
3.77103e-06
-1.83998e-06
3.30745e-06
-1.8133e-06
2.90675e-06
-1.80434e-06
2.56492e-06
-1.80697e-06
2.2638e-06
-1.81484e-06
1.98581e-06
-1.82375e-06
1.71943e-06
-1.83155e-06
1.45859e-06
-1.83735e-06
1.20046e-06
-1.84082e-06
9.43626e-07
-1.84185e-06
6.87163e-07
-1.84045e-06
4.30242e-07
-1.83664e-06
1.71968e-07
-1.83049e-06
-8.86876e-08
-1.82209e-06
-3.5283e-07
-1.81156e-06
-6.21621e-07
-1.79898e-06
-8.96281e-07
-1.78436e-06
-1.17803e-06
-1.76755e-06
-1.468e-06
-1.7481e-06
-1.76708e-06
-1.72517e-06
-2.07569e-06
-1.69758e-06
-2.39356e-06
-1.66429e-06
-2.71964e-06
-1.62684e-06
-3.05315e-06
-1.59661e-06
-3.39924e-06
-1.60833e-06
-3.78826e-06
-1.71873e-06
-4.31507e-06
-1.93024e-06
-5.14308e-06
-2.05403e-06
-6.28675e-06
-1.7477e-06
-7.15673e-06
-8.78231e-07
-6.45523e-06
-2.9891e-06
-3.20416e-07
2.62492e-06
-6.78254e-07
3.54812e-06
-1.00907e-06
4.21943e-06
-1.28731e-06
4.78893e-06
-1.48607e-06
5.10741e-06
-1.58789e-06
5.06506e-06
-1.60888e-06
4.72679e-06
-1.58513e-06
4.24125e-06
-1.55027e-06
3.73617e-06
-1.52494e-06
3.28212e-06
-1.51514e-06
2.89694e-06
-1.51744e-06
2.56723e-06
-1.52601e-06
2.27237e-06
-1.53634e-06
1.99614e-06
-1.54601e-06
1.72909e-06
-1.55401e-06
1.46659e-06
-1.56002e-06
1.20648e-06
-1.56402e-06
9.47625e-07
-1.56605e-06
6.89191e-07
-1.56618e-06
4.30369e-07
-1.56447e-06
1.7026e-07
-1.56101e-06
-9.21465e-08
-1.5559e-06
-3.57947e-07
-1.54921e-06
-6.28304e-07
-1.54103e-06
-9.0446e-07
-1.53135e-06
-1.18772e-06
-1.51999e-06
-1.47937e-06
-1.50649e-06
-1.78058e-06
-1.49e-06
-2.09218e-06
-1.46922e-06
-2.41435e-06
-1.44248e-06
-2.74638e-06
-1.40874e-06
-3.08688e-06
-1.37149e-06
-3.4365e-06
-1.34973e-06
-3.81001e-06
-1.39218e-06
-4.27261e-06
-1.54692e-06
-4.98835e-06
-1.72202e-06
-6.11164e-06
-1.59692e-06
-7.28183e-06
-8.99803e-07
-7.15236e-06
-3.88891e-06
-2.59148e-07
2.88407e-06
-5.56779e-07
3.84575e-06
-8.28243e-07
4.49089e-06
-1.049e-06
5.00969e-06
-1.19935e-06
5.25776e-06
-1.27044e-06
5.13614e-06
-1.28151e-06
4.73786e-06
-1.26414e-06
4.22388e-06
-1.24386e-06
3.71589e-06
-1.23366e-06
3.27192e-06
-1.23489e-06
2.89817e-06
-1.24329e-06
2.57563e-06
-1.25435e-06
2.28343e-06
-1.26529e-06
2.00708e-06
-1.27487e-06
1.73868e-06
-1.28275e-06
1.47447e-06
-1.28894e-06
1.21266e-06
-1.29353e-06
9.52218e-07
-1.29665e-06
6.92311e-07
-1.2984e-06
4.3212e-07
-1.29887e-06
1.70728e-07
-1.29814e-06
-9.28802e-08
-1.29629e-06
-3.59797e-07
-1.29339e-06
-6.312e-07
-1.2895e-06
-9.08354e-07
-1.28459e-06
-1.19263e-06
-1.27848e-06
-1.48547e-06
-1.27075e-06
-1.78831e-06
-1.26054e-06
-2.10238e-06
-1.24655e-06
-2.42834e-06
-1.22698e-06
-2.76595e-06
-1.19993e-06
-3.11393e-06
-1.16522e-06
-3.47121e-06
-1.13125e-06
-3.84399e-06
-1.13095e-06
-4.27292e-06
-1.22333e-06
-4.89597e-06
-1.3942e-06
-5.94076e-06
-1.39125e-06
-7.28479e-06
-8.72606e-07
-7.67099e-06
-4.76151e-06
-1.9303e-07
3.0771e-06
-4.27423e-07
4.08014e-06
-6.39841e-07
4.70331e-06
-8.07394e-07
5.17725e-06
-9.17429e-07
5.36779e-06
-9.67402e-07
5.18611e-06
-9.75621e-07
4.74608e-06
-9.66966e-07
4.21522e-06
-9.59212e-07
3.70813e-06
-9.59621e-07
3.27233e-06
-9.67242e-07
2.90579e-06
-9.78343e-07
2.58673e-06
-9.89914e-07
2.295e-06
-1.00046e-06
2.01762e-06
-1.00951e-06
1.74773e-06
-1.0171e-06
1.48206e-06
-1.02339e-06
1.21896e-06
-1.02858e-06
9.57403e-07
-1.03281e-06
6.96546e-07
-1.03622e-06
4.35528e-07
-1.0389e-06
1.73407e-07
-1.04093e-06
-9.0853e-08
-1.04237e-06
-3.5835e-07
-1.0433e-06
-6.30277e-07
-1.04372e-06
-9.07926e-07
-1.04362e-06
-1.19273e-06
-1.04283e-06
-1.48627e-06
-1.04092e-06
-1.79022e-06
-1.0371e-06
-2.1062e-06
-1.03009e-06
-2.43535e-06
-1.01809e-06
-2.77795e-06
-9.98997e-07
-3.13302e-06
-9.71236e-07
-3.49897e-06
-9.37462e-07
-3.87776e-06
-9.16843e-07
-4.29353e-06
-9.6055e-07
-4.85226e-06
-1.10066e-06
-5.80066e-06
-1.16581e-06
-7.21963e-06
-8.13218e-07
-8.02359e-06
-5.57473e-06
-1.25017e-07
3.20212e-06
-2.95181e-07
4.25031e-06
-4.5027e-07
4.8584e-06
-5.68524e-07
5.2955e-06
-6.44546e-07
5.44381e-06
-6.80174e-07
5.22174e-06
-6.89153e-07
4.75506e-06
-6.89036e-07
4.21511e-06
-6.90882e-07
3.70998e-06
-6.98038e-07
3.27949e-06
-7.0881e-07
2.91656e-06
-7.20507e-07
2.59843e-06
-7.31423e-07
2.30592e-06
-7.40969e-07
2.02717e-06
-7.49168e-07
1.75593e-06
-7.56267e-07
1.48916e-06
-7.62544e-07
1.22523e-06
-7.68235e-07
9.63095e-07
-7.73526e-07
7.01837e-07
-7.78556e-07
4.40558e-07
-7.83434e-07
1.78284e-07
-7.88244e-07
-8.60429e-08
-7.9305e-07
-3.53544e-07
-7.97895e-07
-6.25432e-07
-8.02789e-07
-9.03033e-07
-8.07685e-07
-1.18783e-06
-8.12418e-07
-1.48153e-06
-8.16599e-07
-1.78604e-06
-8.19492e-07
-2.1033e-06
-8.19875e-07
-2.43497e-06
-8.1599e-07
-2.78183e-06
-8.05686e-07
-3.14333e-06
-7.86959e-07
-3.5177e-06
-7.5985e-07
-3.90487e-06
-7.34457e-07
-4.31893e-06
-7.48664e-07
-4.83805e-06
-8.53971e-07
-5.69535e-06
-9.46277e-07
-7.12733e-06
-7.34382e-07
-8.23548e-06
-6.30911e-06
-5.67098e-08
3.25883e-06
-1.62894e-07
4.35649e-06
-2.6309e-07
4.9586e-06
-3.35514e-07
5.36792e-06
-3.81928e-07
5.49023e-06
-4.0717e-07
5.24698e-06
-4.18294e-07
4.76618e-06
-4.25525e-07
4.22234e-06
-4.34321e-07
3.71877e-06
-4.45456e-07
3.29062e-06
-4.57317e-07
2.92842e-06
-4.68345e-07
2.60946e-06
-4.77885e-07
2.31546e-06
-4.85995e-07
2.03528e-06
-4.93034e-07
1.76297e-06
-4.99404e-07
1.49553e-06
-5.05461e-07
1.23129e-06
-5.11488e-07
9.69121e-07
-5.17699e-07
7.08048e-07
-5.24255e-07
4.47115e-07
-5.31283e-07
1.85312e-07
-5.38878e-07
-7.84478e-08
-5.47105e-07
-3.45317e-07
-5.56005e-07
-6.16532e-07
-5.65574e-07
-8.93464e-07
-5.75749e-07
-1.17766e-06
-5.86359e-07
-1.47092e-06
-5.97039e-07
-1.77536e-06
-6.07109e-07
-2.09323e-06
-6.15431e-07
-2.42664e-06
-6.20327e-07
-2.77693e-06
-6.1968e-07
-3.14397e-06
-6.11406e-07
-3.52598e-06
-5.94566e-07
-3.92171e-06
-5.74259e-07
-4.33923e-06
-5.76127e-07
-4.83618e-06
-6.54046e-07
-5.61743e-06
-7.47834e-07
-7.03354e-06
-6.4343e-07
-8.33989e-06
-6.95254e-06
1.19662e-08
3.24686e-06
-3.21525e-08
4.40061e-06
-7.95884e-08
5.00603e-06
-1.10237e-07
5.39857e-06
-1.29625e-07
5.50962e-06
-1.45731e-07
5.26309e-06
-1.58568e-07
4.77902e-06
-1.71727e-07
4.2355e-06
-1.85642e-07
3.73269e-06
-1.9915e-07
3.30413e-06
-2.10986e-07
2.94026e-06
-2.20651e-07
2.61912e-06
-2.28354e-07
2.32316e-06
-2.34671e-07
2.04159e-06
-2.40233e-07
1.76853e-06
-2.45584e-07
1.50088e-06
-2.51154e-07
1.23686e-06
-2.5728e-07
9.75247e-07
-2.64214e-07
7.14982e-07
-2.7215e-07
4.55052e-07
-2.81238e-07
1.944e-07
-2.91595e-07
-6.80909e-08
-3.03294e-07
-3.33617e-07
-3.16387e-07
-6.03439e-07
-3.30862e-07
-8.78989e-07
-3.46642e-07
-1.16188e-06
-3.63543e-07
-1.45402e-06
-3.81213e-07
-1.75769e-06
-3.99021e-07
-2.07543e-06
-4.15918e-07
-2.40975e-06
-4.30332e-07
-2.76252e-06
-4.40229e-07
-3.13408e-06
-4.43533e-07
-3.52267e-06
-4.3907e-07
-3.92618e-06
-4.29691e-07
-4.34861e-06
-4.32521e-07
-4.83335e-06
-4.9464e-07
-5.55531e-06
-5.82867e-07
-6.94531e-06
-5.4131e-07
-8.38145e-06
-7.49385e-06
7.92441e-08
3.16762e-06
9.70365e-08
4.38282e-06
9.93962e-08
5.00367e-06
1.07855e-07
5.39011e-06
1.14993e-07
5.50248e-06
1.0809e-07
5.26999e-06
9.40713e-08
4.79304e-06
7.61998e-08
4.25337e-06
5.83105e-08
3.75058e-06
4.31993e-08
3.31924e-06
3.18378e-08
2.95162e-06
2.38354e-08
2.62712e-06
1.82331e-08
2.32876e-06
1.39878e-08
2.04584e-06
1.02026e-08
1.77232e-06
6.18126e-09
1.5049e-06
1.39635e-09
1.24165e-06
-4.54406e-09
9.81187e-07
-1.19547e-08
7.22392e-07
-2.10747e-08
4.64172e-07
-3.20927e-08
2.05418e-07
-4.51573e-08
-5.50263e-08
-6.03619e-08
-3.18412e-07
-7.77698e-08
-5.86031e-07
-9.73712e-08
-8.59388e-07
-1.19074e-07
-1.14017e-06
-1.42685e-07
-1.43041e-06
-1.6786e-07
-1.73252e-06
-1.94011e-07
-2.04927e-06
-2.20174e-07
-2.38358e-06
-2.44897e-07
-2.7378e-06
-2.6627e-07
-3.1127e-06
-2.82283e-07
-3.50666e-06
-2.91717e-07
-3.91674e-06
-2.96377e-07
-4.34395e-06
-3.08753e-07
-4.82098e-06
-3.66439e-07
-5.49763e-06
-4.5586e-07
-6.85589e-06
-4.38215e-07
-8.39909e-06
-7.93207e-06
1.47362e-07
3.02026e-06
2.24275e-07
4.30591e-06
2.73742e-07
4.95421e-06
3.19951e-07
5.3439e-06
3.53236e-07
5.46919e-06
3.57996e-07
5.26523e-06
3.43337e-07
4.8077e-06
3.21408e-07
4.2753e-06
3.00032e-07
3.77195e-06
2.83533e-07
3.33574e-06
2.72717e-07
2.96244e-06
2.66427e-07
2.63341e-06
2.63037e-07
2.33215e-06
2.61061e-07
2.04782e-06
2.59322e-07
1.77406e-06
2.56945e-07
1.50728e-06
2.53279e-07
1.24531e-06
2.47829e-07
9.86638e-07
2.40213e-07
7.30008e-07
2.30131e-07
4.74254e-07
2.1734e-07
2.18209e-07
2.01646e-07
-3.93322e-08
1.82936e-07
-2.99702e-07
1.61129e-07
-5.64225e-07
1.36226e-07
-8.34485e-07
1.08326e-07
-1.11227e-06
7.76299e-08
-1.39971e-06
4.44786e-08
-1.69937e-06
9.43553e-09
-2.01423e-06
-2.66521e-08
-2.3475e-06
-6.24629e-08
-2.70199e-06
-9.62456e-08
-3.07892e-06
-1.26118e-07
-3.47679e-06
-1.50808e-07
-3.89205e-06
-1.71469e-07
-4.32329e-06
-1.98025e-07
-4.79442e-06
-2.60039e-07
-5.43561e-06
-3.58605e-07
-6.75732e-06
-3.50504e-07
-8.40719e-06
-8.28257e-06
2.14841e-07
2.80541e-06
3.49238e-07
4.17151e-06
4.43698e-07
4.85974e-06
5.25872e-07
5.26173e-06
5.85345e-07
5.40972e-06
6.05502e-07
5.24507e-06
5.92787e-07
4.82041e-06
5.67497e-07
4.30059e-06
5.42552e-07
3.7969e-06
5.24202e-07
3.35409e-06
5.1344e-07
2.9732e-06
5.0855e-07
2.6383e-06
5.07279e-07
2.33342e-06
5.07661e-07
2.04743e-06
5.08188e-07
1.77353e-06
5.07749e-07
1.50772e-06
5.05528e-07
1.24753e-06
5.00906e-07
9.9126e-07
4.93401e-07
7.37513e-07
4.82631e-07
4.85023e-07
4.68288e-07
2.32552e-07
4.50102e-07
-2.1146e-08
4.27955e-07
-2.77555e-07
4.01726e-07
-5.37995e-07
3.71404e-07
-8.04163e-07
3.37081e-07
-1.07795e-06
2.98968e-07
-1.3616e-06
2.57419e-07
-1.65782e-06
2.12958e-07
-1.96977e-06
1.6635e-07
-2.30089e-06
1.18749e-07
-2.65439e-06
7.17117e-08
-3.03188e-06
2.69366e-08
-3.43201e-06
-1.44363e-08
-3.85068e-06
-5.26119e-08
-4.28512e-06
-9.60308e-08
-4.751e-06
-1.69114e-07
-5.36253e-06
-2.80748e-07
-6.64569e-06
-2.84028e-07
-8.40391e-06
-8.5666e-06
2.77409e-07
2.52801e-06
4.70486e-07
3.97843e-06
6.08406e-07
4.72182e-06
7.24912e-07
5.14522e-06
8.12273e-07
5.32236e-06
8.51142e-07
5.20621e-06
8.44672e-07
4.82688e-06
8.17619e-07
4.32764e-06
7.88887e-07
3.82563e-06
7.6774e-07
3.37524e-06
7.56057e-07
2.98488e-06
7.51897e-07
2.64246e-06
7.52415e-07
2.33291e-06
7.55103e-07
2.04475e-06
7.58034e-07
1.7706e-06
7.59793e-07
1.50596e-06
7.59339e-07
1.24799e-06
7.55885e-07
9.94714e-07
7.48823e-07
7.44576e-07
7.3767e-07
4.96177e-07
7.22054e-07
2.48168e-07
7.01551e-07
-6.42787e-10
6.76134e-07
-2.52137e-07
6.45546e-07
-5.07408e-07
6.09773e-07
-7.6839e-07
5.68902e-07
-1.03708e-06
5.23153e-07
-1.31585e-06
4.72877e-07
-1.60754e-06
4.18564e-07
-1.91546e-06
3.60901e-07
-2.24323e-06
3.00866e-07
-2.59435e-06
2.39764e-07
-2.97078e-06
1.79038e-07
-3.37128e-06
1.19882e-07
-3.79153e-06
6.17614e-08
-4.22699e-06
-3.18454e-09
-4.68606e-06
-9.02837e-08
-5.27543e-06
-2.14657e-07
-6.52132e-06
-2.37543e-07
-8.38103e-06
-8.80414e-06
3.29536e-07
2.19847e-06
5.83583e-07
3.72438e-06
7.65637e-07
4.53977e-06
9.15737e-07
4.99512e-06
1.03253e-06
5.20557e-06
1.09435e-06
5.14438e-06
1.09967e-06
4.82157e-06
1.07401e-06
4.35329e-06
1.04197e-06
3.85767e-06
1.01707e-06
3.40014e-06
1.00315e-06
2.9988e-06
9.98654e-07
2.64696e-06
1.00032e-06
2.33124e-06
1.00505e-06
2.04002e-06
1.01038e-06
1.76526e-06
1.01452e-06
1.50182e-06
1.01611e-06
1.24639e-06
1.01415e-06
9.96669e-07
1.00787e-06
7.50856e-07
9.9665e-07
5.07399e-07
9.7998e-07
2.64838e-07
9.57616e-07
2.17218e-08
9.29055e-07
-2.23577e-07
8.94237e-07
-4.72589e-07
8.53084e-07
-7.27238e-07
8.05679e-07
-9.89674e-07
7.52208e-07
-1.26238e-06
6.92988e-07
-1.54832e-06
6.28487e-07
-1.85096e-06
5.59342e-07
-2.17408e-06
4.86309e-07
-2.52132e-06
4.10423e-07
-2.8949e-06
3.32842e-07
-3.2937e-06
2.545e-07
-3.71318e-06
1.75346e-07
-4.14784e-06
9.07094e-08
-4.60142e-06
-1.76954e-08
-5.16703e-06
-1.55913e-07
-6.3831e-06
-2.05297e-07
-8.33164e-06
-9.00944e-06
3.65867e-07
1.8326e-06
6.81157e-07
3.40909e-06
9.11317e-07
4.30961e-06
1.09562e-06
4.81082e-06
1.24277e-06
5.05842e-06
1.33228e-06
5.05487e-06
1.35638e-06
4.79747e-06
1.33748e-06
4.3722e-06
1.30417e-06
3.89098e-06
1.27521e-06
3.4291e-06
1.25777e-06
3.01624e-06
1.2516e-06
2.65313e-06
1.25344e-06
2.3294e-06
1.25966e-06
2.03381e-06
1.2672e-06
1.75772e-06
1.27374e-06
1.49528e-06
1.27757e-06
1.24256e-06
1.2774e-06
9.96841e-07
1.27224e-06
7.56021e-07
1.26131e-06
5.18331e-07
1.244e-06
2.8214e-07
1.2199e-06
4.58289e-08
1.18856e-06
-1.92242e-07
1.14977e-06
-4.33801e-07
1.10345e-06
-6.80908e-07
1.04963e-06
-9.35855e-07
9.88476e-07
-1.20123e-06
9.20275e-07
-1.48012e-06
8.45406e-07
-1.77609e-06
7.64376e-07
-2.09305e-06
6.77749e-07
-2.43469e-06
5.86284e-07
-2.80343e-06
4.90771e-07
-3.19819e-06
3.9186e-07
-3.61427e-06
2.89771e-07
-4.04575e-06
1.80469e-07
-4.49212e-06
5.01182e-08
-5.03667e-06
-1.04018e-07
-6.22896e-06
-1.8191e-07
-8.25375e-06
-9.19135e-06
3.81716e-07
1.45089e-06
7.54455e-07
3.03635e-06
1.03792e-06
4.02615e-06
1.2597e-06
4.58903e-06
1.43859e-06
4.87953e-06
1.56012e-06
4.93334e-06
1.61093e-06
4.74667e-06
1.60662e-06
4.37651e-06
1.57673e-06
3.92086e-06
1.5451e-06
3.46073e-06
1.52353e-06
3.03781e-06
1.51437e-06
2.66229e-06
1.51513e-06
2.32864e-06
1.52195e-06
2.02699e-06
1.5312e-06
1.74847e-06
1.53998e-06
1.4865e-06
1.54609e-06
1.23645e-06
1.54789e-06
9.95041e-07
1.54412e-06
7.59789e-07
1.53382e-06
5.28638e-07
1.51623e-06
2.99728e-07
1.49079e-06
7.12636e-08
1.45703e-06
-1.58481e-07
1.41463e-06
-3.91401e-07
1.36345e-06
-6.29731e-07
1.30349e-06
-8.75894e-07
1.23484e-06
-1.13258e-06
1.15772e-06
-1.403e-06
1.0724e-06
-1.69076e-06
9.7918e-07
-1.99983e-06
8.7835e-07
-2.33386e-06
7.70333e-07
-2.69541e-06
6.55539e-07
-3.0834e-06
5.34406e-07
-3.49314e-06
4.07104e-07
-3.91845e-06
2.70487e-07
-4.3555e-06
1.15284e-07
-4.88147e-06
-5.72191e-08
-6.05646e-06
-1.64423e-07
-8.14655e-06
-9.35577e-06
3.74169e-07
1.07672e-06
7.94591e-07
2.61593e-06
1.13543e-06
3.68531e-06
1.40027e-06
4.32419e-06
1.61328e-06
4.66652e-06
1.77032e-06
4.7763e-06
1.85595e-06
4.66103e-06
1.87661e-06
4.35584e-06
1.85847e-06
3.939e-06
1.82862e-06
3.49059e-06
1.80413e-06
3.06229e-06
1.79138e-06
2.67505e-06
1.78985e-06
2.33016e-06
1.79612e-06
2.02071e-06
1.80626e-06
1.73834e-06
1.81679e-06
1.47596e-06
1.82499e-06
1.22824e-06
1.82878e-06
9.91252e-07
1.82658e-06
7.61992e-07
1.81717e-06
5.38044e-07
1.79965e-06
3.1725e-07
1.7733e-06
9.76163e-08
1.73754e-06
-1.22719e-07
1.692e-06
-3.4586e-07
1.63643e-06
-5.74168e-07
1.57072e-06
-8.10187e-07
1.49489e-06
-1.05675e-06
1.40902e-06
-1.31713e-06
1.31319e-06
-1.59493e-06
1.20744e-06
-1.89408e-06
1.0917e-06
-2.21813e-06
9.65974e-07
-2.56968e-06
8.30206e-07
-2.94763e-06
6.84662e-07
-3.34759e-06
5.29403e-07
-3.76319e-06
3.62315e-07
-4.18841e-06
1.79044e-07
-4.6982e-06
-1.66837e-08
-5.86073e-06
-1.51583e-07
-8.01165e-06
-9.50735e-06
3.43553e-07
7.33166e-07
7.94902e-07
2.16458e-06
1.1927e-06
3.28751e-06
1.50706e-06
4.00983e-06
1.7588e-06
4.41478e-06
1.95435e-06
4.58076e-06
2.08161e-06
4.53377e-06
2.13864e-06
4.29882e-06
2.14416e-06
3.93348e-06
2.1249e-06
3.50984e-06
2.1022e-06
3.085e-06
2.08732e-06
2.68993e-06
2.08316e-06
2.33433e-06
2.08787e-06
2.016e-06
2.09784e-06
1.72837e-06
2.10932e-06
1.46449e-06
2.1191e-06
1.21847e-06
2.12463e-06
9.85719e-07
2.12396e-06
7.62662e-07
2.11559e-06
5.46408e-07
2.09841e-06
3.34432e-07
2.07151e-06
1.24522e-07
2.0342e-06
-8.54086e-08
1.98602e-06
-2.97683e-07
1.92659e-06
-5.14742e-07
1.85565e-06
-7.39241e-07
1.77304e-06
-9.74142e-07
1.67862e-06
-1.22271e-06
1.57218e-06
-1.48849e-06
1.45338e-06
-1.77528e-06
1.32175e-06
-2.0865e-06
1.17671e-06
-2.42465e-06
1.01773e-06
-2.78865e-06
8.44983e-07
-3.17484e-06
6.58433e-07
-3.57664e-06
4.57233e-07
-3.98721e-06
2.43389e-07
-4.48436e-06
2.41902e-08
-5.64153e-06
-1.41217e-07
-7.84624e-06
-9.64857e-06
2.92922e-07
4.40243e-07
7.52619e-07
1.70489e-06
1.19964e-06
2.84049e-06
1.56682e-06
3.64265e-06
1.86282e-06
4.11878e-06
2.10072e-06
4.34287e-06
2.27514e-06
4.35934e-06
2.37957e-06
4.19439e-06
2.42322e-06
3.88983e-06
2.42809e-06
3.50497e-06
2.41691e-06
3.09618e-06
2.40535e-06
2.70149e-06
2.40069e-06
2.33899e-06
2.40402e-06
2.01267e-06
2.41313e-06
1.71926e-06
2.42465e-06
1.45297e-06
2.43521e-06
1.20791e-06
2.44193e-06
9.79002e-07
2.44248e-06
7.62111e-07
2.43507e-06
5.5382e-07
2.41831e-06
3.5119e-07
2.3911e-06
1.51727e-07
2.35264e-06
-4.69475e-08
2.3023e-06
-2.47341e-07
2.2395e-06
-4.51945e-07
2.16377e-06
-6.63513e-07
2.07469e-06
-8.85057e-07
1.97175e-06
-1.11977e-06
1.85432e-06
-1.37106e-06
1.7216e-06
-1.64256e-06
1.57256e-06
-1.93746e-06
1.40596e-06
-2.25805e-06
1.22082e-06
-2.60352e-06
1.01746e-06
-2.97148e-06
7.95614e-07
-3.3548e-06
5.56303e-07
-3.7479e-06
3.10089e-07
-4.23814e-06
6.8557e-08
-5.4e-06
-1.3148e-07
-7.6462e-06
-9.78005e-06
2.24623e-07
2.15621e-07
6.69994e-07
1.25952e-06
1.14796e-06
2.36253e-06
1.56683e-06
3.22378e-06
1.91179e-06
3.77381e-06
2.1962e-06
4.05846e-06
2.42204e-06
4.1335e-06
2.5828e-06
4.03362e-06
2.67926e-06
3.79337e-06
2.72523e-06
3.459e-06
2.74081e-06
3.0806e-06
2.74374e-06
2.69856e-06
2.74536e-06
2.33737e-06
2.7506e-06
2.00743e-06
2.75991e-06
1.70995e-06
2.77135e-06
1.44153e-06
2.7821e-06
1.19715e-06
2.78933e-06
9.71772e-07
2.79055e-06
7.60894e-07
2.78371e-06
5.60657e-07
2.76719e-06
3.67715e-07
2.73969e-06
1.79227e-07
2.70022e-06
-7.48229e-09
2.64795e-06
-1.95062e-07
2.58204e-06
-3.86035e-07
2.50168e-06
-5.83155e-07
2.40601e-06
-7.89389e-07
2.29409e-06
-1.00785e-06
2.16477e-06
-1.24173e-06
2.01662e-06
-1.49441e-06
1.84789e-06
-1.76873e-06
1.65663e-06
-2.06678e-06
1.44173e-06
-2.38861e-06
1.20361e-06
-2.73336e-06
9.41762e-07
-3.09295e-06
6.60213e-07
-3.46635e-06
3.80275e-07
-3.9582e-06
1.15377e-07
-5.1351e-06
-1.2062e-07
-7.41021e-06
-9.90067e-06
1.59522e-07
5.60989e-08
5.59538e-07
8.595e-07
1.03736e-06
1.8847e-06
1.49526e-06
2.76589e-06
1.88996e-06
3.37911e-06
2.22473e-06
3.72369e-06
2.50575e-06
3.85248e-06
2.72924e-06
3.81014e-06
2.89104e-06
3.63158e-06
2.99583e-06
3.3542e-06
3.05727e-06
3.01915e-06
3.09171e-06
2.66412e-06
3.11262e-06
2.31646e-06
3.12847e-06
1.99158e-06
3.14306e-06
1.69536e-06
3.15692e-06
1.42766e-06
3.16877e-06
1.18531e-06
3.17656e-06
9.63983e-07
3.17811e-06
7.59342e-07
3.17141e-06
5.6736e-07
3.15469e-06
3.84438e-07
3.12651e-06
2.07408e-07
3.08568e-06
3.33411e-08
3.03108e-06
-1.40459e-07
2.9616e-06
-3.16552e-07
2.87599e-06
-4.97547e-07
2.77287e-06
-6.86268e-07
2.65073e-06
-8.85711e-07
2.50779e-06
-1.09879e-06
2.34185e-06
-1.32847e-06
2.15033e-06
-1.57721e-06
1.93083e-06
-1.84728e-06
1.68225e-06
-2.14003e-06
1.40424e-06
-2.45535e-06
1.09688e-06
-2.7856e-06
7.69559e-07
-3.13903e-06
4.55395e-07
-3.64404e-06
1.6915e-07
-4.84886e-06
-1.06072e-07
-7.13498e-06
-1.00067e-05
1.12242e-07
-5.61429e-08
4.35949e-07
5.35792e-07
8.75211e-07
1.44544e-06
1.34458e-06
2.29653e-06
1.78193e-06
2.94176e-06
2.16887e-06
3.33675e-06
2.50839e-06
3.51296e-06
2.79891e-06
3.51962e-06
3.03454e-06
3.39594e-06
3.21304e-06
3.1757e-06
3.33985e-06
2.89235e-06
3.42633e-06
2.57765e-06
3.48511e-06
2.25768e-06
3.52652e-06
1.95017e-06
3.55732e-06
1.66456e-06
3.58094e-06
1.40404e-06
3.59839e-06
1.16785e-06
3.60921e-06
9.53157e-07
3.61223e-06
7.56329e-07
3.60594e-06
5.73647e-07
3.5888e-06
4.01573e-07
3.55937e-06
2.36844e-07
3.51626e-06
7.64503e-08
3.4581e-06
-8.22989e-08
3.38354e-06
-2.41989e-07
3.29099e-06
-4.04995e-07
3.17855e-06
-5.73831e-07
3.04399e-06
-7.51157e-07
2.8848e-06
-9.39588e-07
2.69797e-06
-1.14165e-06
2.4805e-06
-1.35974e-06
2.22966e-06
-1.59644e-06
1.94361e-06
-1.85399e-06
1.62051e-06
-2.13224e-06
1.26284e-06
-2.42793e-06
8.87847e-07
-2.76403e-06
5.39072e-07
-3.29527e-06
2.31988e-07
-4.54177e-06
-8.84859e-08
-6.81451e-06
-1.00952e-05
8.06269e-08
-1.3677e-07
3.08652e-07
3.07767e-07
6.72167e-07
1.08192e-06
1.11469e-06
1.854e-06
1.57494e-06
2.48152e-06
2.01179e-06
2.8999e-06
2.41229e-06
3.11246e-06
2.7726e-06
3.15931e-06
3.08634e-06
3.0822e-06
3.34742e-06
2.91462e-06
3.55457e-06
2.6852e-06
3.71244e-06
2.41978e-06
3.82974e-06
2.14038e-06
3.91601e-06
1.8639e-06
3.97937e-06
1.60121e-06
4.02555e-06
1.35786e-06
4.05801e-06
1.1354e-06
4.07836e-06
9.32806e-07
4.08698e-06
7.47706e-07
4.08347e-06
5.7716e-07
4.06695e-06
4.18089e-07
4.03631e-06
2.67489e-07
3.99023e-06
1.22532e-07
3.92716e-06
-1.92297e-08
3.84565e-06
-1.60482e-07
3.74382e-06
-3.0316e-07
3.61944e-06
-4.49451e-07
3.46975e-06
-6.01477e-07
3.29165e-06
-7.61488e-07
3.08168e-06
-9.31678e-07
2.83643e-06
-1.11449e-06
2.55227e-06
-1.31228e-06
2.2262e-06
-1.52792e-06
1.85611e-06
-1.76215e-06
1.44917e-06
-2.02099e-06
1.03136e-06
-2.34622e-06
6.50328e-07
-2.91424e-06
3.16549e-07
-4.208e-06
-6.13761e-08
-6.43658e-06
-1.01566e-05
4.36705e-08
-1.8044e-07
1.64386e-07
1.87052e-07
4.24805e-07
8.21503e-07
8.07815e-07
1.47099e-06
1.26408e-06
2.02525e-06
1.74023e-06
2.42374e-06
2.20186e-06
2.65083e-06
2.63371e-06
2.72747e-06
3.0267e-06
2.68921e-06
3.37284e-06
2.56848e-06
3.66688e-06
2.39116e-06
3.9082e-06
2.17846e-06
4.10049e-06
1.94809e-06
4.25016e-06
1.71423e-06
4.36438e-06
1.48699e-06
4.44958e-06
1.27266e-06
4.51079e-06
1.07418e-06
4.55146e-06
8.92139e-07
4.57369e-06
7.25475e-07
4.57855e-06
5.723e-07
4.56626e-06
4.30371e-07
4.53641e-06
2.97345e-07
4.48809e-06
1.70854e-07
4.42008e-06
4.87792e-08
4.3308e-06
-7.12068e-08
4.21847e-06
-1.90824e-07
4.08079e-06
-3.11775e-07
3.91497e-06
-4.35656e-07
3.71763e-06
-5.64145e-07
3.48481e-06
-6.98863e-07
3.21238e-06
-8.42055e-07
2.89587e-06
-9.9577e-07
2.53201e-06
-1.16406e-06
2.12186e-06
-1.35201e-06
1.67925e-06
-1.57838e-06
1.237e-06
-1.90396e-06
8.39773e-07
-2.51701e-06
4.69465e-07
-3.83769e-06
7.25128e-09
-5.97437e-06
-1.01494e-05
-5.043e-08
-1.3001e-07
-4.29215e-08
1.79544e-07
1.07201e-07
6.7138e-07
4.18429e-07
1.15976e-06
8.51461e-07
1.59222e-06
1.351e-06
1.9242e-06
1.86869e-06
2.13313e-06
2.37177e-06
2.22439e-06
2.84218e-06
2.21879e-06
3.26989e-06
2.14077e-06
3.64817e-06
2.01288e-06
3.9738e-06
1.85283e-06
4.24682e-06
1.67508e-06
4.47016e-06
1.49088e-06
4.64858e-06
1.30858e-06
4.78742e-06
1.13381e-06
4.89178e-06
9.69833e-07
4.96589e-06
8.18024e-07
5.01306e-06
6.78301e-07
5.03565e-06
5.49715e-07
5.03504e-06
4.30986e-07
5.01181e-06
3.20573e-07
4.9659e-06
2.16765e-07
4.89679e-06
1.17886e-07
4.80331e-06
2.2271e-08
4.6839e-06
-7.14106e-08
4.53653e-06
-1.6441e-07
4.35867e-06
-2.57793e-07
4.14709e-06
-3.52567e-07
3.89767e-06
-4.49446e-07
3.60569e-06
-5.50071e-07
3.26715e-06
-6.57226e-07
2.88068e-06
-7.77592e-07
2.45196e-06
-9.23293e-07
2.0003e-06
-1.12671e-06
1.5638e-06
-1.46746e-06
1.17779e-06
-2.131e-06
7.57101e-07
-3.417e-06
1.58506e-07
-5.37578e-06
-9.99085e-06
-2.81032e-07
1.51022e-07
-4.27325e-07
3.25837e-07
-3.45575e-07
5.8963e-07
-7.52689e-08
8.89454e-07
3.40828e-07
1.17613e-06
8.59672e-07
1.40536e-06
1.42585e-06
1.56696e-06
1.99648e-06
1.65376e-06
2.54184e-06
1.67343e-06
3.04526e-06
1.63736e-06
3.4988e-06
1.55933e-06
3.89878e-06
1.45285e-06
4.24437e-06
1.32948e-06
4.53699e-06
1.19826e-06
4.77959e-06
1.06598e-06
4.97603e-06
9.37368e-07
5.13048e-06
8.15383e-07
5.24706e-06
7.0144e-07
5.32934e-06
5.96029e-07
5.38009e-06
4.98961e-07
5.40143e-06
4.09642e-07
5.3949e-06
3.27109e-07
5.36138e-06
2.5028e-07
5.3012e-06
1.78069e-07
5.21405e-06
1.09417e-07
5.09914e-06
4.35093e-08
4.95522e-06
-2.04974e-08
4.78098e-06
-8.35489e-08
4.5739e-06
-1.45485e-07
4.33073e-06
-2.06281e-07
4.04871e-06
-2.6805e-07
3.72559e-06
-3.34111e-07
3.36012e-06
-4.12119e-07
2.95754e-06
-5.20715e-07
2.5368e-06
-7.05964e-07
2.12557e-06
-1.05623e-06
1.724e-06
-1.72944e-06
1.19152e-06
-2.88452e-06
4.33357e-07
-4.61761e-06
-9.55749e-06
-5.38981e-07
6.90002e-07
-8.09997e-07
5.96854e-07
-8.50483e-07
6.30116e-07
-6.54419e-07
6.9339e-07
-2.54803e-07
7.76509e-07
2.79535e-07
8.71023e-07
8.87617e-07
9.58877e-07
1.51532e-06
1.02605e-06
2.12707e-06
1.06168e-06
2.70053e-06
1.0639e-06
3.2237e-06
1.03616e-06
3.69129e-06
9.85268e-07
4.10191e-06
9.1886e-07
4.45657e-06
8.43598e-07
4.75781e-06
7.64744e-07
5.00911e-06
6.86076e-07
5.21437e-06
6.1012e-07
5.37743e-06
5.38377e-07
5.50183e-06
4.71627e-07
5.59078e-06
4.10018e-07
5.64713e-06
3.53285e-07
5.67327e-06
3.00971e-07
5.67101e-06
2.5254e-07
5.64164e-06
2.07441e-07
5.58591e-06
1.65144e-07
5.50423e-06
1.25188e-07
5.39665e-06
8.70882e-08
5.2629e-06
5.01977e-08
5.10462e-06
1.27956e-08
4.92178e-06
-2.34362e-08
4.71553e-06
-6.18069e-08
4.48742e-06
-1.06001e-07
4.23726e-06
-1.61953e-07
3.96163e-06
-2.45087e-07
3.64224e-06
-3.86575e-07
3.24031e-06
-6.54307e-07
2.66965e-06
-1.15877e-06
1.78938e-06
-2.00426e-06
7.87606e-07
-3.61583e-06
-8.76988e-06
-7.31413e-07
1.42142e-06
-1.02144e-06
8.86879e-07
-9.23488e-07
5.32166e-07
-6.22513e-07
3.92415e-07
-1.94016e-07
3.48012e-07
3.27899e-07
3.49109e-07
9.08544e-07
3.78232e-07
1.51586e-06
4.18736e-07
2.12549e-06
4.52054e-07
2.71783e-06
4.71563e-07
3.27799e-06
4.75999e-07
3.79621e-06
4.67047e-07
4.26719e-06
4.47876e-07
4.68898e-06
4.21809e-07
5.06199e-06
3.91731e-07
5.38822e-06
3.59855e-07
5.67055e-06
3.27788e-07
5.9123e-06
2.96628e-07
6.11703e-06
2.66896e-07
6.28819e-06
2.38858e-07
6.42888e-06
2.1259e-07
6.54185e-06
1.88007e-07
6.62943e-06
1.64959e-07
6.69361e-06
1.43257e-07
6.73607e-06
1.22686e-07
6.75826e-06
1.03002e-07
6.76138e-06
8.39677e-08
6.7463e-06
6.52707e-08
6.71247e-06
4.66306e-08
6.66109e-06
2.7942e-08
6.59079e-06
8.4907e-09
6.50028e-06
-1.54891e-08
6.38441e-06
-4.60765e-08
6.2276e-06
-8.82779e-08
5.98768e-06
-1.46662e-07
5.55956e-06
-2.26187e-07
4.73346e-06
-3.3267e-07
3.31414e-06
-5.84936e-07
1.59939e-06
-1.90108e-06
-7.17049e-06
1.42142e-06
2.30829e-06
2.84046e-06
3.23288e-06
3.58089e-06
3.93e-06
4.30823e-06
4.72696e-06
5.17902e-06
5.65058e-06
6.12658e-06
6.59363e-06
7.0415e-06
7.46331e-06
7.85504e-06
8.2149e-06
8.54269e-06
8.83931e-06
9.10621e-06
9.34507e-06
9.55766e-06
9.74567e-06
9.91062e-06
1.00539e-05
1.01766e-05
1.02796e-05
1.03635e-05
1.04288e-05
1.04754e-05
1.05034e-05
1.05119e-05
1.04964e-05
1.04503e-05
1.0362e-05
1.02154e-05
9.98918e-06
9.65651e-06
9.07157e-06
7.17049e-06
)
;

boundaryField
{
    movingWall
    {
        type            calculated;
        value           uniform 0;
    }
    fixedWalls
    {
        type            calculated;
        value           uniform 0;
    }
    frontAndBack
    {
        type            empty;
    }
}


// ************************************************************************* //
