/*--------------------------------*- C++ -*----------------------------------*\
| =========                 |                                                 |
| \\      /  F ield         | OpenFOAM: The Open Source CFD Toolbox           |
|  \\    /   O peration     | Version:  2412                                  |
|   \\  /    A nd           | Website:  www.openfoam.com                      |
|    \\/     M anipulation  |                                                 |
\*---------------------------------------------------------------------------*/
FoamFile
{
    version     2.0;
    format      ascii;
    arch        "LSB;label=32;scalar=64";
    class       volScalarField;
    location    "7";
    object      nut;
}
// * * * * * * * * * * * * * * * * * * * * * * * * * * * * * * * * * * * * * //

dimensions      [0 2 -1 0 0 0 0];

internalField   nonuniform List<scalar> 
1600
(
3.43516e-06
3.71626e-06
4.13659e-06
4.49799e-06
4.71081e-06
4.82539e-06
4.98131e-06
5.19289e-06
5.42278e-06
5.74415e-06
6.47812e-06
8.27246e-06
1.03342e-05
1.23752e-05
1.41195e-05
1.54975e-05
1.65218e-05
1.7215e-05
1.75803e-05
1.77306e-05
1.77586e-05
1.75873e-05
1.72968e-05
1.6887e-05
1.64335e-05
1.59115e-05
1.53554e-05
1.47641e-05
1.41576e-05
1.34669e-05
1.27044e-05
1.17747e-05
1.08387e-05
1.02989e-05
9.90722e-06
9.57861e-06
9.13007e-06
8.25481e-06
6.71506e-06
5.08675e-06
4.49854e-06
5.10682e-06
6.07363e-06
6.55758e-06
6.7872e-06
7.66522e-06
9.51728e-06
1.06217e-05
1.19245e-05
1.42241e-05
1.53288e-05
1.63305e-05
1.66015e-05
1.63151e-05
1.66985e-05
1.67464e-05
1.67494e-05
1.71555e-05
1.79706e-05
1.94226e-05
2.12937e-05
2.29634e-05
2.50704e-05
2.72041e-05
2.96522e-05
3.22321e-05
3.4759e-05
3.67656e-05
3.77824e-05
3.82066e-05
3.83924e-05
3.77022e-05
3.71482e-05
3.46943e-05
2.96699e-05
2.35819e-05
1.5871e-05
1.05823e-05
7.83882e-06
5.40212e-06
5.74329e-06
6.74047e-06
9.48137e-06
1.15219e-05
1.21105e-05
1.34433e-05
1.66655e-05
1.95717e-05
2.05895e-05
2.01468e-05
1.95181e-05
1.85125e-05
1.80824e-05
1.89764e-05
1.80924e-05
1.82057e-05
1.8976e-05
2.00674e-05
2.14003e-05
2.26181e-05
2.33856e-05
2.41084e-05
2.51064e-05
2.56718e-05
2.67926e-05
2.79097e-05
2.96614e-05
3.184e-05
3.45256e-05
3.65264e-05
3.79848e-05
3.84711e-05
3.76675e-05
3.65787e-05
3.44302e-05
2.97939e-05
2.2762e-05
1.48047e-05
9.14431e-06
5.84692e-06
6.64181e-06
9.35212e-06
1.46862e-05
1.7441e-05
1.92616e-05
2.16363e-05
2.40298e-05
2.36519e-05
2.2185e-05
2.09639e-05
1.98913e-05
1.91159e-05
1.95257e-05
1.67294e-05
1.76542e-05
1.65599e-05
1.74352e-05
1.6659e-05
1.68174e-05
1.61049e-05
1.57229e-05
1.54573e-05
1.49092e-05
1.48036e-05
1.47389e-05
1.50536e-05
1.56797e-05
1.69311e-05
1.9008e-05
2.29894e-05
2.735e-05
3.1018e-05
3.27913e-05
3.30446e-05
3.33869e-05
3.07877e-05
2.53964e-05
1.65025e-05
9.77424e-06
6.22169e-06
7.13217e-06
1.38859e-05
2.09939e-05
2.30404e-05
2.44983e-05
2.65041e-05
2.51819e-05
2.3935e-05
2.23529e-05
2.05803e-05
1.98866e-05
1.72794e-05
1.61324e-05
1.4522e-05
1.52779e-05
1.39305e-05
1.4561e-05
1.38068e-05
1.38733e-05
1.35296e-05
1.33794e-05
1.32797e-05
1.28915e-05
1.27354e-05
1.23097e-05
1.20657e-05
1.18558e-05
1.19637e-05
1.25168e-05
1.39054e-05
1.6633e-05
2.20955e-05
2.75994e-05
3.00431e-05
3.03672e-05
3.12277e-05
2.80539e-05
1.8003e-05
1.05164e-05
6.42203e-06
7.38127e-06
1.94219e-05
2.65891e-05
2.75275e-05
2.83612e-05
2.69508e-05
2.57188e-05
2.36874e-05
2.14383e-05
1.89548e-05
1.61473e-05
1.45572e-05
1.39757e-05
1.35743e-05
1.43348e-05
1.42267e-05
1.49071e-05
1.51e-05
1.55568e-05
1.56951e-05
1.57833e-05
1.57858e-05
1.55081e-05
1.51237e-05
1.45085e-05
1.37725e-05
1.29133e-05
1.20955e-05
1.14806e-05
1.1298e-05
1.19032e-05
1.39382e-05
1.84691e-05
2.55377e-05
2.85485e-05
2.89539e-05
2.99121e-05
2.33616e-05
1.2725e-05
6.59778e-06
7.54572e-06
2.46537e-05
3.11115e-05
3.08262e-05
2.88641e-05
2.75881e-05
2.52565e-05
2.23551e-05
1.85894e-05
1.54395e-05
1.38508e-05
1.35476e-05
1.39742e-05
1.47178e-05
1.58025e-05
1.6575e-05
1.77698e-05
1.84489e-05
1.94025e-05
1.98682e-05
2.01458e-05
2.02919e-05
2.00264e-05
1.94263e-05
1.85136e-05
1.73e-05
1.58761e-05
1.43646e-05
1.29192e-05
1.1746e-05
1.10155e-05
1.10777e-05
1.26032e-05
1.65559e-05
2.39092e-05
2.72241e-05
2.75262e-05
2.78884e-05
1.49286e-05
6.92447e-06
7.76203e-06
2.9297e-05
3.42764e-05
3.16023e-05
2.9928e-05
2.70701e-05
2.34979e-05
1.87856e-05
1.52376e-05
1.34479e-05
1.37036e-05
1.44029e-05
1.58094e-05
1.71244e-05
1.88785e-05
2.02983e-05
2.21325e-05
2.35043e-05
2.50307e-05
2.59357e-05
2.67326e-05
2.72991e-05
2.73428e-05
2.68797e-05
2.58697e-05
2.42771e-05
2.21006e-05
1.94185e-05
1.64839e-05
1.38051e-05
1.1857e-05
1.07541e-05
1.07193e-05
1.2181e-05
1.63511e-05
2.2892e-05
2.5503e-05
2.62492e-05
1.6915e-05
7.37839e-06
8.28272e-06
3.25903e-05
3.53642e-05
3.35818e-05
2.95148e-05
2.53762e-05
1.99814e-05
1.53696e-05
1.36986e-05
1.36919e-05
1.50512e-05
1.63702e-05
1.85406e-05
2.04269e-05
2.28631e-05
2.49367e-05
2.7326e-05
2.91047e-05
3.07639e-05
3.19406e-05
3.28935e-05
3.37046e-05
3.37581e-05
3.361e-05
3.28875e-05
3.16629e-05
2.97134e-05
2.70472e-05
2.36828e-05
1.95336e-05
1.52106e-05
1.20083e-05
1.04201e-05
1.04751e-05
1.24769e-05
1.78242e-05
2.27243e-05
2.37349e-05
2.10049e-05
8.055e-06
9.20869e-06
3.39987e-05
3.72745e-05
3.33978e-05
2.82123e-05
2.22133e-05
1.63008e-05
1.39475e-05
1.39363e-05
1.50838e-05
1.69782e-05
1.89459e-05
2.18527e-05
2.41986e-05
2.72805e-05
2.96921e-05
3.22412e-05
3.39738e-05
3.55195e-05
3.66107e-05
3.75645e-05
3.8158e-05
3.82648e-05
3.81572e-05
3.76274e-05
3.67018e-05
3.52298e-05
3.30745e-05
3.00695e-05
2.61519e-05
2.13592e-05
1.62728e-05
1.21097e-05
1.02713e-05
1.05227e-05
1.33117e-05
1.98611e-05
2.19889e-05
2.14982e-05
8.61977e-06
1.01253e-05
3.46178e-05
3.82633e-05
3.27984e-05
2.56661e-05
1.87345e-05
1.45596e-05
1.39712e-05
1.51235e-05
1.68236e-05
1.92272e-05
2.19541e-05
2.53421e-05
2.81228e-05
3.14843e-05
3.38388e-05
3.62469e-05
3.78828e-05
3.92048e-05
4.01505e-05
4.10088e-05
4.15872e-05
4.17575e-05
4.1764e-05
4.14295e-05
4.07508e-05
3.95831e-05
3.77813e-05
3.51531e-05
3.15295e-05
2.69119e-05
2.14554e-05
1.58522e-05
1.17408e-05
1.03392e-05
1.15279e-05
1.60635e-05
2.10442e-05
2.13018e-05
1.06347e-05
1.09512e-05
3.44709e-05
3.88508e-05
3.13886e-05
2.28043e-05
1.62312e-05
1.41036e-05
1.4798e-05
1.65938e-05
1.86335e-05
2.17765e-05
2.50487e-05
2.87351e-05
3.17592e-05
3.5024e-05
3.72106e-05
3.93725e-05
4.07948e-05
4.21167e-05
4.28645e-05
4.35235e-05
4.41867e-05
4.43437e-05
4.44367e-05
4.4266e-05
4.38598e-05
4.31005e-05
4.18372e-05
3.98235e-05
3.67406e-05
3.2296e-05
2.65928e-05
2.0159e-05
1.42588e-05
1.06872e-05
1.01284e-05
1.26409e-05
1.91049e-05
2.06614e-05
1.34613e-05
1.16939e-05
3.40734e-05
3.86736e-05
2.94591e-05
2.02414e-05
1.50479e-05
1.43952e-05
1.59407e-05
1.80408e-05
2.05949e-05
2.43825e-05
2.7987e-05
3.17861e-05
3.48464e-05
3.78416e-05
3.98651e-05
4.1786e-05
4.30886e-05
4.42882e-05
4.50408e-05
4.54477e-05
4.61564e-05
4.62689e-05
4.63487e-05
4.62109e-05
4.58919e-05
4.53221e-05
4.44018e-05
4.29502e-05
4.06769e-05
3.71583e-05
3.19325e-05
2.51824e-05
1.79038e-05
1.25317e-05
1.06157e-05
1.19545e-05
1.67271e-05
2.01944e-05
1.62852e-05
1.23426e-05
3.30689e-05
3.81826e-05
2.77565e-05
1.80838e-05
1.46163e-05
1.50572e-05
1.71502e-05
1.94013e-05
2.26143e-05
2.6836e-05
3.05987e-05
3.43603e-05
3.73357e-05
4.00535e-05
4.19633e-05
4.37083e-05
4.49585e-05
4.60414e-05
4.67944e-05
4.71998e-05
4.77971e-05
4.79582e-05
4.80054e-05
4.7887e-05
4.76155e-05
4.71536e-05
4.64218e-05
4.52693e-05
4.34492e-05
4.05933e-05
3.62125e-05
2.98522e-05
2.20043e-05
1.45574e-05
1.05319e-05
1.06361e-05
1.47522e-05
1.99562e-05
1.86902e-05
1.29635e-05
3.19751e-05
3.72116e-05
2.59573e-05
1.69599e-05
1.46191e-05
1.58383e-05
1.82596e-05
2.0742e-05
2.45467e-05
2.89954e-05
3.27975e-05
3.64405e-05
3.92999e-05
4.18051e-05
4.36571e-05
4.53027e-05
4.65497e-05
4.76018e-05
4.84117e-05
4.88879e-05
4.92966e-05
4.95243e-05
4.95079e-05
4.93503e-05
4.90536e-05
4.86156e-05
4.79949e-05
4.70853e-05
4.56775e-05
4.34171e-05
3.97784e-05
3.41308e-05
2.62932e-05
1.76731e-05
1.17684e-05
1.04381e-05
1.29136e-05
1.98321e-05
2.06212e-05
1.35576e-05
3.0317e-05
3.61508e-05
2.46062e-05
1.63699e-05
1.48567e-05
1.66303e-05
1.92259e-05
2.20221e-05
2.62739e-05
3.07856e-05
3.45687e-05
3.8075e-05
4.08407e-05
4.32158e-05
4.50647e-05
4.66873e-05
4.79834e-05
4.90664e-05
4.99426e-05
5.04884e-05
5.07817e-05
5.10218e-05
5.09437e-05
5.07175e-05
5.0354e-05
4.98681e-05
4.92447e-05
4.84151e-05
4.72193e-05
4.53601e-05
4.23518e-05
3.75119e-05
3.01911e-05
2.10199e-05
1.32132e-05
1.04895e-05
1.26382e-05
1.82981e-05
2.21469e-05
1.40898e-05
2.83417e-05
3.49269e-05
2.36524e-05
1.60408e-05
1.51704e-05
1.73305e-05
2.0023e-05
2.31645e-05
2.76956e-05
3.21952e-05
3.59452e-05
3.93307e-05
4.20425e-05
4.43612e-05
4.62514e-05
4.79109e-05
4.92916e-05
5.04439e-05
5.13705e-05
5.19396e-05
5.22273e-05
5.24298e-05
5.22926e-05
5.19861e-05
5.15408e-05
5.09859e-05
5.03294e-05
4.95379e-05
4.84925e-05
4.69375e-05
4.44132e-05
4.02184e-05
3.34941e-05
2.40613e-05
1.47788e-05
1.06011e-05
1.1927e-05
1.78516e-05
2.33553e-05
1.45607e-05
2.64245e-05
3.38208e-05
2.31625e-05
1.60464e-05
1.55003e-05
1.79258e-05
2.07284e-05
2.41425e-05
2.88105e-05
3.32388e-05
3.69475e-05
4.02495e-05
4.29517e-05
4.52716e-05
4.72324e-05
4.89638e-05
5.04425e-05
5.1675e-05
5.26481e-05
5.32396e-05
5.35301e-05
5.36849e-05
5.34931e-05
5.31062e-05
5.25739e-05
5.1932e-05
5.12012e-05
5.03778e-05
4.93818e-05
4.80139e-05
4.58622e-05
4.22625e-05
3.63103e-05
2.73377e-05
1.70289e-05
1.11854e-05
1.18564e-05
1.7114e-05
2.42951e-05
1.49682e-05
2.45969e-05
3.24417e-05
2.29729e-05
1.59774e-05
1.57545e-05
1.83441e-05
2.12589e-05
2.48524e-05
2.95196e-05
3.39213e-05
3.76404e-05
4.08941e-05
4.36054e-05
4.5953e-05
4.79907e-05
4.98036e-05
5.13754e-05
5.26862e-05
5.36967e-05
5.43147e-05
5.46084e-05
5.47174e-05
5.44787e-05
5.40202e-05
5.34153e-05
5.26995e-05
5.18996e-05
5.10403e-05
5.00673e-05
4.88323e-05
4.69522e-05
4.37598e-05
3.82724e-05
2.95802e-05
1.86076e-05
1.15153e-05
1.16161e-05
1.69129e-05
2.50347e-05
1.53141e-05
2.29194e-05
3.13809e-05
2.30629e-05
1.63982e-05
1.59309e-05
1.86534e-05
2.16785e-05
2.53608e-05
3.00088e-05
3.43127e-05
3.79659e-05
4.11869e-05
4.39425e-05
4.63506e-05
4.84746e-05
5.03704e-05
5.20213e-05
5.3391e-05
5.44341e-05
5.50774e-05
5.53723e-05
5.54152e-05
5.51481e-05
5.46643e-05
5.40088e-05
5.32345e-05
5.23646e-05
5.14591e-05
5.04731e-05
4.93243e-05
4.76767e-05
4.49096e-05
4.00517e-05
3.19918e-05
2.08179e-05
1.22422e-05
1.16501e-05
1.66422e-05
2.56086e-05
1.55572e-05
2.11167e-05
2.96749e-05
2.34584e-05
1.65952e-05
1.60523e-05
1.87133e-05
2.18678e-05
2.55416e-05
2.99672e-05
3.42907e-05
3.80905e-05
4.13561e-05
4.4131e-05
4.65645e-05
4.87241e-05
5.06427e-05
5.23137e-05
5.37056e-05
5.4767e-05
5.54425e-05
5.57386e-05
5.57111e-05
5.54121e-05
5.48775e-05
5.41808e-05
5.33806e-05
5.25744e-05
5.16548e-05
5.06523e-05
4.95677e-05
4.80851e-05
4.5589e-05
4.10831e-05
3.33798e-05
2.21349e-05
1.26133e-05
1.15601e-05
1.67265e-05
2.60564e-05
1.56372e-05
1.93386e-05
2.81403e-05
2.36373e-05
1.6978e-05
1.60633e-05
1.86459e-05
2.18179e-05
2.54607e-05
2.97923e-05
3.3922e-05
3.75618e-05
4.08158e-05
4.3642e-05
4.61277e-05
4.83516e-05
5.03425e-05
5.20903e-05
5.3536e-05
5.46353e-05
5.53683e-05
5.5722e-05
5.5713e-05
5.54477e-05
5.4895e-05
5.41666e-05
5.33287e-05
5.23789e-05
5.13947e-05
5.0516e-05
4.95478e-05
4.82369e-05
4.60562e-05
4.19417e-05
3.4641e-05
2.37028e-05
1.32746e-05
1.15608e-05
1.68784e-05
2.64126e-05
1.55846e-05
1.77171e-05
2.66341e-05
2.38681e-05
1.74745e-05
1.60793e-05
1.84623e-05
2.16473e-05
2.52171e-05
2.93769e-05
3.34712e-05
3.71177e-05
4.03414e-05
4.32047e-05
4.57619e-05
4.79915e-05
4.9968e-05
5.16898e-05
5.31252e-05
5.42341e-05
5.49757e-05
5.53191e-05
5.53213e-05
5.51332e-05
5.47057e-05
5.40473e-05
5.32178e-05
5.21683e-05
5.11016e-05
5.00564e-05
4.90905e-05
4.8046e-05
4.61718e-05
4.23318e-05
3.53259e-05
2.45756e-05
1.35834e-05
1.14532e-05
1.69957e-05
2.67106e-05
1.5406e-05
1.6492e-05
2.47672e-05
2.41937e-05
1.84639e-05
1.62707e-05
1.81588e-05
2.12553e-05
2.46973e-05
2.85792e-05
3.25856e-05
3.63109e-05
3.96057e-05
4.24778e-05
4.49991e-05
4.72093e-05
4.91668e-05
5.08645e-05
5.22826e-05
5.33847e-05
5.41362e-05
5.45055e-05
5.45142e-05
5.43623e-05
5.3986e-05
5.33554e-05
5.25886e-05
5.17689e-05
5.08419e-05
4.9691e-05
4.86129e-05
4.7561e-05
4.59561e-05
4.24969e-05
3.57639e-05
2.51435e-05
1.40454e-05
1.14076e-05
1.73552e-05
2.69673e-05
1.50139e-05
1.55588e-05
2.27755e-05
2.39809e-05
1.89273e-05
1.61397e-05
1.76261e-05
2.06248e-05
2.39971e-05
2.76787e-05
3.14569e-05
3.50598e-05
3.83311e-05
4.11998e-05
4.37201e-05
4.59522e-05
4.79018e-05
4.95797e-05
5.09774e-05
5.20727e-05
5.28531e-05
5.32863e-05
5.33185e-05
5.32189e-05
5.29306e-05
5.23623e-05
5.163e-05
5.07508e-05
4.98061e-05
4.89712e-05
4.82547e-05
4.71876e-05
4.57145e-05
4.25424e-05
3.59599e-05
2.54234e-05
1.41694e-05
1.12323e-05
1.76509e-05
2.71979e-05
1.43728e-05
1.50361e-05
2.09598e-05
2.3707e-05
2.02143e-05
1.69274e-05
1.72703e-05
1.98664e-05
2.29837e-05
2.63857e-05
2.99318e-05
3.34204e-05
3.66615e-05
3.95607e-05
4.21007e-05
4.43238e-05
4.62546e-05
4.7908e-05
4.9285e-05
5.03738e-05
5.11835e-05
5.16951e-05
5.17605e-05
5.17283e-05
5.15514e-05
5.10716e-05
5.04215e-05
4.96183e-05
4.8736e-05
4.77948e-05
4.70367e-05
4.64017e-05
4.52801e-05
4.2136e-05
3.56379e-05
2.54948e-05
1.42513e-05
1.10993e-05
1.80255e-05
2.74087e-05
1.34802e-05
1.48409e-05
1.96837e-05
2.2747e-05
2.03432e-05
1.68829e-05
1.66667e-05
1.9017e-05
2.19756e-05
2.51746e-05
2.84367e-05
3.16772e-05
3.47667e-05
3.7597e-05
4.01136e-05
4.23197e-05
4.42323e-05
4.58663e-05
4.7231e-05
4.83165e-05
4.91694e-05
4.97495e-05
4.98573e-05
4.99158e-05
4.98629e-05
4.94804e-05
4.89251e-05
4.82001e-05
4.74149e-05
4.65902e-05
4.60199e-05
4.53137e-05
4.43104e-05
4.15475e-05
3.50625e-05
2.52048e-05
1.41006e-05
1.08716e-05
1.8382e-05
2.7607e-05
1.23288e-05
1.4608e-05
1.85714e-05
2.24317e-05
2.16628e-05
1.82676e-05
1.67324e-05
1.80098e-05
2.0627e-05
2.35073e-05
2.65445e-05
2.95698e-05
3.25063e-05
3.52577e-05
3.77447e-05
3.99382e-05
4.18407e-05
4.34651e-05
4.48323e-05
4.591e-05
4.69037e-05
4.73769e-05
4.76186e-05
4.7855e-05
4.7867e-05
4.75937e-05
4.71546e-05
4.65332e-05
4.5886e-05
4.51613e-05
4.47499e-05
4.41747e-05
4.33417e-05
4.06564e-05
3.39907e-05
2.45679e-05
1.38364e-05
1.06702e-05
1.87792e-05
2.77964e-05
1.09065e-05
1.39239e-05
1.80231e-05
2.08665e-05
2.11106e-05
1.87062e-05
1.66881e-05
1.72846e-05
1.95374e-05
2.20979e-05
2.475e-05
2.74547e-05
3.00996e-05
3.26348e-05
3.50003e-05
3.71425e-05
3.90354e-05
4.06664e-05
4.20664e-05
4.31467e-05
4.43362e-05
4.46595e-05
4.50539e-05
4.55116e-05
4.55759e-05
4.54225e-05
4.51247e-05
4.46354e-05
4.41752e-05
4.35903e-05
4.33892e-05
4.28176e-05
4.19886e-05
3.93935e-05
3.25453e-05
2.35632e-05
1.32792e-05
1.03888e-05
1.91525e-05
2.79811e-05
9.2874e-06
1.42025e-05
1.73884e-05
2.17711e-05
2.21255e-05
1.99998e-05
1.75098e-05
1.66934e-05
1.81106e-05
2.04471e-05
2.27998e-05
2.51786e-05
2.75864e-05
2.99175e-05
3.21111e-05
3.41347e-05
3.59572e-05
3.75707e-05
3.89475e-05
4.02229e-05
4.12157e-05
4.16952e-05
4.23176e-05
4.2809e-05
4.29989e-05
4.29812e-05
4.2858e-05
4.25367e-05
4.23129e-05
4.18808e-05
4.18811e-05
4.12149e-05
4.03089e-05
3.75919e-05
3.05715e-05
2.21533e-05
1.26084e-05
1.01472e-05
1.95727e-05
2.81654e-05
7.58583e-06
1.3728e-05
1.70421e-05
1.94062e-05
2.2398e-05
2.08323e-05
1.84841e-05
1.68025e-05
1.71887e-05
1.89842e-05
2.10647e-05
2.30293e-05
2.4955e-05
2.69436e-05
2.89308e-05
3.08149e-05
3.25861e-05
3.4134e-05
3.56304e-05
3.68947e-05
3.77179e-05
3.84957e-05
3.92861e-05
3.98103e-05
4.01587e-05
4.02962e-05
4.03874e-05
4.02737e-05
4.03135e-05
4.00097e-05
4.01481e-05
3.91863e-05
3.79616e-05
3.51503e-05
2.80007e-05
2.02142e-05
1.16855e-05
9.89212e-06
1.99712e-05
2.83537e-05
6.02834e-06
1.29263e-05
1.76615e-05
1.91808e-05
2.20946e-05
2.22152e-05
2.0013e-05
1.78856e-05
1.67748e-05
1.76773e-05
1.94196e-05
2.12593e-05
2.29141e-05
2.44234e-05
2.5925e-05
2.7496e-05
2.89905e-05
3.05929e-05
3.1888e-05
3.31505e-05
3.40544e-05
3.50254e-05
3.59451e-05
3.65656e-05
3.71016e-05
3.74061e-05
3.77613e-05
3.78775e-05
3.81284e-05
3.78487e-05
3.76071e-05
3.6086e-05
3.48709e-05
3.20313e-05
2.48376e-05
1.77643e-05
1.05983e-05
9.67982e-06
2.03913e-05
2.855e-05
4.93249e-06
1.20311e-05
1.75721e-05
1.9407e-05
2.07175e-05
2.33292e-05
2.14969e-05
1.94177e-05
1.76201e-05
1.69047e-05
1.78588e-05
1.93587e-05
2.0915e-05
2.23933e-05
2.37066e-05
2.48804e-05
2.61925e-05
2.73948e-05
2.85325e-05
2.95685e-05
3.0604e-05
3.16396e-05
3.25324e-05
3.32407e-05
3.39302e-05
3.43956e-05
3.49123e-05
3.48958e-05
3.49871e-05
3.42912e-05
3.38848e-05
3.23455e-05
3.13006e-05
2.76151e-05
2.09781e-05
1.48495e-05
9.38461e-06
9.42285e-06
2.07689e-05
2.8757e-05
4.75955e-06
1.06066e-05
1.73698e-05
1.99833e-05
2.08465e-05
2.23976e-05
2.3493e-05
2.15705e-05
1.97472e-05
1.81353e-05
1.7506e-05
1.79951e-05
1.89891e-05
2.01377e-05
2.13384e-05
2.24262e-05
2.36144e-05
2.472e-05
2.57092e-05
2.64724e-05
2.74455e-05
2.83574e-05
2.91905e-05
2.98302e-05
3.04602e-05
3.07488e-05
3.10768e-05
3.08875e-05
3.09125e-05
3.00916e-05
2.96677e-05
2.77496e-05
2.60723e-05
2.17503e-05
1.65949e-05
1.1877e-05
8.27632e-06
9.31329e-06
2.11243e-05
2.89842e-05
4.79994e-06
9.92014e-06
1.66794e-05
1.99863e-05
2.13351e-05
2.22731e-05
2.36997e-05
2.38883e-05
2.22017e-05
2.05836e-05
1.92579e-05
1.82778e-05
1.8203e-05
1.85842e-05
1.92456e-05
1.99743e-05
2.07839e-05
2.1625e-05
2.25855e-05
2.33222e-05
2.38761e-05
2.45711e-05
2.52797e-05
2.56926e-05
2.61637e-05
2.62405e-05
2.63984e-05
2.59241e-05
2.55766e-05
2.43118e-05
2.3225e-05
2.09467e-05
1.87887e-05
1.53484e-05
1.22321e-05
9.53071e-06
6.97967e-06
9.312e-06
2.14366e-05
2.92599e-05
4.87858e-06
1.06745e-05
1.64984e-05
2.02858e-05
2.25514e-05
2.34492e-05
2.43593e-05
2.55502e-05
2.56911e-05
2.41213e-05
2.24688e-05
2.08193e-05
1.98738e-05
1.93233e-05
1.90949e-05
1.90615e-05
1.91568e-05
1.9307e-05
1.9567e-05
1.98178e-05
2.0025e-05
2.01769e-05
2.0219e-05
2.02065e-05
2.0237e-05
1.98341e-05
1.95108e-05
1.86663e-05
1.79407e-05
1.6607e-05
1.55029e-05
1.37788e-05
1.23442e-05
1.04285e-05
8.66983e-06
6.94353e-06
6.33215e-06
1.00466e-05
2.19932e-05
2.96434e-05
5.56167e-06
1.00255e-05
1.46099e-05
1.84664e-05
2.16564e-05
2.38454e-05
2.54087e-05
2.69133e-05
2.8504e-05
2.97828e-05
2.94482e-05
2.86712e-05
2.71521e-05
2.53747e-05
2.35389e-05
2.18126e-05
2.01857e-05
1.87652e-05
1.74074e-05
1.63188e-05
1.54212e-05
1.45993e-05
1.38499e-05
1.31239e-05
1.25159e-05
1.17686e-05
1.11684e-05
1.02945e-05
9.50024e-06
8.61935e-06
7.88142e-06
7.08958e-06
6.51467e-06
5.91026e-06
5.68765e-06
5.85604e-06
7.18008e-06
1.20104e-05
2.3443e-05
3.02366e-05
6.9506e-06
6.20481e-06
8.64222e-06
1.16433e-05
1.45985e-05
1.70759e-05
1.88139e-05
1.98301e-05
2.01479e-05
2.04934e-05
2.00737e-05
1.9126e-05
1.78469e-05
1.64226e-05
1.49778e-05
1.35927e-05
1.23305e-05
1.1183e-05
1.02076e-05
9.31724e-06
8.536e-06
7.90567e-06
7.3658e-06
6.92106e-06
6.55944e-06
6.29754e-06
6.10177e-06
5.93355e-06
5.89167e-06
5.89149e-06
5.95293e-06
6.19668e-06
6.48561e-06
7.0485e-06
7.75384e-06
9.00652e-06
1.10664e-05
1.60962e-05
2.5469e-05
3.1084e-05
1.08214e-05
8.28122e-06
1.03473e-05
1.13107e-05
1.18284e-05
1.21598e-05
1.23565e-05
1.24771e-05
1.23736e-05
1.22842e-05
1.21464e-05
1.19278e-05
1.16801e-05
1.14175e-05
1.11855e-05
1.0966e-05
1.08265e-05
1.06902e-05
1.0668e-05
1.06721e-05
1.07026e-05
1.08064e-05
1.09502e-05
1.1158e-05
1.13987e-05
1.17147e-05
1.20614e-05
1.2503e-05
1.29734e-05
1.35595e-05
1.41492e-05
1.48815e-05
1.55656e-05
1.65072e-05
1.73863e-05
1.87789e-05
2.03198e-05
2.38204e-05
2.77293e-05
3.24764e-05
2.70024e-05
3.36407e-05
3.69667e-05
3.82115e-05
3.86404e-05
3.86179e-05
3.84532e-05
3.80868e-05
3.76181e-05
3.71287e-05
3.66544e-05
3.6212e-05
3.58088e-05
3.54449e-05
3.51191e-05
3.48267e-05
3.45656e-05
3.43313e-05
3.41215e-05
3.39337e-05
3.37658e-05
3.36168e-05
3.34851e-05
3.33708e-05
3.32723e-05
3.31909e-05
3.31245e-05
3.30763e-05
3.30425e-05
3.30291e-05
3.30325e-05
3.30403e-05
3.30574e-05
3.30881e-05
3.31532e-05
3.32347e-05
3.34209e-05
3.36302e-05
3.46649e-05
3.41792e-05
)
;

boundaryField
{
    movingWall
    {
        type            nutkWallFunction;
        blending        stepwise;
        value           uniform 0;
    }
    fixedWalls
    {
        type            nutkWallFunction;
        blending        stepwise;
        value           uniform 0;
    }
    frontAndBack
    {
        type            empty;
    }
}


// ************************************************************************* //
