/*--------------------------------*- C++ -*----------------------------------*\
| =========                 |                                                 |
| \\      /  F ield         | OpenFOAM: The Open Source CFD Toolbox           |
|  \\    /   O peration     | Version:  2412                                  |
|   \\  /    A nd           | Website:  www.openfoam.com                      |
|    \\/     M anipulation  |                                                 |
\*---------------------------------------------------------------------------*/
FoamFile
{
    version     2.0;
    format      ascii;
    arch        "LSB;label=32;scalar=64";
    class       volVectorField;
    location    "7";
    object      U;
}
// * * * * * * * * * * * * * * * * * * * * * * * * * * * * * * * * * * * * * //

dimensions      [0 1 -1 0 0 0 0];

internalField   nonuniform List<vector> 
1600
(
(0.00158392 -0.00142452 0)
(0.00610943 -0.00177489 0)
(0.0101699 -0.00123231 0)
(0.0124801 -0.000370319 0)
(0.0129047 1.39187e-05 0)
(0.0125114 -0.00014636 0)
(0.0118182 -0.000400377 0)
(0.0108208 -0.000389517 0)
(0.00899223 -0.000125417 0)
(0.00524704 0.000399027 0)
(-0.0015725 0.000883939 0)
(-0.0105572 0.00193737 0)
(-0.0241361 0.00472501 0)
(-0.0428102 0.00828645 0)
(-0.0641173 0.0112051 0)
(-0.0868858 0.0129799 0)
(-0.109605 0.0133791 0)
(-0.130662 0.0124186 0)
(-0.148601 0.0104696 0)
(-0.162504 0.00807541 0)
(-0.172076 0.00566047 0)
(-0.177434 0.00337344 0)
(-0.178945 0.00115808 0)
(-0.176676 -0.00111538 0)
(-0.17048 -0.00352485 0)
(-0.160169 -0.00606451 0)
(-0.145578 -0.00865632 0)
(-0.126725 -0.0111357 0)
(-0.103974 -0.0132758 0)
(-0.0782453 -0.0148162 0)
(-0.0511068 -0.0154373 0)
(-0.0244475 -0.0147922 0)
(-2.07248e-05 -0.0128727 0)
(0.0190039 -0.0094889 0)
(0.0319431 -0.00497524 0)
(0.0375692 -5.09754e-05 0)
(0.0352909 0.00409899 0)
(0.0260251 0.0065153 0)
(0.0133989 0.00573511 0)
(0.00335762 0.00389278 0)
(0.00245334 -0.00623088 0)
(0.00909064 -0.00778175 0)
(0.0137887 -0.00536082 0)
(0.0160997 -0.0020796 0)
(0.0157086 0.000350621 0)
(0.013022 0.00140598 0)
(0.00846341 0.00217155 0)
(0.00153997 0.00379504 0)
(-0.00887625 0.00646159 0)
(-0.0242317 0.0110195 0)
(-0.0451261 0.0171001 0)
(-0.0704796 0.0239961 0)
(-0.09798 0.0300833 0)
(-0.125424 0.0339105 0)
(-0.150995 0.035228 0)
(-0.173303 0.034185 0)
(-0.191489 0.0310122 0)
(-0.205507 0.0263265 0)
(-0.21596 0.0208091 0)
(-0.223518 0.0150261 0)
(-0.228341 0.00931739 0)
(-0.23052 0.00375838 0)
(-0.229716 -0.00176399 0)
(-0.225648 -0.00739609 0)
(-0.218103 -0.0132315 0)
(-0.206941 -0.0193104 0)
(-0.191943 -0.0255194 0)
(-0.172997 -0.0315234 0)
(-0.150175 -0.0368059 0)
(-0.123925 -0.0405871 0)
(-0.0952781 -0.0419336 0)
(-0.0657938 -0.0399897 0)
(-0.0375578 -0.0343221 0)
(-0.0129085 -0.0255014 0)
(0.00638135 -0.014726 0)
(0.0183386 -0.0034051 0)
(0.0241186 0.00686077 0)
(0.0225512 0.0139509 0)
(0.0141082 0.016255 0)
(0.00362598 0.0126387 0)
(0.00321534 -0.012934 0)
(0.00933495 -0.0138422 0)
(0.0121523 -0.00856291 0)
(0.0120036 -0.00196564 0)
(0.00883503 0.00310802 0)
(0.00215903 0.00671589 0)
(-0.00879419 0.0110353 0)
(-0.024353 0.0174718 0)
(-0.045305 0.0260211 0)
(-0.0710096 0.0357739 0)
(-0.100062 0.0453649 0)
(-0.12967 0.0530241 0)
(-0.157154 0.0574663 0)
(-0.180824 0.0582783 0)
(-0.200337 0.0558081 0)
(-0.215742 0.0506995 0)
(-0.22771 0.0439556 0)
(-0.236978 0.0363358 0)
(-0.244085 0.0283867 0)
(-0.249223 0.0203525 0)
(-0.252513 0.0123168 0)
(-0.253713 0.00421677 0)
(-0.252781 -0.00408105 0)
(-0.249647 -0.0127406 0)
(-0.24401 -0.021856 0)
(-0.235435 -0.031457 0)
(-0.223685 -0.0413778 0)
(-0.208351 -0.051241 0)
(-0.18913 -0.0602902 0)
(-0.165913 -0.0673773 0)
(-0.138971 -0.0709978 0)
(-0.109239 -0.0696379 0)
(-0.0783636 -0.0623408 0)
(-0.0489843 -0.0494923 0)
(-0.0241881 -0.0328982 0)
(-0.00582686 -0.0148195 0)
(0.00538238 0.00209447 0)
(0.0101826 0.0162262 0)
(0.0076743 0.0227371 0)
(0.00203579 0.0194393 0)
(0.00327083 -0.0194752 0)
(0.00661341 -0.0171988 0)
(0.00608385 -0.00803097 0)
(0.00190314 0.00191333 0)
(-0.00574122 0.0105096 0)
(-0.0178451 0.0187637 0)
(-0.035342 0.0282513 0)
(-0.0583928 0.0400636 0)
(-0.0863324 0.0532626 0)
(-0.1164 0.0656146 0)
(-0.145646 0.0749217 0)
(-0.171603 0.0797973 0)
(-0.193067 0.080166 0)
(-0.210087 0.0766062 0)
(-0.223216 0.0701845 0)
(-0.233256 0.0619072 0)
(-0.241036 0.0526639 0)
(-0.247036 0.0430287 0)
(-0.25151 0.0332971 0)
(-0.254582 0.02359 0)
(-0.256399 0.0138773 0)
(-0.257104 0.00403736 0)
(-0.256494 -0.00608697 0)
(-0.254566 -0.0167336 0)
(-0.251342 -0.0281261 0)
(-0.246568 -0.0403401 0)
(-0.239785 -0.0533841 0)
(-0.230358 -0.0669363 0)
(-0.217484 -0.0801852 0)
(-0.200355 -0.0916987 0)
(-0.178355 -0.0994686 0)
(-0.151391 -0.101216 0)
(-0.120241 -0.0949245 0)
(-0.0869581 -0.079821 0)
(-0.0552466 -0.0575183 0)
(-0.0292908 -0.0320349 0)
(-0.0114771 -0.00766313 0)
(-0.00151585 0.0130256 0)
(0.00145231 0.0246362 0)
(0.000327262 0.0224389 0)
(0.00184314 -0.0232039 0)
(0.00171378 -0.016463 0)
(-0.00318761 -0.00308868 0)
(-0.0113725 0.0102892 0)
(-0.0238033 0.023156 0)
(-0.0414904 0.0365944 0)
(-0.064901 0.0518489 0)
(-0.092869 0.0681973 0)
(-0.122519 0.0831972 0)
(-0.150669 0.0942685 0)
(-0.174917 0.100001 0)
(-0.194321 0.1003 0)
(-0.208963 0.0960709 0)
(-0.219589 0.0886345 0)
(-0.22702 0.0791375 0)
(-0.2321 0.0685844 0)
(-0.235357 0.0575592 0)
(-0.237225 0.0464836 0)
(-0.238024 0.0355487 0)
(-0.238051 0.0248462 0)
(-0.237516 0.0143196 0)
(-0.236496 0.00382018 0)
(-0.235396 -0.0068777 0)
(-0.234229 -0.0180456 0)
(-0.233013 -0.0300654 0)
(-0.231757 -0.0433086 0)
(-0.230109 -0.057997 0)
(-0.227555 -0.0740943 0)
(-0.223134 -0.0910523 0)
(-0.215417 -0.107538 0)
(-0.202676 -0.121274 0)
(-0.183381 -0.129127 0)
(-0.156904 -0.127826 0)
(-0.124023 -0.114998 0)
(-0.0875651 -0.0904446 0)
(-0.053001 -0.0579132 0)
(-0.0262489 -0.0243925 0)
(-0.00931748 0.0040785 0)
(-0.00209022 0.0216086 0)
(-0.000177595 0.0222045 0)
(-0.000527024 -0.0230592 0)
(-0.00468724 -0.0111494 0)
(-0.0136141 0.00579919 0)
(-0.0260336 0.0231587 0)
(-0.0432339 0.0408537 0)
(-0.0657074 0.0597679 0)
(-0.092588 0.0793742 0)
(-0.121086 0.0972411 0)
(-0.147949 0.110592 0)
(-0.170715 0.117712 0)
(-0.188266 0.118453 0)
(-0.200676 0.113875 0)
(-0.208652 0.105468 0)
(-0.21316 0.0947149 0)
(-0.215064 0.0827127 0)
(-0.215131 0.0702871 0)
(-0.213964 0.0579186 0)
(-0.212097 0.0459484 0)
(-0.209932 0.0345116 0)
(-0.207742 0.0236106 0)
(-0.205726 0.0131256 0)
(-0.204094 0.00286312 0)
(-0.202729 -0.00746566 0)
(-0.20166 -0.0181886 0)
(-0.201055 -0.0296767 0)
(-0.201101 -0.042378 0)
(-0.201937 -0.0567668 0)
(-0.203552 -0.0732261 0)
(-0.205512 -0.0918294 0)
(-0.206661 -0.111919 0)
(-0.204892 -0.131622 0)
(-0.197292 -0.147553 0)
(-0.180998 -0.155146 0)
(-0.154618 -0.149823 0)
(-0.119256 -0.128903 0)
(-0.0792146 -0.0934473 0)
(-0.0424633 -0.0506294 0)
(-0.0163347 -0.0115699 0)
(-0.00360112 0.0149838 0)
(0.00019865 0.0207529 0)
(-0.00335574 -0.0183383 0)
(-0.0113878 -0.00184275 0)
(-0.0240754 0.0187416 0)
(-0.0405775 0.040205 0)
(-0.0617241 0.0628248 0)
(-0.0869231 0.0858222 0)
(-0.113923 0.106955 0)
(-0.139594 0.123279 0)
(-0.161269 0.132639 0)
(-0.177511 0.134533 0)
(-0.188167 0.129987 0)
(-0.193984 0.120783 0)
(-0.19606 0.108731 0)
(-0.195506 0.0952811 0)
(-0.193312 0.0814512 0)
(-0.190318 0.0679293 0)
(-0.187166 0.0550895 0)
(-0.184262 0.0430911 0)
(-0.181769 0.0318919 0)
(-0.179669 0.0213302 0)
(-0.17788 0.011182 0)
(-0.176264 0.0011898 0)
(-0.174731 -0.0088593 0)
(-0.173346 -0.0191792 0)
(-0.172216 -0.0300165 0)
(-0.171581 -0.041705 0)
(-0.171865 -0.0547058 0)
(-0.17353 -0.0696083 0)
(-0.176941 -0.0870576 0)
(-0.181964 -0.107424 0)
(-0.187414 -0.130146 0)
(-0.190533 -0.15285 0)
(-0.18708 -0.170794 0)
(-0.172617 -0.177408 0)
(-0.144964 -0.166481 0)
(-0.106083 -0.135203 0)
(-0.062866 -0.0871273 0)
(-0.0265863 -0.0351952 0)
(-0.00553829 0.00446419 0)
(0.000626564 0.0190083 0)
(-0.00606932 -0.00949402 0)
(-0.0175798 0.0114751 0)
(-0.0335979 0.0351768 0)
(-0.0534224 0.0607807 0)
(-0.0768709 0.0870852 0)
(-0.102255 0.111773 0)
(-0.126903 0.131779 0)
(-0.147994 0.14438 0)
(-0.16366 0.148436 0)
(-0.173399 0.144668 0)
(-0.177899 0.1351 0)
(-0.178447 0.122007 0)
(-0.176417 0.107283 0)
(-0.173055 0.0922857 0)
(-0.169363 0.07786 0)
(-0.166015 0.0644319 0)
(-0.163331 0.0520778 0)
(-0.161324 0.04066 0)
(-0.159832 0.0299431 0)
(-0.158622 0.0196742 0)
(-0.15748 0.00962802 0)
(-0.156242 -0.00038419 0)
(-0.154882 -0.0104919 0)
(-0.153414 -0.0208268 0)
(-0.151865 -0.0315174 0)
(-0.15039 -0.042723 0)
(-0.149315 -0.0546929 0)
(-0.149142 -0.0678502 0)
(-0.150589 -0.0828915 0)
(-0.154419 -0.100781 0)
(-0.160926 -0.122365 0)
(-0.169018 -0.14734 0)
(-0.17528 -0.172769 0)
(-0.173991 -0.192075 0)
(-0.159149 -0.196006 0)
(-0.128261 -0.176407 0)
(-0.0852587 -0.13116 0)
(-0.0410934 -0.069092 0)
(-0.00898904 -0.0119353 0)
(0.000691593 0.0167511 0)
(-0.00809255 0.00325397 0)
(-0.0226293 0.0279469 0)
(-0.0412726 0.0545797 0)
(-0.063107 0.0832828 0)
(-0.0869389 0.111404 0)
(-0.110667 0.135576 0)
(-0.131609 0.152433 0)
(-0.147497 0.159932 0)
(-0.157293 0.158092 0)
(-0.16146 0.148944 0)
(-0.161402 0.13527 0)
(-0.15874 0.119554 0)
(-0.15495 0.103574 0)
(-0.151162 0.0884116 0)
(-0.14805 0.0745227 0)
(-0.145835 0.0619119 0)
(-0.144407 0.0503291 0)
(-0.143505 0.0394548 0)
(-0.142864 0.0290148 0)
(-0.142274 0.0187989 0)
(-0.141579 0.00865679 0)
(-0.140703 -0.00152583 0)
(-0.139629 -0.0118467 0)
(-0.138348 -0.0223921 0)
(-0.136866 -0.0332458 0)
(-0.135237 -0.0444776 0)
(-0.133594 -0.0561764 0)
(-0.1322 -0.0685061 0)
(-0.131556 -0.0818337 0)
(-0.132497 -0.096938 0)
(-0.136126 -0.115141 0)
(-0.143201 -0.137891 0)
(-0.152721 -0.165181 0)
(-0.160406 -0.193085 0)
(-0.158826 -0.212259 0)
(-0.140786 -0.209891 0)
(-0.104735 -0.176111 0)
(-0.0581772 -0.111751 0)
(-0.0168305 -0.0365766 0)
(-0.00015624 0.011897 0)
(-0.00935792 0.019144 0)
(-0.0262555 0.0467688 0)
(-0.0463292 0.0756574 0)
(-0.0687687 0.106034 0)
(-0.0915364 0.134271 0)
(-0.112504 0.156133 0)
(-0.129221 0.168452 0)
(-0.140029 0.17009 0)
(-0.144865 0.162545 0)
(-0.145061 0.14899 0)
(-0.142431 0.132592 0)
(-0.138657 0.115728 0)
(-0.135014 0.0998141 0)
(-0.1322 0.0854169 0)
(-0.130381 0.0724949 0)
(-0.129374 0.0607011 0)
(-0.12887 0.0496462 0)
(-0.128592 0.0390192 0)
(-0.12835 0.0286184 0)
(-0.128029 0.0183112 0)
(-0.127558 0.00800741 0)
(-0.126911 -0.00236914 0)
(-0.126078 -0.0128985 0)
(-0.125055 -0.0236588 0)
(-0.123843 -0.0347178 0)
(-0.122452 -0.0461243 0)
(-0.120914 -0.0579139 0)
(-0.119307 -0.0701204 0)
(-0.117827 -0.0828377 0)
(-0.116922 -0.0963956 0)
(-0.117485 -0.111693 0)
(-0.120896 -0.130505 0)
(-0.128299 -0.154973 0)
(-0.138556 -0.185133 0)
(-0.146022 -0.214995 0)
(-0.141304 -0.230772 0)
(-0.116919 -0.215239 0)
(-0.0744174 -0.158476 0)
(-0.0278078 -0.0710468 0)
(-0.000869833 0.0014371 0)
(-0.00990134 0.036578 0)
(-0.0281055 0.0669114 0)
(-0.0485412 0.0970992 0)
(-0.0703362 0.127875 0)
(-0.0911337 0.154754 0)
(-0.108853 0.173024 0)
(-0.121367 0.179937 0)
(-0.127825 0.175692 0)
(-0.129111 0.163322 0)
(-0.127099 0.14671 0)
(-0.123666 0.129018 0)
(-0.12026 0.112215 0)
(-0.117688 0.0971225 0)
(-0.11613 0.0837282 0)
(-0.115382 0.0716206 0)
(-0.115114 0.060323 0)
(-0.11505 0.0494857 0)
(-0.11501 0.0388911 0)
(-0.114904 0.0284182 0)
(-0.114684 0.0179864 0)
(-0.114326 0.00753178 0)
(-0.113823 -0.00301013 0)
(-0.113174 -0.0137097 0)
(-0.11238 -0.02464 0)
(-0.111446 -0.035866 0)
(-0.11037 -0.0474372 0)
(-0.109153 -0.059384 0)
(-0.107797 -0.0717104 0)
(-0.106327 -0.0844054 0)
(-0.104875 -0.0975185 0)
(-0.103852 -0.111398 0)
(-0.104236 -0.127188 0)
(-0.107696 -0.14732 0)
(-0.115612 -0.174673 0)
(-0.126109 -0.208458 0)
(-0.131262 -0.238369 0)
(-0.119736 -0.243738 0)
(-0.0861767 -0.203357 0)
(-0.0397516 -0.113793 0)
(-0.00236301 -0.0122476 0)
(-0.00976266 0.0547652 0)
(-0.0282483 0.0873087 0)
(-0.0480701 0.117865 0)
(-0.0683357 0.147949 0)
(-0.0866693 0.172424 0)
(-0.101052 0.186255 0)
(-0.109834 0.187498 0)
(-0.113039 0.178011 0)
(-0.112255 0.162035 0)
(-0.109501 0.143705 0)
(-0.10643 0.125833 0)
(-0.104043 0.109753 0)
(-0.102635 0.095637 0)
(-0.102032 0.083044 0)
(-0.101904 0.0714164 0)
(-0.10197 0.0603219 0)
(-0.10206 0.0495126 0)
(-0.102089 0.038857 0)
(-0.102024 0.0282832 0)
(-0.101852 0.0177349 0)
(-0.101567 0.00715786 0)
(-0.101171 -0.00350976 0)
(-0.100667 -0.014334 0)
(-0.100061 -0.0253844 0)
(-0.0993589 -0.0367275 0)
(-0.0985594 -0.0484188 0)
(-0.0976582 -0.0604979 0)
(-0.0966376 -0.072976 0)
(-0.0954689 -0.0858282 0)
(-0.0941359 -0.0990072 0)
(-0.0927243 -0.112547 0)
(-0.0916528 -0.12691 0)
(-0.0920746 -0.14373 0)
(-0.0960269 -0.166445 0)
(-0.104807 -0.198406 0)
(-0.114549 -0.235773 0)
(-0.113846 -0.259956 0)
(-0.0914612 -0.241285 0)
(-0.0496903 -0.159347 0)
(-0.00748183 -0.0344971 0)
(-0.00909146 0.0726677 0)
(-0.026924 0.10698 0)
(-0.0453594 0.137164 0)
(-0.0635468 0.165786 0)
(-0.0792238 0.187165 0)
(-0.0904709 0.196175 0)
(-0.0962671 0.192071 0)
(-0.0973824 0.178345 0)
(-0.0957406 0.159987 0)
(-0.093193 0.140989 0)
(-0.090997 0.123578 0)
(-0.0896659 0.10838 0)
(-0.089131 0.0950492 0)
(-0.0890869 0.0829412 0)
(-0.0892473 0.0715189 0)
(-0.0894337 0.0604556 0)
(-0.0895655 0.0495923 0)
(-0.0896137 0.0388505 0)
(-0.0895737 0.0281807 0)
(-0.0894433 0.0175355 0)
(-0.0892249 0.00686325 0)
(-0.0889239 -0.00389678 0)
(-0.0885459 -0.0148094 0)
(-0.0880994 -0.0259419 0)
(-0.0875884 -0.0373624 0)
(-0.0870138 -0.049133 0)
(-0.0863719 -0.0613039 0)
(-0.0856442 -0.0739033 0)
(-0.0847925 -0.0869242 0)
(-0.0837593 -0.100314 0)
(-0.0824969 -0.113997 0)
(-0.0810807 -0.128042 0)
(-0.0800199 -0.143209 0)
(-0.0808061 -0.162074 0)
(-0.0858943 -0.189463 0)
(-0.0955258 -0.227767 0)
(-0.101683 -0.265222 0)
(-0.0900765 -0.2696 0)
(-0.0558119 -0.203726 0)
(-0.0133736 -0.0642506 0)
(-0.0079959 0.089328 0)
(-0.0244655 0.125164 0)
(-0.0409787 0.15448 0)
(-0.0567702 0.18114 0)
(-0.0698049 0.199104 0)
(-0.0783345 0.203367 0)
(-0.0819626 0.194629 0)
(-0.0819719 0.177743 0)
(-0.0802738 0.158011 0)
(-0.0783799 0.139011 0)
(-0.0771061 0.122282 0)
(-0.0765873 0.10783 0)
(-0.0765871 0.0950022 0)
(-0.0768202 0.0831212 0)
(-0.077094 0.0717405 0)
(-0.0773178 0.0606304 0)
(-0.0774641 0.049689 0)
(-0.0775302 0.0388638 0)
(-0.0775224 0.0281134 0)
(-0.0774434 0.0173924 0)
(-0.0772976 0.0066487 0)
(-0.077092 -0.00417797 0)
(-0.0768328 -0.0151519 0)
(-0.0765284 -0.0263397 0)
(-0.0761818 -0.0378109 0)
(-0.0757951 -0.0496326 0)
(-0.0753659 -0.0618652 0)
(-0.0748782 -0.0745532 0)
(-0.0742964 -0.0877128 0)
(-0.0735588 -0.101314 0)
(-0.072581 -0.115275 0)
(-0.0713001 -0.12951 0)
(-0.0698322 -0.144231 0)
(-0.0689208 -0.16089 0)
(-0.0706553 -0.183744 0)
(-0.0775631 -0.218797 0)
(-0.0863331 -0.262897 0)
(-0.0832335 -0.287695 0)
(-0.057677 -0.243632 0)
(-0.0181397 -0.0990391 0)
(-0.00660457 0.104059 0)
(-0.0211948 0.141305 0)
(-0.0354477 0.169484 0)
(-0.0487381 0.193977 0)
(-0.0592721 0.208531 0)
(-0.0655825 0.208475 0)
(-0.0677829 0.195988 0)
(-0.0673794 0.176908 0)
(-0.0660441 0.156513 0)
(-0.0648932 0.137831 0)
(-0.0643641 0.121742 0)
(-0.0643715 0.107804 0)
(-0.0646557 0.0952389 0)
(-0.0650081 0.0834229 0)
(-0.065321 0.0720045 0)
(-0.065559 0.0608216 0)
(-0.0657209 0.0498035 0)
(-0.0658152 0.0389076 0)
(-0.065852 0.0280938 0)
(-0.0658358 0.0173157 0)
(-0.0657708 0.00652 0)
(-0.0656638 -0.00435362 0)
(-0.0655213 -0.0153691 0)
(-0.0653506 -0.0265934 0)
(-0.0651538 -0.0380963 0)
(-0.0649333 -0.0499493 0)
(-0.0646881 -0.0622215 0)
(-0.0644051 -0.0749729 0)
(-0.0640532 -0.0882418 0)
(-0.0635755 -0.102027 0)
(-0.0628849 -0.116268 0)
(-0.0618783 -0.130849 0)
(-0.0605032 -0.14573 0)
(-0.059005 -0.161548 0)
(-0.0586459 -0.181255 0)
(-0.0623008 -0.211621 0)
(-0.0705192 -0.256717 0)
(-0.0728934 -0.296928 0)
(-0.0558084 -0.276914 0)
(-0.0210479 -0.136177 0)
(-0.00502482 0.116379 0)
(-0.0174101 0.155052 0)
(-0.0292203 0.18205 0)
(-0.0400147 0.204377 0)
(-0.0482777 0.21579 0)
(-0.0528479 0.212083 0)
(-0.054194 0.196738 0)
(-0.0537882 0.176228 0)
(-0.0529578 0.155601 0)
(-0.05245 0.137316 0)
(-0.0524352 0.12171 0)
(-0.0527418 0.108073 0)
(-0.053157 0.0956076 0)
(-0.0535512 0.0837708 0)
(-0.0538751 0.0722847 0)
(-0.0541236 0.0610281 0)
(-0.0543072 0.0499443 0)
(-0.0544386 0.0389932 0)
(-0.054529 0.0281326 0)
(-0.0545832 0.0173143 0)
(-0.0546044 0.00648306 0)
(-0.0545991 -0.00442161 0)
(-0.0545736 -0.0154636 0)
(-0.0545343 -0.0267097 0)
(-0.0544822 -0.0382304 0)
(-0.0544196 -0.0501 0)
(-0.0543464 -0.0623951 0)
(-0.0542523 -0.0751891 0)
(-0.0541107 -0.0885416 0)
(-0.0538703 -0.102479 0)
(-0.0534496 -0.11697 0)
(-0.0527399 -0.131913 0)
(-0.0516326 -0.14718 0)
(-0.0501342 -0.16295 0)
(-0.048835 -0.180983 0)
(-0.049965 -0.207152 0)
(-0.056104 -0.249741 0)
(-0.0610355 -0.299602 0)
(-0.0512701 -0.302755 0)
(-0.0220892 -0.173185 0)
(-0.0033539 0.126007 0)
(-0.0133256 0.166212 0)
(-0.0226354 0.192167 0)
(-0.0310096 0.212479 0)
(-0.0372521 0.22123 0)
(-0.0404868 0.214652 0)
(-0.0413666 0.197249 0)
(-0.0411546 0.175863 0)
(-0.0408113 0.155221 0)
(-0.040783 0.137279 0)
(-0.0410832 0.121983 0)
(-0.0415368 0.108487 0)
(-0.0419969 0.096026 0)
(-0.0423952 0.0841308 0)
(-0.0427182 0.0725727 0)
(-0.042976 0.0612521 0)
(-0.0431839 0.0501175 0)
(-0.0433559 0.039127 0)
(-0.0435029 0.0282358 0)
(-0.04363 0.0173928 0)
(-0.0437393 0.00654138 0)
(-0.0438375 -0.00437949 0)
(-0.0439308 -0.0154338 0)
(-0.0440245 -0.0266885 0)
(-0.0441191 -0.0382143 0)
(-0.0442159 -0.0500877 0)
(-0.0443156 -0.0623914 0)
(-0.0444097 -0.0752104 0)
(-0.0444761 -0.0886235 0)
(-0.0444695 -0.102684 0)
(-0.0443149 -0.117392 0)
(-0.0439077 -0.132668 0)
(-0.0431263 -0.148368 0)
(-0.0418862 -0.164454 0)
(-0.0403982 -0.181857 0)
(-0.0400385 -0.205039 0)
(-0.043925 -0.243716 0)
(-0.0492657 -0.298232 0)
(-0.0453002 -0.32118 0)
(-0.0216511 -0.208417 0)
(-0.0016703 0.132812 0)
(-0.00910755 0.174718 0)
(-0.015929 0.199846 0)
(-0.0219881 0.218482 0)
(-0.0264274 0.225158 0)
(-0.0286347 0.216487 0)
(-0.0292864 0.197712 0)
(-0.029329 0.175832 0)
(-0.0293856 0.155256 0)
(-0.0296797 0.137553 0)
(-0.0301502 0.122418 0)
(-0.0306571 0.108955 0)
(-0.031114 0.0964495 0)
(-0.0314955 0.0844847 0)
(-0.0318088 0.0728622 0)
(-0.0320717 0.0614921 0)
(-0.0323011 0.0503226 0)
(-0.032511 0.0393091 0)
(-0.0327125 0.0284031 0)
(-0.0329104 0.0175513 0)
(-0.0331071 0.0066954 0)
(-0.0333093 -0.00422594 0)
(-0.0335232 -0.0152772 0)
(-0.0337545 -0.0265257 0)
(-0.0340023 -0.0380428 0)
(-0.0342671 -0.0499066 0)
(-0.0345495 -0.0622042 0)
(-0.0348426 -0.0750309 0)
(-0.0351276 -0.0884822 0)
(-0.0353653 -0.102637 0)
(-0.0354879 -0.117526 0)
(-0.0353972 -0.133097 0)
(-0.0349719 -0.14921 0)
(-0.0340969 -0.165738 0)
(-0.0328327 -0.183108 0)
(-0.0318273 -0.204482 0)
(-0.0340312 -0.239238 0)
(-0.0386337 -0.294921 0)
(-0.0389115 -0.333111 0)
(-0.0200603 -0.240591 0)
(-1.72723e-05 0.136762 0)
(-0.00485675 0.180544 0)
(-0.00923548 0.205205 0)
(-0.0131155 0.222484 0)
(-0.015882 0.227766 0)
(-0.0172988 0.217848 0)
(-0.0178369 0.198238 0)
(-0.0181223 0.176099 0)
(-0.0184806 0.155584 0)
(-0.0189776 0.138005 0)
(-0.0195257 0.122917 0)
(-0.0200309 0.109423 0)
(-0.0204564 0.0968503 0)
(-0.0208059 0.0848189 0)
(-0.0210995 0.0731451 0)
(-0.0213589 0.0617416 0)
(-0.0216018 0.0505541 0)
(-0.0218425 0.0395341 0)
(-0.0220921 0.0286301 0)
(-0.022356 0.0177865 0)
(-0.022637 0.00694381 0)
(-0.0229424 -0.00396004 0)
(-0.023279 -0.0149902 0)
(-0.0236532 -0.0262149 0)
(-0.0240635 -0.0377063 0)
(-0.024509 -0.0495443 0)
(-0.02499 -0.0618196 0)
(-0.0255003 -0.0746355 0)
(-0.0260236 -0.088102 0)
(-0.0265262 -0.102321 0)
(-0.0269478 -0.117354 0)
(-0.0271976 -0.133176 0)
(-0.0271615 -0.149658 0)
(-0.0267071 -0.166634 0)
(-0.0258925 -0.184251 0)
(-0.0247996 -0.204679 0)
(-0.0261005 -0.236109 0)
(-0.0296539 -0.291129 0)
(-0.0326377 -0.339702 0)
(-0.0176267 -0.269247 0)
(0.00158336 0.137844 0)
(-0.000626295 0.183742 0)
(-0.00260267 0.208303 0)
(-0.00444091 0.22466 0)
(-0.00568387 0.229239 0)
(-0.00639101 0.218789 0)
(-0.0068527 0.198832 0)
(-0.00733908 0.176607 0)
(-0.00792312 0.15612 0)
(-0.00854918 0.138557 0)
(-0.0091238 0.12343 0)
(-0.00959756 0.109862 0)
(-0.00997341 0.0972125 0)
(-0.0102772 0.0851226 0)
(-0.0105384 0.0734127 0)
(-0.010782 0.0619929 0)
(-0.0110269 0.0508048 0)
(-0.0112875 0.0397963 0)
(-0.0115761 0.0289128 0)
(-0.0118993 0.018097 0)
(-0.0122601 0.00728764 0)
(-0.0126671 -0.00357807 0)
(-0.0131279 -0.0145662 0)
(-0.0136505 -0.025746 0)
(-0.0142331 -0.0371914 0)
(-0.0148734 -0.0489836 0)
(-0.0155717 -0.0612166 0)
(-0.0163216 -0.0740001 0)
(-0.0171084 -0.0874569 0)
(-0.0179028 -0.10171 0)
(-0.0186518 -0.116847 0)
(-0.0192722 -0.132875 0)
(-0.0196631 -0.149674 0)
(-0.0196687 -0.167059 0)
(-0.0194405 -0.185019 0)
(-0.0185992 -0.205032 0)
(-0.0197168 -0.233817 0)
(-0.0224405 -0.287547 0)
(-0.026804 -0.342265 0)
(-0.0146221 -0.294278 0)
(0.0031537 0.13608 0)
(0.00358649 0.184358 0)
(0.00392922 0.20926 0)
(0.00399553 0.225172 0)
(0.00420184 0.229593 0)
(0.00421527 0.219361 0)
(0.00383543 0.19944 0)
(0.00319242 0.177292 0)
(0.00243047 0.156809 0)
(0.00171213 0.139172 0)
(0.00113402 0.123932 0)
(0.000706193 0.110254 0)
(0.00039178 0.0975227 0)
(0.000146187 0.0853826 0)
(-6.89057e-05 0.0736513 0)
(-0.000282497 0.0622326 0)
(-0.000515385 0.0510624 0)
(-0.000783258 0.0400848 0)
(-0.00109986 0.0292426 0)
(-0.00147354 0.0184767 0)
(-0.00190867 0.00772429 0)
(-0.00241503 -0.00307882 0)
(-0.00300127 -0.0139998 0)
(-0.00367693 -0.0251093 0)
(-0.00444104 -0.036483 0)
(-0.00529067 -0.0482045 0)
(-0.00622533 -0.0603715 0)
(-0.0072382 -0.0730989 0)
(-0.008316 -0.0865192 0)
(-0.00943276 -0.100773 0)
(-0.0105422 -0.115974 0)
(-0.0115683 -0.132156 0)
(-0.0124284 -0.149213 0)
(-0.0129397 -0.166938 0)
(-0.0133688 -0.185207 0)
(-0.0129665 -0.205041 0)
(-0.0144645 -0.231928 0)
(-0.0167501 -0.284233 0)
(-0.021721 -0.342867 0)
(-0.0115408 -0.314943 0)
(0.00471801 0.131487 0)
(0.00780543 0.182435 0)
(0.0103637 0.208201 0)
(0.0122001 0.224075 0)
(0.0138355 0.228803 0)
(0.014611 0.219537 0)
(0.0143935 0.200079 0)
(0.0136177 0.178121 0)
(0.0127 0.157614 0)
(0.0119018 0.139825 0)
(0.0113244 0.124409 0)
(0.0109452 0.11059 0)
(0.0106983 0.0977682 0)
(0.0105212 0.0855843 0)
(0.0103658 0.0738449 0)
(0.0101974 0.0624439 0)
(0.00999203 0.0513107 0)
(0.00973142 0.0403849 0)
(0.00939962 0.0296069 0)
(0.00898572 0.0189154 0)
(0.00848322 0.00824613 0)
(0.007881 -0.00246671 0)
(0.00716907 -0.0132915 0)
(0.00633708 -0.0243005 0)
(0.00538346 -0.0355719 0)
(0.00431161 -0.0471927 0)
(0.00312298 -0.0592636 0)
(0.00182445 -0.0719051 0)
(0.000428227 -0.0852587 0)
(-0.00104061 -0.0994781 0)
(-0.00254387 -0.114699 0)
(-0.00401422 -0.130982 0)
(-0.00538643 -0.148236 0)
(-0.00646186 -0.166231 0)
(-0.00760188 -0.184764 0)
(-0.00774023 -0.204488 0)
(-0.00998114 -0.229933 0)
(-0.0121294 -0.280743 0)
(-0.0176315 -0.343074 0)
(-0.00894963 -0.331184 0)
(0.00626396 0.123912 0)
(0.0120257 0.178134 0)
(0.0166819 0.205228 0)
(0.0201957 0.221396 0)
(0.0232132 0.22695 0)
(0.024873 0.219099 0)
(0.0249535 0.200724 0)
(0.0240868 0.179106 0)
(0.0230144 0.158538 0)
(0.0221229 0.140515 0)
(0.0215278 0.124858 0)
(0.0211863 0.110864 0)
(0.0210061 0.0979396 0)
(0.0209049 0.0857139 0)
(0.0208219 0.0739769 0)
(0.0207148 0.0626095 0)
(0.0205536 0.0515325 0)
(0.0203164 0.0406806 0)
(0.0199839 0.0299913 0)
(0.019542 0.0194013 0)
(0.0189812 0.00884458 0)
(0.0182886 -0.00174651 0)
(0.0174528 -0.0124422 0)
(0.0164627 -0.023317 0)
(0.015314 -0.0344515 0)
(0.0140096 -0.0459361 0)
(0.0125513 -0.0578759 0)
(0.0109458 -0.0703958 0)
(0.00920689 -0.0836453 0)
(0.00735702 -0.0977899 0)
(0.00542712 -0.112985 0)
(0.00347651 -0.129311 0)
(0.00155284 -0.146691 0)
(-0.000147694 -0.164877 0)
(-0.00204448 -0.183606 0)
(-0.00280377 -0.203209 0)
(-0.00603481 -0.22755 0)
(-0.00814887 -0.276757 0)
(-0.0145432 -0.342997 0)
(-0.00704525 -0.344038 0)
(0.00766353 0.113443 0)
(0.0161379 0.17145 0)
(0.0228351 0.200404 0)
(0.0279585 0.217259 0)
(0.0323181 0.22395 0)
(0.0350028 0.21797 0)
(0.03557 0.201198 0)
(0.0347248 0.180185 0)
(0.0335099 0.159595 0)
(0.0324914 0.14128 0)
(0.0318388 0.125307 0)
(0.0315076 0.111087 0)
(0.0313832 0.0980361 0)
(0.0313599 0.0857617 0)
(0.0313601 0.0740322 0)
(0.0313293 0.0627113 0)
(0.0312297 0.0517092 0)
(0.0310329 0.0409543 0)
(0.0307157 0.0303802 0)
(0.0302598 0.0199209 0)
(0.0296519 0.00950854 0)
(0.0288771 -0.000926466 0)
(0.0279221 -0.0114565 0)
(0.0267748 -0.0221587 0)
(0.0254277 -0.0331169 0)
(0.0238833 -0.0444252 0)
(0.0221431 -0.0561943 0)
(0.0202147 -0.0685547 0)
(0.0181119 -0.0816603 0)
(0.0158532 -0.0956842 0)
(0.0134664 -0.110797 0)
(0.0110003 -0.127101 0)
(0.00848745 -0.144531 0)
(0.00610531 -0.162824 0)
(0.00340931 -0.181662 0)
(0.00192325 -0.201096 0)
(-0.00247314 -0.224548 0)
(-0.00457839 -0.272144 0)
(-0.0123247 -0.342383 0)
(-0.00563714 -0.354416 0)
(0.00869622 0.100381 0)
(0.0198963 0.16221 0)
(0.0287123 0.193854 0)
(0.0354088 0.211702 0)
(0.0410927 0.219713 0)
(0.044943 0.215973 0)
(0.0462404 0.201311 0)
(0.0456076 0.181284 0)
(0.0443041 0.160791 0)
(0.0431295 0.142161 0)
(0.0423671 0.125804 0)
(0.0420028 0.111291 0)
(0.0419099 0.0980696 0)
(0.0419581 0.0857262 0)
(0.042047 0.0740009 0)
(0.0421058 0.0627355 0)
(0.0420842 0.0518258 0)
(0.0419458 0.0411915 0)
(0.0416609 0.0307608 0)
(0.0412063 0.0204645 0)
(0.0405644 0.0102318 0)
(0.0397182 -9.44831e-06 0)
(0.0386517 -0.010334 0)
(0.0373512 -0.0208217 0)
(0.0358062 -0.0315608 0)
(0.0340185 -0.0426505 0)
(0.0319904 -0.0542055 0)
(0.0297282 -0.066362 0)
(0.027243 -0.0792803 0)
(0.0245538 -0.0931388 0)
(0.0216846 -0.108114 0)
(0.0186688 -0.124322 0)
(0.0155262 -0.141712 0)
(0.0124142 -0.160014 0)
(0.00888638 -0.178862 0)
(0.00652484 -0.198103 0)
(0.000840284 -0.220713 0)
(-0.00130736 -0.267011 0)
(-0.01067 -0.340696 0)
(-0.00460306 -0.363105 0)
(0.00914122 0.0852999 0)
(0.0229709 0.150378 0)
(0.0340746 0.185386 0)
(0.0424226 0.204761 0)
(0.0494158 0.214203 0)
(0.0545429 0.21289 0)
(0.0568625 0.200807 0)
(0.0567306 0.182256 0)
(0.0554768 0.162106 0)
(0.0541558 0.1432 0)
(0.053237 0.126399 0)
(0.0527857 0.111514 0)
(0.0526863 0.0980604 0)
(0.0527877 0.0856118 0)
(0.0529633 0.0738767 0)
(0.0531198 0.0626694 0)
(0.0531907 0.0518665 0)
(0.0531275 0.0413756 0)
(0.0528926 0.0311174 0)
(0.0524563 0.0210178 0)
(0.0517959 0.0110023 0)
(0.0508916 0.000995265 0)
(0.0497247 -0.00908094 0)
(0.0482791 -0.0193094 0)
(0.0465415 -0.0297831 0)
(0.044513 -0.040607 0)
(0.0421951 -0.0519003 0)
(0.0395926 -0.0638037 0)
(0.0367163 -0.0764819 0)
(0.0335811 -0.0901213 0)
(0.0302011 -0.1049 0)
(0.0266014 -0.120941 0)
(0.0227858 -0.138192 0)
(0.0188855 -0.156387 0)
(0.0144511 -0.175136 0)
(0.0111129 -0.194136 0)
(0.00405515 -0.21593 0)
(0.00174491 -0.261214 0)
(-0.00944349 -0.337865 0)
(-0.00375391 -0.370556 0)
(0.00884682 0.0690318 0)
(0.0249983 0.135908 0)
(0.0385483 0.174773 0)
(0.0487574 0.196344 0)
(0.0571089 0.207391 0)
(0.0635998 0.208531 0)
(0.0672314 0.199357 0)
(0.0679781 0.182828 0)
(0.0670398 0.163424 0)
(0.0656736 0.144398 0)
(0.0645904 0.127144 0)
(0.0640025 0.11181 0)
(0.0638468 0.0980438 0)
(0.0639685 0.0854337 0)
(0.0642159 0.0736595 0)
(0.0644697 0.0625029 0)
(0.0646418 0.0518156 0)
(0.0646682 0.0414883 0)
(0.0645 0.031431 0)
(0.0640994 0.0215624 0)
(0.0634379 0.011803 0)
(0.0624915 0.00207181 0)
(0.0612389 -0.00771101 0)
(0.0596611 -0.0176325 0)
(0.0577422 -0.0277923 0)
(0.0554815 -0.0383002 0)
(0.0528792 -0.0492798 0)
(0.0499376 -0.060877 0)
(0.0466646 -0.0732596 0)
(0.0430684 -0.0866151 0)
(0.0391552 -0.10112 0)
(0.0349374 -0.116903 0)
(0.0303912 -0.133918 0)
(0.0256341 -0.151878 0)
(0.0202101 -0.170389 0)
(0.0157741 -0.189036 0)
(0.00722726 -0.210084 0)
(0.0046724 -0.254616 0)
(-0.00853218 -0.333879 0)
(-0.00298301 -0.377106 0)
(0.0077858 0.0525826 0)
(0.0256261 0.119017 0)
(0.0416868 0.161801 0)
(0.0540391 0.186305 0)
(0.0638904 0.19922 0)
(0.0718055 0.202713 0)
(0.0769994 0.196592 0)
(0.0790712 0.182608 0)
(0.0788731 0.164493 0)
(0.0777174 0.145667 0)
(0.0765595 0.12805 0)
(0.075826 0.112226 0)
(0.0755689 0.0980668 0)
(0.0756663 0.0852228 0)
(0.0759558 0.0733627 0)
(0.0762929 0.0622359 0)
(0.0765651 0.0516638 0)
(0.0766885 0.0415151 0)
(0.0766001 0.0316844 0)
(0.076251 0.0220802 0)
(0.0756068 0.0126153 0)
(0.0746365 0.00320269 0)
(0.0733158 -0.00624021 0)
(0.0716237 -0.0158061 0)
(0.0695419 -0.0256015 0)
(0.0670638 -0.0357402 0)
(0.064189 -0.0463504 0)
(0.0609154 -0.0575819 0)
(0.0572456 -0.0696039 0)
(0.0531777 -0.0826024 0)
(0.0487053 -0.0967484 0)
(0.0438246 -0.112167 0)
(0.0384828 -0.12881 0)
(0.032784 -0.146394 0)
(0.0262552 -0.164515 0)
(0.0205834 -0.18268 0)
(0.0104124 -0.203052 0)
(0.00751741 -0.247026 0)
(-0.00790673 -0.328749 0)
(-0.0022058 -0.382973 0)
(0.00602755 0.0369366 0)
(0.0247411 0.100267 0)
(0.0430016 0.146283 0)
(0.0577703 0.174289 0)
(0.0694012 0.189571 0)
(0.078838 0.195346 0)
(0.0857597 0.192188 0)
(0.0895754 0.181105 0)
(0.0906649 0.164881 0)
(0.0901731 0.146756 0)
(0.0892053 0.129034 0)
(0.0884255 0.112776 0)
(0.0880686 0.0981755 0)
(0.0881053 0.0850233 0)
(0.0883972 0.0730159 0)
(0.0887889 0.0618824 0)
(0.0891457 0.0514131 0)
(0.0893623 0.0414493 0)
(0.0893582 0.031865 0)
(0.0890724 0.0225552 0)
(0.0884598 0.0134206 0)
(0.0874846 0.00436845 0)
(0.0861157 -0.0046883 0)
(0.0843302 -0.0138514 0)
(0.0821099 -0.0232307 0)
(0.0794345 -0.032944 0)
(0.0763044 -0.0431247 0)
(0.07271 -0.0539245 0)
(0.0686444 -0.0655102 0)
(0.0640897 -0.0780622 0)
(0.0590241 -0.091742 0)
(0.0534241 -0.106668 0)
(0.0471977 -0.122786 0)
(0.0404431 -0.139824 0)
(0.0326699 -0.157378 0)
(0.0256106 -0.174919 0)
(0.0136479 -0.19471 0)
(0.0103227 -0.23838 0)
(-0.00755635 -0.322321 0)
(-0.00134975 -0.388242 0)
(0.00392643 0.0230964 0)
(0.0223133 0.0805338 0)
(0.0421665 0.12836 0)
(0.0593836 0.16005 0)
(0.0730831 0.178156 0)
(0.0842205 0.186276 0)
(0.0929983 0.185877 0)
(0.0989012 0.177815 0)
(0.101874 0.164004 0)
(0.102685 0.147197 0)
(0.102405 0.129826 0)
(0.101877 0.113359 0)
(0.101549 0.0983674 0)
(0.101551 0.084872 0)
(0.101824 0.0726601 0)
(0.102238 0.0614731 0)
(0.102651 0.0510805 0)
(0.102942 0.0412957 0)
(0.103015 0.0319692 0)
(0.102794 0.0229763 0)
(0.102221 0.0142032 0)
(0.101254 0.00555103 0)
(0.0998569 -0.00307779 0)
(0.0979997 -0.0117922 0)
(0.095662 -0.0207034 0)
(0.0928136 -0.0299332 0)
(0.089447 -0.0396189 0)
(0.085541 -0.0499103 0)
(0.0810737 -0.0609678 0)
(0.0760053 -0.0729625 0)
(0.0702954 -0.0860449 0)
(0.0638919 -0.10032 0)
(0.0566604 -0.115726 0)
(0.0487071 -0.132026 0)
(0.0395234 -0.148817 0)
(0.0308801 -0.165594 0)
(0.0168994 -0.184987 0)
(0.0132585 -0.228733 0)
(-0.00737741 -0.314511 0)
(-0.000370421 -0.392953 0)
(0.00187226 0.0119253 0)
(0.0184274 0.0610136 0)
(0.0389922 0.108456 0)
(0.0583604 0.143492 0)
(0.074352 0.164787 0)
(0.0873966 0.175365 0)
(0.0981504 0.177481 0)
(0.106367 0.172294 0)
(0.111745 0.161199 0)
(0.11459 0.146316 0)
(0.115721 0.129905 0)
(0.116006 0.113662 0)
(0.116066 0.0985047 0)
(0.116217 0.0847392 0)
(0.116539 0.072317 0)
(0.11698 0.0610444 0)
(0.11743 0.0506987 0)
(0.117773 0.0410772 0)
(0.117904 0.0320079 0)
(0.117737 0.0233434 0)
(0.117201 0.0149565 0)
(0.116248 0.00673605 0)
(0.114832 -0.00142903 0)
(0.112919 -0.00965067 0)
(0.11048 -0.0180417 0)
(0.107475 -0.0267272 0)
(0.103879 -0.0358426 0)
(0.0996536 -0.0455326 0)
(0.0947579 -0.0559489 0)
(0.0891249 -0.0672503 0)
(0.0826894 -0.0795737 0)
(0.0753602 -0.0930022 0)
(0.0669666 -0.107475 0)
(0.0576421 -0.12282 0)
(0.0468471 -0.138632 0)
(0.0363953 -0.154525 0)
(0.0202094 -0.173805 0)
(0.0164599 -0.218046 0)
(-0.00729005 -0.305298 0)
(0.000853462 -0.3973 0)
(0.000918776 0.00451292 0)
(0.013801 0.0426921 0)
(0.0337849 0.0876362 0)
(0.0543924 0.124685 0)
(0.0725095 0.149223 0)
(0.087682 0.162403 0)
(0.100555 0.166853 0)
(0.111224 0.164234 0)
(0.119377 0.155857 0)
(0.124937 0.143324 0)
(0.128317 0.128509 0)
(0.130219 0.113089 0)
(0.13131 0.0982006 0)
(0.132054 0.084418 0)
(0.132693 0.071902 0)
(0.133299 0.0605809 0)
(0.133843 0.0502848 0)
(0.134251 0.04082 0)
(0.134432 0.0320038 0)
(0.134305 0.0236748 0)
(0.133797 0.0156905 0)
(0.132849 0.00792509 0)
(0.131409 0.000255879 0)
(0.129434 -0.00743159 0)
(0.126884 -0.0152513 0)
(0.123714 -0.0233235 0)
(0.119861 -0.0317795 0)
(0.115273 -0.0407584 0)
(0.109885 -0.0504003 0)
(0.1036 -0.0608462 0)
(0.096318 -0.0722062 0)
(0.0878998 -0.0845464 0)
(0.0781719 -0.0978395 0)
(0.0672823 -0.111989 0)
(0.0546275 -0.126574 0)
(0.0421014 -0.14152 0)
(0.0236569 -0.161074 0)
(0.0200492 -0.206371 0)
(-0.00728593 -0.294742 0)
(0.0024229 -0.401488 0)
(0.000892435 -0.000984879 0)
(0.00946492 0.0268903 0)
(0.0271898 0.0675895 0)
(0.0474051 0.104543 0)
(0.0669935 0.131489 0)
(0.0843186 0.147244 0)
(0.099456 0.15385 0)
(0.112704 0.153444 0)
(0.123832 0.147528 0)
(0.132584 0.137474 0)
(0.138986 0.124747 0)
(0.143409 0.110794 0)
(0.146399 0.0967741 0)
(0.148463 0.0834314 0)
(0.149963 0.0711206 0)
(0.151106 0.0599242 0)
(0.151978 0.049767 0)
(0.152583 0.0405021 0)
(0.152885 0.0319631 0)
(0.152825 0.0239879 0)
(0.152348 0.0164267 0)
(0.151393 0.00914119 0)
(0.149905 0.00200284 0)
(0.147829 -0.00510348 0)
(0.145118 -0.0122921 0)
(0.141711 -0.0196754 0)
(0.137535 -0.0273757 0)
(0.132501 -0.0355182 0)
(0.126517 -0.0442246 0)
(0.119449 -0.0536136 0)
(0.111166 -0.0637737 0)
(0.101501 -0.0747772 0)
(0.0902931 -0.0866423 0)
(0.0776292 -0.0993005 0)
(0.0628561 -0.112391 0)
(0.0480706 -0.126396 0)
(0.0274763 -0.146646 0)
(0.0241467 -0.193602 0)
(-0.00748304 -0.282619 0)
(0.00443832 -0.405203 0)
(0.000918072 -0.00554005 0)
(0.00596524 0.0149252 0)
(0.0197811 0.0501315 0)
(0.0377406 0.0846584 0)
(0.0574679 0.112137 0)
(0.0765852 0.129825 0)
(0.0941114 0.138344 0)
(0.110035 0.139805 0)
(0.12424 0.135987 0)
(0.136396 0.12825 0)
(0.146305 0.117809 0)
(0.15401 0.10582 0)
(0.159797 0.0932917 0)
(0.164069 0.0809829 0)
(0.167212 0.0693616 0)
(0.169523 0.0586438 0)
(0.171193 0.0488662 0)
(0.172327 0.0399577 0)
(0.172967 0.0317949 0)
(0.173108 0.0242415 0)
(0.17273 0.0171578 0)
(0.171791 0.0104047 0)
(0.170243 0.00385531 0)
(0.168026 -0.00260439 0)
(0.165086 -0.00908447 0)
(0.161352 -0.0156891 0)
(0.156746 -0.0225197 0)
(0.151146 -0.0296827 0)
(0.144434 -0.0372778 0)
(0.136453 -0.0454039 0)
(0.127049 -0.0541474 0)
(0.116038 -0.0635766 0)
(0.103233 -0.0737384 0)
(0.0886456 -0.0845733 0)
(0.0716837 -0.0960035 0)
(0.0547847 -0.109249 0)
(0.0324007 -0.130625 0)
(0.0292906 -0.179682 0)
(-0.00752795 -0.268019 0)
(0.00732097 -0.40693 0)
(0.000684163 -0.00830606 0)
(0.00269408 0.00716317 0)
(0.0111652 0.0365427 0)
(0.0256455 0.0667147 0)
(0.0440033 0.0923506 0)
(0.0640215 0.110359 0)
(0.0838287 0.120219 0)
(0.102547 0.123229 0)
(0.119866 0.121169 0)
(0.135458 0.11548 0)
(0.148995 0.107273 0)
(0.160336 0.0974868 0)
(0.16953 0.0869159 0)
(0.176784 0.0762143 0)
(0.182389 0.065849 0)
(0.186636 0.0560996 0)
(0.18977 0.0470897 0)
(0.191969 0.0388301 0)
(0.193352 0.0312604 0)
(0.193986 0.0242825 0)
(0.193906 0.0177887 0)
(0.193103 0.0116653 0)
(0.191551 0.00579556 0)
(0.189205 7.467e-05 0)
(0.186008 -0.00559226 0)
(0.181889 -0.0112961 0)
(0.176764 -0.0171232 0)
(0.170518 -0.0231508 0)
(0.163018 -0.0294635 0)
(0.15409 -0.0361344 0)
(0.143546 -0.0432405 0)
(0.131191 -0.0508372 0)
(0.116812 -0.0590122 0)
(0.100445 -0.0678364 0)
(0.0816835 -0.0777493 0)
(0.0634163 -0.0908037 0)
(0.040005 -0.113992 0)
(0.0373132 -0.165082 0)
(-0.00548188 -0.250089 0)
(0.0122791 -0.405381 0)
(-0.00185658 -0.00714619 0)
(-0.00326431 0.00638706 0)
(-9.95543e-05 0.0284053 0)
(0.0104685 0.0522918 0)
(0.026749 0.0735046 0)
(0.0466928 0.089641 0)
(0.0682735 0.0995301 0)
(0.0897748 0.103583 0)
(0.110211 0.103015 0)
(0.129097 0.099118 0)
(0.146099 0.0929543 0)
(0.16098 0.085332 0)
(0.173668 0.0769111 0)
(0.184213 0.0682105 0)
(0.192771 0.0596146 0)
(0.199553 0.0513815 0)
(0.204778 0.0436586 0)
(0.208641 0.0365023 0)
(0.211299 0.029905 0)
(0.212874 0.0238166 0)
(0.213448 0.0181674 0)
(0.21306 0.0128773 0)
(0.211718 0.00786101 0)
(0.209411 0.00303605 0)
(0.206099 -0.00167928 0)
(0.201722 -0.00635527 0)
(0.196197 -0.0110609 0)
(0.189425 -0.0158481 0)
(0.181271 -0.0207664 0)
(0.171581 -0.0258458 0)
(0.160138 -0.0311472 0)
(0.146782 -0.0367399 0)
(0.131345 -0.042801 0)
(0.113957 -0.0496836 0)
(0.0944552 -0.0584778 0)
(0.0760989 -0.0721427 0)
(0.0527243 -0.0980948 0)
(0.0517824 -0.150243 0)
(0.0010961 -0.229598 0)
(0.0208949 -0.403073 0)
(-0.00735757 -0.0094869 0)
(-0.0184345 0.00245183 0)
(-0.0175544 0.0214671 0)
(-0.00971685 0.0398922 0)
(0.00521025 0.0558573 0)
(0.0253023 0.0682266 0)
(0.0481681 0.0765935 0)
(0.0721164 0.0808175 0)
(0.0956183 0.0814621 0)
(0.117668 0.0792913 0)
(0.137802 0.0751424 0)
(0.155791 0.0696844 0)
(0.171535 0.063472 0)
(0.185045 0.0569197 0)
(0.196408 0.0503361 0)
(0.20576 0.0439375 0)
(0.213267 0.0378606 0)
(0.219095 0.0321759 0)
(0.223401 0.0269011 0)
(0.226328 0.0220176 0)
(0.227964 0.0174871 0)
(0.228387 0.013265 0)
(0.227647 0.0092982 0)
(0.225765 0.0055322 0)
(0.222738 0.00190949 0)
(0.218536 -0.00161556 0)
(0.213109 -0.00508116 0)
(0.206404 -0.00851544 0)
(0.198308 -0.0119342 0)
(0.18869 -0.015333 0)
(0.17743 -0.0187699 0)
(0.164417 -0.0223517 0)
(0.149567 -0.0263616 0)
(0.133003 -0.0314587 0)
(0.114762 -0.0393693 0)
(0.0978721 -0.0537034 0)
(0.0750744 -0.0815835 0)
(0.0762167 -0.131689 0)
(0.00969827 -0.206688 0)
(0.0345505 -0.404027 0)
(-0.0150539 0.0253531 0)
(-0.0317506 0.0294008 0)
(-0.0368632 0.031668 0)
(-0.0324835 0.0358002 0)
(-0.0193203 0.0420124 0)
(0.000369163 0.0485369 0)
(0.0244766 0.0539382 0)
(0.0502857 0.0573776 0)
(0.0763268 0.0586992 0)
(0.10128 0.0580783 0)
(0.124339 0.0558743 0)
(0.14518 0.052548 0)
(0.163669 0.0485105 0)
(0.179801 0.0441019 0)
(0.19365 0.0395787 0)
(0.205336 0.0351234 0)
(0.215008 0.0308543 0)
(0.222822 0.0268297 0)
(0.228937 0.023082 0)
(0.233473 0.0196177 0)
(0.236559 0.0164267 0)
(0.238304 0.013482 0)
(0.238791 0.010749 0)
(0.238081 0.00819264 0)
(0.23621 0.0057798 0)
(0.2332 0.00348359 0)
(0.229053 0.00128273 0)
(0.223757 -0.000835404 0)
(0.217348 -0.0028991 0)
(0.209877 -0.00495959 0)
(0.201344 -0.00705003 0)
(0.191822 -0.00930247 0)
(0.181242 -0.0120124 0)
(0.169758 -0.0159048 0)
(0.156521 -0.0225065 0)
(0.142193 -0.0348928 0)
(0.118577 -0.058451 0)
(0.114602 -0.0986717 0)
(0.0123928 -0.172487 0)
(0.0605251 -0.393276 0)
(-0.0201087 0.0129644 0)
(-0.0423538 -0.00114456 0)
(-0.0413619 0.0013802 0)
(-0.0326176 0.00743276 0)
(-0.0180335 0.0128534 0)
(0.00102811 0.0176882 0)
(0.0239151 0.0222264 0)
(0.0484166 0.0261139 0)
(0.0737645 0.0288759 0)
(0.0989477 0.0303696 0)
(0.12312 0.030613 0)
(0.145737 0.0298322 0)
(0.166481 0.0283231 0)
(0.185189 0.0263607 0)
(0.201826 0.0241634 0)
(0.216436 0.0218919 0)
(0.229122 0.0196503 0)
(0.240011 0.0175117 0)
(0.249245 0.0155062 0)
(0.256966 0.0136391 0)
(0.26331 0.0119081 0)
(0.268397 0.0103035 0)
(0.272331 0.00881139 0)
(0.2752 0.00741734 0)
(0.277079 0.00610825 0)
(0.278033 0.00487162 0)
(0.278114 0.00369389 0)
(0.277365 0.00255856 0)
(0.275796 0.0014372 0)
(0.273414 0.000279586 0)
(0.270214 -0.000951554 0)
(0.266203 -0.00231161 0)
(0.261214 -0.00400575 0)
(0.255045 -0.00643043 0)
(0.246228 -0.0101386 0)
(0.23409 -0.0163439 0)
(0.208094 -0.0265576 0)
(0.18685 -0.0460065 0)
(0.0352934 -0.107727 0)
(0.142976 -0.315688 0)
(0.0532863 0.116649 0)
(0.0766034 0.0932764 0)
(0.100875 0.0566496 0)
(0.121373 0.0330882 0)
(0.136108 0.020092 0)
(0.148795 0.0130584 0)
(0.16256 0.00935629 0)
(0.178387 0.00761334 0)
(0.196176 0.00704634 0)
(0.21529 0.00709877 0)
(0.235009 0.00737682 0)
(0.254684 0.00764932 0)
(0.273785 0.0078086 0)
(0.29193 0.00782147 0)
(0.308871 0.00769448 0)
(0.324482 0.00745107 0)
(0.33872 0.00712059 0)
(0.351602 0.006729 0)
(0.363174 0.00629973 0)
(0.373509 0.00585066 0)
(0.382679 0.00539387 0)
(0.390757 0.00493699 0)
(0.397811 0.00448457 0)
(0.403901 0.00403896 0)
(0.40908 0.00360049 0)
(0.413389 0.00316731 0)
(0.41686 0.00273494 0)
(0.419514 0.00229657 0)
(0.421365 0.00184645 0)
(0.422417 0.00138509 0)
(0.422661 0.000889404 0)
(0.42201 0.00035751 0)
(0.420239 -0.000278812 0)
(0.417102 -0.00110254 0)
(0.411665 -0.00220005 0)
(0.404732 -0.00354101 0)
(0.388513 -0.0050274 0)
(0.379744 -0.00663249 0)
(0.279621 -0.0171743 0)
(0.453289 -0.126764 0)
)
;

boundaryField
{
    movingWall
    {
        type            fixedValue;
        value           uniform (1 0 0);
    }
    fixedWalls
    {
        type            noSlip;
    }
    frontAndBack
    {
        type            empty;
    }
}


// ************************************************************************* //
