/*--------------------------------*- C++ -*----------------------------------*\
| =========                 |                                                 |
| \\      /  F ield         | OpenFOAM: The Open Source CFD Toolbox           |
|  \\    /   O peration     | Version:  2412                                  |
|   \\  /    A nd           | Website:  www.openfoam.com                      |
|    \\/     M anipulation  |                                                 |
\*---------------------------------------------------------------------------*/
FoamFile
{
    version     2.0;
    format      ascii;
    arch        "LSB;label=32;scalar=64";
    class       volScalarField;
    location    "2";
    object      k;
}
// * * * * * * * * * * * * * * * * * * * * * * * * * * * * * * * * * * * * * //

dimensions      [0 2 -2 0 0 0 0];

internalField   nonuniform List<scalar> 
400
(
6.52659e-05
0.000104494
0.000157434
0.000214926
0.000278055
0.00034772
0.000421027
0.000491218
0.000551249
0.000596108
0.000619493
0.000626985
0.000612755
0.000578395
0.000520983
0.000433989
0.000318684
0.000192751
0.0001002
6.51409e-05
9.6373e-05
0.000155377
0.000208334
0.000255494
0.000303903
0.000355918
0.000411054
0.000470706
0.000540064
0.000616287
0.000694729
0.000783122
0.000878902
0.000952177
0.000983215
0.000942515
0.000774429
0.000495633
0.000207554
8.98797e-05
0.00015129
0.00024303
0.00031285
0.000358439
0.000395322
0.00043574
0.000494957
0.000581166
0.000700051
0.000851234
0.000991351
0.00108671
0.00115183
0.00121447
0.00128325
0.00131456
0.00130455
0.00107609
0.000486655
0.000153153
0.000208771
0.000323091
0.000414827
0.000478848
0.000533045
0.000596467
0.000691534
0.000831763
0.000988398
0.00106244
0.00108862
0.00110071
0.0011314
0.00118208
0.00126433
0.0013638
0.0014741
0.0015343
0.00120293
0.0004429
0.000265572
0.000391983
0.000502702
0.000584332
0.000660586
0.000754627
0.000887909
0.00101395
0.00105236
0.00104465
0.00100125
0.000951681
0.000938547
0.000975863
0.00107501
0.00121957
0.00144578
0.00167039
0.00178283
0.0011892
0.000319394
0.000446198
0.000572078
0.000669901
0.000766427
0.000883942
0.00101415
0.00106098
0.0010417
0.000947037
0.000836351
0.00080747
0.000810055
0.000878172
0.000969738
0.00110949
0.00131819
0.00166539
0.0020396
0.00214246
0.000368452
0.00048477
0.000621198
0.00073301
0.000845852
0.000974828
0.00106659
0.00107838
0.000995039
0.000816391
0.000744611
0.000730055
0.000746598
0.000814463
0.000911606
0.00106082
0.0012665
0.00157036
0.00212808
0.00281838
0.000411192
0.000508418
0.000650535
0.000772676
0.000896118
0.00102615
0.00108819
0.00107211
0.000924412
0.000744216
0.000680551
0.0006635
0.000662665
0.000706168
0.000823231
0.00101497
0.00124781
0.0015596
0.00212939
0.00320645
0.000446692
0.000519978
0.000662391
0.000791472
0.000921949
0.00104948
0.00110264
0.0010729
0.000905921
0.000703235
0.000625686
0.000597736
0.000585928
0.000616951
0.000755925
0.000996305
0.00124736
0.00158404
0.00214757
0.00346811
0.000473476
0.000519301
0.000659128
0.000788704
0.000919558
0.00104738
0.00111222
0.00108488
0.00092534
0.00071378
0.00061003
0.000560871
0.000543
0.00058373
0.000732134
0.00100532
0.00129729
0.00163861
0.00221181
0.00366897
0.000491684
0.000515145
0.000649233
0.000778027
0.000908319
0.00103583
0.00111766
0.0011122
0.000985076
0.000766588
0.000634701
0.000572264
0.000557754
0.000600517
0.00076322
0.00109039
0.00137759
0.00168465
0.00230197
0.00386386
0.000500583
0.000505997
0.000631606
0.000757585
0.000885332
0.00101227
0.00111399
0.0011455
0.00108049
0.000906128
0.000728144
0.000637287
0.000635379
0.000695667
0.000884931
0.00121102
0.0014524
0.00170459
0.00237502
0.00407104
0.00049876
0.000492418
0.000609957
0.000733321
0.000857324
0.000982508
0.00109818
0.00116432
0.00115017
0.00108023
0.000941708
0.000821984
0.000819856
0.000881888
0.00106334
0.00131367
0.00148479
0.00170493
0.00243362
0.0043148
0.00049138
0.000476875
0.000587294
0.000708855
0.000829698
0.000951461
0.00106897
0.00116098
0.00119745
0.00118089
0.00112736
0.00104637
0.00103343
0.00107481
0.00118592
0.00135017
0.00147945
0.00161537
0.00245838
0.00461018
0.000474368
0.000457814
0.000565012
0.000686961
0.000806369
0.00092478
0.00104007
0.00114238
0.00120283
0.00122008
0.00120616
0.00116921
0.00114705
0.00116242
0.00121698
0.00131909
0.00137764
0.00143634
0.00246429
0.00498243
0.000461901
0.000443868
0.00055104
0.00067258
0.000788696
0.000901707
0.00101073
0.00110868
0.00118175
0.00121234
0.00120685
0.00118641
0.00115582
0.00115127
0.00116739
0.00120525
0.00120969
0.00125343
0.00245636
0.00546231
0.000433555
0.00042402
0.000532948
0.000649229
0.000758637
0.000862491
0.000960113
0.00104749
0.00111846
0.0011602
0.00116305
0.00114971
0.00111997
0.00109199
0.0010893
0.00110506
0.00110629
0.00118683
0.00257131
0.00609391
0.00047304
0.00044695
0.000567933
0.000674448
0.000774549
0.000870523
0.000961048
0.00103979
0.00110372
0.00114854
0.00116673
0.00116211
0.00114707
0.00112642
0.00110971
0.00111379
0.00113375
0.00141409
0.00303759
0.00703397
0.000681399
0.000813966
0.00110602
0.00130456
0.00145592
0.00158496
0.00169641
0.00179421
0.00187668
0.00194748
0.00200819
0.00206148
0.00211216
0.00218286
0.00225335
0.00240068
0.00258977
0.00335571
0.00454979
0.00856067
0.00418769
0.00650982
0.00837148
0.00941723
0.0100035
0.0103457
0.010528
0.0106201
0.010624
0.0106087
0.0105726
0.0105267
0.0104868
0.0104625
0.0104709
0.0105087
0.0106466
0.0106901
0.0113184
0.0102992
)
;

boundaryField
{
    movingWall
    {
        type            kqRWallFunction;
        value           nonuniform List<scalar> 
20
(
0.00418769
0.00650982
0.00837148
0.00941723
0.0100035
0.0103457
0.010528
0.0106201
0.010624
0.0106087
0.0105726
0.0105267
0.0104868
0.0104625
0.0104709
0.0105087
0.0106466
0.0106901
0.0113184
0.0102992
)
;
    }
    fixedWalls
    {
        type            kqRWallFunction;
        value           nonuniform List<scalar> 
60
(
6.52659e-05
9.6373e-05
0.00015129
0.000208771
0.000265572
0.000319394
0.000368452
0.000411192
0.000446692
0.000473476
0.000491684
0.000500583
0.00049876
0.00049138
0.000474368
0.000461901
0.000433555
0.00047304
0.000681399
0.00418769
6.51409e-05
8.98797e-05
0.000153153
0.0004429
0.0011892
0.00214246
0.00281838
0.00320645
0.00346811
0.00366897
0.00386386
0.00407104
0.0043148
0.00461018
0.00498243
0.00546231
0.00609391
0.00703397
0.00856067
0.0102992
6.52659e-05
0.000104494
0.000157434
0.000214926
0.000278055
0.00034772
0.000421027
0.000491218
0.000551249
0.000596108
0.000619493
0.000626985
0.000612755
0.000578395
0.000520983
0.000433989
0.000318684
0.000192751
0.0001002
6.51409e-05
)
;
    }
    frontAndBack
    {
        type            empty;
    }
}


// ************************************************************************* //
