/*--------------------------------*- C++ -*----------------------------------*\
| =========                 |                                                 |
| \\      /  F ield         | OpenFOAM: The Open Source CFD Toolbox           |
|  \\    /   O peration     | Version:  2412                                  |
|   \\  /    A nd           | Website:  www.openfoam.com                      |
|    \\/     M anipulation  |                                                 |
\*---------------------------------------------------------------------------*/
FoamFile
{
    version     2.0;
    format      ascii;
    arch        "LSB;label=32;scalar=64";
    class       surfaceScalarField;
    location    "2";
    object      phi;
}
// * * * * * * * * * * * * * * * * * * * * * * * * * * * * * * * * * * * * * //

dimensions      [0 3 -1 0 0 0 0];

oriented        oriented;

internalField   nonuniform List<scalar> 
760
(
-6.30041e-08
6.30065e-08
-2.22322e-07
1.59318e-07
-4.36812e-07
2.14489e-07
-6.79511e-07
2.42699e-07
-9.4994e-07
2.70429e-07
-1.25189e-06
3.01948e-07
-1.58195e-06
3.30061e-07
-1.93232e-06
3.50368e-07
-2.29076e-06
3.58443e-07
-2.62992e-06
3.39156e-07
-2.89762e-06
2.67707e-07
-3.02585e-06
1.28225e-07
-2.94837e-06
-7.74802e-08
-2.61672e-06
-3.31646e-07
-2.04549e-06
-5.7123e-07
-1.32343e-06
-7.22062e-07
-6.20825e-07
-7.02604e-07
-1.33634e-07
-4.87191e-07
4.80358e-08
-1.8167e-07
4.80359e-08
-1.70504e-07
2.33511e-07
-4.44328e-07
4.33142e-07
-7.76145e-07
5.46306e-07
-1.14197e-06
6.08527e-07
-1.52695e-06
6.55408e-07
-1.91719e-06
6.92183e-07
-2.30873e-06
7.21608e-07
-2.71382e-06
7.55454e-07
-3.14274e-06
7.87363e-07
-3.57787e-06
7.74287e-07
-3.96024e-06
6.50074e-07
-4.19744e-06
3.65424e-07
-4.20806e-06
-6.68602e-08
-3.89903e-06
-6.40674e-07
-3.27031e-06
-1.19995e-06
-2.37479e-06
-1.61759e-06
-1.3507e-06
-1.72669e-06
-4.74198e-07
-1.36369e-06
-2.73767e-08
-6.28491e-07
2.06593e-08
-2.56078e-07
4.89589e-07
-5.81609e-07
7.58673e-07
-9.50295e-07
9.14993e-07
-1.35349e-06
1.01172e-06
-1.77376e-06
1.07569e-06
-2.20126e-06
1.11968e-06
-2.65742e-06
1.17776e-06
-3.18549e-06
1.28353e-06
-3.80892e-06
1.41079e-06
-4.49492e-06
1.46029e-06
-5.14764e-06
1.30279e-06
-5.63776e-06
8.55546e-07
-5.82893e-06
1.24304e-07
-5.66189e-06
-8.07712e-07
-5.07871e-06
-1.78313e-06
-4.0791e-06
-2.61719e-06
-2.72717e-06
-3.07863e-06
-1.25068e-06
-2.84018e-06
-2.02812e-07
-1.67636e-06
-1.82153e-07
-3.05768e-07
7.95357e-07
-6.5737e-07
1.11028e-06
-1.03495e-06
1.29257e-06
-1.4407e-06
1.41747e-06
-1.87257e-06
1.50755e-06
-2.34525e-06
1.59236e-06
-2.90886e-06
1.74138e-06
-3.62196e-06
1.99663e-06
-4.49191e-06
2.28075e-06
-5.42161e-06
2.38999e-06
-6.23649e-06
2.11767e-06
-6.78235e-06
1.40141e-06
-6.98511e-06
3.27059e-07
-6.8942e-06
-8.98622e-07
-6.49794e-06
-2.17939e-06
-5.69946e-06
-3.41567e-06
-4.3987e-06
-4.37939e-06
-2.60564e-06
-4.63324e-06
-7.70797e-07
-3.5112e-06
-9.5295e-07
-3.20965e-07
1.11632e-06
-6.74443e-07
1.46375e-06
-1.04201e-06
1.66013e-06
-1.43409e-06
1.80955e-06
-1.86519e-06
1.93865e-06
-2.37003e-06
2.0972e-06
-3.01035e-06
2.3817e-06
-3.83156e-06
2.81783e-06
-4.7754e-06
3.22459e-06
-5.67153e-06
3.28612e-06
-6.34651e-06
2.79265e-06
-6.72426e-06
1.77916e-06
-6.83273e-06
4.35531e-07
-6.74481e-06
-9.86547e-07
-6.51959e-06
-2.40461e-06
-6.12651e-06
-3.80875e-06
-5.34143e-06
-5.16447e-06
-3.83706e-06
-6.13761e-06
-1.60909e-06
-5.73917e-06
-2.56204e-06
-3.0607e-07
1.42239e-06
-6.38956e-07
1.79664e-06
-9.78951e-07
2.00013e-06
-1.34153e-06
2.17213e-06
-1.75187e-06
2.34899e-06
-2.25117e-06
2.59651e-06
-2.8913e-06
3.02183e-06
-3.67743e-06
3.60396e-06
-4.49586e-06
4.04302e-06
-5.17321e-06
3.96347e-06
-5.56296e-06
3.1824e-06
-5.6312e-06
1.84741e-06
-5.49825e-06
3.02572e-07
-5.29834e-06
-1.18646e-06
-5.14944e-06
-2.5535e-06
-5.08293e-06
-3.87526e-06
-4.92989e-06
-5.3175e-06
-4.19863e-06
-6.86888e-06
-2.32451e-06
-7.61328e-06
-4.88655e-06
-2.67642e-07
1.69004e-06
-5.60403e-07
2.0894e-06
-8.56509e-07
2.29624e-06
-1.17134e-06
2.48696e-06
-1.53075e-06
2.7084e-06
-1.96582e-06
3.03158e-06
-2.50257e-06
3.55857e-06
-3.11794e-06
4.21933e-06
-3.69124e-06
4.61632e-06
-4.09266e-06
4.36489e-06
-4.23294e-06
3.32268e-06
-4.14518e-06
1.75965e-06
-3.94177e-06
9.91587e-08
-3.70005e-06
-1.42818e-06
-3.48979e-06
-2.76375e-06
-3.43067e-06
-3.93439e-06
-3.55947e-06
-5.1887e-06
-3.5384e-06
-6.88994e-06
-2.44843e-06
-8.70325e-06
-7.33498e-06
-2.12087e-07
1.90212e-06
-4.49589e-07
2.3269e-06
-6.87604e-07
2.53425e-06
-9.35697e-07
2.73506e-06
-1.21173e-06
2.98444e-06
-1.52885e-06
3.34869e-06
-1.88491e-06
3.91464e-06
-2.25324e-06
4.58766e-06
-2.55435e-06
4.91742e-06
-2.74924e-06
4.55979e-06
-2.80795e-06
3.38138e-06
-2.7627e-06
1.71441e-06
-2.63132e-06
-3.22229e-08
-2.43661e-06
-1.62289e-06
-2.20494e-06
-2.99541e-06
-2.05614e-06
-4.0832e-06
-2.12367e-06
-5.12117e-06
-2.38172e-06
-6.63189e-06
-2.04849e-06
-9.03648e-06
-9.38347e-06
-1.46238e-07
2.04836e-06
-3.18816e-07
2.49948e-06
-4.88584e-07
2.70402e-06
-6.55817e-07
2.90229e-06
-8.26396e-07
3.15502e-06
-9.95618e-07
3.51791e-06
-1.13873e-06
4.05775e-06
-1.235e-06
4.68393e-06
-1.2757e-06
4.95813e-06
-1.30361e-06
4.5877e-06
-1.33467e-06
3.41244e-06
-1.36242e-06
1.74216e-06
-1.35019e-06
-4.44548e-08
-1.26178e-06
-1.7113e-06
-1.12907e-06
-3.12812e-06
-1.04074e-06
-4.17153e-06
-1.07561e-06
-5.0863e-06
-1.32878e-06
-6.37872e-06
-1.41465e-06
-8.95061e-06
-1.07981e-05
-7.61878e-08
2.12455e-06
-1.79084e-07
2.60238e-06
-2.75793e-07
2.80073e-06
-3.57357e-07
2.98385e-06
-4.17651e-07
3.21531e-06
-4.37814e-07
3.53808e-06
-3.78271e-07
3.99821e-06
-2.26208e-07
4.53186e-06
-4.25289e-08
4.77445e-06
1.04151e-07
4.44102e-06
1.61031e-07
3.35556e-06
1.38199e-07
1.76499e-06
6.35044e-08
3.02396e-08
2.2332e-08
-1.67012e-06
-5.62292e-08
-3.04956e-06
-1.66033e-07
-4.06173e-06
-3.32212e-07
-4.92012e-06
-6.13829e-07
-6.09711e-06
-8.66773e-07
-8.69767e-06
-1.16649e-05
-8.11394e-09
2.13266e-06
-4.21863e-08
2.63645e-06
-6.69864e-08
2.82553e-06
-6.64734e-08
2.98334e-06
-2.61973e-08
3.17503e-06
7.98329e-08
3.43205e-06
2.94487e-07
3.78356e-06
6.43412e-07
4.18294e-06
1.05082e-06
4.36703e-06
1.41278e-06
4.07906e-06
1.59187e-06
3.17647e-06
1.58818e-06
1.76868e-06
1.44404e-06
1.74384e-07
1.2138e-06
-1.43989e-06
9.23056e-07
-2.75882e-06
6.02538e-07
-3.74121e-06
2.55214e-07
-4.5728e-06
-1.46801e-07
-5.69509e-06
-5.06109e-07
-8.33836e-06
-1.2171e-05
5.07553e-08
2.08191e-06
7.99514e-08
2.60725e-06
1.20095e-07
2.78538e-06
1.9102e-07
2.91242e-06
3.10346e-07
3.05571e-06
5.04174e-07
3.23822e-06
8.16205e-07
3.47152e-06
1.27372e-06
3.72542e-06
1.80971e-06
3.83105e-06
2.31241e-06
3.57636e-06
2.63676e-06
2.85212e-06
2.71256e-06
1.69288e-06
2.56487e-06
3.22071e-07
2.20118e-06
-1.07619e-06
1.71877e-06
-2.27641e-06
1.20919e-06
-3.23163e-06
6.96896e-07
-4.0605e-06
1.62077e-07
-5.16027e-06
-3.00119e-07
-7.87616e-06
-1.24711e-05
9.57744e-08
1.98613e-06
1.78174e-07
2.52485e-06
2.74046e-07
2.68951e-06
4.02869e-07
2.78359e-06
5.81667e-07
2.87691e-06
8.31568e-07
2.98832e-06
1.18433e-06
3.11876e-06
1.66636e-06
3.24339e-06
2.23379e-06
3.26361e-06
2.77703e-06
3.03313e-06
3.16697e-06
2.46218e-06
3.3014e-06
1.55845e-06
3.16469e-06
4.58779e-07
2.76871e-06
-6.80215e-07
2.21473e-06
-1.72243e-06
1.60785e-06
-2.62475e-06
9.8766e-07
-3.44032e-06
3.53585e-07
-4.5262e-06
-2.01875e-07
-7.3207e-06
-1.2673e-05
1.22164e-07
1.86397e-06
2.45764e-07
2.40125e-06
3.8757e-07
2.54771e-06
5.62907e-07
2.60825e-06
7.84439e-07
2.65538e-06
1.06647e-06
2.70629e-06
1.42766e-06
2.75757e-06
1.88379e-06
2.78726e-06
2.40969e-06
2.73772e-06
2.91741e-06
2.5254e-06
3.29566e-06
2.08393e-06
3.44617e-06
1.40794e-06
3.33532e-06
5.69628e-07
2.97994e-06
-3.24841e-07
2.44946e-06
-1.19195e-06
1.82837e-06
-2.00365e-06
1.16025e-06
-2.7722e-06
4.68052e-07
-3.834e-06
-1.79356e-07
-6.67329e-06
-1.28524e-05
1.24275e-07
1.73969e-06
2.74375e-07
2.25115e-06
4.53617e-07
2.36846e-06
6.67574e-07
2.3943e-06
9.22052e-07
2.4009e-06
1.22475e-06
2.40359e-06
1.58304e-06
2.39928e-06
1.99984e-06
2.37046e-06
2.45628e-06
2.28128e-06
2.89388e-06
2.0878e-06
3.22734e-06
1.75047e-06
3.37753e-06
1.25775e-06
3.30345e-06
6.43704e-07
3.01272e-06
-3.41069e-08
2.543e-06
-7.22224e-07
1.95469e-06
-1.41535e-06
1.28056e-06
-2.09808e-06
5.8503e-07
-3.13846e-06
-1.75937e-07
-5.91233e-06
-1.30283e-05
9.21931e-08
1.6475e-06
2.58606e-07
2.08474e-06
4.64855e-07
2.16222e-06
7.10614e-07
2.14854e-06
9.94558e-07
2.11695e-06
1.31732e-06
2.08083e-06
1.67709e-06
2.03951e-06
2.06684e-06
1.9807e-06
2.46702e-06
1.88111e-06
2.83937e-06
1.71545e-06
3.12718e-06
1.46266e-06
3.27172e-06
1.11321e-06
3.23358e-06
6.81845e-07
3.00474e-06
1.94737e-07
2.60549e-06
-3.22977e-07
2.0682e-06
-8.78058e-07
1.42886e-06
-1.45874e-06
8.27908e-07
-2.53751e-06
-3.61259e-08
-5.04829e-06
-1.30644e-05
-4.66068e-09
1.65216e-06
1.40783e-07
1.9393e-06
3.77874e-07
1.92512e-06
6.68011e-07
1.8584e-06
9.91934e-07
1.79303e-06
1.34585e-06
1.72691e-06
1.72278e-06
1.66258e-06
2.1109e-06
1.59258e-06
2.49034e-06
1.50166e-06
2.83254e-06
1.37325e-06
3.10117e-06
1.19403e-06
3.2534e-06
9.60977e-07
3.25274e-06
6.8251e-07
3.08129e-06
3.66186e-07
2.74019e-06
1.81225e-08
2.26026e-06
-3.9813e-07
1.68662e-06
-8.85094e-07
1.20996e-06
-2.06085e-06
3.03836e-07
-4.14217e-06
-1.27606e-05
-1.69006e-07
1.82117e-06
-9.36876e-10
1.77123e-06
2.73965e-07
1.65022e-06
5.88633e-07
1.54373e-06
9.57211e-07
1.42445e-06
1.36136e-06
1.32277e-06
1.78326e-06
1.24067e-06
2.20673e-06
1.16911e-06
2.61314e-06
1.09526e-06
2.97819e-06
1.0082e-06
3.27169e-06
9.00531e-07
3.46085e-06
7.71818e-07
3.5209e-06
6.22457e-07
3.4333e-06
4.53793e-07
3.18857e-06
2.62852e-07
2.82078e-06
-3.03416e-08
2.35598e-06
-4.203e-07
1.82658e-06
-1.53145e-06
7.93989e-07
-3.10957e-06
-1.19666e-05
-4.50776e-07
2.27194e-06
-2.52214e-07
1.57267e-06
3.06156e-07
1.09185e-06
9.29127e-07
9.20761e-07
1.53216e-06
8.21422e-07
2.11173e-06
7.43196e-07
2.66855e-06
6.83849e-07
3.19951e-06
6.38153e-07
3.69779e-06
5.96981e-07
4.15163e-06
5.54354e-07
4.54576e-06
5.06409e-07
4.86589e-06
4.51688e-07
5.0995e-06
3.88844e-07
5.23924e-06
3.14054e-07
5.27491e-06
2.27184e-07
5.15055e-06
9.40203e-08
4.79974e-06
-6.94916e-08
3.98162e-06
-7.13334e-07
1.93894e-06
-1.06689e-06
-1.00277e-05
2.27194e-06
3.84461e-06
4.93646e-06
5.85722e-06
6.67864e-06
7.42184e-06
8.10569e-06
8.74384e-06
9.34082e-06
9.89518e-06
1.04016e-05
1.08533e-05
1.12421e-05
1.15562e-05
1.17834e-05
1.18774e-05
1.18079e-05
1.10945e-05
1.00277e-05
)
;

boundaryField
{
    movingWall
    {
        type            calculated;
        value           uniform 0;
    }
    fixedWalls
    {
        type            calculated;
        value           uniform 0;
    }
    frontAndBack
    {
        type            empty;
    }
}


// ************************************************************************* //
