/*--------------------------------*- C++ -*----------------------------------*\
| =========                 |                                                 |
| \\      /  F ield         | OpenFOAM: The Open Source CFD Toolbox           |
|  \\    /   O peration     | Version:  2412                                  |
|   \\  /    A nd           | Website:  www.openfoam.com                      |
|    \\/     M anipulation  |                                                 |
\*---------------------------------------------------------------------------*/
FoamFile
{
    version     2.0;
    format      ascii;
    arch        "LSB;label=32;scalar=64";
    class       volVectorField;
    location    "2";
    object      U;
}
// * * * * * * * * * * * * * * * * * * * * * * * * * * * * * * * * * * * * * //

dimensions      [0 1 -1 0 0 0 0];

internalField   nonuniform List<vector> 
400
(
(-0.000271364 0.000234363 0)
(-0.00239577 0.0010832 0)
(-0.00638268 0.00161709 0)
(-0.0110213 0.00188944 0)
(-0.016153 0.00221467 0)
(-0.0218972 0.00270077 0)
(-0.0282896 0.00323644 0)
(-0.0351859 0.00364431 0)
(-0.0424135 0.00383776 0)
(-0.0496417 0.00372195 0)
(-0.0560168 0.00307069 0)
(-0.0602384 0.00163993 0)
(-0.0607475 -0.000611322 0)
(-0.0563295 -0.0033189 0)
(-0.0468877 -0.00571218 0)
(-0.0337592 -0.00708481 0)
(-0.0192962 -0.00663473 0)
(-0.00643814 -0.0041278 0)
(0.000470553 -0.00126811 0)
(0.00120205 0.000838957 0)
(-0.00134522 0.00251501 0)
(-0.00571894 0.00566598 0)
(-0.0119123 0.00741481 0)
(-0.0190142 0.00829445 0)
(-0.026636 0.00906608 0)
(-0.0344783 0.00979834 0)
(-0.0422774 0.0103311 0)
(-0.0501651 0.0107138 0)
(-0.0585444 0.0108933 0)
(-0.0674517 0.0103194 0)
(-0.0760641 0.00814374 0)
(-0.0827029 0.00390974 0)
(-0.0853665 -0.00215611 0)
(-0.0822786 -0.00925536 0)
(-0.0726596 -0.0162326 0)
(-0.0571793 -0.0209876 0)
(-0.0376489 -0.0211878 0)
(-0.0172977 -0.0155151 0)
(-0.0024896 -0.00621873 0)
(0.00111379 0.00093434 0)
(-0.00248413 0.00709084 0)
(-0.00814002 0.0118767 0)
(-0.0150021 0.0146363 0)
(-0.0228466 0.0162571 0)
(-0.0312398 0.0173467 0)
(-0.039723 0.0180366 0)
(-0.0483267 0.0186304 0)
(-0.0579521 0.0196123 0)
(-0.0695456 0.0208335 0)
(-0.0831011 0.0211766 0)
(-0.0971941 0.0188457 0)
(-0.109183 0.0120293 0)
(-0.116241 0.000432472 0)
(-0.116808 -0.0142929 0)
(-0.109066 -0.0293318 0)
(-0.0930582 -0.0409198 0)
(-0.0694293 -0.0451589 0)
(-0.0402871 -0.0375552 0)
(-0.0103423 -0.0184078 0)
(0.00124962 1.99708e-05 0)
(-0.00315096 0.0127887 0)
(-0.00957017 0.0186507 0)
(-0.0166681 0.0220876 0)
(-0.024561 0.0243399 0)
(-0.0330037 0.0258371 0)
(-0.0418629 0.0269556 0)
(-0.051817 0.0287559 0)
(-0.0643432 0.0321312 0)
(-0.0804601 0.036207 0)
(-0.099425 0.038048 0)
(-0.118049 0.0339873 0)
(-0.132227 0.0223351 0)
(-0.139422 0.0040599 0)
(-0.139955 -0.0183799 0)
(-0.135407 -0.0419431 0)
(-0.123848 -0.0631854 0)
(-0.103114 -0.0763743 0)
(-0.0717261 -0.0735319 0)
(-0.0328216 -0.0474044 0)
(-0.000594355 -0.00799091 0)
(-0.00335903 0.0190815 0)
(-0.0100182 0.0257425 0)
(-0.0169758 0.0295638 0)
(-0.0245447 0.0323076 0)
(-0.0327365 0.0344352 0)
(-0.0417576 0.0367437 0)
(-0.0527137 0.0409563 0)
(-0.0672534 0.0478277 0)
(-0.085798 0.054989 0)
(-0.105645 0.0570871 0)
(-0.12222 0.0496235 0)
(-0.13256 0.0320826 0)
(-0.136921 0.00728162 0)
(-0.136589 -0.0204779 0)
(-0.132979 -0.0488378 0)
(-0.127495 -0.0767059 0)
(-0.116864 -0.10077 0)
(-0.0945932 -0.111456 0)
(-0.0570482 -0.0911198 0)
(-0.0110482 -0.0279663 0)
(-0.00318366 0.0253856 0)
(-0.00957795 0.0326703 0)
(-0.0160453 0.0367026 0)
(-0.0229675 0.0399218 0)
(-0.0305849 0.04295 0)
(-0.0392653 0.0469862 0)
(-0.0502186 0.0541279 0)
(-0.0648031 0.0645314 0)
(-0.0821107 0.0733034 0)
(-0.0985574 0.0732157 0)
(-0.109803 0.060389 0)
(-0.113916 0.0366761 0)
(-0.111952 0.00800142 0)
(-0.107561 -0.0212779 0)
(-0.10381 -0.0495406 0)
(-0.102237 -0.0781321 0)
(-0.10157 -0.108653 0)
(-0.0940884 -0.135871 0)
(-0.0691066 -0.136979 0)
(-0.0266077 -0.0718973 0)
(-0.0027271 0.0311881 0)
(-0.0084222 0.0389998 0)
(-0.014081 0.0431386 0)
(-0.0200453 0.046791 0)
(-0.0266641 0.0508102 0)
(-0.0342318 0.056625 0)
(-0.0436645 0.0663793 0)
(-0.0557014 0.0790673 0)
(-0.0689599 0.0875458 0)
(-0.0800886 0.0841093 0)
(-0.0856302 0.065578 0)
(-0.0849257 0.0363392 0)
(-0.0807963 0.00434665 0)
(-0.0759737 -0.0253599 0)
(-0.0711726 -0.0519716 0)
(-0.0682996 -0.0767645 0)
(-0.0699426 -0.105029 0)
(-0.0730683 -0.141233 0)
(-0.0636849 -0.169496 0)
(-0.0316824 -0.123356 0)
(-0.00207695 0.0360631 0)
(-0.0067436 0.0443744 0)
(-0.0113287 0.048551 0)
(-0.0160502 0.0525227 0)
(-0.0212046 0.0573306 0)
(-0.0268718 0.0643896 0)
(-0.033431 0.0756213 0)
(-0.0412213 0.089227 0)
(-0.0489748 0.0965339 0)
(-0.0550314 0.0898531 0)
(-0.0572679 0.0669605 0)
(-0.0562151 0.0341203 0)
(-0.053794 2.47401e-06 0)
(-0.050329 -0.031138 0)
(-0.0458312 -0.0578853 0)
(-0.0418014 -0.0798809 0)
(-0.0409641 -0.102086 0)
(-0.0460217 -0.135454 0)
(-0.047188 -0.181495 0)
(-0.0282891 -0.171549 0)
(-0.00132223 0.039719 0)
(-0.00474939 0.0485363 0)
(-0.0080786 0.0526951 0)
(-0.0113485 0.0567543 0)
(-0.0146954 0.061895 0)
(-0.01799 0.0693533 0)
(-0.021003 0.0807072 0)
(-0.0238428 0.0939871 0)
(-0.0256946 0.0998662 0)
(-0.0272216 0.0922674 0)
(-0.0275134 0.0680161 0)
(-0.0272185 0.0339305 0)
(-0.0268791 -0.00150278 0)
(-0.025611 -0.0347105 0)
(-0.0230656 -0.0625052 0)
(-0.0211208 -0.0835373 0)
(-0.0204144 -0.102402 0)
(-0.0243636 -0.129446 0)
(-0.0293759 -0.180979 0)
(-0.0210292 -0.206084 0)
(-0.000542088 0.0419989 0)
(-0.00262 0.0513294 0)
(-0.0045956 0.0553876 0)
(-0.00633464 0.0592623 0)
(-0.00777672 0.064217 0)
(-0.00864065 0.0712406 0)
(-0.00822156 0.0814744 0)
(-0.00630832 0.0933605 0)
(-0.00291902 0.0986042 0)
(0.000485867 0.0915732 0)
(0.00266389 0.0683515 0)
(0.00313719 0.0351646 0)
(0.00209916 -0.000506735 0)
(0.00104917 -0.0345847 0)
(0.000207988 -0.0627761 0)
(-0.00194896 -0.0832848 0)
(-0.00446686 -0.100822 0)
(-0.00965325 -0.124969 0)
(-0.015903 -0.176573 0)
(-0.0147549 -0.226966 0)
(0.000205232 0.0428708 0)
(-0.000545172 0.0527122 0)
(-0.00117205 0.0566041 0)
(-0.00143208 0.0600591 0)
(-0.00109368 0.0643705 0)
(0.000193839 0.0702788 0)
(0.00332379 0.0785277 0)
(0.00893804 0.088094 0)
(0.0165552 0.0926767 0)
(0.0244128 0.0867231 0)
(0.0298848 0.0670822 0)
(0.0320418 0.036769 0)
(0.0311706 0.00230442 0)
(0.0280899 -0.0310391 0)
(0.0224676 -0.0585223 0)
(0.0154324 -0.0786211 0)
(0.00890993 -0.0954896 0)
(0.000842515 -0.118322 0)
(-0.00689354 -0.170408 0)
(-0.0115023 -0.239349 0)
(0.000798103 0.0424179 0)
(0.00128809 0.0527438 0)
(0.00190673 0.0564266 0)
(0.00296088 0.0592993 0)
(0.00479496 0.0626853 0)
(0.0077766 0.0671172 0)
(0.0126718 0.072981 0)
(0.0203969 0.079589 0)
(0.0304236 0.0827638 0)
(0.0412164 0.0775994 0)
(0.0497381 0.0616881 0)
(0.0542227 0.0362749 0)
(0.0540547 0.00598116 0)
(0.0494641 -0.0242979 0)
(0.0402067 -0.0501257 0)
(0.0293331 -0.0699128 0)
(0.0192821 -0.0866292 0)
(0.00834268 -0.108791 0)
(-0.00132421 -0.162345 0)
(-0.0104251 -0.246774 0)
(0.00121646 0.0409132 0)
(0.00272937 0.0515832 0)
(0.00442975 0.0550253 0)
(0.00659484 0.0572449 0)
(0.00959856 0.0596114 0)
(0.0137713 0.0625268 0)
(0.0196304 0.0660881 0)
(0.0279596 0.0697505 0)
(0.0386541 0.0710228 0)
(0.0501973 0.0662578 0)
(0.0599392 0.0535648 0)
(0.0657038 0.0331978 0)
(0.0661145 0.00832637 0)
(0.0609837 -0.0170518 0)
(0.0507646 -0.0396352 0)
(0.0383881 -0.0584551 0)
(0.0262543 -0.0750357 0)
(0.0132845 -0.0969425 0)
(0.00180489 -0.152238 0)
(-0.0106537 -0.251821 0)
(0.00139303 0.0387045 0)
(0.00366213 0.0494894 0)
(0.00624435 0.0526116 0)
(0.0093296 0.0541546 0)
(0.0132346 0.0555315 0)
(0.0181951 0.0570951 0)
(0.024523 0.0587918 0)
(0.0326559 0.060132 0)
(0.0426533 0.0596626 0)
(0.0533878 0.0552343 0)
(0.0627501 0.0451945 0)
(0.0684462 0.0295889 0)
(0.0691134 0.0104574 0)
(0.0645359 -0.00969987 0)
(0.0552377 -0.0287585 0)
(0.0431524 -0.046031 0)
(0.0304081 -0.0619793 0)
(0.0162446 -0.0834655 0)
(0.00347518 -0.140316 0)
(-0.0115164 -0.255342 0)
(0.00129837 0.0359124 0)
(0.00391145 0.0465675 0)
(0.00718696 0.0493037 0)
(0.0110496 0.0501879 0)
(0.0156856 0.0506975 0)
(0.0212143 0.0511672 0)
(0.0277888 0.0515156 0)
(0.0355318 0.0513383 0)
(0.0443834 0.0497527 0)
(0.0536228 0.0456162 0)
(0.0617548 0.0378945 0)
(0.0669152 0.0263914 0)
(0.0679411 0.0121054 0)
(0.0643315 -0.00333376 0)
(0.0564556 -0.0188299 0)
(0.0455991 -0.0339079 0)
(0.0330455 -0.048523 0)
(0.0183261 -0.0694151 0)
(0.00552679 -0.125979 0)
(-0.0121776 -0.257606 0)
(0.00062172 0.0343999 0)
(0.00337551 0.0438408 0)
(0.00712267 0.0456396 0)
(0.0115937 0.0456606 0)
(0.016864 0.0453334 0)
(0.0229208 0.0449223 0)
(0.0297553 0.0443646 0)
(0.0372844 0.0433529 0)
(0.0452811 0.0413179 0)
(0.0531933 0.0376372 0)
(0.0600854 0.0317771 0)
(0.0646879 0.0235274 0)
(0.06597 0.0132873 0)
(0.0633891 0.00183728 0)
(0.0569704 -0.0101813 0)
(0.0476363 -0.0226919 0)
(0.0352787 -0.0354509 0)
(0.0219615 -0.0565965 0)
(0.0107448 -0.109703 0)
(-0.0114082 -0.260288 0)
(-0.000761144 0.0290796 0)
(0.000712367 0.0375517 0)
(0.00499276 0.039486 0)
(0.0103454 0.0395233 0)
(0.0164467 0.0389592 0)
(0.0232263 0.0381129 0)
(0.0305611 0.0371038 0)
(0.0382612 0.0357881 0)
(0.0460251 0.0338249 0)
(0.0533728 0.0308347 0)
(0.0596523 0.026511 0)
(0.0640836 0.0206925 0)
(0.0658555 0.0136774 0)
(0.0642237 0.00570652 0)
(0.0590245 -0.00304953 0)
(0.0510822 -0.0128651 0)
(0.0385945 -0.0236422 0)
(0.0311521 -0.0468725 0)
(0.0187519 -0.0945824 0)
(-0.00775577 -0.266226 0)
(-0.00326625 0.0441182 0)
(-0.00261121 0.0467849 0)
(0.00252542 0.0427556 0)
(0.00843266 0.0383866 0)
(0.0153202 0.0351837 0)
(0.0230599 0.0327888 0)
(0.0313497 0.0308877 0)
(0.0398484 0.0291449 0)
(0.0482146 0.0272266 0)
(0.0560318 0.0248602 0)
(0.0627732 0.0218418 0)
(0.0677778 0.0182006 0)
(0.0703698 0.013928 0)
(0.0703075 0.00916231 0)
(0.0668553 0.00391409 0)
(0.0612139 -0.00308629 0)
(0.0487161 -0.0128362 0)
(0.0518952 -0.0379526 0)
(0.0225946 -0.0760554 0)
(0.00545129 -0.267933 0)
(-0.00669481 0.0147454 0)
(-0.0100007 0.00939361 0)
(0.00060526 0.0114373 0)
(0.0125355 0.0152405 0)
(0.0244409 0.0163652 0)
(0.0363388 0.0162692 0)
(0.0477983 0.0159029 0)
(0.0587269 0.0154974 0)
(0.0690441 0.0149582 0)
(0.0786052 0.014162 0)
(0.0871552 0.0130446 0)
(0.0943831 0.0116084 0)
(0.0999354 0.00988782 0)
(0.103817 0.00780952 0)
(0.105109 0.0054056 0)
(0.105876 0.00135959 0)
(0.0956026 -0.00391153 0)
(0.106309 -0.021266 0)
(0.0296515 -0.0421179 0)
(0.0715804 -0.226045 0)
(0.0404124 0.09309 0)
(0.0608241 0.0696369 0)
(0.0864244 0.0435707 0)
(0.108674 0.0289147 0)
(0.126323 0.0212935 0)
(0.141477 0.0168602 0)
(0.155488 0.0139549 0)
(0.168668 0.0118927 0)
(0.181012 0.0103421 0)
(0.192521 0.00913183 0)
(0.203137 0.00812547 0)
(0.212757 0.0072496 0)
(0.221168 0.00644607 0)
(0.228366 0.00564841 0)
(0.233327 0.00475237 0)
(0.238472 0.00348838 0)
(0.231409 0.00205974 0)
(0.252144 -0.00311053 0)
(0.125655 0.00344426 0)
(0.378499 -0.0982137 0)
)
;

boundaryField
{
    movingWall
    {
        type            fixedValue;
        value           uniform (1 0 0);
    }
    fixedWalls
    {
        type            noSlip;
    }
    frontAndBack
    {
        type            empty;
    }
}


// ************************************************************************* //
