/*--------------------------------*- C++ -*----------------------------------*\
| =========                 |                                                 |
| \\      /  F ield         | OpenFOAM: The Open Source CFD Toolbox           |
|  \\    /   O peration     | Version:  2412                                  |
|   \\  /    A nd           | Website:  www.openfoam.com                      |
|    \\/     M anipulation  |                                                 |
\*---------------------------------------------------------------------------*/
FoamFile
{
    version     2.0;
    format      ascii;
    arch        "LSB;label=32;scalar=64";
    class       volScalarField;
    location    "6";
    object      k;
}
// * * * * * * * * * * * * * * * * * * * * * * * * * * * * * * * * * * * * * //

dimensions      [0 2 -2 0 0 0 0];

internalField   nonuniform List<scalar> 
1600
(
0.000136774
0.000160623
0.000200354
0.000238378
0.000263182
0.000277877
0.000297794
0.000324831
0.000354894
0.000398909
0.000510732
0.00083543
0.00130545
0.00187525
0.00244584
0.00295267
0.00336356
0.00366003
0.00382816
0.00390068
0.00391701
0.00385222
0.00372876
0.00355711
0.00336818
0.0031574
0.00293774
0.00271203
0.00249312
0.00225532
0.00200917
0.00172591
0.00145196
0.00129727
0.00119632
0.0011171
0.00101597
0.000832866
0.000552839
0.000318736
0.000234726
0.000188624
0.000176539
0.000176664
0.000187157
0.000228912
0.000328906
0.000468262
0.000646341
0.000918269
0.00125025
0.00159136
0.00184138
0.00204089
0.0021806
0.00221738
0.00221412
0.00216028
0.00210794
0.00206781
0.00205006
0.00204646
0.00209309
0.00217566
0.00228309
0.00241521
0.00256005
0.002698
0.00278624
0.00282357
0.00282
0.00269283
0.00249767
0.00215259
0.00169964
0.00125164
0.000888045
0.000641599
0.000447329
0.000359
0.000385672
0.000282344
0.000259302
0.000261991
0.000300603
0.000423726
0.000664007
0.000987193
0.00131226
0.00154317
0.00165606
0.00171022
0.00174026
0.00174152
0.00158267
0.00151459
0.00142852
0.00137135
0.00132591
0.00130467
0.00129735
0.00130826
0.0013487
0.00140635
0.00150117
0.00162749
0.00180023
0.00201624
0.00226827
0.00249979
0.0026546
0.0027124
0.00263602
0.00242177
0.00202044
0.0014766
0.000956101
0.000597127
0.000395681
0.000420644
0.000520609
0.000390946
0.00039702
0.000443136
0.000583188
0.000856027
0.00120945
0.00147297
0.0015805
0.00160134
0.00158765
0.00151499
0.00134993
0.00116296
0.00105893
0.00094871
0.000874494
0.000805756
0.00076298
0.000726868
0.000709219
0.000701553
0.000700653
0.000721069
0.000752042
0.000808553
0.000893195
0.00102571
0.00122818
0.00154872
0.00194164
0.00229548
0.00247029
0.00250832
0.00235511
0.00186342
0.00118665
0.000632266
0.00038822
0.000476414
0.000603649
0.000532199
0.000605448
0.000725253
0.000963249
0.00129561
0.0015098
0.00157541
0.00155491
0.0014726
0.00130305
0.00105246
0.000891078
0.000757973
0.000684714
0.000608842
0.000572799
0.000538308
0.000522309
0.00050959
0.000504093
0.000502007
0.000502522
0.000511134
0.000521704
0.00054442
0.000579288
0.000637853
0.00073177
0.000887533
0.00115055
0.00161692
0.00215581
0.00243601
0.00251107
0.0023829
0.00172952
0.000856174
0.000445294
0.000508236
0.000648089
0.000726598
0.000874359
0.00105176
0.00132116
0.00151248
0.00156616
0.00152386
0.00138582
0.00112224
0.00087294
0.000712967
0.000613897
0.000547134
0.000514576
0.000490973
0.000481413
0.000475603
0.000473212
0.000470762
0.000469575
0.000468727
0.000468516
0.000470824
0.000475313
0.000484666
0.00050019
0.000526395
0.000569107
0.000640377
0.000763882
0.000990245
0.00142299
0.0021412
0.00250074
0.00259329
0.00239082
0.00144033
0.000646715
0.000540752
0.000676542
0.000962271
0.0011666
0.0013498
0.0015101
0.00156117
0.00151057
0.00133831
0.00101844
0.000766862
0.00061444
0.000533472
0.000490398
0.000469573
0.000460338
0.00045578
0.000453728
0.000451031
0.000449702
0.000448443
0.00044811
0.000449027
0.00045117
0.000454837
0.000460311
0.000468028
0.000479028
0.000495344
0.000520047
0.000558799
0.000622384
0.000734028
0.000946468
0.00137235
0.0021965
0.00259655
0.00266947
0.00220551
0.000985516
0.000598287
0.000714377
0.00121433
0.00143321
0.0015395
0.00158035
0.00151648
0.00133347
0.000987101
0.000707822
0.000562702
0.000491481
0.000458986
0.000444907
0.000438765
0.000435299
0.000431299
0.000428786
0.000427128
0.000426665
0.000427454
0.000430429
0.000434516
0.000439919
0.000446433
0.000454031
0.000462855
0.000473286
0.000486217
0.00050364
0.000529078
0.000568987
0.000635339
0.000754171
0.000990333
0.00148406
0.00233885
0.00270154
0.00266518
0.00143957
0.000684212
0.000815739
0.00144977
0.0016226
0.00164993
0.00155721
0.00137779
0.00102775
0.000698624
0.000539959
0.000468427
0.000438567
0.000426433
0.000421125
0.000415836
0.000411175
0.000407951
0.000406653
0.000406379
0.000408304
0.000411737
0.000416869
0.000423267
0.000431025
0.000440087
0.00045014
0.000460993
0.000472465
0.00048503
0.000499864
0.000518638
0.000545933
0.000590585
0.000668645
0.000813906
0.00112265
0.00178822
0.00258803
0.00281854
0.0021506
0.000808273
0.00101378
0.00163373
0.00175175
0.00166766
0.00147018
0.00113051
0.000743212
0.000542629
0.000457685
0.00042436
0.000411529
0.000405719
0.000399835
0.000393379
0.00039013
0.000388632
0.000388314
0.0003895
0.000392403
0.000396515
0.000402206
0.000409394
0.000418361
0.000429127
0.000441566
0.000455388
0.000470021
0.000484837
0.000499716
0.00051628
0.000536979
0.000568278
0.00062463
0.000726306
0.000922935
0.00135448
0.00230916
0.00285098
0.00272666
0.000944176
0.00123007
0.00176629
0.00183462
0.00163198
0.00129231
0.000875465
0.000579873
0.000460522
0.000415861
0.000399659
0.000392802
0.000386528
0.000379412
0.000374884
0.000372862
0.000372026
0.000371862
0.000372868
0.000375053
0.000378465
0.000383544
0.000390468
0.000399644
0.000411239
0.00042532
0.000441736
0.000460003
0.000479256
0.000498313
0.000516349
0.000534987
0.000558342
0.000595958
0.000673029
0.000826485
0.00113769
0.00183171
0.0028592
0.00311745
0.00148553
0.00144363
0.00183971
0.00185542
0.00154307
0.00109107
0.000680773
0.00048706
0.00041574
0.000391353
0.000381999
0.000376256
0.000368453
0.00036251
0.000359399
0.000357597
0.000356044
0.000355189
0.0003549
0.000355472
0.000357578
0.000361549
0.000367727
0.000376571
0.000388383
0.000403358
0.000421524
0.000442599
0.000465901
0.000490212
0.000513825
0.000535253
0.000556435
0.000583965
0.000634181
0.000744569
0.000986328
0.00151823
0.00270289
0.00338419
0.00236512
0.00165219
0.00188051
0.00183567
0.00140937
0.000906403
0.000564851
0.000432862
0.000388865
0.000374172
0.000367597
0.000360719
0.000352983
0.000348551
0.000345702
0.000343036
0.000340155
0.000337591
0.000335773
0.000335063
0.000335424
0.000338262
0.000343578
0.000351858
0.000363512
0.000378824
0.000397977
0.00042089
0.000447106
0.000475621
0.000504782
0.000532398
0.000556708
0.000581155
0.000617683
0.000704509
0.000905338
0.00135331
0.00238119
0.00364515
0.00341355
0.00184491
0.00187983
0.00178547
0.00127972
0.000753234
0.000492029
0.000399465
0.000370967
0.000360941
0.000354855
0.000347046
0.00034026
0.000336456
0.000332875
0.000328821
0.000324378
0.000320184
0.000316656
0.000314729
0.000314123
0.000315639
0.000320171
0.00032779
0.000339031
0.000354258
0.000373807
0.000397811
0.000426057
0.000457771
0.000491424
0.000524692
0.000554908
0.000580906
0.000610329
0.000667195
0.00081768
0.00119218
0.002063
0.00379263
0.00444802
0.00204103
0.0018637
0.00170587
0.00115126
0.000653624
0.000445106
0.000377733
0.000358134
0.000350416
0.000343704
0.000335627
0.000329597
0.000325494
0.000320737
0.000315228
0.000309334
0.000303741
0.000298964
0.000295956
0.000294769
0.000295181
0.000298956
0.000305868
0.000316476
0.000331233
0.000350611
0.000374966
0.000404373
0.000438373
0.000475675
0.000513939
0.000549964
0.000580957
0.000608753
0.000652496
0.000777219
0.0011146
0.00191246
0.00380598
0.00537753
0.00223741
0.00182484
0.0016203
0.00104402
0.000587037
0.000414105
0.000363145
0.000348664
0.00034196
0.000334348
0.000326236
0.00032038
0.000315476
0.000309522
0.000302764
0.000295726
0.000289115
0.000283495
0.000279657
0.000277964
0.000277776
0.000280771
0.000286957
0.000296786
0.000310784
0.000329541
0.000353615
0.000383375
0.000418722
0.00045871
0.000501149
0.000542488
0.000578642
0.000608348
0.000642727
0.00073061
0.00101581
0.00178304
0.00367606
0.00617755
0.00241905
0.00177603
0.00153691
0.000962618
0.00054214
0.00039344
0.000353178
0.000341837
0.000335197
0.000326707
0.000318488
0.000312334
0.000306508
0.000299558
0.000291869
0.000284049
0.000276792
0.000270666
0.00026625
0.00026413
0.000263657
0.000265945
0.000271402
0.000280374
0.000293429
0.000311247
0.000334557
0.000363998
0.000399855
0.000441626
0.000487469
0.000533779
0.000575506
0.000608591
0.000639162
0.000709631
0.000961679
0.00168533
0.00361507
0.00685167
0.00258591
0.00172817
0.00146283
0.000903662
0.000512714
0.000379309
0.000346437
0.000337265
0.000330093
0.000320744
0.00031213
0.000305396
0.000298746
0.000291081
0.0002828
0.00027453
0.000266934
0.000260551
0.000255812
0.000253372
0.000252698
0.000254422
0.000259171
0.000267269
0.000279296
0.000295991
0.000318207
0.000346806
0.000382428
0.000425039
0.000473263
0.000523673
0.000570649
0.000608199
0.000637314
0.000688455
0.000898376
0.00159243
0.00350879
0.0074034
0.00273533
0.00168733
0.00139946
0.000867692
0.000494478
0.000370543
0.000342082
0.000334267
0.000326304
0.000316095
0.000306982
0.000299607
0.000292312
0.000284206
0.000275629
0.000267183
0.000259484
0.000253026
0.000248176
0.000245476
0.000244626
0.000245915
0.000250008
0.00025726
0.000268252
0.00028376
0.00030471
0.000332134
0.000366981
0.000409695
0.00045947
0.000513272
0.000565156
0.000607266
0.000636628
0.000678222
0.000862659
0.00152603
0.00344495
0.00785485
0.00286419
0.00165165
0.00134978
0.000845614
0.000486487
0.000364236
0.000339326
0.000332628
0.000323989
0.000312943
0.000303028
0.000294963
0.0002872
0.000278894
0.00027027
0.000261868
0.000254246
0.000247852
0.000243015
0.000240112
0.000239084
0.000240035
0.00024354
0.000250008
0.000260021
0.000274366
0.000293996
0.000320051
0.000353716
0.000395869
0.000446307
0.000502584
0.000558796
0.00060572
0.000636246
0.000667334
0.000821624
0.00146268
0.00337215
0.00821735
0.00295618
0.00163529
0.00131289
0.000846114
0.00048903
0.000362208
0.000337621
0.000331785
0.000322563
0.000310768
0.000300263
0.000291546
0.000283419
0.000275072
0.000266579
0.000258368
0.000250937
0.000244701
0.000239956
0.000236935
0.000235719
0.000236419
0.000239383
0.000245133
0.000254259
0.000267545
0.000285899
0.000310534
0.000342793
0.000383928
0.000434338
0.0004923
0.000552195
0.000603794
0.000636067
0.000661358
0.000795594
0.0014203
0.00333795
0.00850796
0.00298452
0.00163624
0.00128911
0.000852654
0.000497905
0.000363633
0.000336708
0.00033148
0.00032254
0.000310052
0.000298411
0.000289123
0.000280796
0.00027253
0.000264266
0.000256352
0.000249226
0.000243246
0.000238635
0.000235578
0.000234244
0.000234776
0.000237318
0.000242519
0.000250896
0.000263127
0.000280199
0.000303453
0.000334201
0.000373987
0.000423745
0.000482588
0.000545468
0.000601636
0.000635903
0.000655181
0.000765786
0.00137734
0.00332474
0.00874876
0.0029632
0.0016417
0.00128006
0.00086826
0.000514945
0.000368198
0.00033682
0.000331457
0.000322872
0.000310336
0.000298223
0.000287927
0.000279165
0.000271003
0.000263138
0.000255731
0.000249023
0.000243261
0.000238724
0.00023565
0.000234239
0.000234611
0.000236765
0.00024157
0.000249487
0.000260996
0.00027708
0.000298896
0.000327943
0.000366194
0.000414871
0.000473917
0.000539052
0.000599413
0.000635796
0.000651179
0.00074409
0.00134501
0.00333229
0.00895502
0.00289323
0.00165536
0.00128244
0.000899594
0.000548884
0.000379437
0.000337754
0.000331384
0.000323683
0.000311203
0.000298674
0.000288023
0.000278953
0.000270809
0.000263185
0.000256001
0.00024951
0.00024396
0.000239597
0.000236617
0.000235271
0.000235648
0.000237543
0.000241875
0.000249294
0.000260346
0.000275897
0.000296751
0.000324445
0.000360759
0.000407929
0.000466563
0.000533283
0.000597483
0.000635814
0.000647693
0.000721079
0.00130995
0.00337998
0.00913855
0.00274381
0.00166289
0.00129013
0.000936643
0.000586351
0.000395196
0.000340364
0.000331129
0.000324674
0.000313008
0.000299933
0.000288683
0.000279321
0.00027115
0.000263692
0.000256863
0.000250776
0.000245605
0.000241522
0.000238699
0.000237448
0.00023783
0.000239613
0.000243707
0.000250799
0.000261285
0.000275989
0.000296139
0.000323095
0.000358076
0.000403644
0.000461027
0.000528593
0.000596235
0.000636056
0.000645215
0.000702907
0.00127709
0.00342777
0.00930644
0.00251187
0.00165713
0.00130219
0.000986503
0.000646765
0.000428079
0.000347148
0.000331325
0.00032535
0.000315076
0.000302205
0.000290249
0.000280348
0.000272063
0.000264857
0.000258451
0.000252784
0.000247988
0.000244208
0.000241598
0.000240563
0.000241027
0.000242853
0.000246945
0.000253944
0.000264207
0.000278488
0.000297723
0.000323216
0.00035719
0.000401801
0.000458044
0.000525575
0.000595719
0.000636162
0.000642381
0.0006864
0.00124354
0.00350214
0.00946321
0.00220831
0.00163369
0.00131888
0.00103127
0.000704973
0.000464959
0.000359823
0.000332775
0.000325419
0.000317043
0.000305098
0.000292923
0.000282451
0.000273864
0.000266694
0.00026056
0.000255296
0.00025092
0.000247535
0.000245245
0.000244627
0.000245256
0.000247289
0.000251644
0.000258774
0.000269049
0.000283155
0.000301945
0.000326668
0.000358965
0.000401599
0.000456956
0.000524271
0.000595784
0.000636197
0.000639351
0.000670126
0.00121219
0.00357433
0.00961256
0.00184757
0.00157676
0.00133012
0.00109344
0.000790952
0.00052922
0.000386945
0.000338114
0.000325835
0.000318116
0.000307836
0.000296082
0.000285301
0.000276365
0.00026912
0.000263189
0.000258317
0.000254418
0.000251543
0.000249739
0.000249761
0.000250669
0.000253127
0.000258063
0.000265564
0.000276092
0.000290262
0.000308814
0.000332965
0.000364278
0.00040559
0.000458475
0.000524177
0.000597438
0.000635712
0.000634709
0.000652711
0.00118446
0.00366229
0.00975707
0.00144829
0.00144353
0.00133184
0.00112665
0.00086153
0.000600337
0.000426062
0.000351042
0.000328221
0.000318772
0.00030985
0.000299373
0.0002888
0.000279624
0.000272238
0.000266447
0.000261967
0.000258641
0.000256381
0.00025552
0.000255988
0.000257556
0.000260941
0.00026661
0.000274749
0.000285768
0.000300224
0.00031873
0.000342528
0.000372907
0.000412893
0.000463679
0.000527309
0.000599989
0.000633628
0.000628106
0.000633773
0.00115891
0.00374329
0.00989885
0.00105437
0.00129796
0.00130402
0.00119813
0.000954167
0.000694064
0.000492812
0.000380107
0.000336434
0.000320884
0.000311057
0.000301641
0.000292169
0.000283442
0.000276201
0.000270632
0.000266604
0.000263928
0.000262571
0.000262792
0.000263931
0.000266547
0.000271155
0.000277812
0.000286841
0.00029853
0.000313435
0.000332003
0.000355568
0.000385003
0.000423584
0.000471305
0.000531627
0.000601361
0.000628783
0.000617719
0.000611551
0.00113614
0.00383372
0.0100408
0.00070644
0.00110799
0.00124381
0.00119719
0.00104411
0.000791364
0.000574875
0.000428243
0.000356589
0.00032793
0.000314017
0.000303699
0.000294557
0.000286689
0.000280271
0.00027543
0.000272237
0.000270466
0.000270598
0.000271621
0.000274021
0.000278167
0.000284126
0.00029198
0.00030206
0.000314462
0.000329874
0.000348471
0.000371738
0.000399915
0.00043655
0.000479965
0.000535294
0.000601614
0.000619164
0.000600999
0.00058739
0.00111431
0.00391898
0.0101856
0.000447564
0.000888321
0.00118092
0.00118229
0.00110806
0.000908666
0.000686596
0.000512662
0.000400524
0.000347398
0.000322856
0.000308611
0.000298169
0.000289891
0.000283811
0.000279981
0.000277818
0.00027797
0.000279083
0.00028169
0.000285954
0.000291736
0.000299245
0.00030838
0.000319529
0.000332499
0.000348417
0.000366813
0.000389373
0.000415136
0.00044719
0.000484396
0.000536626
0.000594585
0.000600973
0.000574539
0.000561222
0.0011015
0.00400591
0.0103365
0.000291095
0.000674041
0.00107102
0.00115119
0.00111653
0.00101155
0.000802177
0.000620314
0.000481051
0.00039186
0.000346753
0.00032224
0.000306968
0.00029648
0.000289423
0.000284903
0.000283904
0.000284765
0.000287125
0.000291563
0.000297555
0.000305001
0.00031397
0.00032421
0.000336246
0.00034973
0.000365246
0.000381536
0.000401269
0.000422469
0.000451223
0.000485443
0.000533248
0.000574854
0.000571515
0.000537232
0.000535241
0.00109601
0.00408592
0.010495
0.000265433
0.000503936
0.000918514
0.00109686
0.0011042
0.00106101
0.000937259
0.000756217
0.000603853
0.000484848
0.000403929
0.000358229
0.000330776
0.000313175
0.000302072
0.000295066
0.000292248
0.000292772
0.000294903
0.000299466
0.000306239
0.000314418
0.000324122
0.000334612
0.000346451
0.00035849
0.000372406
0.000386708
0.000404639
0.000423552
0.00044993
0.000477479
0.00051395
0.000534496
0.000525015
0.00049584
0.000522683
0.00110523
0.00416156
0.0106681
0.000267459
0.00040036
0.000740525
0.000983982
0.00107275
0.00106671
0.00102131
0.000909803
0.000761046
0.000630444
0.000523992
0.000442856
0.000391657
0.000358021
0.00033596
0.000321396
0.000312675
0.000308642
0.000308873
0.000310589
0.000314589
0.00032076
0.000328777
0.000337434
0.000347793
0.000358174
0.000370312
0.000382042
0.00039654
0.00041062
0.000430138
0.000449123
0.000468502
0.000476894
0.00047414
0.000475779
0.000521775
0.0011675
0.00426718
0.0108768
0.000272558
0.000362007
0.0006092
0.000857696
0.00101492
0.00107795
0.0010762
0.00104198
0.000958237
0.000836045
0.000720027
0.000614397
0.000531106
0.000471097
0.000427847
0.000396413
0.000373996
0.000358044
0.000348207
0.000342296
0.000339422
0.000339725
0.000341189
0.000344198
0.000349273
0.000354518
0.000362152
0.000369886
0.000380366
0.000391145
0.0004042
0.00041627
0.000431133
0.000448631
0.000454992
0.000472548
0.000595265
0.00136656
0.0045527
0.0111604
0.000359942
0.000399329
0.000574606
0.000782592
0.000974767
0.00110187
0.00115427
0.00117127
0.00115506
0.00110856
0.00102405
0.000932161
0.000835438
0.000743646
0.00066397
0.000597294
0.000543242
0.000499555
0.00046497
0.000439369
0.00042075
0.000406754
0.00039726
0.000389606
0.000385865
0.00038232
0.000382039
0.000382967
0.000385557
0.000390144
0.000398394
0.000409509
0.000427616
0.000451946
0.000497101
0.000602134
0.000886602
0.00188537
0.00518817
0.0116113
0.000584828
0.000510495
0.000698801
0.000887687
0.00106321
0.0012019
0.0012881
0.00132212
0.00131496
0.00128938
0.00123257
0.00115762
0.00107629
0.000994957
0.000919936
0.000852972
0.000796284
0.000747994
0.000709318
0.00067584
0.000649582
0.000628593
0.000614439
0.000604178
0.000600272
0.000601685
0.000606548
0.000617625
0.000631569
0.000660402
0.000696561
0.000758422
0.000832425
0.000950978
0.00110895
0.00137562
0.00186342
0.00313596
0.00634516
0.012267
0.00145853
0.00188938
0.00250415
0.00277687
0.00288897
0.00292112
0.00291142
0.002871
0.00279586
0.00272648
0.00266074
0.00259498
0.00253496
0.00248251
0.00244018
0.00240785
0.00238721
0.00237726
0.00237986
0.00238879
0.00240761
0.00243699
0.00247454
0.00252293
0.0025789
0.00264818
0.00272506
0.0028194
0.0029215
0.00305082
0.00317202
0.00334803
0.00354083
0.00381475
0.00410524
0.00455429
0.00508803
0.0063522
0.00865679
0.013389
0.00923232
0.014325
0.0172942
0.0184728
0.0188885
0.0188691
0.0187161
0.0183763
0.017943
0.0174955
0.017066
0.0166697
0.0163117
0.0159917
0.0157071
0.0154541
0.015229
0.0150284
0.0148494
0.0146895
0.0145468
0.01442
0.0143079
0.0142095
0.0141249
0.0140523
0.0139942
0.0139465
0.0139161
0.0138932
0.0138935
0.0138974
0.0139068
0.0139294
0.0139739
0.0140387
0.0141867
0.0143612
0.0152502
0.0148264
)
;

boundaryField
{
    movingWall
    {
        type            kqRWallFunction;
        value           nonuniform List<scalar> 
40
(
0.00923232
0.014325
0.0172942
0.0184728
0.0188885
0.0188691
0.0187161
0.0183763
0.017943
0.0174955
0.017066
0.0166697
0.0163117
0.0159917
0.0157071
0.0154541
0.015229
0.0150284
0.0148494
0.0146895
0.0145468
0.01442
0.0143079
0.0142095
0.0141249
0.0140523
0.0139942
0.0139465
0.0139161
0.0138932
0.0138935
0.0138974
0.0139068
0.0139294
0.0139739
0.0140387
0.0141867
0.0143612
0.0152502
0.0148264
)
;
    }
    fixedWalls
    {
        type            kqRWallFunction;
        value           nonuniform List<scalar> 
120
(
0.000136774
0.000234726
0.000385672
0.000520609
0.000603649
0.000648089
0.000676542
0.000714377
0.000815739
0.00101378
0.00123007
0.00144363
0.00165219
0.00184491
0.00204103
0.00223741
0.00241905
0.00258591
0.00273533
0.00286419
0.00295618
0.00298452
0.0029632
0.00289323
0.00274381
0.00251187
0.00220831
0.00184757
0.00144829
0.00105437
0.00070644
0.000447564
0.000291095
0.000265433
0.000267459
0.000272558
0.000359942
0.000584828
0.00145853
0.00923232
0.000318736
0.000359
0.000420644
0.000476414
0.000508236
0.000540752
0.000598287
0.000684212
0.000808273
0.000944176
0.00148553
0.00236512
0.00341355
0.00444802
0.00537753
0.00617755
0.00685167
0.0074034
0.00785485
0.00821735
0.00850796
0.00874876
0.00895502
0.00913855
0.00930644
0.00946321
0.00961256
0.00975707
0.00989885
0.0100408
0.0101856
0.0103365
0.010495
0.0106681
0.0108768
0.0111604
0.0116113
0.012267
0.013389
0.0148264
0.000136774
0.000160623
0.000200354
0.000238378
0.000263182
0.000277877
0.000297794
0.000324831
0.000354894
0.000398909
0.000510732
0.00083543
0.00130545
0.00187525
0.00244584
0.00295267
0.00336356
0.00366003
0.00382816
0.00390068
0.00391701
0.00385222
0.00372876
0.00355711
0.00336818
0.0031574
0.00293774
0.00271203
0.00249312
0.00225532
0.00200917
0.00172591
0.00145196
0.00129727
0.00119632
0.0011171
0.00101597
0.000832866
0.000552839
0.000318736
)
;
    }
    frontAndBack
    {
        type            empty;
    }
}


// ************************************************************************* //
