/*--------------------------------*- C++ -*----------------------------------*\
| =========                 |                                                 |
| \\      /  F ield         | OpenFOAM: The Open Source CFD Toolbox           |
|  \\    /   O peration     | Version:  2412                                  |
|   \\  /    A nd           | Website:  www.openfoam.com                      |
|    \\/     M anipulation  |                                                 |
\*---------------------------------------------------------------------------*/
FoamFile
{
    version     2.0;
    format      ascii;
    arch        "LSB;label=32;scalar=64";
    class       volScalarField;
    location    "6";
    object      nut;
}
// * * * * * * * * * * * * * * * * * * * * * * * * * * * * * * * * * * * * * //

dimensions      [0 2 -1 0 0 0 0];

internalField   nonuniform List<scalar> 
1600
(
3.28613e-06
3.56099e-06
3.97681e-06
4.33754e-06
4.55734e-06
4.68258e-06
4.84723e-06
5.06221e-06
5.29095e-06
5.60914e-06
6.34675e-06
8.11687e-06
1.0146e-05
1.21594e-05
1.38858e-05
1.52562e-05
1.62825e-05
1.69846e-05
1.737e-05
1.75336e-05
1.75702e-05
1.74241e-05
1.71427e-05
1.67434e-05
1.62928e-05
1.57748e-05
1.52162e-05
1.46201e-05
1.40178e-05
1.33326e-05
1.2584e-05
1.16633e-05
1.06978e-05
1.01121e-05
9.71059e-06
9.38341e-06
8.94844e-06
8.10183e-06
6.60064e-06
5.01183e-06
4.30504e-06
4.85471e-06
5.78137e-06
6.23357e-06
6.46844e-06
7.32732e-06
9.13615e-06
1.02514e-05
1.15553e-05
1.38057e-05
1.49225e-05
1.59321e-05
1.62216e-05
1.59605e-05
1.6338e-05
1.63658e-05
1.63178e-05
1.66636e-05
1.73866e-05
1.87071e-05
2.04699e-05
2.2173e-05
2.40956e-05
2.62019e-05
2.85576e-05
3.10985e-05
3.36286e-05
3.57201e-05
3.68123e-05
3.7291e-05
3.75693e-05
3.68754e-05
3.64291e-05
3.41691e-05
2.94249e-05
2.34022e-05
1.58422e-05
1.04711e-05
7.70103e-06
5.31903e-06
5.51802e-06
6.42659e-06
9.0493e-06
1.0965e-05
1.15772e-05
1.28743e-05
1.59552e-05
1.88696e-05
1.99354e-05
1.96187e-05
1.90214e-05
1.80363e-05
1.76228e-05
1.84114e-05
1.75014e-05
1.76198e-05
1.83332e-05
1.94416e-05
2.0778e-05
2.20756e-05
2.28991e-05
2.3663e-05
2.47239e-05
2.52501e-05
2.63659e-05
2.73434e-05
2.89519e-05
3.09149e-05
3.34032e-05
3.56336e-05
3.71017e-05
3.76557e-05
3.70506e-05
3.56634e-05
3.4016e-05
2.95678e-05
2.26872e-05
1.4781e-05
9.02411e-06
5.7577e-06
6.41053e-06
8.9159e-06
1.40087e-05
1.66698e-05
1.84541e-05
2.08056e-05
2.32037e-05
2.29958e-05
2.15559e-05
2.03636e-05
1.93961e-05
1.85784e-05
1.89069e-05
1.63108e-05
1.72589e-05
1.63864e-05
1.73822e-05
1.68413e-05
1.71414e-05
1.66055e-05
1.63109e-05
1.60951e-05
1.55688e-05
1.54548e-05
1.53352e-05
1.55573e-05
1.6045e-05
1.7092e-05
1.88611e-05
2.21095e-05
2.63592e-05
3.00888e-05
3.19765e-05
3.23706e-05
3.24965e-05
3.06344e-05
2.52967e-05
1.63872e-05
9.72358e-06
6.1276e-06
6.90252e-06
1.32196e-05
2.01035e-05
2.2152e-05
2.36411e-05
2.56608e-05
2.4406e-05
2.31964e-05
2.17501e-05
2.00068e-05
1.93563e-05
1.68426e-05
1.596e-05
1.45719e-05
1.55734e-05
1.4537e-05
1.52846e-05
1.47693e-05
1.48889e-05
1.46299e-05
1.45045e-05
1.44112e-05
1.40128e-05
1.38368e-05
1.33727e-05
1.30743e-05
1.27753e-05
1.27652e-05
1.31303e-05
1.41946e-05
1.63978e-05
2.11375e-05
2.67069e-05
2.91536e-05
2.95614e-05
3.03719e-05
2.80443e-05
1.80914e-05
1.0564e-05
6.32908e-06
7.15192e-06
1.85803e-05
2.55651e-05
2.65834e-05
2.74705e-05
2.61043e-05
2.48988e-05
2.30109e-05
2.08731e-05
1.84961e-05
1.59388e-05
1.4597e-05
1.43514e-05
1.42675e-05
1.51742e-05
1.53053e-05
1.60352e-05
1.63313e-05
1.68002e-05
1.69523e-05
1.70327e-05
1.70121e-05
1.6701e-05
1.6287e-05
1.56496e-05
1.4912e-05
1.40557e-05
1.31963e-05
1.25029e-05
1.21826e-05
1.25052e-05
1.40184e-05
1.76708e-05
2.48382e-05
2.76284e-05
2.80717e-05
2.90545e-05
2.36647e-05
1.28463e-05
6.52848e-06
7.30731e-06
2.36728e-05
3.00062e-05
2.9849e-05
2.79585e-05
2.67069e-05
2.45269e-05
2.18474e-05
1.82203e-05
1.52964e-05
1.40967e-05
1.40679e-05
1.48537e-05
1.57788e-05
1.69618e-05
1.78637e-05
1.91081e-05
1.98781e-05
2.08752e-05
2.14131e-05
2.17187e-05
2.18937e-05
2.16126e-05
2.09659e-05
1.99603e-05
1.86377e-05
1.70989e-05
1.55006e-05
1.40051e-05
1.28026e-05
1.20297e-05
1.182e-05
1.28398e-05
1.59543e-05
2.322e-05
2.63662e-05
2.67324e-05
2.73472e-05
1.48665e-05
6.86706e-06
7.5091e-06
2.82489e-05
3.31644e-05
3.064e-05
2.89671e-05
2.6271e-05
2.2948e-05
1.83802e-05
1.51197e-05
1.38102e-05
1.43983e-05
1.53508e-05
1.69138e-05
1.83666e-05
2.01968e-05
2.17626e-05
2.3694e-05
2.52662e-05
2.69316e-05
2.80486e-05
2.89668e-05
2.96655e-05
2.97896e-05
2.93334e-05
2.82665e-05
2.65365e-05
2.41441e-05
2.11956e-05
1.79805e-05
1.50382e-05
1.29433e-05
1.17401e-05
1.14554e-05
1.2459e-05
1.57904e-05
2.21315e-05
2.47302e-05
2.54214e-05
1.7201e-05
7.34354e-06
8.02363e-06
3.14913e-05
3.42044e-05
3.24013e-05
2.86242e-05
2.47043e-05
1.9539e-05
1.53517e-05
1.40735e-05
1.44256e-05
1.60116e-05
1.74588e-05
1.97648e-05
2.17561e-05
2.43251e-05
2.66577e-05
2.92888e-05
3.13497e-05
3.33395e-05
3.47653e-05
3.59633e-05
3.69457e-05
3.70903e-05
3.69171e-05
3.61008e-05
3.4691e-05
3.25108e-05
2.95564e-05
2.58813e-05
2.14627e-05
1.67704e-05
1.32928e-05
1.14668e-05
1.1151e-05
1.27409e-05
1.72991e-05
2.20695e-05
2.31592e-05
2.07005e-05
7.98186e-06
8.94388e-06
3.28687e-05
3.59457e-05
3.23953e-05
2.74337e-05
2.17632e-05
1.60886e-05
1.42958e-05
1.46277e-05
1.59955e-05
1.80037e-05
2.01166e-05
2.31128e-05
2.56396e-05
2.90092e-05
3.18209e-05
3.46938e-05
3.69079e-05
3.88339e-05
4.02773e-05
4.15951e-05
4.23653e-05
4.26107e-05
4.24857e-05
4.18364e-05
4.06568e-05
3.88295e-05
3.62477e-05
3.27994e-05
2.84848e-05
2.32693e-05
1.79027e-05
1.35763e-05
1.13482e-05
1.11202e-05
1.33057e-05
1.92917e-05
2.14758e-05
2.11354e-05
8.62521e-06
9.8514e-06
3.3422e-05
3.69244e-05
3.18549e-05
2.50769e-05
1.83874e-05
1.47489e-05
1.45737e-05
1.59616e-05
1.77565e-05
2.02921e-05
2.31248e-05
2.66599e-05
2.98114e-05
3.35478e-05
3.64436e-05
3.92748e-05
4.14169e-05
4.32075e-05
4.45835e-05
4.5907e-05
4.66531e-05
4.70223e-05
4.70361e-05
4.66029e-05
4.56754e-05
4.41295e-05
4.18251e-05
3.85995e-05
3.43386e-05
2.91358e-05
2.3154e-05
1.72437e-05
1.29914e-05
1.12455e-05
1.1933e-05
1.58212e-05
2.05655e-05
2.09223e-05
1.08177e-05
1.06719e-05
3.32975e-05
3.7556e-05
3.05472e-05
2.23041e-05
1.62255e-05
1.45483e-05
1.55335e-05
1.74434e-05
1.95748e-05
2.28324e-05
2.6243e-05
3.021e-05
3.36894e-05
3.7414e-05
4.01787e-05
4.28965e-05
4.49244e-05
4.65892e-05
4.78712e-05
4.91318e-05
4.99639e-05
5.03771e-05
5.05094e-05
5.02598e-05
4.96127e-05
4.84718e-05
4.66999e-05
4.40806e-05
4.03334e-05
3.52148e-05
2.88746e-05
2.18394e-05
1.55367e-05
1.1664e-05
1.07651e-05
1.27902e-05
1.86937e-05
2.03188e-05
1.36499e-05
1.14161e-05
3.29058e-05
3.74147e-05
2.87372e-05
1.99161e-05
1.52781e-05
1.49825e-05
1.67078e-05
1.88407e-05
2.15241e-05
2.54119e-05
2.92373e-05
3.3414e-05
3.69748e-05
4.04812e-05
4.3108e-05
4.55934e-05
4.75618e-05
4.92696e-05
5.03507e-05
5.15248e-05
5.24744e-05
5.28743e-05
5.30484e-05
5.28648e-05
5.23303e-05
5.1381e-05
4.99217e-05
4.77879e-05
4.47245e-05
4.03814e-05
3.44275e-05
2.7104e-05
1.94256e-05
1.38262e-05
1.145e-05
1.22734e-05
1.66133e-05
1.98884e-05
1.63997e-05
1.20632e-05
3.18984e-05
3.69906e-05
2.71278e-05
1.7963e-05
1.49882e-05
1.57007e-05
1.79047e-05
2.0168e-05
2.35041e-05
2.78421e-05
3.19054e-05
3.60897e-05
3.95779e-05
4.28217e-05
4.53294e-05
4.7649e-05
4.95137e-05
5.12721e-05
5.23641e-05
5.33503e-05
5.44582e-05
5.48695e-05
5.50793e-05
5.49567e-05
5.45165e-05
5.37238e-05
5.25095e-05
5.07365e-05
4.81692e-05
4.44494e-05
3.9122e-05
3.18686e-05
2.33705e-05
1.56452e-05
1.14001e-05
1.11446e-05
1.44747e-05
1.97729e-05
1.87214e-05
1.26878e-05
3.08001e-05
3.60918e-05
2.54334e-05
1.70065e-05
1.50772e-05
1.64975e-05
1.89448e-05
2.14603e-05
2.53796e-05
2.99757e-05
3.41248e-05
3.81933e-05
4.15487e-05
4.45621e-05
4.69796e-05
4.91833e-05
5.1025e-05
5.27793e-05
5.40015e-05
5.48073e-05
5.60401e-05
5.64965e-05
5.67149e-05
5.661e-05
5.61941e-05
5.54599e-05
5.43751e-05
5.28526e-05
5.07121e-05
4.76387e-05
4.3157e-05
3.67096e-05
2.81504e-05
1.90397e-05
1.2862e-05
1.11852e-05
1.33027e-05
1.95047e-05
2.05856e-05
1.3284e-05
2.91631e-05
3.50861e-05
2.41721e-05
1.65207e-05
1.53599e-05
1.7267e-05
1.98296e-05
2.2692e-05
2.70403e-05
3.17248e-05
3.58611e-05
3.97659e-05
4.29865e-05
4.58257e-05
4.81849e-05
5.03257e-05
5.2181e-05
5.39242e-05
5.52712e-05
5.60357e-05
5.72698e-05
5.78161e-05
5.80449e-05
5.79508e-05
5.75436e-05
5.68319e-05
5.58076e-05
5.44157e-05
5.25124e-05
4.98134e-05
4.58476e-05
3.99784e-05
3.17462e-05
2.20135e-05
1.40864e-05
1.11318e-05
1.28164e-05
1.81479e-05
2.20644e-05
1.38126e-05
2.72789e-05
3.39286e-05
2.3309e-05
1.62618e-05
1.56813e-05
1.79221e-05
2.05725e-05
2.37619e-05
2.83771e-05
3.30605e-05
3.71414e-05
4.08816e-05
4.39884e-05
4.67071e-05
4.90336e-05
5.11481e-05
5.30307e-05
5.47539e-05
5.62025e-05
5.7048e-05
5.81693e-05
5.88091e-05
5.90581e-05
5.89735e-05
5.85695e-05
5.78648e-05
5.68741e-05
5.55814e-05
5.38982e-05
5.16017e-05
4.82687e-05
4.32152e-05
3.55801e-05
2.53707e-05
1.57825e-05
1.14593e-05
1.24629e-05
1.77266e-05
2.32376e-05
1.42809e-05
2.54319e-05
3.2852e-05
2.28555e-05
1.62869e-05
1.60002e-05
1.8465e-05
2.12248e-05
2.4679e-05
2.94081e-05
3.40086e-05
3.80033e-05
4.16001e-05
4.46239e-05
4.72662e-05
4.95752e-05
5.16793e-05
5.35817e-05
5.52938e-05
5.68196e-05
5.77491e-05
5.87578e-05
5.94467e-05
5.97221e-05
5.96542e-05
5.92612e-05
5.85624e-05
5.75817e-05
5.63234e-05
5.47345e-05
5.26324e-05
4.9638e-05
4.51212e-05
3.82274e-05
2.84228e-05
1.77269e-05
1.18011e-05
1.228e-05
1.7116e-05
2.41555e-05
1.46875e-05
2.36832e-05
3.15305e-05
2.27102e-05
1.62479e-05
1.62283e-05
1.88504e-05
2.17048e-05
2.52923e-05
3.00042e-05
3.45556e-05
3.85074e-05
4.20006e-05
4.49584e-05
4.75447e-05
4.98363e-05
5.19291e-05
5.38325e-05
5.55383e-05
5.70937e-05
5.81002e-05
5.90201e-05
5.97152e-05
6.00105e-05
5.99665e-05
5.95999e-05
5.89249e-05
5.79736e-05
5.6767e-05
5.52948e-05
5.34244e-05
5.08176e-05
4.68426e-05
4.0526e-05
3.09122e-05
1.93946e-05
1.22499e-05
1.2224e-05
1.69516e-05
2.48814e-05
1.50295e-05
2.20526e-05
3.04541e-05
2.27769e-05
1.6626e-05
1.63931e-05
1.90969e-05
2.20645e-05
2.57568e-05
3.04054e-05
3.48158e-05
3.86541e-05
4.20413e-05
4.49644e-05
4.75309e-05
4.98224e-05
5.19039e-05
5.37897e-05
5.54715e-05
5.6987e-05
5.80584e-05
5.89113e-05
5.95548e-05
5.98845e-05
5.98975e-05
5.95682e-05
5.89254e-05
5.80099e-05
5.68392e-05
5.54356e-05
5.37043e-05
5.13545e-05
4.78039e-05
4.21363e-05
3.32385e-05
2.13524e-05
1.26994e-05
1.21586e-05
1.68176e-05
2.54492e-05
1.5269e-05
2.03339e-05
2.87858e-05
2.31617e-05
1.682e-05
1.64613e-05
1.91589e-05
2.22032e-05
2.58088e-05
3.02461e-05
3.46549e-05
3.85524e-05
4.19476e-05
4.48309e-05
4.73491e-05
4.95529e-05
5.15565e-05
5.33847e-05
5.50341e-05
5.64855e-05
5.76106e-05
5.84045e-05
5.89104e-05
5.92059e-05
5.9233e-05
5.90099e-05
5.85147e-05
5.77137e-05
5.65975e-05
5.5288e-05
5.3721e-05
5.16452e-05
4.84734e-05
4.32397e-05
3.47288e-05
2.2714e-05
1.31137e-05
1.21354e-05
1.69475e-05
2.58954e-05
1.53424e-05
1.86238e-05
2.72775e-05
2.33029e-05
1.71547e-05
1.64558e-05
1.90033e-05
2.21085e-05
2.56942e-05
2.99294e-05
3.40885e-05
3.78668e-05
4.11995e-05
4.40746e-05
4.65534e-05
4.87541e-05
5.07751e-05
5.26249e-05
5.42775e-05
5.57004e-05
5.68508e-05
5.76753e-05
5.81764e-05
5.84725e-05
5.84144e-05
5.81323e-05
5.7599e-05
5.68574e-05
5.59235e-05
5.47945e-05
5.33653e-05
5.15313e-05
4.87242e-05
4.398e-05
3.60437e-05
2.42393e-05
1.35365e-05
1.20334e-05
1.70702e-05
2.62592e-05
1.52876e-05
1.70886e-05
2.5769e-05
2.34673e-05
1.7611e-05
1.64453e-05
1.88171e-05
2.19125e-05
2.54083e-05
2.94784e-05
3.35493e-05
3.71791e-05
4.04225e-05
4.32827e-05
4.58097e-05
4.80761e-05
5.01212e-05
5.19323e-05
5.35105e-05
5.48551e-05
5.59421e-05
5.66537e-05
5.71145e-05
5.75642e-05
5.76883e-05
5.7413e-05
5.67817e-05
5.5856e-05
5.48653e-05
5.38114e-05
5.26479e-05
5.11444e-05
4.8677e-05
4.42496e-05
3.67105e-05
2.50616e-05
1.38524e-05
1.19572e-05
1.72385e-05
2.65668e-05
1.51063e-05
1.59543e-05
2.39416e-05
2.3711e-05
1.84915e-05
1.65659e-05
1.85036e-05
2.14977e-05
2.48384e-05
2.86247e-05
3.25927e-05
3.63052e-05
3.95818e-05
4.2441e-05
4.49458e-05
4.71239e-05
4.90447e-05
5.07402e-05
5.22282e-05
5.3507e-05
5.45878e-05
5.52944e-05
5.56963e-05
5.61096e-05
5.62698e-05
5.61548e-05
5.5807e-05
5.50886e-05
5.39904e-05
5.27101e-05
5.16005e-05
5.03314e-05
4.82624e-05
4.42416e-05
3.70475e-05
2.575e-05
1.41462e-05
1.18101e-05
1.76673e-05
2.68374e-05
1.47115e-05
1.5058e-05
2.19986e-05
2.34406e-05
1.89221e-05
1.64388e-05
1.79941e-05
2.09021e-05
2.41551e-05
2.77024e-05
3.13831e-05
3.49754e-05
3.82363e-05
4.10844e-05
4.35496e-05
4.56989e-05
4.75889e-05
4.92532e-05
5.07013e-05
5.19339e-05
5.30035e-05
5.36696e-05
5.40344e-05
5.443e-05
5.46058e-05
5.44598e-05
5.40611e-05
5.34779e-05
5.27598e-05
5.17971e-05
5.07037e-05
4.94272e-05
4.76647e-05
4.41206e-05
3.716e-05
2.59961e-05
1.42722e-05
1.16266e-05
1.7911e-05
2.70826e-05
1.40762e-05
1.46069e-05
2.02621e-05
2.30838e-05
2.00148e-05
1.70748e-05
1.75327e-05
2.01123e-05
2.31389e-05
2.64176e-05
2.98454e-05
3.32504e-05
3.64525e-05
3.93157e-05
4.18197e-05
4.39954e-05
4.58761e-05
4.75072e-05
4.89098e-05
5.00894e-05
5.11616e-05
5.17659e-05
5.2125e-05
5.25313e-05
5.27258e-05
5.26084e-05
5.22529e-05
5.16568e-05
5.08752e-05
5.01146e-05
4.94582e-05
4.85403e-05
4.70725e-05
4.36329e-05
3.68334e-05
2.596e-05
1.42697e-05
1.14134e-05
1.83333e-05
2.73094e-05
1.31984e-05
1.44163e-05
1.90264e-05
2.21235e-05
2.01117e-05
1.70418e-05
1.6984e-05
1.93166e-05
2.21634e-05
2.52302e-05
2.83621e-05
3.14987e-05
3.452e-05
3.73061e-05
3.9787e-05
4.19552e-05
4.38298e-05
4.54424e-05
4.68194e-05
4.79547e-05
4.9067e-05
4.9576e-05
4.99592e-05
5.04137e-05
5.0615e-05
5.05329e-05
5.02305e-05
4.97094e-05
4.90499e-05
4.83116e-05
4.77256e-05
4.71077e-05
4.59906e-05
4.27944e-05
3.61277e-05
2.57458e-05
1.41174e-05
1.11578e-05
1.8659e-05
2.75237e-05
1.20722e-05
1.41902e-05
1.79725e-05
2.17351e-05
2.11953e-05
1.81946e-05
1.69147e-05
1.82807e-05
2.08418e-05
2.36205e-05
2.65171e-05
2.9415e-05
3.22573e-05
3.49449e-05
3.73894e-05
3.95501e-05
4.14257e-05
4.3035e-05
4.44083e-05
4.55207e-05
4.66991e-05
4.70895e-05
4.75356e-05
4.80787e-05
4.82747e-05
4.82381e-05
4.80046e-05
4.75733e-05
4.70514e-05
4.64745e-05
4.61192e-05
4.55345e-05
4.46335e-05
4.17541e-05
3.50282e-05
2.50493e-05
1.38059e-05
1.08901e-05
1.90728e-05
2.77294e-05
1.0688e-05
1.35497e-05
1.74337e-05
2.02491e-05
2.06626e-05
1.85713e-05
1.68338e-05
1.75512e-05
1.9778e-05
2.22517e-05
2.48019e-05
2.73771e-05
2.99078e-05
3.23575e-05
3.46639e-05
3.67661e-05
3.86298e-05
4.02499e-05
4.16273e-05
4.28407e-05
4.38843e-05
4.43343e-05
4.49207e-05
4.5484e-05
4.5707e-05
4.57371e-05
4.56017e-05
4.529e-05
4.49504e-05
4.45403e-05
4.44059e-05
4.3904e-05
4.31608e-05
4.03748e-05
3.34598e-05
2.40184e-05
1.33081e-05
1.05779e-05
1.94222e-05
2.79298e-05
9.11871e-06
1.38029e-05
1.68287e-05
2.10202e-05
2.14633e-05
1.96481e-05
1.74805e-05
1.68636e-05
1.83596e-05
2.06392e-05
2.28936e-05
2.51756e-05
2.74692e-05
2.96958e-05
3.18119e-05
3.37802e-05
3.55705e-05
3.71577e-05
3.8549e-05
3.98512e-05
4.07239e-05
4.13398e-05
4.20736e-05
4.26284e-05
4.29327e-05
4.30559e-05
4.30589e-05
4.29039e-05
4.27895e-05
4.25515e-05
4.26218e-05
4.20415e-05
4.13194e-05
3.84308e-05
3.13884e-05
2.2538e-05
1.25374e-05
1.02783e-05
1.98246e-05
2.81289e-05
7.46349e-06
1.33161e-05
1.6498e-05
1.88172e-05
2.17091e-05
2.03455e-05
1.82991e-05
1.68877e-05
1.74238e-05
1.92352e-05
2.12391e-05
2.31051e-05
2.49452e-05
2.68411e-05
2.87326e-05
3.05466e-05
3.22467e-05
3.37852e-05
3.52346e-05
3.64844e-05
3.72757e-05
3.8126e-05
3.89761e-05
3.95476e-05
3.9975e-05
4.0226e-05
4.04196e-05
4.04573e-05
4.05906e-05
4.0485e-05
4.06646e-05
3.98172e-05
3.89005e-05
3.60176e-05
2.87647e-05
2.05665e-05
1.16151e-05
9.9405e-06
2.01948e-05
2.83307e-05
5.94025e-06
1.25278e-05
1.70577e-05
1.85714e-05
2.138e-05
2.15731e-05
1.96122e-05
1.77562e-05
1.68795e-05
1.78984e-05
1.96478e-05
2.14132e-05
2.29779e-05
2.44075e-05
2.58457e-05
2.73459e-05
2.87823e-05
3.03118e-05
3.15823e-05
3.27863e-05
3.3716e-05
3.4712e-05
3.5634e-05
3.63097e-05
3.68965e-05
3.72976e-05
3.77366e-05
3.79693e-05
3.83009e-05
3.81315e-05
3.79784e-05
3.66462e-05
3.58691e-05
3.26347e-05
2.54745e-05
1.80182e-05
1.05293e-05
9.72244e-06
2.05868e-05
2.85394e-05
4.79212e-06
1.16158e-05
1.6936e-05
1.87353e-05
2.00284e-05
2.25843e-05
2.09303e-05
1.90973e-05
1.75329e-05
1.70461e-05
1.80832e-05
1.95825e-05
2.10881e-05
2.24812e-05
2.37232e-05
2.48311e-05
2.60835e-05
2.72287e-05
2.83544e-05
2.93385e-05
3.03766e-05
3.14244e-05
3.23169e-05
3.30692e-05
3.37887e-05
3.4349e-05
3.48695e-05
3.49545e-05
3.51109e-05
3.45466e-05
3.43047e-05
3.29804e-05
3.21527e-05
2.80608e-05
2.15857e-05
1.49916e-05
9.25846e-06
9.48472e-06
2.0934e-05
2.87571e-05
4.5772e-06
1.03294e-05
1.66642e-05
1.92617e-05
2.01442e-05
2.16397e-05
2.27354e-05
2.10049e-05
1.94215e-05
1.80664e-05
1.76112e-05
1.81915e-05
1.92087e-05
2.03332e-05
2.14906e-05
2.25296e-05
2.36525e-05
2.47148e-05
2.56444e-05
2.64065e-05
2.73687e-05
2.82759e-05
2.9107e-05
2.97796e-05
3.04216e-05
3.07619e-05
3.11318e-05
3.10609e-05
3.11402e-05
3.04428e-05
3.00986e-05
2.82703e-05
2.67611e-05
2.20671e-05
1.69471e-05
1.18892e-05
8.16048e-06
9.25565e-06
2.12563e-05
2.8993e-05
4.59511e-06
9.63849e-06
1.60026e-05
1.91378e-05
2.05613e-05
2.14923e-05
2.28826e-05
2.31102e-05
2.15426e-05
2.00977e-05
1.89318e-05
1.82348e-05
1.83056e-05
1.87521e-05
1.94347e-05
2.01601e-05
2.09443e-05
2.17548e-05
2.2684e-05
2.33781e-05
2.39412e-05
2.46464e-05
2.53346e-05
2.57776e-05
2.62429e-05
2.63698e-05
2.65087e-05
2.60926e-05
2.57336e-05
2.45163e-05
2.35551e-05
2.13691e-05
1.91899e-05
1.53795e-05
1.23001e-05
9.48713e-06
6.84727e-06
9.27608e-06
2.15646e-05
2.92751e-05
4.63938e-06
1.03002e-05
1.58498e-05
1.9463e-05
2.17126e-05
2.25961e-05
2.35256e-05
2.47321e-05
2.49649e-05
2.35439e-05
2.20499e-05
2.05735e-05
1.97127e-05
1.92472e-05
1.9085e-05
1.90861e-05
1.92078e-05
1.93474e-05
1.96178e-05
1.98349e-05
2.00553e-05
2.01602e-05
2.02053e-05
2.02048e-05
2.02072e-05
1.98343e-05
1.94957e-05
1.87072e-05
1.79673e-05
1.67132e-05
1.55125e-05
1.37051e-05
1.2222e-05
1.03758e-05
8.64106e-06
6.84701e-06
6.18617e-06
9.93593e-06
2.20161e-05
2.96544e-05
5.33051e-06
9.56014e-06
1.38467e-05
1.75362e-05
2.06361e-05
2.28344e-05
2.42518e-05
2.57627e-05
2.72747e-05
2.851e-05
2.82242e-05
2.74389e-05
2.6055e-05
2.4382e-05
2.26642e-05
2.09956e-05
1.94736e-05
1.80497e-05
1.67978e-05
1.5744e-05
1.49092e-05
1.40781e-05
1.33626e-05
1.26624e-05
1.20549e-05
1.13077e-05
1.0736e-05
9.92164e-06
9.15143e-06
8.31087e-06
7.61837e-06
6.8765e-06
6.34013e-06
5.75465e-06
5.52668e-06
5.68472e-06
7.01442e-06
1.19137e-05
2.3482e-05
3.02475e-05
6.79174e-06
5.77717e-06
8.02116e-06
1.08137e-05
1.35807e-05
1.58998e-05
1.75137e-05
1.84895e-05
1.87815e-05
1.90863e-05
1.86809e-05
1.776e-05
1.65569e-05
1.52153e-05
1.38707e-05
1.25715e-05
1.14067e-05
1.03367e-05
9.4442e-06
8.58903e-06
7.90075e-06
7.31513e-06
6.84411e-06
6.42954e-06
6.14311e-06
5.90626e-06
5.74798e-06
5.6232e-06
5.60478e-06
5.64604e-06
5.73514e-06
5.99998e-06
6.31845e-06
6.8952e-06
7.62276e-06
8.87873e-06
1.09628e-05
1.60387e-05
2.54617e-05
3.10901e-05
1.07225e-05
8.01447e-06
1.00337e-05
1.09669e-05
1.14576e-05
1.1755e-05
1.19184e-05
1.20079e-05
1.18939e-05
1.17947e-05
1.16616e-05
1.14626e-05
1.12415e-05
1.10187e-05
1.08211e-05
1.06536e-05
1.0541e-05
1.04651e-05
1.0468e-05
1.04939e-05
1.05664e-05
1.06963e-05
1.08683e-05
1.10952e-05
1.13595e-05
1.16901e-05
1.2056e-05
1.2504e-05
1.29899e-05
1.35894e-05
1.4191e-05
1.49453e-05
1.56419e-05
1.65857e-05
1.7462e-05
1.88384e-05
2.03688e-05
2.38593e-05
2.77533e-05
3.24809e-05
2.69723e-05
3.35979e-05
3.69162e-05
3.81536e-05
3.85807e-05
3.85608e-05
3.84041e-05
3.80535e-05
3.7602e-05
3.71296e-05
3.66707e-05
3.62421e-05
3.58504e-05
3.54968e-05
3.51792e-05
3.48945e-05
3.46393e-05
3.44102e-05
3.42045e-05
3.40198e-05
3.38541e-05
3.37061e-05
3.3575e-05
3.34592e-05
3.33596e-05
3.32739e-05
3.32051e-05
3.31487e-05
3.31126e-05
3.30856e-05
3.30861e-05
3.30919e-05
3.30983e-05
3.31367e-05
3.31779e-05
3.32622e-05
3.34316e-05
3.36401e-05
3.46644e-05
3.41799e-05
)
;

boundaryField
{
    movingWall
    {
        type            nutkWallFunction;
        blending        stepwise;
        value           uniform 0;
    }
    fixedWalls
    {
        type            nutkWallFunction;
        blending        stepwise;
        value           uniform 0;
    }
    frontAndBack
    {
        type            empty;
    }
}


// ************************************************************************* //
