/*--------------------------------*- C++ -*----------------------------------*\
| =========                 |                                                 |
| \\      /  F ield         | OpenFOAM: The Open Source CFD Toolbox           |
|  \\    /   O peration     | Version:  2412                                  |
|   \\  /    A nd           | Website:  www.openfoam.com                      |
|    \\/     M anipulation  |                                                 |
\*---------------------------------------------------------------------------*/
FoamFile
{
    version     2.0;
    format      ascii;
    arch        "LSB;label=32;scalar=64";
    class       volScalarField;
    location    "6";
    object      p;
}
// * * * * * * * * * * * * * * * * * * * * * * * * * * * * * * * * * * * * * //

dimensions      [0 2 -2 0 0 0 0];

internalField   nonuniform List<scalar> 
1600
(
4.9397e-08
-2.26032e-05
-9.67992e-05
-0.000196951
-0.000291307
-0.000374693
-0.000466537
-0.000586163
-0.000741407
-0.000956633
-0.00126064
-0.00162291
-0.00201941
-0.0025029
-0.00312401
-0.00386417
-0.00469351
-0.00557458
-0.00643738
-0.00716553
-0.00760455
-0.00760025
-0.00705927
-0.00596345
-0.00434299
-0.00226795
0.000130149
0.00264771
0.0050064
0.00687532
0.0079572
0.00813826
0.00756056
0.00649985
0.00539343
0.00456522
0.00413174
0.00405398
0.0041254
0.00420002
-1.46713e-05
-4.98843e-05
-0.000129387
-0.000222984
-0.000294003
-0.00034609
-0.000412222
-0.000509312
-0.000631324
-0.000785167
-0.00102774
-0.00140849
-0.00190748
-0.00252727
-0.00331412
-0.0042743
-0.00535177
-0.00642922
-0.00737606
-0.0080799
-0.00844099
-0.00837946
-0.00784852
-0.00682923
-0.00532079
-0.00337166
-0.00109025
0.00134401
0.00367365
0.00558509
0.00678889
0.00714443
0.00673285
0.00583739
0.0048443
0.00411066
0.00379482
0.00383086
0.00399411
0.00410418
-1.99484e-05
-8.29593e-05
-0.000181819
-0.000267956
-0.000312693
-0.0003248
-0.000349999
-0.000421283
-0.000558727
-0.000777722
-0.00113315
-0.00170032
-0.00250277
-0.00350378
-0.00465004
-0.00587987
-0.00710955
-0.0082411
-0.00917664
-0.00982845
-0.0101351
-0.0100529
-0.00954298
-0.00858455
-0.0071844
-0.00537214
-0.00321181
-0.000839609
0.00152755
0.00360747
0.00510973
0.00583856
0.00579932
0.00521766
0.0044468
0.00383605
0.00355375
0.0035777
0.00375566
0.00387538
1.09643e-05
-8.82291e-05
-0.000211068
-0.00028942
-0.000307253
-0.00030869
-0.000337051
-0.000434696
-0.000673163
-0.00113482
-0.00186259
-0.0028638
-0.00408795
-0.00545029
-0.00685865
-0.00823388
-0.00950122
-0.0106066
-0.0114905
-0.0120927
-0.0123684
-0.0123041
-0.0118874
-0.0110799
-0.00986427
-0.00825825
-0.00630165
-0.00407455
-0.00171602
0.000565587
0.00250833
0.00385616
0.0044753
0.00445639
0.00408567
0.00368602
0.00346381
0.00345892
0.00357775
0.00364051
0.000147101
2.37087e-08
-0.000138499
-0.000219674
-0.000251552
-0.000287918
-0.000407027
-0.000694111
-0.00124711
-0.0021338
-0.0033393
-0.00478784
-0.00636746
-0.00797629
-0.00952402
-0.0109481
-0.0122011
-0.0132471
-0.0140537
-0.0145929
-0.014849
-0.0148061
-0.0144475
-0.0137729
-0.0127768
-0.0114539
-0.00981645
-0.00788538
-0.00571647
-0.00341646
-0.00115444
0.000844418
0.00234465
0.00321637
0.00354893
0.00356262
0.00348764
0.00348236
0.00348961
0.00346549
0.000443052
0.000235338
7.51015e-05
-4.1067e-05
-0.000145589
-0.000324717
-0.00068663
-0.00134496
-0.00237093
-0.0037563
-0.00540923
-0.0072005
-0.0090016
-0.0107131
-0.0122714
-0.0136355
-0.0147845
-0.0157035
-0.0163832
-0.0168125
-0.0169872
-0.0169175
-0.0166064
-0.0160526
-0.0152544
-0.0142099
-0.0129173
-0.0113688
-0.0095587
-0.00749733
-0.00523563
-0.00288921
-0.000651427
0.00122418
0.00253281
0.00324331
0.00348695
0.00350382
0.00341806
0.00331299
0.000886011
0.000621999
0.000408851
0.000211736
-5.45527e-05
-0.000506023
-0.00126468
-0.00242078
-0.00397067
-0.00581429
-0.00779968
-0.00977608
-0.0116319
-0.0132979
-0.0147427
-0.0159548
-0.0169385
-0.0177009
-0.0182489
-0.0185836
-0.0187085
-0.0186297
-0.0183487
-0.0178718
-0.0172063
-0.0163557
-0.0153208
-0.0140952
-0.0126576
-0.0109701
-0.00898939
-0.00669738
-0.00415316
-0.00154526
0.000783908
0.00245976
0.00329228
0.00342728
0.00328448
0.00311387
0.00140711
0.00108333
0.000782648
0.000440816
-8.05894e-05
-0.000922049
-0.00218304
-0.00387591
-0.00589476
-0.00806794
-0.0102197
-0.0122198
-0.0139962
-0.0155227
-0.0168026
-0.0178517
-0.0186905
-0.0193349
-0.0197955
-0.020077
-0.0201806
-0.0201048
-0.0198516
-0.0194269
-0.0188412
-0.0181022
-0.0172174
-0.0161902
-0.0150091
-0.0136384
-0.0120105
-0.0100304
-0.0076108
-0.00476122
-0.00172258
0.000961688
0.00266554
0.00318679
0.00308407
0.00282776
0.00188909
0.00148486
0.00106037
0.000519762
-0.000337424
-0.0016453
-0.00343394
-0.00560181
-0.00795659
-0.0102952
-0.0124611
-0.0143713
-0.0160033
-0.0173709
-0.0185035
-0.0194304
-0.0201749
-0.0207508
-0.0211651
-0.0214205
-0.0215166
-0.0214503
-0.0212225
-0.0208388
-0.0203069
-0.0196351
-0.0188331
-0.0179105
-0.0168687
-0.0156898
-0.0143236
-0.0126742
-0.0105974
-0.00794175
-0.0047037
-0.00129275
0.001417
0.00270933
0.00280592
0.00239943
0.00216244
0.00167675
0.0011048
0.000324694
-0.000915182
-0.00269724
-0.00494693
-0.00745789
-0.00999137
-0.0123512
-0.0144298
-0.0161995
-0.017682
-0.0189172
-0.0199448
-0.0207944
-0.0214843
-0.0220228
-0.0224131
-0.0226562
-0.0227511
-0.022696
-0.0224916
-0.0221423
-0.0216534
-0.0210314
-0.0202845
-0.0194218
-0.0184499
-0.0173668
-0.0161483
-0.0147301
-0.0129847
-0.0107124
-0.00771587
-0.00406954
-0.000495104
0.00182036
0.00232796
0.00178564
0.00211035
0.00153852
0.000811102
-0.00022607
-0.0018384
-0.00403075
-0.00661564
-0.00931907
-0.0118905
-0.0141721
-0.0161158
-0.0177424
-0.0191012
-0.0202418
-0.0212018
-0.0220045
-0.0226618
-0.0231782
-0.023555
-0.0237919
-0.0238888
-0.023845
-0.0236615
-0.0233416
-0.0228891
-0.0223087
-0.0216063
-0.0207884
-0.0198611
-0.0188278
-0.0176818
-0.0163921
-0.0148764
-0.0129675
-0.0104049
-0.0069732
-0.00295276
0.000372811
0.00152431
0.00105581
0.0016491
0.00100997
0.000136979
-0.00113902
-0.0030638
-0.00555446
-0.0083344
-0.011094
-0.0135998
-0.0157507
-0.0175522
-0.0190564
-0.0203232
-0.0213998
-0.0223163
-0.0230889
-0.0237244
-0.0242256
-0.024593
-0.0248265
-0.0249265
-0.0248932
-0.0247279
-0.0244334
-0.0240122
-0.0234678
-0.0228043
-0.0220257
-0.0211361
-0.020139
-0.0190349
-0.0178129
-0.0164313
-0.0147816
-0.0126412
-0.00966884
-0.00569695
-0.00162106
0.000436215
0.000224403
0.000782578
0.000103314
-0.000887163
-0.0023537
-0.00450102
-0.00716707
-0.0100147
-0.0127245
-0.0151037
-0.0171086
-0.0187818
-0.0201894
-0.0213897
-0.022422
-0.023308
-0.0240583
-0.024677
-0.025166
-0.025526
-0.025757
-0.0258602
-0.0258362
-0.0256866
-0.0254137
-0.0250195
-0.0245067
-0.0238779
-0.0231358
-0.0222826
-0.0213204
-0.020251
-0.019073
-0.0177702
-0.0162838
-0.0144643
-0.0119905
-0.00842212
-0.00401525
-0.000985392
-0.000839172
-0.000409914
-0.0011006
-0.00217214
-0.00376757
-0.00604167
-0.00877301
-0.0115881
-0.0141804
-0.0164087
-0.0182745
-0.0198402
-0.0211731
-0.022324
-0.0233228
-0.0241847
-0.0249163
-0.0255205
-0.0259989
-0.0263524
-0.0265813
-0.0266872
-0.0266712
-0.0265348
-0.0262804
-0.0259094
-0.0254242
-0.0248267
-0.0241185
-0.0233008
-0.0223748
-0.0213418
-0.0202037
-0.0189571
-0.0175753
-0.0159724
-0.0139196
-0.0109089
-0.00661802
-0.00283028
-0.00224085
-0.00180569
-0.00248169
-0.00359777
-0.00526214
-0.00758023
-0.0102915
-0.0130074
-0.0154507
-0.0175288
-0.0192725
-0.0207506
-0.0220249
-0.0231367
-0.0241078
-0.0249486
-0.0256635
-0.0262546
-0.0267234
-0.027071
-0.0272981
-0.0274062
-0.0273967
-0.0272715
-0.0270326
-0.0266815
-0.0262203
-0.0256505
-0.0249735
-0.0241901
-0.0233009
-0.0223069
-0.0212106
-0.0200147
-0.0187109
-0.0172572
-0.0155171
-0.0130559
-0.00921081
-0.00508273
-0.00401154
-0.00326926
-0.00391082
-0.00504143
-0.00672392
-0.00902516
-0.0116613
-0.0142445
-0.0165347
-0.0184772
-0.0201184
-0.0215256
-0.0227526
-0.0238316
-0.0247784
-0.0256001
-0.0262998
-0.026879
-0.0273392
-0.0276815
-0.0279067
-0.0280165
-0.0280125
-0.0278963
-0.0276704
-0.0273359
-0.0268952
-0.0263497
-0.0257008
-0.0249494
-0.0240961
-0.0231421
-0.0220903
-0.0209459
-0.0197111
-0.0183703
-0.0168531
-0.0148539
-0.0116125
-0.00759356
-0.00606861
-0.00467564
-0.0052698
-0.00639123
-0.00805844
-0.010306
-0.0128402
-0.0152843
-0.0174345
-0.0192623
-0.0208201
-0.0221703
-0.0233582
-0.024409
-0.0253342
-0.0261388
-0.0268248
-0.0273935
-0.0278461
-0.0281837
-0.0284072
-0.0285183
-0.0285185
-0.0284097
-0.0281941
-0.0278732
-0.0274494
-0.0269246
-0.0263003
-0.0255778
-0.0247581
-0.0238429
-0.0228358
-0.0217434
-0.0205739
-0.0193291
-0.0179782
-0.0163371
-0.0137037
-0.0101409
-0.00824406
-0.00592014
-0.00646161
-0.00756111
-0.00919402
-0.0113723
-0.0138022
-0.0161196
-0.0181523
-0.0198882
-0.0213803
-0.0226851
-0.0238409
-0.0248677
-0.0257742
-0.0265639
-0.0272382
-0.027798
-0.0282442
-0.028578
-0.0288
-0.028912
-0.0289154
-0.0288121
-0.0286044
-0.028294
-0.0278837
-0.0273755
-0.0267717
-0.026074
-0.0252843
-0.0244049
-0.0234403
-0.0223982
-0.0212903
-0.0201313
-0.0189114
-0.017542
-0.015447
-0.0125315
-0.0103183
-0.00692332
-0.00741582
-0.00849224
-0.0100862
-0.0121938
-0.014529
-0.0167442
-0.0186877
-0.0203555
-0.0217986
-0.0230686
-0.0241989
-0.025206
-0.026097
-0.0268745
-0.0275393
-0.0280922
-0.0285335
-0.0288644
-0.0290852
-0.0291979
-0.0292035
-0.0291041
-0.028902
-0.0285991
-0.0281985
-0.0277028
-0.0271147
-0.0264369
-0.025672
-0.0248233
-0.0238964
-0.0229003
-0.0218482
-0.0207666
-0.0196521
-0.0184906
-0.0168498
-0.0146094
-0.0121418
-0.0076336
-0.00808835
-0.00915148
-0.0107108
-0.0127523
-0.0150159
-0.0171566
-0.0190407
-0.020664
-0.0220739
-0.023319
-0.0244302
-0.0254223
-0.0263015
-0.02707
-0.0277281
-0.0282761
-0.0287143
-0.0290433
-0.0292636
-0.0293767
-0.0293838
-0.0292866
-0.0290878
-0.0287893
-0.0283944
-0.0279065
-0.0273288
-0.0266649
-0.0259183
-0.0250936
-0.0241972
-0.0232401
-0.0222365
-0.021222
-0.02019
-0.0191807
-0.0178981
-0.0162103
-0.0137583
-0.00802352
-0.00846682
-0.00952472
-0.0110576
-0.0130437
-0.0152621
-0.0173603
-0.0192121
-0.0208113
-0.0222025
-0.0234328
-0.0245321
-0.0255147
-0.0263867
-0.0271497
-0.0278042
-0.02835
-0.0287871
-0.0291158
-0.0293362
-0.0294497
-0.0294574
-0.029361
-0.0291631
-0.0288658
-0.0284729
-0.0279878
-0.0274147
-0.0267577
-0.0260217
-0.0252122
-0.0243372
-0.0234092
-0.0224437
-0.021483
-0.0205119
-0.0196131
-0.018585
-0.0172651
-0.0151833
-0.00810266
-0.00855335
-0.00961539
-0.0111312
-0.0130812
-0.0152664
-0.0173567
-0.0192011
-0.0207942
-0.0221805
-0.0234064
-0.0245015
-0.0254808
-0.0263505
-0.0271125
-0.027767
-0.0283136
-0.028752
-0.0290819
-0.0293035
-0.0294177
-0.0294256
-0.0293284
-0.029129
-0.0288298
-0.0284344
-0.0279471
-0.0273723
-0.026715
-0.0259809
-0.0251767
-0.0243117
-0.0234004
-0.0224587
-0.0215359
-0.0206052
-0.0197903
-0.0189303
-0.0178429
-0.0162704
-0.0079159
-0.00837646
-0.00944493
-0.0109519
-0.0128783
-0.0150395
-0.0171424
-0.0190022
-0.0206087
-0.0220049
-0.0232372
-0.0243366
-0.0253193
-0.0261924
-0.0269581
-0.0276167
-0.0281675
-0.0286098
-0.0289432
-0.0291673
-0.0292827
-0.0292902
-0.029191
-0.0289878
-0.0286831
-0.0282807
-0.0277852
-0.0272017
-0.0265359
-0.0257942
-0.0249845
-0.024117
-0.0232079
-0.0222731
-0.0213698
-0.020456
-0.0197096
-0.0189493
-0.0180308
-0.0169066
-0.00753734
-0.00798388
-0.0090535
-0.0105496
-0.0124489
-0.014594
-0.0167141
-0.0186079
-0.0202482
-0.0216712
-0.0229222
-0.0240351
-0.0250285
-0.025911
-0.0266858
-0.027353
-0.027912
-0.0283616
-0.0287009
-0.0289292
-0.0290468
-0.029054
-0.0289518
-0.0287426
-0.028429
-0.0280149
-0.0275052
-0.0269051
-0.0262213
-0.025461
-0.0246333
-0.0237491
-0.0228256
-0.0218818
-0.0209743
-0.0200518
-0.0193655
-0.0186434
-0.0178849
-0.0170637
-0.0070467
-0.00744319
-0.00848697
-0.00995843
-0.0118184
-0.0139418
-0.0160785
-0.0180174
-0.0197075
-0.0211729
-0.022456
-0.0235929
-0.0246054
-0.0255045
-0.0262944
-0.0269757
-0.0275475
-0.0280083
-0.0283568
-0.0285915
-0.0287125
-0.0287199
-0.0286135
-0.0283963
-0.0280707
-0.0276404
-0.0271103
-0.0264859
-0.0257741
-0.024983
-0.0241228
-0.023206
-0.0222512
-0.0212786
-0.0203455
-0.019405
-0.0187369
-0.0180172
-0.0174143
-0.0167659
-0.00651454
-0.00682838
-0.00779758
-0.00922068
-0.0110227
-0.0131033
-0.0152438
-0.0172293
-0.0189798
-0.0205015
-0.0218306
-0.0230037
-0.0240457
-0.0249701
-0.0257828
-0.0264847
-0.027075
-0.0275518
-0.0279131
-0.0281572
-0.0282832
-0.0282906
-0.0281805
-0.0279536
-0.0276127
-0.0271612
-0.0266042
-0.0259471
-0.025197
-0.0243625
-0.0234549
-0.0224879
-0.0214821
-0.0204599
-0.0194808
-0.0185006
-0.0178334
-0.0170897
-0.0166161
-0.0160583
-0.0059933
-0.0062073
-0.0070516
-0.00838741
-0.0101008
-0.0121041
-0.0142198
-0.0162394
-0.0180536
-0.0196437
-0.0210338
-0.0222576
-0.0233421
-0.024303
-0.0251479
-0.0258787
-0.0264946
-0.0269933
-0.0273724
-0.0276295
-0.0277632
-0.0277727
-0.0276579
-0.0274196
-0.0270601
-0.0265825
-0.0259916
-0.0252929
-0.0244933
-0.023602
-0.0226309
-0.0215951
-0.0205178
-0.0194241
-0.0183773
-0.0173368
-0.0166541
-0.0158687
-0.015516
-0.0149893
-0.00551853
-0.00563606
-0.00631123
-0.0075059
-0.0090896
-0.0109735
-0.0130214
-0.015046
-0.0169155
-0.0185814
-0.0200479
-0.0213401
-0.0224834
-0.0234953
-0.0243849
-0.0251552
-0.0258057
-0.0263339
-0.0267368
-0.0270116
-0.0271564
-0.0271699
-0.0270511
-0.0268002
-0.0264192
-0.0259106
-0.0252788
-0.0245289
-0.0236676
-0.0227046
-0.0216526
-0.0205283
-0.0193581
-0.0181705
-0.0170334
-0.0159134
-0.0151978
-0.0143505
-0.0141449
-0.0135949
-0.00511484
-0.0051495
-0.00562346
-0.00662428
-0.0080269
-0.00974165
-0.0116675
-0.0136516
-0.0155531
-0.0172935
-0.0188498
-0.02023
-0.0214529
-0.0225347
-0.0234856
-0.0243094
-0.0250062
-0.0255736
-0.0260083
-0.026307
-0.0264674
-0.0264877
-0.026366
-0.026102
-0.0256967
-0.0251523
-0.0244725
-0.0236617
-0.0227262
-0.0216758
-0.0205242
-0.0192905
-0.0180052
-0.0167008
-0.0154513
-0.014235
-0.0134745
-0.0125602
-0.0124625
-0.0118589
-0.00478885
-0.00475321
-0.00502175
-0.00578906
-0.00695638
-0.00844295
-0.0101842
-0.0120676
-0.0139601
-0.0157598
-0.0174124
-0.0189003
-0.0202271
-0.0214032
-0.022437
-0.023333
-0.0240916
-0.0247108
-0.0251875
-0.025518
-0.0256999
-0.0257309
-0.0256085
-0.0253313
-0.0248998
-0.0243154
-0.0235804
-0.0226989
-0.0216764
-0.0205228
-0.019253
-0.0178888
-0.0164664
-0.0150226
-0.013641
-0.0123156
-0.0115021
-0.0105016
-0.0104693
-0.00975178
-0.00452352
-0.00442455
-0.00453042
-0.00503992
-0.00591867
-0.00711256
-0.00860122
-0.0103142
-0.0121408
-0.013968
-0.0157114
-0.0173216
-0.0187777
-0.0200764
-0.0212204
-0.0222125
-0.0230531
-0.0237408
-0.0242727
-0.0246456
-0.0248569
-0.0249038
-0.0247836
-0.0244946
-0.0240359
-0.0234077
-0.0226112
-0.0216497
-0.0205284
-0.019257
-0.0178516
-0.0163376
-0.014757
-0.0131524
-0.011621
-0.0101792
-0.0093076
-0.00819662
-0.00822723
-0.00732207
-0.0042808
-0.00414739
-0.00416304
-0.00440874
-0.00494634
-0.00578696
-0.0069525
-0.00842255
-0.0101166
-0.0119238
-0.0137365
-0.0154719
-0.0170779
-0.0185285
-0.0198136
-0.0209306
-0.0218784
-0.0226554
-0.0232596
-0.0236883
-0.023939
-0.0240089
-0.0238957
-0.0235972
-0.0231119
-0.0224381
-0.0215759
-0.0205279
-0.019299
-0.0178989
-0.0163444
-0.0146645
-0.0129061
-0.0111204
-0.00942089
-0.00785275
-0.00690594
-0.00566212
-0.00582313
-0.00472117
-0.00404864
-0.00394763
-0.00391027
-0.00391015
-0.00407032
-0.0044984
-0.0052753
-0.00643474
-0.00793029
-0.00966169
-0.0115069
-0.0133539
-0.0151174
-0.0167422
-0.0181981
-0.0194709
-0.0205544
-0.0214455
-0.0221424
-0.0226433
-0.022946
-0.0230485
-0.0229492
-0.0226459
-0.0221365
-0.0214188
-0.0204917
-0.0193561
-0.0180167
-0.016483
-0.0147728
-0.0129181
-0.010969
-0.00898614
-0.00709752
-0.00537301
-0.00428582
-0.00284369
-0.00320911
-0.00183058
-0.003869
-0.00382474
-0.00373303
-0.00351529
-0.00329392
-0.00326758
-0.00360642
-0.00440339
-0.00564884
-0.00725322
-0.00908768
-0.0110175
-0.0129274
-0.0147327
-0.0163781
-0.0178319
-0.0190779
-0.0201088
-0.0209212
-0.0215131
-0.021883
-0.0220307
-0.0219553
-0.0216555
-0.0211289
-0.0203737
-0.0193881
-0.0181716
-0.0167276
-0.015066
-0.0132051
-0.0111782
-0.00903722
-0.00685127
-0.00475636
-0.00282627
-0.001481
0.000319043
-2.7823e-05
0.0023223
-0.0037119
-0.00373225
-0.00358464
-0.00317189
-0.00258259
-0.00209703
-0.00198287
-0.00239623
-0.00336527
-0.00481005
-0.00659545
-0.00857156
-0.0106006
-0.012572
-0.0144061
-0.0160508
-0.017476
-0.0186661
-0.0196141
-0.0203164
-0.0207714
-0.0209798
-0.0209425
-0.0206594
-0.0201288
-0.0193489
-0.0183182
-0.0170363
-0.0155052
-0.0137334
-0.0117389
-0.00955387
-0.00723103
-0.00484461
-0.00253384
-0.000353532
0.00135212
0.00371809
0.00409499
0.00869217
-0.0034748
-0.00358495
-0.00339853
-0.00278466
-0.00186189
-0.000964954
-0.000438828
-0.000497226
-0.00120186
-0.00248574
-0.00420743
-0.00620258
-0.00831784
-0.0104239
-0.0124218
-0.0142421
-0.0158403
-0.0171907
-0.0182806
-0.0191033
-0.0196562
-0.01994
-0.0199564
-0.0197064
-0.0191905
-0.0184068
-0.0173544
-0.0160334
-0.0144463
-0.0125981
-0.0105018
-0.00818402
-0.00569296
-0.00309761
-0.000526891
0.00199088
0.0041652
0.00730923
0.00875579
0.0153762
-0.00343877
-0.00350594
-0.00316681
-0.00230076
-0.00106891
0.000153317
0.00100468
0.00122159
0.000723247
-0.000428042
-0.00208959
-0.00409078
-0.00626684
-0.0084764
-0.0106072
-0.0125767
-0.0143283
-0.0158266
-0.0170515
-0.0179926
-0.0186471
-0.0190155
-0.0190987
-0.0188981
-0.0184149
-0.0176495
-0.0166017
-0.0152731
-0.0136664
-0.0117855
-0.00963072
-0.00721501
-0.0045655
-0.00171546
0.00126769
0.00443584
0.00757358
0.0121095
0.0134896
0.0186423
-0.00256812
-0.00265817
-0.00243301
-0.00155117
-0.00015147
0.00130758
0.00238035
0.00279042
0.00243169
0.00136922
-0.000250858
-0.00225886
-0.00448575
-0.00678197
-0.0090255
-0.0111234
-0.0130099
-0.0146413
-0.01599
-0.0170425
-0.0177948
-0.0182458
-0.0183965
-0.018249
-0.0178059
-0.0170691
-0.016041
-0.0147233
-0.0131177
-0.0112424
-0.00907531
-0.00661085
-0.00383896
-0.000699201
0.00292844
0.00734979
0.0126632
0.0203425
0.0213271
0.0260326
-0.00484457
-0.004716
-0.00373539
-0.00189075
0.000180721
0.0019747
0.00318566
0.00368014
0.00339707
0.00239991
0.000822266
-0.00117458
-0.00342357
-0.00576979
-0.00808303
-0.0102623
-0.0122343
-0.01395
-0.0153792
-0.0165054
-0.0173218
-0.0178268
-0.0180218
-0.0179104
-0.0174965
-0.016784
-0.0157764
-0.0144755
-0.0128781
-0.0109587
-0.0087441
-0.00619494
-0.00325312
0.000234159
0.00456439
0.0104675
0.0186522
0.0310633
0.0379148
0.0687074
-0.0033372
0.000178878
0.000857253
0.000947714
0.00181039
0.00301299
0.00389576
0.00415416
0.00371763
0.0026474
0.00105391
-0.000929214
-0.0031548
-0.005479
-0.0077766
-0.0099479
-0.0119188
-0.0136382
-0.0150749
-0.0162112
-0.0170378
-0.0175519
-0.0177545
-0.0176483
-0.0172365
-0.0165219
-0.0155056
-0.0141867
-0.0125601
-0.0106189
-0.00836077
-0.00575707
-0.00269156
0.00101166
0.00560309
0.0117534
0.0199084
0.0345788
0.0583822
0.152611
)
;

boundaryField
{
    movingWall
    {
        type            zeroGradient;
    }
    fixedWalls
    {
        type            zeroGradient;
    }
    frontAndBack
    {
        type            empty;
    }
}


// ************************************************************************* //
