/*--------------------------------*- C++ -*----------------------------------*\
| =========                 |                                                 |
| \\      /  F ield         | OpenFOAM: The Open Source CFD Toolbox           |
|  \\    /   O peration     | Version:  2412                                  |
|   \\  /    A nd           | Website:  www.openfoam.com                      |
|    \\/     M anipulation  |                                                 |
\*---------------------------------------------------------------------------*/
FoamFile
{
    version     2.0;
    format      ascii;
    arch        "LSB;label=32;scalar=64";
    class       surfaceScalarField;
    location    "6";
    object      phi;
}
// * * * * * * * * * * * * * * * * * * * * * * * * * * * * * * * * * * * * * //

dimensions      [0 3 -1 0 0 0 0];

oriented        oriented;

internalField   nonuniform List<scalar> 
3120
(
8.57001e-08
-8.57048e-08
1.9496e-07
-1.0926e-07
2.72031e-07
-7.70711e-08
3.01825e-07
-2.97943e-08
2.9986e-07
1.96532e-09
2.88197e-07
1.16631e-08
2.70423e-07
1.77741e-08
2.33852e-07
3.65701e-08
1.65995e-07
6.78569e-08
4.52912e-08
1.20704e-07
-1.45859e-07
1.91151e-07
-4.27835e-07
2.81975e-07
-8.16396e-07
3.88561e-07
-1.2956e-06
4.79209e-07
-1.82997e-06
5.34368e-07
-2.38213e-06
5.52159e-07
-2.91348e-06
5.31346e-07
-3.3883e-06
4.74825e-07
-3.7792e-06
3.90896e-07
-4.07217e-06
2.92969e-07
-4.2648e-06
1.92631e-07
-4.36051e-06
9.57087e-08
-4.36332e-06
2.81107e-09
-4.27277e-06
-9.05528e-08
-4.08559e-06
-1.87178e-07
-3.79699e-06
-2.88602e-07
-3.40388e-06
-3.93106e-07
-2.90907e-06
-4.94808e-07
-2.3243e-06
-5.84776e-07
-1.67406e-06
-6.50242e-07
-9.98456e-07
-6.756e-07
-3.53654e-07
-6.44802e-07
1.9751e-07
-5.51164e-07
6.03438e-07
-4.05928e-07
8.28127e-07
-2.2469e-07
8.68527e-07
-4.03998e-08
7.24564e-07
1.43963e-07
4.66162e-07
2.58402e-07
1.9647e-07
2.69692e-07
1.9647e-07
1.33716e-07
-2.19421e-07
2.75697e-07
-2.51241e-07
3.61249e-07
-1.62623e-07
3.79659e-07
-4.82053e-08
3.40407e-07
4.12177e-08
2.56608e-07
9.54618e-08
1.21995e-07
1.52387e-07
-8.93572e-08
2.47922e-07
-4.05132e-07
3.83632e-07
-8.41962e-07
5.57534e-07
-1.39836e-06
7.47547e-07
-2.04097e-06
9.24583e-07
-2.71055e-06
1.05815e-06
-3.35549e-06
1.12414e-06
-3.93997e-06
1.11885e-06
-4.4372e-06
1.04939e-06
-4.83658e-06
9.30718e-07
-5.1432e-06
7.81444e-07
-5.37049e-06
6.18191e-07
-5.52863e-06
4.51112e-07
-5.62136e-06
2.85354e-07
-5.64608e-06
1.20432e-07
-5.59561e-06
-4.76627e-08
-5.46461e-06
-2.21552e-07
-5.24776e-06
-4.04022e-07
-4.94067e-06
-5.95696e-07
-4.5388e-06
-7.94972e-07
-4.03984e-06
-9.93773e-07
-3.44767e-06
-1.17695e-06
-2.77719e-06
-1.32072e-06
-2.05859e-06
-1.3942e-06
-1.33724e-06
-1.36615e-06
-6.71014e-07
-1.21739e-06
-1.20359e-07
-9.56583e-07
2.75023e-07
-6.20072e-07
4.881e-07
-2.53477e-07
5.37768e-07
9.42952e-08
4.25355e-07
3.70815e-07
2.07708e-07
4.87339e-07
4.04178e-07
1.52301e-07
-3.71723e-07
2.63046e-07
-3.61985e-07
2.94296e-07
-1.93874e-07
2.49868e-07
-3.77705e-09
1.28515e-07
1.6257e-07
-8.20275e-08
3.06004e-07
-4.01674e-07
4.72033e-07
-8.43569e-07
6.89818e-07
-1.41118e-06
9.51245e-07
-2.07639e-06
1.22275e-06
-2.78846e-06
1.45962e-06
-3.48406e-06
1.62018e-06
-4.11068e-06
1.68477e-06
-4.64165e-06
1.65511e-06
-5.0719e-06
1.5491e-06
-5.40977e-06
1.38726e-06
-5.67199e-06
1.19294e-06
-5.87405e-06
9.83505e-07
-6.0256e-06
7.6974e-07
-6.13081e-06
5.56322e-07
-6.1887e-06
3.43242e-07
-6.1967e-06
1.28438e-07
-6.15351e-06
-9.08527e-08
-6.05505e-06
-3.20018e-07
-5.8927e-06
-5.66368e-07
-5.65734e-06
-8.31061e-07
-5.3402e-06
-1.11211e-06
-4.93175e-06
-1.40223e-06
-4.42483e-06
-1.68387e-06
-3.81908e-06
-1.92647e-06
-3.12665e-06
-2.08663e-06
-2.37819e-06
-2.11461e-06
-1.62691e-06
-1.96867e-06
-9.44822e-07
-1.63867e-06
-4.02104e-07
-1.16279e-06
-3.43968e-08
-6.21183e-07
1.6306e-07
-1.03161e-07
1.95378e-07
3.38496e-07
1.10432e-07
5.72284e-07
5.1461e-07
1.2546e-07
-4.97183e-07
1.60816e-07
-3.97341e-07
1.00316e-07
-1.33374e-07
-4.76519e-08
1.44191e-07
-2.87719e-07
4.02637e-07
-6.46002e-07
6.64287e-07
-1.13853e-06
9.64562e-07
-1.75726e-06
1.30854e-06
-2.46148e-06
1.65546e-06
-3.18408e-06
1.94535e-06
-3.85811e-06
2.13365e-06
-4.439e-06
2.20107e-06
-4.9111e-06
2.15687e-06
-5.28044e-06
2.02446e-06
-5.56261e-06
1.83127e-06
-5.77818e-06
1.60282e-06
-5.94303e-06
1.35779e-06
-6.06763e-06
1.1081e-06
-6.15755e-06
8.59668e-07
-6.21668e-06
6.15447e-07
-6.24823e-06
3.74796e-07
-6.25178e-06
1.31989e-07
-6.22565e-06
-1.16988e-07
-6.16919e-06
-3.76472e-07
-6.07972e-06
-6.5584e-07
-5.9499e-06
-9.60885e-07
-5.76646e-06
-1.29554e-06
-5.51105e-06
-1.65763e-06
-5.16241e-06
-2.03251e-06
-4.70056e-06
-2.38832e-06
-4.1136e-06
-2.67359e-06
-3.407e-06
-2.82122e-06
-2.61412e-06
-2.76155e-06
-1.8055e-06
-2.44728e-06
-1.08131e-06
-1.88699e-06
-5.29608e-07
-1.17288e-06
-1.8291e-07
-4.49859e-07
-1.0641e-08
1.66227e-07
2.00361e-08
5.41607e-07
5.34646e-07
5.28573e-08
-5.5004e-07
-1.24664e-08
-3.32018e-07
-1.73948e-07
2.81077e-08
-4.27585e-07
3.97827e-07
-7.93469e-07
7.68521e-07
-1.29207e-06
1.16289e-06
-1.91653e-06
1.58902e-06
-2.61712e-06
2.00914e-06
-3.32077e-06
2.35911e-06
-3.96058e-06
2.58516e-06
-4.49416e-06
2.66723e-06
-4.90976e-06
2.61667e-06
-5.21583e-06
2.46293e-06
-5.43204e-06
2.24067e-06
-5.57903e-06
1.97826e-06
-5.67474e-06
1.69854e-06
-5.73164e-06
1.41468e-06
-5.7595e-06
1.13597e-06
-5.76613e-06
8.66293e-07
-5.75712e-06
6.06439e-07
-5.73611e-06
3.53785e-07
-5.70935e-06
1.05233e-07
-5.6821e-06
-1.4424e-07
-5.65541e-06
-4.03167e-07
-5.62988e-06
-6.81364e-07
-5.60186e-06
-9.88906e-07
-5.56185e-06
-1.33556e-06
-5.4923e-06
-1.72718e-06
-5.36423e-06
-2.16058e-06
-5.13795e-06
-2.61461e-06
-4.77046e-06
-3.04109e-06
-4.2303e-06
-3.36138e-06
-3.51458e-06
-3.47726e-06
-2.6656e-06
-3.29626e-06
-1.78248e-06
-2.77011e-06
-1.00879e-06
-1.94657e-06
-4.60974e-07
-9.97674e-07
-1.48939e-07
-1.45808e-07
-2.34686e-08
4.16137e-07
5.11178e-07
-4.95392e-08
-5.00501e-07
-2.18297e-07
-1.6326e-07
-4.79019e-07
2.8883e-07
-8.4071e-07
7.59518e-07
-1.32288e-06
1.25069e-06
-1.92298e-06
1.76299e-06
-2.59656e-06
2.26259e-06
-3.27071e-06
2.68329e-06
-3.8757e-06
2.9641e-06
-4.36712e-06
3.07659e-06
-4.7305e-06
3.03061e-06
-4.97482e-06
2.86099e-06
-5.12091e-06
2.60902e-06
-5.19196e-06
2.31171e-06
-5.20904e-06
1.99534e-06
-5.18912e-06
1.67862e-06
-5.14638e-06
1.37195e-06
-5.09191e-06
1.08149e-06
-5.0341e-06
8.08489e-07
-4.97877e-06
5.51107e-07
-4.93038e-06
3.05397e-07
-4.89086e-06
6.57123e-08
-4.85942e-06
-1.7568e-07
-4.83833e-06
-4.24259e-07
-4.8322e-06
-6.87499e-07
-4.84556e-06
-9.75544e-07
-4.88096e-06
-1.30015e-06
-4.93421e-06
-1.67393e-06
-4.98744e-06
-2.10735e-06
-5.00193e-06
-2.60012e-06
-4.91605e-06
-3.12696e-06
-4.65585e-06
-3.62158e-06
-4.16214e-06
-3.97097e-06
-3.424e-06
-4.03441e-06
-2.50212e-06
-3.692e-06
-1.54341e-06
-2.90528e-06
-7.49294e-07
-1.79179e-06
-2.49496e-07
-6.45606e-07
-3.62082e-08
2.02849e-07
4.74969e-07
-1.56831e-07
-3.4367e-07
-4.28575e-07
1.08484e-07
-7.83941e-07
6.44196e-07
-1.24159e-06
1.21717e-06
-1.80519e-06
1.81429e-06
-2.44045e-06
2.39825e-06
-3.08133e-06
2.90347e-06
-3.65767e-06
3.25964e-06
-4.11865e-06
3.42507e-06
-4.44346e-06
3.4014e-06
-4.63897e-06
3.22612e-06
-4.72823e-06
2.95026e-06
-4.73942e-06
2.6202e-06
-4.69874e-06
2.27104e-06
-4.62901e-06
1.92561e-06
-4.54793e-06
1.59754e-06
-4.46826e-06
1.29228e-06
-4.3968e-06
1.01004e-06
-4.33568e-06
7.47366e-07
-4.28372e-06
4.99144e-07
-4.23807e-06
2.59747e-07
-4.19629e-06
2.39311e-08
-4.15789e-06
-2.14073e-07
-4.12502e-06
-4.57133e-07
-4.10209e-06
-7.10426e-07
-4.09738e-06
-9.80254e-07
-4.12215e-06
-1.27538e-06
-4.18754e-06
-1.60853e-06
-4.29809e-06
-1.99681e-06
-4.44006e-06
-2.45815e-06
-4.56767e-06
-2.99935e-06
-4.596e-06
-3.59326e-06
-4.41541e-06
-4.15155e-06
-3.93536e-06
-4.51446e-06
-3.14193e-06
-4.48542e-06
-2.13406e-06
-3.91315e-06
-1.13248e-06
-2.79336e-06
-4.01299e-07
-1.37679e-06
-5.41597e-08
-1.44291e-07
4.2081e-07
-2.60891e-07
-8.27791e-08
-6.20191e-07
4.67784e-07
-1.05666e-06
1.08067e-06
-1.58198e-06
1.74249e-06
-2.1756e-06
2.40792e-06
-2.78419e-06
3.00684e-06
-3.34015e-06
3.45943e-06
-3.78641e-06
3.70589e-06
-4.09258e-06
3.73125e-06
-4.26066e-06
3.56948e-06
-4.31543e-06
3.28088e-06
-4.29028e-06
2.92511e-06
-4.21784e-06
2.54776e-06
-4.12559e-06
2.17878e-06
-4.03393e-06
1.83395e-06
-3.95476e-06
1.51837e-06
-3.89229e-06
1.22981e-06
-3.84473e-06
9.62479e-07
-3.80735e-06
7.09986e-07
-3.7747e-06
4.6649e-07
-3.74228e-06
2.27336e-07
-3.70738e-06
-1.09697e-08
-3.66983e-06
-2.51624e-07
-3.63001e-06
-4.96953e-07
-3.59053e-06
-7.49904e-07
-3.55727e-06
-1.01352e-06
-3.54047e-06
-1.29218e-06
-3.55556e-06
-1.59344e-06
-3.62164e-06
-1.93073e-06
-3.75361e-06
-2.32618e-06
-3.94483e-06
-2.80813e-06
-4.14379e-06
-3.39429e-06
-4.24049e-06
-4.05486e-06
-4.087e-06
-4.66795e-06
-3.5661e-06
-5.00633e-06
-2.67816e-06
-4.80108e-06
-1.59069e-06
-3.88083e-06
-6.279e-07
-2.33958e-06
-9.51691e-08
-6.77023e-07
3.25641e-07
-3.447e-07
2.61921e-07
-7.75206e-07
8.9829e-07
-1.26908e-06
1.57454e-06
-1.82226e-06
2.29567e-06
-2.39964e-06
2.9853e-06
-2.94203e-06
3.54923e-06
-3.38874e-06
3.90614e-06
-3.69851e-06
4.01565e-06
-3.86366e-06
3.8964e-06
-3.90767e-06
3.61348e-06
-3.86819e-06
3.2414e-06
-3.78353e-06
2.84045e-06
-3.68558e-06
2.44981e-06
-3.59623e-06
2.08944e-06
-3.52644e-06
1.76416e-06
-3.47761e-06
1.46954e-06
-3.44537e-06
1.19757e-06
-3.42322e-06
9.40325e-07
-3.40508e-06
6.91846e-07
-3.3864e-06
4.47814e-07
-3.36436e-06
2.05293e-07
-3.33745e-06
-3.78819e-08
-3.30532e-06
-2.83755e-07
-3.26792e-06
-5.3435e-07
-3.2263e-06
-7.91528e-07
-3.18292e-06
-1.05689e-06
-3.14282e-06
-1.33229e-06
-3.11558e-06
-1.62068e-06
-3.1179e-06
-1.9284e-06
-3.17439e-06
-2.2697e-06
-3.30978e-06
-2.67274e-06
-3.52495e-06
-3.17912e-06
-3.76037e-06
-3.81944e-06
-3.87511e-06
-4.55321e-06
-3.68237e-06
-5.19907e-06
-3.05451e-06
-5.42894e-06
-2.04368e-06
-4.89166e-06
-9.3976e-07
-3.44351e-06
-1.89784e-07
-1.427e-06
1.35857e-07
-4.05573e-07
6.67493e-07
-8.81242e-07
1.37396e-06
-1.40082e-06
2.09411e-06
-1.94637e-06
2.84122e-06
-2.47626e-06
3.51519e-06
-2.93279e-06
4.00576e-06
-3.26539e-06
4.23875e-06
-3.45184e-06
4.2021e-06
-3.5081e-06
3.95267e-06
-3.47313e-06
3.57852e-06
-3.38997e-06
3.15824e-06
-3.29477e-06
2.74526e-06
-3.21166e-06
2.36669e-06
-3.15125e-06
2.02903e-06
-3.11352e-06
1.72643e-06
-3.0925e-06
1.44852e-06
-3.08094e-06
1.18601e-06
-3.07287e-06
9.32248e-07
-3.06418e-06
6.83158e-07
-3.05247e-06
4.36105e-07
-3.03644e-06
1.89258e-07
-3.01539e-06
-5.89251e-08
-2.98906e-06
-3.10091e-07
-2.95745e-06
-5.6596e-07
-2.92096e-06
-8.28015e-07
-2.88039e-06
-1.09746e-06
-2.8374e-06
-1.37528e-06
-2.79572e-06
-1.66237e-06
-2.76359e-06
-1.96053e-06
-2.7578e-06
-2.27549e-06
-2.80685e-06
-2.62369e-06
-2.94362e-06
-3.04234e-06
-3.17295e-06
-3.59011e-06
-3.41812e-06
-4.30804e-06
-3.4961e-06
-5.1211e-06
-3.18603e-06
-5.73901e-06
-2.38922e-06
-5.68847e-06
-1.27601e-06
-4.55672e-06
-3.15646e-07
-2.38736e-06
-1.79789e-07
-4.36846e-07
1.10434e-06
-9.31661e-07
1.86878e-06
-1.44735e-06
2.6098e-06
-1.95938e-06
3.35325e-06
-2.42469e-06
3.9805e-06
-2.79016e-06
4.37123e-06
-3.01804e-06
4.46663e-06
-3.10843e-06
4.29249e-06
-3.09555e-06
3.93979e-06
-3.02511e-06
3.50808e-06
-2.93784e-06
3.07097e-06
-2.86137e-06
2.66878e-06
-2.80797e-06
2.3133e-06
-2.77759e-06
1.99864e-06
-2.76375e-06
1.71259e-06
-2.75892e-06
1.44369e-06
-2.75724e-06
1.18434e-06
-2.75506e-06
9.30061e-07
-2.75032e-06
6.78417e-07
-2.74199e-06
4.27776e-07
-2.72954e-06
1.76812e-07
-2.71268e-06
-7.57835e-08
-2.69133e-06
-3.31448e-07
-2.66558e-06
-5.91709e-07
-2.63566e-06
-8.57933e-07
-2.60182e-06
-1.1313e-06
-2.56441e-06
-1.41269e-06
-2.52425e-06
-1.70252e-06
-2.48382e-06
-2.00096e-06
-2.45022e-06
-2.30909e-06
-2.44082e-06
-2.63309e-06
-2.4887e-06
-2.99446e-06
-2.63349e-06
-3.44532e-06
-2.87484e-06
-4.06669e-06
-3.09975e-06
-4.89618e-06
-3.0708e-06
-5.76796e-06
-2.55853e-06
-6.20074e-06
-1.56506e-06
-5.5502e-06
-4.72768e-07
-3.47965e-06
-6.52558e-07
-4.39647e-07
1.54399e-06
-9.28203e-07
2.35733e-06
-1.41702e-06
3.09861e-06
-1.87919e-06
3.81542e-06
-2.27325e-06
4.37456e-06
-2.55252e-06
4.65049e-06
-2.69558e-06
4.60969e-06
-2.72231e-06
4.31922e-06
-2.67642e-06
3.8939e-06
-2.60246e-06
3.43411e-06
-2.53311e-06
3.00162e-06
-2.48447e-06
2.62014e-06
-2.45838e-06
2.28721e-06
-2.44884e-06
1.9891e-06
-2.44826e-06
1.71201e-06
-2.45082e-06
1.44625e-06
-2.45302e-06
1.18654e-06
-2.45307e-06
9.30114e-07
-2.45012e-06
6.75465e-07
-2.44378e-06
4.21435e-07
-2.43387e-06
1.66901e-07
-2.42031e-06
-8.93484e-08
-2.40313e-06
-3.48624e-07
-2.3825e-06
-6.12334e-07
-2.35861e-06
-8.8183e-07
-2.33155e-06
-1.15836e-06
-2.30132e-06
-1.44291e-06
-2.26778e-06
-1.73606e-06
-2.23096e-06
-2.03778e-06
-2.19236e-06
-2.34769e-06
-2.15872e-06
-2.66673e-06
-2.14971e-06
-3.00348e-06
-2.20504e-06
-3.38999e-06
-2.36828e-06
-3.90345e-06
-2.61567e-06
-4.64879e-06
-2.76913e-06
-5.6145e-06
-2.53724e-06
-6.43263e-06
-1.75256e-06
-6.33487e-06
-6.54384e-07
-4.57783e-06
-1.30694e-06
-4.18606e-07
1.96259e-06
-8.79126e-07
2.81785e-06
-1.32503e-06
3.54452e-06
-1.7288e-06
4.21919e-06
-2.05206e-06
4.69782e-06
-2.25708e-06
4.85551e-06
-2.33941e-06
4.69203e-06
-2.33164e-06
4.31144e-06
-2.27888e-06
3.84114e-06
-2.21902e-06
3.37425e-06
-2.17419e-06
2.9568e-06
-2.15028e-06
2.59623e-06
-2.14302e-06
2.27994e-06
-2.14516e-06
1.99124e-06
-2.15072e-06
1.71758e-06
-2.15619e-06
1.45172e-06
-2.15981e-06
1.19016e-06
-2.16087e-06
9.31173e-07
-2.15908e-06
6.73667e-07
-2.15432e-06
4.16684e-07
-2.14661e-06
1.59189e-07
-2.13597e-06
-9.99877e-08
-2.12251e-06
-3.62089e-07
-2.10639e-06
-6.28454e-07
-2.08777e-06
-9.00451e-07
-2.06671e-06
-1.17941e-06
-2.04312e-06
-1.46651e-06
-2.0166e-06
-1.76258e-06
-1.98645e-06
-2.06793e-06
-1.95203e-06
-2.38211e-06
-1.91441e-06
-2.70435e-06
-1.88141e-06
-3.03647e-06
-1.87802e-06
-3.39339e-06
-1.95291e-06
-3.82856e-06
-2.1434e-06
-4.45829e-06
-2.36773e-06
-5.39018e-06
-2.35561e-06
-6.44475e-06
-1.81457e-06
-6.87591e-06
-7.97504e-07
-5.5949e-06
-2.10445e-06
-3.78726e-07
2.34132e-06
-7.95486e-07
3.23461e-06
-1.18834e-06
3.93738e-06
-1.53051e-06
4.56136e-06
-1.78848e-06
4.95579e-06
-1.93485e-06
5.00187e-06
-1.97879e-06
4.73597e-06
-1.95803e-06
4.29069e-06
-1.91333e-06
3.79644e-06
-1.87345e-06
3.33437e-06
-1.85068e-06
2.93403e-06
-1.84425e-06
2.5898e-06
-1.84794e-06
2.28364e-06
-1.85574e-06
1.99903e-06
-1.8638e-06
1.72565e-06
-1.87032e-06
1.45823e-06
-1.87458e-06
1.19442e-06
-1.87637e-06
9.32963e-07
-1.87566e-06
6.72964e-07
-1.87251e-06
4.13529e-07
-1.86698e-06
1.53656e-07
-1.85916e-06
-1.07803e-07
-1.84918e-06
-3.72067e-07
-1.83719e-06
-6.40442e-07
-1.82333e-06
-9.14317e-07
-1.80763e-06
-1.19511e-06
-1.78996e-06
-1.48418e-06
-1.76987e-06
-1.78267e-06
-1.7465e-06
-2.0913e-06
-1.7186e-06
-2.41001e-06
-1.68505e-06
-2.73791e-06
-1.64727e-06
-3.07425e-06
-1.61662e-06
-3.42404e-06
-1.62785e-06
-3.81734e-06
-1.7376e-06
-4.34853e-06
-1.94789e-06
-5.17989e-06
-2.06882e-06
-6.32381e-06
-1.75699e-06
-7.18775e-06
-8.80902e-07
-6.47098e-06
-2.98535e-06
-3.25351e-07
2.66667e-06
-6.87675e-07
3.59694e-06
-1.02241e-06
4.27212e-06
-1.30382e-06
4.84277e-06
-1.50458e-06
5.15655e-06
-1.60775e-06
5.10504e-06
-1.63068e-06
4.7589e-06
-1.61016e-06
4.27017e-06
-1.57953e-06
3.76581e-06
-1.55844e-06
3.31328e-06
-1.55192e-06
2.92751e-06
-1.55615e-06
2.59403e-06
-1.56542e-06
2.29291e-06
-1.57558e-06
2.00919e-06
-1.5845e-06
1.73457e-06
-1.59141e-06
1.46514e-06
-1.59611e-06
1.19912e-06
-1.59866e-06
9.35515e-07
-1.59917e-06
6.73469e-07
-1.59773e-06
4.12096e-07
-1.59447e-06
1.50389e-07
-1.58949e-06
-1.12783e-07
-1.58291e-06
-3.7864e-07
-1.57488e-06
-6.48479e-07
-1.56548e-06
-9.23709e-07
-1.55476e-06
-1.20583e-06
-1.54256e-06
-1.49638e-06
-1.52842e-06
-1.79681e-06
-1.51147e-06
-2.10825e-06
-1.49033e-06
-2.43115e-06
-1.46323e-06
-2.765e-06
-1.42902e-06
-3.10846e-06
-1.39107e-06
-3.46199e-06
-1.36841e-06
-3.83999e-06
-1.40983e-06
-4.30711e-06
-1.56333e-06
-5.02639e-06
-1.73647e-06
-6.15067e-06
-1.60721e-06
-7.31701e-06
-9.03585e-07
-7.1746e-06
-3.88893e-06
-2.63335e-07
2.93e-06
-5.64893e-07
3.89849e-06
-8.39854e-07
4.54708e-06
-1.06353e-06
5.06644e-06
-1.21599e-06
5.30901e-06
-1.28891e-06
5.17796e-06
-1.30252e-06
4.7725e-06
-1.28871e-06
4.25637e-06
-1.27254e-06
3.74963e-06
-1.26609e-06
3.30683e-06
-1.27002e-06
2.93144e-06
-1.27996e-06
2.60397e-06
-1.29161e-06
2.30455e-06
-1.30245e-06
2.02004e-06
-1.31149e-06
1.74361e-06
-1.31853e-06
1.47217e-06
-1.32366e-06
1.20425e-06
-1.32705e-06
9.3891e-07
-1.32888e-06
6.75295e-07
-1.32928e-06
4.12498e-07
-1.32838e-06
1.49484e-07
-1.32629e-06
-1.14875e-07
-1.32312e-06
-3.81801e-07
-1.319e-06
-6.52605e-07
-1.31399e-06
-9.28714e-07
-1.30812e-06
-1.21171e-06
-1.30122e-06
-1.50328e-06
-1.29286e-06
-1.80517e-06
-1.28219e-06
-2.11892e-06
-1.26781e-06
-2.44553e-06
-1.24782e-06
-2.78499e-06
-1.22019e-06
-3.13609e-06
-1.18458e-06
-3.49759e-06
-1.14937e-06
-3.87521e-06
-1.14758e-06
-4.3089e-06
-1.23837e-06
-4.93561e-06
-1.40759e-06
-5.98145e-06
-1.40173e-06
-7.32286e-06
-8.77113e-07
-7.69923e-06
-4.76605e-06
-1.96446e-07
3.12645e-06
-4.34167e-07
4.13621e-06
-6.49675e-07
4.76258e-06
-8.19875e-07
5.23664e-06
-9.32174e-07
5.42131e-06
-9.84402e-07
5.23019e-06
-9.9549e-07
4.78359e-06
-9.90406e-07
4.25128e-06
-9.86402e-07
3.74563e-06
-9.90017e-07
3.31045e-06
-9.99897e-07
2.94132e-06
-1.01233e-06
2.6164e-06
-1.02451e-06
2.31673e-06
-1.03514e-06
2.03067e-06
-1.04392e-06
1.75239e-06
-1.05095e-06
1.47921e-06
-1.05648e-06
1.20978e-06
-1.06074e-06
9.4317e-07
-1.06393e-06
6.78489e-07
-1.06623e-06
4.1479e-07
-1.06775e-06
1.51003e-07
-1.06861e-06
-1.14015e-07
-1.06892e-06
-3.81491e-07
-1.06876e-06
-6.5276e-07
-1.06821e-06
-9.29271e-07
-1.06724e-06
-1.21267e-06
-1.06572e-06
-1.50481e-06
-1.06322e-06
-1.80767e-06
-1.05893e-06
-2.12321e-06
-1.0515e-06
-2.45295e-06
-1.03904e-06
-2.79745e-06
-1.01927e-06
-3.15586e-06
-9.90466e-07
-3.5264e-06
-9.55188e-07
-3.91049e-06
-9.32683e-07
-4.3314e-06
-9.74339e-07
-4.89395e-06
-1.11263e-06
-5.84316e-06
-1.17586e-06
-7.25963e-06
-8.18105e-07
-8.05698e-06
-5.58415e-06
-1.27623e-07
3.25407e-06
-3.00481e-07
4.30907e-06
-4.58189e-07
4.92029e-06
-5.78803e-07
5.35726e-06
-6.57279e-07
5.49979e-06
-6.95434e-07
5.26834e-06
-7.07392e-07
4.79555e-06
-7.10625e-07
4.25451e-06
-7.15739e-07
3.75074e-06
-7.25593e-07
3.3203e-06
-7.38298e-07
2.95403e-06
-7.51245e-07
2.62935e-06
-7.62891e-07
2.32837e-06
-7.72773e-07
2.04055e-06
-7.81e-07
1.76061e-06
-7.8787e-07
1.48608e-06
-7.93702e-07
1.21561e-06
-7.98772e-07
9.4824e-07
-8.03305e-07
6.83022e-07
-8.07482e-07
4.18967e-07
-8.11448e-07
1.54969e-07
-8.15317e-07
-1.10145e-07
-8.1919e-07
-3.77619e-07
-8.23137e-07
-6.48812e-07
-8.272e-07
-9.25209e-07
-8.31352e-07
-1.20852e-06
-8.35439e-07
-1.50072e-06
-8.39076e-07
-1.80403e-06
-8.41503e-07
-2.12079e-06
-8.41438e-07
-2.45302e-06
-8.37021e-07
-2.80187e-06
-8.25946e-07
-3.16694e-06
-8.06042e-07
-3.5463e-06
-7.77219e-07
-3.93931e-06
-7.4961e-07
-4.35901e-06
-7.61335e-07
-4.88223e-06
-8.64461e-07
-5.74003e-06
-9.55499e-07
-7.1686e-06
-7.39412e-07
-8.27307e-06
-6.32356e-06
-5.84676e-08
3.31254e-06
-1.66667e-07
4.41727e-06
-2.68901e-07
5.02253e-06
-3.43381e-07
5.43174e-06
-3.92325e-07
5.54873e-06
-4.20283e-07
5.2963e-06
-4.34349e-07
4.80962e-06
-4.44582e-07
4.26475e-06
-4.56129e-07
3.76229e-06
-4.69507e-07
3.33368e-06
-4.83064e-07
2.96758e-06
-4.95337e-07
2.64162e-06
-5.05776e-07
2.33881e-06
-5.14503e-07
2.04928e-06
-5.21905e-07
1.76801e-06
-5.28402e-07
1.49257e-06
-5.34368e-07
1.22158e-06
-5.40114e-07
9.53986e-07
-5.45887e-07
6.88795e-07
-5.51889e-07
4.2497e-07
-5.58286e-07
1.61365e-07
-5.65202e-07
-1.03229e-07
-5.72734e-07
-3.70086e-07
-5.80949e-07
-6.40597e-07
-5.89863e-07
-9.16294e-07
-5.99431e-07
-1.19895e-06
-6.09489e-07
-1.49066e-06
-6.19671e-07
-1.79385e-06
-6.29276e-07
-2.11118e-06
-6.37111e-07
-2.44518e-06
-6.41397e-07
-2.79758e-06
-6.3987e-07
-3.16846e-06
-6.3028e-07
-3.55589e-06
-6.11542e-07
-3.95805e-06
-5.88741e-07
-4.38181e-06
-5.87747e-07
-4.88322e-06
-6.63124e-07
-5.66466e-06
-7.55935e-07
-7.07578e-06
-6.48624e-07
-8.38038e-06
-6.97219e-06
1.11782e-08
3.30136e-06
-3.42035e-08
4.46265e-06
-8.30405e-08
5.07136e-06
-1.15424e-07
5.46412e-06
-1.37233e-07
5.57054e-06
-1.56177e-07
5.31525e-06
-1.71864e-07
4.8253e-06
-1.87659e-07
4.28054e-06
-2.03825e-07
3.77846e-06
-2.19166e-07
3.34902e-06
-2.32504e-07
2.98092e-06
-2.43437e-07
2.65255e-06
-2.52226e-07
2.3476e-06
-2.59453e-07
2.05651e-06
-2.65732e-07
1.77429e-06
-2.7159e-07
1.49843e-06
-2.77458e-07
1.22745e-06
-2.83681e-07
9.6021e-07
-2.90542e-07
6.95656e-07
-2.98265e-07
4.32693e-07
-3.0704e-07
1.70141e-07
-3.17015e-07
-9.32549e-08
-3.2829e-07
-3.5881e-07
-3.40939e-07
-6.27948e-07
-3.54958e-07
-9.02275e-07
-3.70282e-07
-1.18363e-06
-3.86733e-07
-1.47421e-06
-4.03951e-07
-1.77663e-06
-4.21285e-07
-2.09385e-06
-4.37638e-07
-2.42883e-06
-4.51342e-07
-2.78388e-06
-4.60228e-07
-3.15958e-06
-4.62074e-07
-3.55405e-06
-4.55564e-07
-3.96456e-06
-4.4349e-07
-4.39389e-06
-4.43153e-07
-4.88356e-06
-5.02395e-07
-5.60541e-06
-5.89394e-07
-6.98879e-06
-5.46829e-07
-8.42295e-06
-7.51902e-06
7.96132e-08
3.22175e-06
9.68987e-08
4.44537e-06
9.85351e-08
5.06973e-06
1.05664e-07
5.45699e-06
1.10592e-07
5.56561e-06
1.00799e-07
5.32504e-06
8.41058e-08
4.842e-06
6.39525e-08
4.30069e-06
4.42656e-08
3.79814e-06
2.76833e-08
3.36561e-06
1.49869e-08
2.99362e-06
5.68717e-09
2.66185e-06
-1.18358e-09
2.35447e-06
-6.62907e-09
2.06195e-06
-1.14884e-08
1.77915e-06
-1.6413e-08
1.50336e-06
-2.19057e-08
1.23294e-06
-2.83644e-08
9.66668e-07
-3.61111e-08
7.03403e-07
-4.54062e-08
4.41988e-07
-5.64702e-08
1.81205e-07
-6.94805e-08
-8.02445e-08
-8.45587e-08
-3.43732e-07
-1.01786e-07
-6.10721e-07
-1.21148e-07
-8.82913e-07
-1.42559e-07
-1.16222e-06
-1.65827e-07
-1.45094e-06
-1.90598e-07
-1.75186e-06
-2.16259e-07
-2.06819e-06
-2.41798e-07
-2.40329e-06
-2.65687e-07
-2.75999e-06
-2.85896e-07
-3.13937e-06
-3.00282e-07
-3.53966e-06
-3.07525e-07
-3.95731e-06
-3.09387e-07
-4.39202e-06
-3.18449e-07
-4.87449e-06
-3.73004e-07
-5.55086e-06
-4.6071e-07
-6.90108e-06
-4.4347e-07
-8.44019e-06
-7.96248e-06
1.49188e-07
3.07256e-06
2.2634e-07
4.36822e-06
2.75739e-07
5.02033e-06
3.21206e-07
5.41152e-06
3.52629e-07
5.53419e-06
3.54513e-07
5.32316e-06
3.37233e-07
4.85928e-06
3.13302e-07
4.32463e-06
2.90506e-07
3.82094e-06
2.72859e-07
3.38325e-06
2.60876e-07
3.0056e-06
2.53287e-07
2.66944e-06
2.48476e-07
2.35928e-06
2.45034e-07
2.0654e-06
2.4187e-07
1.78232e-06
2.38183e-07
1.50704e-06
2.33371e-07
1.23775e-06
2.26965e-07
9.73074e-07
2.18582e-07
7.11786e-07
2.07907e-07
4.52662e-07
1.94678e-07
1.94434e-07
1.78684e-07
-6.42504e-08
1.59783e-07
-3.24831e-07
1.37884e-07
-5.88821e-07
1.1299e-07
-8.58019e-07
8.52055e-08
-1.13443e-06
5.4739e-08
-1.42048e-06
2.19488e-08
-1.71907e-06
-1.25852e-08
-2.03365e-06
-4.79598e-08
-2.36791e-06
-8.27871e-08
-2.72516e-06
-1.1523e-07
-3.10692e-06
-1.43311e-07
-3.51158e-06
-1.65675e-07
-3.93495e-06
-1.8349e-07
-4.37421e-06
-2.06719e-07
-4.85126e-06
-2.65523e-07
-5.49205e-06
-3.62111e-07
-6.80449e-06
-3.54633e-07
-8.44767e-06
-8.31712e-06
2.18404e-07
2.85416e-06
3.53812e-07
4.23281e-06
4.48835e-07
4.9253e-06
5.30903e-07
5.32946e-06
5.88986e-07
5.47611e-06
6.06506e-07
5.30564e-06
5.91127e-07
4.87466e-06
5.63986e-07
4.35177e-06
5.37898e-07
3.84703e-06
5.18675e-07
3.40248e-06
5.06917e-07
3.01736e-06
5.00753e-07
2.6756e-06
4.97947e-07
2.36209e-06
4.96633e-07
2.06671e-06
4.95413e-07
1.78354e-06
4.93279e-07
1.50918e-06
4.89488e-07
1.24154e-06
4.83464e-07
9.79098e-07
4.74745e-07
7.20505e-07
4.62946e-07
4.64461e-07
4.47749e-07
2.09631e-07
4.28893e-07
-4.53948e-08
4.06208e-07
-3.02145e-07
3.79592e-07
-5.62206e-07
3.49035e-07
-8.27462e-07
3.14643e-07
-1.10004e-06
2.76646e-07
-1.38248e-06
2.35415e-07
-1.67784e-06
1.91499e-07
-1.98974e-06
1.45712e-07
-2.32213e-06
9.92612e-08
-2.67871e-06
5.3776e-08
-3.06144e-06
1.10501e-08
-3.46886e-06
-2.79301e-08
-3.89597e-06
-6.33668e-08
-4.33877e-06
-1.03692e-07
-4.81094e-06
-1.73433e-07
-5.42231e-06
-2.83057e-07
-6.69487e-06
-2.86862e-07
-8.44386e-06
-8.60398e-06
2.82821e-07
2.57134e-06
4.77882e-07
4.03775e-06
6.16907e-07
4.78628e-06
7.34006e-07
5.21236e-06
8.20648e-07
5.38946e-06
8.57248e-07
5.26904e-06
8.48111e-07
4.88379e-06
8.19181e-07
4.3807e-06
7.89418e-07
3.87679e-06
7.67596e-07
3.4243e-06
7.55093e-07
3.02986e-06
7.49728e-07
2.68097e-06
7.48657e-07
2.36316e-06
7.49475e-07
2.06589e-06
7.50388e-07
1.78262e-06
7.50104e-07
1.50946e-06
7.47677e-07
1.24397e-06
7.42389e-07
9.84386e-07
7.33667e-07
7.29228e-07
7.21041e-07
4.77086e-07
7.0413e-07
2.26543e-07
6.82608e-07
-2.38732e-08
6.56287e-07
-2.75824e-07
6.25004e-07
-5.30923e-07
5.88737e-07
-7.91195e-07
5.47601e-07
-1.05891e-06
5.01846e-07
-1.33672e-06
4.51847e-07
-1.62784e-06
3.98125e-07
-1.93601e-06
3.41401e-07
-2.2654e-06
2.82689e-07
-2.62e-06
2.23311e-07
-3.00206e-06
1.64711e-07
-3.41026e-06
1.08096e-07
-3.83935e-06
5.29676e-08
-4.28364e-06
-8.50261e-09
-4.74947e-06
-9.31174e-08
-5.3377e-06
-2.15783e-07
-6.5722e-06
-2.39191e-07
-8.42045e-06
-8.84317e-06
3.36679e-07
2.23466e-06
5.93868e-07
3.78056e-06
7.77706e-07
4.60244e-06
9.29104e-07
5.06096e-06
1.04599e-06
5.27258e-06
1.10613e-06
5.20889e-06
1.10889e-06
4.88103e-06
1.08121e-06
4.40837e-06
1.04806e-06
3.90995e-06
1.02254e-06
3.44981e-06
1.00794e-06
3.04446e-06
1.00235e-06
2.68656e-06
1.00244e-06
2.36307e-06
1.00519e-06
2.06314e-06
1.0083e-06
1.77951e-06
1.0101e-06
1.50766e-06
1.00936e-06
1.24471e-06
1.00517e-06
9.88577e-07
9.9681e-07
7.37588e-07
9.83703e-07
4.90193e-07
9.65402e-07
2.44844e-07
9.41435e-07
9.34314e-11
9.11694e-07
-2.46082e-07
8.75888e-07
-4.95118e-07
8.34006e-07
-7.49313e-07
7.86151e-07
-1.01105e-06
7.32547e-07
-1.28312e-06
6.73562e-07
-1.56886e-06
6.09708e-07
-1.87216e-06
5.41629e-07
-2.19732e-06
4.7009e-07
-2.54846e-06
3.96098e-07
-2.92807e-06
3.20773e-07
-3.33493e-06
2.44954e-07
-3.76353e-06
1.68455e-07
-4.20715e-06
8.62959e-08
-4.66731e-06
-1.9288e-08
-5.23211e-06
-1.55858e-07
-6.43563e-06
-2.05917e-07
-8.37039e-06
-9.04909e-06
3.74238e-07
1.86042e-06
6.94147e-07
3.46065e-06
9.27023e-07
4.36956e-06
1.11331e-06
4.87467e-06
1.26144e-06
5.12446e-06
1.35012e-06
5.12021e-06
1.37203e-06
4.85913e-06
1.35097e-06
4.42944e-06
1.31629e-06
3.94462e-06
1.2866e-06
3.47951e-06
1.26852e-06
3.06255e-06
1.26135e-06
2.69373e-06
1.26167e-06
2.36275e-06
1.26589e-06
2.05892e-06
1.27109e-06
1.77432e-06
1.27508e-06
1.50367e-06
1.27629e-06
1.24349e-06
1.27354e-06
9.91332e-07
1.26591e-06
7.45218e-07
1.25268e-06
5.03419e-07
1.23328e-06
2.64242e-07
1.20739e-06
2.59855e-08
1.17446e-06
-2.13153e-07
1.13439e-06
-4.55046e-07
1.0871e-06
-7.02021e-07
1.03267e-06
-9.56621e-07
9.71303e-07
-1.22175e-06
9.03319e-07
-1.50087e-06
8.29146e-07
-1.79799e-06
7.49318e-07
-2.1175e-06
6.6436e-07
-2.4635e-06
5.74962e-07
-2.83867e-06
4.81772e-07
-3.24174e-06
3.85272e-07
-3.66704e-06
2.85529e-07
-4.1074e-06
1.78425e-07
-4.56021e-06
5.02396e-08
-5.10393e-06
-1.02682e-07
-6.28271e-06
-1.81565e-07
-8.29151e-06
-9.23065e-06
3.90515e-07
1.4699e-06
7.69699e-07
3.08147e-06
1.05703e-06
4.08223e-06
1.28158e-06
4.65012e-06
1.46238e-06
4.94366e-06
1.58418e-06
4.9984e-06
1.63352e-06
4.80979e-06
1.6271e-06
4.43585e-06
1.59554e-06
3.97618e-06
1.56287e-06
3.51217e-06
1.54054e-06
3.08489e-06
1.5304e-06
2.70387e-06
1.52972e-06
2.36342e-06
1.53458e-06
2.05406e-06
1.54145e-06
1.76746e-06
1.54755e-06
1.49756e-06
1.55084e-06
1.24021e-06
1.54979e-06
9.92385e-07
1.54324e-06
7.51766e-07
1.5303e-06
5.16356e-07
1.5103e-06
2.84243e-07
1.48272e-06
5.35704e-08
1.44707e-06
-1.77508e-07
1.40313e-06
-4.1111e-07
1.3508e-06
-6.49687e-07
1.2901e-06
-8.95922e-07
1.22118e-06
-1.15284e-06
1.14431e-06
-1.424e-06
1.05978e-06
-1.71346e-06
9.67894e-07
-2.02561e-06
8.68879e-07
-2.36449e-06
7.63033e-07
-2.73282e-06
6.50515e-07
-3.12922e-06
5.31544e-07
-3.54806e-06
4.0614e-07
-3.982e-06
2.7111e-07
-4.42518e-06
1.17297e-07
-4.95012e-06
-5.45575e-08
-6.11086e-06
-1.63197e-07
-8.18287e-06
-9.39385e-06
3.82474e-07
1.08743e-06
8.11108e-07
2.65283e-06
1.15736e-06
3.73597e-06
1.42595e-06
4.38154e-06
1.64179e-06
4.72781e-06
1.80034e-06
4.83986e-06
1.88564e-06
4.72449e-06
1.90469e-06
4.4168e-06
1.88473e-06
3.99614e-06
1.85347e-06
3.54344e-06
1.82792e-06
3.11043e-06
1.81409e-06
2.7177e-06
1.81114e-06
2.36637e-06
1.81552e-06
2.04968e-06
1.82329e-06
1.75968e-06
1.83111e-06
1.48974e-06
1.83638e-06
1.23494e-06
1.83715e-06
9.9162e-07
1.83194e-06
7.56973e-07
1.81965e-06
5.28644e-07
1.79946e-06
3.04437e-07
1.77068e-06
8.2345e-08
1.73281e-06
-1.39636e-07
1.68554e-06
-3.6384e-07
1.62868e-06
-5.92825e-07
1.56216e-06
-8.29405e-07
1.48605e-06
-1.07673e-06
1.40048e-06
-1.33843e-06
1.30555e-06
-1.61852e-06
1.20126e-06
-1.92132e-06
1.08744e-06
-2.25067e-06
9.63846e-07
-2.60923e-06
8.30151e-07
-2.99553e-06
6.86389e-07
-3.4043e-06
5.32414e-07
-3.82802e-06
3.66039e-07
-4.2588e-06
1.83072e-07
-4.76715e-06
-1.3374e-08
-5.91441e-06
-1.4958e-07
-8.04666e-06
-9.54343e-06
3.50425e-07
7.37006e-07
8.11402e-07
2.19186e-06
1.21644e-06
3.33093e-06
1.53581e-06
4.06218e-06
1.79139e-06
4.47223e-06
1.9897e-06
4.64155e-06
2.11808e-06
4.5961e-06
2.17454e-06
4.36034e-06
2.17857e-06
3.99211e-06
2.15771e-06
3.5643e-06
2.1336e-06
3.13454e-06
2.1174e-06
2.7339e-06
2.11173e-06
2.37204e-06
2.11457e-06
2.04684e-06
2.12224e-06
1.75201e-06
2.13104e-06
1.48094e-06
2.13787e-06
1.22811e-06
2.14031e-06
9.89178e-07
2.13652e-06
7.60762e-07
2.12513e-06
5.40032e-07
2.10511e-06
3.24463e-07
2.07561e-06
1.11839e-07
2.03607e-06
-1.00088e-07
1.98607e-06
-3.13839e-07
1.92528e-06
-5.32044e-07
1.85351e-06
-7.57635e-07
1.77066e-06
-9.93878e-07
1.67663e-06
-1.24439e-06
1.57118e-06
-1.51307e-06
1.45391e-06
-1.80406e-06
1.32418e-06
-2.12094e-06
1.18111e-06
-2.46615e-06
1.02383e-06
-2.83825e-06
8.52238e-07
-3.23271e-06
6.66091e-07
-3.64188e-06
4.64503e-07
-4.05721e-06
2.50021e-07
-4.55267e-06
3.00847e-08
-5.69448e-06
-1.38063e-07
-7.87852e-06
-9.68149e-06
2.97682e-07
4.39324e-07
7.67691e-07
1.72185e-06
1.22376e-06
2.87487e-06
1.59748e-06
3.68845e-06
1.89846e-06
4.17126e-06
2.14033e-06
4.39968e-06
2.31745e-06
4.41898e-06
2.42288e-06
4.25491e-06
2.46605e-06
3.94893e-06
2.46964e-06
3.56072e-06
2.45694e-06
3.14724e-06
2.44383e-06
2.74702e-06
2.43751e-06
2.37836e-06
2.43893e-06
2.04543e-06
2.44578e-06
1.74516e-06
2.4547e-06
1.47202e-06
2.46238e-06
1.22042e-06
2.46605e-06
9.85515e-07
2.46348e-06
7.63324e-07
2.45302e-06
5.50493e-07
2.43337e-06
3.44117e-07
2.40353e-06
1.41678e-07
2.36281e-06
-5.93663e-08
2.31064e-06
-2.61668e-07
2.24652e-06
-4.67922e-07
2.17003e-06
-6.81147e-07
2.08079e-06
-9.04643e-07
1.97832e-06
-1.14192e-06
1.86194e-06
-1.39669e-06
1.73071e-06
-1.67283e-06
1.58336e-06
-1.9736e-06
1.41832e-06
-2.30111e-06
1.23423e-06
-2.65417e-06
1.0311e-06
-3.02957e-06
8.08497e-07
-3.41927e-06
5.67422e-07
-3.81614e-06
3.1914e-07
-4.30438e-06
7.52594e-08
-5.45059e-06
-1.27526e-07
-7.67573e-06
-9.80902e-06
2.27347e-07
2.11977e-07
6.82284e-07
1.26691e-06
1.17064e-06
2.38651e-06
1.59784e-06
3.26125e-06
1.94906e-06
3.82003e-06
2.23859e-06
4.11015e-06
2.46861e-06
4.18897e-06
2.63221e-06
4.09131e-06
2.72988e-06
3.85126e-06
2.77571e-06
3.51489e-06
2.79029e-06
3.13266e-06
2.79179e-06
2.74551e-06
2.79174e-06
2.37841e-06
2.79506e-06
2.0421e-06
2.80218e-06
1.73804e-06
2.81113e-06
1.46307e-06
2.81914e-06
1.21241e-06
2.82345e-06
9.81207e-07
2.82168e-06
7.65095e-07
2.81189e-06
5.60276e-07
2.79256e-06
3.63453e-07
2.76251e-06
1.71727e-07
2.72087e-06
-1.77291e-08
2.66686e-06
-2.07657e-07
2.59973e-06
-4.00792e-07
2.51872e-06
-6.00134e-07
2.42299e-06
-8.08918e-07
2.31157e-06
-1.0305e-06
2.1832e-06
-1.26831e-06
2.03627e-06
-1.5259e-06
1.86874e-06
-1.80607e-06
1.67831e-06
-2.11068e-06
1.46348e-06
-2.43933e-06
1.22433e-06
-2.79042e-06
9.60269e-07
-3.15522e-06
6.75416e-07
-3.53129e-06
3.91716e-07
-4.02068e-06
1.23236e-07
-5.18211e-06
-1.16065e-07
-7.43643e-06
-9.92508e-06
1.61177e-07
5.07997e-08
5.68712e-07
8.59376e-07
1.05692e-06
1.89831e-06
1.52457e-06
2.7936e-06
1.92703e-06
3.41757e-06
2.26807e-06
3.76912e-06
2.55453e-06
3.9025e-06
2.78258e-06
3.86326e-06
2.94765e-06
3.68619e-06
3.05422e-06
3.40833e-06
3.1161e-06
3.07078e-06
3.15001e-06
2.7116e-06
3.16976e-06
2.35866e-06
3.18402e-06
2.02785e-06
3.19667e-06
1.72539e-06
3.20829e-06
1.45144e-06
3.21766e-06
1.20305e-06
3.22279e-06
9.76079e-07
3.2216e-06
7.66278e-07
3.21219e-06
5.69692e-07
3.19288e-06
3.8276e-07
3.16236e-06
2.02242e-07
3.11953e-06
2.51005e-08
3.06336e-06
-1.5148e-07
2.99279e-06
-3.30224e-07
2.9066e-06
-5.13941e-07
2.80337e-06
-7.05692e-07
2.68155e-06
-9.08673e-07
2.53918e-06
-1.12595e-06
2.37386e-06
-1.36057e-06
2.18269e-06
-1.6149e-06
1.9629e-06
-1.89089e-06
1.71299e-06
-2.18942e-06
1.43238e-06
-2.50981e-06
1.12109e-06
-2.84393e-06
7.8878e-07
-3.19898e-06
4.69054e-07
-3.70096e-06
1.77979e-07
-4.89104e-06
-1.01016e-07
-7.15744e-06
-1.00261e-05
1.13535e-07
-6.27348e-08
4.42448e-07
5.30463e-07
8.90724e-07
1.45003e-06
1.37016e-06
2.31416e-06
1.81653e-06
2.97121e-06
2.21089e-06
3.37475e-06
2.5569e-06
3.55649e-06
2.85337e-06
3.56679e-06
3.09421e-06
3.44535e-06
3.27676e-06
3.22578e-06
3.40624e-06
2.9413e-06
3.49406e-06
2.62378e-06
3.5531e-06
2.29962e-06
3.59396e-06
1.98698e-06
3.62361e-06
1.69574e-06
3.64563e-06
1.42942e-06
3.66115e-06
1.18753e-06
3.66982e-06
9.67414e-07
3.67054e-06
7.65552e-07
3.66194e-06
5.78292e-07
3.64258e-06
4.02127e-07
3.6111e-06
2.33725e-07
3.5662e-06
6.99963e-08
3.50659e-06
-9.18733e-08
3.43096e-06
-2.5459e-07
3.33771e-06
-4.20696e-07
3.2249e-06
-5.92879e-07
3.09018e-06
-7.73948e-07
2.93083e-06
-9.66601e-07
2.74363e-06
-1.17337e-06
2.52522e-06
-1.39649e-06
2.27252e-06
-1.63818e-06
1.98338e-06
-1.90028e-06
1.65584e-06
-2.18227e-06
1.29237e-06
-2.48046e-06
9.10697e-07
-2.8173e-06
5.54647e-07
-3.34491e-06
2.41496e-07
-4.57789e-06
-8.30746e-08
-6.83287e-06
-1.01092e-05
8.18932e-08
-1.44628e-07
3.13445e-07
2.98911e-07
6.836e-07
1.07988e-06
1.135e-06
1.86276e-06
1.60457e-06
2.50164e-06
2.04987e-06
2.92945e-06
2.45781e-06
3.14856e-06
2.82506e-06
3.19953e-06
3.14543e-06
3.12498e-06
3.41255e-06
2.95866e-06
3.62476e-06
2.72909e-06
3.78647e-06
2.46208e-06
3.90633e-06
2.17976e-06
3.99403e-06
1.89929e-06
4.05786e-06
1.63191e-06
4.10378e-06
1.3835e-06
4.13541e-06
1.1559e-06
4.15452e-06
9.48303e-07
4.16162e-06
7.58448e-07
4.15643e-06
5.83481e-07
4.1382e-06
4.20358e-07
4.10588e-06
2.66044e-07
4.05824e-06
1.1764e-07
3.99379e-06
-2.74222e-08
3.91108e-06
-1.71884e-07
3.80823e-06
-3.17838e-07
3.68291e-06
-4.6756e-07
3.53221e-06
-6.2325e-07
3.35283e-06
-7.87222e-07
3.14105e-06
-9.61593e-07
2.89312e-06
-1.14857e-06
2.60518e-06
-1.35023e-06
2.274e-06
-1.56911e-06
1.89754e-06
-1.80581e-06
1.48306e-06
-2.06598e-06
1.05692e-06
-2.39117e-06
6.6726e-07
-2.95525e-06
3.26573e-07
-4.2372e-06
-5.51712e-08
-6.45112e-06
-1.01643e-05
4.59744e-08
-1.90602e-07
1.68223e-07
1.76662e-07
4.32401e-07
8.15699e-07
8.22025e-07
1.47313e-06
1.28665e-06
2.03701e-06
1.77157e-06
2.44453e-06
2.24148e-06
2.67864e-06
2.68108e-06
2.75994e-06
3.08157e-06
2.72448e-06
3.43503e-06
2.6052e-06
3.7359e-06
2.42822e-06
3.9833e-06
2.21468e-06
4.18066e-06
1.9824e-06
4.33427e-06
1.74567e-06
4.45131e-06
1.51487e-06
4.53834e-06
1.29648e-06
4.60052e-06
1.09372e-06
4.64147e-06
9.07353e-07
4.66344e-06
7.36478e-07
4.66764e-06
5.7928e-07
4.65443e-06
4.33568e-07
4.62346e-06
2.97013e-07
4.5739e-06
1.67196e-07
4.5045e-06
4.19774e-08
4.41377e-06
-8.11483e-08
4.29981e-06
-2.03879e-07
4.16028e-06
-3.28031e-07
3.99225e-06
-4.55224e-07
3.79216e-06
-5.87132e-07
3.55576e-06
-7.25193e-07
3.27865e-06
-8.71452e-07
2.9563e-06
-1.02789e-06
2.58544e-06
-1.19825e-06
2.16722e-06
-1.38759e-06
1.71566e-06
-1.61442e-06
1.2639e-06
-1.93941e-06
8.57224e-07
-2.54857e-06
4.79105e-07
-3.85908e-06
1.20337e-08
-5.98405e-06
-1.01523e-05
-5.02708e-08
-1.40331e-07
-4.1735e-08
1.68126e-07
1.10085e-07
6.63879e-07
4.25731e-07
1.15749e-06
8.65466e-07
1.59728e-06
1.37308e-06
1.93692e-06
1.89934e-06
2.15238e-06
2.41089e-06
2.24839e-06
2.88946e-06
2.2459e-06
3.32515e-06
2.16951e-06
3.71123e-06
2.04214e-06
4.04425e-06
1.88166e-06
4.32404e-06
1.70261e-06
4.55334e-06
1.51637e-06
4.73676e-06
1.33144e-06
4.87963e-06
1.15362e-06
4.98703e-06
9.86322e-07
5.06331e-06
8.31071e-07
5.11187e-06
6.87924e-07
5.13515e-06
5.55995e-07
5.13467e-06
4.34055e-07
5.11108e-06
3.20604e-07
5.06435e-06
2.13921e-07
4.99402e-06
1.12308e-07
4.89884e-06
1.40362e-08
4.7772e-06
-8.22428e-08
4.62703e-06
-1.7786e-07
4.44562e-06
-2.7382e-07
4.22963e-06
-3.71134e-07
3.97475e-06
-4.70313e-07
3.67632e-06
-5.73028e-07
3.3304e-06
-6.8196e-07
2.93562e-06
-8.03477e-07
2.49768e-06
-9.49652e-07
2.03637e-06
-1.1531e-06
1.59006e-06
-1.4931e-06
1.19439e-06
-2.1529e-06
7.65671e-07
-3.43036e-06
1.61784e-07
-5.38016e-06
-9.99053e-06
-2.83653e-07
1.43322e-07
-4.32141e-07
3.16615e-07
-3.49533e-07
5.81271e-07
-7.63204e-08
8.84274e-07
3.4496e-07
1.176e-06
8.70846e-07
1.41104e-06
1.44525e-06
1.57798e-06
2.02461e-06
1.66903e-06
2.57872e-06
1.6918e-06
3.09064e-06
1.6576e-06
3.55243e-06
1.58035e-06
3.96033e-06
1.47376e-06
4.31338e-06
1.34956e-06
4.61283e-06
1.21692e-06
4.86151e-06
1.08276e-06
5.06321e-06
9.5192e-07
5.22202e-06
8.27513e-07
5.34204e-06
7.1105e-07
5.42687e-06
6.03095e-07
5.47936e-06
5.03506e-07
5.50165e-06
4.1176e-07
5.49533e-06
3.26927e-07
5.46133e-06
2.47918e-07
5.4e-06
1.73644e-07
5.311e-06
1.0303e-07
5.19347e-06
3.52879e-08
5.04627e-06
-3.06554e-08
4.86782e-06
-9.53693e-08
4.65565e-06
-1.58969e-07
4.40596e-06
-2.2062e-07
4.11644e-06
-2.83513e-07
3.78493e-06
-3.5045e-07
3.41047e-06
-4.29012e-07
2.99896e-06
-5.38146e-07
2.56949e-06
-7.23625e-07
2.14904e-06
-1.07264e-06
1.73809e-06
-1.74195e-06
1.19828e-06
-2.89056e-06
4.35908e-07
-4.61779e-06
-9.55462e-06
-5.43928e-07
6.8725e-07
-8.18152e-07
5.90838e-07
-8.6019e-07
6.23309e-07
-6.63189e-07
6.87273e-07
-2.60045e-07
7.72855e-07
2.80113e-07
8.70877e-07
8.95683e-07
9.62406e-07
1.53178e-06
1.03294e-06
2.15239e-06
1.07119e-06
2.73471e-06
1.07527e-06
3.26647e-06
1.04859e-06
3.74224e-06
9.97991e-07
4.16054e-06
9.31259e-07
4.52226e-06
8.55208e-07
4.82981e-06
7.75202e-07
5.08658e-06
6.9515e-07
5.29644e-06
6.17657e-07
5.46319e-06
5.44303e-07
5.59034e-06
4.75938e-07
5.6811e-06
4.12746e-07
5.73837e-06
3.54495e-07
5.76454e-06
3.00755e-07
5.76147e-06
2.50991e-07
5.73046e-06
2.0465e-07
5.67229e-06
1.61201e-07
5.58739e-06
1.20191e-07
5.4756e-06
8.11338e-08
5.33681e-06
4.34196e-08
5.17398e-06
3.85846e-09
4.98499e-06
-3.16315e-08
4.77249e-06
-7.10126e-08
4.53769e-06
-1.15647e-07
4.28022e-06
-1.71545e-07
3.9965e-06
-2.54428e-07
3.6682e-06
-3.95324e-07
3.25718e-06
-6.6162e-07
2.67845e-06
-1.16322e-06
1.79286e-06
-2.00497e-06
7.8855e-07
-3.61348e-06
-8.76607e-06
-7.3403e-07
1.42128e-06
-1.02848e-06
8.85289e-07
-9.34659e-07
5.29488e-07
-6.3625e-07
3.88864e-07
-2.07846e-07
3.44451e-07
3.16689e-07
3.46342e-07
9.02099e-07
3.76996e-07
1.51559e-06
4.19448e-07
2.13232e-06
4.54452e-07
2.73226e-06
4.75338e-07
3.30014e-06
4.80709e-07
3.82589e-06
4.72239e-07
4.30399e-06
4.53163e-07
4.7323e-06
4.26898e-07
5.11109e-06
3.96407e-07
5.44226e-06
3.63983e-07
5.72865e-06
3.31267e-07
5.97353e-06
2.99425e-07
6.18045e-06
2.69015e-07
6.35289e-06
2.40311e-07
6.49398e-06
2.13403e-07
6.60652e-06
1.88217e-07
6.6929e-06
1.64604e-07
6.75518e-06
1.42375e-07
6.79507e-06
1.2131e-07
6.81409e-06
1.0117e-07
6.81353e-06
8.16887e-08
6.79443e-06
6.25271e-08
6.75487e-06
4.34152e-08
6.69855e-06
2.46857e-08
6.62231e-06
5.2329e-09
6.52614e-06
-1.94762e-08
6.40444e-06
-4.98509e-08
6.24178e-06
-9.17686e-08
5.99595e-06
-1.49489e-07
5.56246e-06
-2.28132e-07
4.73288e-06
-3.33641e-07
3.31248e-06
-5.84564e-07
1.59813e-06
-1.89913e-06
-7.16794e-06
1.42128e-06
2.30657e-06
2.83606e-06
3.22492e-06
3.56937e-06
3.91571e-06
4.29271e-06
4.71216e-06
5.16661e-06
5.64195e-06
6.12266e-06
6.5949e-06
7.04806e-06
7.47496e-06
7.87136e-06
8.23535e-06
8.56661e-06
8.86604e-06
9.13505e-06
9.37536e-06
9.58877e-06
9.77698e-06
9.94159e-06
1.0084e-05
1.02053e-05
1.03064e-05
1.03881e-05
1.04507e-05
1.04941e-05
1.05188e-05
1.0524e-05
1.05045e-05
1.04547e-05
1.03629e-05
1.02134e-05
9.98528e-06
9.65163e-06
9.06707e-06
7.16794e-06
)
;

boundaryField
{
    movingWall
    {
        type            calculated;
        value           uniform 0;
    }
    fixedWalls
    {
        type            calculated;
        value           uniform 0;
    }
    frontAndBack
    {
        type            empty;
    }
}


// ************************************************************************* //
