/*--------------------------------*- C++ -*----------------------------------*\
| =========                 |                                                 |
| \\      /  F ield         | OpenFOAM: The Open Source CFD Toolbox           |
|  \\    /   O peration     | Version:  2412                                  |
|   \\  /    A nd           | Website:  www.openfoam.com                      |
|    \\/     M anipulation  |                                                 |
\*---------------------------------------------------------------------------*/
FoamFile
{
    version     2.0;
    format      ascii;
    arch        "LSB;label=32;scalar=64";
    class       volScalarField;
    location    "9.25";
    object      k;
}
// * * * * * * * * * * * * * * * * * * * * * * * * * * * * * * * * * * * * * //

dimensions      [0 2 -2 0 0 0 0];

internalField   nonuniform List<scalar> 
1600
(
0.00016346
0.000190817
0.000235343
0.000276831
0.000302157
0.000315617
0.000334824
0.00036235
0.000394102
0.000441402
0.000559877
0.000909775
0.00141593
0.00202217
0.00262222
0.00314747
0.00356483
0.00385744
0.00400747
0.00406706
0.0040746
0.00398291
0.00384895
0.00366605
0.00347164
0.00325494
0.00303424
0.0028102
0.00258082
0.00233438
0.00206879
0.0017754
0.00152433
0.00139379
0.00129541
0.0012128
0.00109938
0.000893249
0.000587037
0.000334822
0.000280675
0.000227728
0.000212121
0.000210448
0.000221529
0.000268123
0.000380503
0.000534207
0.000730271
0.00103263
0.00139248
0.00175455
0.002012
0.00221382
0.00235385
0.00238988
0.00238438
0.00232743
0.00227599
0.00224334
0.00223092
0.00223635
0.00230927
0.00240094
0.00252986
0.00267389
0.00282908
0.0029633
0.00304166
0.00307054
0.00302546
0.00287669
0.002625
0.00224647
0.00175199
0.00129079
0.000928318
0.000684155
0.000479389
0.000378524
0.000454365
0.00033739
0.000310223
0.000312144
0.000354434
0.000494725
0.000770537
0.00112898
0.00148166
0.00171677
0.00182893
0.00188013
0.00190864
0.00191015
0.00174312
0.00166976
0.00157527
0.00151194
0.00146159
0.00143805
0.00143008
0.00144452
0.00149178
0.00156271
0.00167559
0.00182783
0.00202996
0.00227734
0.00254178
0.0027712
0.00289329
0.00292682
0.00278378
0.00255059
0.00206315
0.00147383
0.000956097
0.000613606
0.000418732
0.000443385
0.00060258
0.000462716
0.000470419
0.000521534
0.000679736
0.00098808
0.00138066
0.00165647
0.00176352
0.00177925
0.00175285
0.00167467
0.00150108
0.00128488
0.00116176
0.00102872
0.000935346
0.000849069
0.000792688
0.000745518
0.000722158
0.000711749
0.000710246
0.000735469
0.000775342
0.000847891
0.000957432
0.00113104
0.00140079
0.00179097
0.00221335
0.00253186
0.00266674
0.00266817
0.00244698
0.00183025
0.00113405
0.000623446
0.00039587
0.000501799
0.000692103
0.000627843
0.000709986
0.000841103
0.00110703
0.00147699
0.00170303
0.00176741
0.00173167
0.00163685
0.0014472
0.00116933
0.000969466
0.000808535
0.000708662
0.000608267
0.000558954
0.000509137
0.000485887
0.000467493
0.000459704
0.000456948
0.000459107
0.000469899
0.000484813
0.000513431
0.000557948
0.000632679
0.000755773
0.000965839
0.00133289
0.00189951
0.00241645
0.00265762
0.0026968
0.00246484
0.00164368
0.000791292
0.00043371
0.000533767
0.000741179
0.000853159
0.0010161
0.0012086
0.00150627
0.00170997
0.00176281
0.00170464
0.00154109
0.00124775
0.000957261
0.000762782
0.000629122
0.000538118
0.000487089
0.000449708
0.00043319
0.000421683
0.000416952
0.000414335
0.000413365
0.00041318
0.000415021
0.000418528
0.000424585
0.000435395
0.000452925
0.000482732
0.000533028
0.000622125
0.000785587
0.00109555
0.00169104
0.00239634
0.00272366
0.00277988
0.00244387
0.00132902
0.00059988
0.000558213
0.000777382
0.00112388
0.00134627
0.00154148
0.0017105
0.00176119
0.00169447
0.00148714
0.0011284
0.000838149
0.000642743
0.000533403
0.000464079
0.000429882
0.000412582
0.000403649
0.000399778
0.000397587
0.000396758
0.000396479
0.000397265
0.000399282
0.000401926
0.000406242
0.000411536
0.000419015
0.000429173
0.000444588
0.000468637
0.000509619
0.000584169
0.000730032
0.00102684
0.00163114
0.00245611
0.00281503
0.00284133
0.00216806
0.000941569
0.000611098
0.000826475
0.00140823
0.00164161
0.00174788
0.00178749
0.0017059
0.00148579
0.00109523
0.000774069
0.000581994
0.000478821
0.000427954
0.000403003
0.000391819
0.000386596
0.000383946
0.000382734
0.000382264
0.000382686
0.000384467
0.000387212
0.000391067
0.000395663
0.000401472
0.000407953
0.000415716
0.000424661
0.000435811
0.000450814
0.000473654
0.000512551
0.000586243
0.000738232
0.00106006
0.00173835
0.00259655
0.00292107
0.00276786
0.0013635
0.000691373
0.000941002
0.0016723
0.00185463
0.00187729
0.00175754
0.00154344
0.00114211
0.000762376
0.000555388
0.000453983
0.000407234
0.000386768
0.000377808
0.000373579
0.00037145
0.00037043
0.000370178
0.000370723
0.0003725
0.000375038
0.000378741
0.000383543
0.000389625
0.000397052
0.000405523
0.00041483
0.000424632
0.000435164
0.000447673
0.000463361
0.000486888
0.000528462
0.000613509
0.000797886
0.00119518
0.00205066
0.00280723
0.00298749
0.0021012
0.000829796
0.00115689
0.00187658
0.0020012
0.00188844
0.00165371
0.00125631
0.000823137
0.000562313
0.000445911
0.000396052
0.000375738
0.000367261
0.000363376
0.000360991
0.000359874
0.000359342
0.000359184
0.000359297
0.0003603
0.000361934
0.000364905
0.000369345
0.000375717
0.000384172
0.000394722
0.000407071
0.000420559
0.000434252
0.000447549
0.000461533
0.000479088
0.000505395
0.000556134
0.000672242
0.000926429
0.00147466
0.00254282
0.00303478
0.00275351
0.000943923
0.00139186
0.00202422
0.00209382
0.00184483
0.00144483
0.000977373
0.000613949
0.000455707
0.000392506
0.000368425
0.000359076
0.000354848
0.000352526
0.000350722
0.000349734
0.000348142
0.000346548
0.000344863
0.000344036
0.000343784
0.000345074
0.000348515
0.000354411
0.000363096
0.000374802
0.000389424
0.00040655
0.000425213
0.000443922
0.000461166
0.000477446
0.00049742
0.000529489
0.000600559
0.000780073
0.00118136
0.00204632
0.00303611
0.00321082
0.00134146
0.00162144
0.00210239
0.00211278
0.00174034
0.00122323
0.000738605
0.000495128
0.000399408
0.000365135
0.000352959
0.000347989
0.000345377
0.000343442
0.000341437
0.000339028
0.000335328
0.000331388
0.000327318
0.00032404
0.00032238
0.000321929
0.000323921
0.000329237
0.000337698
0.000349886
0.000365809
0.000385334
0.000407819
0.000431988
0.000455824
0.000477057
0.000495918
0.000519346
0.000563514
0.000675674
0.000957498
0.00161674
0.00291864
0.00350022
0.00216518
0.00184102
0.00214424
0.00208849
0.00158711
0.00100861
0.000594775
0.000427448
0.000368643
0.000349501
0.000342717
0.000339673
0.000337475
0.000335186
0.000331813
0.000327065
0.00032089
0.000314453
0.000308112
0.000302816
0.000299525
0.000298241
0.000298585
0.000303247
0.000311283
0.000323448
0.000339945
0.000360852
0.00038584
0.000413969
0.000443482
0.000471762
0.000496008
0.000517398
0.000548058
0.00062617
0.000847294
0.0013772
0.00258674
0.00377055
0.0032451
0.0020449
0.00214159
0.00202796
0.0014372
0.000828785
0.0005055
0.000387892
0.000350797
0.000339491
0.00033519
0.000332985
0.000330462
0.000326995
0.000321539
0.000314305
0.000305817
0.000297216
0.000289058
0.000282224
0.000277522
0.000275408
0.000275023
0.000278599
0.00028613
0.000297877
0.000314359
0.00033585
0.000362344
0.000393229
0.000427005
0.000461116
0.000492213
0.000517629
0.000542801
0.000591454
0.000741327
0.00116618
0.00221583
0.00396486
0.00435521
0.00224728
0.00212172
0.00193506
0.00129102
0.00070594
0.000449223
0.00036412
0.000339911
0.000332654
0.000329574
0.000327331
0.000323883
0.000318707
0.000311058
0.000301625
0.000291228
0.000280953
0.000271462
0.000263526
0.00025775
0.000254963
0.00025418
0.000256686
0.000263509
0.000274551
0.000290504
0.000311884
0.000339025
0.00037175
0.00040894
0.000448136
0.000485526
0.000517018
0.0005421
0.000577832
0.000692074
0.00104609
0.00193303
0.00402316
0.00536609
0.00245
0.00207603
0.00183613
0.00116741
0.000625331
0.000413221
0.00034951
0.000333054
0.000327832
0.00032527
0.00032236
0.000317616
0.000310615
0.000301035
0.000289847
0.000278006
0.000266539
0.000256137
0.000247465
0.000240963
0.000237631
0.000236534
0.00023815
0.000244125
0.000254275
0.000269328
0.00028999
0.000316903
0.000350348
0.000389759
0.000433119
0.000476528
0.00051471
0.000543899
0.000572381
0.000648069
0.000947518
0.00180307
0.00385047
0.00623602
0.00264184
0.00201474
0.00173957
0.00107162
0.000571416
0.000390332
0.000340667
0.000328839
0.000324663
0.000321928
0.000317967
0.00031181
0.000303158
0.000292047
0.00027956
0.000266705
0.000254446
0.000243461
0.000234314
0.000227382
0.000223552
0.00022218
0.000223104
0.000228209
0.000237411
0.000251415
0.000271054
0.000297209
0.000330559
0.000371095
0.00041737
0.00046571
0.000510154
0.000544671
0.000571145
0.000626478
0.000860086
0.00163712
0.00376996
0.0069708
0.00281738
0.00195535
0.00165385
0.00100338
0.000537803
0.000375416
0.000335247
0.000326427
0.000322798
0.000319311
0.000314155
0.000306682
0.0002967
0.000284474
0.000271096
0.000257582
0.000244839
0.000233509
0.000224076
0.000216859
0.000212565
0.000210921
0.000211325
0.000215609
0.000223866
0.000236771
0.000255217
0.00028025
0.000312892
0.000353694
0.00040194
0.000454506
0.000505109
0.000545267
0.000572841
0.000615121
0.000814796
0.00153755
0.00361841
0.00756666
0.00297314
0.00190422
0.0015807
0.000960717
0.000516437
0.000367115
0.000332602
0.000325348
0.000321664
0.000317392
0.00031107
0.000302467
0.000291488
0.000278512
0.000264577
0.000250678
0.000237669
0.000226156
0.000216559
0.000209148
0.000204413
0.000202455
0.00020248
0.000206043
0.00021343
0.000225297
0.000242549
0.000266315
0.00029784
0.000338117
0.000387158
0.000442622
0.000498576
0.000545343
0.000574755
0.000606448
0.000762274
0.0014305
0.00352914
0.00805
0.0031104
0.00185964
0.00152311
0.000936361
0.000509812
0.00036136
0.000330935
0.000325491
0.000321616
0.000316126
0.000308737
0.000299238
0.000287587
0.000274176
0.000259957
0.000245885
0.000232768
0.00022118
0.000211502
0.000203977
0.000198872
0.000196479
0.000196244
0.000199188
0.000205814
0.000216756
0.000232904
0.000255399
0.000285649
0.000324992
0.000374136
0.000431604
0.000492023
0.000544922
0.000578255
0.000603381
0.000737612
0.00136275
0.00340758
0.00843187
0.00320892
0.00183494
0.00148103
0.000937577
0.000513752
0.000361657
0.000330817
0.000325982
0.000321908
0.000315595
0.000307272
0.000297123
0.000285047
0.000271437
0.000257137
0.000243048
0.000229935
0.000218346
0.000208638
0.000201041
0.000195732
0.000192953
0.000192631
0.000195115
0.000201028
0.000211082
0.000226118
0.000247403
0.000276301
0.000314343
0.000362825
0.000421192
0.000485008
0.000543712
0.000580752
0.000602
0.000707907
0.00129885
0.00333827
0.00873322
0.00324516
0.00183257
0.00145319
0.000946329
0.000526335
0.000364577
0.000331285
0.000326924
0.000322616
0.000315779
0.000306684
0.000295911
0.000283625
0.000270072
0.000255952
0.000242053
0.000229078
0.000217555
0.000207841
0.000200167
0.000194712
0.000191709
0.000191416
0.000193581
0.000198941
0.000208418
0.000222643
0.000242694
0.000270027
0.000306513
0.000353975
0.000412544
0.000478858
0.000542949
0.000584243
0.000602201
0.00069351
0.00125832
0.00328906
0.00896776
0.0032249
0.00183682
0.00144361
0.000966412
0.000547963
0.000371802
0.000332555
0.000327846
0.000323771
0.000316389
0.000306945
0.000296025
0.000283726
0.000270307
0.000256358
0.000242623
0.000229782
0.000218355
0.000208697
0.00020103
0.000195511
0.000192323
0.000191907
0.000193638
0.00019851
0.000207623
0.0002214
0.000240704
0.000267024
0.000302
0.000347606
0.000405479
0.00047323
0.000542129
0.000587526
0.000604092
0.000674944
0.00121659
0.0032718
0.00916316
0.00315403
0.0018485
0.00144657
0.00100526
0.000591106
0.000388478
0.000335557
0.000328798
0.00032503
0.000317557
0.000307723
0.000296622
0.000284369
0.000271221
0.00025763
0.000244257
0.000231718
0.000220514
0.000211001
0.000203409
0.000197915
0.000194713
0.000194344
0.000195855
0.000200174
0.000208684
0.000221683
0.000240371
0.000266068
0.000300187
0.000344518
0.000401256
0.000469335
0.000541917
0.000591281
0.000607227
0.000665939
0.0011888
0.00327116
0.00932762
0.00299963
0.00185946
0.00145624
0.00105064
0.000637286
0.000409127
0.00034074
0.000329493
0.000326119
0.000319215
0.000309303
0.000297983
0.000285859
0.000273107
0.000260075
0.000247241
0.000235153
0.000224293
0.000215022
0.000207588
0.000202181
0.000198965
0.000198743
0.000200211
0.000204351
0.00021266
0.00022529
0.000243137
0.00026747
0.000300031
0.000343478
0.00039945
0.000467464
0.000542567
0.000595206
0.000610444
0.000655542
0.00115818
0.00331663
0.00947442
0.00275082
0.00185373
0.00147103
0.00111145
0.000712605
0.000452102
0.000352736
0.000331162
0.000326735
0.000320642
0.000311196
0.000300092
0.000288253
0.000275965
0.000263509
0.00025129
0.000239774
0.000229396
0.000220511
0.000213379
0.0002082
0.000205121
0.000205121
0.000206656
0.000210834
0.00021907
0.000231488
0.000248926
0.000272599
0.000303792
0.000344872
0.000399202
0.000466916
0.000544722
0.000599762
0.000613964
0.000650771
0.00113481
0.00335649
0.00960713
0.00241957
0.00182977
0.00149154
0.0011659
0.000783713
0.000498352
0.000370314
0.000334992
0.000327303
0.000321922
0.000313306
0.000302653
0.000291213
0.000279474
0.000267707
0.000256235
0.000245443
0.000235717
0.000227393
0.000220737
0.000215941
0.000213252
0.000213464
0.000215243
0.000219678
0.000227989
0.000240337
0.000257413
0.000280395
0.000310519
0.00035039
0.000403018
0.000468846
0.000548501
0.000604459
0.000616769
0.000642435
0.00111578
0.00342914
0.00973176
0.00202114
0.0017696
0.00150614
0.00124085
0.000889938
0.000579506
0.00040718
0.000344376
0.000328938
0.000322494
0.000315074
0.000305302
0.000294477
0.000283411
0.000272457
0.000261884
0.000251995
0.00024312
0.000235558
0.0002296
0.000225356
0.000223382
0.000223883
0.000226047
0.000230991
0.00023955
0.000252001
0.000268856
0.000291319
0.000320371
0.000358703
0.000409856
0.000473913
0.000554193
0.000609169
0.000618232
0.000635851
0.00110311
0.00349364
0.00985078
0.00157653
0.00162447
0.00151219
0.00128178
0.000975114
0.000667591
0.000458573
0.000363837
0.000333915
0.000323804
0.000316144
0.000307574
0.000297755
0.000287559
0.00027755
0.00026803
0.000259242
0.000251454
0.000244901
0.000239917
0.000236444
0.000235581
0.000236478
0.000239209
0.000244957
0.000253935
0.000266647
0.00028335
0.000305365
0.000333421
0.000370504
0.000419967
0.00048109
0.000561105
0.000612092
0.000618537
0.000625273
0.00109218
0.00358314
0.00996829
0.00113602
0.00146305
0.00148329
0.00136719
0.00108912
0.00078334
0.000542777
0.000404929
0.000347352
0.000327807
0.000317917
0.000309165
0.00030044
0.000291511
0.000282762
0.000274544
0.000267101
0.000260662
0.000255433
0.000251659
0.000249504
0.000249773
0.000251335
0.00025501
0.000261767
0.00027128
0.000284354
0.000300884
0.000322483
0.000349496
0.000385309
0.000432771
0.000490335
0.000568606
0.000613138
0.000613875
0.000613152
0.00108351
0.00366908
0.0100869
0.000753023
0.00125154
0.00142057
0.00136951
0.0011997
0.000903731
0.00064636
0.000468747
0.000376648
0.000339174
0.000322651
0.000312005
0.000302816
0.000294665
0.000287333
0.000280754
0.00027507
0.000270341
0.000266949
0.000264594
0.000264638
0.000265687
0.000268401
0.000273558
0.000281287
0.000291344
0.000304777
0.000320953
0.000342086
0.000367889
0.000402364
0.000446868
0.000499558
0.000572695
0.00060906
0.00060389
0.000597181
0.00107933
0.00376908
0.0102106
0.000473434
0.00100102
0.00135678
0.00135679
0.00127389
0.00104705
0.000783978
0.000575618
0.000437189
0.000367508
0.000335992
0.00031921
0.000307757
0.000298773
0.000291658
0.00028632
0.000282363
0.000279746
0.000278328
0.000278609
0.00027984
0.000282537
0.000287301
0.000293681
0.000302422
0.000312869
0.000326477
0.000341959
0.000362593
0.000386872
0.000419242
0.000456988
0.000504295
0.000573837
0.000596648
0.00058459
0.000579618
0.0010781
0.0038657
0.0103422
0.000330264
0.000761861
0.00123553
0.00132945
0.00129105
0.00117154
0.000928341
0.000710217
0.000542779
0.000428143
0.000369513
0.000338534
0.000320091
0.000307749
0.000299114
0.000293164
0.000289639
0.000288624
0.00028919
0.000290857
0.000294232
0.000298843
0.000305228
0.000312684
0.000322203
0.000332739
0.00034615
0.000360856
0.000379621
0.000400084
0.000427535
0.000460669
0.000505808
0.000564348
0.000572391
0.000556449
0.000563181
0.00109015
0.00397147
0.0104848
0.000313971
0.000566464
0.00106203
0.00127209
0.00128035
0.00123177
0.00109199
0.000877638
0.000694139
0.000549714
0.000445928
0.000387363
0.000352554
0.000330594
0.000316287
0.000307124
0.000301608
0.000299349
0.000299937
0.000301878
0.000305961
0.000311392
0.000318661
0.000326417
0.000336162
0.000345946
0.000358176
0.000370472
0.000386782
0.000404522
0.000429624
0.000460297
0.000498777
0.000536166
0.000534662
0.000525173
0.000555995
0.00112181
0.00407574
0.0106452
0.000323125
0.000455658
0.000849857
0.00114716
0.00125013
0.00124369
0.00119275
0.00106589
0.000890382
0.000735022
0.000604907
0.000503001
0.000434538
0.00039084
0.000361943
0.000342813
0.00033025
0.00032295
0.000319142
0.0003193
0.000320656
0.000323623
0.000329129
0.000335165
0.000343418
0.000351551
0.000362391
0.000373044
0.000387759
0.000403271
0.000423705
0.000446531
0.000470036
0.000493957
0.000499974
0.000511014
0.000568851
0.00120069
0.00422761
0.0108452
0.000338485
0.000418106
0.000698611
0.000995911
0.00118556
0.00126068
0.00125832
0.00121842
0.0011208
0.000977419
0.00084002
0.000712396
0.000611614
0.000537045
0.00048238
0.000442524
0.000413222
0.00039238
0.000377344
0.000367417
0.000361597
0.000357774
0.000357629
0.000358482
0.000360898
0.000364526
0.000371038
0.000378042
0.000388228
0.000399221
0.0004145
0.000431955
0.000452027
0.000475684
0.000488194
0.000517223
0.00065238
0.00141389
0.00453372
0.0111381
0.000432749
0.000468937
0.000671622
0.000918158
0.00114774
0.00129527
0.00136296
0.0013851
0.00136656
0.00131308
0.00121545
0.00110795
0.000994524
0.000885703
0.000789856
0.000708943
0.000642519
0.000588323
0.000545543
0.000510566
0.000484428
0.000464409
0.000450299
0.000439139
0.000432771
0.000427102
0.00042636
0.000427453
0.000430604
0.000437168
0.000447357
0.000462522
0.000484074
0.000515877
0.00056691
0.000679605
0.000964264
0.00194014
0.00517806
0.0115916
0.000648209
0.000594568
0.000814255
0.00103687
0.00124697
0.00141399
0.0015192
0.00156501
0.00155792
0.00152928
0.00146451
0.00137707
0.00128072
0.001184
0.00109265
0.00101143
0.000939929
0.000880326
0.000829122
0.000788652
0.000754158
0.000727062
0.000705039
0.000690689
0.000679674
0.000677006
0.000678814
0.000684998
0.0006994
0.000729886
0.00076744
0.000832259
0.00090696
0.00102808
0.00118435
0.00145128
0.00192604
0.00317406
0.0063473
0.0122583
0.00151917
0.00200639
0.00265249
0.00294187
0.00306395
0.00310358
0.00309823
0.00306235
0.00298655
0.00291205
0.00283925
0.00276359
0.0026899
0.00262376
0.00256433
0.00251795
0.00247897
0.00245644
0.00243946
0.00244056
0.00244767
0.00246467
0.00249155
0.0025327
0.00258022
0.0026451
0.0027157
0.00280929
0.00290943
0.00302543
0.00316143
0.00335166
0.00355342
0.00383102
0.00412145
0.00456925
0.00509875
0.00635132
0.00864637
0.0133874
0.00927536
0.0144008
0.0173942
0.0185927
0.0190163
0.0189932
0.0188253
0.0184544
0.0179862
0.0175038
0.0170422
0.0166178
0.0162352
0.0158943
0.0155913
0.015323
0.0150847
0.0148736
0.0146862
0.0145205
0.0143743
0.0142465
0.0141352
0.014041
0.0139615
0.0138986
0.0138491
0.0138176
0.0137976
0.013799
0.0138042
0.0138141
0.0138366
0.0138679
0.0139342
0.0140086
0.014177
0.0143594
0.0152647
0.0148355
)
;

boundaryField
{
    movingWall
    {
        type            kqRWallFunction;
        value           nonuniform List<scalar> 
40
(
0.00927536
0.0144008
0.0173942
0.0185927
0.0190163
0.0189932
0.0188253
0.0184544
0.0179862
0.0175038
0.0170422
0.0166178
0.0162352
0.0158943
0.0155913
0.015323
0.0150847
0.0148736
0.0146862
0.0145205
0.0143743
0.0142465
0.0141352
0.014041
0.0139615
0.0138986
0.0138491
0.0138176
0.0137976
0.013799
0.0138042
0.0138141
0.0138366
0.0138679
0.0139342
0.0140086
0.014177
0.0143594
0.0152647
0.0148355
)
;
    }
    fixedWalls
    {
        type            kqRWallFunction;
        value           nonuniform List<scalar> 
120
(
0.00016346
0.000280675
0.000454365
0.00060258
0.000692103
0.000741179
0.000777382
0.000826475
0.000941002
0.00115689
0.00139186
0.00162144
0.00184102
0.0020449
0.00224728
0.00245
0.00264184
0.00281738
0.00297314
0.0031104
0.00320892
0.00324516
0.0032249
0.00315403
0.00299963
0.00275082
0.00241957
0.00202114
0.00157653
0.00113602
0.000753023
0.000473434
0.000330264
0.000313971
0.000323125
0.000338485
0.000432749
0.000648209
0.00151917
0.00927536
0.000334822
0.000378524
0.000443385
0.000501799
0.000533767
0.000558213
0.000611098
0.000691373
0.000829796
0.000943923
0.00134146
0.00216518
0.0032451
0.00435521
0.00536609
0.00623602
0.0069708
0.00756666
0.00805
0.00843187
0.00873322
0.00896776
0.00916316
0.00932762
0.00947442
0.00960713
0.00973176
0.00985078
0.00996829
0.0100869
0.0102106
0.0103422
0.0104848
0.0106452
0.0108452
0.0111381
0.0115916
0.0122583
0.0133874
0.0148355
0.00016346
0.000190817
0.000235343
0.000276831
0.000302157
0.000315617
0.000334824
0.00036235
0.000394102
0.000441402
0.000559877
0.000909775
0.00141593
0.00202217
0.00262222
0.00314747
0.00356483
0.00385744
0.00400747
0.00406706
0.0040746
0.00398291
0.00384895
0.00366605
0.00347164
0.00325494
0.00303424
0.0028102
0.00258082
0.00233438
0.00206879
0.0017754
0.00152433
0.00139379
0.00129541
0.0012128
0.00109938
0.000893249
0.000587037
0.000334822
)
;
    }
    frontAndBack
    {
        type            empty;
    }
}


// ************************************************************************* //
