/*--------------------------------*- C++ -*----------------------------------*\
| =========                 |                                                 |
| \\      /  F ield         | OpenFOAM: The Open Source CFD Toolbox           |
|  \\    /   O peration     | Version:  2412                                  |
|   \\  /    A nd           | Website:  www.openfoam.com                      |
|    \\/     M anipulation  |                                                 |
\*---------------------------------------------------------------------------*/
FoamFile
{
    version     2.0;
    format      ascii;
    arch        "LSB;label=32;scalar=64";
    class       volScalarField;
    location    "9.25";
    object      p;
}
// * * * * * * * * * * * * * * * * * * * * * * * * * * * * * * * * * * * * * //

dimensions      [0 2 -2 0 0 0 0];

internalField   nonuniform List<scalar> 
1600
(
2.37151e-08
-2.84376e-05
-0.000116769
-0.000231857
-0.000336137
-0.000424992
-0.000522707
-0.000651683
-0.000820819
-0.001058
-0.00139244
-0.00178991
-0.00222864
-0.00276781
-0.00345564
-0.0042672
-0.00517157
-0.00613284
-0.00707352
-0.0078552
-0.00829129
-0.00820598
-0.00751228
-0.00620976
-0.00434922
-0.0020337
0.000568018
0.00320973
0.00557384
0.0073135
0.00816247
0.00807092
0.00722881
0.00601475
0.00481573
0.00398154
0.00357821
0.00354536
0.00364133
0.00372391
-2.06629e-05
-6.41444e-05
-0.000158968
-0.000264777
-0.000339874
-0.000391578
-0.000460526
-0.000563651
-0.000694452
-0.000863293
-0.00113297
-0.00155269
-0.00210262
-0.00279063
-0.00366907
-0.00474127
-0.00593896
-0.00712522
-0.00814984
-0.00888443
-0.00922028
-0.00907593
-0.00840702
-0.00719183
-0.00545212
-0.00326579
-0.00077658
0.00179501
0.00415073
0.00595898
0.0069505
0.00703843
0.00637681
0.0053259
0.00422075
0.00348165
0.00321758
0.0033121
0.00350861
0.00362987
-3.45695e-05
-0.000111274
-0.000227748
-0.000322333
-0.000363328
-0.000366927
-0.000389423
-0.000465279
-0.000614567
-0.000855243
-0.00125405
-0.00189069
-0.00278814
-0.00390299
-0.00517471
-0.00653415
-0.00788718
-0.00912317
-0.0101311
-0.0108109
-0.0110933
-0.0109297
-0.0102834
-0.00913924
-0.00751376
-0.00545373
-0.00306122
-0.000517467
0.00192157
0.00394641
0.00527165
0.00574803
0.0054605
0.00469993
0.00382676
0.00319954
0.00295338
0.00302772
0.00324949
0.00338753
-7.24173e-06
-0.000127927
-0.000267285
-0.000350168
-0.000361384
-0.000353281
-0.000376642
-0.000482121
-0.000749405
-0.0012669
-0.00208151
-0.00320039
-0.0045616
-0.00606915
-0.00762379
-0.00914117
-0.0105397
-0.0117573
-0.0127227
-0.0133654
-0.0136348
-0.0135077
-0.0129645
-0.0119679
-0.0105218
-0.00865968
-0.00644554
-0.00399441
-0.00148515
0.000836809
0.00268952
0.0038362
0.00421193
0.00399079
0.00349615
0.00305875
0.00285932
0.00289209
0.00305246
0.00313472
0.00014469
-3.26491e-05
-0.000185829
-0.000272769
-0.000301412
-0.000336044
-0.000464049
-0.000782431
-0.001401
-0.00239029
-0.00373131
-0.00533774
-0.00708681
-0.00887173
-0.0105965
-0.0121915
-0.013601
-0.0147794
-0.0156831
-0.0162741
-0.0165313
-0.0164369
-0.0159666
-0.0151273
-0.0139139
-0.012337
-0.0104247
-0.00822385
-0.00582303
-0.00336477
-0.00105109
0.000875275
0.00220207
0.00287367
0.00304989
0.00298632
0.00290787
0.00292766
0.00296359
0.00295335
0.00048449
0.000240215
5.85831e-05
-7.03056e-05
-0.000185328
-0.000383458
-0.000785846
-0.00151843
-0.0026597
-0.00419709
-0.00602968
-0.00801918
-0.0100301
-0.011956
-0.0137247
-0.0152853
-0.0166075
-0.0176676
-0.0184495
-0.0189359
-0.0191186
-0.0190099
-0.0186058
-0.0179099
-0.0169214
-0.015645
-0.0140868
-0.012253
-0.0101585
-0.00784163
-0.00538698
-0.00294199
-0.000722287
0.00103372
0.00218373
0.00276714
0.00295582
0.00298394
0.00290898
0.00281098
0.000998142
0.000687955
0.000441911
0.000216682
-8.38693e-05
-0.000589928
-0.00143614
-0.00272086
-0.0044402
-0.00648634
-0.00869814
-0.010917
-0.0130218
-0.0149324
-0.0166068
-0.0180246
-0.0191841
-0.0200873
-0.0207381
-0.0211342
-0.0212744
-0.0211632
-0.0208072
-0.0202104
-0.0193802
-0.0183237
-0.0170474
-0.0155506
-0.0138198
-0.01183
-0.00955872
-0.0070194
-0.00430974
-0.00165499
0.000598122
0.00212886
0.00283631
0.00293419
0.00279111
0.00262449
0.00159961
0.0012184
0.000869131
0.000478102
-0.000111497
-0.00105545
-0.00246038
-0.00433998
-0.00658364
-0.00901025
-0.0114344
-0.0137152
-0.0157674
-0.0175541
-0.0190706
-0.0203276
-0.0213426
-0.0221289
-0.0226945
-0.0230416
-0.0231681
-0.0230704
-0.0227532
-0.0222229
-0.0214889
-0.0205619
-0.0194542
-0.018173
-0.0167101
-0.0150326
-0.0130779
-0.0107646
-0.00803681
-0.00495665
-0.00182652
0.000789456
0.00233864
0.00273279
0.00259324
0.00235461
0.00215315
0.00167788
0.00118532
0.000569491
-0.000397831
-0.00186175
-0.00385195
-0.00626397
-0.00889692
-0.0115355
-0.0140111
-0.0162272
-0.0181496
-0.0197845
-0.021157
-0.0222942
-0.0232174
-0.0239379
-0.0244606
-0.024786
-0.0249115
-0.0248331
-0.0245515
-0.0240732
-0.0234051
-0.0225574
-0.0215436
-0.0203763
-0.01906
-0.0175784
-0.0158806
-0.0138714
-0.0114157
-0.00839605
-0.00488279
-0.00138066
0.00121536
0.00231559
0.00232894
0.0019473
0.00246526
0.00189498
0.00123503
0.000349542
-0.00104506
-0.00303434
-0.00554011
-0.00834798
-0.011205
-0.0139012
-0.0163144
-0.0184045
-0.020185
-0.0216919
-0.0229629
-0.0240257
-0.0248968
-0.0255826
-0.0260843
-0.0264009
-0.0265305
-0.0264707
-0.0262221
-0.0257888
-0.0251751
-0.0243885
-0.0234388
-0.0223372
-0.0210933
-0.0197075
-0.0181564
-0.0163735
-0.0142299
-0.0115347
-0.00813456
-0.00421366
-0.000613734
0.0015318
0.00191299
0.0013613
0.0024046
0.00173487
0.000899407
-0.000272935
-0.00207938
-0.00452494
-0.00741439
-0.0104573
-0.0133867
-0.0160292
-0.0183219
-0.0202766
-0.0219381
-0.0233539
-0.0245601
-0.0255781
-0.0264179
-0.0270825
-0.0275718
-0.0278846
-0.0280198
-0.0279772
-0.0277575
-0.0273635
-0.0267975
-0.0260645
-0.0251699
-0.0241208
-0.0229246
-0.021587
-0.0201045
-0.0184474
-0.0165311
-0.0141863
-0.0111664
-0.00732423
-0.00308757
0.00017808
0.00117368
0.000625345
0.0018774
0.00113094
0.000133247
-0.0013032
-0.00345473
-0.00623782
-0.00935997
-0.0124898
-0.0153765
-0.0179021
-0.0200598
-0.0218962
-0.0234686
-0.0248227
-0.0259867
-0.0269746
-0.0277918
-0.02844
-0.0289194
-0.0292294
-0.0293702
-0.0293426
-0.0291478
-0.0287879
-0.028264
-0.0275789
-0.0267353
-0.0257363
-0.0245853
-0.0232867
-0.0218437
-0.0202495
-0.0184649
-0.0163809
-0.0137752
-0.0103287
-0.00597524
-0.00179198
0.000110612
-0.000210774
0.000890006
9.90825e-05
-0.0010273
-0.00267385
-0.0050743
-0.00806215
-0.011277
-0.014377
-0.0171496
-0.019535
-0.0215672
-0.0233088
-0.0248161
-0.0261263
-0.0272588
-0.0282223
-0.02902
-0.0296534
-0.0301235
-0.0304307
-0.0305762
-0.0305613
-0.0303875
-0.0300567
-0.0295694
-0.0289271
-0.0281307
-0.0271805
-0.0260772
-0.0248216
-0.0234165
-0.0218647
-0.0201556
-0.0182352
-0.015956
-0.0129985
-0.00895713
-0.00425902
-0.00127993
-0.00123905
-0.00046538
-0.00126775
-0.00248169
-0.00427107
-0.0068174
-0.00988943
-0.0130869
-0.0160798
-0.0187056
-0.0209525
-0.0228772
-0.0245442
-0.0260016
-0.0272766
-0.028382
-0.0293232
-0.0301026
-0.0307221
-0.0311834
-0.0314877
-0.0316368
-0.0316324
-0.0314762
-0.03117
-0.0307141
-0.0301093
-0.0293555
-0.0284519
-0.0273971
-0.0261898
-0.0248303
-0.0233225
-0.0216694
-0.019853
-0.0177956
-0.0152703
-0.0117637
-0.00703378
-0.00311854
-0.00262178
-0.00204863
-0.00283345
-0.00409466
-0.00596197
-0.00856425
-0.011627
-0.0147327
-0.0175791
-0.0200532
-0.0221757
-0.0240112
-0.025618
-0.027034
-0.028278
-0.0293582
-0.0302783
-0.0310405
-0.031647
-0.0321002
-0.0324015
-0.0325533
-0.0325575
-0.0324159
-0.0321302
-0.0317008
-0.0311283
-0.0304124
-0.0295517
-0.0285441
-0.0273873
-0.0260799
-0.0246245
-0.0230283
-0.0212921
-0.0193864
-0.0171871
-0.0142486
-0.00989194
-0.0054418
-0.00442667
-0.00370607
-0.00445146
-0.0057281
-0.00761871
-0.0102104
-0.0132027
-0.0161772
-0.0188677
-0.0212017
-0.023218
-0.0249798
-0.0265364
-0.0279161
-0.0291315
-0.0301882
-0.0310886
-0.0318351
-0.03243
-0.0328759
-0.0331744
-0.0333282
-0.0333392
-0.0332094
-0.0329405
-0.0325331
-0.0319879
-0.0313047
-0.0304824
-0.0295191
-0.028412
-0.0271594
-0.0257627
-0.0242296
-0.0225703
-0.0207837
-0.0188191
-0.016374
-0.0126218
-0.00813481
-0.00660059
-0.00529628
-0.00598735
-0.00725493
-0.00913327
-0.0116734
-0.0145648
-0.0173979
-0.0199428
-0.0221565
-0.0240852
-0.0257864
-0.0273003
-0.0286477
-0.0298373
-0.0308725
-0.0317554
-0.0324882
-0.0330731
-0.0335127
-0.0338088
-0.0339639
-0.0339803
-0.0338597
-0.0336042
-0.0332143
-0.0326914
-0.0320356
-0.0312465
-0.0303226
-0.029262
-0.0280631
-0.0267273
-0.0252621
-0.0236819
-0.0220021
-0.0202144
-0.0181564
-0.0150585
-0.0109632
-0.00899026
-0.00670024
-0.00733089
-0.00857573
-0.0104216
-0.0128929
-0.0156798
-0.0183816
-0.0208027
-0.022919
-0.0247778
-0.0264299
-0.027908
-0.0292276
-0.0303947
-0.0314115
-0.0322797
-0.0330011
-0.0335779
-0.0340125
-0.0343066
-0.0344628
-0.034483
-0.0343694
-0.0341238
-0.0337474
-0.0332418
-0.0326079
-0.031846
-0.0309557
-0.0299361
-0.0287867
-0.0275094
-0.0261122
-0.0246113
-0.0230339
-0.0213907
-0.0196263
-0.0171187
-0.0136854
-0.0113654
-0.00782603
-0.00840077
-0.00962204
-0.0114305
-0.0138321
-0.0165231
-0.0191182
-0.0214445
-0.0234878
-0.0252939
-0.0269079
-0.0283572
-0.0296542
-0.0308029
-0.0318051
-0.032662
-0.0333749
-0.0339458
-0.0343768
-0.0346696
-0.0348264
-0.0348494
-0.0347405
-0.0345018
-0.0341347
-0.0336413
-0.0330234
-0.0322821
-0.0314183
-0.0304326
-0.0293256
-0.0281006
-0.0267667
-0.0253408
-0.0238602
-0.0223396
-0.0208043
-0.0187974
-0.0161133
-0.0134931
-0.00861262
-0.00914524
-0.010355
-0.0121302
-0.014468
-0.0170854
-0.0196035
-0.021866
-0.023861
-0.0256308
-0.0272174
-0.0286454
-0.0299255
-0.0310609
-0.0320529
-0.0329022
-0.0336098
-0.0341773
-0.0346064
-0.0348985
-0.0350559
-0.0350805
-0.0349742
-0.0347393
-0.0343773
-0.033891
-0.0332828
-0.0325549
-0.0317095
-0.0307486
-0.0296748
-0.0284926
-0.0272131
-0.0258532
-0.0244603
-0.0230425
-0.0216866
-0.0200907
-0.0180791
-0.0153025
-0.00902611
-0.00954793
-0.010758
-0.0125089
-0.014793
-0.0173644
-0.0198397
-0.0220674
-0.0240357
-0.0257848
-0.027355
-0.0287701
-0.03004
-0.0311679
-0.0321547
-0.0330008
-0.0337067
-0.0342736
-0.0347027
-0.0349954
-0.0351533
-0.0351785
-0.0350727
-0.0348383
-0.0344772
-0.0339925
-0.0333874
-0.032665
-0.0318288
-0.0308823
-0.0298299
-0.028678
-0.0274399
-0.0261335
-0.0248147
-0.0234788
-0.0222585
-0.0209649
-0.0194211
-0.016879
-0.00907536
-0.00961277
-0.0108342
-0.0125712
-0.0148198
-0.0173591
-0.0198269
-0.0220468
-0.0240079
-0.0257509
-0.0273161
-0.0287273
-0.0299946
-0.0311215
-0.0321088
-0.0329564
-0.0336647
-0.0342342
-0.0346658
-0.0349603
-0.0351191
-0.0351441
-0.0350369
-0.0348
-0.0344353
-0.0339465
-0.0333375
-0.0326122
-0.0317753
-0.0308318
-0.0297877
-0.0286512
-0.0274383
-0.0261677
-0.0249039
-0.023627
-0.0225106
-0.0214142
-0.0201432
-0.0181566
-0.00881368
-0.00937183
-0.0106088
-0.0123395
-0.0145638
-0.0170816
-0.0195619
-0.021798
-0.0237727
-0.0255258
-0.0270981
-0.0285148
-0.0297875
-0.0309203
-0.031914
-0.0327686
-0.0334838
-0.0340596
-0.0344963
-0.0347944
-0.0349548
-0.0349792
-0.0348688
-0.0346261
-0.0342532
-0.0337543
-0.0331336
-0.0323961
-0.0315475
-0.0305942
-0.029544
-0.0284069
-0.0272006
-0.0259441
-0.0247109
-0.0234646
-0.0224352
-0.0214546
-0.0203716
-0.0189391
-0.00833155
-0.00887981
-0.0101263
-0.011849
-0.0140435
-0.0165453
-0.0190438
-0.0213146
-0.0233238
-0.0251046
-0.026697
-0.0281293
-0.0294156
-0.0305615
-0.0315683
-0.0324357
-0.0331629
-0.0337493
-0.0341946
-0.0344986
-0.0346618
-0.0346854
-0.0345703
-0.034319
-0.0339335
-0.0334183
-0.0327782
-0.0320185
-0.0311461
-0.0301686
-0.0290957
-0.0279391
-0.0267182
-0.0254555
-0.0242214
-0.0229737
-0.0220256
-0.0210856
-0.0201822
-0.0191482
-0.00772683
-0.00821686
-0.00943854
-0.0111399
-0.0132918
-0.0157669
-0.0182816
-0.0205989
-0.0226585
-0.024482
-0.0261077
-0.0275664
-0.0288757
-0.0300428
-0.03107
-0.0319568
-0.0327018
-0.0333038
-0.0337615
-0.0340742
-0.0342416
-0.0342646
-0.0341436
-0.0338808
-0.0334783
-0.0329407
-0.032273
-0.0314812
-0.0305727
-0.0295562
-0.0284425
-0.0272457
-0.0259876
-0.0246931
-0.0234327
-0.0221764
-0.0212496
-0.0203105
-0.0195885
-0.0187935
-0.00708417
-0.00746954
-0.00860997
-0.0102639
-0.0123511
-0.0147732
-0.0172873
-0.0196506
-0.0217705
-0.0236501
-0.0253225
-0.0268199
-0.0281627
-0.0293607
-0.0304168
-0.0313305
-0.0321002
-0.0327234
-0.0331983
-0.0335231
-0.0336968
-0.0337198
-0.0335923
-0.0333154
-0.0328916
-0.0323252
-0.0316216
-0.0307869
-0.029829
-0.0287573
-0.0275842
-0.0263257
-0.0250061
-0.0236533
-0.0223406
-0.0210449
-0.0201139
-0.0191646
-0.0185973
-0.0179345
-0.006464
-0.00671943
-0.00772121
-0.00928148
-0.0112678
-0.0135964
-0.0160746
-0.0184676
-0.0206494
-0.0225963
-0.0243299
-0.0258801
-0.0272694
-0.0285096
-0.0296049
-0.0305549
-0.0313572
-0.0320087
-0.0325064
-0.0328477
-0.0330307
-0.0330552
-0.0329205
-0.0326276
-0.0321785
-0.0315771
-0.030829
-0.0299402
-0.0289187
-0.0277748
-0.0265222
-0.0251789
-0.0237724
-0.0223345
-0.0209427
-0.0195818
-0.0186284
-0.0176459
-0.0172354
-0.0166312
-0.00590524
-0.00603763
-0.00684439
-0.00824672
-0.0100855
-0.0122729
-0.0146647
-0.017052
-0.0192838
-0.0213039
-0.023113
-0.0247329
-0.0261849
-0.0274819
-0.0286294
-0.029627
-0.0304719
-0.0311602
-0.0316878
-0.0320511
-0.0322473
-0.0322754
-0.0321342
-0.0318237
-0.0313456
-0.0307034
-0.029902
-0.0289476
-0.0278479
-0.0266137
-0.0252603
-0.0238077
-0.0222879
-0.020737
-0.0192393
-0.0177916
-0.0168024
-0.0157777
-0.0154965
-0.0149142
-0.00543499
-0.00546575
-0.00603408
-0.0072149
-0.0088485
-0.0108395
-0.0130828
-0.0154106
-0.017664
-0.0197532
-0.0216498
-0.0233584
-0.0248932
-0.0262662
-0.0274826
-0.0285426
-0.0294429
-0.0301786
-0.0307449
-0.0311373
-0.0313518
-0.0313869
-0.0312404
-0.0309116
-0.0304015
-0.0297126
-0.0288497
-0.0278179
-0.0266249
-0.0252819
-0.0238055
-0.0222183
-0.0205578
-0.0188662
-0.0172376
-0.0156845
-0.0146487
-0.0135679
-0.0133883
-0.012779
-0.00506116
-0.00500596
-0.00532887
-0.00624043
-0.00760799
-0.00933736
-0.0113621
-0.0135612
-0.0157874
-0.017926
-0.0199146
-0.0217306
-0.0233726
-0.0248457
-0.0261533
-0.0272949
-0.0282669
-0.0290638
-0.0296802
-0.0301105
-0.0303501
-0.0303967
-0.0302476
-0.0299008
-0.0293563
-0.0286158
-0.0276831
-0.0265626
-0.0252613
-0.0237906
-0.0221689
-0.0204219
-0.0185945
-0.0167367
-0.0149556
-0.013283
-0.0121924
-0.011031
-0.0109369
-0.0102191
-0.0047562
-0.00462836
-0.00475941
-0.00537181
-0.00641192
-0.00780842
-0.0095394
-0.0115311
-0.0136641
-0.015814
-0.0178857
-0.0198223
-0.0215966
-0.0231987
-0.0246252
-0.0258732
-0.0269381
-0.027814
-0.0284949
-0.0289747
-0.0292483
-0.029313
-0.0291651
-0.0288016
-0.0282217
-0.0274259
-0.0264161
-0.0251963
-0.0237727
-0.022157
-0.0203693
-0.0184396
-0.016421
-0.0143742
-0.0124236
-0.0106253
-0.00947663
-0.00821105
-0.00819944
-0.0073065
-0.00447759
-0.00431764
-0.00434256
-0.00464979
-0.00530023
-0.0062955
-0.00765505
-0.00935916
-0.0113235
-0.0134291
-0.0155573
-0.0176152
-0.0195418
-0.0213026
-0.02288
-0.0242643
-0.0254483
-0.0264254
-0.0271889
-0.0277329
-0.0280521
-0.0281431
-0.0280018
-0.0276249
-0.0270105
-0.0261575
-0.0250658
-0.0237388
-0.0221824
-0.0204086
-0.0184392
-0.0163088
-0.0140791
-0.0118233
-0.00968706
-0.00775522
-0.00653455
-0.00513894
-0.00527164
-0.0042018
-0.00421821
-0.00410224
-0.00406801
-0.0040931
-0.00431217
-0.00483771
-0.00575275
-0.00709478
-0.00881747
-0.0108154
-0.012957
-0.0151183
-0.0172028
-0.0191446
-0.0209035
-0.0224564
-0.0237895
-0.0248938
-0.025762
-0.0263882
-0.0267671
-0.0268949
-0.026768
-0.0263834
-0.0257381
-0.0248297
-0.0236564
-0.0222205
-0.020528
-0.0185912
-0.0164331
-0.0140937
-0.0116416
-0.00916334
-0.00682364
-0.00472961
-0.00337237
-0.00178088
-0.00212058
-0.000779914
-0.00402841
-0.00397878
-0.00388701
-0.00366817
-0.00345429
-0.00346128
-0.00387473
-0.00479771
-0.0062233
-0.00805786
-0.0101642
-0.0123956
-0.0146232
-0.0167496
-0.0187077
-0.0204548
-0.021965
-0.0232232
-0.0242202
-0.0249494
-0.0254047
-0.0255831
-0.025482
-0.0250989
-0.0244301
-0.0234738
-0.0222272
-0.0206903
-0.0188688
-0.0167758
-0.0144362
-0.0118945
-0.0092244
-0.00652419
-0.00396862
-0.00166337
-4.66182e-05
0.0018995
0.00159385
0.00390507
-0.00385825
-0.00389231
-0.00374448
-0.00331218
-0.00268537
-0.00216979
-0.00206322
-0.00254267
-0.00364337
-0.00528126
-0.00731176
-0.00957293
-0.0119126
-0.0142061
-0.0163597
-0.0183088
-0.0200119
-0.0214439
-0.0225902
-0.0234424
-0.0239933
-0.0242397
-0.0241801
-0.0238134
-0.0231347
-0.0221443
-0.0208396
-0.0192201
-0.0172904
-0.0150641
-0.0125677
-0.00984749
-0.00698011
-0.00407185
-0.00129726
0.00126444
0.00325195
0.00577978
0.00621726
0.0107279
-0.00360683
-0.00374324
-0.00356489
-0.00291412
-0.00191541
-0.000935039
-0.000355724
-0.000423595
-0.00121361
-0.00265561
-0.00459782
-0.00686192
-0.00927946
-0.0117058
-0.0140269
-0.0161591
-0.0180455
-0.0196495
-0.0209494
-0.0219323
-0.0225899
-0.0229184
-0.0229161
-0.022582
-0.0219169
-0.0209156
-0.0195779
-0.0179074
-0.0159084
-0.0135913
-0.010981
-0.00812137
-0.00508401
-0.00197015
0.00106518
0.00397876
0.00645451
0.00979062
0.011292
0.0177918
-0.00356939
-0.00367054
-0.00332283
-0.00240144
-0.00106523
0.000276032
0.00122388
0.00147473
0.000928318
-0.0003517
-0.002212
-0.00446766
-0.00693771
-0.00946384
-0.0119181
-0.0142031
-0.0162491
-0.0180088
-0.0194529
-0.0205628
-0.0213287
-0.0217474
-0.0218167
-0.0215352
-0.020903
-0.0199195
-0.0185827
-0.016902
-0.014883
-0.0125259
-0.00985199
-0.00689503
-0.00370295
-0.000335959
0.00312226
0.00671441
0.0101784
0.0149097
0.0162993
0.0213473
-0.00257838
-0.00272039
-0.00252392
-0.00159564
-7.88364e-05
0.00152552
0.00272193
0.00319451
0.00281451
0.00164552
-0.000155385
-0.00240469
-0.0049172
-0.00752629
-0.0100934
-0.01251
-0.0146962
-0.0165962
-0.0181725
-0.0194024
-0.0202748
-0.0207842
-0.020928
-0.020705
-0.0201164
-0.0191638
-0.0178554
-0.0161906
-0.0141967
-0.0118548
-0.009177
-0.00617741
-0.00285841
0.000829456
0.00496873
0.00982919
0.0154566
0.0232733
0.0242005
0.0287633
-0.00493469
-0.00486432
-0.00385983
-0.00191254
0.000311673
0.00227129
0.0036226
0.00419657
0.00391218
0.00282864
0.0010865
-0.001141
-0.00367124
-0.00633141
-0.00897318
-0.0114786
-0.0137595
-0.0157534
-0.0174188
-0.0187306
-0.0196754
-0.0202463
-0.0204411
-0.0202608
-0.0197087
-0.0187899
-0.0175102
-0.0158693
-0.0138481
-0.0114922
-0.00878666
-0.00571618
-0.00223566
0.00179161
0.00662632
0.0129449
0.0213889
0.0338654
0.040595
0.0710901
-0.00342924
6.34913e-05
0.000782702
0.000975224
0.00198856
0.00335191
0.00436575
0.00469527
0.004252
0.00309852
0.00134951
-0.000854309
-0.00335304
-0.00598579
-0.00860915
-0.0111062
-0.0133871
-0.0153871
-0.0170624
-0.0183864
-0.0193441
-0.0199268
-0.0201311
-0.0199576
-0.0194086
-0.0184866
-0.0171939
-0.0155313
-0.0135024
-0.0111246
-0.00839936
-0.0052688
-0.00166673
0.00254448
0.00759889
0.0141361
0.0225478
0.0372607
0.0608129
0.154535
)
;

boundaryField
{
    movingWall
    {
        type            zeroGradient;
    }
    fixedWalls
    {
        type            zeroGradient;
    }
    frontAndBack
    {
        type            empty;
    }
}


// ************************************************************************* //
