/*--------------------------------*- C++ -*----------------------------------*\
| =========                 |                                                 |
| \\      /  F ield         | OpenFOAM: The Open Source CFD Toolbox           |
|  \\    /   O peration     | Version:  2412                                  |
|   \\  /    A nd           | Website:  www.openfoam.com                      |
|    \\/     M anipulation  |                                                 |
\*---------------------------------------------------------------------------*/
FoamFile
{
    version     2.0;
    format      ascii;
    arch        "LSB;label=32;scalar=64";
    class       surfaceScalarField;
    location    "9.5";
    object      phi;
}
// * * * * * * * * * * * * * * * * * * * * * * * * * * * * * * * * * * * * * //

dimensions      [0 3 -1 0 0 0 0];

oriented        oriented;

internalField   nonuniform List<scalar> 
760
(
5.04609e-07
-5.04617e-07
4.68831e-07
3.57778e-08
-7.02179e-08
5.39049e-07
-1.17129e-06
1.10107e-06
-2.85353e-06
1.68225e-06
-4.85756e-06
2.00403e-06
-6.82657e-06
1.969e-06
-8.47461e-06
1.64805e-06
-9.64022e-06
1.16561e-06
-1.02886e-05
6.4837e-07
-1.04466e-05
1.57975e-07
-1.01368e-05
-3.09777e-07
-9.33659e-06
-8.00206e-07
-8.01957e-06
-1.31702e-06
-6.1923e-06
-1.82727e-06
-3.95361e-06
-2.23869e-06
-1.63678e-06
-2.31683e-06
1.07481e-07
-1.74426e-06
6.50978e-07
-5.43498e-07
6.50978e-07
-7.80149e-08
-4.26603e-07
-8.79429e-07
8.37192e-07
-2.37078e-06
2.0304e-06
-4.40755e-06
3.13783e-06
-6.52757e-06
3.80227e-06
-8.3667e-06
3.84316e-06
-9.76479e-06
3.3671e-06
-1.07372e-05
2.62049e-06
-1.13754e-05
1.80377e-06
-1.17376e-05
1.01058e-06
-1.18031e-05
2.2342e-07
-1.1561e-05
-5.51803e-07
-1.09795e-05
-1.38172e-06
-9.98747e-06
-2.30906e-06
-8.51298e-06
-3.30176e-06
-6.54512e-06
-4.20655e-06
-4.1946e-06
-4.66735e-06
-1.83453e-06
-4.10433e-06
-2.70349e-07
-2.10768e-06
3.80629e-07
-9.39842e-07
5.1324e-07
-2.4353e-06
2.33265e-06
-4.36986e-06
3.96496e-06
-6.35606e-06
5.12403e-06
-8.02149e-06
5.4677e-06
-9.23297e-06
5.05464e-06
-1.00534e-05
4.18753e-06
-1.05973e-05
3.16437e-06
-1.09434e-05
2.14986e-06
-1.11177e-05
1.18488e-06
-1.11244e-05
2.30185e-07
-1.09674e-05
-7.08804e-07
-1.06376e-05
-1.71157e-06
-1.01055e-05
-2.84112e-06
-9.2813e-06
-4.12599e-06
-8.00787e-06
-5.47998e-06
-6.11859e-06
-6.55663e-06
-3.62582e-06
-6.59711e-06
-1.13596e-06
-4.59753e-06
-7.55335e-07
-1.53273e-06
2.04597e-06
-3.36922e-06
4.16914e-06
-5.25128e-06
5.84702e-06
-6.83207e-06
6.70482e-06
-7.93063e-06
6.56626e-06
-8.58035e-06
5.70435e-06
-8.91585e-06
4.52303e-06
-9.05572e-06
3.30424e-06
-9.07029e-06
2.16443e-06
-9.00652e-06
1.12112e-06
-8.92972e-06
1.53386e-07
-8.82033e-06
-8.18198e-07
-8.68964e-06
-1.84225e-06
-8.53493e-06
-2.99583e-06
-8.30565e-06
-4.35528e-06
-7.84712e-06
-5.93851e-06
-6.84274e-06
-7.56101e-06
-4.8931e-06
-8.54674e-06
-2.0377e-06
-7.45293e-06
-2.79304e-06
-1.7662e-06
3.81217e-06
-3.57604e-06
5.97898e-06
-5.16156e-06
7.43254e-06
-6.29351e-06
7.83676e-06
-6.91935e-06
7.19211e-06
-7.15469e-06
5.93969e-06
-7.16486e-06
4.5332e-06
-7.08068e-06
3.22006e-06
-6.98183e-06
2.06558e-06
-6.89877e-06
1.03806e-06
-6.81648e-06
7.10945e-08
-6.72022e-06
-9.14454e-07
-6.60871e-06
-1.95376e-06
-6.50689e-06
-3.09765e-06
-6.45495e-06
-4.40721e-06
-6.43217e-06
-5.96129e-06
-6.19997e-06
-7.79321e-06
-5.16164e-06
-9.58507e-06
-2.72948e-06
-9.88509e-06
-5.52252e-06
-1.66536e-06
5.47753e-06
-3.24484e-06
7.55847e-06
-4.47561e-06
8.6633e-06
-5.23028e-06
8.59143e-06
-5.53619e-06
7.49802e-06
-5.56015e-06
5.96365e-06
-5.48494e-06
4.45799e-06
-5.42467e-06
3.15979e-06
-5.40458e-06
2.04549e-06
-5.39222e-06
1.0257e-06
-5.34351e-06
2.23781e-08
-5.26143e-06
-9.96531e-07
-5.13484e-06
-2.08035e-06
-4.97388e-06
-3.25861e-06
-4.82287e-06
-4.55822e-06
-4.76401e-06
-6.02015e-06
-4.8004e-06
-7.75682e-06
-4.51195e-06
-9.87352e-06
-2.89891e-06
-1.14981e-05
-8.42143e-06
-1.37325e-06
6.85077e-06
-2.61905e-06
8.80427e-06
-3.51429e-06
9.55855e-06
-3.99171e-06
9.06885e-06
-4.12574e-06
7.63205e-06
-4.09433e-06
5.93224e-06
-4.05193e-06
4.41559e-06
-4.05394e-06
3.16179e-06
-4.07528e-06
2.06684e-06
-4.07912e-06
1.02953e-06
-4.0603e-06
3.56694e-09
-4.01244e-06
-1.0444e-06
-3.93473e-06
-2.15806e-06
-3.81235e-06
-3.38099e-06
-3.6349e-06
-4.73568e-06
-3.44418e-06
-6.21086e-06
-3.37031e-06
-7.83069e-06
-3.38705e-06
-9.85678e-06
-2.61958e-06
-1.22656e-05
-1.1041e-05
-1.00418e-06
7.85496e-06
-1.87449e-06
9.67458e-06
-2.4717e-06
1.01558e-05
-2.76676e-06
9.36391e-06
-2.8306e-06
7.69589e-06
-2.81202e-06
5.91366e-06
-2.81192e-06
4.41548e-06
-2.83801e-06
3.18789e-06
-2.8564e-06
2.08523e-06
-2.8543e-06
1.02744e-06
-2.84352e-06
-7.21579e-09
-2.82435e-06
-1.06357e-06
-2.79729e-06
-2.18512e-06
-2.74768e-06
-3.4306e-06
-2.64351e-06
-4.83985e-06
-2.45774e-06
-6.39664e-06
-2.26479e-06
-8.02363e-06
-2.25496e-06
-9.86661e-06
-2.03721e-06
-1.24834e-05
-1.30782e-05
-6.03737e-07
8.45869e-06
-1.10857e-06
1.01794e-05
-1.44857e-06
1.04958e-05
-1.62268e-06
9.53802e-06
-1.66642e-06
7.73963e-06
-1.6726e-06
5.91984e-06
-1.69329e-06
4.43617e-06
-1.72086e-06
3.21546e-06
-1.73578e-06
2.10016e-06
-1.74005e-06
1.0317e-06
-1.7402e-06
-7.05954e-09
-1.74236e-06
-1.06141e-06
-1.7472e-06
-2.18028e-06
-1.74866e-06
-3.42914e-06
-1.72145e-06
-4.86706e-06
-1.62066e-06
-6.49742e-06
-1.45414e-06
-8.19015e-06
-1.3841e-06
-9.93665e-06
-1.39039e-06
-1.24771e-05
-1.44686e-05
-1.94853e-07
8.65355e-06
-3.69973e-07
1.03545e-05
-4.81316e-07
1.06071e-05
-5.56765e-07
9.61347e-06
-5.89917e-07
7.77278e-06
-6.1524e-07
5.94516e-06
-6.42796e-07
4.46373e-06
-6.65492e-07
3.23815e-06
-6.82164e-07
2.11683e-06
-6.99247e-07
1.04879e-06
-7.19204e-07
1.28973e-08
-7.44224e-07
-1.03639e-06
-7.78486e-07
-2.14602e-06
-8.19279e-07
-3.38835e-06
-8.51391e-07
-4.83495e-06
-8.41551e-07
-6.50726e-06
-7.87953e-07
-8.24375e-06
-7.64596e-07
-9.96001e-06
-8.64387e-07
-1.23773e-05
-1.5333e-05
2.08642e-07
8.4449e-06
3.44434e-07
1.02187e-05
4.57052e-07
1.04945e-05
4.77529e-07
9.59299e-06
4.51239e-07
7.79907e-06
4.11083e-07
5.98532e-06
3.82038e-07
4.49277e-06
3.65871e-07
3.25432e-06
3.47772e-07
2.13493e-06
3.18887e-07
1.07767e-06
2.78146e-07
5.36382e-08
2.24851e-07
-9.83098e-07
1.5625e-07
-2.07742e-06
7.61899e-08
-3.30829e-06
-4.76701e-09
-4.75399e-06
-8.40858e-08
-6.42794e-06
-1.66218e-07
-8.16162e-06
-2.78123e-07
-9.8481e-06
-4.86697e-07
-1.21687e-05
-1.58197e-05
6.10359e-07
7.83454e-06
1.04095e-06
9.78815e-06
1.37386e-06
1.01616e-05
1.51977e-06
9.44707e-06
1.50956e-06
7.80929e-06
1.45482e-06
6.04005e-06
1.42251e-06
4.52508e-06
1.41139e-06
3.26544e-06
1.39414e-06
2.15218e-06
1.35595e-06
1.11586e-06
1.29638e-06
1.13211e-07
1.21262e-06
-8.99339e-07
1.1078e-06
-1.9726e-06
9.83513e-07
-3.184e-06
8.35156e-07
-4.60564e-06
6.56915e-07
-6.2497e-06
4.31669e-07
-7.93637e-06
1.51174e-07
-9.56761e-06
-2.16612e-07
-1.18009e-05
-1.60363e-05
9.98191e-07
6.83635e-06
1.70502e-06
9.08131e-06
2.24901e-06
9.61758e-06
2.56879e-06
9.1273e-06
2.63422e-06
7.74386e-06
2.58722e-06
6.08706e-06
2.54087e-06
4.57142e-06
2.51888e-06
3.28743e-06
2.49676e-06
2.17431e-06
2.45302e-06
1.15959e-06
2.37926e-06
1.86971e-07
2.27114e-06
-7.91218e-07
2.13222e-06
-1.83367e-06
1.96005e-06
-3.01184e-06
1.73847e-06
-4.38405e-06
1.43835e-06
-5.94958e-06
1.03457e-06
-7.5326e-06
5.52916e-07
-9.08595e-06
-1.23229e-08
-1.12357e-05
-1.60486e-05
1.31898e-06
5.51737e-06
2.30703e-06
8.09326e-06
3.06732e-06
8.8573e-06
3.59681e-06
8.59781e-06
3.82407e-06
7.51661e-06
3.85229e-06
6.05884e-06
3.8149e-06
4.60881e-06
3.77617e-06
3.32616e-06
3.73699e-06
2.21349e-06
3.6799e-06
1.21669e-06
3.59266e-06
2.74212e-07
3.4675e-06
-6.66065e-07
3.29842e-06
-1.66459e-06
3.07026e-06
-2.78368e-06
2.75228e-06
-4.06607e-06
2.29582e-06
-5.49311e-06
1.67058e-06
-6.90736e-06
9.48796e-07
-8.36417e-06
1.46555e-07
-1.04334e-05
-1.59021e-05
1.49612e-06
4.02125e-06
2.75638e-06
6.833e-06
3.75408e-06
7.8596e-06
4.5282e-06
7.82368e-06
5.00557e-06
7.03924e-06
5.22115e-06
5.84325e-06
5.28126e-06
4.5487e-06
5.27289e-06
3.33453e-06
5.23257e-06
2.25381e-06
5.16367e-06
1.28559e-06
5.05643e-06
3.81458e-07
4.90187e-06
-5.11505e-07
4.68438e-06
-1.44711e-06
4.3716e-06
-2.47089e-06
3.91363e-06
-3.60811e-06
3.2527e-06
-4.83218e-06
2.37046e-06
-6.02512e-06
1.38225e-06
-7.37596e-06
2.82755e-07
-9.33394e-06
-1.56193e-05
1.45379e-06
2.56746e-06
2.91923e-06
5.36757e-06
4.17318e-06
6.60565e-06
5.23042e-06
6.76645e-06
6.0263e-06
6.24336e-06
6.54078e-06
5.32877e-06
6.82732e-06
4.26216e-06
6.95951e-06
3.20235e-06
6.99164e-06
2.22168e-06
6.94818e-06
1.32905e-06
6.82966e-06
4.99974e-07
6.62389e-06
-3.05731e-07
6.31655e-06
-1.13977e-06
5.86223e-06
-2.01657e-06
5.20003e-06
-2.94591e-06
4.28749e-06
-3.91964e-06
3.14588e-06
-4.88351e-06
1.91207e-06
-6.14215e-06
4.77439e-07
-7.89931e-06
-1.51419e-05
1.11494e-06
1.45252e-06
2.61479e-06
3.86772e-06
4.12946e-06
5.09097e-06
5.51341e-06
5.3825e-06
6.66769e-06
5.08908e-06
7.54579e-06
4.45068e-06
8.15704e-06
3.6509e-06
8.54164e-06
2.81775e-06
8.7454e-06
2.01791e-06
8.79927e-06
1.27519e-06
8.71228e-06
5.86956e-07
8.4611e-06
-5.45469e-08
8.04481e-06
-7.2348e-07
7.40902e-06
-1.38078e-06
6.51257e-06
-2.04946e-06
5.34509e-06
-2.75216e-06
3.97045e-06
-3.50888e-06
2.53048e-06
-4.70218e-06
8.55199e-07
-6.22402e-06
-1.42867e-05
4.9614e-07
9.56379e-07
1.83146e-06
2.5324e-06
3.51959e-06
3.40284e-06
5.22273e-06
3.67937e-06
6.74214e-06
3.56967e-06
7.99203e-06
3.20079e-06
8.9504e-06
2.69253e-06
9.63024e-06
2.13792e-06
1.00559e-05
1.59229e-06
1.02505e-05
1.08054e-06
1.02298e-05
6.07614e-07
1.00083e-05
1.66986e-07
9.54172e-06
-2.56886e-07
8.8193e-06
-6.58361e-07
7.81463e-06
-1.04479e-06
6.52644e-06
-1.46397e-06
4.98609e-06
-1.96852e-06
3.25257e-06
-2.96866e-06
1.32767e-06
-4.29913e-06
-1.2959e-05
-8.40514e-07
1.79689e-06
2.22386e-07
1.4695e-06
2.14337e-06
1.48185e-06
4.17044e-06
1.6523e-06
6.02542e-06
1.71469e-06
7.62039e-06
1.60581e-06
8.90776e-06
1.40516e-06
9.87922e-06
1.16645e-06
1.0552e-05
9.19551e-07
1.09509e-05
6.81569e-07
1.10999e-05
4.58628e-07
1.10144e-05
2.52464e-07
1.06993e-05
5.83016e-08
1.01695e-05
-1.2862e-07
9.43086e-06
-3.06132e-07
8.45094e-06
-4.84055e-07
7.08361e-06
-6.01191e-07
5.12575e-06
-1.01079e-06
2.32857e-06
-1.50195e-06
-1.06304e-05
1.79689e-06
3.26639e-06
4.74825e-06
6.40055e-06
8.11524e-06
9.72105e-06
1.11262e-05
1.22927e-05
1.32122e-05
1.38938e-05
1.43524e-05
1.46049e-05
1.46632e-05
1.45346e-05
1.42284e-05
1.37444e-05
1.31432e-05
1.21324e-05
1.06304e-05
)
;

boundaryField
{
    movingWall
    {
        type            calculated;
        value           uniform 0;
    }
    fixedWalls
    {
        type            calculated;
        value           uniform 0;
    }
    frontAndBack
    {
        type            empty;
    }
}


// ************************************************************************* //
