/*--------------------------------*- C++ -*----------------------------------*\
| =========                 |                                                 |
| \\      /  F ield         | OpenFOAM: The Open Source CFD Toolbox           |
|  \\    /   O peration     | Version:  2412                                  |
|   \\  /    A nd           | Website:  www.openfoam.com                      |
|    \\/     M anipulation  |                                                 |
\*---------------------------------------------------------------------------*/
FoamFile
{
    version     2.0;
    format      ascii;
    arch        "LSB;label=32;scalar=64";
    class       volVectorField;
    location    "9.5";
    object      U;
}
// * * * * * * * * * * * * * * * * * * * * * * * * * * * * * * * * * * * * * //

dimensions      [0 1 -1 0 0 0 0];

internalField   nonuniform List<vector> 
400
(
(0.00662383 -0.00836932 0)
(0.0122286 -0.00313912 0)
(0.00648652 0.00120737 0)
(-0.00873371 0.00584574 0)
(-0.0362213 0.0155242 0)
(-0.0766088 0.0228569 0)
(-0.118398 0.02378 0)
(-0.156234 0.0197865 0)
(-0.184839 0.0136604 0)
(-0.202389 0.00740608 0)
(-0.209705 0.0016808 0)
(-0.208177 -0.00385257 0)
(-0.196919 -0.0094861 0)
(-0.174921 -0.0149713 0)
(-0.142226 -0.0201176 0)
(-0.101245 -0.0241444 0)
(-0.0564333 -0.024308 0)
(-0.0137577 -0.018096 0)
(0.0162279 -0.00492765 0)
(0.0123987 0.00824951 0)
(0.00146244 -0.0135197 0)
(-0.00542766 0.00416956 0)
(-0.0277504 0.0222324 0)
(-0.0655398 0.041964 0)
(-0.109568 0.0562883 0)
(-0.151538 0.0604682 0)
(-0.184517 0.0551478 0)
(-0.207601 0.0440436 0)
(-0.222926 0.0306843 0)
(-0.232597 0.0170422 0)
(-0.237132 0.00385658 0)
(-0.23525 -0.00952197 0)
(-0.227001 -0.0239131 0)
(-0.211211 -0.0395355 0)
(-0.186241 -0.0551295 0)
(-0.151624 -0.0672722 0)
(-0.108884 -0.0696858 0)
(-0.0613539 -0.0540769 0)
(-0.0162408 -0.0190801 0)
(0.00527586 0.0155781 0)
(-0.0105019 -0.00192659 0)
(-0.0293565 0.0311273 0)
(-0.0658128 0.0602426 0)
(-0.108027 0.0838742 0)
(-0.146422 0.0943528 0)
(-0.175421 0.0905066 0)
(-0.195071 0.0766873 0)
(-0.20795 0.0584521 0)
(-0.216354 0.0394513 0)
(-0.22159 0.0212207 0)
(-0.223379 0.0032681 0)
(-0.221812 -0.0150858 0)
(-0.21684 -0.034587 0)
(-0.208198 -0.0563258 0)
(-0.194987 -0.0802966 0)
(-0.174734 -0.103403 0)
(-0.143939 -0.117313 0)
(-0.0997762 -0.107615 0)
(-0.0462862 -0.061876 0)
(-0.00371537 0.000411641 0)
(-0.0161241 0.0253147 0)
(-0.0465531 0.0653991 0)
(-0.0868681 0.0994406 0)
(-0.12359 0.120155 0)
(-0.150817 0.122305 0)
(-0.167488 0.10938 0)
(-0.17644 0.0886056 0)
(-0.180616 0.0659185 0)
(-0.181804 0.0441625 0)
(-0.181022 0.0238441 0)
(-0.179435 0.00440341 0)
(-0.177653 -0.0150152 0)
(-0.175167 -0.0357556 0)
(-0.172278 -0.0594681 0)
(-0.168869 -0.0874909 0)
(-0.163115 -0.119 0)
(-0.149848 -0.14754 0)
(-0.120736 -0.156535 0)
(-0.0721835 -0.120086 0)
(-0.0158784 -0.0281215 0)
(-0.0185908 0.0586041 0)
(-0.0529259 0.102003 0)
(-0.0898129 0.134087 0)
(-0.118099 0.147062 0)
(-0.135138 0.139239 0)
(-0.142519 0.117859 0)
(-0.143987 0.0916346 0)
(-0.142649 0.0659579 0)
(-0.140475 0.0427345 0)
(-0.138658 0.0219301 0)
(-0.137231 0.00259297 0)
(-0.135455 -0.0165785 0)
(-0.133329 -0.0369386 0)
(-0.130973 -0.0596991 0)
(-0.129337 -0.0865814 0)
(-0.129389 -0.119368 0)
(-0.128454 -0.156845 0)
(-0.116852 -0.187122 0)
(-0.0835042 -0.177313 0)
(-0.0307269 -0.081241 0)
(-0.0176362 0.0927233 0)
(-0.0499695 0.136001 0)
(-0.0803984 0.162074 0)
(-0.100638 0.165465 0)
(-0.110109 0.147891 0)
(-0.111918 0.119641 0)
(-0.110394 0.0901013 0)
(-0.108684 0.0636604 0)
(-0.10807 0.0408366 0)
(-0.108082 0.0203311 0)
(-0.107536 0.000555234 0)
(-0.106249 -0.0195289 0)
(-0.104157 -0.0406007 0)
(-0.101183 -0.0633881 0)
(-0.0977872 -0.0887206 0)
(-0.095605 -0.118314 0)
(-0.0961948 -0.155153 0)
(-0.0952349 -0.198012 0)
(-0.0787755 -0.219632 0)
(-0.0366143 -0.14045 0)
(-0.0144602 0.123553 0)
(-0.0413296 0.164601 0)
(-0.0646077 0.18324 0)
(-0.0782081 0.177426 0)
(-0.082872 0.151737 0)
(-0.0823873 0.119011 0)
(-0.0809676 0.0885528 0)
(-0.0806831 0.0630194 0)
(-0.0813067 0.0410459 0)
(-0.0817059 0.020515 0)
(-0.0815108 0.000167816 0)
(-0.080846 -0.0207183 0)
(-0.079634 -0.0428499 0)
(-0.0777438 -0.0669467 0)
(-0.0747342 -0.0932731 0)
(-0.070695 -0.121854 0)
(-0.06776 -0.154647 0)
(-0.0682003 -0.197837 0)
(-0.0638316 -0.242777 0)
(-0.0344639 -0.197472 0)
(-0.0104126 0.148098 0)
(-0.0303051 0.186148 0)
(-0.0461559 0.198169 0)
(-0.0549754 0.184828 0)
(-0.0569728 0.153392 0)
(-0.056164 0.118366 0)
(-0.055744 0.0882107 0)
(-0.0563707 0.0635012 0)
(-0.0570679 0.0416027 0)
(-0.0571763 0.020652 0)
(-0.0569922 -7.1401e-06 0)
(-0.0566845 -0.0210651 0)
(-0.0562917 -0.0435512 0)
(-0.0556663 -0.0684307 0)
(-0.0542757 -0.0962753 0)
(-0.0511695 -0.126544 0)
(-0.0469165 -0.158367 0)
(-0.045032 -0.196658 0)
(-0.0454593 -0.24944 0)
(-0.0275704 -0.24573 0)
(-0.00603683 0.164806 0)
(-0.0183991 0.200023 0)
(-0.0274389 0.207528 0)
(-0.0327705 0.189477 0)
(-0.0333833 0.154385 0)
(-0.0329506 0.118243 0)
(-0.0332789 0.088486 0)
(-0.0341469 0.0640732 0)
(-0.0346601 0.0418829 0)
(-0.0347369 0.0205766 0)
(-0.0347443 -0.000220397 0)
(-0.0347623 -0.021296 0)
(-0.0349176 -0.0437408 0)
(-0.0350693 -0.068758 0)
(-0.0349578 -0.0973862 0)
(-0.0335011 -0.129506 0)
(-0.0306347 -0.162707 0)
(-0.0280711 -0.197736 0)
(-0.0290948 -0.250022 0)
(-0.0196388 -0.279209 0)
(-0.00144865 0.173084 0)
(-0.00648633 0.206866 0)
(-0.00948248 0.212172 0)
(-0.0117342 0.191924 0)
(-0.0115898 0.155186 0)
(-0.0116221 0.118561 0)
(-0.0123335 0.0889643 0)
(-0.0131243 0.0645491 0)
(-0.0135013 0.0421507 0)
(-0.0137319 0.0207448 0)
(-0.0140734 -4.48722e-05 0)
(-0.0145023 -0.0210877 0)
(-0.0152015 -0.0434075 0)
(-0.0160102 -0.0683607 0)
(-0.0168655 -0.0972982 0)
(-0.0167928 -0.130515 0)
(-0.0160553 -0.165037 0)
(-0.015156 -0.199567 0)
(-0.0168215 -0.248724 0)
(-0.0134219 -0.300289 0)
(0.00318956 0.173086 0)
(0.00501877 0.207395 0)
(0.00773832 0.212253 0)
(0.00861995 0.192611 0)
(0.00940478 0.1557 0)
(0.00898605 0.119194 0)
(0.00807427 0.0895338 0)
(0.00745182 0.0649447 0)
(0.00716876 0.0425161 0)
(0.00677653 0.0212394 0)
(0.00609895 0.000577297 0)
(0.00520638 -0.0202809 0)
(0.00389335 -0.0423811 0)
(0.00234456 -0.0671755 0)
(0.000575054 -0.0962106 0)
(-0.000662184 -0.129862 0)
(-0.00216156 -0.164795 0)
(-0.00398797 -0.198912 0)
(-0.00762568 -0.24605 0)
(-0.00963245 -0.312889 0)
(0.00789703 0.165374 0)
(0.0161492 0.201692 0)
(0.0243936 0.207773 0)
(0.028603 0.191319 0)
(0.0306215 0.156178 0)
(0.0300037 0.120049 0)
(0.0288744 0.0900452 0)
(0.0283353 0.0651887 0)
(0.0281198 0.0429198 0)
(0.0276363 0.0220004 0)
(0.0266897 0.00166472 0)
(0.0252999 -0.0188675 0)
(0.0233289 -0.0406244 0)
(0.0209804 -0.0651267 0)
(0.0182817 -0.0939449 0)
(0.0156362 -0.127386 0)
(0.011597 -0.161878 0)
(0.00650847 -0.195193 0)
(-0.00039634 -0.240715 0)
(-0.00745283 -0.319616 0)
(0.012571 0.149393 0)
(0.0268502 0.190496 0)
(0.0401574 0.199033 0)
(0.0483563 0.186813 0)
(0.052635 0.15614 0)
(0.0526509 0.121314 0)
(0.0513512 0.0907367 0)
(0.0505758 0.0653033 0)
(0.0502218 0.043136 0)
(0.0496341 0.0226874 0)
(0.0484938 0.0029403 0)
(0.046697 -0.0170018 0)
(0.0441855 -0.0382186 0)
(0.0410976 -0.0622132 0)
(0.0373048 -0.0903162 0)
(0.0328786 -0.12266 0)
(0.0258146 -0.155638 0)
(0.0168482 -0.18762 0)
(0.00559932 -0.231544 0)
(-0.00625271 -0.322105 0)
(0.0164716 0.125674 0)
(0.0364479 0.17382 0)
(0.0544194 0.186238 0)
(0.0672339 0.17859 0)
(0.0750336 0.15381 0)
(0.0773897 0.122104 0)
(0.0768819 0.0918648 0)
(0.0759404 0.065899 0)
(0.0751987 0.0435918 0)
(0.0742918 0.0235187 0)
(0.0728869 0.00443642 0)
(0.0707879 -0.0147557 0)
(0.0678712 -0.035262 0)
(0.0640539 -0.0583744 0)
(0.0588578 -0.0850775 0)
(0.0520352 -0.115186 0)
(0.0410504 -0.145324 0)
(0.0274517 -0.175424 0)
(0.0107987 -0.217864 0)
(-0.00564754 -0.320247 0)
(0.0183045 0.0960776 0)
(0.043076 0.150923 0)
(0.0657525 0.168719 0)
(0.0836033 0.165745 0)
(0.0962403 0.147222 0)
(0.103066 0.120421 0)
(0.105504 0.0923935 0)
(0.10577 0.0668695 0)
(0.105203 0.0445873 0)
(0.104117 0.0247591 0)
(0.102391 0.00621298 0)
(0.0998099 -0.0121904 0)
(0.0961827 -0.0315446 0)
(0.0912228 -0.0530055 0)
(0.0838913 -0.0773535 0)
(0.0737012 -0.104098 0)
(0.057592 -0.130276 0)
(0.0389904 -0.158236 0)
(0.0162826 -0.198301 0)
(-0.00508063 -0.314383 0)
(0.0163569 0.0660518 0)
(0.0444694 0.123473 0)
(0.0715902 0.146582 0)
(0.0947705 0.148001 0)
(0.113374 0.135159 0)
(0.126522 0.114099 0)
(0.134417 0.0901921 0)
(0.138401 0.0669536 0)
(0.139888 0.0458736 0)
(0.139738 0.0269645 0)
(0.13815 0.00942788 0)
(0.134967 -0.00768704 0)
(0.129973 -0.0255311 0)
(0.122809 -0.044924 0)
(0.112051 -0.066003 0)
(0.0973089 -0.0882352 0)
(0.0751111 -0.109967 0)
(0.0525191 -0.13637 0)
(0.0236229 -0.173253 0)
(-0.00347017 -0.306748 0)
(0.00980114 0.032588 0)
(0.0377725 0.0894333 0)
(0.0680936 0.117077 0)
(0.0970035 0.122781 0)
(0.122418 0.115089 0)
(0.142911 0.0998023 0)
(0.157912 0.0811238 0)
(0.1678 0.0619012 0)
(0.173583 0.0436507 0)
(0.176103 0.0267772 0)
(0.175798 0.0110537 0)
(0.172526 -0.00409526 0)
(0.166032 -0.0191078 0)
(0.155925 -0.0344486 0)
(0.140887 -0.0502391 0)
(0.121277 -0.066778 0)
(0.0930056 -0.0840651 0)
(0.0694202 -0.109615 0)
(0.0318303 -0.143837 0)
(0.000680511 -0.30169 0)
(-0.00233616 0.033153 0)
(0.0235366 0.0696981 0)
(0.0539413 0.0896617 0)
(0.087514 0.0954779 0)
(0.119956 0.0911407 0)
(0.148044 0.0807163 0)
(0.170352 0.0673212 0)
(0.186848 0.0531418 0)
(0.19791 0.0393299 0)
(0.204087 0.026355 0)
(0.205831 0.0142573 0)
(0.20341 0.00277873 0)
(0.196701 -0.00821296 0)
(0.185222 -0.0190119 0)
(0.167866 -0.0297398 0)
(0.146176 -0.0410596 0)
(0.114336 -0.0536033 0)
(0.0936707 -0.0761922 0)
(0.0342516 -0.107582 0)
(0.0144676 -0.292946 0)
(-0.0175708 -0.00702035 0)
(-0.0116086 0.0162652 0)
(0.0231323 0.0368804 0)
(0.0630755 0.0478913 0)
(0.101927 0.0506393 0)
(0.136909 0.0473258 0)
(0.166192 0.040792 0)
(0.189034 0.032959 0)
(0.20554 0.0249529 0)
(0.216239 0.0173399 0)
(0.221674 0.0103002 0)
(0.222301 0.00383383 0)
(0.218244 -0.00225244 0)
(0.209867 -0.00800996 0)
(0.196745 -0.0133316 0)
(0.181201 -0.0188423 0)
(0.154033 -0.0240349 0)
(0.142489 -0.0371303 0)
(0.0372028 -0.0567664 0)
(0.0811111 -0.241543 0)
(0.0352789 0.0968384 0)
(0.0478949 0.0584195 0)
(0.0778809 0.0326538 0)
(0.111113 0.0228526 0)
(0.145094 0.0194852 0)
(0.178402 0.0175411 0)
(0.208949 0.0157264 0)
(0.235066 0.0138127 0)
(0.2561 0.011843 0)
(0.27214 0.00991055 0)
(0.283506 0.00803986 0)
(0.290569 0.00630671 0)
(0.293634 0.00467307 0)
(0.29302 0.00309411 0)
(0.288212 0.00147729 0)
(0.281884 -0.000215283 0)
(0.263485 -0.00152619 0)
(0.27263 -0.00485736 0)
(0.145862 0.000563232 0)
(0.387701 -0.101052 0)
)
;

boundaryField
{
    movingWall
    {
        type            fixedValue;
        value           uniform (1 0 0);
    }
    fixedWalls
    {
        type            noSlip;
    }
    frontAndBack
    {
        type            empty;
    }
}


// ************************************************************************* //
