/*--------------------------------*- C++ -*----------------------------------*\
| =========                 |                                                 |
| \\      /  F ield         | OpenFOAM: The Open Source CFD Toolbox           |
|  \\    /   O peration     | Version:  2412                                  |
|   \\  /    A nd           | Website:  www.openfoam.com                      |
|    \\/     M anipulation  |                                                 |
\*---------------------------------------------------------------------------*/
FoamFile
{
    version     2.0;
    format      ascii;
    arch        "LSB;label=32;scalar=64";
    class       volScalarField;
    location    "12";
    object      epsilon;
}
// * * * * * * * * * * * * * * * * * * * * * * * * * * * * * * * * * * * * * //

dimensions      [0 2 -3 0 0 0 0];

internalField   nonuniform List<scalar> 
400
(
0.000811262
0.000886223
0.00107235
0.00155969
0.00335967
0.00742834
0.011392
0.0135025
0.0143561
0.0145431
0.0139933
0.0131425
0.0124326
0.011783
0.0108841
0.00962588
0.00752833
0.00515118
0.00283286
0.00138087
0.00163162
0.00122932
0.00243844
0.00551196
0.00776386
0.00872904
0.00904387
0.00775327
0.00643809
0.00580623
0.00558083
0.00607793
0.00707871
0.00836475
0.00950716
0.00999823
0.00968859
0.00718879
0.00275143
0.00152035
0.00276514
0.00329192
0.00565511
0.00685407
0.00706052
0.00618804
0.00393081
0.00290352
0.00238349
0.00217675
0.00214128
0.00246671
0.00310089
0.00433416
0.00633756
0.00885461
0.0104615
0.0109255
0.00657968
0.00198617
0.0045917
0.00544982
0.00625938
0.00620763
0.00476118
0.00258905
0.0015957
0.0010927
0.000865967
0.000748565
0.000722377
0.000826262
0.00109158
0.00164917
0.00286486
0.00549528
0.00984841
0.0124662
0.0127113
0.00342781
0.00648668
0.00639767
0.00595387
0.00452878
0.00226987
0.00113395
0.000680441
0.000440219
0.000332521
0.000275949
0.000261128
0.000290382
0.000394183
0.00062051
0.00116219
0.00254625
0.00596973
0.0128881
0.0163275
0.00977158
0.00799017
0.00647993
0.00510181
0.00265664
0.00115452
0.000546571
0.000315832
0.000194696
0.000140238
0.000114015
0.000106458
0.000116631
0.000158909
0.000255715
0.000516988
0.00124072
0.00341143
0.00942187
0.0182899
0.0200956
0.00906305
0.00622776
0.0039287
0.00159794
0.0006472
0.000296918
0.000163585
9.77457e-05
6.953e-05
5.69313e-05
5.32484e-05
5.75539e-05
7.63442e-05
0.000117122
0.000220735
0.000560792
0.0018242
0.00612253
0.0188107
0.0292765
0.00995763
0.00563709
0.00294772
0.0010511
0.000404423
0.000183281
9.73971e-05
5.87744e-05
4.21626e-05
3.51921e-05
3.31214e-05
3.55595e-05
4.66222e-05
7.01077e-05
0.000128538
0.000306744
0.00103987
0.00449983
0.0164372
0.0359711
0.010697
0.00504996
0.00236491
0.000796924
0.000297448
0.000133147
6.94528e-05
4.21912e-05
3.04587e-05
2.56362e-05
2.42517e-05
2.61986e-05
3.37662e-05
4.9604e-05
8.42085e-05
0.000179266
0.000575223
0.00285108
0.0150657
0.0410357
0.0113713
0.00454276
0.00198367
0.000638278
0.000235114
0.000106658
5.58486e-05
3.41572e-05
2.49142e-05
2.12572e-05
2.02815e-05
2.22118e-05
2.81581e-05
4.09669e-05
6.96636e-05
0.00014316
0.000403578
0.00199583
0.0129448
0.044712
0.0121456
0.00456753
0.0019048
0.000632946
0.000235402
0.000107463
5.64587e-05
3.44576e-05
2.49659e-05
2.07416e-05
1.92e-05
2.095e-05
2.6185e-05
3.72508e-05
6.25738e-05
0.000128009
0.000339886
0.00155961
0.0114786
0.0477506
0.0124524
0.00486968
0.00197832
0.00067816
0.000255141
0.000117296
6.2004e-05
3.76914e-05
2.69874e-05
2.21926e-05
2.09587e-05
2.21748e-05
2.61749e-05
3.65183e-05
6.10036e-05
0.000125606
0.000329706
0.00143045
0.0103484
0.0503945
0.0122166
0.00556974
0.00221748
0.000805836
0.000309743
0.000141442
7.56817e-05
4.62993e-05
3.29348e-05
2.67099e-05
2.56665e-05
2.71825e-05
3.20215e-05
4.33964e-05
6.9959e-05
0.000144537
0.000382787
0.00149886
0.00992833
0.0531398
0.0113488
0.00663391
0.00278964
0.00109706
0.00043321
0.0002009
0.000107296
6.5497e-05
4.6615e-05
3.74982e-05
3.65655e-05
3.86757e-05
4.48514e-05
5.89198e-05
9.17923e-05
0.000186312
0.000476402
0.0017813
0.0106354
0.0563322
0.00938306
0.00732825
0.00353309
0.00155592
0.000677321
0.000316657
0.000170534
0.000105821
7.63737e-05
6.14985e-05
5.99336e-05
6.29916e-05
7.14791e-05
9.21264e-05
0.000138722
0.000278589
0.000671727
0.0022426
0.012498
0.0610137
0.00620092
0.00691023
0.0050839
0.00258804
0.00120177
0.000606479
0.0003363
0.000208713
0.000149089
0.000119257
0.000110784
0.000114661
0.000126656
0.000165939
0.000245172
0.000493168
0.00107981
0.00317589
0.0152479
0.0677737
0.00292183
0.00567055
0.00518558
0.00378321
0.00228657
0.00130075
0.000783493
0.00051231
0.000369549
0.000298054
0.000260897
0.000264191
0.000289353
0.00038563
0.000566549
0.00108787
0.00208533
0.00524127
0.0205324
0.0779297
0.00240539
0.00442109
0.00540835
0.00497351
0.00396971
0.00290847
0.00210581
0.00157787
0.00125421
0.00107583
0.000994847
0.00101308
0.00111168
0.00144538
0.00203472
0.00339856
0.00528126
0.0107137
0.0303108
0.0932356
0.00657945
0.0101106
0.0123133
0.0126428
0.0122293
0.0113162
0.0103286
0.00953022
0.00904759
0.00891224
0.00903618
0.00945885
0.0100183
0.0115187
0.0140646
0.0179879
0.0215685
0.0302153
0.0502133
0.118136
0.0641168
0.12651
0.158881
0.157209
0.150325
0.141392
0.13439
0.129136
0.125847
0.124104
0.124356
0.125545
0.128327
0.131357
0.135455
0.137939
0.142948
0.14585
0.160073
0.145001
)
;

boundaryField
{
    movingWall
    {
        type            epsilonWallFunction;
        blending        stepwise;
        value           nonuniform List<scalar> 
20
(
0.0641168
0.12651
0.158881
0.157209
0.150325
0.141392
0.13439
0.129136
0.125847
0.124104
0.124356
0.125545
0.128327
0.131357
0.135455
0.137939
0.142948
0.14585
0.160073
0.145001
)
;
    }
    fixedWalls
    {
        type            epsilonWallFunction;
        blending        stepwise;
        value           nonuniform List<scalar> 
60
(
0.000811262
0.00163162
0.00276514
0.0045917
0.00648668
0.00799017
0.00906305
0.00995763
0.010697
0.0113713
0.0121456
0.0124524
0.0122166
0.0113488
0.00938306
0.00620092
0.00292183
0.00240539
0.00657945
0.0641168
0.00138087
0.00152035
0.00198617
0.00342781
0.00977158
0.0200956
0.0292765
0.0359711
0.0410357
0.044712
0.0477506
0.0503945
0.0531398
0.0563322
0.0610137
0.0677737
0.0779297
0.0932356
0.118136
0.145001
0.000811262
0.000886223
0.00107235
0.00155969
0.00335967
0.00742834
0.011392
0.0135025
0.0143561
0.0145431
0.0139933
0.0131425
0.0124326
0.011783
0.0108841
0.00962588
0.00752833
0.00515118
0.00283286
0.00138087
)
;
    }
    frontAndBack
    {
        type            empty;
    }
}


// ************************************************************************* //
