/*--------------------------------*- C++ -*----------------------------------*\
| =========                 |                                                 |
| \\      /  F ield         | OpenFOAM: The Open Source CFD Toolbox           |
|  \\    /   O peration     | Version:  2412                                  |
|   \\  /    A nd           | Website:  www.openfoam.com                      |
|    \\/     M anipulation  |                                                 |
\*---------------------------------------------------------------------------*/
FoamFile
{
    version     2.0;
    format      ascii;
    arch        "LSB;label=32;scalar=64";
    class       volScalarField;
    location    "12";
    object      k;
}
// * * * * * * * * * * * * * * * * * * * * * * * * * * * * * * * * * * * * * //

dimensions      [0 2 -2 0 0 0 0];

internalField   nonuniform List<scalar> 
400
(
0.000294446
0.000312319
0.00035467
0.000455456
0.000759655
0.00128941
0.00171496
0.00192078
0.00200099
0.00201832
0.00196714
0.00188657
0.001818
0.00175406
0.00166363
0.00153272
0.00130094
0.00101012
0.000678012
0.000419892
0.000469304
0.000528363
0.000803492
0.00134066
0.00159455
0.00167394
0.00168862
0.00168661
0.00157324
0.00152932
0.00152568
0.00165497
0.00178759
0.00197881
0.00211062
0.00216396
0.00204157
0.00180183
0.000866364
0.00044773
0.000667248
0.00115306
0.00148188
0.00161531
0.00156353
0.00147375
0.0012234
0.000924608
0.000766706
0.0007142
0.000693016
0.000727378
0.000866119
0.0010928
0.00146906
0.00185448
0.00204831
0.00207512
0.00152194
0.00053509
0.00093584
0.00158587
0.00167437
0.00153751
0.00132371
0.000899017
0.000568056
0.00041172
0.000325249
0.000286482
0.000271671
0.000281864
0.000345545
0.000459263
0.000705049
0.00120859
0.00183387
0.00212553
0.00213324
0.00077003
0.00117828
0.00177207
0.00163098
0.00128534
0.000817874
0.000451046
0.000277824
0.000201528
0.000158859
0.000142111
0.000136175
0.000141866
0.000167643
0.000219717
0.000340145
0.000615503
0.00125918
0.00208076
0.00239736
0.00154819
0.00135418
0.00185809
0.00147969
0.000920006
0.000457922
0.000252145
0.000158025
0.000122084
0.000103188
9.66849e-05
9.47927e-05
9.89786e-05
0.000110052
0.000133228
0.000185887
0.000323783
0.000706156
0.00168286
0.00251727
0.00250394
0.00147289
0.00183024
0.00126158
0.000611079
0.000287578
0.000161857
0.000110678
9.19416e-05
8.37808e-05
8.10258e-05
8.03833e-05
8.33605e-05
9.05927e-05
0.000104149
0.000133062
0.000208029
0.00043213
0.00109617
0.00256274
0.00321819
0.0015684
0.00175801
0.00102983
0.000439088
0.000204057
0.000121155
9.1045e-05
8.00941e-05
7.55702e-05
7.37027e-05
7.31634e-05
7.54044e-05
8.15959e-05
9.15203e-05
0.000109338
0.000150976
0.000296878
0.000835771
0.00224434
0.00369203
0.00164511
0.00163542
0.000890085
0.000355517
0.00016603
0.000103698
8.22677e-05
7.39287e-05
6.99638e-05
6.76336e-05
6.68471e-05
6.8471e-05
7.43096e-05
8.43327e-05
9.94762e-05
0.000130076
0.000221635
0.000620508
0.00208918
0.00403109
0.00171353
0.00154882
0.000791088
0.000308533
0.000145666
9.52048e-05
7.77764e-05
7.05471e-05
6.67343e-05
6.43264e-05
6.36061e-05
6.52e-05
6.95983e-05
7.80665e-05
9.2558e-05
0.000119161
0.000189138
0.00049266
0.00187365
0.00426853
0.00179044
0.00146762
0.000791461
0.000312695
0.0001471
9.5813e-05
7.79861e-05
7.02957e-05
6.60353e-05
6.33658e-05
6.25532e-05
6.407e-05
6.75726e-05
7.50895e-05
8.87574e-05
0.00011561
0.00017799
0.00043768
0.00176212
0.0044599
0.00182044
0.00147328
0.000816365
0.000336888
0.000157556
0.000100052
7.98896e-05
7.11967e-05
6.66496e-05
6.39357e-05
6.33148e-05
6.41411e-05
6.70144e-05
7.39314e-05
8.73292e-05
0.000114652
0.000176299
0.000417593
0.00168313
0.00462314
0.00179737
0.00150489
0.000883686
0.000392646
0.000184088
0.000111907
8.53179e-05
7.40445e-05
6.87192e-05
6.58712e-05
6.58447e-05
6.68289e-05
6.9634e-05
7.58774e-05
8.94113e-05
0.000120793
0.000192008
0.000427183
0.00165853
0.00478966
0.00171119
0.00155649
0.00100479
0.000503275
0.00024313
0.000137148
9.75993e-05
8.10348e-05
7.37789e-05
7.0792e-05
7.12616e-05
7.30117e-05
7.67848e-05
8.44753e-05
0.00010078
0.000137463
0.000216269
0.000475649
0.00176344
0.00497972
0.00150737
0.00153536
0.00126194
0.000671419
0.00034385
0.000194313
0.000128172
9.87836e-05
8.59276e-05
8.12259e-05
8.1909e-05
8.44798e-05
8.99496e-05
0.000100163
0.000120909
0.000167047
0.000260745
0.000544725
0.00193842
0.00525203
0.0011437
0.00148175
0.00137388
0.00101604
0.000549195
0.000316615
0.000202361
0.000146287
0.000119657
0.000106609
0.000105417
0.00010794
0.000115231
0.000131147
0.0001611
0.000226283
0.000338451
0.000677486
0.00223071
0.00563323
0.000692662
0.00133072
0.00136965
0.00125154
0.000960413
0.000642034
0.00041417
0.000291116
0.000225856
0.000192269
0.000175531
0.000176655
0.000185523
0.000207889
0.000251373
0.000341673
0.000488923
0.000935409
0.00272543
0.00618283
0.000608391
0.0011539
0.00141535
0.00140944
0.00129791
0.00105362
0.000820332
0.000639511
0.000517228
0.000443543
0.000398624
0.000383948
0.000393777
0.000425056
0.000497799
0.000641789
0.00087179
0.0015343
0.00353331
0.00696809
0.00118964
0.00157364
0.00188194
0.00198302
0.00197806
0.00190096
0.00173695
0.0015623
0.00143792
0.00134821
0.0013216
0.00133617
0.00138342
0.00149795
0.00169516
0.00204445
0.00238672
0.00322182
0.00465323
0.0081593
0.00542794
0.00853871
0.00994012
0.00987059
0.00958081
0.00919764
0.0088917
0.00865864
0.00851105
0.00843237
0.00844494
0.00849288
0.00862537
0.0087582
0.0089392
0.0090468
0.00926624
0.00939021
0.00999166
0.00935388
)
;

boundaryField
{
    movingWall
    {
        type            kqRWallFunction;
        value           nonuniform List<scalar> 
20
(
0.00542794
0.00853871
0.00994012
0.00987059
0.00958081
0.00919764
0.0088917
0.00865864
0.00851105
0.00843237
0.00844494
0.00849288
0.00862537
0.0087582
0.0089392
0.0090468
0.00926624
0.00939021
0.00999166
0.00935388
)
;
    }
    fixedWalls
    {
        type            kqRWallFunction;
        value           nonuniform List<scalar> 
60
(
0.000294446
0.000469304
0.000667248
0.00093584
0.00117828
0.00135418
0.00147289
0.0015684
0.00164511
0.00171353
0.00179044
0.00182044
0.00179737
0.00171119
0.00150737
0.0011437
0.000692662
0.000608391
0.00118964
0.00542794
0.000419892
0.00044773
0.00053509
0.00077003
0.00154819
0.00250394
0.00321819
0.00369203
0.00403109
0.00426853
0.0044599
0.00462314
0.00478966
0.00497972
0.00525203
0.00563323
0.00618283
0.00696809
0.0081593
0.00935388
0.000294446
0.000312319
0.00035467
0.000455456
0.000759655
0.00128941
0.00171496
0.00192078
0.00200099
0.00201832
0.00196714
0.00188657
0.001818
0.00175406
0.00166363
0.00153272
0.00130094
0.00101012
0.000678012
0.000419892
)
;
    }
    frontAndBack
    {
        type            empty;
    }
}


// ************************************************************************* //
