/*--------------------------------*- C++ -*----------------------------------*\
| =========                 |                                                 |
| \\      /  F ield         | OpenFOAM: The Open Source CFD Toolbox           |
|  \\    /   O peration     | Version:  2412                                  |
|   \\  /    A nd           | Website:  www.openfoam.com                      |
|    \\/     M anipulation  |                                                 |
\*---------------------------------------------------------------------------*/
FoamFile
{
    version     2.0;
    format      ascii;
    arch        "LSB;label=32;scalar=64";
    class       surfaceScalarField;
    location    "12";
    object      phi;
}
// * * * * * * * * * * * * * * * * * * * * * * * * * * * * * * * * * * * * * //

dimensions      [0 3 -1 0 0 0 0];

oriented        oriented;

internalField   nonuniform List<scalar> 
760
(
6.34346e-07
-6.3436e-07
8.45755e-07
-2.11409e-07
6.11241e-07
2.34513e-07
-3.71837e-08
6.48424e-07
-1.19543e-06
1.15824e-06
-2.83392e-06
1.63849e-06
-4.69886e-06
1.86494e-06
-6.46276e-06
1.7639e-06
-7.85363e-06
1.39087e-06
-8.68499e-06
8.31362e-07
-8.86094e-06
1.75943e-07
-8.41863e-06
-4.4231e-07
-7.40681e-06
-1.01182e-06
-5.86118e-06
-1.54563e-06
-3.88953e-06
-1.97164e-06
-1.76188e-06
-2.12765e-06
2.40274e-08
-1.78591e-06
9.91089e-07
-9.67062e-07
8.21421e-07
1.69668e-07
8.21421e-07
2.50891e-07
-8.85251e-07
-1.61927e-07
2.01409e-07
-1.2437e-06
1.31628e-06
-2.98785e-06
2.39257e-06
-5.11601e-06
3.28641e-06
-7.19889e-06
3.72137e-06
-8.90198e-06
3.56804e-06
-1.00811e-05
2.94305e-06
-1.07551e-05
2.06486e-06
-1.10261e-05
1.10232e-06
-1.09816e-05
1.31488e-07
-1.05949e-05
-8.29027e-07
-9.77011e-06
-1.83662e-06
-8.46953e-06
-2.84621e-06
-6.70022e-06
-3.74096e-06
-4.56658e-06
-4.26129e-06
-2.32627e-06
-4.02622e-06
-5.6669e-07
-2.72665e-06
2.01186e-07
-5.98209e-07
1.02261e-06
-5.39389e-07
-3.45862e-07
-1.71906e-06
1.38108e-06
-3.45639e-06
3.05361e-06
-5.51372e-06
4.44991e-06
-7.47375e-06
5.24644e-06
-9.00808e-06
5.2557e-06
-1.0056e-05
4.61597e-06
-1.07229e-05
3.6099e-06
-1.11285e-05
2.47053e-06
-1.13403e-05
1.31406e-06
-1.13422e-05
1.33404e-07
-1.11258e-05
-1.0454e-06
-1.06536e-05
-2.30885e-06
-9.85625e-06
-3.64355e-06
-8.63077e-06
-4.96644e-06
-6.87656e-06
-6.01551e-06
-4.61347e-06
-6.28931e-06
-2.20558e-06
-5.13453e-06
-4.59459e-07
-2.34433e-06
5.63148e-07
-1.25957e-06
9.1371e-07
-2.9354e-06
3.0569e-06
-4.84643e-06
4.96464e-06
-6.67925e-06
6.28273e-06
-8.10779e-06
6.67498e-06
-9.03784e-06
6.18575e-06
-9.5647e-06
5.14283e-06
-9.83192e-06
3.87712e-06
-9.9427e-06
2.58132e-06
-9.95326e-06
1.32462e-06
-9.91833e-06
9.84691e-08
-9.8306e-06
-1.13313e-06
-9.69996e-06
-2.43949e-06
-9.46138e-06
-3.88213e-06
-8.97257e-06
-5.45525e-06
-7.99436e-06
-6.99371e-06
-6.26079e-06
-8.02288e-06
-3.73867e-06
-7.65665e-06
-1.12451e-06
-4.9585e-06
-5.61357e-07
-1.67289e-06
2.5866e-06
-3.48089e-06
4.86491e-06
-5.22888e-06
6.71262e-06
-6.64447e-06
7.69833e-06
-7.55171e-06
7.58222e-06
-7.98997e-06
6.62401e-06
-8.10435e-06
5.25721e-06
-8.04306e-06
3.81582e-06
-7.9165e-06
2.45476e-06
-7.79318e-06
1.2013e-06
-7.72375e-06
2.90408e-08
-7.68627e-06
-1.17061e-06
-7.69485e-06
-2.4309e-06
-7.75057e-06
-3.82641e-06
-7.79316e-06
-5.41265e-06
-7.60946e-06
-7.17741e-06
-6.77035e-06
-8.862e-06
-4.8092e-06
-9.61779e-06
-1.92465e-06
-7.84306e-06
-2.486e-06
-1.72119e-06
4.30779e-06
-3.39974e-06
6.54346e-06
-4.83726e-06
8.15014e-06
-5.83999e-06
8.70106e-06
-6.3454e-06
8.08763e-06
-6.459e-06
6.73761e-06
-6.35931e-06
5.15752e-06
-6.20322e-06
3.65973e-06
-6.08023e-06
2.33177e-06
-6.00871e-06
1.12978e-06
-5.95441e-06
-2.526e-08
-5.91564e-06
-1.20938e-06
-5.88853e-06
-2.45802e-06
-5.90904e-06
-3.8059e-06
-6.02318e-06
-5.29852e-06
-6.19858e-06
-7.00201e-06
-6.11923e-06
-8.94134e-06
-5.0643e-06
-1.06727e-05
-2.54173e-06
-1.03656e-05
-5.02774e-06
-1.50792e-06
5.81571e-06
-2.8986e-06
7.93415e-06
-3.98751e-06
9.23905e-06
-4.65472e-06
9.36827e-06
-4.90113e-06
8.33403e-06
-4.86728e-06
6.70376e-06
-4.73795e-06
5.02819e-06
-4.6398e-06
3.56158e-06
-4.60374e-06
2.29571e-06
-4.59912e-06
1.12516e-06
-4.59018e-06
-3.4199e-08
-4.57347e-06
-1.22609e-06
-4.54367e-06
-2.48781e-06
-4.50041e-06
-3.84917e-06
-4.48064e-06
-5.31829e-06
-4.57511e-06
-6.90754e-06
-4.7787e-06
-8.73775e-06
-4.51871e-06
-1.09327e-05
-2.73506e-06
-1.21493e-05
-7.76279e-06
-1.14997e-06
6.96568e-06
-2.17483e-06
8.95901e-06
-2.92954e-06
9.99375e-06
-3.3479e-06
9.78663e-06
-3.4579e-06
8.44403e-06
-3.39783e-06
6.6437e-06
-3.31705e-06
4.94741e-06
-3.28452e-06
3.52905e-06
-3.28597e-06
2.29716e-06
-3.29165e-06
1.13084e-06
-3.30021e-06
-2.5636e-08
-3.31812e-06
-1.20818e-06
-3.33896e-06
-2.46697e-06
-3.33666e-06
-3.85147e-06
-3.28522e-06
-5.36973e-06
-3.22632e-06
-6.96644e-06
-3.33406e-06
-8.63e-06
-3.49627e-06
-1.07705e-05
-2.54234e-06
-1.31032e-05
-1.03051e-05
-7.18997e-07
7.68468e-06
-1.36084e-06
9.60085e-06
-1.81288e-06
1.04458e-05
-2.05106e-06
1.00248e-05
-2.10509e-06
8.49806e-06
-2.07303e-06
6.61163e-06
-2.04641e-06
4.92079e-06
-2.04896e-06
3.53159e-06
-2.05844e-06
2.30664e-06
-2.06465e-06
1.13705e-06
-2.08044e-06
-9.84524e-09
-2.11673e-06
-1.17189e-06
-2.17093e-06
-2.41277e-06
-2.22416e-06
-3.79824e-06
-2.23296e-06
-5.36094e-06
-2.15957e-06
-7.03983e-06
-2.12015e-06
-8.66942e-06
-2.35847e-06
-1.05322e-05
-2.11178e-06
-1.33499e-05
-1.24169e-05
-2.50342e-07
7.93502e-06
-5.26554e-07
9.87706e-06
-7.05356e-07
1.06246e-05
-8.03259e-07
1.01227e-05
-8.40788e-07
8.53559e-06
-8.50127e-07
6.62097e-06
-8.63505e-07
4.93417e-06
-8.8287e-07
3.55096e-06
-9.00008e-07
2.32378e-06
-9.19566e-07
1.1566e-06
-9.52204e-07
2.27922e-08
-1.00306e-06
-1.12103e-06
-1.0732e-06
-2.34264e-06
-1.15525e-06
-3.71619e-06
-1.22137e-06
-5.29482e-06
-1.22318e-06
-7.03802e-06
-1.17017e-06
-8.72243e-06
-1.34123e-06
-1.03611e-05
-1.59108e-06
-1.31001e-05
-1.4008e-05
2.69255e-07
7.66577e-06
2.92977e-07
9.85333e-06
3.66932e-07
1.05507e-05
4.03456e-07
1.00862e-05
3.79189e-07
8.55986e-06
3.29033e-07
6.67113e-06
2.84625e-07
4.97858e-06
2.55136e-07
3.58045e-06
2.28687e-07
2.35023e-06
1.90285e-07
1.19501e-06
1.36122e-07
7.69553e-08
6.58334e-08
-1.05074e-06
-2.32216e-08
-2.25358e-06
-1.27774e-07
-3.61164e-06
-2.34646e-07
-5.18795e-06
-3.27121e-07
-6.94555e-06
-3.84586e-07
-8.66497e-06
-5.35904e-07
-1.02098e-05
-1.07636e-06
-1.25596e-05
-1.50843e-05
8.04614e-07
6.86115e-06
1.10551e-06
9.55244e-06
1.40334e-06
1.02528e-05
1.58902e-06
9.90051e-06
1.60492e-06
8.54396e-06
1.52888e-06
6.74717e-06
1.45374e-06
5.05371e-06
1.40838e-06
3.62581e-06
1.3713e-06
2.38731e-06
1.31936e-06
1.24694e-06
1.24713e-06
1.49194e-07
1.15391e-06
-9.57529e-07
1.04017e-06
-2.13985e-06
9.06414e-07
-3.47788e-06
7.4801e-07
-5.02954e-06
5.59755e-07
-6.75729e-06
3.28433e-07
-8.43364e-06
3.12955e-08
-9.91266e-06
-6.04546e-07
-1.19238e-05
-1.56889e-05
1.24283e-06
5.61833e-06
1.89263e-06
8.90264e-06
2.38906e-06
9.75638e-06
2.74359e-06
9.54599e-06
2.86307e-06
8.42448e-06
2.81054e-06
6.7997e-06
2.71438e-06
5.14987e-06
2.64152e-06
3.69868e-06
2.58573e-06
2.4431e-06
2.52168e-06
1.31099e-06
2.43547e-06
2.35398e-07
2.32319e-06
-8.4525e-07
2.18386e-06
-2.00051e-06
2.01018e-06
-3.3042e-06
1.77927e-06
-4.79863e-06
1.45927e-06
-6.43729e-06
1.02438e-06
-7.99876e-06
5.43093e-07
-9.43137e-06
-1.78405e-07
-1.12023e-05
-1.58673e-05
1.50796e-06
4.11037e-06
2.56362e-06
7.84698e-06
3.28786e-06
9.03214e-06
3.83351e-06
9.00034e-06
4.12968e-06
8.12832e-06
4.19161e-06
6.73777e-06
4.13213e-06
5.20934e-06
4.04745e-06
3.78336e-06
3.96783e-06
2.52273e-06
3.88432e-06
1.39449e-06
3.78286e-06
3.36863e-07
3.65295e-06
-7.1534e-07
3.48279e-06
-1.83035e-06
3.24953e-06
-3.07094e-06
2.90982e-06
-4.45892e-06
2.41166e-06
-5.93913e-06
1.73532e-06
-7.32242e-06
9.65132e-07
-8.66118e-06
9.83274e-08
-1.03355e-05
-1.5769e-05
1.54554e-06
2.56483e-06
2.9777e-06
6.41482e-06
3.98677e-06
8.02307e-06
4.76723e-06
8.21988e-06
5.31244e-06
7.58311e-06
5.59902e-06
6.45119e-06
5.68935e-06
5.11902e-06
5.67393e-06
3.79877e-06
5.61106e-06
2.58559e-06
5.52003e-06
1.48553e-06
5.39859e-06
4.58303e-07
5.23394e-06
-5.50685e-07
5.00262e-06
-1.59904e-06
4.66414e-06
-2.73246e-06
4.15961e-06
-3.95439e-06
3.43315e-06
-5.21267e-06
2.48128e-06
-6.37054e-06
1.41252e-06
-7.59242e-06
2.62546e-07
-9.18548e-06
-1.55064e-05
1.30978e-06
1.25505e-06
2.96694e-06
4.75766e-06
4.31336e-06
6.67665e-06
5.40124e-06
7.13199e-06
6.25942e-06
6.72493e-06
6.8613e-06
5.8493e-06
7.22228e-06
4.75804e-06
7.39889e-06
3.62217e-06
7.44807e-06
2.53641e-06
7.40483e-06
1.52877e-06
7.27729e-06
5.85847e-07
7.05519e-06
-3.28593e-07
6.71579e-06
-1.25964e-06
6.20654e-06
-2.2232e-06
5.47026e-06
-3.21811e-06
4.47363e-06
-4.21604e-06
3.25608e-06
-5.15299e-06
1.92573e-06
-6.26207e-06
4.71967e-07
-7.73172e-06
-1.50345e-05
8.2891e-07
4.26136e-07
2.3972e-06
3.18937e-06
4.044e-06
5.02985e-06
5.52354e-06
5.65245e-06
6.76243e-06
5.48604e-06
7.73479e-06
4.87694e-06
8.44022e-06
4.05261e-06
8.902e-06
3.16039e-06
9.15573e-06
2.28267e-06
9.23181e-06
1.45269e-06
9.14439e-06
6.73273e-07
8.87582e-06
-6.00267e-08
8.41295e-06
-7.96769e-07
7.70342e-06
-1.51367e-06
6.71096e-06
-2.22566e-06
5.43622e-06
-2.9413e-06
3.97458e-06
-3.69134e-06
2.42852e-06
-4.71601e-06
8.17178e-07
-6.12038e-06
-1.42173e-05
2.69125e-07
1.57011e-07
1.34571e-06
2.11278e-06
3.1043e-06
3.27126e-06
4.95895e-06
3.79781e-06
6.62085e-06
3.82415e-06
7.9998e-06
3.49799e-06
9.07284e-06
2.97957e-06
9.84602e-06
2.38721e-06
1.03405e-05
1.78822e-06
1.05777e-05
1.21544e-06
1.05708e-05
6.80239e-07
1.03242e-05
1.86548e-07
9.79797e-06
-2.70555e-07
8.97949e-06
-6.95188e-07
7.85661e-06
-1.10277e-06
6.4226e-06
-1.50729e-06
4.72325e-06
-1.99199e-06
2.80546e-06
-2.79822e-06
1.11737e-06
-4.43229e-06
-1.30999e-05
-1.34325e-06
1.50026e-06
-5.41923e-07
1.31145e-06
1.39789e-06
1.33144e-06
3.5873e-06
1.6084e-06
5.63915e-06
1.77229e-06
7.41429e-06
1.72284e-06
8.85334e-06
1.54052e-06
9.94804e-06
1.29251e-06
1.07145e-05
1.0218e-06
1.11761e-05
7.5385e-07
1.13548e-05
5.01465e-07
1.12705e-05
2.70829e-07
1.09397e-05
6.02588e-08
1.0359e-05
-1.14485e-07
9.49491e-06
-2.38658e-07
8.30771e-06
-3.20086e-07
6.68386e-06
-3.68145e-07
4.35245e-06
-4.66819e-07
1.75972e-06
-1.83956e-06
-1.13402e-05
1.50026e-06
2.81171e-06
4.14316e-06
5.75156e-06
7.52386e-06
9.2467e-06
1.07872e-05
1.20797e-05
1.31015e-05
1.38554e-05
1.43569e-05
1.46277e-05
1.46879e-05
1.45735e-05
1.43348e-05
1.40147e-05
1.36466e-05
1.31797e-05
1.13402e-05
)
;

boundaryField
{
    movingWall
    {
        type            calculated;
        value           uniform 0;
    }
    fixedWalls
    {
        type            calculated;
        value           uniform 0;
    }
    frontAndBack
    {
        type            empty;
    }
}


// ************************************************************************* //
