/*--------------------------------*- C++ -*----------------------------------*\
| =========                 |                                                 |
| \\      /  F ield         | OpenFOAM: The Open Source CFD Toolbox           |
|  \\    /   O peration     | Version:  2412                                  |
|   \\  /    A nd           | Website:  www.openfoam.com                      |
|    \\/     M anipulation  |                                                 |
\*---------------------------------------------------------------------------*/
FoamFile
{
    version     2.0;
    format      ascii;
    arch        "LSB;label=32;scalar=64";
    class       volScalarField;
    location    "3.5";
    object      epsilon;
}
// * * * * * * * * * * * * * * * * * * * * * * * * * * * * * * * * * * * * * //

dimensions      [0 2 -3 0 0 0 0];

internalField   nonuniform List<scalar> 
400
(
6.8594e-05
0.000117086
0.000333823
0.00150463
0.00415054
0.0074895
0.00982562
0.0110046
0.0114549
0.0115141
0.0109581
0.0102372
0.00931719
0.00852242
0.00768539
0.00698441
0.00618326
0.00475031
0.00220762
0.00080275
0.000158457
0.000369028
0.00120428
0.00304226
0.00455599
0.00524726
0.00509624
0.0041705
0.00347385
0.00289252
0.00263606
0.00257784
0.00293695
0.00334721
0.00408778
0.00512413
0.00631945
0.00688802
0.00549405
0.00226063
0.000462133
0.00108036
0.00234143
0.00314562
0.00345435
0.00264995
0.00213074
0.00167652
0.00148955
0.00142725
0.00143404
0.00156561
0.00175363
0.00208649
0.00267119
0.00370429
0.00544592
0.0079664
0.00980431
0.00744121
0.00116353
0.00178297
0.00248207
0.00268373
0.00208364
0.00147465
0.00118664
0.00104229
0.00099056
0.000976806
0.000989571
0.00104321
0.00113289
0.00131233
0.00167717
0.00243504
0.00398535
0.00702754
0.0122029
0.0150588
0.00192875
0.00207365
0.00231563
0.00197767
0.00131481
0.00097169
0.000811493
0.000730737
0.000688048
0.000668933
0.000665692
0.000702611
0.000773116
0.000901853
0.0011567
0.00172654
0.00304505
0.00601263
0.0127635
0.0217348
0.0026123
0.00206647
0.00201186
0.00143952
0.000936016
0.000716267
0.000609453
0.000542216
0.000497041
0.000476274
0.000471671
0.000502142
0.000564552
0.0006637
0.000837113
0.00122351
0.00227654
0.00511655
0.0125449
0.0266794
0.00319072
0.00200037
0.00170642
0.00110438
0.000732251
0.000572166
0.000488384
0.000423777
0.000373581
0.000348605
0.000340533
0.00035769
0.000411608
0.000499716
0.000648426
0.000945036
0.00175462
0.00431073
0.0119599
0.0303101
0.00372187
0.00186443
0.00144991
0.000898846
0.000613366
0.000486609
0.000411583
0.000346178
0.00029194
0.000261499
0.00025015
0.00025488
0.000296338
0.000373217
0.000504311
0.000748826
0.00141456
0.0037474
0.01156
0.033199
0.00426766
0.00174465
0.00126605
0.000785805
0.000546674
0.000435892
0.000363394
0.000297729
0.000242976
0.000212513
0.000201451
0.000205189
0.00023653
0.000302895
0.000428436
0.000644531
0.00117506
0.00328316
0.0113783
0.0357851
0.00476895
0.00164823
0.00114286
0.000715763
0.000504991
0.000404728
0.000334215
0.0002713
0.000221739
0.00019227
0.000181518
0.000187015
0.000211236
0.00027006
0.000393158
0.000599451
0.0010569
0.00294914
0.0113414
0.0383164
0.00520711
0.00168809
0.0010723
0.000689487
0.000488621
0.000389716
0.000323086
0.000267777
0.000222717
0.000193542
0.000180726
0.000184282
0.000204528
0.000259437
0.000382406
0.000588003
0.00101026
0.00269917
0.011503
0.0410241
0.00536018
0.00181346
0.0010824
0.000699659
0.000494129
0.000391716
0.000325354
0.000272594
0.000230904
0.000203372
0.000191759
0.000195432
0.000213473
0.000265989
0.000396777
0.000618802
0.00100582
0.00256413
0.0118024
0.0441006
0.00526169
0.00204967
0.00113577
0.000736714
0.000517472
0.000404194
0.000335235
0.000284843
0.000248644
0.00022357
0.000211404
0.000214984
0.000234377
0.000292579
0.000436933
0.000679235
0.00105121
0.00250076
0.0122134
0.0477599
0.00492132
0.00223828
0.00126549
0.000820655
0.000574406
0.000439824
0.0003608
0.000308368
0.000272704
0.000247375
0.000237115
0.000242455
0.000266971
0.000335417
0.000496935
0.00075921
0.00111209
0.00244985
0.0127454
0.0522816
0.00417652
0.0022108
0.00141641
0.000983997
0.000690737
0.000523044
0.000421892
0.000357429
0.000316891
0.000286407
0.000278911
0.000287708
0.000320657
0.000402619
0.000577699
0.000854167
0.00119067
0.00243105
0.0132706
0.0580874
0.00334109
0.00204272
0.00143092
0.00116299
0.0009355
0.000733361
0.000584388
0.000481079
0.000419152
0.000373876
0.000364271
0.000375703
0.000415906
0.000512078
0.000687457
0.000984486
0.00132458
0.00260659
0.014211
0.0658428
0.00215313
0.00150586
0.00128945
0.00119447
0.00107731
0.000940299
0.000811852
0.000701911
0.000624188
0.000565823
0.000551566
0.000566321
0.000618439
0.000740932
0.000944394
0.00130446
0.00176245
0.00357186
0.0174659
0.0768442
0.00206997
0.00135196
0.0014332
0.00150148
0.00154271
0.00151884
0.00146289
0.00139194
0.00133446
0.00132613
0.00135144
0.00142561
0.00158242
0.00178606
0.00215631
0.00278926
0.0038611
0.00788139
0.0253767
0.0944299
0.00319778
0.00512493
0.0071774
0.00840394
0.00912425
0.00956277
0.00986255
0.0101415
0.0104601
0.0108752
0.0114223
0.0121095
0.0129868
0.0141296
0.0153415
0.0171506
0.0207272
0.0321396
0.0496507
0.12518
0.0458466
0.0890809
0.12581
0.143912
0.151424
0.154139
0.154608
0.15447
0.154251
0.15439
0.154864
0.155798
0.157478
0.159057
0.161804
0.163883
0.168444
0.170002
0.186134
0.163092
)
;

boundaryField
{
    movingWall
    {
        type            epsilonWallFunction;
        blending        stepwise;
        value           nonuniform List<scalar> 
20
(
0.0458466
0.0890809
0.12581
0.143912
0.151424
0.154139
0.154608
0.15447
0.154251
0.15439
0.154864
0.155798
0.157478
0.159057
0.161804
0.163883
0.168444
0.170002
0.186134
0.163092
)
;
    }
    fixedWalls
    {
        type            epsilonWallFunction;
        blending        stepwise;
        value           nonuniform List<scalar> 
60
(
6.8594e-05
0.000158457
0.000462133
0.00116353
0.00192875
0.0026123
0.00319072
0.00372187
0.00426766
0.00476895
0.00520711
0.00536018
0.00526169
0.00492132
0.00417652
0.00334109
0.00215313
0.00206997
0.00319778
0.0458466
0.00080275
0.00226063
0.00744121
0.0150588
0.0217348
0.0266794
0.0303101
0.033199
0.0357851
0.0383164
0.0410241
0.0441006
0.0477599
0.0522816
0.0580874
0.0658428
0.0768442
0.0944299
0.12518
0.163092
6.8594e-05
0.000117086
0.000333823
0.00150463
0.00415054
0.0074895
0.00982562
0.0110046
0.0114549
0.0115141
0.0109581
0.0102372
0.00931719
0.00852242
0.00768539
0.00698441
0.00618326
0.00475031
0.00220762
0.00080275
)
;
    }
    frontAndBack
    {
        type            empty;
    }
}


// ************************************************************************* //
