/*--------------------------------*- C++ -*----------------------------------*\
| =========                 |                                                 |
| \\      /  F ield         | OpenFOAM: The Open Source CFD Toolbox           |
|  \\    /   O peration     | Version:  2412                                  |
|   \\  /    A nd           | Website:  www.openfoam.com                      |
|    \\/     M anipulation  |                                                 |
\*---------------------------------------------------------------------------*/
FoamFile
{
    version     2.0;
    format      ascii;
    arch        "LSB;label=32;scalar=64";
    class       volScalarField;
    location    "3.5";
    object      k;
}
// * * * * * * * * * * * * * * * * * * * * * * * * * * * * * * * * * * * * * //

dimensions      [0 2 -2 0 0 0 0];

internalField   nonuniform List<scalar> 
400
(
5.69279e-05
8.13744e-05
0.000164108
0.00044767
0.000878632
0.00129987
0.0015563
0.00167783
0.001723
0.00172883
0.00167253
0.00159842
0.00150113
0.00141453
0.00132034
0.00123886
0.00114229
0.000958325
0.000575169
0.000293205
9.96155e-05
0.000201946
0.00044944
0.00084933
0.00105115
0.00113206
0.00108951
0.000972268
0.000911924
0.000872001
0.000859633
0.000887282
0.000962114
0.00105735
0.00119903
0.00133931
0.00145646
0.0015059
0.00124837
0.000584053
0.000203474
0.000491895
0.00078135
0.000899738
0.000927421
0.000776871
0.00070517
0.000668788
0.000657815
0.000659756
0.000682003
0.000698909
0.000736013
0.000780608
0.000877811
0.0010515
0.00132575
0.00159965
0.00172584
0.00129197
0.000376575
0.000724174
0.000829293
0.000837477
0.000695681
0.000623707
0.000600143
0.000596981
0.000616684
0.000630717
0.000645876
0.000654684
0.000668313
0.000687456
0.000734878
0.000843999
0.00107047
0.00150223
0.00194221
0.00206696
0.000526581
0.000791122
0.000810961
0.000706452
0.000592973
0.000560552
0.000555534
0.000567213
0.000581399
0.000589785
0.000604555
0.000620124
0.000639381
0.000657725
0.000689019
0.000762629
0.000941864
0.00131319
0.00200995
0.0026399
0.000644009
0.000818745
0.000765575
0.000607263
0.000541129
0.000526855
0.000526899
0.000534919
0.000537469
0.000538553
0.000550117
0.000571395
0.000603445
0.000638119
0.000672932
0.000728894
0.000879855
0.0012384
0.00196732
0.00302652
0.000735725
0.000811229
0.000702822
0.000552866
0.000509324
0.000502418
0.000502026
0.000500423
0.000486178
0.000476299
0.000474022
0.000488852
0.000524627
0.000575031
0.000633487
0.000700207
0.000827351
0.00117314
0.0019447
0.00329527
0.000815275
0.000791847
0.000645822
0.000518945
0.000488532
0.000482894
0.000478816
0.000464086
0.000434449
0.000409309
0.000399067
0.000400383
0.000433981
0.00049371
0.00057437
0.000663765
0.000791972
0.0011229
0.00193466
0.00350146
0.000893146
0.000759097
0.000611045
0.000497046
0.000469991
0.00046587
0.000457191
0.00043328
0.000395603
0.000362677
0.000348176
0.000346458
0.000371328
0.00042797
0.000523987
0.000637691
0.000764239
0.0010782
0.00193472
0.00368098
0.000961877
0.000730335
0.00058547
0.000477402
0.000456015
0.000450402
0.000438786
0.000412776
0.00037573
0.000342334
0.000326821
0.000325809
0.000344312
0.000395662
0.000498173
0.000627594
0.000751601
0.00104092
0.00196138
0.00385253
0.00102
0.000720252
0.000578397
0.000466302
0.000439789
0.000437654
0.000427251
0.000403772
0.000371578
0.00034261
0.000324569
0.000322419
0.00033664
0.000383446
0.000488913
0.000629094
0.000748955
0.00100866
0.00198383
0.00403185
0.00104014
0.000724857
0.000583633
0.00046912
0.000427705
0.000419175
0.00041233
0.000396666
0.000372312
0.00034811
0.000330942
0.000329393
0.000340223
0.000382259
0.000492515
0.000654243
0.000765781
0.000983165
0.00201653
0.00423085
0.00102745
0.000736262
0.000599776
0.000481924
0.000430196
0.00041077
0.000398978
0.000386912
0.000371976
0.000354831
0.000339764
0.000339902
0.000352489
0.000398838
0.000517595
0.000686028
0.000779823
0.000955707
0.00204272
0.00446158
0.000982765
0.000734026
0.000636844
0.000512797
0.000445545
0.000416142
0.000399914
0.00038693
0.00037377
0.000360073
0.00034977
0.000352418
0.000370018
0.000423739
0.000550984
0.000712177
0.000785773
0.000913528
0.00207151
0.00473868
0.000881062
0.000716286
0.000662078
0.000575998
0.000487621
0.000442446
0.000415905
0.000397566
0.000383837
0.000370574
0.000366656
0.000372998
0.00039773
0.00046051
0.000585387
0.000722537
0.000772437
0.000853855
0.00208893
0.00508301
0.000759037
0.000669176
0.000658447
0.000638085
0.000589906
0.000526124
0.000475293
0.000443881
0.000423795
0.000406864
0.00040684
0.000416037
0.000444653
0.000511899
0.000602056
0.000708053
0.000725538
0.000824473
0.00214234
0.00552561
0.000565969
0.000551187
0.000601695
0.000647038
0.000650056
0.000637511
0.000608974
0.000570727
0.000537807
0.000511854
0.000500002
0.000504745
0.000522179
0.000563279
0.000608355
0.000681965
0.000699625
0.000843103
0.00237074
0.00612496
0.000550767
0.000504507
0.000603552
0.00068554
0.00073251
0.000737597
0.000725832
0.000698796
0.000666471
0.000637236
0.000615689
0.000609919
0.000614716
0.000629706
0.000660742
0.000722204
0.000820291
0.00124188
0.00299745
0.00702674
0.000736015
0.000829632
0.00104443
0.00119369
0.00129182
0.00134594
0.00137554
0.00139692
0.00141713
0.00144407
0.00148634
0.00154737
0.00163251
0.00175285
0.00188725
0.00209056
0.00238656
0.00327339
0.00457284
0.0084792
0.00434193
0.00676104
0.00850975
0.00930598
0.00962536
0.00973889
0.00975751
0.0097515
0.00974214
0.00974805
0.00976812
0.00980762
0.00987851
0.00994477
0.0100598
0.0101459
0.0103335
0.0103973
0.0110455
0.0101143
)
;

boundaryField
{
    movingWall
    {
        type            kqRWallFunction;
        value           nonuniform List<scalar> 
20
(
0.00434193
0.00676104
0.00850975
0.00930598
0.00962536
0.00973889
0.00975751
0.0097515
0.00974214
0.00974805
0.00976812
0.00980762
0.00987851
0.00994477
0.0100598
0.0101459
0.0103335
0.0103973
0.0110455
0.0101143
)
;
    }
    fixedWalls
    {
        type            kqRWallFunction;
        value           nonuniform List<scalar> 
60
(
5.69279e-05
9.96155e-05
0.000203474
0.000376575
0.000526581
0.000644009
0.000735725
0.000815275
0.000893146
0.000961877
0.00102
0.00104014
0.00102745
0.000982765
0.000881062
0.000759037
0.000565969
0.000550767
0.000736015
0.00434193
0.000293205
0.000584053
0.00129197
0.00206696
0.0026399
0.00302652
0.00329527
0.00350146
0.00368098
0.00385253
0.00403185
0.00423085
0.00446158
0.00473868
0.00508301
0.00552561
0.00612496
0.00702674
0.0084792
0.0101143
5.69279e-05
8.13744e-05
0.000164108
0.00044767
0.000878632
0.00129987
0.0015563
0.00167783
0.001723
0.00172883
0.00167253
0.00159842
0.00150113
0.00141453
0.00132034
0.00123886
0.00114229
0.000958325
0.000575169
0.000293205
)
;
    }
    frontAndBack
    {
        type            empty;
    }
}


// ************************************************************************* //
