/*--------------------------------*- C++ -*----------------------------------*\
| =========                 |                                                 |
| \\      /  F ield         | OpenFOAM: The Open Source CFD Toolbox           |
|  \\    /   O peration     | Version:  2412                                  |
|   \\  /    A nd           | Website:  www.openfoam.com                      |
|    \\/     M anipulation  |                                                 |
\*---------------------------------------------------------------------------*/
FoamFile
{
    version     2.0;
    format      ascii;
    arch        "LSB;label=32;scalar=64";
    class       volVectorField;
    location    "3.5";
    object      U;
}
// * * * * * * * * * * * * * * * * * * * * * * * * * * * * * * * * * * * * * //

dimensions      [0 1 -1 0 0 0 0];

internalField   nonuniform List<vector> 
400
(
(0.00181704 -0.00219982 0)
(0.00350199 -0.0010905 0)
(-8.97442e-05 0.00058201 0)
(-0.00933777 0.00315562 0)
(-0.0283661 0.0102429 0)
(-0.0576696 0.0161279 0)
(-0.0886173 0.017195 0)
(-0.117181 0.0150255 0)
(-0.139976 0.0112338 0)
(-0.15561 0.00722226 0)
(-0.164375 0.00349849 0)
(-0.16718 -0.000143563 0)
(-0.164055 -0.00409794 0)
(-0.154189 -0.00835923 0)
(-0.136232 -0.0126863 0)
(-0.109357 -0.0165242 0)
(-0.0756688 -0.0192405 0)
(-0.0395267 -0.0182836 0)
(-0.00577331 -0.0105247 0)
(0.0083894 0.00507259 0)
(-0.000109443 -0.00369777 0)
(-0.00552158 0.00344268 0)
(-0.0195723 0.0136624 0)
(-0.0447822 0.0285497 0)
(-0.0751539 0.0398736 0)
(-0.106221 0.0444756 0)
(-0.132328 0.0420443 0)
(-0.151781 0.0350523 0)
(-0.164977 0.0261125 0)
(-0.174021 0.0167709 0)
(-0.179381 0.00797621 0)
(-0.180546 -0.000655449 0)
(-0.177391 -0.00985415 0)
(-0.169946 -0.0202419 0)
(-0.157083 -0.0324163 0)
(-0.137459 -0.045703 0)
(-0.109234 -0.0559677 0)
(-0.0731463 -0.0555109 0)
(-0.0334092 -0.0354828 0)
(-0.00216157 -0.00191213 0)
(-0.00452125 0.00357337 0)
(-0.0180017 0.020244 0)
(-0.0410414 0.0396466 0)
(-0.0704129 0.0576722 0)
(-0.098967 0.0681819 0)
(-0.121947 0.0681985 0)
(-0.137789 0.0597513 0)
(-0.147815 0.0470925 0)
(-0.154314 0.0336318 0)
(-0.157788 0.0209925 0)
(-0.158544 0.00900004 0)
(-0.157512 -0.00274638 0)
(-0.15503 -0.0148792 0)
(-0.150641 -0.0284425 0)
(-0.144334 -0.0448176 0)
(-0.134946 -0.0646324 0)
(-0.119471 -0.0851391 0)
(-0.0932192 -0.0962282 0)
(-0.0552177 -0.0799022 0)
(-0.0132599 -0.0241515 0)
(-0.00847457 0.0193894 0)
(-0.026923 0.0422246 0)
(-0.0532633 0.0661837 0)
(-0.0800705 0.0841619 0)
(-0.101561 0.0899286 0)
(-0.115231 0.083233 0)
(-0.122354 0.0689968 0)
(-0.125412 0.0525145 0)
(-0.125991 0.0366053 0)
(-0.124953 0.0221111 0)
(-0.123165 0.00889799 0)
(-0.12045 -0.00345882 0)
(-0.11693 -0.0157786 0)
(-0.113226 -0.0294008 0)
(-0.11025 -0.0462008 0)
(-0.10833 -0.0685272 0)
(-0.104889 -0.0966424 0)
(-0.0927692 -0.122944 0)
(-0.0650194 -0.124527 0)
(-0.0248972 -0.0659825 0)
(-0.00984874 0.0385474 0)
(-0.0303854 0.0653916 0)
(-0.0552029 0.0904805 0)
(-0.0766711 0.104822 0)
(-0.0908758 0.103755 0)
(-0.0977401 0.0903386 0)
(-0.100108 0.0716459 0)
(-0.100571 0.0527054 0)
(-0.100305 0.0353858 0)
(-0.0995856 0.0198934 0)
(-0.0978253 0.00564712 0)
(-0.0945447 -0.00777703 0)
(-0.089835 -0.0206448 0)
(-0.0842832 -0.0336057 0)
(-0.0792352 -0.0482171 0)
(-0.076682 -0.0676753 0)
(-0.0775079 -0.0962642 0)
(-0.0761382 -0.133278 0)
(-0.0610619 -0.158054 0)
(-0.0288886 -0.112843 0)
(-0.00933413 0.0581731 0)
(-0.0285579 0.0870771 0)
(-0.049549 0.110573 0)
(-0.0654146 0.119497 0)
(-0.0741803 0.11172 0)
(-0.0775064 0.0933584 0)
(-0.0786903 0.0723744 0)
(-0.0797031 0.052809 0)
(-0.0809185 0.0352881 0)
(-0.0816184 0.0190625 0)
(-0.0808641 0.00336169 0)
(-0.0782034 -0.0119372 0)
(-0.0735453 -0.0266535 0)
(-0.0671827 -0.0406825 0)
(-0.0600906 -0.0545695 0)
(-0.0542096 -0.0706427 0)
(-0.052534 -0.0945404 0)
(-0.0545467 -0.13316 0)
(-0.0488062 -0.176152 0)
(-0.0268848 -0.157707 0)
(-0.00750202 0.0758516 0)
(-0.0234506 0.105331 0)
(-0.039534 0.125784 0)
(-0.0503997 0.129521 0)
(-0.0559005 0.116535 0)
(-0.058034 0.0954027 0)
(-0.0597402 0.0738309 0)
(-0.061974 0.0544862 0)
(-0.0643904 0.0367842 0)
(-0.0659767 0.0194895 0)
(-0.065944 0.00206295 0)
(-0.0639502 -0.0153058 0)
(-0.0598683 -0.0321132 0)
(-0.0539064 -0.047791 0)
(-0.0467899 -0.062268 0)
(-0.0398306 -0.0769284 0)
(-0.0353571 -0.0963042 0)
(-0.0362925 -0.130912 0)
(-0.0348304 -0.183503 0)
(-0.0217825 -0.193367 0)
(-0.00498036 0.0896051 0)
(-0.0166712 0.119059 0)
(-0.027358 0.136108 0)
(-0.034294 0.136313 0)
(-0.0379337 0.12007 0)
(-0.0398592 0.0976736 0)
(-0.0422188 0.0762133 0)
(-0.045075 0.0570994 0)
(-0.0478399 0.0389679 0)
(-0.0497086 0.0204974 0)
(-0.0501015 0.0013751 0)
(-0.048771 -0.0180044 0)
(-0.0455686 -0.0368121 0)
(-0.0406632 -0.0540749 0)
(-0.0346611 -0.0692762 0)
(-0.0285502 -0.08334 0)
(-0.0237379 -0.099965 0)
(-0.0233611 -0.129381 0)
(-0.0234408 -0.186685 0)
(-0.0164467 -0.218689 0)
(-0.00220377 0.0983879 0)
(-0.00909086 0.12772 0)
(-0.0146382 0.142153 0)
(-0.0183195 0.140566 0)
(-0.0205805 0.122965 0)
(-0.0223831 0.100158 0)
(-0.0248989 0.0788882 0)
(-0.0276102 0.0597851 0)
(-0.0300219 0.0411772 0)
(-0.0316909 0.0217796 0)
(-0.0322792 0.00132442 0)
(-0.031652 -0.0197015 0)
(-0.0296271 -0.0402271 0)
(-0.0263169 -0.0589212 0)
(-0.022129 -0.0747756 0)
(-0.0178362 -0.0884509 0)
(-0.0142841 -0.103243 0)
(-0.0140712 -0.129158 0)
(-0.0151045 -0.186707 0)
(-0.0128809 -0.236496 0)
(0.000500969 0.101832 0)
(-0.00133793 0.131117 0)
(-0.00231103 0.144694 0)
(-0.00276793 0.142528 0)
(-0.00357539 0.124945 0)
(-0.00503978 0.102438 0)
(-0.00716795 0.0812887 0)
(-0.00925179 0.0619839 0)
(-0.0109495 0.0429444 0)
(-0.0121081 0.0229832 0)
(-0.0126512 0.00178885 0)
(-0.0126092 -0.0201793 0)
(-0.0119019 -0.0418523 0)
(-0.0105582 -0.0616258 0)
(-0.00876412 -0.0780165 0)
(-0.00693812 -0.0914272 0)
(-0.00551473 -0.104792 0)
(-0.00680592 -0.127849 0)
(-0.00917739 -0.185047 0)
(-0.0108343 -0.248969 0)
(0.00309706 0.100071 0)
(0.00597874 0.129844 0)
(0.00929055 0.143561 0)
(0.0120604 0.141738 0)
(0.0131949 0.126103 0)
(0.0125628 0.104085 0)
(0.011155 0.0830376 0)
(0.00986941 0.0634447 0)
(0.00894383 0.0440709 0)
(0.00833015 0.0238647 0)
(0.00789988 0.00248179 0)
(0.00748365 -0.0197144 0)
(0.00695359 -0.0417605 0)
(0.00629062 -0.0619375 0)
(0.00538689 -0.0785237 0)
(0.00429968 -0.0917267 0)
(0.00302035 -0.104013 0)
(-0.000524706 -0.124773 0)
(-0.00478007 -0.181332 0)
(-0.00986103 -0.257801 0)
(0.00537158 0.0936504 0)
(0.0124165 0.124137 0)
(0.0195996 0.138685 0)
(0.0259512 0.138117 0)
(0.0294241 0.125538 0)
(0.0304909 0.104897 0)
(0.0300867 0.0839791 0)
(0.0296065 0.0641016 0)
(0.0293628 0.0445293 0)
(0.0291829 0.0243851 0)
(0.0287902 0.00330827 0)
(0.0279114 -0.0184878 0)
(0.0262801 -0.0401317 0)
(0.0236762 -0.0599137 0)
(0.0199743 -0.0761433 0)
(0.0157345 -0.0890111 0)
(0.011402 -0.100434 0)
(0.00512339 -0.119448 0)
(-0.00130617 -0.175279 0)
(-0.0095404 -0.264359 0)
(0.00704527 0.0832129 0)
(0.0174784 0.11455 0)
(0.0281402 0.130036 0)
(0.0378941 0.131604 0)
(0.0444923 0.122077 0)
(0.0481444 0.104191 0)
(0.0494358 0.0840385 0)
(0.0499377 0.0640978 0)
(0.0502909 0.0444882 0)
(0.0503993 0.0246481 0)
(0.0499095 0.0042479 0)
(0.0484492 -0.0165612 0)
(0.0456387 -0.0370014 0)
(0.0410314 -0.0555244 0)
(0.0345384 -0.0707604 0)
(0.027088 -0.0830504 0)
(0.019486 -0.0936953 0)
(0.0101682 -0.111547 0)
(0.00147578 -0.166935 0)
(-0.00965363 -0.269261 0)
(0.0077662 0.0699527 0)
(0.020642 0.10192 0)
(0.0341184 0.118076 0)
(0.0468412 0.121701 0)
(0.0570412 0.11533 0)
(0.0640787 0.100823 0)
(0.0680729 0.0825284 0)
(0.0702529 0.0633299 0)
(0.0714722 0.0441684 0)
(0.0718756 0.0249982 0)
(0.0711557 0.0056641 0)
(0.0688766 -0.0136527 0)
(0.0645648 -0.0322061 0)
(0.0577329 -0.0486808 0)
(0.0485303 -0.0623495 0)
(0.0380561 -0.0737484 0)
(0.0270744 -0.0835936 0)
(0.0146515 -0.100887 0)
(0.00379602 -0.155931 0)
(-0.0100098 -0.272425 0)
(0.00731517 0.0553002 0)
(0.0213132 0.08691 0)
(0.0366804 0.103331 0)
(0.0517785 0.108419 0)
(0.065318 0.104686 0)
(0.0761385 0.093663 0)
(0.0836948 0.0782471 0)
(0.0884974 0.0609581 0)
(0.0912632 0.043162 0)
(0.0922689 0.0253404 0)
(0.0913439 0.00768233 0)
(0.0881 -0.00948926 0)
(0.0820647 -0.0254678 0)
(0.0730265 -0.0393901 0)
(0.0613896 -0.0510932 0)
(0.0484056 -0.0613505 0)
(0.0341403 -0.0704835 0)
(0.0192926 -0.0881091 0)
(0.0068141 -0.141692 0)
(-0.0100512 -0.273556 0)
(0.00551067 0.0428917 0)
(0.0191515 0.071973 0)
(0.0353006 0.0874863 0)
(0.0520193 0.092949 0)
(0.0681738 0.0908748 0)
(0.0823714 0.0827656 0)
(0.0935864 0.0705676 0)
(0.101533 0.0561451 0)
(0.106475 0.0408462 0)
(0.108547 0.025427 0)
(0.10772 0.010369 0)
(0.103803 -0.00389426 0)
(0.0965171 -0.0168289 0)
(0.0860171 -0.0280865 0)
(0.0727605 -0.0377641 0)
(0.0580345 -0.0466865 0)
(0.0408495 -0.0553822 0)
(0.0261267 -0.0749737 0)
(0.012657 -0.125092 0)
(-0.00872437 -0.274306 0)
(0.00168177 0.0280273 0)
(0.0135625 0.0540135 0)
(0.0295687 0.0684226 0)
(0.0473056 0.073798 0)
(0.0654102 0.072949 0)
(0.0822951 0.0673187 0)
(0.096523 0.0583832 0)
(0.107395 0.0474859 0)
(0.114573 0.0356477 0)
(0.118065 0.0236676 0)
(0.11792 0.0120851 0)
(0.114162 0.00130861 0)
(0.106823 -0.00830515 0)
(0.0962926 -0.0166199 0)
(0.0827194 -0.0237256 0)
(0.0675873 -0.0309247 0)
(0.0484917 -0.0394764 0)
(0.0383195 -0.0626812 0)
(0.0208174 -0.10819 0)
(-0.00462235 -0.277965 0)
(-0.00335542 0.0388228 0)
(0.0047614 0.0530287 0)
(0.0204997 0.0594044 0)
(0.0385365 0.0603725 0)
(0.0578424 0.0582723 0)
(0.0766622 0.0537064 0)
(0.0932723 0.0472866 0)
(0.106544 0.0395829 0)
(0.116003 0.0312135 0)
(0.121548 0.0228375 0)
(0.123126 0.0149723 0)
(0.120859 0.00788935 0)
(0.114989 0.00176827 0)
(0.106135 -0.00340621 0)
(0.0944094 -0.00816785 0)
(0.0819858 -0.0141895 0)
(0.0634382 -0.0230981 0)
(0.0623865 -0.0480652 0)
(0.0249625 -0.085791 0)
(0.00903383 -0.277032 0)
(-0.0102238 0.00674772 0)
(-0.0130946 0.00885201 0)
(0.00562993 0.0181199 0)
(0.0284192 0.0248138 0)
(0.0519109 0.0273582 0)
(0.0743278 0.0269685 0)
(0.0942553 0.0248328 0)
(0.110917 0.0218085 0)
(0.123866 0.0183208 0)
(0.133018 0.0146225 0)
(0.138622 0.0109844 0)
(0.141053 0.00768364 0)
(0.140684 0.00484054 0)
(0.138063 0.00230808 0)
(0.132778 -0.000260063 0)
(0.127387 -0.00422368 0)
(0.112263 -0.00912148 0)
(0.117926 -0.0254435 0)
(0.0319219 -0.0471999 0)
(0.0755241 -0.231953 0)
(0.0390568 0.0945908 0)
(0.0560573 0.0667011 0)
(0.0823286 0.04031 0)
(0.107568 0.0266191 0)
(0.129712 0.0201346 0)
(0.150486 0.0166993 0)
(0.17026 0.0145153 0)
(0.188329 0.0128715 0)
(0.204135 0.0114535 0)
(0.217473 0.0101502 0)
(0.228339 0.00894129 0)
(0.236864 0.00783807 0)
(0.243192 0.00678615 0)
(0.247716 0.00572937 0)
(0.249821 0.00462439 0)
(0.252116 0.00323944 0)
(0.242373 0.00176491 0)
(0.259807 -0.00307686 0)
(0.133553 0.00264904 0)
(0.382241 -0.0994139 0)
)
;

boundaryField
{
    movingWall
    {
        type            fixedValue;
        value           uniform (1 0 0);
    }
    fixedWalls
    {
        type            noSlip;
    }
    frontAndBack
    {
        type            empty;
    }
}


// ************************************************************************* //
