/*--------------------------------*- C++ -*----------------------------------*\
| =========                 |                                                 |
| \\      /  F ield         | OpenFOAM: The Open Source CFD Toolbox           |
|  \\    /   O peration     | Version:  2412                                  |
|   \\  /    A nd           | Website:  www.openfoam.com                      |
|    \\/     M anipulation  |                                                 |
\*---------------------------------------------------------------------------*/
FoamFile
{
    version     2.0;
    format      ascii;
    arch        "LSB;label=32;scalar=64";
    class       volScalarField;
    location    "3.75";
    object      k;
}
// * * * * * * * * * * * * * * * * * * * * * * * * * * * * * * * * * * * * * //

dimensions      [0 2 -2 0 0 0 0];

internalField   nonuniform List<scalar> 
1600
(
7.94718e-05
9.70987e-05
0.000128152
0.000158907
0.000182016
0.000196574
0.000209373
0.000222471
0.000236244
0.000262531
0.000343746
0.000577774
0.000920795
0.00135719
0.00182501
0.0022659
0.00264857
0.0029503
0.00316195
0.00326709
0.00330571
0.00330608
0.0032122
0.00308548
0.00291421
0.00273144
0.00252268
0.00231037
0.00209208
0.00188368
0.001662
0.00142207
0.00117223
0.000999837
0.00091095
0.000851737
0.000776764
0.000637606
0.000420049
0.000242651
0.000131261
0.000109554
0.000112484
0.000120847
0.00013553
0.000163577
0.000215805
0.000292664
0.000397411
0.000562093
0.000807197
0.00108156
0.00131939
0.00150238
0.0016646
0.00173174
0.00175009
0.00174164
0.00170436
0.00166908
0.00164758
0.0016392
0.0016407
0.00169136
0.00175223
0.0018414
0.00194261
0.00204889
0.00212735
0.00216148
0.00216586
0.00209153
0.00196396
0.00171443
0.0013716
0.00100548
0.000697608
0.000487602
0.000331481
0.000274942
0.000216962
0.000164581
0.000165919
0.000178321
0.000209669
0.00027543
0.000398456
0.000591262
0.000816429
0.0010304
0.00117034
0.00124544
0.00130189
0.00132665
0.00125921
0.0012189
0.00117595
0.0011434
0.00112139
0.00111184
0.00110994
0.00112734
0.00115657
0.00120192
0.00126528
0.00135018
0.00145923
0.0015967
0.00176089
0.00193711
0.00205194
0.00210091
0.00207151
0.00192659
0.00166622
0.00124098
0.000799313
0.000477558
0.000303464
0.000328987
0.000301738
0.000233886
0.000251865
0.000293397
0.000374672
0.000521325
0.000730984
0.000952616
0.00108873
0.00114347
0.00115873
0.00116063
0.00109886
0.000984312
0.000933239
0.000878768
0.000846149
0.0008171
0.000802078
0.000793532
0.000790639
0.000793107
0.000803996
0.000822005
0.000848754
0.000887326
0.000941847
0.00101912
0.00112898
0.00128881
0.0015325
0.00178744
0.00193444
0.00198176
0.0019052
0.00158997
0.00104062
0.000535758
0.000310026
0.000377906
0.000359704
0.000320049
0.000380478
0.000463858
0.000604245
0.000807078
0.00100407
0.00109285
0.00111158
0.00110118
0.00104338
0.00092055
0.0008177
0.000759766
0.000724221
0.000698884
0.000687192
0.000682107
0.000681051
0.000683805
0.000687604
0.000692805
0.000699461
0.000709456
0.000722383
0.000742337
0.000771421
0.000813737
0.000874949
0.000965157
0.00110244
0.00132346
0.00167418
0.00191242
0.00199935
0.00195636
0.00151507
0.000768136
0.000381291
0.00041261
0.000393243
0.000436619
0.000547071
0.000670588
0.00084287
0.00101155
0.00108233
0.00108915
0.00105116
0.000950183
0.000800042
0.000719146
0.000671245
0.000650619
0.000642738
0.000641513
0.000649827
0.000657003
0.000665195
0.000670732
0.000675232
0.000678401
0.000682004
0.000686848
0.000694436
0.000707004
0.000726582
0.000755991
0.000796226
0.000851654
0.000929761
0.00105007
0.00125819
0.00165296
0.00197997
0.002088
0.00199108
0.00127312
0.000578839
0.000455028
0.00041064
0.000580233
0.000734777
0.000873964
0.00101416
0.00107397
0.00107619
0.00102283
0.000886208
0.000734174
0.000658972
0.000625507
0.000613584
0.000611946
0.00062196
0.000630771
0.000640499
0.000645498
0.000649301
0.000651026
0.000652885
0.000655049
0.000658597
0.000663902
0.000672181
0.000684866
0.000703976
0.000731541
0.00076773
0.000813735
0.000871782
0.000949871
0.00106659
0.00128225
0.00172061
0.00209154
0.00217955
0.00187387
0.000878301
0.000513809
0.000432334
0.000741534
0.000915878
0.00102462
0.00107238
0.00107362
0.00101667
0.000863231
0.000701883
0.000626256
0.000596693
0.000589087
0.000590804
0.000603302
0.000612295
0.000617955
0.00062078
0.000621847
0.000622842
0.000624597
0.000627858
0.00063251
0.000638511
0.000646064
0.000655068
0.000666115
0.000680718
0.000702257
0.000736771
0.000786478
0.000846153
0.000913716
0.000997953
0.00112635
0.00137553
0.00190101
0.00220504
0.00222141
0.00132037
0.000597945
0.000506999
0.000904471
0.00105966
0.00110382
0.00110346
0.00103202
0.000881652
0.000695747
0.000609302
0.000576892
0.000569232
0.000571908
0.000583743
0.000591634
0.00059514
0.000596646
0.000597349
0.000598846
0.000601861
0.000606504
0.000612865
0.000620547
0.000629355
0.000639079
0.000649458
0.000660645
0.000673193
0.000688687
0.000710658
0.000745604
0.0008053
0.000885101
0.000971101
0.00107009
0.00123068
0.00156553
0.00214586
0.00235518
0.00188582
0.000695665
0.00065793
0.001044
0.00116152
0.00116909
0.00108098
0.000932515
0.000720797
0.000607121
0.00056402
0.00055314
0.000553051
0.00056456
0.000571863
0.000574997
0.000576214
0.000577508
0.000579763
0.000583437
0.000588522
0.000595031
0.000602955
0.000612106
0.00062252
0.000633919
0.000646021
0.000658527
0.000671357
0.000685113
0.000701934
0.000725979
0.000764834
0.000832569
0.00093438
0.00104651
0.0011739
0.00140228
0.00193502
0.00240193
0.00237653
0.000930244
0.00082429
0.00115022
0.00123425
0.00117235
0.0010191
0.000798022
0.000626918
0.000559716
0.000539721
0.000537165
0.000544585
0.000553832
0.00055759
0.00055927
0.000561106
0.000563879
0.000567348
0.000571485
0.000576324
0.000582136
0.00058918
0.000597683
0.00060793
0.000619896
0.000633485
0.000648425
0.000664354
0.000680956
0.0006984
0.000718512
0.000746969
0.000794179
0.000877748
0.00100567
0.00115029
0.00132896
0.0017039
0.00243399
0.00269843
0.00150114
0.000994468
0.00122613
0.00127999
0.00115269
0.000923956
0.000686183
0.000571717
0.000532191
0.000523797
0.000526143
0.000536201
0.000542029
0.000544637
0.000547095
0.00055008
0.000553062
0.00055557
0.000557751
0.000560007
0.000562989
0.000567289
0.000573505
0.000582185
0.00059356
0.000607743
0.00062464
0.000643958
0.000665219
0.000687897
0.000711891
0.000738924
0.000775902
0.000838694
0.000949275
0.00111188
0.00129819
0.00159393
0.00233144
0.00296747
0.00233359
0.00116414
0.00126959
0.00129016
0.00110506
0.000823948
0.000617948
0.000537432
0.000514257
0.000511451
0.000517877
0.000527105
0.00053148
0.000534637
0.000538112
0.000540484
0.000541384
0.000541293
0.000539715
0.000538047
0.000537322
0.00053784
0.000541001
0.000547445
0.000557588
0.000571666
0.000589767
0.000611743
0.000637183
0.000665423
0.000695754
0.000728151
0.000765366
0.000817857
0.000909395
0.00106564
0.0012766
0.00154212
0.00216696
0.00322594
0.00326832
0.00133223
0.00129008
0.00128049
0.00104284
0.000738635
0.000572798
0.000514654
0.00050148
0.000501571
0.000510674
0.000518761
0.000523061
0.000527079
0.000529455
0.000530045
0.000528101
0.000523715
0.000517709
0.000511527
0.000506632
0.000504393
0.000504148
0.000508222
0.000516957
0.000530525
0.00054918
0.00057297
0.000601661
0.000634644
0.000670958
0.000709672
0.000751221
0.000801018
0.000877088
0.00101454
0.00123411
0.00151596
0.00202426
0.0033636
0.00417794
0.00149407
0.00128945
0.00125506
0.000978
0.000677279
0.000541537
0.000498488
0.000490878
0.000494185
0.000504282
0.000511707
0.000516518
0.000519669
0.000520557
0.0005185
0.000512595
0.000503785
0.00049345
0.000483243
0.000474638
0.000469494
0.00046763
0.000469263
0.000476673
0.000489481
0.000508078
0.000532751
0.000563564
0.000600178
0.000641704
0.000686852
0.000734846
0.000788186
0.000859417
0.000981753
0.00119839
0.00150442
0.00198741
0.00337694
0.0050006
0.00165199
0.00128278
0.00121439
0.000918872
0.000634962
0.000519135
0.00048639
0.000482416
0.000488437
0.000498705
0.000505882
0.000510326
0.000512062
0.000511168
0.000505685
0.000495882
0.000483106
0.000469114
0.000455725
0.000444493
0.000437286
0.000434385
0.000434423
0.000440673
0.00045258
0.000470574
0.000495185
0.000526849
0.00056563
0.000610912
0.000661264
0.000714965
0.000772127
0.000840436
0.000947721
0.0011495
0.00147692
0.00196792
0.00336483
0.0057185
0.00180214
0.00126758
0.00116994
0.000870604
0.00060516
0.000502558
0.000477048
0.000475677
0.000483702
0.00049375
0.000500582
0.000503862
0.000504447
0.00050105
0.000492383
0.00047926
0.000463365
0.000446711
0.000431233
0.000418499
0.000410102
0.000406453
0.000406
0.000411297
0.000422268
0.000439287
0.000463094
0.000494516
0.000534144
0.000581876
0.000636499
0.000695864
0.000758571
0.000829011
0.000929418
0.00111648
0.00145005
0.00195448
0.00333912
0.00632715
0.00194049
0.00124868
0.00112712
0.000833823
0.000583978
0.000490324
0.000469667
0.000470282
0.000479526
0.000489156
0.000495093
0.000497288
0.000496519
0.00049074
0.000479501
0.000463915
0.000445907
0.000427641
0.000411088
0.000397741
0.000388936
0.000385056
0.000384517
0.000389233
0.000399331
0.0004152
0.000437731
0.000468098
0.000507431
0.000556254
0.000613773
0.00067758
0.00074481
0.000816613
0.000909925
0.00108054
0.00141713
0.00194813
0.0033222
0.00683672
0.00206367
0.00122972
0.00108733
0.000807155
0.00057056
0.000481018
0.000463179
0.000465744
0.000475481
0.000484464
0.000489366
0.000490682
0.000488429
0.000480821
0.000467815
0.000450717
0.000431582
0.000412634
0.000395812
0.000382495
0.000373786
0.000369984
0.00036957
0.000373969
0.000383316
0.000398037
0.000419117
0.000448001
0.00048632
0.000535304
0.000594797
0.000662516
0.000734576
0.000809501
0.000899527
0.00105583
0.00138538
0.00194357
0.00331225
0.00725852
0.00216635
0.00121251
0.00105407
0.000790684
0.000561913
0.000474437
0.000457635
0.000461532
0.000471285
0.000479491
0.000483461
0.000483997
0.000480541
0.000471779
0.000457856
0.000440157
0.00042076
0.000401864
0.000385333
0.000372436
0.000364044
0.000360398
0.000360196
0.000364407
0.00037311
0.000386796
0.000406462
0.000433732
0.000470659
0.000519159
0.000579802
0.000650612
0.000727023
0.000805434
0.000891701
0.00103246
0.00135235
0.00194136
0.00330975
0.00760604
0.00223674
0.00120581
0.0010263
0.00078061
0.000562234
0.000469046
0.000452218
0.000457204
0.000466739
0.00047415
0.000477514
0.000477361
0.000473131
0.000463911
0.000449881
0.000432386
0.000413431
0.000395125
0.000379239
0.000366944
0.000358904
0.000355318
0.000355489
0.000359629
0.00036788
0.000380617
0.00039881
0.000424395
0.000459845
0.000507585
0.000568941
0.000642371
0.000723414
0.000804152
0.000888485
0.00101592
0.00132022
0.00194048
0.00333995
0.00789898
0.00224909
0.00120603
0.0010063
0.000780203
0.000565697
0.000468363
0.000447623
0.000452245
0.000461633
0.000468484
0.000471401
0.000470796
0.000466457
0.000457368
0.00044391
0.000427289
0.000409337
0.000392053
0.000377066
0.000365356
0.000357541
0.000353834
0.000354114
0.000357997
0.000365905
0.00037795
0.00039514
0.00041929
0.000453128
0.00049995
0.000561848
0.000638179
0.000722329
0.000805758
0.00088775
0.00100216
0.0012871
0.00193761
0.00338895
0.00815464
0.00222851
0.00120795
0.000993031
0.000783071
0.000574186
0.000470003
0.000444052
0.000447099
0.000456041
0.000462558
0.000465173
0.000464426
0.000460475
0.000452092
0.000439762
0.000424554
0.000408206
0.00039221
0.000377853
0.000366505
0.00035884
0.000355112
0.000355298
0.000358526
0.000365772
0.000377313
0.000393903
0.000417092
0.000449865
0.000495944
0.000558344
0.000636705
0.00072425
0.000811749
0.000891468
0.000992995
0.00125438
0.00193063
0.00346516
0.00838559
0.00216814
0.00120856
0.000985113
0.000790404
0.000589404
0.000474936
0.000440985
0.000441615
0.000449147
0.000456022
0.00045877
0.000458208
0.000455016
0.000447855
0.000437073
0.00042373
0.000408917
0.000394004
0.000380665
0.000369941
0.000362483
0.000358642
0.000358666
0.000361309
0.00036779
0.000378563
0.000394177
0.000416573
0.000448713
0.00049431
0.000557103
0.000637007
0.000729157
0.00082016
0.00089788
0.000986462
0.00122148
0.0019176
0.00355583
0.00860064
0.00204494
0.0012043
0.00097999
0.000804048
0.000611079
0.000485569
0.000441458
0.000437206
0.000442218
0.000449092
0.000452167
0.000451943
0.000449752
0.000444269
0.000435355
0.000424016
0.000411022
0.00039788
0.000385751
0.000375617
0.000368227
0.000364059
0.000363691
0.000365803
0.000371443
0.000381503
0.000396335
0.000417736
0.000448836
0.00049409
0.00055749
0.000640247
0.000736095
0.000830677
0.000906574
0.000982389
0.0011885
0.0018975
0.00366377
0.00880633
0.0018699
0.00119201
0.000976665
0.000819135
0.000637463
0.000502494
0.000444538
0.000432263
0.00043471
0.00044129
0.000445105
0.00044551
0.000444335
0.000440799
0.000433975
0.000424836
0.00041414
0.000402835
0.000391989
0.000382557
0.000375311
0.000370822
0.000369918
0.000371549
0.000376324
0.000385601
0.000399717
0.000420472
0.000451072
0.000496168
0.000560476
0.000645321
0.000744616
0.00084243
0.000915957
0.000978945
0.00115527
0.00186738
0.00377939
0.00900587
0.00165054
0.00116369
0.000972899
0.000837241
0.000669569
0.000528218
0.000452694
0.000431398
0.000429403
0.000432686
0.000437361
0.00043878
0.000438402
0.000436606
0.00043234
0.000425467
0.000417143
0.000407872
0.000398535
0.000390014
0.000383096
0.000378411
0.000376953
0.000378167
0.000382182
0.000390559
0.000404046
0.000424313
0.000454632
0.000499854
0.000565053
0.000651842
0.00075401
0.000854416
0.000924783
0.00097487
0.00112229
0.00182966
0.0039051
0.00920256
0.00139597
0.00110519
0.000963701
0.000851336
0.00070277
0.000559609
0.00046806
0.000433953
0.000424884
0.000425633
0.000428687
0.000431302
0.000431893
0.000431352
0.000429403
0.000425057
0.000419176
0.000412095
0.000404499
0.000397164
0.000390862
0.000386245
0.000384399
0.000385305
0.000388737
0.000396287
0.00040928
0.000429256
0.000459528
0.000505057
0.000571147
0.000659446
0.000763566
0.000865412
0.000930093
0.000967892
0.00108492
0.0017825
0.00403346
0.00939794
0.00112267
0.0010192
0.000948409
0.000865003
0.000738363
0.000601062
0.000496584
0.000442676
0.000425784
0.000420396
0.000420881
0.000422709
0.000424471
0.000425094
0.000424669
0.000423056
0.000419288
0.00041457
0.000408979
0.000403165
0.00039786
0.0003937
0.000391863
0.000392635
0.000395736
0.000402763
0.000415473
0.000435388
0.000465837
0.000511777
0.000578552
0.00066754
0.000772135
0.000872777
0.000931921
0.000956535
0.00104272
0.00172851
0.00416377
0.00959385
0.000851595
0.000905453
0.000912375
0.00086919
0.000767396
0.000641165
0.000531595
0.00046099
0.000431399
0.000421043
0.000416743
0.000415525
0.000416072
0.000417301
0.000418305
0.000418289
0.000417404
0.000414816
0.000411356
0.000407362
0.000403474
0.000400229
0.000399011
0.000399873
0.000402989
0.000409962
0.00042268
0.000442785
0.000473569
0.000519874
0.000586825
0.000675115
0.000776774
0.00087558
0.000927833
0.000937256
0.000993633
0.00166696
0.00428675
0.00979135
0.000606971
0.000773656
0.000863074
0.000857834
0.000804183
0.000689573
0.000579817
0.000496251
0.000447135
0.000426817
0.000418307
0.000414372
0.000411974
0.00041128
0.000411622
0.00041237
0.000412895
0.000412668
0.000411576
0.000409576
0.000407445
0.000405592
0.000405593
0.000406796
0.000410331
0.000417818
0.000430855
0.000451349
0.000482473
0.000528877
0.000595018
0.000678889
0.000777969
0.000873359
0.000911071
0.000905914
0.000937723
0.00159987
0.00439284
0.00999201
0.000409537
0.000632168
0.000803409
0.000832394
0.000807531
0.000734873
0.000630169
0.000543619
0.000480704
0.000444116
0.000426909
0.000418324
0.000413579
0.000411361
0.0004102
0.000410124
0.000410359
0.000410832
0.00041103
0.000410825
0.000410342
0.000410411
0.000411153
0.000413271
0.000417814
0.000426165
0.000439723
0.000460607
0.000491843
0.000537794
0.000599471
0.000679431
0.000771421
0.000856717
0.000878397
0.000860422
0.000875018
0.00153129
0.00448027
0.010197
0.000269464
0.000498895
0.00072249
0.000799009
0.000798416
0.000767784
0.000691116
0.000603625
0.000533332
0.0004807
0.000450698
0.000433423
0.000423146
0.000417081
0.000413742
0.000412279
0.000411891
0.000412055
0.000412419
0.000413016
0.000413584
0.000414651
0.000416538
0.000419851
0.000425505
0.000434569
0.000448695
0.000469603
0.000500624
0.000542769
0.000600155
0.000671319
0.000750911
0.000821738
0.000827526
0.000798987
0.00080526
0.0014658
0.00454313
0.010407
0.000183954
0.000389885
0.000626357
0.000749211
0.000781756
0.000773987
0.000743297
0.00067886
0.000611347
0.000553809
0.000506792
0.000472688
0.000451713
0.000438064
0.000429302
0.000423919
0.000420857
0.000419342
0.00041886
0.000419113
0.000419833
0.000421272
0.000423674
0.000427571
0.000433852
0.000443319
0.000457499
0.000477537
0.000505906
0.000543444
0.000592063
0.000649463
0.000711761
0.000761711
0.000757143
0.00072423
0.000751204
0.00142861
0.00457254
0.010627
0.00016914
0.000324843
0.000528854
0.000673701
0.000747664
0.000775443
0.000769401
0.000745859
0.000698172
0.000645013
0.000595015
0.000551745
0.000517213
0.000492143
0.000473927
0.000460731
0.000451319
0.000444835
0.000440481
0.000437879
0.000436616
0.000436899
0.000438115
0.000440931
0.000446479
0.000454841
0.000467183
0.000484086
0.000506991
0.000535553
0.000570107
0.000609773
0.000650219
0.000678903
0.000675969
0.000669443
0.000728491
0.00141627
0.00458576
0.0108767
0.000179394
0.000292765
0.000456829
0.000608734
0.0007148
0.000781514
0.000818029
0.00082386
0.00081269
0.000785544
0.000744069
0.000701654
0.000658689
0.000618642
0.000584066
0.000555431
0.000532214
0.000513815
0.00049928
0.000488265
0.000479803
0.000474348
0.000470404
0.000469998
0.000471193
0.000474475
0.000481234
0.000491203
0.000504895
0.000522056
0.00054517
0.000570486
0.000596321
0.000625685
0.000638242
0.000651684
0.000758127
0.00153846
0.00477319
0.0111911
0.000246876
0.00030778
0.000427719
0.000566072
0.000700876
0.000799882
0.000864453
0.000907847
0.000925284
0.00092044
0.000903445
0.000869226
0.000827544
0.000783066
0.000739119
0.000698018
0.000660699
0.000628262
0.000599475
0.000576532
0.000557919
0.00054354
0.000532261
0.000524123
0.000518947
0.000515765
0.000516069
0.000517961
0.000522622
0.000531744
0.000544303
0.00056234
0.000585518
0.000619822
0.000663567
0.000758877
0.00103053
0.00203651
0.00535936
0.0116458
0.000482317
0.000383813
0.000515981
0.00065053
0.000778208
0.000884798
0.000965466
0.00101501
0.00104039
0.00103858
0.00102943
0.00100848
0.000977875
0.000943741
0.000909078
0.000876301
0.000845975
0.000819226
0.000796692
0.000777893
0.000761732
0.000750782
0.000742367
0.000740761
0.000742783
0.000748572
0.000760436
0.000779924
0.00080551
0.000840702
0.000884682
0.000944701
0.00102546
0.00114121
0.00130707
0.0015557
0.0020282
0.00328092
0.00645261
0.0123126
0.00133613
0.00163323
0.00218121
0.00244025
0.00257105
0.00263511
0.00266885
0.00266218
0.00264587
0.00261589
0.00258864
0.0025669
0.00255011
0.00253723
0.00253265
0.00253451
0.00254098
0.00255525
0.00257754
0.0026074
0.00264342
0.00268776
0.00273866
0.00279918
0.002867
0.00294683
0.00303335
0.00313675
0.0032448
0.00337867
0.00351147
0.00368896
0.00384705
0.00409784
0.00437648
0.00480024
0.00530806
0.00652562
0.00876308
0.0134418
0.00910875
0.0140916
0.0169773
0.0180896
0.0184772
0.0184718
0.0183691
0.0181313
0.0178137
0.0174806
0.0171526
0.016841
0.0165512
0.0162842
0.0160399
0.0158169
0.0156134
0.0154275
0.0152581
0.0151038
0.0149635
0.0148364
0.0147215
0.0146183
0.0145261
0.0144446
0.0143733
0.0143117
0.0142601
0.0142175
0.0141872
0.0141662
0.0141678
0.0141739
0.0141921
0.0142344
0.0143429
0.0144974
0.0153474
0.0148988
)
;

boundaryField
{
    movingWall
    {
        type            kqRWallFunction;
        value           nonuniform List<scalar> 
40
(
0.00910875
0.0140916
0.0169773
0.0180896
0.0184772
0.0184718
0.0183691
0.0181313
0.0178137
0.0174806
0.0171526
0.016841
0.0165512
0.0162842
0.0160399
0.0158169
0.0156134
0.0154275
0.0152581
0.0151038
0.0149635
0.0148364
0.0147215
0.0146183
0.0145261
0.0144446
0.0143733
0.0143117
0.0142601
0.0142175
0.0141872
0.0141662
0.0141678
0.0141739
0.0141921
0.0142344
0.0143429
0.0144974
0.0153474
0.0148988
)
;
    }
    fixedWalls
    {
        type            kqRWallFunction;
        value           nonuniform List<scalar> 
120
(
7.94718e-05
0.000131261
0.000216962
0.000301738
0.000359704
0.000393243
0.00041064
0.000432334
0.000506999
0.00065793
0.00082429
0.000994468
0.00116414
0.00133223
0.00149407
0.00165199
0.00180214
0.00194049
0.00206367
0.00216635
0.00223674
0.00224909
0.00222851
0.00216814
0.00204494
0.0018699
0.00165054
0.00139597
0.00112267
0.000851595
0.000606971
0.000409537
0.000269464
0.000183954
0.00016914
0.000179394
0.000246876
0.000482317
0.00133613
0.00910875
0.000242651
0.000274942
0.000328987
0.000377906
0.00041261
0.000455028
0.000513809
0.000597945
0.000695665
0.000930244
0.00150114
0.00233359
0.00326832
0.00417794
0.0050006
0.0057185
0.00632715
0.00683672
0.00725852
0.00760604
0.00789898
0.00815464
0.00838559
0.00860064
0.00880633
0.00900587
0.00920256
0.00939794
0.00959385
0.00979135
0.00999201
0.010197
0.010407
0.010627
0.0108767
0.0111911
0.0116458
0.0123126
0.0134418
0.0148988
7.94718e-05
9.70987e-05
0.000128152
0.000158907
0.000182016
0.000196574
0.000209373
0.000222471
0.000236244
0.000262531
0.000343746
0.000577774
0.000920795
0.00135719
0.00182501
0.0022659
0.00264857
0.0029503
0.00316195
0.00326709
0.00330571
0.00330608
0.0032122
0.00308548
0.00291421
0.00273144
0.00252268
0.00231037
0.00209208
0.00188368
0.001662
0.00142207
0.00117223
0.000999837
0.00091095
0.000851737
0.000776764
0.000637606
0.000420049
0.000242651
)
;
    }
    frontAndBack
    {
        type            empty;
    }
}


// ************************************************************************* //
