/*--------------------------------*- C++ -*----------------------------------*\
| =========                 |                                                 |
| \\      /  F ield         | OpenFOAM: The Open Source CFD Toolbox           |
|  \\    /   O peration     | Version:  2412                                  |
|   \\  /    A nd           | Website:  www.openfoam.com                      |
|    \\/     M anipulation  |                                                 |
\*---------------------------------------------------------------------------*/
FoamFile
{
    version     2.0;
    format      ascii;
    arch        "LSB;label=32;scalar=64";
    class       surfaceScalarField;
    location    "3.75";
    object      phi;
}
// * * * * * * * * * * * * * * * * * * * * * * * * * * * * * * * * * * * * * //

dimensions      [0 3 -1 0 0 0 0];

oriented        oriented;

internalField   nonuniform List<scalar> 
3120
(
5.25062e-08
-5.25092e-08
1.25708e-07
-7.32024e-08
1.83541e-07
-5.78329e-08
2.12177e-07
-2.8636e-08
2.17471e-07
-5.29395e-09
2.11138e-07
6.33244e-09
1.97907e-07
1.32308e-08
1.7035e-07
2.75571e-08
1.19701e-07
5.06493e-08
3.43524e-08
8.53482e-08
-1.04132e-07
1.38484e-07
-3.12063e-07
2.07932e-07
-6.04183e-07
2.9212e-07
-9.74482e-07
3.70299e-07
-1.39827e-06
4.23785e-07
-1.84799e-06
4.49724e-07
-2.29427e-06
4.46283e-07
-2.70897e-06
4.147e-07
-3.06885e-06
3.59878e-07
-3.35831e-06
2.89459e-07
-3.56935e-06
2.11037e-07
-3.6998e-06
1.30453e-07
-3.75018e-06
5.03827e-08
-3.71975e-06
-3.04319e-08
-3.60505e-06
-1.14698e-07
-3.40148e-06
-2.0357e-07
-3.10454e-06
-2.96945e-07
-2.71335e-06
-3.91187e-07
-2.23477e-06
-4.78585e-07
-1.68643e-06
-5.48332e-07
-1.10023e-06
-5.86202e-07
-5.23532e-07
-5.76699e-07
-1.44034e-08
-5.09129e-07
3.83007e-07
-3.9741e-07
6.19897e-07
-2.3689e-07
6.87366e-07
-6.74697e-08
5.91455e-07
9.59114e-08
3.868e-07
2.04655e-07
1.64421e-07
2.22379e-07
1.64421e-07
8.40845e-08
-1.36594e-07
1.82793e-07
-1.71911e-07
2.49043e-07
-1.24083e-07
2.70172e-07
-4.97649e-08
2.49555e-07
1.53225e-08
1.92537e-07
6.33506e-08
9.84225e-08
1.07345e-07
-5.12831e-08
1.77263e-07
-2.80287e-07
2.79654e-07
-6.06785e-07
4.11846e-07
-1.0322e-06
5.63898e-07
-1.53724e-06
7.12977e-07
-2.08248e-06
8.37351e-07
-2.62748e-06
9.15301e-07
-3.14305e-06
9.39361e-07
-3.60398e-06
9.10652e-07
-3.99467e-06
8.36973e-07
-4.31073e-06
7.30759e-07
-4.55555e-06
6.04693e-07
-4.73452e-06
4.68434e-07
-4.8523e-06
3.28819e-07
-4.91011e-06
1.8826e-07
-4.90318e-06
4.34495e-08
-4.82699e-06
-1.06623e-07
-4.67554e-06
-2.66149e-07
-4.44412e-06
-4.34985e-07
-4.12815e-06
-6.1292e-07
-3.72403e-06
-7.95304e-07
-3.23206e-06
-9.70554e-07
-2.66129e-06
-1.1191e-06
-2.03409e-06
-1.2134e-06
-1.38815e-06
-1.22263e-06
-7.72845e-07
-1.12444e-06
-2.51481e-07
-9.18774e-07
1.38376e-07
-6.26747e-07
3.65667e-07
-2.94761e-07
4.33005e-07
2.85737e-08
3.49588e-07
2.88071e-07
1.70339e-07
4.01629e-07
3.3476e-07
9.59527e-08
-2.32547e-07
1.74733e-07
-2.50691e-07
2.03574e-07
-1.52924e-07
1.78149e-07
-2.43403e-08
9.73718e-08
9.60995e-08
-4.89819e-08
2.09704e-07
-2.81595e-07
3.39958e-07
-6.12332e-07
5.08e-07
-1.04601e-06
7.13335e-07
-1.56836e-06
9.34191e-07
-2.14587e-06
1.14141e-06
-2.73507e-06
1.30218e-06
-3.29067e-06
1.39295e-06
-3.78296e-06
1.40759e-06
-4.19774e-06
1.35414e-06
-4.53357e-06
1.24648e-06
-4.79864e-06
1.10204e-06
-5.00434e-06
9.36466e-07
-5.16081e-06
7.61154e-07
-5.27481e-06
5.82437e-07
-5.34782e-06
4.01829e-07
-5.37822e-06
2.18666e-07
-5.36512e-06
3.03503e-08
-5.3069e-06
-1.64849e-07
-5.19724e-06
-3.75805e-07
-5.02619e-06
-6.06041e-07
-4.78431e-06
-8.548e-07
-4.46243e-06
-1.11718e-06
-4.05186e-06
-1.38112e-06
-3.54853e-06
-1.62244e-06
-2.95782e-06
-1.80411e-06
-2.3014e-06
-1.87905e-06
-1.62272e-06
-1.80312e-06
-9.87473e-07
-1.55402e-06
-4.61928e-07
-1.15229e-06
-9.12586e-08
-6.6543e-07
1.14802e-07
-1.77487e-07
1.59127e-07
2.43746e-07
9.1529e-08
4.69226e-07
4.26289e-07
8.08414e-08
-3.13388e-07
1.10512e-07
-2.80362e-07
7.16411e-08
-1.14053e-07
-3.07469e-08
7.80477e-08
-2.05699e-07
2.71051e-07
-4.72638e-07
4.76643e-07
-8.45804e-07
7.13124e-07
-1.32337e-06
9.85569e-07
-1.88336e-06
1.27333e-06
-2.48303e-06
1.53386e-06
-3.0683e-06
1.72668e-06
-3.59497e-06
1.82885e-06
-4.03922e-06
1.83719e-06
-4.39634e-06
1.76472e-06
-4.67293e-06
1.63072e-06
-4.8837e-06
1.45726e-06
-5.04392e-06
1.26226e-06
-5.16559e-06
1.05814e-06
-5.25639e-06
8.51954e-07
-5.32114e-06
6.47185e-07
-5.36368e-06
4.44372e-07
-5.38496e-06
2.39947e-07
-5.38085e-06
2.62391e-08
-5.35173e-06
-1.93969e-07
-5.29519e-06
-4.32346e-07
-5.20659e-06
-6.94644e-07
-5.07618e-06
-9.85212e-07
-4.88828e-06
-1.30508e-06
-4.62308e-06
-1.64632e-06
-4.2595e-06
-1.98602e-06
-3.7815e-06
-2.2821e-06
-3.18617e-06
-2.47438e-06
-2.49529e-06
-2.494e-06
-1.76541e-06
-2.2839e-06
-1.08495e-06
-1.83275e-06
-5.44329e-07
-1.20605e-06
-1.90569e-07
-5.31247e-07
-1.34297e-08
6.66074e-08
2.06707e-08
4.35126e-07
4.4696e-07
3.79812e-08
-3.51369e-07
-5.79221e-09
-2.36589e-07
-1.22206e-07
2.36093e-09
-3.10524e-07
2.66365e-07
-5.881e-07
5.48627e-07
-9.69284e-07
8.57828e-07
-1.45444e-06
1.19828e-06
-2.01788e-06
1.549e-06
-2.60814e-06
1.86359e-06
-3.16895e-06
2.09467e-06
-3.65693e-06
2.21466e-06
-4.0506e-06
2.22251e-06
-4.34885e-06
2.13545e-06
-4.56364e-06
1.9795e-06
-4.71321e-06
1.78029e-06
-4.81496e-06
1.55901e-06
-4.88201e-06
1.32931e-06
-4.92351e-06
1.09964e-06
-4.94585e-06
8.74295e-07
-4.95316e-06
6.54493e-07
-4.94748e-06
4.38689e-07
-4.93231e-06
2.24776e-07
-4.91542e-06
9.34804e-09
-4.8966e-06
-2.1279e-07
-4.87797e-06
-4.50972e-07
-4.85904e-06
-7.13577e-07
-4.83409e-06
-1.01015e-06
-4.79071e-06
-1.34847e-06
-4.70692e-06
-1.7301e-06
-4.5495e-06
-2.14344e-06
-4.27744e-06
-2.55416e-06
-3.85346e-06
-2.89837e-06
-3.26246e-06
-3.085e-06
-2.52916e-06
-3.01721e-06
-1.73302e-06
-2.62889e-06
-1.00239e-06
-1.93668e-06
-4.58254e-07
-1.07538e-06
-1.38151e-07
-2.53495e-07
-1.36546e-08
3.10629e-07
4.33305e-07
-2.99124e-08
-3.21457e-07
-1.52004e-07
-1.14497e-07
-3.46742e-07
1.97099e-07
-6.22803e-07
5.42426e-07
-9.94272e-07
9.20097e-07
-1.46392e-06
1.32748e-06
-2.00797e-06
1.74232e-06
-2.57514e-06
2.11617e-06
-3.10677e-06
2.39522e-06
-3.55744e-06
2.54534e-06
-3.90543e-06
2.56265e-06
-4.15065e-06
2.46774e-06
-4.30824e-06
2.29304e-06
-4.39848e-06
2.06974e-06
-4.44076e-06
1.82257e-06
-4.44963e-06
1.56789e-06
-4.43586e-06
1.31554e-06
-4.40737e-06
1.07115e-06
-4.37018e-06
8.37106e-07
-4.32911e-06
6.13428e-07
-4.28883e-06
3.98402e-07
-4.25282e-06
1.88763e-07
-4.22319e-06
-2.02781e-08
-4.20068e-06
-2.35297e-07
-4.19008e-06
-4.61576e-07
-4.19606e-06
-7.07596e-07
-4.22175e-06
-9.84464e-07
-4.26578e-06
-1.30444e-06
-4.31706e-06
-1.67883e-06
-4.34811e-06
-2.11239e-06
-4.31044e-06
-2.59184e-06
-4.13838e-06
-3.07042e-06
-3.76761e-06
-3.45577e-06
-3.1679e-06
-3.61692e-06
-2.37489e-06
-3.42189e-06
-1.5085e-06
-2.80308e-06
-7.52067e-07
-1.83181e-06
-2.50191e-07
-7.55371e-07
-3.10512e-08
9.14894e-08
4.02254e-07
-1.06776e-07
-2.14681e-07
-3.07934e-07
8.66614e-08
-5.77935e-07
4.67099e-07
-9.30609e-07
8.951e-07
-1.37297e-06
1.36246e-06
-1.88645e-06
1.84096e-06
-2.42439e-06
2.28026e-06
-2.9288e-06
2.62058e-06
-3.35131e-06
2.81773e-06
-3.66571e-06
2.85974e-06
-3.8713e-06
2.76824e-06
-3.98496e-06
2.58141e-06
-4.02998e-06
2.33806e-06
-4.02806e-06
2.06781e-06
-3.99642e-06
1.79094e-06
-3.94795e-06
1.51941e-06
-3.89207e-06
1.25965e-06
-3.8351e-06
1.01418e-06
-3.78071e-06
7.82712e-07
-3.73043e-06
5.63151e-07
-3.68426e-06
3.52235e-07
-3.64143e-06
1.45929e-07
-3.60184e-06
-5.98678e-08
-3.56779e-06
-2.6935e-07
-3.54325e-06
-4.86108e-07
-3.53477e-06
-7.16085e-07
-3.55145e-06
-9.67775e-07
-3.60288e-06
-1.25301e-06
-3.69419e-06
-1.58751e-06
-3.81782e-06
-1.98877e-06
-3.94201e-06
-2.46764e-06
-4.0019e-06
-3.01054e-06
-3.90333e-06
-3.55434e-06
-3.55259e-06
-3.96766e-06
-2.90941e-06
-4.06507e-06
-2.03785e-06
-3.67465e-06
-1.12291e-06
-2.74674e-06
-4.12644e-07
-1.46564e-06
-5.73382e-08
-2.63817e-07
3.44916e-07
-1.84363e-07
-3.03174e-08
-4.53012e-07
3.5531e-07
-7.87508e-07
8.01596e-07
-1.19905e-06
1.30664e-06
-1.67736e-06
1.84078e-06
-2.18421e-06
2.3478e-06
-2.66592e-06
2.76197e-06
-3.07162e-06
3.02628e-06
-3.36869e-06
3.1148e-06
-3.5524e-06
3.04345e-06
-3.64016e-06
2.856e-06
-3.658e-06
2.59924e-06
-3.6307e-06
2.31076e-06
-3.57849e-06
2.0156e-06
-3.51626e-06
1.72871e-06
-3.45419e-06
1.45735e-06
-3.3981e-06
1.20356e-06
-3.34991e-06
9.6599e-07
-3.30865e-06
7.41455e-07
-3.27166e-06
5.26159e-07
-3.2357e-06
3.16273e-07
-3.19822e-06
1.08453e-07
-3.15829e-06
-9.98e-08
-3.11701e-06
-3.10629e-07
-3.07687e-06
-5.26249e-07
-3.0432e-06
-7.49759e-07
-3.02525e-06
-9.85727e-07
-3.03632e-06
-1.24194e-06
-3.09215e-06
-1.53169e-06
-3.20532e-06
-1.87559e-06
-3.37313e-06
-2.29983e-06
-3.55941e-06
-2.82427e-06
-3.67961e-06
-3.43414e-06
-3.60766e-06
-4.0396e-06
-3.22307e-06
-4.44966e-06
-2.4921e-06
-4.40562e-06
-1.53705e-06
-3.70179e-06
-6.4194e-07
-2.36075e-06
-1.12576e-07
-7.93181e-07
2.3234e-07
-2.47395e-07
2.17078e-07
-5.72906e-07
6.8082e-07
-9.56613e-07
1.1853e-06
-1.39909e-06
1.74912e-06
-1.87415e-06
2.31584e-06
-2.33681e-06
2.81046e-06
-2.73607e-06
3.16124e-06
-3.03246e-06
3.32267e-06
-3.21313e-06
3.29547e-06
-3.29336e-06
3.12369e-06
-3.30101e-06
2.86365e-06
-3.26411e-06
2.56234e-06
-3.20568e-06
2.25234e-06
-3.1426e-06
1.95252e-06
-3.08552e-06
1.67163e-06
-3.03956e-06
1.41139e-06
-3.00522e-06
1.16923e-06
-2.9799e-06
9.40672e-07
-2.95948e-06
7.21033e-07
-2.9396e-06
5.06277e-07
-2.9166e-06
2.9327e-07
-2.88809e-06
7.99481e-08
-2.85296e-06
-1.34933e-07
-2.81125e-06
-3.52337e-07
-2.76424e-06
-5.73258e-07
-2.71519e-06
-7.98808e-07
-2.67022e-06
-1.0307e-06
-2.63954e-06
-1.27261e-06
-2.63886e-06
-1.53236e-06
-2.689e-06
-1.82546e-06
-2.80963e-06
-2.17919e-06
-3.0024e-06
-2.6315e-06
-3.22362e-06
-3.21292e-06
-3.36276e-06
-3.90046e-06
-3.25817e-06
-4.55425e-06
-2.77442e-06
-4.88937e-06
-1.92018e-06
-4.55603e-06
-9.27529e-07
-3.35339e-06
-2.02664e-07
-1.51805e-06
2.96756e-08
-2.9587e-07
5.12947e-07
-6.59716e-07
1.04467e-06
-1.06987e-06
1.59546e-06
-1.51239e-06
2.19164e-06
-1.95553e-06
2.75898e-06
-2.35379e-06
3.20872e-06
-2.66264e-06
3.47008e-06
-2.85791e-06
3.51794e-06
-2.94783e-06
3.3854e-06
-2.96017e-06
3.13603e-06
-2.92551e-06
2.82898e-06
-2.86984e-06
2.50667e-06
-2.81202e-06
2.19452e-06
-2.76355e-06
1.90404e-06
-2.72926e-06
1.63734e-06
-2.70885e-06
1.39098e-06
-2.69884e-06
1.15922e-06
-2.69447e-06
9.36305e-07
-2.69103e-06
7.1759e-07
-2.68453e-06
4.99772e-07
-2.67202e-06
2.80765e-07
-2.65163e-06
5.95543e-08
-2.62227e-06
-1.64285e-07
-2.58365e-06
-3.90965e-07
-2.53637e-06
-6.20536e-07
-2.48228e-06
-8.52891e-07
-2.42487e-06
-1.08811e-06
-2.37023e-06
-1.32726e-06
-2.32884e-06
-1.57375e-06
-2.318e-06
-1.8363e-06
-2.3627e-06
-2.1345e-06
-2.48863e-06
-2.50557e-06
-2.69849e-06
-3.00307e-06
-2.93271e-06
-3.66624e-06
-3.04378e-06
-4.44318e-06
-2.83518e-06
-5.09797e-06
-2.18827e-06
-5.20294e-06
-1.21594e-06
-4.32572e-06
-3.19223e-07
-2.41477e-06
-2.89547e-07
-3.23213e-07
8.3616e-07
-7.06864e-07
1.42832e-06
-1.11888e-06
2.00747e-06
-1.53865e-06
2.6114e-06
-1.93341e-06
3.15375e-06
-2.2599e-06
3.53521e-06
-2.48337e-06
3.69355e-06
-2.59862e-06
3.63319e-06
-2.62893e-06
3.41571e-06
-2.60621e-06
3.11332e-06
-2.55918e-06
2.78194e-06
-2.50925e-06
2.45675e-06
-2.46939e-06
2.15466e-06
-2.44501e-06
1.87965e-06
-2.43575e-06
1.62808e-06
-2.43792e-06
1.39315e-06
-2.4466e-06
1.16789e-06
-2.45701e-06
9.46717e-07
-2.46515e-06
7.25737e-07
-2.46794e-06
5.02556e-07
-2.46313e-06
2.75959e-07
-2.44921e-06
4.56359e-08
-2.42524e-06
-1.88258e-07
-2.39086e-06
-4.25342e-07
-2.34642e-06
-6.64983e-07
-2.29299e-06
-9.06314e-07
-2.23257e-06
-1.14854e-06
-2.16852e-06
-1.39131e-06
-2.10677e-06
-1.6355e-06
-2.05807e-06
-1.88499e-06
-2.04157e-06
-2.151e-06
-2.08669e-06
-2.46045e-06
-2.22359e-06
-2.86617e-06
-2.44837e-06
-3.44146e-06
-2.66955e-06
-4.22199e-06
-2.68994e-06
-5.07758e-06
-2.29583e-06
-5.59705e-06
-1.45102e-06
-5.17053e-06
-4.67347e-07
-3.39844e-06
-7.56894e-07
-3.29543e-07
1.1657e-06
-7.12801e-07
1.81158e-06
-1.10705e-06
2.40172e-06
-1.48946e-06
2.99381e-06
-1.82827e-06
3.49255e-06
-2.085e-06
3.79194e-06
-2.23776e-06
3.84632e-06
-2.29823e-06
3.69366e-06
-2.2965e-06
3.41398e-06
-2.26332e-06
3.08013e-06
-2.22291e-06
2.74154e-06
-2.19071e-06
2.42455e-06
-2.17362e-06
2.13757e-06
-2.17211e-06
1.87814e-06
-2.18282e-06
1.6388e-06
-2.201e-06
1.41133e-06
-2.222e-06
1.18889e-06
-2.24188e-06
9.66598e-07
-2.25754e-06
7.41394e-07
-2.2666e-06
5.11616e-07
-2.26731e-06
2.76675e-07
-2.25843e-06
3.67568e-08
-2.23918e-06
-2.07509e-07
-2.20925e-06
-4.55273e-07
-2.16885e-06
-7.05388e-07
-2.11866e-06
-9.56501e-07
-2.0599e-06
-1.20729e-06
-1.99454e-06
-1.45668e-06
-1.92581e-06
-1.70422e-06
-1.85965e-06
-1.95116e-06
-1.80759e-06
-2.20306e-06
-1.79173e-06
-2.47631e-06
-1.84688e-06
-2.81101e-06
-2.00418e-06
-3.28416e-06
-2.23782e-06
-3.98836e-06
-2.40036e-06
-4.91504e-06
-2.24154e-06
-5.75587e-06
-1.58992e-06
-5.82215e-06
-6.22284e-07
-4.36607e-06
-1.37918e-06
-3.1715e-07
1.48285e-06
-6.82198e-07
2.17662e-06
-1.04484e-06
2.76436e-06
-1.38168e-06
3.33065e-06
-1.6635e-06
3.77437e-06
-1.85849e-06
3.98692e-06
-1.95918e-06
3.94701e-06
-1.9874e-06
3.72187e-06
-1.97387e-06
3.40045e-06
-1.94533e-06
3.05159e-06
-1.92033e-06
2.71654e-06
-1.90833e-06
2.41254e-06
-1.91142e-06
2.14067e-06
-1.92722e-06
1.89393e-06
-1.95144e-06
1.66302e-06
-1.97967e-06
1.43956e-06
-2.00809e-06
1.21731e-06
-2.03365e-06
9.92164e-07
-2.05396e-06
7.61695e-07
-2.06713e-06
5.24795e-07
-2.07179e-06
2.81329e-07
-2.0669e-06
3.18656e-08
-2.05185e-06
-2.22554e-07
-2.02639e-06
-4.80734e-07
-1.99062e-06
-7.41154e-07
-1.94499e-06
-1.00214e-06
-1.89024e-06
-1.26204e-06
-1.82759e-06
-1.51933e-06
-1.75893e-06
-1.77288e-06
-1.68752e-06
-2.02258e-06
-1.6197e-06
-2.27087e-06
-1.56901e-06
-2.527e-06
-1.56247e-06
-2.81755e-06
-1.64057e-06
-3.20606e-06
-1.82516e-06
-3.80377e-06
-2.04032e-06
-4.69988e-06
-2.05933e-06
-5.73685e-06
-1.61992e-06
-6.26156e-06
-7.34902e-07
-5.25109e-06
-2.11408e-06
-2.89386e-07
1.77224e-06
-6.22747e-07
2.50998e-06
-9.44915e-07
3.08653e-06
-1.23267e-06
3.6184e-06
-1.46069e-06
4.00239e-06
-1.6055e-06
4.13173e-06
-1.67143e-06
4.01294e-06
-1.68407e-06
3.73451e-06
-1.67121e-06
3.38759e-06
-1.65432e-06
3.03471e-06
-1.64623e-06
2.70845e-06
-1.65157e-06
2.41787e-06
-1.6695e-06
2.1586e-06
-1.69658e-06
1.92101e-06
-1.72879e-06
1.69523e-06
-1.76253e-06
1.47329e-06
-1.79483e-06
1.24961e-06
-1.82333e-06
1.02067e-06
-1.84615e-06
7.84515e-07
-1.86181e-06
5.40456e-07
-1.86921e-06
2.88725e-07
-1.86754e-06
3.01983e-08
-1.85636e-06
-2.3374e-07
-1.83544e-06
-5.01651e-07
-1.80483e-06
-7.71768e-07
-1.76474e-06
-1.04223e-06
-1.7156e-06
-1.31118e-06
-1.65811e-06
-1.57682e-06
-1.59338e-06
-1.83761e-06
-1.52328e-06
-2.09268e-06
-1.45131e-06
-2.34284e-06
-1.38513e-06
-2.59319e-06
-1.34221e-06
-2.86048e-06
-1.35713e-06
-3.19114e-06
-1.47219e-06
-3.68871e-06
-1.67435e-06
-4.49772e-06
-1.79844e-06
-5.61276e-06
-1.55142e-06
-6.50857e-06
-7.96607e-07
-6.00591e-06
-2.91069e-06
-2.50174e-07
2.02241e-06
-5.42577e-07
2.80239e-06
-8.19235e-07
3.36319e-06
-1.05781e-06
3.85698e-06
-1.23758e-06
4.18216e-06
-1.34408e-06
4.23824e-06
-1.38872e-06
4.05758e-06
-1.39641e-06
3.7422e-06
-1.39029e-06
3.38147e-06
-1.38642e-06
3.03083e-06
-1.39272e-06
2.71475e-06
-1.41059e-06
2.43575e-06
-1.43786e-06
2.18587e-06
-1.47114e-06
1.95429e-06
-1.50711e-06
1.7312e-06
-1.54298e-06
1.50916e-06
-1.57649e-06
1.28312e-06
-1.6058e-06
1.04999e-06
-1.62945e-06
8.08165e-07
-1.64629e-06
5.57292e-07
-1.65548e-06
2.97916e-07
-1.65645e-06
3.11721e-08
-1.6489e-06
-2.41296e-07
-1.63266e-06
-5.17888e-07
-1.60772e-06
-7.96711e-07
-1.57411e-06
-1.07584e-06
-1.53194e-06
-1.35334e-06
-1.48149e-06
-1.62727e-06
-1.4233e-06
-1.89579e-06
-1.35845e-06
-2.15753e-06
-1.28896e-06
-2.41232e-06
-1.21919e-06
-2.66296e-06
-1.15959e-06
-2.92008e-06
-1.13457e-06
-3.21616e-06
-1.18695e-06
-3.63633e-06
-1.34284e-06
-4.34184e-06
-1.50777e-06
-5.44783e-06
-1.41046e-06
-6.60589e-06
-8.08639e-07
-6.60773e-06
-3.71933e-06
-2.03398e-07
2.22581e-06
-4.48897e-07
3.04789e-06
-6.77755e-07
3.59205e-06
-8.69359e-07
4.04858e-06
-1.00726e-06
4.32006e-06
-1.08543e-06
4.31641e-06
-1.11788e-06
4.09003e-06
-1.12628e-06
3.7506e-06
-1.12858e-06
3.38377e-06
-1.13591e-06
3.03817e-06
-1.15255e-06
2.73139e-06
-1.17809e-06
2.46128e-06
-1.21005e-06
2.21783e-06
-1.24555e-06
1.9898e-06
-1.28205e-06
1.7677e-06
-1.31746e-06
1.54457e-06
-1.35007e-06
1.31574e-06
-1.3785e-06
1.07841e-06
-1.40161e-06
8.3128e-07
-1.41858e-06
5.74257e-07
-1.42883e-06
3.08162e-07
-1.432e-06
3.43494e-08
-1.42794e-06
-2.45364e-07
-1.41654e-06
-5.29284e-07
-1.39774e-06
-8.15506e-07
-1.37143e-06
-1.10215e-06
-1.33745e-06
-1.38733e-06
-1.29566e-06
-1.66905e-06
-1.24615e-06
-1.9453e-06
-1.18937e-06
-2.21432e-06
-1.12647e-06
-2.47522e-06
-1.06007e-06
-2.72937e-06
-9.96345e-07
-2.9838e-06
-9.51197e-07
-3.26131e-06
-9.59462e-07
-3.62807e-06
-1.06322e-06
-4.23808e-06
-1.22603e-06
-5.28502e-06
-1.22832e-06
-6.60359e-06
-7.81891e-07
-7.05416e-06
-4.50122e-06
-1.52184e-07
2.378e-06
-3.47434e-07
3.24313e-06
-5.28143e-07
3.77276e-06
-6.76209e-07
4.19664e-06
-7.77996e-07
4.42185e-06
-8.35233e-07
4.37365e-06
-8.60889e-07
4.11568e-06
-8.72164e-07
3.76187e-06
-8.81984e-07
3.39359e-06
-8.97408e-07
3.05359e-06
-9.20239e-07
2.75422e-06
-9.4926e-07
2.4903e-06
-9.82233e-07
2.2508e-06
-1.01693e-06
2.02449e-06
-1.05148e-06
1.80226e-06
-1.08441e-06
1.5775e-06
-1.11448e-06
1.3458e-06
-1.14066e-06
1.10459e-06
-1.16218e-06
8.52799e-07
-1.17849e-06
5.90566e-07
-1.18926e-06
3.18938e-07
-1.19436e-06
3.94429e-08
-1.19371e-06
-2.46008e-07
-1.18731e-06
-5.35688e-07
-1.17505e-06
-8.2777e-07
-1.15668e-06
-1.12052e-06
-1.13184e-06
-1.41217e-06
-1.10006e-06
-1.70083e-06
-1.06099e-06
-1.98438e-06
-1.01454e-06
-2.26077e-06
-9.61263e-07
-2.52849e-06
-9.02764e-07
-2.78786e-06
-8.42944e-07
-3.04362e-06
-7.9188e-07
-3.31237e-06
-7.74935e-07
-3.64501e-06
-8.35502e-07
-4.17751e-06
-9.75841e-07
-5.14468e-06
-1.03315e-06
-6.54628e-06
-7.28925e-07
-7.35839e-06
-5.23014e-06
-9.89298e-08
2.47693e-06
-2.42432e-07
3.38664e-06
-3.76652e-07
3.90698e-06
-4.83617e-07
4.30361e-06
-5.53951e-07
4.49218e-06
-5.9531e-07
4.41501e-06
-6.16925e-07
4.1373e-06
-6.31144e-07
3.77609e-06
-6.46417e-07
3.40886e-06
-6.6663e-07
3.07381e-06
-6.92056e-07
2.77965e-06
-7.2127e-07
2.51952e-06
-7.52466e-07
2.282e-06
-7.84055e-07
2.05608e-06
-8.14789e-07
1.83299e-06
-8.43676e-07
1.60638e-06
-8.69906e-07
1.37203e-06
-8.92833e-07
1.12752e-06
-9.11999e-07
8.71965e-07
-9.27129e-07
6.05696e-07
-9.38121e-07
3.2993e-07
-9.44989e-07
4.63107e-08
-9.47774e-07
-2.43224e-07
-9.46497e-07
-5.36964e-07
-9.41034e-07
-8.33233e-07
-9.31058e-07
-1.13049e-06
-9.16029e-07
-1.4272e-06
-8.95242e-07
-1.72161e-06
-8.6797e-07
-2.01165e-06
-8.33689e-07
-2.29505e-06
-7.9239e-07
-2.56979e-06
-7.44996e-07
-2.83526e-06
-6.94136e-07
-3.09448e-06
-6.46487e-07
-3.36002e-06
-6.19814e-07
-3.67168e-06
-6.51726e-07
-4.1456e-06
-7.65952e-07
-5.03045e-06
-8.44815e-07
-6.46742e-06
-6.57745e-07
-7.54546e-06
-5.88789e-06
-4.49601e-08
2.52189e-06
-1.3662e-07
3.4783e-06
-2.26536e-07
3.9969e-06
-2.94347e-07
4.37142e-06
-3.37599e-07
4.53543e-06
-3.65367e-07
4.44277e-06
-3.83768e-07
4.1557e-06
-3.99921e-07
3.79225e-06
-4.18333e-07
3.42728e-06
-4.40468e-07
3.09594e-06
-4.65683e-07
2.80486e-06
-4.92638e-07
2.54647e-06
-5.20016e-07
2.30938e-06
-5.46816e-07
2.08288e-06
-5.72325e-07
1.8585e-06
-5.96013e-07
1.63007e-06
-6.17484e-07
1.3935e-06
-6.36458e-07
1.1465e-06
-6.52786e-07
8.88293e-07
-6.66443e-07
6.19354e-07
-6.7751e-07
3.40998e-07
-6.86123e-07
5.49234e-08
-6.92384e-07
-2.36962e-07
-6.9634e-07
-5.33009e-07
-6.97841e-07
-8.31732e-07
-6.96504e-07
-1.13183e-06
-6.91681e-07
-1.43203e-06
-6.82497e-07
-1.7308e-06
-6.67967e-07
-2.02618e-06
-6.47207e-07
-2.31581e-06
-6.19742e-07
-2.59726e-06
-5.85922e-07
-2.86908e-06
-5.47596e-07
-3.13281e-06
-5.09616e-07
-3.398e-06
-4.84679e-07
-3.69662e-06
-5.02429e-07
-4.12785e-06
-5.957e-07
-4.93718e-06
-6.78332e-07
-6.38479e-06
-5.72119e-07
-7.65167e-06
-6.46001e-06
9.37496e-09
2.51251e-06
-3.20462e-08
3.51972e-06
-7.92025e-08
4.04405e-06
-1.10523e-07
4.40274e-06
-1.29563e-07
4.55447e-06
-1.44172e-07
4.45738e-06
-1.58892e-07
4.17042e-06
-1.75407e-07
3.80876e-06
-1.94873e-07
3.44674e-06
-2.16754e-07
3.11782e-06
-2.39766e-07
2.82787e-06
-2.62773e-07
2.56948e-06
-2.84933e-07
2.33154e-06
-3.05776e-07
2.10372e-06
-3.25084e-07
1.87781e-06
-3.42779e-07
1.64777e-06
-3.58875e-07
1.4096e-06
-3.7346e-07
1.16108e-06
-3.86676e-07
9.01509e-07
-3.98725e-07
6.31403e-07
-4.09832e-07
3.52105e-07
-4.2022e-07
6.53115e-08
-4.30017e-07
-2.27165e-07
-4.39269e-07
-5.23758e-07
-4.47803e-07
-8.23198e-07
-4.55201e-07
-1.12443e-06
-4.60756e-07
-1.42647e-06
-4.63495e-07
-1.72806e-06
-4.6227e-07
-2.02741e-06
-4.55954e-07
-2.32212e-06
-4.43706e-07
-2.60951e-06
-4.25368e-07
-2.88742e-06
-4.02125e-07
-3.15605e-06
-3.77775e-07
-3.42235e-06
-3.62157e-07
-3.71224e-06
-3.78108e-07
-4.1119e-06
-4.5906e-07
-4.85623e-06
-5.4313e-07
-6.30072e-06
-4.79707e-07
-7.71509e-06
-6.93971e-06
6.114e-08
2.45137e-06
7.05234e-08
3.51033e-06
6.44368e-08
4.05014e-06
6.66757e-08
4.4005e-06
7.13287e-08
4.54982e-06
7.02116e-08
4.4585e-06
6.00565e-08
4.18057e-06
4.47667e-08
3.82405e-06
2.59943e-08
3.46551e-06
6.00255e-09
3.13782e-06
-1.35444e-08
2.84742e-06
-3.15585e-08
2.58749e-06
-4.76481e-08
2.34763e-06
-6.18381e-08
2.11791e-06
-7.43783e-08
1.89035e-06
-8.5632e-08
1.65902e-06
-9.60171e-08
1.41999e-06
-1.05974e-07
1.17104e-06
-1.15935e-07
9.11471e-07
-1.26307e-07
6.41775e-07
-1.37436e-07
3.63233e-07
-1.49603e-07
7.74791e-08
-1.62948e-07
-2.1382e-07
-1.7749e-07
-5.09215e-07
-1.93034e-07
-8.07654e-07
-2.09139e-07
-1.10833e-06
-2.25085e-07
-1.41052e-06
-2.39846e-07
-1.7133e-06
-2.52203e-07
-2.01505e-06
-2.60893e-07
-2.31343e-06
-2.64835e-07
-2.60557e-06
-2.6348e-07
-2.88877e-06
-2.57403e-07
-3.16213e-06
-2.49512e-07
-3.43024e-06
-2.47738e-07
-3.71401e-06
-2.70454e-07
-4.08919e-06
-3.48056e-07
-4.77863e-06
-4.38613e-07
-6.21016e-06
-3.94449e-07
-7.75926e-06
-7.33416e-06
1.12047e-07
2.33932e-06
1.70549e-07
3.45183e-06
2.03769e-07
4.01692e-06
2.37606e-07
4.36666e-06
2.6618e-07
4.52125e-06
2.79373e-07
4.44531e-06
2.75275e-07
4.18467e-06
2.62417e-07
3.83691e-06
2.45597e-07
3.48233e-06
2.28485e-07
3.15493e-06
2.13297e-07
2.86261e-06
2.00885e-07
2.59991e-06
1.91286e-07
2.35722e-06
1.84057e-07
2.12514e-06
1.78515e-07
1.89589e-06
1.73874e-07
1.66366e-06
1.69322e-07
1.42454e-06
1.64076e-07
1.17628e-06
1.57426e-07
9.18121e-07
1.48771e-07
6.50429e-07
1.37657e-07
3.74347e-07
1.23757e-07
9.13794e-08
1.06934e-07
-1.96997e-07
8.72052e-08
-4.89487e-07
6.47836e-08
-7.85232e-07
4.01256e-08
-1.08367e-06
1.39472e-08
-1.38434e-06
-1.27986e-08
-1.68655e-06
-3.88484e-08
-1.989e-06
-6.28603e-08
-2.28942e-06
-8.36357e-08
-2.58479e-06
-1.00351e-07
-2.87205e-06
-1.13039e-07
-3.14944e-06
-1.23696e-07
-3.41958e-06
-1.38868e-07
-3.69884e-06
-1.73836e-07
-4.05422e-06
-2.55231e-07
-4.69723e-06
-3.57806e-07
-6.10758e-06
-3.25583e-07
-7.79148e-06
-7.65974e-06
1.60637e-07
2.17869e-06
2.66916e-07
3.34555e-06
3.3812e-07
3.94571e-06
4.02075e-07
4.30271e-06
4.544e-07
4.46892e-06
4.83243e-07
4.41646e-06
4.88137e-07
4.17978e-06
4.7913e-07
3.84592e-06
4.65225e-07
3.49624e-06
4.51663e-07
3.16849e-06
4.41115e-07
2.87316e-06
4.34429e-07
2.60659e-06
4.31347e-07
2.36031e-06
4.31048e-07
2.12544e-06
4.32443e-07
1.89449e-06
4.34347e-07
1.66176e-06
4.35576e-07
1.42331e-06
4.35016e-07
1.17684e-06
4.31694e-07
9.21443e-07
4.24822e-07
6.57302e-07
4.13828e-07
3.85341e-07
3.98344e-07
1.06864e-07
3.78223e-07
-1.76877e-07
3.53512e-07
-4.64775e-07
3.24432e-07
-7.56152e-07
2.91429e-07
-1.05067e-06
2.55175e-07
-1.34809e-06
2.16638e-07
-1.64802e-06
1.76998e-07
-1.94936e-06
1.3756e-07
-2.24998e-06
9.95722e-08
-2.5468e-06
6.4029e-08
-2.83651e-06
3.12995e-08
-3.11671e-06
1.00764e-10
-3.38838e-06
-3.40804e-08
-3.66466e-06
-8.47459e-08
-4.00355e-06
-1.75558e-07
-4.60642e-06
-2.93143e-07
-5.99e-06
-2.74475e-07
-7.81015e-06
-7.93422e-06
2.04452e-07
1.97423e-06
3.57809e-07
3.1922e-06
4.66507e-07
3.83702e-06
5.59102e-07
4.21012e-06
6.35355e-07
4.39267e-06
6.82246e-07
4.36957e-06
6.98985e-07
4.16304e-06
6.95993e-07
3.84891e-06
6.85943e-07
3.50629e-06
6.76224e-07
3.17821e-06
6.70293e-07
2.87909e-06
6.69114e-07
2.60777e-06
6.72247e-07
2.35717e-06
6.78554e-07
2.11913e-06
6.8658e-07
1.88647e-06
6.94767e-07
1.65357e-06
7.01577e-07
1.4165e-06
7.05594e-07
1.17283e-06
7.0559e-07
9.21447e-07
7.00592e-07
6.623e-07
6.89903e-07
3.9603e-07
6.73093e-07
1.23673e-07
6.49984e-07
-1.53767e-07
6.20621e-07
-4.35413e-07
5.85226e-07
-7.20757e-07
5.44225e-07
-1.00966e-06
4.98256e-07
-1.30212e-06
4.48189e-07
-1.59795e-06
3.95104e-07
-1.89628e-06
3.4023e-07
-2.19511e-06
2.848e-07
-2.49137e-06
2.29907e-07
-2.78162e-06
1.7627e-07
-3.06307e-06
1.23493e-07
-3.33561e-06
6.74651e-08
-3.60863e-06
-3.38742e-09
-3.9327e-06
-1.06353e-07
-4.50345e-06
-2.37977e-07
-5.85838e-06
-2.39106e-07
-7.80902e-06
-8.17332e-06
2.40217e-07
1.73402e-06
4.40366e-07
2.99205e-06
5.86823e-07
3.69056e-06
7.07304e-07
4.08963e-06
8.07611e-07
4.29236e-06
8.7521e-07
4.30197e-06
9.0691e-07
4.13134e-06
9.12996e-07
3.84282e-06
9.08312e-07
3.51097e-06
9.0284e-07
3.18368e-06
9.01369e-07
2.88056e-06
9.05287e-07
2.60385e-06
9.14127e-07
2.34833e-06
9.26513e-07
2.10675e-06
9.40678e-07
1.8723e-06
9.54727e-07
1.63952e-06
9.6681e-07
1.40442e-06
9.75224e-07
1.16441e-06
9.78501e-07
9.1817e-07
9.75476e-07
6.65326e-07
9.65308e-07
4.06197e-07
9.47478e-07
1.41504e-07
9.21744e-07
-1.28033e-07
8.88132e-07
-4.01801e-07
8.46855e-07
-6.7948e-07
7.9831e-07
-9.6112e-07
7.43051e-07
-1.24686e-06
6.81814e-07
-1.53671e-06
6.15538e-07
-1.83e-06
5.4533e-07
-2.1249e-06
4.72351e-07
-2.41839e-06
3.97731e-07
-2.707e-06
3.22388e-07
-2.98773e-06
2.46548e-07
-3.25977e-06
1.67721e-07
-3.5298e-06
7.70078e-08
-3.84199e-06
-4.44144e-08
-4.38203e-06
-1.89634e-07
-5.71316e-06
-2.15591e-07
-7.78307e-06
-8.38892e-06
2.64983e-07
1.46903e-06
5.10151e-07
2.74688e-06
6.95185e-07
3.50553e-06
8.44203e-07
3.94062e-06
9.68913e-07
4.16765e-06
1.05952e-06
4.21136e-06
1.11002e-06
4.08084e-06
1.12902e-06
3.82382e-06
1.13217e-06
3.50782e-06
1.13193e-06
3.18392e-06
1.13499e-06
2.8775e-06
1.14362e-06
2.59522e-06
1.1576e-06
2.33436e-06
1.17543e-06
2.08892e-06
1.19513e-06
1.85261e-06
1.21451e-06
1.62013e-06
1.23147e-06
1.38746e-06
1.24402e-06
1.15186e-06
1.25049e-06
9.11701e-07
1.24952e-06
6.66302e-07
1.2401e-06
4.15614e-07
1.22161e-06
1.59995e-07
1.19371e-06
-1.00134e-07
1.15636e-06
-3.64455e-07
1.10973e-06
-6.32848e-07
1.05415e-06
-9.05534e-07
9.90052e-07
-1.18277e-06
9.18031e-07
-1.46469e-06
8.38826e-07
-1.7508e-06
7.53364e-07
-2.03944e-06
6.62698e-07
-2.32773e-06
5.67958e-07
-2.61226e-06
4.70232e-07
-2.89e-06
3.70275e-07
-3.15981e-06
2.66921e-07
-3.42645e-06
1.52914e-07
-3.72798e-06
1.3308e-08
-4.24242e-06
-1.46524e-07
-5.55332e-06
-1.99637e-07
-7.72995e-06
-8.58855e-06
2.76148e-07
1.19289e-06
5.61328e-07
2.4617e-06
7.86347e-07
3.28051e-06
9.65817e-07
3.76115e-06
1.11567e-06
4.0178e-06
1.23124e-06
4.09579e-06
1.30477e-06
4.00732e-06
1.34149e-06
3.78709e-06
1.35628e-06
3.49304e-06
1.3634e-06
3.1768e-06
1.37176e-06
2.86914e-06
1.38508e-06
2.5819e-06
1.40377e-06
2.31567e-06
1.42647e-06
2.06621e-06
1.45109e-06
1.82799e-06
1.47525e-06
1.59597e-06
1.49661e-06
1.3661e-06
1.513e-06
1.13547e-06
1.52252e-06
9.02184e-07
1.52362e-06
6.65194e-07
1.51517e-06
4.2407e-07
1.49637e-06
1.7879e-07
1.46679e-06
-7.0551e-08
1.42627e-06
-3.23935e-07
1.37487e-06
-5.81448e-07
1.31279e-06
-8.43453e-07
1.24034e-06
-1.11032e-06
1.15789e-06
-1.38225e-06
1.06595e-06
-1.65886e-06
9.65219e-07
-1.9387e-06
8.56621e-07
-2.21913e-06
7.41315e-07
-2.49695e-06
6.20499e-07
-2.76919e-06
4.95325e-07
-3.03464e-06
3.65824e-07
-3.29695e-06
2.26602e-07
-3.58876e-06
6.5734e-08
-4.08156e-06
-1.08168e-07
-5.37942e-06
-1.88946e-07
-7.64917e-06
-8.7775e-06
2.72395e-07
9.20492e-07
5.88559e-07
2.14553e-06
8.54181e-07
3.01488e-06
1.06671e-06
3.54862e-06
1.24314e-06
3.84137e-06
1.38531e-06
3.95362e-06
1.48589e-06
3.90673e-06
1.54595e-06
3.72704e-06
1.57774e-06
3.46124e-06
1.59606e-06
3.15849e-06
1.61182e-06
2.85338e-06
1.63066e-06
2.56306e-06
1.65413e-06
2.2922e-06
1.6814e-06
2.03894e-06
1.71047e-06
1.79893e-06
1.7389e-06
1.56753e-06
1.76423e-06
1.34078e-06
1.7841e-06
1.11559e-06
1.79648e-06
8.89806e-07
1.79966e-06
6.62018e-07
1.79232e-06
4.31411e-07
1.77353e-06
1.97577e-07
1.7427e-06
-3.97208e-08
1.69953e-06
-2.80766e-07
1.64391e-06
-5.25828e-07
1.57585e-06
-7.75392e-07
1.49545e-06
-1.02992e-06
1.40285e-06
-1.28965e-06
1.29826e-06
-1.55427e-06
1.1821e-06
-1.82254e-06
1.05515e-06
-2.09218e-06
9.18615e-07
-2.36041e-06
7.73806e-07
-2.62438e-06
6.22201e-07
-2.88303e-06
4.64973e-07
-3.13972e-06
2.98978e-07
-3.42276e-06
1.16155e-07
-3.89873e-06
-7.33331e-08
-5.18993e-06
-1.81993e-07
-7.54051e-06
-8.95949e-06
2.54181e-07
6.66311e-07
5.88244e-07
1.81147e-06
8.91588e-07
2.71154e-06
1.13949e-06
3.30072e-06
1.34495e-06
3.63591e-06
1.51537e-06
3.7832e-06
1.64637e-06
3.77573e-06
1.73572e-06
3.63769e-06
1.79136e-06
3.4056e-06
1.82676e-06
3.12308e-06
1.85404e-06
2.8261e-06
1.88076e-06
2.53634e-06
1.91012e-06
2.26285e-06
1.94228e-06
2.00678e-06
1.97572e-06
1.76549e-06
2.00815e-06
1.5351e-06
2.0371e-06
1.31182e-06
2.06018e-06
1.09252e-06
2.07522e-06
8.74767e-07
2.08039e-06
6.56844e-07
2.07424e-06
4.37563e-07
2.05567e-06
2.1614e-07
2.02392e-06
-7.96791e-09
1.97851e-06
-2.35352e-07
1.91908e-06
-4.66402e-07
1.84541e-06
-7.01717e-07
1.75731e-06
-9.41827e-07
1.65463e-06
-1.18697e-06
1.53725e-06
-1.43689e-06
1.40529e-06
-1.69058e-06
1.2594e-06
-1.94629e-06
1.10076e-06
-2.20177e-06
9.30775e-07
-2.4544e-06
7.51342e-07
-2.7036e-06
5.64685e-07
-2.95306e-06
3.70195e-07
-3.22827e-06
1.64872e-07
-3.69341e-06
-4.08489e-08
-4.98421e-06
-1.78396e-07
-7.40297e-06
-9.13789e-06
2.22542e-07
4.43769e-07
5.58894e-07
1.47512e-06
8.92163e-07
2.37827e-06
1.17572e-06
3.01716e-06
1.41292e-06
3.39871e-06
1.6138e-06
3.58232e-06
1.77804e-06
3.61148e-06
1.90221e-06
3.51352e-06
1.98936e-06
3.31846e-06
2.04966e-06
3.06277e-06
2.09492e-06
2.78085e-06
2.13411e-06
2.49715e-06
2.1722e-06
2.22475e-06
2.21081e-06
1.96817e-06
2.24933e-06
1.72697e-06
2.286e-06
1.49843e-06
2.31856e-06
1.27927e-06
2.34469e-06
1.06638e-06
2.36225e-06
8.57215e-07
2.36932e-06
6.49774e-07
2.36433e-06
4.42551e-07
2.34604e-06
2.34428e-07
2.31353e-06
2.45466e-08
2.26603e-06
-1.87851e-07
2.20295e-06
-4.03326e-07
2.12376e-06
-6.22522e-07
2.02793e-06
-8.46003e-07
1.91496e-06
-1.07399e-06
1.78436e-06
-1.30629e-06
1.636e-06
-1.54222e-06
1.47035e-06
-1.78064e-06
1.28846e-06
-2.01989e-06
1.09193e-06
-2.25787e-06
8.83267e-07
-2.49493e-06
6.65494e-07
-2.73529e-06
4.40861e-07
-3.00364e-06
2.12161e-07
-3.46471e-06
-1.25101e-08
-4.75954e-06
-1.77861e-07
-7.23762e-06
-9.31575e-06
1.80212e-07
2.63557e-07
5.03085e-07
1.15225e-06
8.5215e-07
2.02921e-06
1.16759e-06
2.70172e-06
1.43776e-06
3.12854e-06
1.67125e-06
3.34883e-06
1.87121e-06
3.41152e-06
2.03473e-06
3.35e-06
2.16103e-06
3.19217e-06
2.25547e-06
2.96833e-06
2.32751e-06
2.70881e-06
2.38635e-06
2.43831e-06
2.43842e-06
2.17268e-06
2.48696e-06
1.91964e-06
2.53271e-06
1.68122e-06
2.57482e-06
1.45632e-06
2.6116e-06
1.24248e-06
2.64106e-06
1.03693e-06
2.66116e-06
8.37109e-07
2.67006e-06
6.40874e-07
2.66613e-06
4.46486e-07
2.64799e-06
2.52561e-07
2.61455e-06
5.79897e-08
2.56479e-06
-1.38091e-07
2.49785e-06
-3.36386e-07
2.41285e-06
-5.37525e-07
2.30888e-06
-7.42031e-07
2.18506e-06
-9.50169e-07
2.04058e-06
-1.16181e-06
1.87504e-06
-1.37669e-06
1.68863e-06
-1.59423e-06
1.48221e-06
-1.81346e-06
1.25778e-06
-2.03344e-06
1.01834e-06
-2.2555e-06
7.6759e-07
-2.48454e-06
5.11808e-07
-2.74786e-06
2.61913e-07
-3.21481e-06
2.50026e-08
-4.52263e-06
-1.7499e-07
-7.03763e-06
-9.49074e-06
1.33903e-07
1.29654e-07
4.26317e-07
8.59833e-07
7.70576e-07
1.68495e-06
1.10746e-06
2.36484e-06
1.4096e-06
2.8264e-06
1.6775e-06
3.08093e-06
1.91552e-06
3.17351e-06
2.12188e-06
3.14363e-06
2.29355e-06
3.0205e-06
2.43126e-06
2.83061e-06
2.54042e-06
2.59966e-06
2.62855e-06
2.35017e-06
2.70251e-06
2.09872e-06
2.76694e-06
1.85521e-06
2.82408e-06
1.62407e-06
2.8744e-06
1.40601e-06
2.91712e-06
1.19976e-06
2.95087e-06
1.00318e-06
2.97401e-06
8.13973e-07
2.98486e-06
6.30021e-07
2.98187e-06
4.4948e-07
2.96362e-06
2.70812e-07
2.92881e-06
9.27919e-08
2.87624e-06
-8.5516e-08
2.80478e-06
-2.64928e-07
2.71327e-06
-4.46013e-07
2.60042e-06
-6.29184e-07
2.46499e-06
-8.14732e-07
2.30588e-06
-1.0027e-06
2.12242e-06
-1.19322e-06
1.91438e-06
-1.38618e-06
1.68253e-06
-1.58161e-06
1.42894e-06
-1.77985e-06
1.15681e-06
-1.98336e-06
8.71082e-07
-2.19881e-06
5.83445e-07
-2.46022e-06
3.16152e-07
-2.94752e-06
7.36721e-08
-4.28015e-06
-1.6586e-07
-6.79809e-06
-9.6566e-06
9.28498e-08
3.68038e-08
3.34316e-07
6.18367e-07
6.50324e-07
1.36894e-06
9.90957e-07
2.02421e-06
1.31924e-06
2.49811e-06
1.62214e-06
2.77804e-06
1.89993e-06
2.89572e-06
2.15155e-06
2.89201e-06
2.37287e-06
2.79918e-06
2.56116e-06
2.64233e-06
2.71728e-06
2.44353e-06
2.84553e-06
2.22193e-06
2.95155e-06
1.9927e-06
3.0404e-06
1.76636e-06
3.11559e-06
1.54887e-06
3.17895e-06
1.34265e-06
3.23095e-06
1.14775e-06
3.27117e-06
9.62963e-07
3.29862e-06
7.86524e-07
3.31206e-06
6.16582e-07
3.31015e-06
4.51382e-07
3.29155e-06
2.89412e-07
3.25489e-06
1.29453e-07
3.19879e-06
-2.94123e-08
3.12197e-06
-1.8811e-07
3.02302e-06
-3.47067e-07
2.90047e-06
-5.06631e-07
2.75279e-06
-6.67052e-07
2.57867e-06
-8.28578e-07
2.37704e-06
-9.91598e-07
2.14738e-06
-1.15652e-06
1.89005e-06
-1.32428e-06
1.60682e-06
-1.49662e-06
1.301e-06
-1.67754e-06
9.79639e-07
-1.87746e-06
6.60509e-07
-2.14109e-06
3.77484e-07
-2.6645e-06
1.28556e-07
-4.03122e-06
-1.52329e-07
-6.51721e-06
-9.80893e-06
5.97853e-08
-2.29814e-08
2.28209e-07
4.49943e-07
4.9347e-07
1.10368e-06
8.16152e-07
1.70152e-06
1.15876e-06
2.15551e-06
1.49549e-06
2.4413e-06
1.81536e-06
2.57585e-06
2.11408e-06
2.59329e-06
2.38699e-06
2.52626e-06
2.62939e-06
2.39993e-06
2.83892e-06
2.23401e-06
3.01635e-06
2.0445e-06
3.16472e-06
1.84433e-06
3.28805e-06
1.64303e-06
3.3901e-06
1.44682e-06
3.47366e-06
1.25909e-06
3.5404e-06
1.08102e-06
3.59099e-06
9.12373e-07
3.62538e-06
7.52136e-07
3.64302e-06
5.98943e-07
3.64303e-06
4.51364e-07
3.62433e-06
3.08119e-07
3.58565e-06
1.68134e-07
3.52564e-06
3.0595e-08
3.44293e-06
-1.054e-07
3.33608e-06
-2.40222e-07
3.20358e-06
-3.74129e-07
3.04386e-06
-5.07331e-07
2.85542e-06
-6.40136e-07
2.63686e-06
-7.73036e-07
2.38721e-06
-9.06882e-07
2.10632e-06
-1.04338e-06
1.79566e-06
-1.18596e-06
1.45893e-06
-1.3408e-06
1.10669e-06
-1.52522e-06
7.63052e-07
-1.79745e-06
4.66476e-07
-2.36792e-06
2.04438e-07
-3.76919e-06
-1.33266e-07
-6.1795e-06
-9.94219e-06
4.22817e-09
-2.72096e-08
9.58826e-08
3.58288e-07
2.94254e-07
9.05308e-07
5.81747e-07
1.41403e-06
9.24994e-07
1.81226e-06
1.28971e-06
2.07659e-06
1.65271e-06
2.21284e-06
2.00093e-06
2.24507e-06
2.32655e-06
2.20065e-06
2.62372e-06
2.10276e-06
2.88849e-06
1.96924e-06
3.11925e-06
1.81374e-06
3.3166e-06
1.64698e-06
3.48266e-06
1.47698e-06
3.62021e-06
1.30927e-06
3.7321e-06
1.1472e-06
3.82061e-06
9.92503e-07
3.88731e-06
8.45669e-07
3.93307e-06
7.06379e-07
3.95817e-06
5.73844e-07
3.96239e-06
4.47146e-07
3.94513e-06
3.25376e-07
3.90554e-06
2.07726e-07
3.84263e-06
9.35087e-08
3.75505e-06
-1.78261e-08
3.64168e-06
-1.26854e-07
3.50104e-06
-2.33485e-07
3.33168e-06
-3.37973e-07
3.13209e-06
-4.40544e-07
2.90059e-06
-5.41537e-07
2.6359e-06
-6.42188e-07
2.33755e-06
-7.45037e-07
2.00702e-06
-8.55436e-07
1.64998e-06
-9.83765e-07
1.28236e-06
-1.1576e-06
9.3349e-07
-1.44858e-06
6.36648e-07
-2.07108e-06
3.53048e-07
-3.48559e-06
-5.82326e-08
-5.76822e-06
-1.00004e-05
-6.51286e-08
3.79191e-08
-7.694e-08
3.701e-07
4.25344e-08
7.85833e-07
2.85202e-07
1.17136e-06
6.19822e-07
1.47764e-06
1.00624e-06
1.69018e-06
1.41046e-06
1.80862e-06
1.80943e-06
1.8461e-06
2.18867e-06
1.8214e-06
2.53954e-06
1.75188e-06
2.85739e-06
1.65139e-06
3.13963e-06
1.5315e-06
3.38567e-06
1.40093e-06
3.59645e-06
1.26621e-06
3.77371e-06
1.132e-06
3.91957e-06
1.00134e-06
4.03614e-06
8.75935e-07
4.12522e-06
7.5659e-07
4.18823e-06
6.43372e-07
4.22609e-06
5.35986e-07
4.23921e-06
4.34022e-07
4.22766e-06
3.36926e-07
4.19119e-06
2.44192e-07
4.12934e-06
1.5536e-07
4.04147e-06
7.005e-08
3.92668e-06
-1.2065e-08
3.78389e-06
-9.06932e-08
3.61196e-06
-1.66047e-07
3.40962e-06
-2.38204e-07
3.1756e-06
-3.07516e-07
2.90888e-06
-3.7547e-07
2.60884e-06
-4.44992e-07
2.277e-06
-5.23598e-07
1.92246e-06
-6.29223e-07
1.56446e-06
-7.99611e-07
1.23526e-06
-1.11937e-06
9.61679e-07
-1.7975e-06
6.42942e-07
-3.16685e-06
1.10469e-07
-5.23575e-06
-9.88996e-06
-2.51906e-07
2.89825e-07
-3.71124e-07
4.89318e-07
-3.0592e-07
7.20629e-07
-8.51505e-08
9.50594e-07
2.48018e-07
1.14447e-06
6.57165e-07
1.28103e-06
1.10096e-06
1.36483e-06
1.54916e-06
1.3979e-06
1.98122e-06
1.38935e-06
2.38472e-06
1.34838e-06
2.75297e-06
1.28314e-06
3.08308e-06
1.20139e-06
3.37425e-06
1.10976e-06
3.62697e-06
1.01348e-06
3.84256e-06
9.16417e-07
4.02278e-06
8.21119e-07
4.1696e-06
7.29108e-07
4.2849e-06
6.4129e-07
4.37021e-06
5.5807e-07
4.42667e-06
4.79526e-07
4.45521e-06
4.05473e-07
4.45651e-06
3.35629e-07
4.43097e-06
2.69729e-07
4.37881e-06
2.07526e-07
4.30005e-06
1.48805e-07
4.19451e-06
9.34746e-08
4.06224e-06
4.15775e-08
3.90317e-06
-6.97739e-09
3.71759e-06
-5.26234e-08
3.50576e-06
-9.56831e-08
3.26799e-06
-1.37707e-07
3.00486e-06
-1.81854e-07
2.71792e-06
-2.36665e-07
2.41072e-06
-3.22024e-07
2.09359e-06
-4.82479e-07
1.79477e-06
-8.20553e-07
1.51342e-06
-1.51615e-06
1.0844e-06
-2.73783e-06
3.87565e-07
-4.53892e-06
-9.50239e-06
-4.68569e-07
7.58394e-07
-6.85542e-07
7.06291e-07
-7.0108e-07
7.36167e-07
-5.25785e-07
7.753e-07
-1.93526e-07
8.12213e-07
2.40602e-07
8.469e-07
7.26175e-07
8.79256e-07
1.22249e-06
9.01582e-07
1.70497e-06
9.06864e-07
2.15985e-06
8.935e-07
2.57875e-06
8.64246e-07
2.95752e-06
8.22623e-07
3.29488e-06
7.72399e-07
3.59127e-06
7.17101e-07
3.84819e-06
6.59491e-07
4.0678e-06
6.01509e-07
4.25223e-06
5.44678e-07
4.4034e-06
4.9012e-07
4.52308e-06
4.3839e-07
4.61296e-06
3.89644e-07
4.67456e-06
3.43878e-07
4.7092e-06
3.00994e-07
4.71805e-06
2.60875e-07
4.70217e-06
2.23404e-07
4.6625e-06
1.88479e-07
4.59997e-06
1.56004e-07
4.51567e-06
1.25881e-07
4.41084e-06
9.7849e-08
4.28675e-06
7.14668e-08
4.14522e-06
4.58418e-08
3.98879e-06
1.87246e-08
3.82004e-06
-1.31018e-08
3.64006e-06
-5.66883e-08
3.44957e-06
-1.31534e-07
3.23462e-06
-2.67529e-07
2.95222e-06
-5.38144e-07
2.49741e-06
-1.06134e-06
1.70699e-06
-1.94741e-06
7.55322e-07
-3.58725e-06
-8.74707e-06
-6.72892e-07
1.43129e-06
-8.85109e-07
9.18507e-07
-7.24934e-07
5.75992e-07
-3.94225e-07
4.44591e-07
2.18457e-08
3.96142e-07
4.88957e-07
3.79788e-07
9.84664e-07
3.83549e-07
1.48972e-06
3.96526e-07
1.98876e-06
4.07824e-07
2.47048e-06
4.11775e-07
2.92668e-06
4.08053e-07
3.35178e-06
3.97522e-07
3.74261e-06
3.81566e-07
4.09794e-06
3.61771e-07
4.41789e-06
3.39542e-07
4.7033e-06
3.161e-07
4.95565e-06
2.92329e-07
5.17702e-06
2.68752e-07
5.36963e-06
2.45778e-07
5.53562e-06
2.23657e-07
5.67698e-06
2.02516e-07
5.79556e-06
1.82408e-07
5.89309e-06
1.63351e-07
5.97116e-06
1.45328e-07
6.03134e-06
1.28303e-07
6.07512e-06
1.12222e-07
6.10397e-06
9.70281e-08
6.11924e-06
8.25832e-08
6.1221e-06
6.86059e-08
6.11346e-06
5.4483e-08
6.09307e-06
3.91137e-08
6.05907e-06
2.0893e-08
6.00472e-06
-2.32948e-09
5.91721e-06
-4.40253e-08
5.75421e-06
-1.04536e-07
5.40805e-06
-1.91981e-07
4.65565e-06
-3.08939e-07
3.28178e-06
-5.73536e-07
1.58667e-06
-1.89214e-06
-7.1604e-06
1.43129e-06
2.34979e-06
2.92579e-06
3.37038e-06
3.76652e-06
4.14631e-06
4.52986e-06
4.92638e-06
5.33421e-06
5.74598e-06
6.15403e-06
6.55156e-06
6.93312e-06
7.29489e-06
7.63443e-06
7.95053e-06
8.24286e-06
8.51162e-06
8.75739e-06
8.98105e-06
9.18357e-06
9.36598e-06
9.52933e-06
9.67465e-06
9.80296e-06
9.91518e-06
1.00122e-05
1.00948e-05
1.01634e-05
1.02179e-05
1.0257e-05
1.02779e-05
1.02756e-05
1.02315e-05
1.0127e-05
9.93501e-06
9.62608e-06
9.05254e-06
7.1604e-06
)
;

boundaryField
{
    movingWall
    {
        type            calculated;
        value           uniform 0;
    }
    fixedWalls
    {
        type            calculated;
        value           uniform 0;
    }
    frontAndBack
    {
        type            empty;
    }
}


// ************************************************************************* //
