/*--------------------------------*- C++ -*----------------------------------*\
| =========                 |                                                 |
| \\      /  F ield         | OpenFOAM: The Open Source CFD Toolbox           |
|  \\    /   O peration     | Version:  2412                                  |
|   \\  /    A nd           | Website:  www.openfoam.com                      |
|    \\/     M anipulation  |                                                 |
\*---------------------------------------------------------------------------*/
FoamFile
{
    version     2.0;
    format      ascii;
    arch        "LSB;label=32;scalar=64";
    class       volScalarField;
    location    "8.5";
    object      nut;
}
// * * * * * * * * * * * * * * * * * * * * * * * * * * * * * * * * * * * * * //

dimensions      [0 2 -1 0 0 0 0];

internalField   nonuniform List<scalar> 
400
(
8.73055e-06
9.17121e-06
1.09525e-05
1.53856e-05
2.04115e-05
2.38354e-05
2.5382e-05
2.60207e-05
2.61941e-05
2.60185e-05
2.54744e-05
2.4869e-05
2.41979e-05
2.36112e-05
2.30356e-05
2.24668e-05
2.13822e-05
1.90753e-05
1.5038e-05
1.14666e-05
1.10152e-05
1.90145e-05
2.59779e-05
2.6686e-05
2.64821e-05
2.61022e-05
2.7007e-05
2.51709e-05
2.66929e-05
2.82223e-05
2.9267e-05
3.20203e-05
3.30441e-05
3.54209e-05
3.62609e-05
3.66845e-05
3.68476e-05
3.39694e-05
2.86262e-05
1.24544e-05
1.41664e-05
3.20644e-05
2.9532e-05
2.79703e-05
2.66955e-05
2.43562e-05
1.91361e-05
1.8798e-05
1.7468e-05
1.66627e-05
1.61815e-05
1.53305e-05
1.6222e-05
1.75734e-05
2.12834e-05
2.68222e-05
3.07213e-05
3.20038e-05
3.12724e-05
1.61467e-05
1.66396e-05
3.19625e-05
3.05964e-05
2.80207e-05
2.19048e-05
1.65414e-05
1.41868e-05
1.33198e-05
1.20973e-05
1.15446e-05
1.12392e-05
1.06533e-05
1.06193e-05
1.06652e-05
1.19645e-05
1.5652e-05
2.46686e-05
3.03502e-05
3.09075e-05
2.32871e-05
1.84061e-05
3.58374e-05
3.06e-05
2.34699e-05
1.59422e-05
1.30969e-05
1.22452e-05
1.22866e-05
1.26497e-05
1.30808e-05
1.32701e-05
1.30442e-05
1.19733e-05
1.07763e-05
9.72914e-06
1.01901e-05
1.43216e-05
2.61612e-05
3.06226e-05
2.90195e-05
1.94892e-05
3.6427e-05
2.82493e-05
1.78703e-05
1.31849e-05
1.21352e-05
1.27073e-05
1.4552e-05
1.66044e-05
1.81447e-05
1.88446e-05
1.90002e-05
1.70969e-05
1.4955e-05
1.19125e-05
9.52626e-06
9.83327e-06
1.61882e-05
3.07959e-05
3.23565e-05
2.02907e-05
3.73355e-05
2.48159e-05
1.50423e-05
1.22377e-05
1.27583e-05
1.49757e-05
1.86159e-05
2.19196e-05
2.4114e-05
2.50586e-05
2.55459e-05
2.35229e-05
2.0714e-05
1.63804e-05
1.18576e-05
9.91956e-06
1.47074e-05
2.61628e-05
3.42968e-05
2.10611e-05
3.76578e-05
2.17619e-05
1.36048e-05
1.22516e-05
1.40615e-05
1.76327e-05
2.24145e-05
2.57455e-05
2.75967e-05
2.82978e-05
2.82013e-05
2.65972e-05
2.45096e-05
2.08371e-05
1.48464e-05
1.00551e-05
1.15909e-05
2.4934e-05
3.55365e-05
2.17706e-05
3.58836e-05
2.04468e-05
1.3154e-05
1.25784e-05
1.52191e-05
1.96518e-05
2.47912e-05
2.79688e-05
2.96812e-05
3.0253e-05
2.9649e-05
2.80361e-05
2.58067e-05
2.27353e-05
1.76114e-05
1.12964e-05
1.15135e-05
2.31174e-05
3.63139e-05
2.25292e-05
3.47787e-05
1.94705e-05
1.29407e-05
1.30449e-05
1.61828e-05
2.12288e-05
2.65301e-05
2.95061e-05
3.11058e-05
3.1589e-05
3.06081e-05
2.85726e-05
2.63913e-05
2.36264e-05
1.85378e-05
1.22243e-05
1.0806e-05
2.27482e-05
3.69491e-05
2.3131e-05
3.17539e-05
2.03532e-05
1.32999e-05
1.30776e-05
1.60866e-05
2.05317e-05
2.50906e-05
2.84002e-05
3.05907e-05
3.15868e-05
3.07834e-05
2.84491e-05
2.60625e-05
2.3137e-05
1.87482e-05
1.26796e-05
1.06784e-05
2.25524e-05
3.74863e-05
2.36724e-05
3.01595e-05
2.08001e-05
1.36972e-05
1.30408e-05
1.55931e-05
1.95753e-05
2.38716e-05
2.71458e-05
2.9386e-05
3.00738e-05
2.94455e-05
2.79093e-05
2.5623e-05
2.26172e-05
1.84391e-05
1.27272e-05
1.05894e-05
2.25618e-05
3.80472e-05
2.37563e-05
2.78852e-05
2.14749e-05
1.44611e-05
1.29957e-05
1.46118e-05
1.77898e-05
2.14143e-05
2.4419e-05
2.67174e-05
2.72973e-05
2.67191e-05
2.51766e-05
2.29618e-05
2.0865e-05
1.72901e-05
1.20834e-05
1.02133e-05
2.2609e-05
3.86522e-05
2.35533e-05
2.60197e-05
2.33701e-05
1.65585e-05
1.33542e-05
1.37672e-05
1.55021e-05
1.80229e-05
2.03719e-05
2.28777e-05
2.33142e-05
2.31621e-05
2.23914e-05
2.12794e-05
1.9093e-05
1.56405e-05
1.14048e-05
1.01931e-05
2.30231e-05
3.93805e-05
2.28968e-05
2.65628e-05
2.24975e-05
1.76193e-05
1.41211e-05
1.32852e-05
1.3886e-05
1.53518e-05
1.6599e-05
1.89867e-05
1.93909e-05
1.96286e-05
1.96852e-05
1.88219e-05
1.68869e-05
1.38085e-05
1.03007e-05
1.00125e-05
2.3676e-05
4.04045e-05
2.1443e-05
2.52726e-05
2.6828e-05
2.1041e-05
1.62076e-05
1.3939e-05
1.31848e-05
1.35898e-05
1.3821e-05
1.53546e-05
1.57006e-05
1.60358e-05
1.63787e-05
1.56552e-05
1.40284e-05
1.12283e-05
9.02822e-06
1.03743e-05
2.52453e-05
4.17898e-05
1.83799e-05
2.49332e-05
2.66548e-05
2.54221e-05
2.26497e-05
1.78391e-05
1.50464e-05
1.39509e-05
1.3245e-05
1.3257e-05
1.34019e-05
1.33976e-05
1.30297e-05
1.21208e-05
1.0421e-05
8.6887e-06
8.3119e-06
1.17945e-05
2.79446e-05
4.37391e-05
1.60154e-05
2.48345e-05
2.78611e-05
2.79243e-05
2.5446e-05
2.23791e-05
1.88649e-05
1.62861e-05
1.41063e-05
1.28449e-05
1.13255e-05
1.06534e-05
9.95296e-06
9.04061e-06
8.38559e-06
8.43237e-06
1.03801e-05
1.65705e-05
3.28024e-05
4.65186e-05
1.80352e-05
2.09265e-05
2.27922e-05
2.35016e-05
2.25443e-05
2.05597e-05
1.81687e-05
1.63875e-05
1.47884e-05
1.4125e-05
1.39436e-05
1.38739e-05
1.43799e-05
1.54816e-05
1.6654e-05
1.96882e-05
2.28457e-05
3.07611e-05
3.90299e-05
5.05862e-05
3.89362e-05
4.84686e-05
5.29596e-05
5.33725e-05
5.30887e-05
5.24771e-05
5.18802e-05
5.14954e-05
5.12274e-05
5.12375e-05
5.13348e-05
5.15567e-05
5.20262e-05
5.2479e-05
5.30622e-05
5.34245e-05
5.4193e-05
5.46176e-05
5.68269e-05
5.47801e-05
)
;

boundaryField
{
    movingWall
    {
        type            nutkWallFunction;
        blending        stepwise;
        value           nonuniform List<scalar> 
20
(
0
1.98414e-07
9.39515e-07
1.00742e-06
9.61008e-07
8.60857e-07
7.6292e-07
6.9967e-07
6.55654e-07
6.57349e-07
6.73389e-07
7.09945e-07
7.87159e-07
8.61547e-07
9.57206e-07
1.01653e-06
1.14214e-06
1.21142e-06
1.57067e-06
1.23781e-06
)
;
    }
    fixedWalls
    {
        type            nutkWallFunction;
        blending        stepwise;
        value           nonuniform List<scalar> 
60
(
0
0
0
0
0
0
0
0
0
0
0
0
0
0
0
0
0
0
0
0
0
0
0
0
0
0
0
0
0
0
0
0
0
0
0
0
0
0
5.49791e-07
1.23781e-06
0
0
0
0
0
0
0
0
0
0
0
0
0
0
0
0
0
0
0
0
)
;
    }
    frontAndBack
    {
        type            empty;
    }
}


// ************************************************************************* //
