/*--------------------------------*- C++ -*----------------------------------*\
| =========                 |                                                 |
| \\      /  F ield         | OpenFOAM: The Open Source CFD Toolbox           |
|  \\    /   O peration     | Version:  2412                                  |
|   \\  /    A nd           | Website:  www.openfoam.com                      |
|    \\/     M anipulation  |                                                 |
\*---------------------------------------------------------------------------*/
FoamFile
{
    version     2.0;
    format      ascii;
    arch        "LSB;label=32;scalar=64";
    class       volScalarField;
    location    "9";
    object      epsilon;
}
// * * * * * * * * * * * * * * * * * * * * * * * * * * * * * * * * * * * * * //

dimensions      [0 2 -3 0 0 0 0];

internalField   nonuniform List<scalar> 
400
(
0.000617679
0.000709111
0.00118787
0.00324985
0.00766397
0.0123255
0.0149352
0.0161088
0.0164391
0.016118
0.0151271
0.0140822
0.0129838
0.0120763
0.0112293
0.0104093
0.0089685
0.00633123
0.00305154
0.0013637
0.00123463
0.00159066
0.00386585
0.00697723
0.00862174
0.00927457
0.00790436
0.00626499
0.00507337
0.00442816
0.00420813
0.00450846
0.00527614
0.00645677
0.00803491
0.0094827
0.0101186
0.00979487
0.00546489
0.0017269
0.0026142
0.00399765
0.0058893
0.0065222
0.00634148
0.00391338
0.00281806
0.00202716
0.00167693
0.00154137
0.00151614
0.00170262
0.00206166
0.00276893
0.0041684
0.00662085
0.0100391
0.0118349
0.0117717
0.00368922
0.00423444
0.00520051
0.00562395
0.00500862
0.0029137
0.00167837
0.00112506
0.00081429
0.00066983
0.0006025
0.000579879
0.000613215
0.000756544
0.00103904
0.00168034
0.00311413
0.00646572
0.0125325
0.0161937
0.0112117
0.00576105
0.00546541
0.00483686
0.00289836
0.00141595
0.000802789
0.000526627
0.000379179
0.000301435
0.000262787
0.000248564
0.000253538
0.000315104
0.000436254
0.000733681
0.00148558
0.00350297
0.00879996
0.0182327
0.022016
0.00684071
0.00525382
0.00361246
0.0016384
0.000774593
0.000434614
0.000279996
0.000196167
0.000151989
0.000130834
0.000123302
0.000125721
0.000156107
0.000214765
0.000357302
0.000749472
0.0020667
0.00628289
0.0183227
0.0307087
0.00772822
0.00475698
0.00260293
0.00103626
0.000480298
0.000267123
0.000169048
0.000116773
9.06406e-05
7.79687e-05
7.33606e-05
7.41044e-05
9.22361e-05
0.000127034
0.000204194
0.000403213
0.00111224
0.0042007
0.0157025
0.0366446
0.00862688
0.00408441
0.00191001
0.000725125
0.000335665
0.00018595
0.000116116
8.03525e-05
6.20741e-05
5.30984e-05
4.98101e-05
5.02489e-05
6.27577e-05
8.80375e-05
0.000140307
0.000259914
0.000671859
0.00283151
0.0139407
0.0408009
0.0095135
0.00362916
0.00153392
0.000578508
0.000268162
0.000147883
9.1538e-05
6.2966e-05
4.78848e-05
4.05915e-05
3.80238e-05
3.89859e-05
4.82213e-05
6.8475e-05
0.000110306
0.000197299
0.000465365
0.00193791
0.011588
0.043538
0.010531
0.00324867
0.00130161
0.000487688
0.000233469
0.000130683
7.98484e-05
5.43473e-05
4.11684e-05
3.48473e-05
3.27078e-05
3.43235e-05
4.15744e-05
5.83843e-05
9.42566e-05
0.000168859
0.000376083
0.00150245
0.0102361
0.0458388
0.0113821
0.00327808
0.00123952
0.000481527
0.000235448
0.000132795
8.10951e-05
5.49983e-05
4.15549e-05
3.4664e-05
3.16766e-05
3.31488e-05
3.94132e-05
5.43454e-05
8.68421e-05
0.000156754
0.0003429
0.00129654
0.00929004
0.0478382
0.012194
0.00353708
0.00128614
0.000505347
0.00024948
0.000142338
8.73944e-05
5.91733e-05
4.46367e-05
3.70515e-05
3.43353e-05
3.56083e-05
4.06613e-05
5.38322e-05
8.47772e-05
0.000153782
0.000337845
0.00123433
0.00891915
0.049979
0.0123062
0.00417888
0.00144693
0.000574478
0.000283298
0.000164521
0.000102308
6.94043e-05
5.25393e-05
4.36453e-05
4.11426e-05
4.28713e-05
4.88744e-05
6.3033e-05
9.39086e-05
0.000166939
0.000374203
0.00129325
0.00887607
0.0523612
0.0119858
0.00503294
0.00179485
0.000725389
0.000352807
0.000202759
0.000129882
9.06011e-05
6.98173e-05
5.83263e-05
5.62862e-05
5.87835e-05
6.63412e-05
8.28085e-05
0.000117956
0.0002036
0.000447087
0.00149279
0.0100092
0.0553321
0.0109957
0.00617321
0.00249543
0.00102893
0.000495962
0.000279598
0.00017848
0.000126289
0.000100053
8.60866e-05
8.62875e-05
9.02836e-05
0.000100414
0.00012089
0.000164802
0.000276945
0.000594111
0.00183679
0.0112627
0.0597565
0.0090026
0.00645271
0.00339181
0.00163866
0.000807662
0.000452454
0.000285939
0.000201589
0.000160769
0.000138338
0.000137576
0.000142592
0.000156242
0.000186149
0.000255676
0.000437264
0.000913064
0.00260032
0.0137387
0.0660938
0.00564049
0.00567642
0.0043429
0.0025783
0.00145358
0.000868608
0.000562181
0.000397301
0.000311587
0.000265044
0.000248725
0.000253267
0.000278137
0.000345503
0.000504865
0.000890685
0.00175124
0.00443599
0.0182569
0.0757699
0.00372481
0.0045632
0.00454441
0.00379262
0.00274236
0.00195084
0.00142879
0.00110488
0.000919049
0.000814467
0.000792987
0.000815701
0.000916893
0.00118383
0.00173309
0.00292487
0.00482727
0.0100702
0.027822
0.0911209
0.00535786
0.00824378
0.0101404
0.0103338
0.00989733
0.00906683
0.00837188
0.00795636
0.00779438
0.00787783
0.00813893
0.00869997
0.0093321
0.0108191
0.0134965
0.0185585
0.0230126
0.0344049
0.0511706
0.117124
0.0537069
0.103765
0.135219
0.138032
0.135732
0.130903
0.126343
0.12347
0.121446
0.1215
0.122181
0.123778
0.127244
0.130568
0.134969
0.137772
0.143844
0.147289
0.165983
0.148717
)
;

boundaryField
{
    movingWall
    {
        type            epsilonWallFunction;
        blending        stepwise;
        value           nonuniform List<scalar> 
20
(
0.0537069
0.103765
0.135219
0.138032
0.135732
0.130903
0.126343
0.12347
0.121446
0.1215
0.122181
0.123778
0.127244
0.130568
0.134969
0.137772
0.143844
0.147289
0.165983
0.148717
)
;
    }
    fixedWalls
    {
        type            epsilonWallFunction;
        blending        stepwise;
        value           nonuniform List<scalar> 
60
(
0.000617679
0.00123463
0.0026142
0.00423444
0.00576105
0.00684071
0.00772822
0.00862688
0.0095135
0.010531
0.0113821
0.012194
0.0123062
0.0119858
0.0109957
0.0090026
0.00564049
0.00372481
0.00535786
0.0537069
0.0013637
0.0017269
0.00368922
0.0112117
0.022016
0.0307087
0.0366446
0.0408009
0.043538
0.0458388
0.0478382
0.049979
0.0523612
0.0553321
0.0597565
0.0660938
0.0757699
0.0911209
0.117124
0.148717
0.000617679
0.000709111
0.00118787
0.00324985
0.00766397
0.0123255
0.0149352
0.0161088
0.0164391
0.016118
0.0151271
0.0140822
0.0129838
0.0120763
0.0112293
0.0104093
0.0089685
0.00633123
0.00305154
0.0013637
)
;
    }
    frontAndBack
    {
        type            empty;
    }
}


// ************************************************************************* //
