/*--------------------------------*- C++ -*----------------------------------*\
| =========                 |                                                 |
| \\      /  F ield         | OpenFOAM: The Open Source CFD Toolbox           |
|  \\    /   O peration     | Version:  2412                                  |
|   \\  /    A nd           | Website:  www.openfoam.com                      |
|    \\/     M anipulation  |                                                 |
\*---------------------------------------------------------------------------*/
FoamFile
{
    version     2.0;
    format      ascii;
    arch        "LSB;label=32;scalar=64";
    class       surfaceScalarField;
    location    "9";
    object      phi;
}
// * * * * * * * * * * * * * * * * * * * * * * * * * * * * * * * * * * * * * //

dimensions      [0 3 -1 0 0 0 0];

oriented        oriented;

internalField   nonuniform List<scalar> 
760
(
4.94934e-07
-4.94942e-07
4.54303e-07
4.06311e-08
-8.95551e-08
5.43857e-07
-1.1929e-06
1.10334e-06
-2.87407e-06
1.68117e-06
-4.86865e-06
1.99458e-06
-6.82498e-06
1.95634e-06
-8.46074e-06
1.63576e-06
-9.61788e-06
1.15714e-06
-1.02632e-05
6.45273e-07
-1.04239e-05
1.60696e-07
-1.01221e-05
-3.01771e-07
-9.33476e-06
-7.87319e-07
-8.03327e-06
-1.30149e-06
-6.22128e-06
-1.81199e-06
-3.99358e-06
-2.22769e-06
-1.6771e-06
-2.31648e-06
7.8456e-08
-1.75556e-06
6.42934e-07
-5.64478e-07
6.42934e-07
-8.79305e-08
-4.07012e-07
-8.94585e-07
8.47285e-07
-2.38524e-06
2.03451e-06
-4.41406e-06
3.13216e-06
-6.51833e-06
3.78545e-06
-8.343e-06
3.81924e-06
-9.72945e-06
3.34279e-06
-1.06941e-05
2.60037e-06
-1.13277e-05
1.79078e-06
-1.16884e-05
1.00596e-06
-1.17558e-05
2.28153e-07
-1.15195e-05
-5.38108e-07
-1.09484e-05
-1.35838e-06
-9.97216e-06
-2.27777e-06
-8.51623e-06
-3.26792e-06
-6.56518e-06
-4.17875e-06
-4.22531e-06
-4.65635e-06
-1.86172e-06
-4.11915e-06
-2.83418e-07
-2.14278e-06
3.59516e-07
-9.44043e-07
5.37032e-07
-2.43932e-06
2.34256e-06
-4.36452e-06
3.95972e-06
-6.3359e-06
5.10353e-06
-7.98618e-06
5.43572e-06
-9.18528e-06
5.01835e-06
-9.99524e-06
4.15274e-06
-1.05303e-05
3.13547e-06
-1.08692e-05
2.12966e-06
-1.10386e-05
1.17535e-06
-1.10443e-05
2.33884e-07
-1.0891e-05
-6.91414e-07
-1.05698e-05
-1.67967e-06
-1.00511e-05
-2.79647e-06
-9.24533e-06
-4.07365e-06
-7.99425e-06
-5.42983e-06
-6.12697e-06
-6.52362e-06
-3.64781e-06
-6.59832e-06
-1.15319e-06
-4.6374e-06
-7.9367e-07
-1.53034e-06
2.06737e-06
-3.35774e-06
4.16996e-06
-5.22556e-06
5.82754e-06
-6.79073e-06
6.6687e-06
-7.87498e-06
6.51998e-06
-8.51117e-06
5.65454e-06
-8.83397e-06
4.47554e-06
-8.96243e-06
3.26393e-06
-8.96767e-06
2.13489e-06
-8.8981e-06
1.10578e-06
-8.81883e-06
1.54611e-07
-8.71103e-06
-7.99212e-07
-8.58609e-06
-1.80461e-06
-8.44236e-06
-2.94019e-06
-8.22989e-06
-4.28612e-06
-7.79399e-06
-5.86573e-06
-6.81683e-06
-7.50079e-06
-4.89447e-06
-8.52068e-06
-2.05351e-06
-7.47835e-06
-2.84718e-06
-1.75554e-06
3.82291e-06
-3.55175e-06
5.96617e-06
-5.12181e-06
7.3976e-06
-6.23875e-06
7.78564e-06
-6.85005e-06
7.13128e-06
-7.07178e-06
5.87626e-06
-7.07016e-06
4.47392e-06
-6.97643e-06
3.1702e-06
-6.87037e-06
2.02883e-06
-6.78183e-06
1.01725e-06
-6.69558e-06
6.83641e-08
-6.59805e-06
-8.96744e-07
-6.48921e-06
-1.91345e-06
-6.39471e-06
-3.0347e-06
-6.35529e-06
-4.32553e-06
-6.35079e-06
-5.87023e-06
-6.14351e-06
-7.70806e-06
-5.13611e-06
-9.52808e-06
-2.7305e-06
-9.88397e-06
-5.57768e-06
-1.64988e-06
5.47279e-06
-3.21376e-06
7.53005e-06
-4.42941e-06
8.61325e-06
-5.16956e-06
8.52578e-06
-5.46176e-06
7.42348e-06
-5.47401e-06
5.88851e-06
-5.38943e-06
4.38934e-06
-5.32183e-06
3.1026e-06
-5.29577e-06
2.00277e-06
-5.27817e-06
9.99649e-07
-5.22514e-06
1.53329e-08
-5.14059e-06
-9.81294e-07
-5.01463e-06
-2.03941e-06
-4.85888e-06
-3.19045e-06
-4.71819e-06
-4.46622e-06
-4.67384e-06
-5.91458e-06
-4.72865e-06
-7.65325e-06
-4.46579e-06
-9.79094e-06
-2.88698e-06
-1.14628e-05
-8.46466e-06
-1.35686e-06
6.82965e-06
-2.58695e-06
8.76015e-06
-3.46802e-06
9.49432e-06
-3.93212e-06
8.98989e-06
-4.05418e-06
7.54554e-06
-4.01319e-06
5.84752e-06
-3.96323e-06
4.33939e-06
-3.95919e-06
3.09856e-06
-3.97551e-06
2.01909e-06
-3.9748e-06
9.98935e-07
-3.95166e-06
-7.79885e-09
-3.90025e-06
-1.03271e-06
-3.82116e-06
-2.1185e-06
-3.70207e-06
-3.30954e-06
-3.53445e-06
-4.63384e-06
-3.35856e-06
-6.09047e-06
-3.30042e-06
-7.71139e-06
-3.33375e-06
-9.75762e-06
-2.5956e-06
-1.22009e-05
-1.10603e-05
-9.89374e-07
7.81902e-06
-1.84538e-06
9.61616e-06
-2.4303e-06
1.00792e-05
-2.71404e-06
9.27363e-06
-2.76787e-06
7.59938e-06
-2.74131e-06
5.82096e-06
-2.73475e-06
4.33283e-06
-2.75586e-06
3.11967e-06
-2.77065e-06
2.03387e-06
-2.76539e-06
9.93674e-07
-2.75082e-06
-2.23648e-08
-2.728e-06
-1.05552e-06
-2.6983e-06
-2.14821e-06
-2.64948e-06
-3.35836e-06
-2.55281e-06
-4.7305e-06
-2.38173e-06
-6.26156e-06
-2.20541e-06
-7.88771e-06
-2.20908e-06
-9.75394e-06
-2.00724e-06
-1.24028e-05
-1.30675e-05
-5.9173e-07
8.41075e-06
-1.08572e-06
1.01101e-05
-1.41632e-06
1.04098e-05
-1.58106e-06
9.43837e-06
-1.6166e-06
7.63492e-06
-1.61594e-06
5.82029e-06
-1.63068e-06
4.34756e-06
-1.6535e-06
3.14249e-06
-1.66509e-06
2.04547e-06
-1.66662e-06
9.95202e-07
-1.66508e-06
-2.39091e-08
-1.66504e-06
-1.05556e-06
-1.66817e-06
-2.14507e-06
-1.6697e-06
-3.35683e-06
-1.64742e-06
-4.75278e-06
-1.55836e-06
-6.35062e-06
-1.40779e-06
-8.03828e-06
-1.3517e-06
-9.81003e-06
-1.3641e-06
-1.23904e-05
-1.44316e-05
-1.87028e-07
8.59778e-06
-3.5585e-07
1.0279e-05
-4.60936e-07
1.05149e-05
-5.29541e-07
9.50697e-06
-5.55961e-07
7.66134e-06
-5.75423e-07
5.83976e-06
-5.97648e-07
4.36979e-06
-6.15594e-07
3.16044e-06
-6.28579e-07
2.05846e-06
-6.43057e-07
1.00968e-06
-6.62646e-07
-4.31962e-09
-6.87485e-07
-1.03072e-06
-7.22091e-07
-2.11046e-06
-7.64122e-07
-3.3148e-06
-7.99601e-07
-4.7173e-06
-7.98198e-07
-6.35202e-06
-7.5589e-07
-8.08059e-06
-7.43678e-07
-9.82224e-06
-8.48351e-07
-1.22857e-05
-1.528e-05
2.11056e-07
8.38672e-06
3.48916e-07
1.01411e-05
4.64633e-07
1.03992e-05
4.88165e-07
9.48344e-06
4.66253e-07
7.68325e-06
4.30366e-07
5.87564e-06
4.05773e-07
4.39438e-06
3.93974e-07
3.17224e-06
3.79532e-07
2.0729e-06
3.52489e-07
1.03672e-06
3.12238e-07
3.59314e-08
2.57699e-07
-9.76185e-07
1.87094e-07
-2.03986e-06
1.03886e-07
-3.2316e-06
1.79551e-08
-4.63137e-06
-6.38068e-08
-6.27026e-06
-1.50883e-07
-7.99351e-06
-2.6847e-07
-9.70465e-06
-4.80306e-07
-1.20739e-05
-1.57603e-05
6.06107e-07
7.78062e-06
1.03458e-06
9.71264e-06
1.36636e-06
1.00674e-05
1.51154e-06
9.33826e-06
1.50272e-06
7.69208e-06
1.45052e-06
5.92784e-06
1.42088e-06
4.42403e-06
1.41265e-06
3.18046e-06
1.3982e-06
2.08735e-06
1.36165e-06
1.07328e-06
1.30225e-06
9.53301e-08
1.21654e-06
-8.9047e-07
1.10852e-06
-1.93184e-06
9.80506e-07
-3.10358e-06
8.30478e-07
-4.48134e-06
6.51522e-07
-6.0913e-06
4.28214e-07
-7.77021e-06
1.49244e-07
-9.42568e-06
-2.18118e-07
-1.17065e-05
-1.59784e-05
9.867e-07
6.79392e-06
1.68776e-06
9.01158e-06
2.22639e-06
9.52879e-06
2.54116e-06
9.02348e-06
2.60353e-06
7.62971e-06
2.5562e-06
5.97516e-06
2.51026e-06
4.46997e-06
2.48899e-06
3.20173e-06
2.46783e-06
2.1085e-06
2.42454e-06
1.11656e-06
2.35026e-06
1.6961e-07
2.23999e-06
-7.80193e-07
2.09754e-06
-1.7894e-06
1.92225e-06
-2.92828e-06
1.70104e-06
-4.26014e-06
1.40638e-06
-5.79664e-06
1.01199e-06
-7.37582e-06
5.39881e-07
-8.95358e-06
-1.89092e-08
-1.11477e-05
-1.59973e-05
1.30115e-06
5.49277e-06
2.27956e-06
8.03317e-06
3.03096e-06
8.77738e-06
3.55119e-06
8.50326e-06
3.77002e-06
7.41089e-06
3.79305e-06
5.95213e-06
3.75258e-06
4.51044e-06
3.71171e-06
3.2426e-06
3.67091e-06
2.1493e-06
3.61228e-06
1.17519e-06
3.52329e-06
2.58594e-07
3.39549e-06
-6.52384e-07
3.22353e-06
-1.61744e-06
2.99473e-06
-2.69948e-06
2.68187e-06
-3.94728e-06
2.23808e-06
-5.35284e-06
1.63034e-06
-6.76808e-06
9.2572e-07
-8.24896e-06
1.35381e-07
-1.03574e-05
-1.58619e-05
1.47534e-06
4.01743e-06
2.72167e-06
6.78684e-06
3.70748e-06
7.79158e-06
4.46868e-06
7.74205e-06
4.93235e-06
6.94722e-06
5.13634e-06
5.74814e-06
5.18772e-06
4.45906e-06
5.17277e-06
3.25755e-06
5.12731e-06
2.19476e-06
5.05412e-06
1.24838e-06
4.94342e-06
3.69297e-07
4.78618e-06
-4.95141e-07
4.56814e-06
-1.39941e-06
4.25993e-06
-2.39128e-06
3.81444e-06
-3.50179e-06
3.17443e-06
-4.71283e-06
2.31724e-06
-5.91089e-06
1.35239e-06
-7.28411e-06
2.69471e-07
-9.27445e-06
-1.55924e-05
1.43459e-06
2.58284e-06
2.88282e-06
5.33861e-06
4.12264e-06
6.55175e-06
5.16468e-06
6.70001e-06
5.94305e-06
6.16886e-06
6.44001e-06
5.25118e-06
6.7111e-06
4.18797e-06
6.83063e-06
3.13802e-06
6.85281e-06
2.17258e-06
6.80178e-06
1.29941e-06
6.6783e-06
4.92782e-07
6.47087e-06
-2.87708e-07
6.16744e-06
-1.09598e-06
5.72489e-06
-1.94873e-06
5.08357e-06
-2.86046e-06
4.19894e-06
-3.8282e-06
3.08743e-06
-4.79938e-06
1.8808e-06
-6.07748e-06
4.65024e-07
-7.85868e-06
-1.51274e-05
1.10573e-06
1.47711e-06
2.58693e-06
3.85741e-06
4.08353e-06
5.05516e-06
5.45024e-06
5.33329e-06
6.58581e-06
5.03329e-06
7.44396e-06
4.39303e-06
8.03572e-06
3.59621e-06
8.40297e-06
2.77077e-06
8.59285e-06
1.9827e-06
8.63706e-06
1.2552e-06
8.5457e-06
5.84142e-07
8.29413e-06
-3.61365e-08
7.88709e-06
-6.88941e-07
7.26889e-06
-1.33054e-06
6.39801e-06
-1.98957e-06
5.2608e-06
-2.691e-06
3.91653e-06
-3.4551e-06
2.50275e-06
-4.6637e-06
8.45541e-07
-6.20147e-06
-1.42819e-05
4.94704e-07
9.82405e-07
1.81899e-06
2.53312e-06
3.48838e-06
3.38577e-06
5.17168e-06
3.64999e-06
6.6714e-06
3.53357e-06
7.90126e-06
3.16318e-06
8.84016e-06
2.65731e-06
9.5026e-06
2.10832e-06
9.91421e-06
1.57109e-06
1.00997e-05
1.06973e-06
1.00754e-05
6.08455e-07
9.85927e-06
1.79971e-07
9.40427e-06
-2.33949e-07
8.70147e-06
-6.27736e-07
7.72203e-06
-1.01012e-06
6.46113e-06
-1.4301e-06
4.94586e-06
-1.93983e-06
3.2322e-06
-2.95004e-06
1.32161e-06
-4.29088e-06
-1.29603e-05
-8.23875e-07
1.80628e-06
2.32126e-07
1.47712e-06
2.13722e-06
1.48068e-06
4.14452e-06
1.64269e-06
5.97868e-06
1.69941e-06
7.55318e-06
1.58867e-06
8.82153e-06
1.38896e-06
9.77673e-06
1.15313e-06
1.04374e-05
9.10394e-07
1.08299e-05
6.77299e-07
1.09788e-05
4.59525e-07
1.09004e-05
2.58374e-07
1.05977e-05
6.87623e-08
1.00847e-05
-1.14769e-07
9.36568e-06
-2.91094e-07
8.40669e-06
-4.71116e-07
7.05915e-06
-5.92293e-07
5.11573e-06
-1.00662e-06
2.32654e-06
-1.50169e-06
-1.06337e-05
1.80628e-06
3.2834e-06
4.76408e-06
6.40677e-06
8.10618e-06
9.69486e-06
1.10838e-05
1.22369e-05
1.31473e-05
1.38246e-05
1.42842e-05
1.45425e-05
1.46113e-05
1.44965e-05
1.42054e-05
1.37343e-05
1.3142e-05
1.21354e-05
1.06337e-05
)
;

boundaryField
{
    movingWall
    {
        type            calculated;
        value           uniform 0;
    }
    fixedWalls
    {
        type            calculated;
        value           uniform 0;
    }
    frontAndBack
    {
        type            empty;
    }
}


// ************************************************************************* //
