/*--------------------------------*- C++ -*----------------------------------*\
| =========                 |                                                 |
| \\      /  F ield         | OpenFOAM: The Open Source CFD Toolbox           |
|  \\    /   O peration     | Version:  2412                                  |
|   \\  /    A nd           | Website:  www.openfoam.com                      |
|    \\/     M anipulation  |                                                 |
\*---------------------------------------------------------------------------*/
FoamFile
{
    version     2.0;
    format      ascii;
    arch        "LSB;label=32;scalar=64";
    class       volVectorField;
    location    "9";
    object      U;
}
// * * * * * * * * * * * * * * * * * * * * * * * * * * * * * * * * * * * * * //

dimensions      [0 1 -1 0 0 0 0];

internalField   nonuniform List<vector> 
400
(
(0.00647854 -0.0082241 0)
(0.0120177 -0.00311115 0)
(0.00608642 0.00127358 0)
(-0.00903918 0.00589872 0)
(-0.0367619 0.0156201 0)
(-0.0769578 0.0227664 0)
(-0.118504 0.0236032 0)
(-0.156059 0.0196143 0)
(-0.184432 0.0135409 0)
(-0.201872 0.00735867 0)
(-0.209197 0.00170165 0)
(-0.207783 -0.00377368 0)
(-0.196753 -0.00936886 0)
(-0.175072 -0.0148408 0)
(-0.142678 -0.0199733 0)
(-0.101935 -0.0240283 0)
(-0.057238 -0.0242896 0)
(-0.0144415 -0.018155 0)
(0.0159836 -0.00521795 0)
(0.0122991 0.00819349 0)
(0.00131143 -0.0132367 0)
(-0.00570708 0.00432804 0)
(-0.0280902 0.0223857 0)
(-0.0658046 0.0419877 0)
(-0.109569 0.0561021 0)
(-0.151201 0.0601175 0)
(-0.183904 0.0547679 0)
(-0.206785 0.0437211 0)
(-0.221994 0.0304807 0)
(-0.231607 0.0169775 0)
(-0.236148 0.00394227 0)
(-0.23435 -0.00928507 0)
(-0.226265 -0.0235348 0)
(-0.210736 -0.0390607 0)
(-0.186135 -0.0546745 0)
(-0.151866 -0.0669643 0)
(-0.109382 -0.0696716 0)
(-0.0619505 -0.0544298 0)
(-0.0167817 -0.0196343 0)
(0.00515867 0.0152937 0)
(-0.0104863 -0.00143806 0)
(-0.0295066 0.031375 0)
(-0.0658435 0.0602476 0)
(-0.107806 0.0836144 0)
(-0.145854 0.0938529 0)
(-0.174581 0.0899042 0)
(-0.193998 0.0761021 0)
(-0.206682 0.0579686 0)
(-0.214929 0.0391229 0)
(-0.220041 0.0210851 0)
(-0.221759 0.00335411 0)
(-0.220227 -0.0147603 0)
(-0.215386 -0.0340252 0)
(-0.206968 -0.0555642 0)
(-0.194071 -0.0794412 0)
(-0.174229 -0.102662 0)
(-0.143873 -0.116959 0)
(-0.100102 -0.107903 0)
(-0.0468095 -0.0627254 0)
(-0.00391522 -5.4044e-05 0)
(-0.0160695 0.0258108 0)
(-0.0464684 0.0655136 0)
(-0.0865221 0.0991906 0)
(-0.122922 0.119575 0)
(-0.149839 0.121521 0)
(-0.166236 0.108527 0)
(-0.174918 0.0877954 0)
(-0.17885 0.0652451 0)
(-0.179825 0.0436906 0)
(-0.178882 0.0236254 0)
(-0.177225 0.00448054 0)
(-0.175434 -0.0146107 0)
(-0.173024 -0.035015 0)
(-0.1703 -0.0584181 0)
(-0.167173 -0.0862336 0)
(-0.161814 -0.117744 0)
(-0.149044 -0.146621 0)
(-0.120481 -0.156354 0)
(-0.0723967 -0.120836 0)
(-0.0162944 -0.0291784 0)
(-0.0184558 0.0589131 0)
(-0.0526128 0.101879 0)
(-0.0891787 0.133534 0)
(-0.117153 0.146185 0)
(-0.133892 0.138171 0)
(-0.140985 0.116728 0)
(-0.142192 0.090567 0)
(-0.140641 0.0650542 0)
(-0.138298 0.0420693 0)
(-0.136366 0.0215672 0)
(-0.13484 0.00257658 0)
(-0.133007 -0.0162016 0)
(-0.130894 -0.0361365 0)
(-0.128644 -0.0584845 0)
(-0.127206 -0.0850319 0)
(-0.127566 -0.117676 0)
(-0.127059 -0.155341 0)
(-0.116017 -0.186296 0)
(-0.0832721 -0.17766 0)
(-0.0308872 -0.0824336 0)
(-0.0174466 0.0927838 0)
(-0.0495187 0.135587 0)
(-0.0796263 0.161221 0)
(-0.0995644 0.1643 0)
(-0.108746 0.146536 0)
(-0.110291 0.118252 0)
(-0.108558 0.0888174 0)
(-0.106687 0.0625863 0)
(-0.105945 0.0400431 0)
(-0.105847 0.0198692 0)
(-0.105202 0.000467885 0)
(-0.103842 -0.0191852 0)
(-0.101727 -0.0397746 0)
(-0.0988143 -0.0620682 0)
(-0.0955814 -0.0869787 0)
(-0.0936538 -0.11633 0)
(-0.0945663 -0.153214 0)
(-0.0940429 -0.196555 0)
(-0.07817 -0.219294 0)
(-0.0365111 -0.1415 0)
(-0.0142585 0.123306 0)
(-0.0408486 0.163884 0)
(-0.0638211 0.182099 0)
(-0.0771408 0.175975 0)
(-0.0815411 0.150124 0)
(-0.0808387 0.11741 0)
(-0.0792539 0.0871039 0)
(-0.0788382 0.0618166 0)
(-0.0793564 0.0401449 0)
(-0.0796603 0.0199536 0)
(-0.0793762 -3.66122e-06 0)
(-0.0786265 -0.0204305 0)
(-0.0773569 -0.0420207 0)
(-0.0754798 -0.0655238 0)
(-0.0726097 -0.0913196 0)
(-0.0688376 -0.119598 0)
(-0.0662148 -0.152416 0)
(-0.066974 -0.195963 0)
(-0.0630433 -0.241719 0)
(-0.034159 -0.198132 0)
(-0.0102359 0.147539 0)
(-0.029868 0.185122 0)
(-0.0454389 0.196756 0)
(-0.0540288 0.183136 0)
(-0.0557939 0.151559 0)
(-0.0548125 0.116594 0)
(-0.0542527 0.0866262 0)
(-0.0547655 0.0621887 0)
(-0.0553847 0.0406093 0)
(-0.0554318 0.0200027 0)
(-0.0551753 -0.000274199 0)
(-0.0547845 -0.0208717 0)
(-0.0543192 -0.0427788 0)
(-0.0536691 -0.0669718 0)
(-0.0523608 -0.0941333 0)
(-0.0495014 -0.123972 0)
(-0.0455877 -0.155815 0)
(-0.0439997 -0.194529 0)
(-0.0446867 -0.247829 0)
(-0.0271837 -0.245862 0)
(-0.00589808 0.163967 0)
(-0.0180489 0.198734 0)
(-0.0268774 0.205897 0)
(-0.0320232 0.187578 0)
(-0.032444 0.152375 0)
(-0.0318742 0.116322 0)
(-0.0320733 0.0867766 0)
(-0.0328346 0.0626666 0)
(-0.0332798 0.0408283 0)
(-0.0332991 0.0198791 0)
(-0.0332584 -0.000537591 0)
(-0.0332267 -0.0211589 0)
(-0.0333343 -0.0430226 0)
(-0.0334722 -0.067309 0)
(-0.0334064 -0.0951295 0)
(-0.0321362 -0.126643 0)
(-0.0295776 -0.159793 0)
(-0.0272916 -0.195322 0)
(-0.0284995 -0.248343 0)
(-0.019319 -0.278634 0)
(-0.00135885 0.17203 0)
(-0.00626343 0.205402 0)
(-0.00912877 0.210385 0)
(-0.0112422 0.189851 0)
(-0.0109552 0.153023 0)
(-0.010884 0.116515 0)
(-0.0114773 0.0871457 0)
(-0.0121631 0.063055 0)
(-0.0124707 0.0410418 0)
(-0.0126366 0.0200182 0)
(-0.0129482 -0.000382057 0)
(-0.0133611 -0.0209522 0)
(-0.0140482 -0.0426914 0)
(-0.0148836 -0.0668988 0)
(-0.0157843 -0.0949646 0)
(-0.0158538 -0.127466 0)
(-0.0153365 -0.161841 0)
(-0.0146114 -0.196892 0)
(-0.016458 -0.246932 0)
(-0.0132483 -0.299317 0)
(0.00321599 0.171917 0)
(0.00508516 0.205842 0)
(0.00785494 0.21036 0)
(0.00880551 0.190431 0)
(0.00967684 0.153424 0)
(0.00932948 0.117044 0)
(0.00851161 0.0876144 0)
(0.00798112 0.0633574 0)
(0.00776425 0.0413333 0)
(0.00743222 0.0204669 0)
(0.00678237 0.000227321 0)
(0.00588507 -0.0201352 0)
(0.00455168 -0.0416364 0)
(0.00294037 -0.0656632 0)
(0.00110616 -0.0937907 0)
(-0.000233664 -0.126708 0)
(-0.00184912 -0.161441 0)
(-0.00371365 -0.196058 0)
(-0.00747853 -0.244172 0)
(-0.00957192 -0.311713 0)
(0.00784327 0.164206 0)
(0.016039 0.20014 0)
(0.0242526 0.205852 0)
(0.0284495 0.189118 0)
(0.0304842 0.153825 0)
(0.0298935 0.117825 0)
(0.028819 0.0880491 0)
(0.0283401 0.0635184 0)
(0.0281731 0.0416574 0)
(0.0277365 0.0211759 0)
(0.0268102 0.0013113 0)
(0.0254046 -0.0186963 0)
(0.0233985 -0.0398294 0)
(0.0209689 -0.0635442 0)
(0.0181751 -0.0914569 0)
(0.0154865 -0.12419 0)
(0.0114678 -0.158498 0)
(0.00648631 -0.192301 0)
(-0.000444173 -0.238793 0)
(-0.00746605 -0.318412 0)
(0.0124241 0.148373 0)
(0.0265529 0.189014 0)
(0.0397647 0.19718 0)
(0.0478485 0.18466 0)
(0.0520597 0.153798 0)
(0.0520351 0.119054 0)
(0.0507368 0.0887021 0)
(0.0499764 0.063588 0)
(0.0496357 0.0418222 0)
(0.0490651 0.0218319 0)
(0.0479291 0.0025922 0)
(0.0461091 -0.0167883 0)
(0.0435465 -0.0373531 0)
(0.0403684 -0.0605581 0)
(0.0365039 -0.0878155 0)
(0.0321197 -0.119519 0)
(0.0252227 -0.152375 0)
(0.0165246 -0.184846 0)
(0.00538818 -0.229701 0)
(-0.0063071 -0.32099 0)
(0.0162401 0.124963 0)
(0.0359789 0.172492 0)
(0.0537873 0.184521 0)
(0.0664128 0.176576 0)
(0.0740401 0.151576 0)
(0.0762553 0.119882 0)
(0.0756658 0.0898418 0)
(0.0746769 0.0641918 0)
(0.0738965 0.0422804 0)
(0.0729602 0.0226687 0)
(0.0715251 0.00410849 0)
(0.0693866 -0.0145034 0)
(0.0664084 -0.0343381 0)
(0.0625249 -0.0566831 0)
(0.0573324 -0.0826297 0)
(0.0506833 -0.112229 0)
(0.0400294 -0.142339 0)
(0.0268564 -0.172929 0)
(0.0104693 -0.216207 0)
(-0.00571571 -0.319335 0)
(0.0180393 0.0957904 0)
(0.0424978 0.149829 0)
(0.0649429 0.167222 0)
(0.0825469 0.163959 0)
(0.094917 0.145206 0)
(0.101485 0.118351 0)
(0.103718 0.0904618 0)
(0.103834 0.0652236 0)
(0.103151 0.0433243 0)
(0.101973 0.0239496 0)
(0.100168 0.00592171 0)
(0.0975245 -0.0118944 0)
(0.0938486 -0.0305962 0)
(0.0888978 -0.0513535 0)
(0.0817047 -0.0750846 0)
(0.0718572 -0.101489 0)
(0.0562496 -0.127735 0)
(0.0382083 -0.156166 0)
(0.0158808 -0.196951 0)
(-0.00514141 -0.313723 0)
(0.0161489 0.0661868 0)
(0.0438804 0.122712 0)
(0.0707152 0.145353 0)
(0.0936174 0.146515 0)
(0.111894 0.133479 0)
(0.124685 0.112338 0)
(0.132246 0.0885024 0)
(0.135945 0.0654827 0)
(0.13721 0.0447409 0)
(0.136883 0.0262506 0)
(0.135163 0.00919962 0)
(0.131907 -0.00736346 0)
(0.126915 -0.0246187 0)
(0.119878 -0.043442 0)
(0.109436 -0.0640839 0)
(0.0952099 -0.0861362 0)
(0.0736231 -0.108001 0)
(0.0516836 -0.134825 0)
(0.0232163 -0.172267 0)
(-0.00350531 -0.306354 0)
(0.00983031 0.0331476 0)
(0.0373693 0.0890805 0)
(0.0673328 0.116156 0)
(0.0959134 0.121597 0)
(0.120978 0.113769 0)
(0.141083 0.0984313 0)
(0.155684 0.0798038 0)
(0.165196 0.060743 0)
(0.170664 0.0427539 0)
(0.172942 0.0262253 0)
(0.172488 0.0109085 0)
(0.169159 -0.00380419 0)
(0.162733 -0.0183626 0)
(0.152875 -0.0333016 0)
(0.138278 -0.0488169 0)
(0.119261 -0.0652785 0)
(0.0916181 -0.0827068 0)
(0.0686797 -0.108615 0)
(0.0314836 -0.143234 0)
(0.000687677 -0.30153 0)
(-0.00218313 0.0335797 0)
(0.0233935 0.0696524 0)
(0.0534915 0.0891876 0)
(0.0866887 0.0947203 0)
(0.118741 0.0902542 0)
(0.146435 0.0798027 0)
(0.168343 0.0664631 0)
(0.184468 0.0524178 0)
(0.195205 0.038804 0)
(0.201143 0.0260801 0)
(0.202754 0.0142693 0)
(0.20033 0.00308507 0)
(0.193779 -0.00761591 0)
(0.182618 -0.0181779 0)
(0.165717 -0.0287708 0)
(0.14458 -0.0401001 0)
(0.113278 -0.0527862 0)
(0.0931542 -0.0756462 0)
(0.0339851 -0.107308 0)
(0.014516 -0.292947 0)
(-0.0172372 -0.00651074 0)
(-0.0112765 0.0163613 0)
(0.023189 0.0366159 0)
(0.062764 0.0474027 0)
(0.101201 0.0500203 0)
(0.13577 0.0466821 0)
(0.164662 0.0402057 0)
(0.187142 0.0324786 0)
(0.203355 0.0246177 0)
(0.21386 0.0171724 0)
(0.219221 0.0103075 0)
(0.219909 0.00401631 0)
(0.216055 -0.0019223 0)
(0.207973 -0.00757993 0)
(0.195219 -0.012863 0)
(0.180073 -0.01841 0)
(0.153323 -0.0236982 0)
(0.142246 -0.0369224 0)
(0.0370566 -0.0566947 0)
(0.0811887 -0.241593 0)
(0.0354031 0.0966792 0)
(0.0481718 0.0586221 0)
(0.0782155 0.0328895 0)
(0.111352 0.0230011 0)
(0.145087 0.0195426 0)
(0.178066 0.0175409 0)
(0.208269 0.0156965 0)
(0.234079 0.0137822 0)
(0.254881 0.0118327 0)
(0.27078 0.00993237 0)
(0.282108 0.00810118 0)
(0.289237 0.00640533 0)
(0.292461 0.00480086 0)
(0.292098 0.00324471 0)
(0.287584 0.00163833 0)
(0.281569 -6.67339e-05 0)
(0.263386 -0.00141909 0)
(0.272658 -0.00479768 0)
(0.145955 0.0005819 0)
(0.387776 -0.101072 0)
)
;

boundaryField
{
    movingWall
    {
        type            fixedValue;
        value           uniform (1 0 0);
    }
    fixedWalls
    {
        type            noSlip;
    }
    frontAndBack
    {
        type            empty;
    }
}


// ************************************************************************* //
