/*--------------------------------*- C++ -*----------------------------------*\
| =========                 |                                                 |
| \\      /  F ield         | OpenFOAM: The Open Source CFD Toolbox           |
|  \\    /   O peration     | Version:  2412                                  |
|   \\  /    A nd           | Website:  www.openfoam.com                      |
|    \\/     M anipulation  |                                                 |
\*---------------------------------------------------------------------------*/
FoamFile
{
    version     2.0;
    format      ascii;
    arch        "LSB;label=32;scalar=64";
    class       volScalarField;
    location    "0.75";
    object      nut;
}
// * * * * * * * * * * * * * * * * * * * * * * * * * * * * * * * * * * * * * //

dimensions      [0 2 -1 0 0 0 0];

internalField   nonuniform List<scalar> 
1600
(
2.77956e-06
3.26515e-06
3.73814e-06
4.09965e-06
4.37495e-06
4.59036e-06
4.76326e-06
4.90517e-06
5.02417e-06
5.12621e-06
5.21572e-06
5.29593e-06
5.36917e-06
5.43696e-06
5.5002e-06
5.55933e-06
5.61437e-06
5.66508e-06
5.71097e-06
5.75138e-06
5.78551e-06
5.81256e-06
5.83116e-06
5.83967e-06
5.83959e-06
5.82673e-06
5.80019e-06
5.75884e-06
5.70019e-06
5.62227e-06
5.5227e-06
5.39868e-06
5.2468e-06
5.06237e-06
4.83898e-06
4.56712e-06
4.23213e-06
3.81197e-06
3.28843e-06
2.79161e-06
3.27259e-06
1.03729e-05
1.55596e-05
1.87674e-05
2.08714e-05
2.23138e-05
2.33169e-05
2.40078e-05
2.44711e-05
2.47687e-05
2.49489e-05
2.50504e-05
2.51046e-05
2.51362e-05
2.51646e-05
2.52047e-05
2.52679e-05
2.53626e-05
2.5495e-05
2.56689e-05
2.58855e-05
2.6141e-05
2.64219e-05
2.67082e-05
2.69755e-05
2.7225e-05
2.74579e-05
2.76619e-05
2.77875e-05
2.78043e-05
2.7672e-05
2.73427e-05
2.67577e-05
2.58395e-05
2.44917e-05
2.2573e-05
1.98678e-05
1.60218e-05
1.02229e-05
3.2784e-06
3.76993e-06
1.61331e-05
2.66642e-05
3.36085e-05
3.8373e-05
4.17875e-05
4.42721e-05
4.60841e-05
4.73981e-05
4.83415e-05
4.90127e-05
4.94924e-05
4.98454e-05
5.01231e-05
5.03662e-05
5.06055e-05
5.08636e-05
5.11563e-05
5.14935e-05
5.18792e-05
5.23109e-05
5.27782e-05
5.32601e-05
5.37285e-05
5.41636e-05
5.45003e-05
5.47431e-05
5.48421e-05
5.47136e-05
5.42932e-05
5.35046e-05
5.22609e-05
5.04618e-05
4.79945e-05
4.46779e-05
4.0261e-05
3.43488e-05
2.62701e-05
1.51417e-05
3.76621e-06
4.15933e-06
1.99739e-05
3.46324e-05
4.48053e-05
5.19751e-05
5.71762e-05
6.10248e-05
6.38844e-05
6.60107e-05
6.75866e-05
6.87596e-05
6.96359e-05
7.03057e-05
7.08428e-05
7.13054e-05
7.17374e-05
7.21708e-05
7.26266e-05
7.31167e-05
7.36442e-05
7.42029e-05
7.4777e-05
7.53393e-05
7.58511e-05
7.62829e-05
7.65394e-05
7.66321e-05
7.64512e-05
7.59124e-05
7.49268e-05
7.33952e-05
7.12055e-05
6.82262e-05
6.42891e-05
5.9183e-05
5.26012e-05
4.40756e-05
3.27341e-05
1.80286e-05
4.1462e-06
4.46317e-06
2.26978e-05
4.04836e-05
5.32204e-05
6.237e-05
6.9112e-05
7.41639e-05
7.79803e-05
8.08564e-05
8.30138e-05
8.46234e-05
8.58328e-05
8.67593e-05
8.74967e-05
8.81185e-05
8.86802e-05
8.92216e-05
8.97688e-05
9.03355e-05
9.0924e-05
9.15255e-05
9.21196e-05
9.26743e-05
9.31474e-05
9.34725e-05
9.35973e-05
9.34601e-05
9.29492e-05
9.19701e-05
9.04183e-05
8.81797e-05
8.51271e-05
8.11129e-05
7.59544e-05
6.94117e-05
6.11418e-05
5.06298e-05
3.69658e-05
1.97905e-05
4.44155e-06
4.70633e-06
2.46855e-05
4.49083e-05
5.97361e-05
7.05341e-05
7.85726e-05
8.46433e-05
8.92537e-05
9.27503e-05
9.53904e-05
9.73762e-05
9.88737e-05
0.000100019
0.000100922
0.000101669
0.000102326
0.00010294
0.000103541
0.000104145
0.000104755
0.000105358
0.000105931
0.000106435
0.000106819
0.000106988
0.000106938
0.00010654
0.000105682
0.000104267
0.000102181
9.93014e-05
9.54938e-05
9.06031e-05
8.44381e-05
7.67435e-05
6.71541e-05
5.51186e-05
3.97851e-05
2.08686e-05
4.67774e-06
4.90554e-06
2.61501e-05
4.83124e-05
6.4857e-05
7.70311e-05
8.61643e-05
9.31039e-05
9.84005e-05
0.000102436
0.000105496
0.000107805
0.000109548
0.000110877
0.000111914
0.000112757
0.000113482
0.00011414
0.000114767
0.000115381
0.000115983
0.00011656
0.000117083
0.000117508
0.000117773
0.000117777
0.000117521
0.000116852
0.000115647
0.00011381
0.000111222
0.000107757
0.000103281
9.7637e-05
9.0632e-05
8.20058e-05
7.13838e-05
5.81535e-05
4.15999e-05
2.1474e-05
4.87211e-06
5.07199e-06
2.72268e-05
5.09483e-05
6.89093e-05
8.2235e-05
9.22938e-05
9.99754e-05
0.000105863
0.000110366
0.000113791
0.000116381
0.000118336
0.000119821
0.000120969
0.000121888
0.000122661
0.000123347
0.000123984
0.000124592
0.000125172
0.000125709
0.00012617
0.000126505
0.000126633
0.000126477
0.000125994
0.000125057
0.00012351
0.000121263
0.000118198
0.00011419
0.00010911
0.000102806
9.50892e-05
8.57005e-05
7.42641e-05
6.00987e-05
4.26569e-05
2.17273e-05
5.03654e-06
5.21349e-06
2.80063e-05
5.29903e-05
7.21164e-05
8.64073e-05
9.72482e-05
0.000105562
0.000111958
0.000116865
0.000120606
0.00012344
0.000125578
0.000127196
0.000128438
0.000129419
0.00013023
0.000130933
0.000131573
0.000132169
0.000132722
0.000133217
0.000133615
0.00013386
0.000133857
0.000133538
0.000132834
0.000131616
0.000129741
0.000127087
0.000123555
0.000119028
0.000113386
0.000106492
9.81637e-05
8.81487e-05
7.60713e-05
6.11947e-05
4.31227e-05
2.17118e-05
5.1795e-06
5.33581e-06
2.85538e-05
5.45619e-05
7.46437e-05
8.97423e-05
0.000101242
0.000110092
0.000116922
0.000122176
0.000126191
0.000129235
0.000131532
0.000133265
0.000134586
0.000135621
0.000136462
0.000137181
0.000137822
0.000138408
0.000138942
0.000139401
0.000139746
0.000139913
0.000139801
0.000139314
0.000138395
0.000136873
0.000134668
0.00013159
0.000127572
0.00012252
0.000116335
0.000108901
0.000100053
8.95412e-05
7.69847e-05
6.16086e-05
4.31204e-05
2.14946e-05
5.30701e-06
5.44336e-06
2.89202e-05
5.57509e-05
7.66209e-05
9.23927e-05
0.000104445
0.000113747
0.000120945
0.000126495
0.000130743
0.000133969
0.000136402
0.000138234
0.000139626
0.000140707
0.000141579
0.000142315
0.000142965
0.000143552
0.000144079
0.000144522
0.000144834
0.000144941
0.000144749
0.000144084
0.000142931
0.000141089
0.000138439
0.000134903
0.00013032
0.000124678
0.000117929
0.000109997
0.00010074
8.99038e-05
7.70805e-05
6.14357e-05
4.27503e-05
2.11373e-05
5.42311e-06
5.53952e-06
2.91439e-05
5.66311e-05
7.81512e-05
9.44823e-05
0.000106995
0.000116676
0.000124183
0.000129983
0.00013443
0.000137811
0.000140361
0.00014228
0.000143734
0.00014486
0.000145765
0.000146526
0.000147197
0.000147805
0.000148349
0.000148803
0.00014911
0.000149181
0.000148899
0.000148084
0.000146585
0.00014431
0.000141065
0.000136802
0.000131504
0.000125101
0.000117696
0.000109302
9.98144e-05
8.89552e-05
7.62324e-05
6.06854e-05
4.2091e-05
2.07079e-05
5.53019e-06
5.62697e-06
2.92559e-05
5.72635e-05
7.93193e-05
9.61143e-05
0.00010901
0.000119006
0.000126771
0.000132779
0.000137393
0.000140904
0.000143555
0.00014555
0.000147063
0.000148235
0.000149179
0.000149979
0.000150691
0.000151345
0.000151938
0.000152436
0.000152765
0.000152808
0.000152404
0.000151356
0.000149359
0.000146321
0.000142125
0.000136668
0.000130173
0.000122742
0.000114477
0.000105646
9.62202e-05
8.58735e-05
7.39266e-05
5.91959e-05
4.11648e-05
2.02757e-05
5.62772e-06
5.7078e-06
2.92814e-05
5.76989e-05
8.01967e-05
9.73761e-05
0.000110588
0.000120844
0.000128821
0.000135003
0.000139755
0.000143376
0.000146112
0.000148176
0.000149745
0.000150967
0.000151961
0.000152817
0.000153596
0.000154327
0.000155004
0.000155576
0.000155938
0.000155919
0.000155279
0.000153731
0.00015097
0.000146537
0.00014069
0.000133339
0.000124755
0.000115843
0.000106488
9.72324e-05
8.82565e-05
7.9206e-05
6.91228e-05
5.64452e-05
3.98746e-05
1.99024e-05
5.71174e-06
5.78361e-06
2.92412e-05
5.79797e-05
8.08433e-05
9.83417e-05
0.000111814
0.000122282
0.000130434
0.000136756
0.000141622
0.000145334
0.000148145
0.00015027
0.000151895
0.000153174
0.000154232
0.000155165
0.000156038
0.00015688
0.000157673
0.000158333
0.000158695
0.000158492
0.000157358
0.000154863
0.000150593
0.000144125
0.000135449
0.000125271
0.000113938
0.000102651
9.24008e-05
8.28164e-05
7.46317e-05
6.75785e-05
6.05234e-05
5.14711e-05
3.7894e-05
1.95851e-05
5.77513e-06
5.85561e-06
2.9152e-05
5.81407e-05
8.13092e-05
9.90734e-05
0.00011276
0.000123401
0.000131693
0.000138128
0.000143086
0.000146873
0.000149747
0.000151929
0.000153612
0.000154955
0.000156092
0.000157125
0.000158122
0.000159104
0.000160026
0.000160748
0.000160997
0.000160353
0.00015826
0.000154108
0.000147396
0.000137909
0.000125459
0.000111729
9.74904e-05
8.39262e-05
7.3282e-05
6.40683e-05
5.68769e-05
5.18156e-05
4.79456e-05
4.33699e-05
3.45974e-05
1.91211e-05
5.79653e-06
5.9247e-06
2.90273e-05
5.82108e-05
8.16358e-05
9.96231e-05
0.000113486
0.000124267
0.000132669
0.000139194
0.000144224
0.000148071
0.000150999
0.000153235
0.000154977
0.000156393
0.000157624
0.000158779
0.000159923
0.00016106
0.000162095
0.000162787
0.0001627
0.00016119
0.000157469
0.000150783
0.000140684
0.000127293
0.000110976
9.38535e-05
7.78078e-05
6.37018e-05
5.36465e-05
4.63491e-05
4.04666e-05
3.67371e-05
3.44466e-05
3.29329e-05
2.93772e-05
1.82598e-05
5.7623e-06
5.99152e-06
2.8878e-05
5.82131e-05
8.18569e-05
0.000100034
0.000114042
0.000124935
0.000133423
0.000140015
0.0001451
0.000148995
0.000151968
0.000154254
0.000156056
0.000157553
0.000158892
0.000160185
0.000161489
0.000162772
0.000163856
0.000164347
0.000163579
0.000160638
0.000154528
0.000144495
0.000130425
0.000113105
9.3694e-05
7.48827e-05
5.92334e-05
4.67864e-05
3.90136e-05
3.47513e-05
3.08097e-05
2.81266e-05
2.56693e-05
2.39159e-05
2.27863e-05
1.6694e-05
5.65192e-06
6.05651e-06
2.87128e-05
5.81663e-05
8.20001e-05
0.000100339
0.000114469
0.000125449
0.000134002
0.000140643
0.000145767
0.000149696
0.000152706
0.000155037
0.000156902
0.000158485
0.000159941
0.00016138
0.00016284
0.000164229
0.000165246
0.000165289
0.000163416
0.000158451
0.000149313
0.000135519
0.00011763
9.73251e-05
7.64234e-05
5.83888e-05
4.49835e-05
3.59275e-05
3.15299e-05
2.95096e-05
2.81881e-05
2.68006e-05
2.41209e-05
2.06874e-05
1.76214e-05
1.42703e-05
5.48256e-06
6.12004e-06
2.85385e-05
5.80854e-05
8.20873e-05
0.000100568
0.000114797
0.000125845
0.000134443
0.000141116
0.000146264
0.000150216
0.000153254
0.000155625
0.00015755
0.000159221
0.000160796
0.000162378
0.000163971
0.000165398
0.000166194
0.000165509
0.000162122
0.000154684
0.000142255
0.000124937
0.000104245
8.23465e-05
6.15259e-05
4.62097e-05
3.616e-05
3.21122e-05
2.98192e-05
2.8327e-05
2.71e-05
2.64031e-05
2.57666e-05
2.34106e-05
1.72873e-05
1.13307e-05
5.36963e-06
6.1824e-06
2.83607e-05
5.79828e-05
8.21366e-05
0.000100742
0.000115054
0.000126151
0.000134778
0.000141465
0.000146622
0.000150584
0.00015364
0.000156045
0.000158026
0.000159781
0.000161471
0.000163182
0.000164869
0.000166246
0.000166661
0.00016501
0.000159847
0.000149813
0.000134362
0.000114418
9.23549e-05
6.94554e-05
5.11092e-05
3.8475e-05
3.21344e-05
2.96143e-05
2.79074e-05
2.66241e-05
2.63625e-05
2.55862e-05
2.46863e-05
2.42439e-05
2.1698e-05
1.10957e-05
5.74217e-06
6.24389e-06
2.81841e-05
5.78681e-05
8.21649e-05
0.000100879
0.000115258
0.000126389
0.000135027
0.000141712
0.000146863
0.000150822
0.000153885
0.000156314
0.000158343
0.000160175
0.000161967
0.000163783
0.000165519
0.000166766
0.000166684
0.000163953
0.000157011
0.000144668
0.000126953
0.0001056
8.20053e-05
5.94943e-05
4.48909e-05
3.5247e-05
2.86827e-05
2.6814e-05
2.61249e-05
2.50742e-05
2.51311e-05
2.41259e-05
2.40708e-05
2.34869e-05
2.33303e-05
1.62033e-05
7.8071e-06
6.30492e-06
2.80127e-05
5.77505e-05
8.21848e-05
0.000100992
0.000115426
0.000126575
0.000135206
0.000141872
0.000147001
0.000150944
0.000154001
0.000156443
0.000158508
0.000160404
0.000162281
0.000164176
0.00016592
0.00016699
0.000166384
0.000162643
0.000154211
0.000140195
0.000121168
9.92692e-05
7.44201e-05
5.47837e-05
4.21198e-05
2.99031e-05
2.71763e-05
2.67217e-05
2.70433e-05
2.82707e-05
2.82446e-05
2.67181e-05
2.41368e-05
2.29093e-05
2.29727e-05
2.18395e-05
1.18539e-05
6.36598e-06
2.78502e-05
5.76389e-05
8.22057e-05
0.000101095
0.000115568
0.000126717
0.000135325
0.000141955
0.000147042
0.000150953
0.000153994
0.000156434
0.00015852
0.000160463
0.000162405
0.000164354
0.000166086
0.000166984
0.000165939
0.000161442
0.000152042
0.000137154
0.000117743
9.53202e-05
7.08603e-05
5.40756e-05
3.88911e-05
2.78442e-05
2.77217e-05
2.9203e-05
3.09622e-05
3.54914e-05
3.5584e-05
3.33592e-05
2.90619e-05
2.45718e-05
2.25311e-05
2.1652e-05
1.63369e-05
6.42779e-06
2.77e-05
5.75412e-05
8.22359e-05
0.000101195
0.000115692
0.000126823
0.000135386
0.00014196
0.000147004
0.000150873
0.000153879
0.000156305
0.000158398
0.000160361
0.00016233
0.000164314
0.000166039
0.000166825
0.000165527
0.000160665
0.000150941
0.000136006
0.000117017
9.4714e-05
7.1058e-05
5.40431e-05
3.76523e-05
2.7512e-05
2.87207e-05
3.13121e-05
3.34413e-05
3.85559e-05
4.19283e-05
4.15686e-05
3.51385e-05
2.73528e-05
2.29249e-05
2.14642e-05
2.0167e-05
6.49131e-06
2.75651e-05
5.74645e-05
8.22828e-05
0.000101297
0.000115798
0.000126889
0.000135386
0.000141889
0.000146853
0.00015065
0.000153603
0.000155997
0.000158082
0.000160068
0.000162081
0.000164085
0.000165795
0.00016657
0.000165274
0.00016052
0.000151161
0.000136934
0.000118701
9.67273e-05
7.35764e-05
5.7044e-05
3.99679e-05
2.83505e-05
2.84491e-05
3.06656e-05
3.22482e-05
3.6821e-05
4.37499e-05
4.89969e-05
4.53473e-05
3.32737e-05
2.37712e-05
2.17262e-05
2.27238e-05
6.55781e-06
2.74479e-05
5.74146e-05
8.23509e-05
0.000101403
0.000115882
0.000126902
0.000135301
0.000141701
0.00014656
0.000150265
0.000153144
0.000155486
0.000157544
0.000159525
0.000161558
0.000163621
0.000165433
0.000166315
0.000165211
0.000160815
0.000152028
0.000138566
0.000121262
0.000101004
7.93589e-05
6.19196e-05
4.43376e-05
3.09902e-05
2.83901e-05
2.91774e-05
3.10799e-05
3.56604e-05
4.42514e-05
5.29853e-05
5.28854e-05
4.04143e-05
2.67122e-05
2.16822e-05
2.43487e-05
6.62892e-06
2.73498e-05
5.73955e-05
8.24405e-05
0.000101502
0.000115926
0.000126838
0.000135105
0.000141353
0.000146074
0.000149657
0.000152436
0.000154702
0.000156711
0.00015867
0.000160708
0.000162808
0.000164711
0.000165803
0.000165103
0.000161424
0.000153792
0.000141886
0.000126262
0.000107925
8.77874e-05
6.94476e-05
5.24563e-05
3.63992e-05
3.01433e-05
2.91903e-05
3.06165e-05
3.47475e-05
4.55855e-05
5.8619e-05
6.03131e-05
4.80809e-05
3.05833e-05
2.2224e-05
2.54546e-05
6.70673e-06
2.72707e-05
5.74077e-05
8.25445e-05
0.000101576
0.000115893
0.00012664
0.000134723
0.000140769
0.000145302
0.000148721
0.000151364
0.000153525
0.000155457
0.00015737
0.000159399
0.000161545
0.000163584
0.000164982
0.000164878
0.000162217
0.000156054
0.000145988
0.000132352
0.000116008
9.78456e-05
7.96947e-05
6.49217e-05
4.84274e-05
3.669e-05
3.27774e-05
3.4269e-05
3.85572e-05
5.02801e-05
6.59042e-05
6.98419e-05
5.44648e-05
3.34156e-05
2.33273e-05
2.62293e-05
6.79388e-06
2.72084e-05
5.7446e-05
8.26427e-05
0.000101581
0.000115715
0.000126221
0.000134041
0.000139827
0.000144103
0.000147293
0.000149742
0.000151747
0.00015356
0.000155392
0.000157388
0.000159574
0.000161771
0.000163535
0.000164129
0.00016262
0.00015813
0.000150162
0.000138819
0.000124751
0.000108898
9.15845e-05
7.76133e-05
6.55478e-05
5.19164e-05
4.45712e-05
4.4846e-05
4.87471e-05
5.97673e-05
7.46319e-05
7.58005e-05
5.7936e-05
3.56104e-05
2.44545e-05
2.68154e-05
6.8936e-06
2.71569e-05
5.74942e-05
8.26883e-05
0.000101439
0.00011526
0.000125423
0.000132855
0.000138278
0.000142228
0.000145132
0.000147337
0.000149137
0.000150781
0.000152477
0.000154368
0.000156503
0.000158806
0.000160951
0.000162283
0.000162008
0.000159304
0.000153602
0.000144786
0.000133243
0.000119703
0.000104817
9.06078e-05
8.02781e-05
7.0014e-05
6.23106e-05
6.101e-05
6.46232e-05
7.36235e-05
8.18456e-05
7.85633e-05
5.94795e-05
3.54411e-05
2.56977e-05
2.72874e-05
7.00997e-06
2.71056e-05
5.7518e-05
8.25915e-05
0.000100977
0.000114295
0.000123912
0.000130778
0.000135682
0.000139174
0.000141679
0.000143544
0.000145056
0.000146459
0.000147958
0.000149702
0.000151761
0.000154063
0.000156386
0.000158407
0.000159364
0.000158476
0.000155138
0.000149039
0.000140302
0.000129443
0.000117344
0.000104196
9.36222e-05
8.51479e-05
7.84267e-05
7.6008e-05
7.74412e-05
8.13616e-05
8.57645e-05
8.07483e-05
5.88167e-05
3.38779e-05
2.64685e-05
2.77073e-05
7.14781e-06
2.7035e-05
5.74424e-05
8.21511e-05
9.98256e-05
0.00011235
0.000121057
0.000127091
0.000131242
0.000134073
0.000136008
0.000137384
0.000138477
0.00013952
0.000140711
0.000142205
0.000144095
0.000146367
0.000148849
0.000151177
0.000153015
0.000153859
0.0001529
0.000149634
0.000143969
0.000136118
0.000126643
0.000116348
0.000106154
9.81282e-05
9.10531e-05
8.74477e-05
8.73041e-05
8.83135e-05
8.87171e-05
7.94724e-05
5.53557e-05
3.14447e-05
2.71328e-05
2.81287e-05
7.31507e-06
2.69011e-05
5.70852e-05
8.08872e-05
9.72621e-05
0.00010834
0.000115651
0.000120432
0.000123485
0.000125371
0.000126501
0.000127187
0.000127684
0.000128203
0.000128925
0.000130003
0.000131549
0.000133602
0.000136087
0.00013876
0.000141212
0.000142957
0.000143722
0.000143193
0.000140833
0.000136386
0.00013002
0.000122323
0.000113968
0.000106939
0.00010033
9.51405e-05
9.26784e-05
9.01405e-05
8.57437e-05
7.25412e-05
4.83381e-05
2.84407e-05
2.76142e-05
2.85545e-05
7.51061e-06
2.66418e-05
5.58675e-05
7.75242e-05
9.14842e-05
0.000100097
0.000105254
0.000108199
0.000109718
0.000110332
0.000110404
0.0001102
0.000109926
0.000109754
0.000109833
0.000110295
0.000111253
0.000112781
0.000114892
0.000117491
0.00012034
0.000123054
0.000125167
0.000126217
0.000125883
0.000124161
0.00012114
0.000116657
0.000110794
0.000104959
9.92507e-05
9.35995e-05
8.85059e-05
8.29278e-05
7.43056e-05
5.99862e-05
4.07861e-05
2.65487e-05
2.79032e-05
2.90307e-05
7.7884e-06
2.57542e-05
5.2006e-05
6.90845e-05
7.84701e-05
8.32174e-05
8.53366e-05
8.59347e-05
8.56575e-05
8.48976e-05
8.39039e-05
8.28484e-05
8.18589e-05
8.10397e-05
8.04828e-05
8.02751e-05
8.05015e-05
8.12331e-05
8.25193e-05
8.43786e-05
8.67517e-05
8.94759e-05
9.22718e-05
9.47503e-05
9.65648e-05
9.733e-05
9.67916e-05
9.49028e-05
9.15767e-05
8.74689e-05
8.30911e-05
7.80055e-05
7.25908e-05
6.69619e-05
5.92021e-05
4.79691e-05
3.38791e-05
2.43578e-05
2.82825e-05
2.95963e-05
8.00923e-06
2.33009e-05
4.08417e-05
4.87389e-05
5.15035e-05
5.19864e-05
5.14472e-05
5.04705e-05
4.93433e-05
4.82104e-05
4.71427e-05
4.61855e-05
4.53701e-05
4.47196e-05
4.42515e-05
4.39801e-05
4.39316e-05
4.41614e-05
4.47265e-05
4.5658e-05
4.69638e-05
4.86193e-05
5.0555e-05
5.26375e-05
5.46844e-05
5.64599e-05
5.76881e-05
5.81581e-05
5.77122e-05
5.61393e-05
5.38626e-05
5.08562e-05
4.70978e-05
4.32469e-05
3.84417e-05
3.2042e-05
2.53233e-05
2.27467e-05
2.84393e-05
3.03017e-05
8.71567e-06
1.48285e-05
1.82797e-05
1.8948e-05
1.8942e-05
1.87008e-05
1.84205e-05
1.817e-05
1.79764e-05
1.78495e-05
1.77848e-05
1.77826e-05
1.7843e-05
1.79658e-05
1.81496e-05
1.83959e-05
1.87127e-05
1.91068e-05
1.95839e-05
2.01533e-05
2.08257e-05
2.16085e-05
2.25018e-05
2.34928e-05
2.45509e-05
2.56243e-05
2.66366e-05
2.7499e-05
2.81298e-05
2.84438e-05
2.84654e-05
2.8299e-05
2.78498e-05
2.75036e-05
2.6858e-05
2.54784e-05
2.40496e-05
2.48514e-05
2.93173e-05
3.12805e-05
1.1095e-05
8.4692e-06
9.86797e-06
1.0824e-05
1.1581e-05
1.22824e-05
1.29505e-05
1.35776e-05
1.41691e-05
1.47383e-05
1.52948e-05
1.58452e-05
1.63934e-05
1.69416e-05
1.74893e-05
1.80376e-05
1.85874e-05
1.91367e-05
1.96824e-05
2.02215e-05
2.07513e-05
2.12695e-05
2.17746e-05
2.22667e-05
2.27451e-05
2.32142e-05
2.36699e-05
2.41246e-05
2.45639e-05
2.5016e-05
2.54487e-05
2.59349e-05
2.64038e-05
2.70189e-05
2.75693e-05
2.78952e-05
2.81823e-05
2.94747e-05
3.00809e-05
3.27814e-05
2.63246e-05
3.24019e-05
3.55859e-05
3.67695e-05
3.72297e-05
3.74231e-05
3.74606e-05
3.7434e-05
3.7363e-05
3.72494e-05
3.71204e-05
3.69826e-05
3.68404e-05
3.66962e-05
3.65517e-05
3.64078e-05
3.62648e-05
3.61232e-05
3.59827e-05
3.58434e-05
3.57049e-05
3.5567e-05
3.54296e-05
3.52926e-05
3.51561e-05
3.50208e-05
3.48875e-05
3.47577e-05
3.46335e-05
3.45168e-05
3.44121e-05
3.43207e-05
3.42524e-05
3.42087e-05
3.4208e-05
3.42236e-05
3.42951e-05
3.44393e-05
3.5331e-05
3.46628e-05
)
;

boundaryField
{
    movingWall
    {
        type            nutkWallFunction;
        blending        stepwise;
        value           uniform 0;
    }
    fixedWalls
    {
        type            nutkWallFunction;
        blending        stepwise;
        value           uniform 0;
    }
    frontAndBack
    {
        type            empty;
    }
}


// ************************************************************************* //
