/*--------------------------------*- C++ -*----------------------------------*\
| =========                 |                                                 |
| \\      /  F ield         | OpenFOAM: The Open Source CFD Toolbox           |
|  \\    /   O peration     | Version:  2412                                  |
|   \\  /    A nd           | Website:  www.openfoam.com                      |
|    \\/     M anipulation  |                                                 |
\*---------------------------------------------------------------------------*/
FoamFile
{
    version     2.0;
    format      ascii;
    arch        "LSB;label=32;scalar=64";
    class       volScalarField;
    location    "0.75";
    object      p;
}
// * * * * * * * * * * * * * * * * * * * * * * * * * * * * * * * * * * * * * //

dimensions      [0 2 -2 0 0 0 0];

internalField   nonuniform List<scalar> 
1600
(
2.7026e-08
-3.94648e-06
-6.87919e-06
-7.24862e-06
-3.59987e-06
4.82437e-06
1.84092e-05
3.73352e-05
6.16712e-05
9.14249e-05
0.00012657
0.000167063
0.000212843
0.000263836
0.000319945
0.000381045
0.000446969
0.000517497
0.000592335
0.000671103
0.000753282
0.000838174
0.000925181
0.0010134
0.00110156
0.00118854
0.001273
0.00135349
0.00142853
0.0014967
0.00155667
0.00160731
0.00164776
0.0016775
0.00169653
0.00170544
0.00170559
0.0016993
0.00169012
0.00168205
3.99123e-06
5.18947e-09
-1.90449e-06
-6.44754e-07
4.59904e-06
1.42931e-05
2.8773e-05
4.82557e-05
7.28618e-05
0.000102648
0.00013763
0.000177793
0.0002231
0.000273489
0.000328871
0.000389123
0.000454076
0.000523504
0.000597107
0.000674492
0.000755144
0.000838432
0.000923684
0.00100991
0.00109607
0.00118098
0.00126335
0.00134181
0.00141494
0.00148142
0.00154
0.00158966
0.00162967
0.00165968
0.00167976
0.00169054
0.00169321
0.00168956
0.00168227
0.00167413
6.93789e-06
1.72122e-06
-3.50929e-07
2.0763e-06
9.00062e-06
2.02659e-05
3.60052e-05
5.64053e-05
8.16055e-05
0.000111697
0.000146729
0.000186721
0.000231659
0.000281501
0.000336172
0.000395559
0.0004595
0.000527772
0.000600079
0.000676033
0.000755137
0.000836781
0.000920265
0.00100466
0.00108895
0.00117197
0.00125248
0.00132918
0.00140075
0.00146592
0.00152357
0.00157281
0.00161301
0.00164392
0.00166567
0.00167879
0.00168404
0.00168219
0.00167477
0.00166485
6.89235e-06
-3.12319e-07
-4.04945e-06
-1.90898e-06
5.68837e-06
1.79386e-05
3.46498e-05
5.58744e-05
8.17013e-05
0.000112209
0.000147456
0.000187476
0.000232277
0.000281839
0.000336106
0.000394986
0.000458338
0.000525958
0.000597571
0.00067281
0.000751203
0.000832161
0.000914975
0.000998768
0.00108252
0.00116511
0.00124527
0.00132174
0.00139319
0.0014584
0.00151626
0.00156591
0.00160676
0.00163857
0.00166141
0.00167564
0.00168153
0.00167894
0.00166909
0.00165654
1.85514e-06
-7.43917e-06
-1.35608e-05
-1.28096e-05
-5.59913e-06
6.79912e-06
2.38796e-05
4.55276e-05
7.17425e-05
0.000102559
0.000138018
0.000178157
0.000222996
0.000272535
0.000326746
0.000385569
0.000448893
0.000516551
0.0005883
0.000663809
0.000742635
0.000824211
0.000907833
0.00099263
0.00107758
0.00116152
0.00124314
0.0013211
0.001394
0.00146055
0.00151956
0.00157013
0.00161162
0.00164376
0.00166658
0.00168026
0.00168472
0.00167942
0.00166599
0.00165066
-9.38065e-06
-2.05185e-05
-2.90573e-05
-3.01461e-05
-2.39528e-05
-1.20198e-05
4.90754e-06
2.65682e-05
5.28715e-05
8.37994e-05
0.00011937
0.000159614
0.000204565
0.000254245
0.000308658
0.000367782
0.00043155
0.000499839
0.000572455
0.000649107
0.000729391
0.000812763
0.000898521
0.000985783
0.00107349
0.00116038
0.00124506
0.00132601
0.0014017
0.00147064
0.00153151
0.00158326
0.0016252
0.001657
0.0016787
0.00169044
0.00169202
0.00168291
0.00166554
0.0016476
-2.74798e-05
-4.01248e-05
-5.08421e-05
-5.38557e-05
-4.89871e-05
-3.79071e-05
-2.15201e-05
-1.9522e-07
2.59055e-05
5.67203e-05
9.22465e-05
0.000132514
0.000177569
0.000227461
0.000282232
0.000341905
0.000406468
0.000475859
0.000549939
0.000628473
0.000711104
0.000797315
0.000886409
0.000977477
0.00106938
0.00116075
0.00125001
0.00133542
0.00141518
0.00148753
0.00155091
0.00160406
0.00164619
0.00167697
0.00169652
0.0017051
0.00170263
0.00168893
0.00166745
0.00164706
-5.27496e-05
-6.6581e-05
-7.91817e-05
-8.40564e-05
-8.06504e-05
-7.06676e-05
-5.5107e-05
-3.44071e-05
-8.77874e-06
2.16864e-05
5.69743e-05
9.71206e-05
0.000142192
0.000192271
0.000247448
0.000307802
0.000373389
0.000444218
0.000520228
0.000601257
0.000687006
0.000777001
0.000870553
0.000966721
0.00106427
0.00116167
0.00125712
0.00134855
0.0014338
0.0015107
0.00157732
0.00163211
0.00167415
0.00170316
0.00171945
0.0017236
0.00171594
0.00169687
0.00167102
0.00164827
-8.52732e-05
-0.000100015
-0.000114221
-0.000120841
-0.000118948
-0.000110224
-9.57146e-05
-7.58962e-05
-5.1006e-05
-2.11495e-05
1.36598e-05
5.34726e-05
9.83848e-05
0.000148524
0.000204036
0.000265071
0.000331766
0.000404222
0.000482475
0.00056646
0.000655964
0.000750579
0.00084964
0.000952167
0.00105684
0.00116194
0.00126535
0.00136461
0.00145701
0.00153984
0.00161062
0.00166738
0.001709
0.00173531
0.00174703
0.00174527
0.00173106
0.00170571
0.00167511
0.00165001
-0.000124985
-0.000140419
-0.000155992
-0.000164232
-0.000163867
-0.000156522
-0.000143258
-0.000124564
-0.000100687
-7.17298e-05
-3.76943e-05
1.49556e-06
4.59749e-05
9.59249e-05
0.000151561
0.000213117
0.000280831
0.000354916
0.000435531
0.000522741
0.000616457
0.000716373
0.000821881
0.000931985
0.00104532
0.00115991
0.00127331
0.00138253
0.00148418
0.00157473
0.0016509
0.0017101
0.00175088
0.00177328
0.00177868
0.00176913
0.00174669
0.00171391
0.00167808
0.00165063
-0.000171718
-0.000187691
-0.000204431
-0.000214185
-0.000215357
-0.000209499
-0.000197665
-0.000180345
-0.000157776
-0.000130051
-9.71492e-05
-5.896e-05
-1.53007e-05
3.40731e-05
8.94572e-05
0.000151186
0.000219615
0.000295097
0.000377945
0.000468392
0.000566522
0.000672191
0.000784922
0.000903796
0.00102728
0.00115332
0.00127905
0.00140085
0.00151445
0.00161517
0.00169853
0.00176087
0.00180027
0.00181707
0.00181371
0.00179374
0.00176089
0.00171926
0.00167767
0.0016479
-0.000225244
-0.000241639
-0.0002594
-0.000270587
-0.000273314
-0.000269056
-0.000258847
-0.000243166
-0.000222236
-0.000196129
-0.000164793
-0.000128082
-8.57564e-05
-3.75029e-05
1.70643e-05
7.8392e-05
0.000146973
0.000223324
0.000307951
0.000401302
0.000503694
0.000615219
0.000735639
0.000864193
0.000999395
0.00113902
0.00127986
0.00141755
0.0015467
0.00166116
0.0017545
0.00182124
0.00185852
0.00186715
0.00185131
0.00181706
0.00177075
0.00171857
0.00167075
0.00163894
-0.000285285
-0.000302009
-0.000320682
-0.000333251
-0.000337575
-0.000335045
-0.000326676
-0.000312928
-0.000294006
-0.000269959
-0.000240705
-0.000206054
-0.000165716
-0.000119301
-6.63313e-05
-6.23861e-06
6.1621e-05
0.000137951
0.000223485
0.00031894
0.000424936
0.000541915
0.000670022
0.000808852
0.000957169
0.00111271
0.00127202
0.00143008
0.00157996
0.00171349
0.00182144
0.00189506
0.00192923
0.00192548
0.00189098
0.0018362
0.00177188
0.00170707
0.00165288
0.00161964
-0.000351507
-0.000368485
-0.000387996
-0.000401924
-0.000407906
-0.000407256
-0.000400963
-0.000389473
-0.000372973
-0.000351489
-0.000324914
-0.00029302
-0.000255467
-0.000211797
-0.000161441
-0.000103713
-3.7811e-05
3.71677e-05
0.000122212
0.000218359
0.000326601
0.000447899
0.000582972
0.000732072
0.000894612
0.00106867
0.00125074
0.00143535
0.00161378
0.00177473
0.00190504
0.0019901
0.00201976
0.00199671
0.00193332
0.00184751
0.00175781
0.00167778
0.00161792
0.00158498
-0.000423523
-0.000440697
-0.000460994
-0.000476282
-0.000484007
-0.000485407
-0.00048145
-0.000472571
-0.000458945
-0.000440585
-0.000417366
-0.000389033
-0.000355209
-0.000315382
-0.000268908
-0.000214995
-0.000152698
-8.09142e-05
1.60894e-06
9.62348e-05
0.000204469
0.000327938
0.000468209
0.000626632
0.000803913
0.000999283
0.00120966
0.00142928
0.00164757
0.00184855
0.00201232
0.00211526
0.00213998
0.00208896
0.00198255
0.00184942
0.00172141
0.00162133
0.00155711
0.0015279
-0.000500889
-0.000518215
-0.000539266
-0.000555932
-0.000565499
-0.000569134
-0.000567791
-0.000561899
-0.000551633
-0.000537004
-0.000517884
-0.000494013
-0.000464996
-0.000430296
-0.000389222
-0.00034091
-0.000284306
-0.000218141
-0.000140929
-5.09695e-05
5.38539e-05
0.000175996
0.000318241
0.000483632
0.000675058
0.000894011
0.00113904
0.00140381
0.00167524
0.00193062
0.00213936
0.00226696
0.00228685
0.00220006
0.00203702
0.0018405
0.00165743
0.00152735
0.00145929
0.00143747
-0.00058311
-0.000600553
-0.000622337
-0.000640414
-0.000651929
-0.000657992
-0.000659545
-0.000657026
-0.000650621
-0.00064036
-0.000626132
-0.000607696
-0.000584675
-0.000556545
-0.000522617
-0.000482015
-0.000433638
-0.000376124
-0.000307839
-0.000226756
-0.000130143
-1.45402e-05
0.000124445
0.000292222
0.000494837
0.000737446
0.00102086
0.0013389
0.00167326
0.00199175
0.00225304
0.00241162
0.00242747
0.00229866
0.00206493
0.00179341
0.00155006
0.00138428
0.00131329
0.00130203
-0.000669633
-0.000687167
-0.000709673
-0.000729195
-0.000742768
-0.000751445
-0.00075617
-0.000757401
-0.000755356
-0.000750101
-0.000741574
-0.000729584
-0.000713817
-0.000693813
-0.000668957
-0.000638443
-0.000601229
-0.000555982
-0.000501061
-0.00043422
-0.000352184
-0.000250427
-0.000122692
3.92314e-05
0.000244988
0.00050373
0.000819701
0.00118597
0.00157664
0.00195161
0.00226063
0.00244756
0.00246703
0.0023111
0.00201735
0.00167117
0.00137489
0.00118373
0.00110824
0.00111381
-0.000759857
-0.000777461
-0.000800682
-0.000821685
-0.000837411
-0.000848871
-0.000857017
-0.000862347
-0.000865127
-0.000865488
-0.000863444
-0.000858901
-0.000851652
-0.000841375
-0.00082761
-0.000809735
-0.000786912
-0.000758016
-0.000721612
-0.00067547
-0.000616011
-0.000537829
-0.000432983
-0.000290809
-9.9025e-05
0.000153569
0.000471516
0.000840149
0.00122869
0.00158846
0.00186215
0.00201908
0.00206416
0.00198955
0.00178387
0.00148162
0.00117464
0.000969622
0.000872022
0.000896421
-0.000853131
-0.000870792
-0.000894724
-0.000917232
-0.000935185
-0.00094956
-0.000961333
-0.000971053
-0.00097906
-0.000985575
-0.000990725
-0.000994553
-0.000997022
-0.000998015
-0.000997332
-0.00099467
-0.000989579
-0.000981388
-0.000969156
-0.000951078
-0.000923768
-0.000881528
-0.000815654
-0.000714639
-0.000566312
-0.000363431
-0.000116523
0.000129241
0.000309241
0.000375576
0.000351046
0.000333646
0.000436678
0.000657825
0.000899771
0.00103469
0.00099155
0.000847035
0.0007331
0.000693043
-0.00094877
-0.000966482
-0.000991121
-0.00101514
-0.00103536
-0.00105273
-0.00106826
-0.00108258
-0.00109612
-0.00110921
-0.00112214
-0.00113512
-0.00114834
-0.00116197
-0.00117618
-0.00119114
-0.001207
-0.00122381
-0.00124145
-0.00125915
-0.00127453
-0.00128286
-0.00127695
-0.00124829
-0.00118969
-0.00110711
-0.00106036
-0.00117617
-0.00159101
-0.00230503
-0.00305128
-0.003495
-0.00338441
-0.00269234
-0.001589
-0.000402592
0.000464488
0.000791132
0.000766976
0.000511807
-0.00104607
-0.00106383
-0.00108917
-0.0011147
-0.00113717
-0.00115754
-0.00117687
-0.00119587
-0.0012151
-0.00123504
-0.00125614
-0.00127883
-0.00130359
-0.00133094
-0.0013615
-0.00139606
-0.00143554
-0.00148101
-0.00153361
-0.00159425
-0.00166272
-0.00173719
-0.00181549
-0.00189769
-0.00198957
-0.00213496
-0.00248341
-0.00327979
-0.00471411
-0.00659764
-0.00834591
-0.00941665
-0.00940686
-0.00829776
-0.00627772
-0.00371079
-0.00120881
0.000405564
0.000764625
0.000346532
-0.00114431
-0.00116215
-0.00118819
-0.00121516
-0.00123981
-0.00126309
-0.00128614
-0.00130979
-0.0013347
-0.00136154
-0.00139095
-0.00142364
-0.00146036
-0.00150206
-0.00154988
-0.00160529
-0.00167018
-0.00174688
-0.00183817
-0.00194718
-0.00207698
-0.00223072
-0.00241452
-0.00264176
-0.00294165
-0.00341969
-0.00432247
-0.00601201
-0.00866668
-0.0117893
-0.0144387
-0.01587
-0.0158812
-0.0145587
-0.0120918
-0.00864969
-0.00456003
-0.00094033
0.000545394
0.000250078
-0.00124281
-0.00126076
-0.00128749
-0.00131583
-0.00134251
-0.0013685
-0.00139504
-0.00142309
-0.00145347
-0.00148703
-0.00152463
-0.00156722
-0.00161592
-0.00167207
-0.00173737
-0.00181403
-0.00190494
-0.00201382
-0.00214537
-0.00230528
-0.00250047
-0.00274026
-0.00304054
-0.0034297
-0.00396624
-0.0048106
-0.00628341
-0.00883367
-0.0125292
-0.0165163
-0.019535
-0.0209704
-0.0208469
-0.0194302
-0.0169903
-0.0135741
-0.00896258
-0.00356012
-6.30398e-07
0.000189055
-0.00134094
-0.00135906
-0.00138647
-0.00141606
-0.00144449
-0.00147285
-0.0015025
-0.00153452
-0.00156993
-0.00160975
-0.00165509
-0.00170715
-0.00176736
-0.00183749
-0.00191975
-0.00201705
-0.00213324
-0.00227338
-0.00244404
-0.00265355
-0.00291261
-0.00323617
-0.0036489
-0.0041931
-0.00495135
-0.00611274
-0.00803644
-0.0111781
-0.0154885
-0.0198894
-0.022977
-0.024257
-0.023899
-0.0223459
-0.0200205
-0.0170422
-0.0129985
-0.00709906
-0.00135871
-0.000187646
-0.00143817
-0.00145653
-0.00148463
-0.00151526
-0.00154509
-0.00157532
-0.00160747
-0.00164283
-0.00168258
-0.00172795
-0.00178025
-0.00184094
-0.00191176
-0.00199481
-0.00209278
-0.00220917
-0.00234862
-0.00251726
-0.00272318
-0.00297689
-0.00329213
-0.0036882
-0.00419581
-0.00486698
-0.00579424
-0.00716638
-0.00933573
-0.0127001
-0.0171834
-0.0217
-0.0247956
-0.0259834
-0.0254534
-0.0237321
-0.021429
-0.0188039
-0.0156348
-0.0105918
-0.00388577
-0.00129195
-0.00153412
-0.00155284
-0.00158159
-0.001613
-0.0016437
-0.00167512
-0.00170899
-0.0017468
-0.00178996
-0.00183988
-0.00189807
-0.00196623
-0.00204632
-0.00214073
-0.0022525
-0.00238559
-0.00254519
-0.00273818
-0.00297362
-0.0032634
-0.00362311
-0.00407434
-0.00465009
-0.00540495
-0.00642875
-0.00788419
-0.0100748
-0.0133132
-0.0175312
-0.0219285
-0.0249853
-0.0261468
-0.0256006
-0.0238377
-0.02159
-0.0192112
-0.0167099
-0.0130265
-0.00700621
-0.00313027
-0.00162862
-0.00164786
-0.00167721
-0.00170901
-0.0017399
-0.00177159
-0.00180614
-0.0018453
-0.0018907
-0.00194391
-0.00200666
-0.0020808
-0.00216849
-0.00227231
-0.00239553
-0.00254236
-0.0027183
-0.00293061
-0.00318879
-0.0035052
-0.00389589
-0.00438248
-0.00499638
-0.00578762
-0.00683628
-0.00825852
-0.0102975
-0.0131738
-0.0168417
-0.0207022
-0.0235486
-0.0247084
-0.0242656
-0.0226656
-0.0206535
-0.018596
-0.0165658
-0.0140136
-0.00968846
-0.00514543
-0.00172183
-0.00174176
-0.00177162
-0.00180326
-0.0018334
-0.00186418
-0.00189811
-0.00193726
-0.00198351
-0.00203853
-0.00210427
-0.00218272
-0.0022761
-0.00238713
-0.00251916
-0.00267649
-0.00286469
-0.00309101
-0.00336486
-0.00369821
-0.00410629
-0.00460881
-0.00523279
-0.0060188
-0.00702774
-0.00834634
-0.0101143
-0.0124773
-0.0153919
-0.0184664
-0.0208561
-0.0219269
-0.021673
-0.0204447
-0.0188541
-0.01721
-0.0156265
-0.0137651
-0.0112075
-0.00664571
-0.00181435
-0.00183513
-0.00186531
-0.001896
-0.0019241
-0.00195246
-0.00198417
-0.00202172
-0.00206719
-0.00212238
-0.0021894
-0.00227033
-0.0023674
-0.00248331
-0.00262143
-0.00278597
-0.00298237
-0.00321757
-0.00350051
-0.00384212
-0.004256
-0.00475885
-0.00537227
-0.00612558
-0.00705951
-0.00822868
-0.00970282
-0.0115471
-0.013717
-0.015956
-0.0177485
-0.0186304
-0.0185543
-0.0177337
-0.0165871
-0.0153369
-0.0141578
-0.0126609
-0.0114557
-0.00735562
-0.00190743
-0.0019292
-0.00195926
-0.0019878
-0.0020121
-0.0020361
-0.00206366
-0.00209768
-0.00214048
-0.00219418
-0.00226075
-0.00234228
-0.00244098
-0.00255948
-0.00270102
-0.00286964
-0.00307051
-0.00330984
-0.00359627
-0.00393928
-0.00435036
-0.00484286
-0.00543266
-0.00613903
-0.00698613
-0.00800358
-0.00921891
-0.0106424
-0.0122227
-0.013785
-0.0150365
-0.015688
-0.015676
-0.0151179
-0.0142706
-0.013289
-0.0123717
-0.0110278
-0.0107149
-0.00744713
-0.00200329
-0.00202602
-0.00205511
-0.00207956
-0.00209761
-0.00211472
-0.00213577
-0.00216413
-0.00220238
-0.00225271
-0.00231704
-0.00239731
-0.00249564
-0.00261451
-0.00275693
-0.00292671
-0.00312858
-0.00336843
-0.00365358
-0.00399252
-0.00439487
-0.00487092
-0.00543146
-0.00608808
-0.00685311
-0.00773781
-0.00874672
-0.00986321
-0.0110312
-0.0121279
-0.0129736
-0.0133975
-0.0133422
-0.0128808
-0.0121719
-0.0113181
-0.010527
-0.00920835
-0.00946515
-0.00702971
-0.00210569
-0.00212891
-0.00215525
-0.00217251
-0.00218077
-0.00218771
-0.00219942
-0.00221976
-0.00225144
-0.00229656
-0.00235687
-0.0024341
-0.00253012
-0.00264717
-0.00278804
-0.00295619
-0.00315605
-0.00339291
-0.00367312
-0.00400403
-0.00439362
-0.00484991
-0.00538026
-0.0059909
-0.00668549
-0.00746331
-0.00831528
-0.00921435
-0.0101039
-0.0108921
-0.011458
-0.0116937
-0.0115563
-0.0110931
-0.0104012
-0.00954796
-0.00877554
-0.00742306
-0.00804839
-0.00604903
-0.00222077
-0.00224292
-0.00226296
-0.002268
-0.00226136
-0.00225383
-0.00225285
-0.00226256
-0.00228556
-0.00232364
-0.00237822
-0.00245065
-0.00254244
-0.00265549
-0.00279226
-0.00295594
-0.00315053
-0.00338088
-0.00365269
-0.00397235
-0.00434651
-0.00478151
-0.00528256
-0.0058522
-0.00648882
-0.00718474
-0.0079229
-0.00867181
-0.00937768
-0.00996561
-0.0103476
-0.010449
-0.0102318
-0.00971755
-0.00896491
-0.00802669
-0.00717018
-0.0056454
-0.00646221
-0.0039764
-0.00235998
-0.00237677
-0.00238304
-0.00236738
-0.00233797
-0.00231013
-0.00229235
-0.00228848
-0.00230056
-0.00232981
-0.00237705
-0.002443
-0.00252867
-0.00263547
-0.00276547
-0.00292146
-0.00310706
-0.00332674
-0.0035858
-0.00389014
-0.00424572
-0.00465791
-0.00513055
-0.00566426
-0.00625471
-0.00689047
-0.00755055
-0.00820156
-0.00879402
-0.0092635
-0.00953661
-0.00954997
-0.00927138
-0.00869781
-0.00785899
-0.00680623
-0.00580511
-0.00397066
-0.00441907
4.53218e-05
-0.00253812
-0.00253969
-0.00251745
-0.00246686
-0.00240272
-0.00234687
-0.00230763
-0.00228741
-0.00228696
-0.00230645
-0.00234567
-0.00240446
-0.00248303
-0.00258221
-0.00270351
-0.00284925
-0.00302261
-0.0032277
-0.00346945
-0.00375349
-0.00408571
-0.00447168
-0.00491506
-0.0054159
-0.00596915
-0.00656243
-0.00717376
-0.00776952
-0.00830306
-0.00871503
-0.00894024
-0.00891835
-0.00861152
-0.00799717
-0.00707559
-0.00588089
-0.00468387
-0.00243326
-0.00213711
0.00440109
-0.0028261
-0.0027782
-0.00268068
-0.00255894
-0.00243975
-0.00234633
-0.00228214
-0.0022455
-0.00223449
-0.00224689
-0.00228068
-0.00233453
-0.00240789
-0.00250097
-0.00261476
-0.0027511
-0.00291271
-0.00310316
-0.00332695
-0.00358954
-0.00389702
-0.00425523
-0.00466841
-0.00513775
-0.00565941
-0.0062222
-0.00680519
-0.00737571
-0.00788801
-0.00828526
-0.00850637
-0.00848994
-0.00818007
-0.00753134
-0.00650085
-0.00501355
-0.0032905
-0.000137798
0.000156972
0.00509286
-0.0030415
-0.00280568
-0.00260276
-0.0024754
-0.00236066
-0.0022666
-0.00220138
-0.00216356
-0.00215172
-0.00216418
-0.00219805
-0.00225136
-0.00232321
-0.0024136
-0.00252344
-0.00265446
-0.00280898
-0.00299012
-0.00320212
-0.00345024
-0.00374035
-0.00407828
-0.00446873
-0.00491385
-0.0054111
-0.00595092
-0.0065142
-0.00707013
-0.00757529
-0.00797424
-0.0082043
-0.00819686
-0.00787599
-0.00714928
-0.00587603
-0.0037257
-0.000528482
0.00520232
0.00519032
0.00939025
-0.00478746
-0.00424643
-0.00368816
-0.00313708
-0.00273312
-0.00247421
-0.00231753
-0.00222861
-0.00218615
-0.00217818
-0.00219794
-0.00224097
-0.00230467
-0.00238811
-0.00249152
-0.00261613
-0.00276413
-0.0029386
-0.00314355
-0.0033838
-0.00366483
-0.00399208
-0.00437001
-0.00480067
-0.00528173
-0.00580419
-0.00634992
-0.00688942
-0.00738071
-0.00776859
-0.00798561
-0.00795162
-0.00756412
-0.00666241
-0.00496947
-0.00182078
0.00360134
0.013582
0.018816
0.0477193
-0.00260105
0.000935411
0.000759116
-0.000471929
-0.00113637
-0.00137845
-0.0015249
-0.00164752
-0.00174332
-0.0018245
-0.0019054
-0.00199267
-0.00208916
-0.00219748
-0.00232048
-0.00246113
-0.00262278
-0.00280933
-0.00302525
-0.00327561
-0.0035658
-0.0039009
-0.00428469
-0.00471824
-0.00519801
-0.0057138
-0.00624632
-0.00676526
-0.00722738
-0.00757568
-0.00773769
-0.00762029
-0.00709788
-0.00598108
-0.00403265
-0.000582962
0.00486103
0.016532
0.0369946
0.127169
)
;

boundaryField
{
    movingWall
    {
        type            zeroGradient;
    }
    fixedWalls
    {
        type            zeroGradient;
    }
    frontAndBack
    {
        type            empty;
    }
}


// ************************************************************************* //
