/*--------------------------------*- C++ -*----------------------------------*\
| =========                 |                                                 |
| \\      /  F ield         | OpenFOAM: The Open Source CFD Toolbox           |
|  \\    /   O peration     | Version:  2412                                  |
|   \\  /    A nd           | Website:  www.openfoam.com                      |
|    \\/     M anipulation  |                                                 |
\*---------------------------------------------------------------------------*/
FoamFile
{
    version     2.0;
    format      ascii;
    arch        "LSB;label=32;scalar=64";
    class       surfaceScalarField;
    location    "0.75";
    object      phi;
}
// * * * * * * * * * * * * * * * * * * * * * * * * * * * * * * * * * * * * * //

dimensions      [0 3 -1 0 0 0 0];

oriented        oriented;

internalField   nonuniform List<scalar> 
3120
(
1.25109e-10
-1.27681e-10
-5.1838e-09
5.30881e-09
-1.58546e-08
1.06706e-08
-3.00986e-08
1.4244e-08
-4.63823e-08
1.62836e-08
-6.36998e-08
1.73174e-08
-8.14309e-08
1.77311e-08
-9.91928e-08
1.77618e-08
-1.16745e-07
1.75526e-08
-1.33934e-07
1.71888e-08
-1.50654e-07
1.67191e-08
-1.66821e-07
1.61676e-08
-1.82362e-07
1.55405e-08
-1.97193e-07
1.48316e-08
-2.11219e-07
1.40252e-08
-2.24318e-07
1.30995e-08
-2.36347e-07
1.20288e-08
-2.47133e-07
1.07859e-08
-2.56477e-07
9.34424e-09
-2.64157e-07
7.67917e-09
-2.6992e-07
5.76333e-09
-2.7349e-07
3.56986e-09
-2.7468e-07
1.19066e-09
-2.73204e-07
-1.47627e-09
-2.6884e-07
-4.36465e-09
-2.61406e-07
-7.43414e-09
-2.50787e-07
-1.06186e-08
-2.36953e-07
-1.38337e-08
-2.19976e-07
-1.69771e-08
-2.00041e-07
-1.99349e-08
-1.77464e-07
-2.25777e-08
-1.52698e-07
-2.47659e-08
-1.26328e-07
-2.63701e-08
-9.90977e-08
-2.72302e-08
-7.19835e-08
-2.71143e-08
-4.63039e-08
-2.56796e-08
-2.39069e-08
-2.23971e-08
-7.32236e-09
-1.65846e-08
7.0216e-10
-8.02457e-09
7.02142e-10
-5.33148e-09
5.20375e-09
-1.77831e-08
1.77604e-08
-3.49e-08
2.77874e-08
-5.50401e-08
3.4384e-08
-7.70731e-08
3.83164e-08
-1.00205e-07
4.04489e-08
-1.23877e-07
4.14038e-08
-1.47695e-07
4.15791e-08
-1.71367e-07
4.1225e-08
-1.94674e-07
4.04956e-08
-2.17436e-07
3.94808e-08
-2.39494e-07
3.82252e-08
-2.60694e-07
3.67405e-08
-2.80876e-07
3.50143e-08
-2.99867e-07
3.30156e-08
-3.17469e-07
3.07012e-08
-3.3346e-07
2.802e-08
-3.47592e-07
2.49182e-08
-3.59592e-07
2.13442e-08
-3.69166e-07
1.72528e-08
-3.76012e-07
1.26091e-08
-3.79842e-07
7.39976e-09
-3.80319e-07
1.66817e-09
-3.77216e-07
-4.5798e-09
-3.70315e-07
-1.12652e-08
-3.59482e-07
-1.82676e-08
-3.44665e-07
-2.54352e-08
-3.25925e-07
-3.25736e-08
-3.03438e-07
-3.94645e-08
-2.77502e-07
-4.58712e-08
-2.48538e-07
-5.15417e-08
-2.17087e-07
-5.62165e-08
-1.83839e-07
-5.96186e-08
-1.49622e-07
-6.14469e-08
-1.15417e-07
-6.13197e-08
-8.23989e-08
-5.86972e-08
-5.2037e-08
-5.27591e-08
-2.62366e-08
-4.2385e-08
-7.62413e-09
-2.6637e-08
-6.92202e-09
-1.0851e-08
1.60547e-08
-2.79881e-08
3.48975e-08
-4.79927e-08
4.77919e-08
-6.99259e-08
5.63171e-08
-9.32517e-08
6.16422e-08
-1.17518e-07
6.47152e-08
-1.42341e-07
6.62264e-08
-1.67399e-07
6.66374e-08
-1.92424e-07
6.62499e-08
-2.17184e-07
6.52559e-08
-2.41473e-07
6.37692e-08
-2.65094e-07
6.18466e-08
-2.87856e-07
5.95019e-08
-3.09557e-07
5.67158e-08
-3.29985e-07
5.34438e-08
-3.48908e-07
4.96237e-08
-3.6607e-07
4.51821e-08
-3.81194e-07
4.00427e-08
-3.93983e-07
3.4133e-08
-4.04124e-07
2.73933e-08
-4.113e-07
1.97849e-08
-4.15203e-07
1.13029e-08
-4.15525e-07
1.98986e-09
-4.1202e-07
-8.08467e-09
-4.04496e-07
-1.87887e-08
-3.92837e-07
-2.99269e-08
-3.77026e-07
-4.12467e-08
-3.57159e-07
-5.24403e-08
-3.33456e-07
-6.31678e-08
-3.06262e-07
-7.3065e-08
-2.76048e-07
-8.17558e-08
-2.43401e-07
-8.88631e-08
-2.09013e-07
-9.40067e-08
-1.73669e-07
-9.67911e-08
-1.38228e-07
-9.6761e-08
-1.03606e-07
-9.33187e-08
-7.07664e-08
-8.55989e-08
-4.07671e-08
-7.23844e-08
-1.53306e-08
-5.20736e-08
-2.22526e-08
-1.46711e-08
3.07259e-08
-3.48859e-08
5.51123e-08
-5.67991e-08
6.97051e-08
-7.97904e-08
7.93084e-08
-1.03674e-07
8.55258e-08
-1.2826e-07
8.93014e-08
-1.5333e-07
9.12956e-08
-1.78655e-07
9.19626e-08
-2.04015e-07
9.161e-08
-2.29197e-07
9.04383e-08
-2.53996e-07
8.85676e-08
-2.78206e-07
8.60568e-08
-3.0162e-07
8.29158e-08
-3.2402e-07
7.91158e-08
-3.45174e-07
7.45978e-08
-3.64831e-07
6.92806e-08
-3.82719e-07
6.30697e-08
-3.98543e-07
5.58668e-08
-4.1199e-07
4.758e-08
-4.22732e-07
3.81356e-08
-4.30437e-07
2.74899e-08
-4.34779e-07
1.56442e-08
-4.35445e-07
2.65654e-09
-4.32174e-07
-1.13558e-08
-4.24764e-07
-2.61988e-08
-4.13095e-07
-4.15962e-08
-3.97152e-07
-5.719e-08
-3.77036e-07
-7.25562e-08
-3.52978e-07
-8.72257e-08
-3.25342e-07
-1.00701e-07
-2.94621e-07
-1.12477e-07
-2.61417e-07
-1.22067e-07
-2.2642e-07
-1.29004e-07
-1.9037e-07
-1.32841e-07
-1.54024e-07
-1.33108e-07
-1.18105e-07
-1.29238e-07
-8.32607e-08
-1.20443e-07
-5.01379e-08
-1.05507e-07
-2.02352e-08
-8.19763e-08
-4.24879e-08
-1.69844e-08
4.77103e-08
-3.92055e-08
7.73333e-08
-6.25447e-08
9.30443e-08
-8.64355e-08
1.03199e-07
-1.1083e-07
1.09921e-07
-1.35688e-07
1.14159e-07
-1.60911e-07
1.16519e-07
-1.8636e-07
1.17411e-07
-2.1187e-07
1.17121e-07
-2.37267e-07
1.15835e-07
-2.62364e-07
1.13665e-07
-2.86966e-07
1.10659e-07
-3.10866e-07
1.06816e-07
-3.33843e-07
1.02092e-07
-3.55657e-07
9.64118e-08
-3.76048e-07
8.96719e-08
-3.94733e-07
8.17547e-08
-4.11404e-07
7.25381e-08
-4.25732e-07
6.19078e-08
-4.37369e-07
4.97722e-08
-4.45957e-07
3.60784e-08
-4.51142e-07
2.08293e-08
-4.52585e-07
4.09905e-09
-4.49986e-07
-1.39548e-08
-4.43107e-07
-3.30777e-08
-4.31795e-07
-5.29083e-08
-4.16005e-07
-7.29798e-08
-3.95818e-07
-9.27431e-08
-3.71456e-07
-1.11588e-07
-3.43289e-07
-1.28868e-07
-3.11824e-07
-1.43941e-07
-2.77691e-07
-1.56201e-07
-2.41593e-07
-1.65101e-07
-2.0427e-07
-1.70165e-07
-1.66432e-07
-1.70945e-07
-1.2872e-07
-1.6695e-07
-9.16701e-08
-1.57493e-07
-5.58613e-08
-1.41316e-07
-2.29329e-08
-1.14905e-07
-6.54208e-08
-1.82879e-08
6.59982e-08
-4.17957e-08
1.00841e-07
-6.62042e-08
1.17453e-07
-9.08873e-08
1.27882e-07
-1.15818e-07
1.34851e-07
-1.41021e-07
1.39362e-07
-1.66476e-07
1.41973e-07
-1.92112e-07
1.43047e-07
-2.17821e-07
1.4283e-07
-2.43468e-07
1.41482e-07
-2.68895e-07
1.39092e-07
-2.93928e-07
1.35692e-07
-3.18373e-07
1.3126e-07
-3.42015e-07
1.25734e-07
-3.64617e-07
1.19014e-07
-3.85918e-07
1.10973e-07
-4.05628e-07
1.01464e-07
-4.23426e-07
9.0336e-08
-4.38964e-07
7.74462e-08
-4.5187e-07
6.26776e-08
-4.6175e-07
4.59592e-08
-4.68207e-07
2.72862e-08
-4.7085e-07
6.7418e-09
-4.69319e-07
-1.54861e-08
-4.63309e-07
-3.90878e-08
-4.52601e-07
-6.36159e-08
-4.3709e-07
-8.84906e-08
-4.1681e-07
-1.13024e-07
-3.91956e-07
-1.36442e-07
-3.62898e-07
-1.57926e-07
-3.30175e-07
-1.76665e-07
-2.94462e-07
-1.91914e-07
-2.56527e-07
-2.03036e-07
-2.17165e-07
-2.09526e-07
-1.77131e-07
-2.10979e-07
-1.37085e-07
-2.06996e-07
-9.76041e-08
-1.96974e-07
-5.93756e-08
-1.79545e-07
-2.42957e-08
-1.49985e-07
-8.97165e-08
-1.89656e-08
8.49638e-08
-4.3279e-08
1.25155e-07
-6.84757e-08
1.42649e-07
-9.38372e-08
1.53244e-07
-1.19306e-07
1.6032e-07
-1.44923e-07
1.64979e-07
-1.70708e-07
1.67759e-07
-1.9664e-07
1.68979e-07
-2.22656e-07
1.68846e-07
-2.48662e-07
1.67487e-07
-2.74533e-07
1.64963e-07
-3.0012e-07
1.61279e-07
-3.25252e-07
1.56392e-07
-3.4973e-07
1.50212e-07
-3.73326e-07
1.42611e-07
-3.95783e-07
1.3343e-07
-4.16809e-07
1.2249e-07
-4.36075e-07
1.09602e-07
-4.53212e-07
9.45829e-08
-4.67815e-07
7.72804e-08
-4.79446e-07
5.75908e-08
-4.87648e-07
3.54879e-08
-4.91954e-07
1.10483e-08
-4.91917e-07
-1.55241e-08
-4.8713e-07
-4.38746e-08
-4.77272e-07
-7.34738e-08
-4.6214e-07
-1.03622e-07
-4.41691e-07
-1.33473e-07
-4.16075e-07
-1.62058e-07
-3.85661e-07
-1.88339e-07
-3.51035e-07
-2.11291e-07
-3.12966e-07
-2.29982e-07
-2.7235e-07
-2.43652e-07
-2.3012e-07
-2.51756e-07
-1.87163e-07
-2.53936e-07
-1.44259e-07
-2.499e-07
-1.02111e-07
-2.39122e-07
-6.15867e-08
-2.20068e-07
-2.4869e-08
-1.86703e-07
-1.14585e-07
-1.92621e-08
1.04226e-07
-4.4058e-08
1.4995e-07
-6.98255e-08
1.68417e-07
-9.57539e-08
1.79172e-07
-1.21737e-07
1.86303e-07
-1.47807e-07
1.91049e-07
-1.74001e-07
1.93953e-07
-2.0033e-07
1.95307e-07
-2.26767e-07
1.95283e-07
-2.53255e-07
1.93975e-07
-2.79704e-07
1.91412e-07
-3.05997e-07
1.87572e-07
-3.31988e-07
1.82383e-07
-3.57502e-07
1.75726e-07
-3.8233e-07
1.67438e-07
-4.06225e-07
1.57326e-07
-4.28899e-07
1.45164e-07
-4.50015e-07
1.30718e-07
-4.69186e-07
1.13753e-07
-4.8597e-07
9.40644e-08
-4.99876e-07
7.14965e-08
-5.10367e-07
4.59795e-08
-5.16881e-07
1.75616e-08
-5.18845e-07
-1.35601e-08
-5.15714e-07
-4.7005e-08
-5.07018e-07
-8.21698e-08
-4.9241e-07
-1.18231e-07
-4.71727e-07
-1.54157e-07
-4.45049e-07
-1.88736e-07
-4.12739e-07
-2.20649e-07
-3.75459e-07
-2.48572e-07
-3.34131e-07
-2.7131e-07
-2.89866e-07
-2.87918e-07
-2.4384e-07
-2.97782e-07
-1.97173e-07
-3.00604e-07
-1.5085e-07
-2.96222e-07
-1.05753e-07
-2.84219e-07
-6.29533e-08
-2.62868e-07
-2.49136e-08
-2.24742e-07
-1.39499e-07
-1.93279e-08
1.23554e-07
-4.4386e-08
1.75008e-07
-7.05572e-08
1.94588e-07
-9.69501e-08
2.05565e-07
-1.23407e-07
2.1276e-07
-1.49941e-07
2.17583e-07
-1.76595e-07
2.20606e-07
-2.03397e-07
2.2211e-07
-2.30352e-07
2.22239e-07
-2.57435e-07
2.21058e-07
-2.84593e-07
2.18569e-07
-3.11741e-07
2.14721e-07
-3.38768e-07
2.0941e-07
-3.65527e-07
2.02485e-07
-3.91836e-07
1.93747e-07
-4.17467e-07
1.82957e-07
-4.42143e-07
1.6984e-07
-4.65527e-07
1.54102e-07
-4.87215e-07
1.35441e-07
-5.06728e-07
1.13578e-07
-5.23513e-07
8.82817e-08
-5.36942e-07
5.94083e-08
-5.46324e-07
2.69434e-08
-5.50932e-07
-8.95201e-09
-5.50026e-07
-4.79114e-08
-5.42928e-07
-8.92675e-08
-5.29084e-07
-1.32075e-07
-5.08152e-07
-1.75089e-07
-4.80098e-07
-2.1679e-07
-4.45269e-07
-2.55477e-07
-4.04435e-07
-2.89406e-07
-3.58756e-07
-3.16989e-07
-3.09677e-07
-3.36997e-07
-2.58753e-07
-3.48706e-07
-2.07463e-07
-3.51893e-07
-1.57084e-07
-3.46602e-07
-1.08712e-07
-3.32591e-07
-6.3611e-08
-3.0797e-07
-2.45047e-08
-2.63849e-07
-1.64004e-07
-1.92504e-08
1.42804e-07
-4.44179e-08
2.00176e-07
-7.0865e-08
2.21035e-07
-9.76307e-08
2.32331e-07
-1.24512e-07
2.39641e-07
-1.51499e-07
2.4457e-07
-1.78633e-07
2.4774e-07
-2.05957e-07
2.49434e-07
-2.33501e-07
2.49782e-07
-2.61269e-07
2.48826e-07
-2.89244e-07
2.46544e-07
-3.17381e-07
2.42858e-07
-3.45606e-07
2.37634e-07
-3.7381e-07
2.30689e-07
-4.01845e-07
2.21782e-07
-4.29514e-07
2.10626e-07
-4.56562e-07
1.96888e-07
-4.8266e-07
1.802e-07
-5.07397e-07
1.60178e-07
-5.30261e-07
1.36442e-07
-5.50633e-07
1.08653e-07
-5.67778e-07
7.65529e-08
-5.80848e-07
4.00141e-08
-5.88929e-07
-8.71336e-10
-5.91006e-07
-4.58344e-08
-5.86127e-07
-9.41467e-08
-5.73435e-07
-1.44767e-07
-5.52321e-07
-1.96203e-07
-5.22563e-07
-2.46548e-07
-4.84468e-07
-2.93572e-07
-4.3895e-07
-3.34924e-07
-3.87522e-07
-3.68418e-07
-3.3214e-07
-3.92378e-07
-2.74939e-07
-4.05908e-07
-2.17926e-07
-4.08906e-07
-1.62767e-07
-4.0176e-07
-1.10795e-07
-3.84564e-07
-6.34184e-08
-3.55347e-07
-2.35753e-08
-3.03692e-07
-1.87579e-07
-1.90757e-08
1.6188e-07
-4.42476e-08
2.25348e-07
-7.08695e-08
2.47657e-07
-9.79244e-08
2.59386e-07
-1.25171e-07
2.66888e-07
-1.52581e-07
2.7198e-07
-1.80191e-07
2.75351e-07
-2.08057e-07
2.77299e-07
-2.36227e-07
2.77952e-07
-2.6474e-07
2.77339e-07
-2.93613e-07
2.75417e-07
-3.22844e-07
2.72088e-07
-3.52402e-07
2.67193e-07
-3.82227e-07
2.60513e-07
-4.12216e-07
2.51771e-07
-4.42216e-07
2.40627e-07
-4.72008e-07
2.2668e-07
-5.0129e-07
2.09482e-07
-5.29654e-07
1.88542e-07
-5.56568e-07
1.63356e-07
-5.81349e-07
1.33434e-07
-6.03148e-07
9.83516e-08
-6.20942e-07
5.78087e-08
-6.33528e-07
1.1714e-08
-6.39619e-07
-3.97427e-08
-6.37834e-07
-9.59315e-08
-6.26892e-07
-1.55709e-07
-6.05777e-07
-2.17318e-07
-5.73967e-07
-2.78357e-07
-5.31666e-07
-3.35873e-07
-4.79969e-07
-3.86621e-07
-4.20901e-07
-4.27485e-07
-3.57205e-07
-4.56075e-07
-2.91904e-07
-4.71209e-07
-2.27798e-07
-4.73012e-07
-1.67085e-07
-4.62473e-07
-1.1131e-07
-4.40339e-07
-6.19124e-08
-4.04744e-07
-2.19221e-08
-3.43682e-07
-2.09501e-07
-1.88305e-08
1.8071e-07
-4.39298e-08
2.50447e-07
-7.06416e-08
2.74369e-07
-9.79061e-08
2.8665e-07
-1.25453e-07
2.94435e-07
-1.53238e-07
2.99765e-07
-1.81295e-07
3.03408e-07
-2.09689e-07
3.05694e-07
-2.38492e-07
3.06755e-07
-2.67771e-07
3.06618e-07
-2.97584e-07
3.05231e-07
-3.27974e-07
3.02478e-07
-3.58964e-07
2.98183e-07
-3.90549e-07
2.92098e-07
-4.22688e-07
2.8391e-07
-4.55287e-07
2.73226e-07
-4.88184e-07
2.59577e-07
-5.21124e-07
2.42422e-07
-5.5373e-07
2.21148e-07
-5.85465e-07
1.95091e-07
-6.15596e-07
1.63566e-07
-6.43159e-07
1.25914e-07
-6.66926e-07
8.15759e-08
-6.85398e-07
3.01856e-08
-6.96844e-07
-2.82967e-08
-6.99365e-07
-9.34098e-08
-6.91069e-07
-1.64005e-07
-6.70323e-07
-2.38065e-07
-6.36105e-07
-3.12575e-07
-5.88385e-07
-3.83593e-07
-5.28452e-07
-4.46554e-07
-4.59059e-07
-4.96879e-07
-3.84155e-07
-5.30978e-07
-3.08179e-07
-5.47185e-07
-2.35187e-07
-5.46004e-07
-1.68146e-07
-5.29514e-07
-1.08737e-07
-4.99748e-07
-5.81476e-08
-4.55334e-07
-1.91739e-08
-3.82656e-07
-2.28675e-07
-1.85328e-08
1.99243e-07
-4.34932e-08
2.75407e-07
-7.02178e-08
3.01093e-07
-9.76129e-08
3.14045e-07
-1.25386e-07
3.22208e-07
-1.5348e-07
3.27859e-07
-1.8193e-07
3.31858e-07
-2.10811e-07
3.34574e-07
-2.40214e-07
3.36159e-07
-2.70241e-07
3.36644e-07
-3.0099e-07
3.3598e-07
-3.32557e-07
3.34045e-07
-3.65024e-07
3.3065e-07
-3.98456e-07
3.2553e-07
-4.32887e-07
3.18341e-07
-4.68307e-07
3.08645e-07
-5.04634e-07
2.95905e-07
-5.41693e-07
2.79481e-07
-5.79166e-07
2.58621e-07
-6.16548e-07
2.32472e-07
-6.53082e-07
2.001e-07
-6.87706e-07
1.60537e-07
-7.18975e-07
1.12845e-07
-7.45026e-07
5.62373e-08
-7.63599e-07
-9.72432e-09
-7.72103e-07
-8.49051e-08
-7.67814e-07
-1.68294e-07
-7.48176e-07
-2.57703e-07
-7.11332e-07
-3.49419e-07
-6.56732e-07
-4.38193e-07
-5.85751e-07
-5.17535e-07
-5.02089e-07
-5.80541e-07
-4.11575e-07
-6.21492e-07
-3.2096e-07
-6.378e-07
-2.36436e-07
-6.30528e-07
-1.62258e-07
-6.03692e-07
-1.00133e-07
-5.61873e-07
-5.03367e-08
-5.0513e-07
-1.46413e-08
-4.18351e-07
-2.43316e-07
-1.81914e-08
2.17435e-07
-4.29505e-08
3.00167e-07
-6.96131e-08
3.27756e-07
-9.70572e-08
3.41489e-07
-1.24973e-07
3.50124e-07
-1.53295e-07
3.56181e-07
-1.82059e-07
3.60621e-07
-2.1135e-07
3.63865e-07
-2.41283e-07
3.66093e-07
-2.71992e-07
3.67353e-07
-3.03621e-07
3.67609e-07
-3.36322e-07
3.66745e-07
-3.70246e-07
3.64574e-07
-4.05541e-07
3.60825e-07
-4.42335e-07
3.55135e-07
-4.80721e-07
3.47032e-07
-5.20737e-07
3.3592e-07
-5.62319e-07
3.21063e-07
-6.05259e-07
3.01561e-07
-6.49127e-07
2.76341e-07
-6.93199e-07
2.44172e-07
-7.36341e-07
2.0368e-07
-7.76904e-07
1.53407e-07
-8.12636e-07
9.19699e-08
-8.40663e-07
1.83025e-08
-8.57549e-07
-6.80187e-08
-8.59474e-07
-1.6637e-07
-8.42543e-07
-2.74633e-07
-8.03489e-07
-3.88473e-07
-7.40665e-07
-5.01017e-07
-6.5515e-07
-6.0305e-07
-5.51628e-07
-6.84063e-07
-4.38658e-07
-7.34462e-07
-3.26801e-07
-7.49658e-07
-2.26105e-07
-7.31223e-07
-1.43405e-07
-6.86392e-07
-8.04625e-08
-6.24815e-07
-3.53661e-08
-5.50227e-07
-7.13594e-09
-4.46581e-07
-2.50452e-07
-1.78086e-08
2.35243e-07
-4.23049e-08
3.24663e-07
-6.88299e-08
3.54281e-07
-9.62367e-08
3.68896e-07
-1.24201e-07
3.78089e-07
-1.52652e-07
3.84631e-07
-1.81625e-07
3.89594e-07
-2.11218e-07
3.93458e-07
-2.41568e-07
3.96443e-07
-2.72843e-07
3.98629e-07
-3.05235e-07
4.00001e-07
-3.38957e-07
4.00467e-07
-3.74238e-07
3.99856e-07
-4.11321e-07
3.97907e-07
-4.50445e-07
3.94259e-07
-4.91839e-07
3.88425e-07
-5.35687e-07
3.79769e-07
-5.82092e-07
3.67467e-07
-6.31005e-07
3.50474e-07
-6.82146e-07
3.27482e-07
-7.3489e-07
2.96916e-07
-7.88105e-07
2.56894e-07
-8.39999e-07
2.05301e-07
-8.87986e-07
1.39956e-07
-9.28586e-07
5.8903e-08
-9.57444e-07
-3.91612e-08
-9.69411e-07
-1.54402e-07
-9.58788e-07
-2.85256e-07
-9.20041e-07
-4.2722e-07
-8.49322e-07
-5.71736e-07
-7.46409e-07
-7.05962e-07
-6.16485e-07
-8.13987e-07
-4.7125e-07
-8.79696e-07
-3.27184e-07
-8.93724e-07
-2.01078e-07
-8.57329e-07
-1.05453e-07
-7.82017e-07
-4.33492e-08
-6.86919e-07
-8.92679e-09
-5.84649e-07
4.59145e-09
-4.60099e-07
-2.45861e-07
-1.73843e-08
2.52627e-07
-4.15555e-08
3.48834e-07
-6.78652e-08
3.80591e-07
-9.51435e-08
3.96175e-07
-1.23053e-07
4.05998e-07
-1.51515e-07
4.13093e-07
-1.80568e-07
4.18647e-07
-2.10321e-07
4.23211e-07
-2.40931e-07
4.27054e-07
-2.72602e-07
4.30299e-07
-3.05574e-07
4.32972e-07
-3.40124e-07
4.35017e-07
-3.76566e-07
4.36298e-07
-4.15248e-07
4.36589e-07
-4.56541e-07
4.35552e-07
-5.00831e-07
4.32715e-07
-5.4849e-07
4.27428e-07
-5.99833e-07
4.18811e-07
-6.55043e-07
4.05684e-07
-7.14074e-07
3.86513e-07
-7.765e-07
3.59341e-07
-8.41322e-07
3.21716e-07
-9.06777e-07
2.70756e-07
-9.70138e-07
2.03318e-07
-1.02755e-06
1.16312e-07
-1.07391e-06
7.20142e-09
-1.10277e-06
-1.25537e-07
-1.10636e-06
-2.81673e-07
-1.07599e-06
-4.57592e-07
-1.00415e-06
-6.4357e-07
-8.87281e-07
-8.22834e-07
-7.28904e-07
-9.72365e-07
-5.42183e-07
-1.06642e-06
-3.49695e-07
-1.08621e-06
-1.78918e-07
-1.02811e-06
-5.49662e-08
-9.05969e-07
1.16057e-08
-7.53491e-07
3.16779e-08
-6.04721e-07
2.27775e-08
-4.51199e-07
-2.23083e-07
-1.69179e-08
2.69545e-07
-4.07014e-08
3.72618e-07
-6.67171e-08
4.06606e-07
-9.37716e-08
4.23229e-07
-1.21513e-07
4.3374e-07
-1.49855e-07
4.41435e-07
-1.78835e-07
4.47628e-07
-2.08572e-07
4.52947e-07
-2.39242e-07
4.57724e-07
-2.71081e-07
4.62138e-07
-3.04377e-07
4.66268e-07
-3.39473e-07
4.70114e-07
-3.76771e-07
4.73597e-07
-4.16731e-07
4.76548e-07
-4.59868e-07
4.7869e-07
-5.06748e-07
4.79595e-07
-5.57963e-07
4.78644e-07
-6.14091e-07
4.74939e-07
-6.75615e-07
4.67208e-07
-7.42822e-07
4.5372e-07
-8.15626e-07
4.32146e-07
-8.93384e-07
3.99474e-07
-9.74676e-07
3.52048e-07
-1.0571e-06
2.8574e-07
-1.13703e-06
1.96241e-07
-1.20933e-06
7.95023e-08
-1.26716e-06
-6.77051e-08
-1.30137e-06
-2.47465e-07
-1.30062e-06
-4.58345e-07
-1.2529e-06
-6.91288e-07
-1.14802e-06
-9.27716e-07
-9.81107e-07
-1.13927e-06
-7.57852e-07
-1.28967e-06
-4.99705e-07
-1.34436e-06
-2.46811e-07
-1.281e-06
-4.85349e-08
-1.10425e-06
5.83812e-08
-8.60407e-07
7.72016e-08
-6.23542e-07
4.52566e-08
-4.19254e-07
-1.77827e-07
-1.64109e-08
2.85956e-07
-3.97462e-08
3.95953e-07
-6.53904e-08
4.32251e-07
-9.21243e-08
4.49963e-07
-1.19578e-07
4.61194e-07
-1.47655e-07
4.69512e-07
-1.76389e-07
4.76362e-07
-2.05902e-07
4.8246e-07
-2.36388e-07
4.88211e-07
-2.68111e-07
4.93861e-07
-3.01403e-07
4.9956e-07
-3.36671e-07
5.05381e-07
-3.744e-07
5.11326e-07
-4.15165e-07
5.17313e-07
-4.59631e-07
5.23155e-07
-5.08555e-07
5.28519e-07
-5.62772e-07
5.32861e-07
-6.23159e-07
5.35325e-07
-6.90563e-07
5.34612e-07
-7.65702e-07
5.28859e-07
-8.49019e-07
5.15463e-07
-9.40528e-07
4.90983e-07
-1.03967e-06
4.51196e-07
-1.14519e-06
3.91253e-07
-1.25488e-06
3.05935e-07
-1.36539e-06
1.90007e-07
-1.47195e-06
3.88593e-08
-1.56783e-06
-1.51585e-07
-1.64264e-06
-3.83537e-07
-1.67992e-06
-6.54006e-07
-1.65456e-06
-9.53077e-07
-1.53763e-06
-1.2562e-06
-1.31087e-06
-1.51643e-06
-9.82726e-07
-1.67251e-06
-5.98989e-07
-1.66474e-06
-2.38428e-07
-1.46481e-06
8.11925e-09
-1.10695e-06
9.16922e-08
-7.07115e-07
6.05301e-08
-3.88092e-07
-1.17297e-07
-1.58685e-08
3.01825e-07
-3.87015e-08
4.18786e-07
-6.39025e-08
4.57452e-07
-9.02216e-08
4.76282e-07
-1.17267e-07
4.88239e-07
-1.44925e-07
4.9717e-07
-1.7322e-07
5.04658e-07
-2.02276e-07
5.11515e-07
-2.32296e-07
5.1823e-07
-2.63565e-07
5.2513e-07
-2.96453e-07
5.32448e-07
-3.31422e-07
5.4035e-07
-3.69035e-07
5.48939e-07
-4.09973e-07
5.58251e-07
-4.55044e-07
5.68226e-07
-5.05193e-07
5.78668e-07
-5.61499e-07
5.89167e-07
-6.25154e-07
5.98981e-07
-6.97409e-07
6.06866e-07
-7.795e-07
6.1095e-07
-8.72585e-07
6.08548e-07
-9.77713e-07
5.96111e-07
-1.09587e-06
5.69354e-07
-1.22809e-06
5.23469e-07
-1.37556e-06
4.53409e-07
-1.53992e-06
3.54365e-07
-1.7233e-06
2.22245e-07
-1.92891e-06
5.40249e-08
-2.14982e-06
-1.62633e-07
-2.35676e-06
-4.47058e-07
-2.49027e-06
-8.19572e-07
-2.48336e-06
-1.26311e-06
-2.29343e-06
-1.70637e-06
-1.91553e-06
-2.0504e-06
-1.38778e-06
-2.19248e-06
-7.98345e-07
-2.05425e-06
-2.83091e-07
-1.62221e-06
1.00599e-08
-1.00026e-06
5.03579e-08
-4.2839e-07
-6.69388e-08
-1.53019e-08
3.17127e-07
-3.75914e-08
4.41075e-07
-6.22886e-08
4.82149e-07
-8.81072e-08
5.02101e-07
-1.14625e-07
5.14757e-07
-1.41707e-07
5.24251e-07
-1.69362e-07
5.32313e-07
-1.97704e-07
5.39858e-07
-2.26942e-07
5.47468e-07
-2.57373e-07
5.55561e-07
-2.89392e-07
5.64468e-07
-3.23506e-07
5.74463e-07
-3.60339e-07
5.85773e-07
-4.00661e-07
5.98573e-07
-4.45401e-07
6.12966e-07
-4.95669e-07
6.28937e-07
-5.52768e-07
6.46265e-07
-6.18181e-07
6.64394e-07
-6.93561e-07
6.82246e-07
-7.80707e-07
6.98096e-07
-8.81632e-07
7.09473e-07
-9.98746e-07
7.13225e-07
-1.13525e-06
7.05859e-07
-1.29577e-06
6.83989e-07
-1.48731e-06
6.44949e-07
-1.72075e-06
5.87801e-07
-2.01198e-06
5.13473e-07
-2.37348e-06
4.15524e-07
-2.7905e-06
2.54387e-07
-3.19402e-06
-4.35322e-08
-3.48562e-06
-5.27969e-07
-3.5883e-06
-1.16044e-06
-3.46261e-06
-1.83205e-06
-3.09244e-06
-2.42058e-06
-2.48703e-06
-2.79789e-06
-1.70515e-06
-2.83613e-06
-8.85407e-07
-2.44195e-06
-2.45799e-07
-1.63987e-06
1.00451e-08
-6.84233e-07
-5.68937e-08
-1.47299e-08
3.31857e-07
-3.64557e-08
4.62801e-07
-6.06078e-08
5.06301e-07
-8.58549e-08
5.27348e-07
-1.11737e-07
5.40639e-07
-1.38088e-07
5.50602e-07
-1.64894e-07
5.59119e-07
-1.92255e-07
5.67219e-07
-2.2037e-07
5.75583e-07
-2.4954e-07
5.84732e-07
-2.80175e-07
5.95103e-07
-3.12805e-07
6.07092e-07
-3.48095e-07
6.21063e-07
-3.86875e-07
6.37353e-07
-4.3016e-07
6.56251e-07
-4.79176e-07
6.77952e-07
-5.35385e-07
7.02475e-07
-6.00504e-07
7.29513e-07
-6.76525e-07
7.58267e-07
-7.65778e-07
7.87349e-07
-8.71155e-07
8.1485e-07
-9.96566e-07
8.38636e-07
-1.14777e-06
8.5706e-07
-1.3337e-06
8.69926e-07
-1.56868e-06
8.79927e-07
-1.87541e-06
8.94528e-07
-2.28298e-06
9.21047e-07
-2.79865e-06
9.31189e-07
-3.36398e-06
8.19721e-07
-3.86874e-06
4.61229e-07
-4.22121e-06
-1.75503e-07
-4.38902e-06
-9.92623e-07
-4.3542e-06
-1.86688e-06
-4.08992e-06
-2.68486e-06
-3.55521e-06
-3.3326e-06
-2.73385e-06
-3.65749e-06
-1.7043e-06
-3.4715e-06
-7.01029e-07
-2.64314e-06
-8.3148e-08
-1.30211e-06
-1.40042e-07
-1.41812e-08
3.46038e-07
-3.5354e-08
4.83974e-07
-5.89476e-08
5.29894e-07
-8.35755e-08
5.51976e-07
-1.0873e-07
5.65794e-07
-1.34206e-07
5.76078e-07
-1.59958e-07
5.84871e-07
-1.86062e-07
5.93323e-07
-2.12702e-07
6.02222e-07
-2.40168e-07
6.12198e-07
-2.68868e-07
6.23804e-07
-2.99336e-07
6.37559e-07
-3.32249e-07
6.53976e-07
-3.68455e-07
6.73559e-07
-4.08999e-07
6.96795e-07
-4.55159e-07
7.24112e-07
-5.08471e-07
7.55787e-07
-5.70771e-07
7.91813e-07
-6.44257e-07
8.31754e-07
-7.31632e-07
8.74724e-07
-8.36457e-07
9.19675e-07
-9.63865e-07
9.66044e-07
-1.12173e-06
1.01493e-06
-1.32256e-06
1.07075e-06
-1.58627e-06
1.14364e-06
-1.94261e-06
1.25087e-06
-2.41803e-06
1.39646e-06
-2.98835e-06
1.50152e-06
-3.56137e-06
1.39274e-06
-4.03158e-06
9.31439e-07
-4.34092e-06
1.33836e-07
-4.51042e-06
-8.23123e-07
-4.55999e-06
-1.81731e-06
-4.47471e-06
-2.77013e-06
-4.17737e-06
-3.62994e-06
-3.55333e-06
-4.28154e-06
-2.54708e-06
-4.47774e-06
-1.30944e-06
-3.88078e-06
-2.79337e-07
-2.33222e-06
-4.19379e-07
-1.36963e-08
3.59734e-07
-3.43697e-08
5.04648e-07
-5.74294e-08
5.52954e-07
-8.14216e-08
5.75968e-07
-1.05782e-07
5.90154e-07
-1.30255e-07
6.00552e-07
-1.54759e-07
6.09375e-07
-1.79337e-07
6.179e-07
-2.04147e-07
6.27033e-07
-2.2946e-07
6.37511e-07
-2.55662e-07
6.50006e-07
-2.83267e-07
6.65164e-07
-3.1293e-07
6.8364e-07
-3.45476e-07
7.06104e-07
-3.8192e-07
7.3324e-07
-4.23507e-07
7.65699e-07
-4.71736e-07
8.04016e-07
-5.28413e-07
8.48489e-07
-5.9574e-07
8.99081e-07
-6.76512e-07
9.55496e-07
-7.74525e-07
1.01769e-06
-8.9536e-07
1.08688e-06
-1.04761e-06
1.16718e-06
-1.2447e-06
1.26784e-06
-1.50717e-06
1.40611e-06
-1.86153e-06
1.60522e-06
-2.31537e-06
1.85031e-06
-2.82054e-06
2.00668e-06
-3.28372e-06
1.85592e-06
-3.6172e-06
1.26493e-06
-3.81241e-06
3.2904e-07
-3.9129e-06
-7.22628e-07
-3.98437e-06
-1.74585e-06
-4.05039e-06
-2.7041e-06
-4.05173e-06
-3.6286e-06
-3.81858e-06
-4.51469e-06
-3.1334e-06
-5.16293e-06
-1.9366e-06
-5.07758e-06
-5.99675e-07
-3.66914e-06
-1.01905e-06
-1.33296e-08
3.73064e-07
-3.36139e-08
5.24932e-07
-5.62133e-08
5.75554e-07
-7.95934e-08
5.99348e-07
-1.03122e-07
6.13683e-07
-1.2649e-07
6.2392e-07
-1.49568e-07
6.32453e-07
-1.72363e-07
6.40695e-07
-1.95001e-07
6.49671e-07
-2.1772e-07
6.60231e-07
-2.40872e-07
6.73157e-07
-2.64925e-07
6.89218e-07
-2.90484e-07
7.09199e-07
-3.18303e-07
7.33923e-07
-3.49307e-07
7.64244e-07
-3.84619e-07
8.01011e-07
-4.25589e-07
8.44985e-07
-4.7383e-07
8.96731e-07
-5.31319e-07
9.5657e-07
-6.00591e-07
1.02477e-06
-6.85102e-07
1.1022e-06
-7.89839e-07
1.19162e-06
-9.22258e-07
1.2996e-06
-1.09334e-06
1.43892e-06
-1.31826e-06
1.63103e-06
-1.61224e-06
1.8992e-06
-1.9674e-06
2.20547e-06
-2.33658e-06
2.37586e-06
-2.64667e-06
2.16601e-06
-2.83881e-06
1.45706e-06
-2.92402e-06
4.14253e-07
-2.95108e-06
-6.95562e-07
-2.98284e-06
-1.71409e-06
-3.07894e-06
-2.608e-06
-3.25666e-06
-3.45089e-06
-3.40067e-06
-4.37067e-06
-3.21135e-06
-5.35225e-06
-2.36534e-06
-5.92359e-06
-9.69739e-07
-5.06475e-06
-1.98879e-06
-1.31524e-08
3.86216e-07
-3.32301e-08
5.4501e-07
-5.55032e-08
5.97827e-07
-7.83425e-08
6.22187e-07
-1.0104e-07
6.3638e-07
-1.23226e-07
6.46105e-07
-1.44722e-07
6.53949e-07
-1.65497e-07
6.6147e-07
-1.85641e-07
6.69814e-07
-2.05353e-07
6.79943e-07
-2.24937e-07
6.92741e-07
-2.44802e-07
7.09083e-07
-2.65471e-07
7.29867e-07
-2.87585e-07
7.56037e-07
-3.11927e-07
7.88586e-07
-3.39425e-07
8.2851e-07
-3.71178e-07
8.76737e-07
-4.08472e-07
9.34025e-07
-4.52853e-07
1.00095e-06
-5.06261e-07
1.07818e-06
-5.71257e-07
1.16719e-06
-6.51335e-07
1.27169e-06
-7.51189e-07
1.39945e-06
-8.76696e-07
1.56443e-06
-1.03398e-06
1.78831e-06
-1.22526e-06
2.09049e-06
-1.43878e-06
2.41899e-06
-1.64931e-06
2.58639e-06
-1.82423e-06
2.34094e-06
-1.937e-06
1.56983e-06
-1.99188e-06
4.69126e-07
-2.00725e-06
-6.8019e-07
-2.01044e-06
-1.7109e-06
-2.05678e-06
-2.56166e-06
-2.22465e-06
-3.28302e-06
-2.5272e-06
-4.06812e-06
-2.75462e-06
-5.12483e-06
-2.42033e-06
-6.25788e-06
-1.23781e-06
-6.24726e-06
-3.22661e-06
-1.32566e-08
3.99473e-07
-3.33997e-08
5.65153e-07
-5.55518e-08
6.19979e-07
-7.79742e-08
6.4461e-07
-9.98777e-08
6.58284e-07
-1.2083e-07
6.67057e-07
-1.40609e-07
6.73728e-07
-1.59148e-07
6.80009e-07
-1.76504e-07
6.8717e-07
-1.92836e-07
6.96275e-07
-2.08397e-07
7.08302e-07
-2.23521e-07
7.24208e-07
-2.38628e-07
7.44974e-07
-2.54221e-07
7.71631e-07
-2.70894e-07
8.05258e-07
-2.89331e-07
8.46947e-07
-3.10312e-07
8.97718e-07
-3.34713e-07
9.58426e-07
-3.63523e-07
1.02976e-06
-3.97889e-07
1.11254e-06
-4.39141e-07
1.20845e-06
-4.88723e-07
1.32128e-06
-5.47816e-07
1.45855e-06
-6.16371e-07
1.63298e-06
-6.90886e-07
1.86283e-06
-7.62161e-07
2.16176e-06
-8.21256e-07
2.47809e-06
-8.69858e-07
2.63499e-06
-9.26779e-07
2.39786e-06
-1.00037e-06
1.64341e-06
-1.07886e-06
5.47623e-07
-1.14037e-06
-6.18687e-07
-1.17629e-06
-1.67498e-06
-1.21413e-06
-2.52382e-06
-1.3235e-06
-3.17365e-06
-1.58923e-06
-3.80239e-06
-1.99097e-06
-4.72308e-06
-2.10632e-06
-6.14253e-06
-1.31396e-06
-7.03963e-06
-4.54056e-06
-1.37591e-08
4.13232e-07
-3.43496e-08
5.85743e-07
-5.66665e-08
6.42296e-07
-7.88512e-08
6.66795e-07
-1.00032e-07
6.79464e-07
-1.1972e-07
6.86746e-07
-1.37662e-07
6.91669e-07
-1.53766e-07
6.96114e-07
-1.68068e-07
7.01473e-07
-1.80696e-07
7.08903e-07
-1.91849e-07
7.19455e-07
-2.01786e-07
7.34145e-07
-2.10813e-07
7.54001e-07
-2.19277e-07
7.80095e-07
-2.27563e-07
8.13544e-07
-2.36087e-07
8.55471e-07
-2.45281e-07
9.06913e-07
-2.55579e-07
9.68724e-07
-2.67382e-07
1.04157e-06
-2.80994e-07
1.12615e-06
-2.96464e-07
1.22392e-06
-3.13203e-07
1.33801e-06
-3.29161e-07
1.4745e-06
-3.39274e-07
1.6431e-06
-3.32809e-07
1.85636e-06
-2.9239e-07
2.12134e-06
-2.10368e-07
2.39606e-06
-1.08927e-07
2.53355e-06
-4.83784e-08
2.33731e-06
-6.62647e-08
1.6613e-06
-1.52137e-07
6.33495e-07
-2.67375e-07
-5.03448e-07
-3.78066e-07
-1.56429e-06
-4.84854e-07
-2.41703e-06
-6.12939e-07
-3.04556e-06
-8.25089e-07
-3.59024e-06
-1.21189e-06
-4.33628e-06
-1.58467e-06
-5.76975e-06
-1.21355e-06
-7.41075e-06
-5.75411e-06
-1.48096e-08
4.28042e-07
-3.63635e-08
6.07297e-07
-5.92183e-08
6.65151e-07
-8.13954e-08
6.88972e-07
-1.01946e-07
7.00015e-07
-1.20345e-07
7.05145e-07
-1.36327e-07
7.07651e-07
-1.49803e-07
7.0959e-07
-1.60809e-07
7.12478e-07
-1.69454e-07
7.17548e-07
-1.75895e-07
7.25897e-07
-1.8032e-07
7.38569e-07
-1.82921e-07
7.56601e-07
-1.83887e-07
7.81061e-07
-1.83392e-07
8.1305e-07
-1.81585e-07
8.53664e-07
-1.78565e-07
9.03892e-07
-1.74346e-07
9.64505e-07
-1.68796e-07
1.03601e-06
-1.6148e-07
1.11884e-06
-1.51385e-07
1.21382e-06
-1.36347e-07
1.32298e-06
-1.12025e-07
1.45018e-06
-7.03059e-08
1.60138e-06
3.192e-09
1.78286e-06
1.28884e-07
1.99565e-06
3.17625e-07
2.20732e-06
5.43741e-07
2.30744e-06
7.37832e-07
2.14322e-06
8.08218e-07
1.59091e-06
7.47214e-07
6.945e-07
5.95343e-07
-3.51578e-07
4.0344e-07
-1.37239e-06
1.90422e-07
-2.20401e-06
-2.52274e-08
-2.82991e-06
-2.57798e-07
-3.35767e-06
-5.88707e-07
-4.00538e-06
-1.03764e-06
-5.32082e-06
-1.01257e-06
-7.43582e-06
-6.76668e-06
-1.6606e-08
4.44647e-07
-3.9796e-08
6.30487e-07
-6.36532e-08
6.89008e-07
-8.60896e-08
7.11408e-07
-1.061e-07
7.20025e-07
-1.23161e-07
7.22206e-07
-1.37035e-07
7.21525e-07
-1.47672e-07
7.20228e-07
-1.55145e-07
7.19951e-07
-1.59565e-07
7.21968e-07
-1.61069e-07
7.27401e-07
-1.59781e-07
7.37282e-07
-1.5579e-07
7.5261e-07
-1.49136e-07
7.74406e-07
-1.39796e-07
8.0371e-07
-1.27672e-07
8.4154e-07
-1.1257e-07
8.8879e-07
-9.4163e-08
9.46098e-07
-7.19101e-08
1.01376e-06
-4.48604e-08
1.09179e-06
-1.13461e-08
1.18031e-06
3.16406e-08
1.27999e-06
8.93224e-08
1.3925e-06
1.70623e-07
1.52008e-06
2.89562e-07
1.66392e-06
4.65844e-07
1.81937e-06
7.12307e-07
1.96086e-06
1.0062e-06
2.01354e-06
1.28477e-06
1.86465e-06
1.45212e-06
1.42357e-06
1.45718e-06
6.89435e-07
1.30826e-06
-2.02657e-07
1.05488e-06
-1.11901e-06
7.52176e-07
-1.90131e-06
4.49561e-07
-2.5273e-06
1.5831e-07
-3.06642e-06
-1.5734e-07
-3.68972e-06
-5.79261e-07
-4.8989e-06
-7.87692e-07
-7.22738e-06
-7.55437e-06
-1.94088e-08
4.64056e-07
-4.50926e-08
6.56171e-07
-7.05079e-08
7.14423e-07
-9.34763e-08
7.34377e-07
-1.12991e-07
7.3954e-07
-1.28594e-07
7.37809e-07
-1.40149e-07
7.3308e-07
-1.47694e-07
7.27772e-07
-1.51367e-07
7.23624e-07
-1.5134e-07
7.21942e-07
-1.47751e-07
7.23811e-07
-1.40668e-07
7.30199e-07
-1.30091e-07
7.42034e-07
-1.15929e-07
7.60244e-07
-9.79855e-08
7.85766e-07
-7.59527e-08
8.19507e-07
-4.94005e-08
8.62238e-07
-1.7741e-08
9.14439e-07
1.98284e-08
9.76192e-07
6.44596e-08
1.04716e-06
1.18059e-07
1.12671e-06
1.83751e-07
1.2143e-06
2.66656e-07
1.30959e-06
3.74741e-07
1.41199e-06
5.19611e-07
1.51905e-06
7.15989e-07
1.62299e-06
9.74025e-07
1.70282e-06
1.27747e-06
1.7101e-06
1.57391e-06
1.56821e-06
1.78427e-06
1.21321e-06
1.83853e-06
6.35168e-07
1.72544e-06
-8.95621e-08
1.46685e-06
-8.60419e-07
1.13205e-06
-1.56651e-06
7.82547e-07
-2.17779e-06
4.46284e-07
-2.73016e-06
1.14723e-07
-3.35816e-06
-2.59782e-07
-4.52439e-06
-5.81772e-07
-6.9054e-06
-8.13614e-06
-2.35788e-08
4.87635e-07
-5.28366e-08
6.85429e-07
-8.04307e-08
7.42017e-07
-1.04151e-07
7.58096e-07
-1.23093e-07
7.58482e-07
-1.36978e-07
7.51695e-07
-1.45865e-07
7.41967e-07
-1.49975e-07
7.31881e-07
-1.49566e-07
7.23216e-07
-1.44882e-07
7.17258e-07
-1.36082e-07
7.15011e-07
-1.23217e-07
7.17334e-07
-1.06214e-07
7.25031e-07
-8.48659e-08
7.38895e-07
-5.88279e-08
7.59728e-07
-2.76197e-08
7.88299e-07
9.37652e-09
8.25242e-07
5.28948e-08
8.70921e-07
1.03866e-07
9.25222e-07
1.63518e-07
9.87506e-07
2.33598e-07
1.05663e-06
3.168e-07
1.1311e-06
4.17275e-07
1.20912e-06
5.41068e-07
1.2882e-06
6.96191e-07
1.36393e-06
8.91728e-07
1.42745e-06
1.13321e-06
1.46135e-06
1.40896e-06
1.43434e-06
1.67785e-06
1.29932e-06
1.87863e-06
1.01243e-06
1.94969e-06
5.64106e-07
1.86735e-06
-7.22148e-09
1.64161e-06
-6.34678e-07
1.32596e-06
-1.25085e-06
9.7294e-07
-1.82478e-06
6.16844e-07
-2.37406e-06
2.69179e-07
-3.0105e-06
-7.98952e-08
-4.17532e-06
-4.11025e-07
-6.57427e-06
-8.54717e-06
-2.96373e-08
5.17273e-07
-6.38044e-08
7.19596e-07
-9.42031e-08
7.72416e-07
-1.18734e-07
7.82628e-07
-1.36798e-07
7.76546e-07
-1.4848e-07
7.63376e-07
-1.54171e-07
7.47658e-07
-1.54357e-07
7.32068e-07
-1.49484e-07
7.18343e-07
-1.39901e-07
7.07674e-07
-1.25814e-07
7.00924e-07
-1.07265e-07
6.98786e-07
-8.41211e-08
7.01888e-07
-5.60776e-08
7.10852e-07
-2.2663e-08
7.26314e-07
1.67445e-08
7.48891e-07
6.28872e-08
7.79099e-07
1.16633e-07
8.17174e-07
1.78943e-07
8.62912e-07
2.50929e-07
9.1552e-07
3.34003e-07
9.73554e-07
4.30138e-07
1.03496e-06
5.42148e-07
1.09711e-06
6.73838e-07
1.15651e-06
8.29835e-07
1.20793e-06
1.0144e-06
1.24289e-06
1.22824e-06
1.24751e-06
1.46181e-06
1.20077e-06
1.68594e-06
1.0752e-06
1.85488e-06
8.43482e-07
1.92178e-06
4.97201e-07
1.86026e-06
5.43036e-08
1.67343e-06
-4.47849e-07
1.39223e-06
-9.69647e-07
1.05747e-06
-1.49002e-06
7.04418e-07
-2.02101e-06
3.51145e-07
-2.65723e-06
1.31301e-08
-3.8373e-06
-2.9301e-07
-6.26813e-06
-8.84018e-06
-3.83695e-08
5.55642e-07
-7.9056e-08
7.60283e-07
-1.1275e-07
8.0611e-07
-1.37807e-07
8.07685e-07
-1.54299e-07
7.93038e-07
-1.62944e-07
7.72022e-07
-1.64639e-07
7.49353e-07
-1.60225e-07
7.27653e-07
-1.50384e-07
7.08502e-07
-1.356e-07
6.92891e-07
-1.16139e-07
6.81463e-07
-9.20394e-08
6.74686e-07
-6.31164e-08
6.72965e-07
-2.89767e-08
6.76712e-07
1.09626e-08
6.86374e-07
5.74405e-08
7.02414e-07
1.11321e-07
7.25218e-07
1.73533e-07
7.54962e-07
2.45035e-07
7.9141e-07
3.26802e-07
8.33753e-07
4.19858e-07
8.80498e-07
5.2537e-07
9.29449e-07
6.448e-07
9.77679e-07
7.79949e-07
1.02136e-06
9.32615e-07
1.05527e-06
1.10351e-06
1.072e-06
1.29008e-06
1.06093e-06
1.48301e-06
1.00784e-06
1.66194e-06
8.96267e-07
1.79491e-06
7.10515e-07
1.84803e-06
4.44074e-07
1.79827e-06
1.04069e-07
1.64197e-06
-2.91547e-07
1.39566e-06
-7.23343e-07
1.0876e-06
-1.18197e-06
7.47426e-07
-1.68083e-06
4.0059e-07
-2.31039e-06
8.44624e-08
-3.52117e-06
-2.28379e-07
-5.95528e-06
-9.06856e-06
-5.10022e-08
6.06644e-07
-1.00001e-07
8.09281e-07
-1.37066e-07
8.43176e-07
-1.61748e-07
8.32366e-07
-1.75383e-07
8.06673e-07
-1.79688e-07
7.76326e-07
-1.76233e-07
7.45898e-07
-1.66285e-07
7.17706e-07
-1.5079e-07
6.93007e-07
-1.30376e-07
6.72476e-07
-1.05365e-07
6.56452e-07
-7.57911e-08
6.45112e-07
-4.14193e-08
6.38593e-07
-1.77504e-09
6.37068e-07
4.38252e-08
6.40774e-07
9.6234e-08
6.50005e-07
1.56419e-07
6.65033e-07
2.25387e-07
6.85994e-07
3.04092e-07
7.12706e-07
3.93366e-07
7.44479e-07
4.93897e-07
7.79967e-07
6.06226e-07
8.1712e-07
7.30722e-07
8.53184e-07
8.67517e-07
8.84564e-07
1.01624e-06
9.06549e-07
1.17524e-06
9.12995e-07
1.3402e-06
8.95968e-07
1.50213e-06
8.45911e-07
1.64574e-06
7.52659e-07
1.74894e-06
6.07323e-07
1.78792e-06
4.05093e-07
1.74418e-06
1.47809e-07
1.61088e-06
-1.58246e-07
1.39378e-06
-5.06244e-07
1.10885e-06
-8.97035e-07
7.8004e-07
-1.35202e-06
4.43682e-07
-1.97403e-06
1.4327e-07
-3.22076e-06
-1.96876e-07
-5.61514e-06
-9.26543e-06
-6.94104e-08
6.76055e-07
-1.28742e-07
8.68613e-07
-1.68202e-07
8.82635e-07
-1.90574e-07
8.54739e-07
-1.99233e-07
8.15332e-07
-1.9725e-07
7.74343e-07
-1.86981e-07
7.35629e-07
-1.7014e-07
7.00865e-07
-1.47925e-07
6.70792e-07
-1.21105e-07
6.45657e-07
-9.00517e-08
6.25398e-07
-5.47777e-08
6.09838e-07
-1.49929e-08
5.98808e-07
2.98502e-08
5.92225e-07
8.05171e-08
5.90107e-07
1.3796e-07
5.92562e-07
2.0325e-07
5.99743e-07
2.77494e-07
6.1175e-07
3.61712e-07
6.28489e-07
4.56699e-07
6.49491e-07
5.62913e-07
6.73753e-07
6.80391e-07
6.99642e-07
8.0873e-07
7.24844e-07
9.47001e-07
7.46293e-07
1.09345e-06
7.60104e-07
1.24494e-06
7.61505e-07
1.39611e-06
7.44795e-07
1.53853e-06
7.03489e-07
1.66007e-06
6.31124e-07
1.74499e-06
5.22396e-07
1.77593e-06
3.74158e-07
1.73786e-06
1.85881e-07
1.62189e-06
-4.22763e-08
1.42691e-06
-3.1127e-07
1.16169e-06
-6.31814e-07
8.50386e-07
-1.04072e-06
5.39372e-07
-1.66302e-06
2.54754e-07
-2.93614e-06
-1.40862e-07
-5.21952e-06
-9.4063e-06
-9.64282e-08
7.72483e-07
-1.66537e-07
9.38723e-07
-2.06563e-07
9.22661e-07
-2.23624e-07
8.718e-07
-2.24117e-07
8.15825e-07
-2.1283e-07
7.63056e-07
-1.92983e-07
7.15782e-07
-1.66752e-07
6.74634e-07
-1.35613e-07
6.39653e-07
-1.00488e-07
6.10532e-07
-6.17613e-08
5.86671e-07
-1.94061e-08
5.67483e-07
2.69103e-08
5.52492e-07
7.7777e-08
5.41358e-07
1.34011e-07
5.33873e-07
1.96608e-07
5.29964e-07
2.66709e-07
5.29642e-07
3.45531e-07
5.32929e-07
4.34239e-07
5.39781e-07
5.33756e-07
5.49974e-07
6.44542e-07
5.62967e-07
7.66472e-07
5.77712e-07
8.9873e-07
5.92586e-07
1.03966e-06
6.05358e-07
1.1866e-06
6.13167e-07
1.33557e-06
6.12536e-07
1.48088e-06
5.99491e-07
1.61468e-06
5.69681e-07
1.72699e-06
5.18818e-07
1.80561e-06
4.43777e-07
1.83696e-06
3.42805e-07
1.8089e-06
2.13945e-07
1.71175e-06
5.48732e-08
1.54209e-06
-1.41614e-07
1.30502e-06
-3.94745e-07
1.03084e-06
-7.66534e-07
7.712e-07
-1.40338e-06
5.01452e-07
-2.6664e-06
3.08692e-08
-4.74894e-06
-9.37543e-06
-1.41663e-07
9.14146e-07
-2.27942e-07
1.025e-06
-2.58838e-07
9.53556e-07
-2.61887e-07
8.74849e-07
-2.46712e-07
8.0065e-07
-2.18858e-07
7.35201e-07
-1.8213e-07
6.79054e-07
-1.39287e-07
6.31792e-07
-9.22811e-08
5.92647e-07
-4.22157e-08
5.60466e-07
1.05245e-08
5.33931e-07
6.60054e-08
5.12002e-07
1.24591e-07
4.93906e-07
1.8686e-07
4.79089e-07
2.53566e-07
4.67168e-07
3.2563e-07
4.579e-07
4.04128e-07
4.51144e-07
4.90242e-07
4.46814e-07
5.85157e-07
4.44866e-07
6.89918e-07
4.45214e-07
8.05271e-07
4.47614e-07
9.31386e-07
4.51598e-07
1.06762e-06
4.56355e-07
1.21234e-06
4.60639e-07
1.36275e-06
4.62752e-07
1.51475e-06
4.60538e-07
1.66275e-06
4.51489e-07
1.79952e-06
4.32909e-07
1.91612e-06
4.0222e-07
2.00241e-06
3.57492e-07
2.0479e-06
2.97306e-07
2.04258e-06
2.19266e-07
1.97766e-06
1.19801e-07
1.85113e-06
-1.50849e-08
1.66379e-06
-2.07407e-07
1.44088e-06
-5.43629e-07
1.21484e-06
-1.17734e-06
8.91529e-07
-2.34308e-06
2.92318e-07
-4.14973e-06
-9.08311e-06
-2.43779e-07
1.15793e-06
-3.08885e-07
1.09011e-06
-3.02884e-07
9.47555e-07
-2.76733e-07
8.48698e-07
-2.24697e-07
7.48614e-07
-1.51525e-07
6.62029e-07
-6.57888e-08
5.93318e-07
2.50585e-08
5.40944e-07
1.1702e-07
5.00686e-07
2.09139e-07
4.68348e-07
3.01532e-07
4.41538e-07
3.94584e-07
4.18949e-07
4.88792e-07
3.99698e-07
5.84736e-07
3.83146e-07
6.83037e-07
3.68866e-07
7.84357e-07
3.5658e-07
8.89437e-07
3.46064e-07
9.99083e-07
3.37169e-07
1.11414e-06
3.29804e-07
1.23547e-06
3.23885e-07
1.3638e-06
3.19289e-07
1.49958e-06
3.15817e-07
1.64279e-06
3.13145e-07
1.79267e-06
3.10762e-07
1.94748e-06
3.07939e-07
2.10432e-06
3.03693e-07
2.25898e-06
2.96832e-07
2.40589e-06
2.86001e-07
2.53828e-06
2.69826e-07
2.64882e-06
2.46954e-07
2.73007e-06
2.16053e-07
2.7747e-06
1.74639e-07
2.77613e-06
1.18365e-07
2.72604e-06
3.50137e-08
2.62162e-06
-1.02986e-07
2.43574e-06
-3.57754e-07
2.0983e-06
-8.39898e-07
1.46453e-06
-1.70931e-06
6.3827e-07
-3.32347e-06
-8.44484e-06
-3.69242e-07
1.52717e-06
-3.37254e-07
1.05812e-06
-7.65194e-08
6.86821e-07
2.26134e-07
5.46044e-07
5.10689e-07
4.64059e-07
7.72812e-07
3.99906e-07
1.01378e-06
3.52353e-07
1.23579e-06
3.18936e-07
1.44279e-06
2.93683e-07
1.63822e-06
2.72919e-07
1.82443e-06
2.55329e-07
2.00315e-06
2.4023e-07
2.17574e-06
2.27105e-07
2.34331e-06
2.15576e-07
2.50678e-06
2.05394e-07
2.66697e-06
1.96391e-07
2.8246e-06
1.88435e-07
2.98033e-06
1.81435e-07
3.13482e-06
1.75321e-07
3.28867e-06
1.70032e-07
3.44247e-06
1.6549e-07
3.5967e-06
1.61589e-07
3.75167e-06
1.58171e-07
3.90743e-06
1.55006e-07
4.06358e-06
1.51784e-07
4.21918e-06
1.48096e-07
4.37256e-06
1.43453e-07
4.52127e-06
1.37286e-07
4.66213e-06
1.28966e-07
4.79131e-06
1.17775e-07
4.90451e-06
1.02853e-07
4.99654e-06
8.26152e-08
5.06025e-06
5.46532e-08
5.07917e-06
1.60917e-08
5.02303e-06
-4.68508e-08
4.80359e-06
-1.38306e-07
4.2172e-06
-2.53508e-07
3.01364e-06
-5.05749e-07
1.45129e-06
-1.76112e-06
-6.99355e-06
1.52717e-06
2.58529e-06
3.27211e-06
3.81815e-06
4.28221e-06
4.68212e-06
5.03447e-06
5.35341e-06
5.64709e-06
5.92001e-06
6.17534e-06
6.41557e-06
6.64267e-06
6.85825e-06
7.06364e-06
7.26003e-06
7.44847e-06
7.6299e-06
7.80522e-06
7.97526e-06
8.14075e-06
8.30234e-06
8.46051e-06
8.61551e-06
8.7673e-06
8.91539e-06
9.05885e-06
9.19613e-06
9.3251e-06
9.44287e-06
9.54573e-06
9.62834e-06
9.68299e-06
9.69909e-06
9.65223e-06
9.51393e-06
9.26042e-06
8.75467e-06
6.99355e-06
)
;

boundaryField
{
    movingWall
    {
        type            calculated;
        value           uniform 0;
    }
    fixedWalls
    {
        type            calculated;
        value           uniform 0;
    }
    frontAndBack
    {
        type            empty;
    }
}


// ************************************************************************* //
