/*--------------------------------*- C++ -*----------------------------------*\
| =========                 |                                                 |
| \\      /  F ield         | OpenFOAM: The Open Source CFD Toolbox           |
|  \\    /   O peration     | Version:  2412                                  |
|   \\  /    A nd           | Website:  www.openfoam.com                      |
|    \\/     M anipulation  |                                                 |
\*---------------------------------------------------------------------------*/
FoamFile
{
    version     2.0;
    format      ascii;
    arch        "LSB;label=32;scalar=64";
    class       volVectorField;
    location    "0.75";
    object      U;
}
// * * * * * * * * * * * * * * * * * * * * * * * * * * * * * * * * * * * * * //

dimensions      [0 1 -1 0 0 0 0];

internalField   nonuniform List<vector> 
1600
(
(4.57331e-05 -4.61629e-05 0)
(-4.25033e-05 5.23107e-05 0)
(-0.000387794 0.000168036 0)
(-0.000899824 0.000246992 0)
(-0.00151943 0.000290375 0)
(-0.00219708 0.000310998 0)
(-0.00290161 0.000318168 0)
(-0.00361376 0.000317422 0)
(-0.00432157 0.000312049 0)
(-0.00501743 0.000304013 0)
(-0.00569636 0.000294442 0)
(-0.00635475 0.000283911 0)
(-0.00698955 0.000272611 0)
(-0.00759772 0.000260439 0)
(-0.0081757 0.000247091 0)
(-0.00871921 0.000232122 0)
(-0.00922296 0.000215006 0)
(-0.00968063 0.000195173 0)
(-0.0100847 0.000172048 0)
(-0.0104266 0.000144998 0)
(-0.0106969 0.000113037 0)
(-0.0108888 7.52269e-05 0)
(-0.0109796 3.68159e-05 0)
(-0.0109794 -1.08186e-05 0)
(-0.0108628 -6.26349e-05 0)
(-0.0106275 -0.000118935 0)
(-0.0102666 -0.000178644 0)
(-0.00977719 -0.000240351 0)
(-0.00915985 -0.000301964 0)
(-0.00841975 -0.000361023 0)
(-0.00756679 -0.000414544 0)
(-0.00661594 -0.000459403 0)
(-0.00558956 -0.000493472 0)
(-0.00451253 -0.000512353 0)
(-0.00341918 -0.000510274 0)
(-0.00235433 -0.000478729 0)
(-0.00137869 -0.000404502 0)
(-0.000576079 -0.000270938 0)
(-4.26004e-05 -8.07046e-05 0)
(8.25919e-05 7.95529e-05 0)
(-5.39413e-05 4.27759e-05 0)
(-0.00041197 0.000412209 0)
(-0.0010222 0.000744944 0)
(-0.0017777 0.00096598 0)
(-0.00262977 0.00109476 0)
(-0.00353899 0.00116199 0)
(-0.00447917 0.00119029 0)
(-0.00543195 0.00119388 0)
(-0.006384 0.00118149 0)
(-0.00732539 0.00115836 0)
(-0.00824831 0.00112753 0)
(-0.00914614 0.00109051 0)
(-0.0100127 0.00104771 0)
(-0.0108419 0.000998754 0)
(-0.0116271 0.000942689 0)
(-0.0123609 0.000878158 0)
(-0.0130348 0.000803565 0)
(-0.0136396 0.000717222 0)
(-0.0141648 0.000617487 0)
(-0.0145988 0.000502882 0)
(-0.0149299 0.000372117 0)
(-0.0151463 0.000224299 0)
(-0.0152342 6.14188e-05 0)
(-0.0151841 -0.00011672 0)
(-0.0149852 -0.000309345 0)
(-0.0146312 -0.000512566 0)
(-0.0141179 -0.000722127 0)
(-0.0134456 -0.000932378 0)
(-0.0126188 -0.00113681 0)
(-0.0116472 -0.00132831 0)
(-0.010545 -0.001499 0)
(-0.00933179 -0.00164039 0)
(-0.00803135 -0.00174323 0)
(-0.00667487 -0.00179781 0)
(-0.0052981 -0.00179039 0)
(-0.00394336 -0.00170098 0)
(-0.00266234 -0.00149907 0)
(-0.00152389 -0.00114542 0)
(-0.000602765 -0.000619803 0)
(-6.77519e-05 -3.89801e-05 0)
(-0.000175406 0.000392097 0)
(-0.000751938 0.00102382 0)
(-0.00149798 0.00149257 0)
(-0.00234056 0.00180437 0)
(-0.00325213 0.00199577 0)
(-0.00420859 0.00210331 0)
(-0.00519375 0.00215419 0)
(-0.00619414 0.00216634 0)
(-0.00719816 0.00215132 0)
(-0.00819594 0.00211636 0)
(-0.00917882 0.00206576 0)
(-0.0101389 0.00200164 0)
(-0.0110684 0.00192457 0)
(-0.0119596 0.00183393 0)
(-0.0128043 0.00172823 0)
(-0.0135937 0.00160534 0)
(-0.0143179 0.00146275 0)
(-0.0149663 0.00129785 0)
(-0.0155274 0.00110812 0)
(-0.0159889 0.000891453 0)
(-0.0163382 0.000646381 0)
(-0.0165626 0.000372546 0)
(-0.0166496 7.14173e-05 0)
(-0.0165879 -0.000255179 0)
(-0.0163687 -0.000603172 0)
(-0.0159856 -0.000966218 0)
(-0.0154357 -0.00133624 0)
(-0.0147206 -0.00170315 0)
(-0.0138465 -0.00205575 0)
(-0.0128248 -0.00238196 0)
(-0.0116718 -0.00266915 0)
(-0.0104088 -0.00290444 0)
(-0.0090614 -0.00307451 0)
(-0.00765946 -0.00316485 0)
(-0.00623586 -0.00315805 0)
(-0.00482547 -0.00303043 0)
(-0.00346594 -0.00274715 0)
(-0.00220392 -0.00226141 0)
(-0.00108376 -0.00152714 0)
(-0.000232471 -0.000536362 0)
(-0.000262299 0.000916433 0)
(-0.000985772 0.00178007 0)
(-0.00182173 0.00233343 0)
(-0.00271849 0.0027005 0)
(-0.00366011 0.00293497 0)
(-0.00463265 0.00307422 0)
(-0.00562822 0.00314548 0)
(-0.00663837 0.0031674 0)
(-0.00765421 0.00315244 0)
(-0.00866711 0.00310868 0)
(-0.00966873 0.00304094 0)
(-0.0106509 0.00295164 0)
(-0.0116054 0.00284132 0)
(-0.0125239 0.00270908 0)
(-0.0133973 0.00255286 0)
(-0.0142161 0.00236981 0)
(-0.0149697 0.00215659 0)
(-0.0156468 0.00190973 0)
(-0.0162353 0.00162595 0)
(-0.0167222 0.0013026 0)
(-0.0170943 0.000938081 0)
(-0.0173383 0.000532337 0)
(-0.0174411 8.73508e-05 0)
(-0.0173912 -0.00039309 0)
(-0.017179 -0.000902435 0)
(-0.016798 -0.00143131 0)
(-0.0162453 -0.00196755 0)
(-0.0155225 -0.00249656 0)
(-0.0146361 -0.00300228 0)
(-0.0135982 -0.00346753 0)
(-0.0124259 -0.0038748 0)
(-0.0111413 -0.00420678 0)
(-0.00977059 -0.00444647 0)
(-0.00834265 -0.00457672 0)
(-0.00688757 -0.00457871 0)
(-0.00543437 -0.00442879 0)
(-0.00401156 -0.00409382 0)
(-0.00265384 -0.0035258 0)
(-0.00139154 -0.0026467 0)
(-0.000336667 -0.0012668 0)
(-0.000313583 0.00155778 0)
(-0.00112984 0.00263595 0)
(-0.00202986 0.00324328 0)
(-0.00297008 0.00364084 0)
(-0.00393849 0.00390198 0)
(-0.0049256 0.00406406 0)
(-0.00592882 0.00415219 0)
(-0.00694391 0.00418379 0)
(-0.00796485 0.00417086 0)
(-0.00898483 0.00412127 0)
(-0.00999659 0.00403977 0)
(-0.0109926 0.00392861 0)
(-0.0119647 0.00378804 0)
(-0.0129045 0.00361667 0)
(-0.0138027 0.00341182 0)
(-0.0146495 0.00316987 0)
(-0.0154338 0.0028866 0)
(-0.0161441 0.00255764 0)
(-0.0167673 0.00217892 0)
(-0.01729 0.00174719 0)
(-0.0176979 0.00126058 0)
(-0.0179767 0.000719225 0)
(-0.0181123 0.000125824 0)
(-0.0180917 -0.000514065 0)
(-0.0179039 -0.00119143 0)
(-0.0175411 -0.00189356 0)
(-0.0169988 -0.00260398 0)
(-0.0162778 -0.00330337 0)
(-0.0153839 -0.00397028 0)
(-0.0143291 -0.00458204 0)
(-0.013131 -0.00511588 0)
(-0.0118127 -0.00555003 0)
(-0.0104011 -0.00586434 0)
(-0.00892573 -0.0060402 0)
(-0.00741564 -0.00605914 0)
(-0.00589735 -0.00589985 0)
(-0.00439581 -0.00553306 0)
(-0.00294364 -0.00491005 0)
(-0.00156883 -0.0039129 0)
(-0.000387776 -0.0021412 0)
(-0.000340992 0.00226793 0)
(-0.00121328 0.00355509 0)
(-0.00215898 0.00420151 0)
(-0.00313488 0.00461429 0)
(-0.00412916 0.00488956 0)
(-0.00513325 0.00506583 0)
(-0.00614736 0.00516607 0)
(-0.00717028 0.00520573 0)
(-0.00819851 0.00519548 0)
(-0.00922713 0.00514234 0)
(-0.0102503 0.00505039 0)
(-0.0112613 0.00492131 0)
(-0.0122529 0.00475471 0)
(-0.0132169 0.00454851 0)
(-0.0141442 0.00429924 0)
(-0.015025 0.00400235 0)
(-0.0158481 0.00365262 0)
(-0.0166015 0.00324464 0)
(-0.0172717 0.00277334 0)
(-0.0178443 0.00223466 0)
(-0.0183039 0.00162621 0)
(-0.0186344 0.000948067 0)
(-0.01882 0.00020348 0)
(-0.0188454 -0.000600515 0)
(-0.018697 -0.00145259 0)
(-0.0183642 -0.00233654 0)
(-0.0178402 -0.00323151 0)
(-0.0171232 -0.00411291 0)
(-0.0162178 -0.00495332 0)
(-0.0151351 -0.00572375 0)
(-0.0138937 -0.00639547 0)
(-0.012518 -0.00694176 0)
(-0.0110375 -0.00733922 0)
(-0.00948398 -0.0075682 0)
(-0.00788876 -0.00761166 0)
(-0.00627961 -0.00745172 0)
(-0.00468276 -0.00706274 0)
(-0.00313486 -0.00639281 0)
(-0.00166654 -0.00527794 0)
(-0.000406976 -0.00309166 0)
(-0.000353819 0.0030158 0)
(-0.00125857 0.00451445 0)
(-0.00223627 0.00519577 0)
(-0.00324078 0.0056164 0)
(-0.00425912 0.00589796 0)
(-0.00528194 0.00608209 0)
(-0.00631051 0.00619042 0)
(-0.00734551 0.00623649 0)
(-0.0083854 0.00622932 0)
(-0.00942701 0.00617466 0)
(-0.0104659 0.00607556 0)
(-0.0114967 0.00593278 0)
(-0.012513 0.00574507 0)
(-0.0135073 0.00550944 0)
(-0.0144711 0.0052214 0)
(-0.0153949 0.00487527 0)
(-0.0162676 0.00446461 0)
(-0.0170768 0.00398269 0)
(-0.0178086 0.00342314 0)
(-0.0184475 0.00278067 0)
(-0.0189765 0.00205196 0)
(-0.0193776 0.00123655 0)
(-0.0196322 0.000337814 0)
(-0.0197216 -0.000636226 0)
(-0.0196286 -0.00167218 0)
(-0.0193382 -0.00275046 0)
(-0.0188396 -0.00384553 0)
(-0.0181275 -0.00492693 0)
(-0.0172036 -0.00596018 0)
(-0.0160784 -0.00690866 0)
(-0.0147711 -0.00773621 0)
(-0.0133092 -0.00840986 0)
(-0.0117266 -0.00890211 0)
(-0.0100608 -0.00919212 0)
(-0.00834849 -0.00926465 0)
(-0.0066228 -0.0091057 0)
(-0.00491474 -0.00869262 0)
(-0.00326781 -0.00796764 0)
(-0.00171704 -0.00671597 0)
(-0.000407024 -0.00407807 0)
(-0.000357912 0.00378206 0)
(-0.00128017 0.00549864 0)
(-0.00227981 0.00621665 0)
(-0.00330674 0.00664318 0)
(-0.00434666 0.00692736 0)
(-0.00538873 0.0071157 0)
(-0.00643427 0.00722953 0)
(-0.00748505 0.00728098 0)
(-0.00854095 0.00727752 0)
(-0.00960028 0.00722351 0)
(-0.0106601 0.0071208 0)
(-0.0117163 0.00696906 0)
(-0.0127636 0.00676597 0)
(-0.0137956 0.0065074 0)
(-0.0148047 0.00618764 0)
(-0.0157818 0.00579964 0)
(-0.0167162 0.00533542 0)
(-0.0175955 0.00478658 0)
(-0.0184053 0.00414498 0)
(-0.0191289 0.00340358 0)
(-0.0197477 0.00255743 0)
(-0.0202409 0.00160486 0)
(-0.0205865 0.000548621 0)
(-0.0207614 -0.000602996 0)
(-0.020743 -0.0018351 0)
(-0.0205104 -0.00312489 0)
(-0.0200468 -0.00444196 0)
(-0.0193413 -0.00574903 0)
(-0.018392 -0.00700302 0)
(-0.0172073 -0.00815754 0)
(-0.0158079 -0.00916654 0)
(-0.014226 -0.00998838 0)
(-0.0125031 -0.0105897 0)
(-0.0106861 -0.0109476 0)
(-0.00882147 -0.0110489 0)
(-0.00695171 -0.0108841 0)
(-0.0051153 -0.0104339 0)
(-0.00336369 -0.00963285 0)
(-0.00173631 -0.0082119 0)
(-0.000393649 -0.00507553 0)
(-0.000356819 0.00455479 0)
(-0.00128707 0.00649715 0)
(-0.00230118 0.00725665 0)
(-0.00334531 0.00769047 0)
(-0.00440407 0.0079766 0)
(-0.00546492 0.00816783 0)
(-0.0065288 0.00828621 0)
(-0.00759797 0.00834307 0)
(-0.00867339 0.00834465 0)
(-0.00975465 0.00829402 0)
(-0.0108402 0.00819183 0)
(-0.0119273 0.00803658 0)
(-0.0130122 0.00782474 0)
(-0.0140895 0.00755094 0)
(-0.0151529 0.00720802 0)
(-0.0161942 0.00678732 0)
(-0.0172033 0.00627898 0)
(-0.0181681 0.00567248 0)
(-0.0190738 0.00495733 0)
(-0.0199029 0.004124 0)
(-0.0206345 0.00316507 0)
(-0.0212452 0.00207659 0)
(-0.0217082 0.000859618 0)
(-0.0219951 -0.000478347 0)
(-0.022076 -0.00192189 0)
(-0.0219219 -0.00344548 0)
(-0.0215074 -0.00501366 0)
(-0.0208138 -0.00658125 0)
(-0.0198326 -0.00809436 0)
(-0.0185697 -0.00949363 0)
(-0.0170472 -0.0107192 0)
(-0.0153044 -0.0117167 0)
(-0.0133947 -0.012444 0)
(-0.01138 -0.0128746 0)
(-0.00932185 -0.0129979 0)
(-0.00727649 -0.0128108 0)
(-0.00529238 -0.0122989 0)
(-0.00342898 -0.0113892 0)
(-0.00172894 -0.00975536 0)
(-0.000368428 -0.00606543 0)
(-0.000352752 0.00532701 0)
(-0.00128453 0.00750262 0)
(-0.0023077 0.00830997 0)
(-0.00336469 0.00875441 0)
(-0.00443948 0.00904387 0)
(-0.00551793 0.00923847 0)
(-0.0066004 0.0093619 0)
(-0.00768943 0.00942532 0)
(-0.00878677 0.00943412 0)
(-0.00989317 0.00939036 0)
(-0.0110084 0.00929358 0)
(-0.0121313 0.00914115 0)
(-0.0132595 0.00892833 0)
(-0.0143894 0.00864839 0)
(-0.0155158 0.00829261 0)
(-0.0166322 0.00785046 0)
(-0.0177293 0.00730988 0)
(-0.0187959 0.00665773 0)
(-0.019817 0.0058805 0)
(-0.0207745 0.00496525 0)
(-0.0216458 0.00390095 0)
(-0.0224037 0.00267996 0)
(-0.0230166 0.0013 0)
(-0.0234489 -0.000233876 0)
(-0.0236615 -0.00190666 0)
(-0.0236144 -0.00369171 0)
(-0.0232701 -0.0055486 0)
(-0.0225981 -0.00742288 0)
(-0.0215805 -0.00924699 0)
(-0.0202177 -0.0109439 0)
(-0.0185338 -0.0124338 0)
(-0.0165782 -0.0136435 0)
(-0.0144223 -0.0145167 0)
(-0.0121507 -0.0150218 0)
(-0.00984815 -0.0151517 0)
(-0.00759013 -0.0149131 0)
(-0.00543761 -0.0143014 0)
(-0.0034567 -0.0132378 0)
(-0.00169058 -0.0113358 0)
(-0.000330127 -0.00702916 0)
(-0.000346709 0.00609411 0)
(-0.00127558 0.00851 0)
(-0.00230388 0.0093721 0)
(-0.00337004 0.00983153 0)
(-0.004458 0.010127 0)
(-0.00555227 0.0103268 0)
(-0.00665266 0.0104569 0)
(-0.00776187 0.0105291 0)
(-0.00888231 0.0105482 0)
(-0.0100158 0.0105156 0)
(-0.0111635 0.0104299 0)
(-0.0123258 0.0102876 0)
(-0.0135021 0.0100828 0)
(-0.0146906 0.0098074 0)
(-0.0158881 0.00945101 0)
(-0.0170898 0.0090011 0)
(-0.0182882 0.00844309 0)
(-0.0194731 0.00776074 0)
(-0.0206305 0.00693675 0)
(-0.0217419 0.00595374 0)
(-0.0227832 0.00479556 0)
(-0.0237238 0.00344913 0)
(-0.0245263 0.00190661 0)
(-0.0251461 0.000168267 0)
(-0.0255326 -0.00175417 0)
(-0.0256317 -0.00383441 0)
(-0.0253885 -0.00602775 0)
(-0.0247549 -0.00826946 0)
(-0.0236983 -0.0104744 0)
(-0.0222101 -0.0125414 0)
(-0.0203152 -0.0143616 0)
(-0.0180771 -0.0158326 0)
(-0.0155941 -0.0168762 0)
(-0.0129861 -0.0174518 0)
(-0.0103733 -0.0175588 0)
(-0.00785918 -0.0172217 0)
(-0.00551949 -0.0164535 0)
(-0.00342299 -0.0151749 0)
(-0.00160755 -0.0129366 0)
(-0.00027524 -0.0079428 0)
(-0.000339079 0.00685251 0)
(-0.00126218 0.00951595 0)
(-0.00229234 0.0104394 0)
(-0.00336437 0.0109186 0)
(-0.00446256 0.0112235 0)
(-0.00557037 0.0114312 0)
(-0.00668715 0.0115707 0)
(-0.00781571 0.0116545 0)
(-0.00895911 0.0116877 0)
(-0.0101202 0.0116714 0)
(-0.0113017 0.0116034 0)
(-0.0125055 0.0114796 0)
(-0.013733 0.011293 0)
(-0.0149848 0.0110344 0)
(-0.0162599 0.0106918 0)
(-0.0175559 0.0102506 0)
(-0.0188679 0.00969346 0)
(-0.0201877 0.00900055 0)
(-0.021503 0.00815007 0)
(-0.0227959 0.00711896 0)
(-0.0240414 0.00588424 0)
(-0.0252058 0.0044249 0)
(-0.0262455 0.00272471 0)
(-0.0271059 0.000775744 0)
(-0.0277221 -0.00141769 0)
(-0.0280198 -0.00383267 0)
(-0.0279217 -0.00642232 0)
(-0.0273542 -0.0091111 0)
(-0.0262604 -0.0117917 0)
(-0.0246157 -0.014329 0)
(-0.0224438 -0.0165721 0)
(-0.0198252 -0.018373 0)
(-0.016899 -0.0196168 0)
(-0.0138405 -0.020249 0)
(-0.0108265 -0.0202807 0)
(-0.00800403 -0.0197678 0)
(-0.0054668 -0.0187585 0)
(-0.00327723 -0.0171828 0)
(-0.00145373 -0.0145261 0)
(-0.00019836 -0.00877087 0)
(-0.000330304 0.00759995 0)
(-0.00124536 0.0105176 0)
(-0.00227447 0.0115088 0)
(-0.00334925 0.0120125 0)
(-0.00445458 0.0123306 0)
(-0.00557312 0.0125494 0)
(-0.00670389 0.0127014 0)
(-0.00784987 0.0128005 0)
(-0.00901474 0.0128523 0)
(-0.0102025 0.0128578 0)
(-0.0114171 0.0128149 0)
(-0.0126626 0.0127188 0)
(-0.0139426 0.012562 0)
(-0.0152602 0.0123342 0)
(-0.0166173 0.0120221 0)
(-0.0180148 0.011609 0)
(-0.0194509 0.011075 0)
(-0.020921 0.0103962 0)
(-0.0224156 0.00954555 0)
(-0.0239187 0.00849311 0)
(-0.0254058 0.00720693 0)
(-0.026841 0.00565533 0)
(-0.0281747 0.00380967 0)
(-0.0293411 0.00164844 0)
(-0.0302572 -0.000836194 0)
(-0.0308248 -0.00363042 0)
(-0.0309348 -0.00668957 0)
(-0.0304783 -0.00992811 0)
(-0.0293612 -0.0132126 0)
(-0.0275284 -0.0163619 0)
(-0.024993 -0.0191616 0)
(-0.0218552 -0.0213916 0)
(-0.0183118 -0.0228764 0)
(-0.0146268 -0.0235359 0)
(-0.0110725 -0.0234005 0)
(-0.00786972 -0.0225822 0)
(-0.00514017 -0.0211986 0)
(-0.00292203 -0.0192117 0)
(-0.00118119 -0.0160419 0)
(-8.89682e-05 -0.00945989 0)
(-0.000320639 0.00833459 0)
(-0.00122561 0.0115124 0)
(-0.00225085 0.0125772 0)
(-0.00332528 0.01311 0)
(-0.00443441 0.0134452 0)
(-0.00556036 0.0136786 0)
(-0.00670189 0.0138465 0)
(-0.00786218 0.0139648 0)
(-0.00904559 0.0140399 0)
(-0.0102572 0.0140734 0)
(-0.0115026 0.0140633 0)
(-0.0127877 0.0140048 0)
(-0.0141188 0.0138903 0)
(-0.0155019 0.0137088 0)
(-0.0169426 0.0134462 0)
(-0.0184456 0.0130841 0)
(-0.0200137 0.0125996 0)
(-0.0216469 0.0119653 0)
(-0.0233403 0.0111482 0)
(-0.025082 0.01011 0)
(-0.0268497 0.00880779 0)
(-0.0286073 0.00719599 0)
(-0.0303003 0.00522794 0)
(-0.0318509 0.00286214 0)
(-0.0331567 7.0597e-05 0)
(-0.0340905 -0.00314928 0)
(-0.0345043 -0.00676288 0)
(-0.0342388 -0.0106805 0)
(-0.0331448 -0.0147392 0)
(-0.0311104 -0.0186998 0)
(-0.028115 -0.0222549 0)
(-0.0242746 -0.0250709 0)
(-0.0198557 -0.026866 0)
(-0.0152597 -0.0275083 0)
(-0.0109247 -0.0270518 0)
(-0.00721255 -0.0257054 0)
(-0.00430489 -0.0237227 0)
(-0.00218662 -0.0211535 0)
(-0.000706204 -0.0173654 0)
(7.14433e-05 -0.00992506 0)
(-0.000310186 0.00905473 0)
(-0.00120306 0.012498 0)
(-0.00222164 0.0136416 0)
(-0.00329253 0.0142078 0)
(-0.00440184 0.0145637 0)
(-0.00553132 0.014815 0)
(-0.00667953 0.0150023 0)
(-0.00784987 0.0151437 0)
(-0.00904737 0.0152468 0)
(-0.0102782 0.0153144 0)
(-0.0115496 0.015345 0)
(-0.0128698 0.0153346 0)
(-0.0142476 0.0152757 0)
(-0.0156926 0.0151575 0)
(-0.0172144 0.0149653 0)
(-0.0188228 0.0146797 0)
(-0.0205262 0.014276 0)
(-0.0223309 0.0137226 0)
(-0.0242387 0.0129808 0)
(-0.0262441 0.0120028 0)
(-0.0283302 0.0107332 0)
(-0.0304635 0.00910778 0)
(-0.0325869 0.00705634 0)
(-0.0346139 0.00450948 0)
(-0.0364235 0.00140938 0)
(-0.0378584 -0.00227513 0)
(-0.0387278 -0.00653038 0)
(-0.0388075 -0.0112766 0)
(-0.0378675 -0.0163293 0)
(-0.0356995 -0.0213775 0)
(-0.0322003 -0.0259882 0)
(-0.0274724 -0.0296561 0)
(-0.0218424 -0.0318961 0)
(-0.0158977 -0.0324715 0)
(-0.0103479 -0.0314513 0)
(-0.00582858 -0.0292039 0)
(-0.00268453 -0.0262383 0)
(-0.00083547 -0.0228085 0)
(9.21074e-05 -0.018273 0)
(0.000277472 -0.0100045 0)
(-0.000298969 0.00975874 0)
(-0.0011777 0.0134718 0)
(-0.0021868 0.0146989 0)
(-0.0032508 0.0153024 0)
(-0.00435641 0.0156822 0)
(-0.00548499 0.0159544 0)
(-0.00663497 0.0161642 0)
(-0.00780995 0.0163321 0)
(-0.00901556 0.0164677 0)
(-0.0102591 0.0165751 0)
(-0.0115495 0.0166543 0)
(-0.0128971 0.0167022 0)
(-0.0143137 0.0167124 0)
(-0.0158127 0.016675 0)
(-0.0174085 0.0165757 0)
(-0.0191165 0.0163951 0)
(-0.0209521 0.016107 0)
(-0.0229295 0.0156772 0)
(-0.0250598 0.0150609 0)
(-0.0273469 0.0142011 0)
(-0.0297828 0.0130275 0)
(-0.0323413 0.0114538 0)
(-0.034969 0.00938097 0)
(-0.0375775 0.0067038 0)
(-0.0400359 0.00332351 0)
(-0.0421658 -0.000833391 0)
(-0.0437375 -0.00579271 0)
(-0.0444634 -0.0115114 0)
(-0.044005 -0.0178107 0)
(-0.0420154 -0.024315 0)
(-0.038245 -0.030435 0)
(-0.0326704 -0.0354053 0)
(-0.0256279 -0.0384183 0)
(-0.0178129 -0.0389628 0)
(-0.010282 -0.037064 0)
(-0.00418273 -0.0332912 0)
(-0.000352045 -0.0286635 0)
(0.00124365 -0.0239024 0)
(0.00132392 -0.0184361 0)
(0.000581955 -0.00950622 0)
(-0.000286996 0.0104449 0)
(-0.00114951 0.0144314 0)
(-0.00214628 0.0157461 0)
(-0.0032 0.0163899 0)
(-0.00429773 0.0167963 0)
(-0.00542055 0.0170918 0)
(-0.00656662 0.0173264 0)
(-0.00773967 0.0175236 0)
(-0.00894589 0.0176954 0)
(-0.0101936 0.0178477 0)
(-0.0114933 0.0179824 0)
(-0.0128575 0.0180982 0)
(-0.0143012 0.0181906 0)
(-0.0158416 0.0182515 0)
(-0.0174983 0.0182681 0)
(-0.019293 0.0182222 0)
(-0.0212491 0.0180879 0)
(-0.0233906 0.0178292 0)
(-0.0257398 0.0173967 0)
(-0.0283135 0.0167245 0)
(-0.0311174 0.0157267 0)
(-0.0341392 0.0142935 0)
(-0.0373395 0.0122937 0)
(-0.0406438 0.00958159 0)
(-0.0439326 0.00600961 0)
(-0.0470322 0.00144776 0)
(-0.0497059 -0.00419314 0)
(-0.0516381 -0.0109414 0)
(-0.0524115 -0.0186851 0)
(-0.0515508 -0.0270273 0)
(-0.0485765 -0.035218 0)
(-0.0431574 -0.0421844 0)
(-0.0353028 -0.0466927 0)
(-0.0254178 -0.0477479 0)
(-0.0147605 -0.0450198 0)
(-0.00521684 -0.0390219 0)
(0.00113899 -0.0314938 0)
(0.00344575 -0.0243951 0)
(0.00285909 -0.0175443 0)
(0.000991296 -0.00816591 0)
(-0.000274307 0.0111117 0)
(-0.00111858 0.0153742 0)
(-0.00210029 0.01678 0)
(-0.00314031 0.0174666 0)
(-0.0042259 0.0179013 0)
(-0.00533768 0.0182216 0)
(-0.0064735 0.0184824 0)
(-0.00763704 0.0187107 0)
(-0.00883489 0.0189211 0)
(-0.0100762 0.0191219 0)
(-0.011373 0.0193176 0)
(-0.0127398 0.0195095 0)
(-0.0141946 0.0196957 0)
(-0.0157585 0.0198711 0)
(-0.0174561 0.0200259 0)
(-0.0193161 0.0201445 0)
(-0.0213705 0.0202032 0)
(-0.0236539 0.0201661 0)
(-0.0262022 0.0199813 0)
(-0.0290476 0.019576 0)
(-0.0322151 0.0188503 0)
(-0.0357154 0.0176732 0)
(-0.0395389 0.0158844 0)
(-0.0436501 0.0133008 0)
(-0.0479807 0.00972767 0)
(-0.0524198 0.00497556 0)
(-0.056804 -0.00111703 0)
(-0.0609112 -0.00866915 0)
(-0.0644312 -0.0176917 0)
(-0.0668651 -0.0278627 0)
(-0.0673883 -0.0384249 0)
(-0.0648403 -0.0482458 0)
(-0.0581227 -0.055756 0)
(-0.0468423 -0.0592258 0)
(-0.0320384 -0.0571547 0)
(-0.0162484 -0.0492738 0)
(-0.00308192 -0.0373686 0)
(0.00363534 -0.0255565 0)
(0.00389503 -0.0159852 0)
(0.00137296 -0.00600526 0)
(-0.000261017 0.0117574 0)
(-0.00108528 0.016298 0)
(-0.00204943 0.0177975 0)
(-0.00307252 0.0185285 0)
(-0.0041417 0.0189924 0)
(-0.005237 0.0193378 0)
(-0.00635571 0.0196249 0)
(-0.00750129 0.0198844 0)
(-0.00868049 0.0201341 0)
(-0.00990313 0.0203852 0)
(-0.0111823 0.0206453 0)
(-0.0125344 0.0209191 0)
(-0.01398 0.0212083 0)
(-0.0155437 0.0215119 0)
(-0.0172553 0.0218244 0)
(-0.0191497 0.022135 0)
(-0.0212676 0.0224238 0)
(-0.0236546 0.0226584 0)
(-0.026361 0.0227869 0)
(-0.0294368 0.0227333 0)
(-0.0329309 0.0223894 0)
(-0.0368873 0.0216118 0)
(-0.0413456 0.0202242 0)
(-0.0463439 0.0180242 0)
(-0.0519242 0.0147933 0)
(-0.0581352 0.0103113 0)
(-0.0650414 0.00438353 0)
(-0.0727758 -0.0031404 0)
(-0.0814219 -0.0123553 0)
(-0.0904203 -0.0234114 0)
(-0.098004 -0.0363903 0)
(-0.101171 -0.0506144 0)
(-0.0974675 -0.0639352 0)
(-0.0860089 -0.0731489 0)
(-0.0673693 -0.0750105 0)
(-0.0439828 -0.0675326 0)
(-0.0202712 -0.051443 0)
(-0.00241942 -0.0314745 0)
(0.00326929 -0.0156161 0)
(0.00140139 -0.00362407 0)
(-0.00024736 0.0123808 0)
(-0.00105033 0.0172007 0)
(-0.00199492 0.018796 0)
(-0.00299826 0.019572 0)
(-0.00404702 0.0200648 0)
(-0.00512038 0.020434 0)
(-0.00621484 0.0207459 0)
(-0.00733335 0.0210349 0)
(-0.00848256 0.0213224 0)
(-0.00967256 0.0216231 0)
(-0.0109172 0.0219482 0)
(-0.0122343 0.0223064 0)
(-0.0136464 0.0227041 0)
(-0.0151811 0.0231453 0)
(-0.0168723 0.0236305 0)
(-0.0187606 0.0241551 0)
(-0.0208941 0.024706 0)
(-0.0233288 0.0252564 0)
(-0.0261284 0.025759 0)
(-0.0293614 0.0261398 0)
(-0.0331033 0.0262929 0)
(-0.0374398 0.0260787 0)
(-0.0424773 0.025333 0)
(-0.0483633 0.0238772 0)
(-0.0553159 0.0215315 0)
(-0.0636665 0.0181399 0)
(-0.0739331 0.0136106 0)
(-0.086892 0.00782718 0)
(-0.102879 0.000195599 0)
(-0.120315 -0.0109492 0)
(-0.135331 -0.0274561 0)
(-0.143701 -0.048618 0)
(-0.143363 -0.0707357 0)
(-0.133496 -0.0890355 0)
(-0.113724 -0.0986004 0)
(-0.0851871 -0.0953252 0)
(-0.0514779 -0.0776035 0)
(-0.019686 -0.0487991 0)
(-0.000158188 -0.0195647 0)
(0.00121926 -0.00203675 0)
(-0.000233726 0.0129814 0)
(-0.00101493 0.0180811 0)
(-0.00193877 0.0197732 0)
(-0.00292022 0.0205939 0)
(-0.00394505 0.0211138 0)
(-0.0049913 0.0215042 0)
(-0.00605433 0.0218372 0)
(-0.00713631 0.0221517 0)
(-0.00824342 0.0224728 0)
(-0.00938568 0.0228193 0)
(-0.0105772 0.0232065 0)
(-0.0118366 0.0236476 0)
(-0.0131876 0.0241543 0)
(-0.0146598 0.0247368 0)
(-0.01629 0.0254026 0)
(-0.0181227 0.026155 0)
(-0.0202115 0.0269897 0)
(-0.0226197 0.0278888 0)
(-0.0254219 0.0288137 0)
(-0.0287035 0.0297002 0)
(-0.0325655 0.0304572 0)
(-0.0371376 0.0309731 0)
(-0.0426016 0.0311344 0)
(-0.0492342 0.0308523 0)
(-0.057463 0.0301007 0)
(-0.0679566 0.0289888 0)
(-0.0818693 0.0277121 0)
(-0.100497 0.0258554 0)
(-0.1233 0.0207255 0)
(-0.146244 0.00795486 0)
(-0.163884 -0.0143975 0)
(-0.174257 -0.0439875 0)
(-0.176888 -0.0755677 0)
(-0.171179 -0.104079 0)
(-0.15555 -0.124209 0)
(-0.128294 -0.130027 0)
(-0.0900841 -0.116119 0)
(-0.0466636 -0.0814508 0)
(-0.00955592 -0.0347532 0)
(0.00169267 -0.00260664 0)
(-0.000220709 0.0135593 0)
(-0.000980912 0.0189388 0)
(-0.00188399 0.0207282 0)
(-0.00284241 0.0215918 0)
(-0.00384063 0.0221354 0)
(-0.00485512 0.022542 0)
(-0.00587981 0.0228903 0)
(-0.00691576 0.0232236 0)
(-0.00796834 0.0235714 0)
(-0.00904703 0.0239565 0)
(-0.0101657 0.0243987 0)
(-0.0113431 0.0249163 0)
(-0.0126031 0.0255267 0)
(-0.013976 0.0262469 0)
(-0.0154993 0.0270921 0)
(-0.0172193 0.0280748 0)
(-0.019192 0.0292007 0)
(-0.0214843 0.0304632 0)
(-0.0241763 0.0318369 0)
(-0.0273649 0.0332748 0)
(-0.0311687 0.0347151 0)
(-0.0357521 0.0360991 0)
(-0.0413595 0.0374083 0)
(-0.048375 0.0387155 0)
(-0.0573776 0.0402646 0)
(-0.0693027 0.0425494 0)
(-0.0856732 0.0459161 0)
(-0.107359 0.0484248 0)
(-0.131912 0.0442372 0)
(-0.15401 0.0277613 0)
(-0.169636 -0.00126556 0)
(-0.178397 -0.0377623 0)
(-0.182424 -0.0762356 0)
(-0.182038 -0.112814 0)
(-0.175397 -0.14375 0)
(-0.157965 -0.162829 0)
(-0.125177 -0.1607 0)
(-0.0779629 -0.128595 0)
(-0.0274391 -0.0684737 0)
(0.00183022 -0.00900663 0)
(-0.000209139 0.0141163 0)
(-0.000950833 0.0197751 0)
(-0.00183474 0.0216609 0)
(-0.00277039 0.0225642 0)
(-0.00374042 0.0231262 0)
(-0.00471935 0.0235422 0)
(-0.00569935 0.0238973 0)
(-0.00668006 0.0242399 0)
(-0.00766572 0.0246038 0)
(-0.00866493 0.0250164 0)
(-0.00969075 0.0255022 0)
(-0.010761 0.0260846 0)
(-0.0118989 0.0267868 0)
(-0.0131338 0.0276326 0)
(-0.0145021 0.0286453 0)
(-0.0160488 0.0298467 0)
(-0.0178285 0.0312532 0)
(-0.0199067 0.0328706 0)
(-0.0223622 0.0346894 0)
(-0.025293 0.0366854 0)
(-0.0288242 0.0388356 0)
(-0.0331307 0.0411524 0)
(-0.0384812 0.0437389 0)
(-0.0452898 0.0468711 0)
(-0.0541394 0.0511061 0)
(-0.066033 0.0572854 0)
(-0.082228 0.065307 0)
(-0.102553 0.0707584 0)
(-0.123789 0.0655498 0)
(-0.140628 0.0442381 0)
(-0.150458 0.00926888 0)
(-0.155067 -0.0314949 0)
(-0.157761 -0.0724628 0)
(-0.160584 -0.11188 0)
(-0.163101 -0.149417 0)
(-0.160516 -0.181798 0)
(-0.14352 -0.198337 0)
(-0.104872 -0.18134 0)
(-0.0503324 -0.117813 0)
(-0.00254287 -0.0245879 0)
(-0.00020014 0.0146558 0)
(-0.000928131 0.0205931 0)
(-0.00179656 0.0225732 0)
(-0.00271144 0.0235113 0)
(-0.00365311 0.0240843 0)
(-0.00459377 0.0245 0)
(-0.00552352 0.0248506 0)
(-0.00644038 0.0251898 0)
(-0.00734724 0.0255561 0)
(-0.00825143 0.0259814 0)
(-0.00916468 0.0264947 0)
(-0.0101033 0.0271244 0)
(-0.0110886 0.0278995 0)
(-0.0121476 0.0288501 0)
(-0.0133134 0.0300072 0)
(-0.0146269 0.0314011 0)
(-0.0161373 0.0330581 0)
(-0.0179033 0.034996 0)
(-0.0199954 0.0372209 0)
(-0.0225009 0.0397331 0)
(-0.0255342 0.0425505 0)
(-0.0292528 0.045756 0)
(-0.0338944 0.0495701 0)
(-0.0398033 0.0544504 0)
(-0.0474201 0.0611988 0)
(-0.0574933 0.0707882 0)
(-0.0706379 0.0821063 0)
(-0.0864118 0.0887098 0)
(-0.101863 0.0812803 0)
(-0.112385 0.054899 0)
(-0.116581 0.0151219 0)
(-0.117506 -0.0279783 0)
(-0.117929 -0.0685594 0)
(-0.120099 -0.105811 0)
(-0.126032 -0.142541 0)
(-0.134664 -0.181411 0)
(-0.136719 -0.216514 0)
(-0.116878 -0.22538 0)
(-0.0699651 -0.174912 0)
(-0.0135356 -0.0556595 0)
(-0.00019519 0.0151839 0)
(-0.000917283 0.0213986 0)
(-0.00177654 0.0234692 0)
(-0.00267478 0.0244349 0)
(-0.00358959 0.0250087 0)
(-0.00449049 0.0254118 0)
(-0.00536536 0.0257436 0)
(-0.00621052 0.0260635 0)
(-0.00702744 0.0264148 0)
(-0.00782199 0.026834 0)
(-0.00860425 0.0273543 0)
(-0.00938843 0.0280088 0)
(-0.010193 0.0288315 0)
(-0.0110412 0.029858 0)
(-0.0119613 0.0311255 0)
(-0.0129872 0.0326716 0)
(-0.0141595 0.0345307 0)
(-0.0155254 0.0367299 0)
(-0.0171406 0.0392883 0)
(-0.0190728 0.0422264 0)
(-0.0214074 0.0455945 0)
(-0.0242587 0.0495288 0)
(-0.0277861 0.0543306 0)
(-0.0321852 0.0605571 0)
(-0.0376467 0.0691039 0)
(-0.0444355 0.0808431 0)
(-0.0526667 0.0938352 0)
(-0.0622481 0.100592 0)
(-0.0715858 0.0910242 0)
(-0.0775086 0.0607708 0)
(-0.0794407 0.0175073 0)
(-0.0796963 -0.0275774 0)
(-0.0796522 -0.0680846 0)
(-0.0802054 -0.102383 0)
(-0.0840459 -0.133444 0)
(-0.0944808 -0.168863 0)
(-0.108558 -0.213122 0)
(-0.109106 -0.249725 0)
(-0.0788355 -0.229706 0)
(-0.0254002 -0.101979 0)
(-0.000196211 0.0157099 0)
(-0.000924013 0.0222003 0)
(-0.00178358 0.0243556 0)
(-0.0026717 0.0253389 0)
(-0.00356293 0.0259003 0)
(-0.00442381 0.026275 0)
(-0.00524006 0.0265704 0)
(-0.00600648 0.0268519 0)
(-0.00672325 0.0271677 0)
(-0.00739487 0.0275584 0)
(-0.00802965 0.0280615 0)
(-0.00863935 0.0287138 0)
(-0.00923903 0.0295532 0)
(-0.00984707 0.0306196 0)
(-0.0104853 0.0319549 0)
(-0.0111793 0.0336015 0)
(-0.0119582 0.035599 0)
(-0.012855 0.0379808 0)
(-0.0139068 0.0407736 0)
(-0.0151553 0.0440095 0)
(-0.0166481 0.0477563 0)
(-0.0184383 0.0521717 0)
(-0.0205804 0.0575743 0)
(-0.0230985 0.0645173 0)
(-0.0258947 0.073835 0)
(-0.0287291 0.0862064 0)
(-0.0313778 0.0994132 0)
(-0.0341725 0.106017 0)
(-0.0374997 0.0958558 0)
(-0.0402528 0.0644535 0)
(-0.0421048 0.0197575 0)
(-0.0439118 -0.0269219 0)
(-0.0455414 -0.0685551 0)
(-0.0470035 -0.102062 0)
(-0.0495362 -0.128615 0)
(-0.0567206 -0.156197 0)
(-0.0723117 -0.197291 0)
(-0.0863345 -0.252242 0)
(-0.0750447 -0.270814 0)
(-0.0319102 -0.156004 0)
(-0.000205691 0.0162471 0)
(-0.000955586 0.0230114 0)
(-0.00182866 0.0252422 0)
(-0.0027158 0.0262292 0)
(-0.00358848 0.0267613 0)
(-0.00441009 0.0270882 0)
(-0.00516459 0.027326 0)
(-0.00584577 0.0275467 0)
(-0.00645303 0.0278034 0)
(-0.00698988 0.0281407 0)
(-0.00746304 0.0285993 0)
(-0.00788175 0.0292191 0)
(-0.00825735 0.0300404 0)
(-0.00860293 0.031106 0)
(-0.00893314 0.0324601 0)
(-0.00926402 0.0341478 0)
(-0.00961263 0.0362108 0)
(-0.00999644 0.0386843 0)
(-0.0104325 0.0415968 0)
(-0.0109352 0.0449812 0)
(-0.0115124 0.0489036 0)
(-0.0121548 0.0535096 0)
(-0.012815 0.0590808 0)
(-0.0133651 0.0660809 0)
(-0.0134843 0.0751386 0)
(-0.0125541 0.0866862 0)
(-0.0100889 0.0988399 0)
(-0.00661681 0.10495 0)
(-0.00364939 0.0964275 0)
(-0.00286271 0.0671741 0)
(-0.00444308 0.023788 0)
(-0.00768085 -0.0231226 0)
(-0.0116668 -0.0658917 0)
(-0.0164811 -0.0999377 0)
(-0.0214064 -0.125022 0)
(-0.0276199 -0.147464 0)
(-0.0401578 -0.180164 0)
(-0.0582197 -0.23983 0)
(-0.0627392 -0.293693 0)
(-0.0315397 -0.208333 0)
(-0.000226879 0.0168143 0)
(-0.00102124 0.0238494 0)
(-0.00192528 0.0261421 0)
(-0.00282325 0.0271143 0)
(-0.00368374 0.0275952 0)
(-0.00446728 0.0278504 0)
(-0.00515686 0.0280059 0)
(-0.00574629 0.0281403 0)
(-0.00623515 0.028312 0)
(-0.00662668 0.0285688 0)
(-0.00692651 0.028954 0)
(-0.00714165 0.0295091 0)
(-0.0072798 0.0302758 0)
(-0.00734869 0.0312974 0)
(-0.00735566 0.0326188 0)
(-0.00730724 0.0342848 0)
(-0.00720857 0.0363366 0)
(-0.00706235 0.0388075 0)
(-0.00686699 0.0417219 0)
(-0.00661265 0.0451041 0)
(-0.00627309 0.0490022 0)
(-0.00578917 0.0535241 0)
(-0.00503806 0.0588735 0)
(-0.00378669 0.0653683 0)
(-0.00161646 0.0733857 0)
(0.00224319 0.0830948 0)
(0.00850467 0.0930722 0)
(0.0169308 0.0981878 0)
(0.0253886 0.0914271 0)
(0.0306615 0.067163 0)
(0.0313018 0.0283576 0)
(0.0279079 -0.0163337 0)
(0.0216084 -0.058761 0)
(0.0126836 -0.0929873 0)
(0.00336091 -0.118178 0)
(-0.0052279 -0.139305 0)
(-0.0164203 -0.166052 0)
(-0.0325877 -0.221579 0)
(-0.0479284 -0.30015 0)
(-0.0268748 -0.253201 0)
(-0.000264152 0.017437 0)
(-0.00113291 0.0247381 0)
(-0.00209 0.0270719 0)
(-0.00301304 0.0280042 0)
(-0.00386823 0.0284058 0)
(-0.0046142 0.0285604 0)
(-0.00523453 0.0286048 0)
(-0.00572476 0.028625 0)
(-0.00608603 0.028684 0)
(-0.00632236 0.0288325 0)
(-0.00643945 0.029115 0)
(-0.00644239 0.0295735 0)
(-0.00633572 0.0302491 0)
(-0.0061221 0.0311841 0)
(-0.00580196 0.0324217 0)
(-0.00537298 0.0340047 0)
(-0.00482955 0.0359711 0)
(-0.00416174 0.0383495 0)
(-0.00335331 0.0411566 0)
(-0.00237642 0.0444016 0)
(-0.00118239 0.0481046 0)
(0.000315512 0.0523205 0)
(0.00227592 0.0571599 0)
(0.00497069 0.0627844 0)
(0.00883785 0.0693385 0)
(0.0145929 0.0767368 0)
(0.0230134 0.0838592 0)
(0.0339816 0.0871152 0)
(0.0457863 0.0812612 0)
(0.0550288 0.0621009 0)
(0.0589451 0.0298986 0)
(0.0569046 -0.00943538 0)
(0.0491034 -0.0487296 0)
(0.037042 -0.0818707 0)
(0.0239356 -0.107346 0)
(0.0122889 -0.128717 0)
(-0.000234619 -0.153869 0)
(-0.0131231 -0.203522 0)
(-0.0346579 -0.294928 0)
(-0.0205874 -0.288607 0)
(-0.000323601 0.0181499 0)
(-0.00130595 0.0257079 0)
(-0.00234332 0.0280524 0)
(-0.00330729 0.0289101 0)
(-0.00416301 0.0291965 0)
(-0.00486935 0.0292154 0)
(-0.0054132 0.0291159 0)
(-0.0057948 0.0289914 0)
(-0.0060176 0.0289097 0)
(-0.00608824 0.0289226 0)
(-0.0060153 0.0290747 0)
(-0.00580106 0.0294065 0)
(-0.00544789 0.0299571 0)
(-0.00495396 0.0307658 0)
(-0.00431355 0.0318725 0)
(-0.00351665 0.0333162 0)
(-0.00254863 0.0351302 0)
(-0.00138961 0.037337 0)
(-1.34238e-05 0.0399441 0)
(0.00161801 0.0429444 0)
(0.00356299 0.0463274 0)
(0.00591523 0.0500941 0)
(0.0088328 0.0542676 0)
(0.0125693 0.0588731 0)
(0.0175081 0.0638722 0)
(0.0241926 0.0689908 0)
(0.0332334 0.0733196 0)
(0.0446623 0.0744934 0)
(0.0570784 0.0687923 0)
(0.0677334 0.0532779 0)
(0.0736296 0.027525 0)
(0.0730132 -0.00495727 0)
(0.0656226 -0.0385914 0)
(0.0528622 -0.0687794 0)
(0.0382614 -0.0939245 0)
(0.0246878 -0.115965 0)
(0.0102872 -0.140874 0)
(-0.000204799 -0.187831 0)
(-0.0244054 -0.282948 0)
(-0.0142796 -0.315475 0)
(-0.000413919 0.0189999 0)
(-0.0015612 0.0267975 0)
(-0.00271108 0.0291074 0)
(-0.00373161 0.0298426 0)
(-0.00458977 0.0299672 0)
(-0.00524889 0.0298085 0)
(-0.0057035 0.0295288 0)
(-0.00596132 0.0292283 0)
(-0.00603293 0.0289781 0)
(-0.00592887 0.0288305 0)
(-0.00565814 0.0288277 0)
(-0.00522465 0.029007 0)
(-0.00462829 0.0294032 0)
(-0.00386347 0.0300514 0)
(-0.00291912 0.0309866 0)
(-0.00177875 0.0322426 0)
(-0.000420587 0.0338475 0)
(0.00118276 0.0358181 0)
(0.00306373 0.0381532 0)
(0.00526342 0.0408317 0)
(0.00783876 0.0438167 0)
(0.010874 0.0470645 0)
(0.0145012 0.0505273 0)
(0.0189209 0.0541335 0)
(0.0244154 0.0577307 0)
(0.0313335 0.0609689 0)
(0.0400388 0.06307 0)
(0.0505539 0.0625222 0)
(0.0618616 0.0569405 0)
(0.0717771 0.0442015 0)
(0.0777633 0.0239819 0)
(0.077925 -0.00169686 0)
(0.0717163 -0.0293718 0)
(0.0602584 -0.0558537 0)
(0.046187 -0.0797481 0)
(0.0320325 -0.101951 0)
(0.0163971 -0.127255 0)
(0.00749501 -0.173458 0)
(-0.0173828 -0.268828 0)
(-0.0087287 -0.335234 0)
(-0.000548303 0.0200512 0)
(-0.00192759 0.0280553 0)
(-0.00322613 0.0302627 0)
(-0.00431491 0.0308085 0)
(-0.00516903 0.0307117 0)
(-0.00576376 0.0303257 0)
(-0.00610773 0.0298263 0)
(-0.00622105 0.0293195 0)
(-0.00612358 0.0288763 0)
(-0.00583169 0.0285473 0)
(-0.00535695 0.0283704 0)
(-0.00470444 0.0283771 0)
(-0.00387241 0.0285966 0)
(-0.00285204 0.0290576 0)
(-0.00162769 0.0297891 0)
(-0.000177414 0.0308189 0)
(0.00152648 0.0321701 0)
(0.00351627 0.0338542 0)
(0.00582818 0.0358646 0)
(0.00850266 0.0381713 0)
(0.0115879 0.0407193 0)
(0.0151493 0.0434334 0)
(0.0192799 0.0462204 0)
(0.0241119 0.0489522 0)
(0.0298151 0.0514263 0)
(0.0365847 0.0532837 0)
(0.0445494 0.0538945 0)
(0.053627 0.0522455 0)
(0.0631103 0.0469477 0)
(0.0714163 0.0366191 0)
(0.0765762 0.0209239 0)
(0.0769598 0.000946883 0)
(0.0719979 -0.0213828 0)
(0.0622532 -0.0440506 0)
(0.0493647 -0.0659996 0)
(0.0356359 -0.0877152 0)
(0.0195772 -0.113243 0)
(0.0120207 -0.160068 0)
(-0.0136736 -0.256584 0)
(-0.0043187 -0.348626 0)
(-0.000747364 0.0213921 0)
(-0.00244705 0.02954 0)
(-0.00393042 0.0315423 0)
(-0.00508794 0.0318054 0)
(-0.00591592 0.0314114 0)
(-0.00641396 0.0307416 0)
(-0.00661354 0.0299825 0)
(-0.00655229 0.0292417 0)
(-0.00626176 0.0285867 0)
(-0.00576567 0.0280623 0)
(-0.0050792 0.0276993 0)
(-0.0042085 0.0275216 0)
(-0.00315056 0.0275502 0)
(-0.00189369 0.0278062 0)
(-0.000418187 0.0283115 0)
(0.0013028 0.0290877 0)
(0.00330177 0.0301527 0)
(0.00561491 0.0315145 0)
(0.00828021 0.0331634 0)
(0.0113358 0.0350666 0)
(0.0148213 0.0371637 0)
(0.0187789 0.0393654 0)
(0.0232601 0.041554 0)
(0.02833 0.0435766 0)
(0.0340666 0.0452183 0)
(0.0405317 0.0461569 0)
(0.0477109 0.0459068 0)
(0.0554077 0.0437798 0)
(0.0630786 0.0389581 0)
(0.0696496 0.0306429 0)
(0.0737022 0.0185365 0)
(0.0740029 0.00309513 0)
(0.0699392 -0.0146495 0)
(0.0616466 -0.0335905 0)
(0.05016 -0.0531751 0)
(0.0373256 -0.073856 0)
(0.0211297 -0.0991997 0)
(0.0153199 -0.146965 0)
(-0.0126302 -0.244834 0)
(-0.000855025 -0.359221 0)
(-0.001048 0.0231647 0)
(-0.00317862 0.0313287 0)
(-0.00487507 0.0329635 0)
(-0.00607779 0.0328131 0)
(-0.00683278 0.0320282 0)
(-0.00718046 0.0310134 0)
(-0.00718565 0.0299576 0)
(-0.00690769 0.0289618 0)
(-0.00639156 0.0280845 0)
(-0.00566885 0.0273601 0)
(-0.00475854 0.0268089 0)
(-0.00366765 0.0264445 0)
(-0.00239187 0.0262782 0)
(-0.000916807 0.0263218 0)
(0.000781022 0.0265891 0)
(0.00273275 0.0270953 0)
(0.00497532 0.0278537 0)
(0.00754905 0.0288703 0)
(0.0104937 0.0301358 0)
(0.0138455 0.0316188 0)
(0.0176346 0.033261 0)
(0.0218854 0.034976 0)
(0.0266165 0.0366468 0)
(0.0318389 0.0381195 0)
(0.0375513 0.0391903 0)
(0.0437224 0.0395857 0)
(0.0502488 0.0389395 0)
(0.0568819 0.0367942 0)
(0.0631618 0.0326438 0)
(0.0683349 0.0260414 0)
(0.0714156 0.0167704 0)
(0.0715093 0.00497765 0)
(0.0680526 -0.00889904 0)
(0.0609514 -0.0243956 0)
(0.0506699 -0.0413833 0)
(0.0386016 -0.0604824 0)
(0.0221569 -0.0853846 0)
(0.0187147 -0.134487 0)
(-0.0129167 -0.232053 0)
(0.00268117 -0.367255 0)
(-0.00149664 0.0254916 0)
(-0.00421837 0.0334617 0)
(-0.00612566 0.0344979 0)
(-0.0073021 0.0337655 0)
(-0.00790133 0.0324857 0)
(-0.00801646 0.0310695 0)
(-0.00775459 0.0296903 0)
(-0.00719934 0.0284312 0)
(-0.00640911 0.0273339 0)
(-0.00542305 0.0264176 0)
(-0.00426363 0.0256886 0)
(-0.00293821 0.0251476 0)
(-0.00144069 0.0247941 0)
(0.000245924 0.0246301 0)
(0.00214833 0.0246607 0)
(0.00430122 0.0248939 0)
(0.00674566 0.0253386 0)
(0.00952604 0.0259994 0)
(0.0126861 0.0268705 0)
(0.016263 0.0279279 0)
(0.0202831 0.0291223 0)
(0.0247566 0.030377 0)
(0.0296755 0.031589 0)
(0.0350154 0.0326243 0)
(0.0407254 0.0333091 0)
(0.0467154 0.0334242 0)
(0.0528238 0.0326993 0)
(0.0587807 0.0308248 0)
(0.0641868 0.0274869 0)
(0.0684777 0.0224213 0)
(0.0709822 0.0154717 0)
(0.0710024 0.00667748 0)
(0.0679995 -0.00389903 0)
(0.061811 -0.0161731 0)
(0.0524644 -0.0303769 0)
(0.0411002 -0.0476645 0)
(0.0247915 -0.0725054 0)
(0.0243722 -0.123071 0)
(-0.0121052 -0.216786 0)
(0.00791634 -0.37208 0)
(-0.00225195 0.0291188 0)
(-0.00561562 0.0362585 0)
(-0.0077214 0.036164 0)
(-0.00875086 0.03459 0)
(-0.00907362 0.0326955 0)
(-0.00883253 0.0308286 0)
(-0.00818731 0.0291135 0)
(-0.00724917 0.0275978 0)
(-0.00609043 0.0262977 0)
(-0.00475907 0.0252118 0)
(-0.00328028 0.024328 0)
(-0.0016598 0.0236314 0)
(0.000109824 0.0231096 0)
(0.00204752 0.0227545 0)
(0.00418163 0.0225623 0)
(0.00654876 0.0225342 0)
(0.00919193 0.0226733 0)
(0.0121591 0.0229821 0)
(0.0154991 0.0234582 0)
(0.0192557 0.024088 0)
(0.0234585 0.0248396 0)
(0.0281134 0.0256571 0)
(0.0332046 0.0264587 0)
(0.038683 0.0271347 0)
(0.0444645 0.0275484 0)
(0.0504196 0.0275361 0)
(0.0563596 0.0269104 0)
(0.0620178 0.0254605 0)
(0.0670361 0.0229813 0)
(0.0709805 0.0193136 0)
(0.0733263 0.0143655 0)
(0.0735262 0.00806482 0)
(0.071105 0.000384807 0)
(0.0658215 -0.00890988 0)
(0.0576314 -0.0204214 0)
(0.0475145 -0.0361961 0)
(0.0321806 -0.0619613 0)
(0.0359448 -0.114062 0)
(-0.00676582 -0.200367 0)
(0.0168109 -0.375814 0)
(-0.0032754 0.0314908 0)
(-0.00807331 0.0374888 0)
(-0.0100411 0.0366251 0)
(-0.0105593 0.0345744 0)
(-0.0103052 0.0322698 0)
(-0.00941873 0.0300662 0)
(-0.00809575 0.0280873 0)
(-0.00648174 0.0263611 0)
(-0.00466968 0.0248896 0)
(-0.0027207 0.0236625 0)
(-0.000661908 0.0226493 0)
(0.00150172 0.02182 0)
(0.00377983 0.0211506 0)
(0.00619202 0.0206232 0)
(0.00876497 0.020226 0)
(0.0115321 0.0199531 0)
(0.0145336 0.0198023 0)
(0.0178153 0.0197723 0)
(0.0214255 0.0198621 0)
(0.0254099 0.0200668 0)
(0.0298049 0.0203729 0)
(0.0346325 0.020752 0)
(0.0398838 0.0211547 0)
(0.0455155 0.0215081 0)
(0.0514409 0.0217168 0)
(0.0575236 0.0216641 0)
(0.0635716 0.0212186 0)
(0.0693317 0.0202425 0)
(0.0744834 0.0186025 0)
(0.0786434 0.0162104 0)
(0.0813797 0.0130095 0)
(0.0822856 0.00890859 0)
(0.0809704 0.00378455 0)
(0.0770959 -0.00279047 0)
(0.0707399 -0.0118664 0)
(0.0630751 -0.0264941 0)
(0.048835 -0.0533654 0)
(0.0576768 -0.104707 0)
(0.00170656 -0.184613 0)
(0.0307096 -0.382568 0)
(-0.00653583 0.048305 0)
(-0.0117878 0.0507491 0)
(-0.0126951 0.0448315 0)
(-0.011861 0.0389182 0)
(-0.0102342 0.0340796 0)
(-0.00769353 0.0303265 0)
(-0.00443593 0.0273814 0)
(-0.000834985 0.0250694 0)
(0.00282884 0.0232494 0)
(0.00651302 0.0217844 0)
(0.0102041 0.0205841 0)
(0.0139117 0.0195879 0)
(0.0176541 0.0187522 0)
(0.0214535 0.0180462 0)
(0.0253335 0.0174489 0)
(0.0293204 0.0169464 0)
(0.0334431 0.0165295 0)
(0.0377315 0.016192 0)
(0.0422186 0.0159306 0)
(0.046939 0.0157428 0)
(0.0519243 0.0156235 0)
(0.0572003 0.0155628 0)
(0.0627768 0.0155425 0)
(0.0686404 0.0155329 0)
(0.0747434 0.0154899 0)
(0.0809956 0.0153543 0)
(0.0872563 0.0150531 0)
(0.0933328 0.0145057 0)
(0.0989753 0.0136331 0)
(0.103904 0.0123665 0)
(0.107803 0.0106552 0)
(0.110381 0.0084028 0)
(0.111321 0.00544358 0)
(0.110354 0.00127742 0)
(0.106772 -0.00536093 0)
(0.102488 -0.0175373 0)
(0.0885791 -0.0406823 0)
(0.0958946 -0.0825946 0)
(0.00469158 -0.158156 0)
(0.056251 -0.378218 0)
(-0.00945724 0.0285736 0)
(-0.0180506 0.0166613 0)
(-0.00877916 0.0137224 0)
(0.00324226 0.0167699 0)
(0.0148205 0.0175769 0)
(0.0257603 0.0168625 0)
(0.0358693 0.0158833 0)
(0.0451227 0.0150696 0)
(0.0536819 0.0143897 0)
(0.0617101 0.0137709 0)
(0.0693278 0.0131953 0)
(0.0766153 0.0126644 0)
(0.0836321 0.0121774 0)
(0.0904271 0.0117306 0)
(0.0970408 0.0113215 0)
(0.103508 0.0109481 0)
(0.109858 0.0106091 0)
(0.11612 0.0103041 0)
(0.122319 0.0100323 0)
(0.12848 0.00979277 0)
(0.134627 0.00958337 0)
(0.140782 0.00940014 0)
(0.14696 0.00923674 0)
(0.153169 0.00908302 0)
(0.159405 0.00892452 0)
(0.165642 0.0087407 0)
(0.171829 0.00850641 0)
(0.177887 0.00819004 0)
(0.183701 0.00775753 0)
(0.189133 0.00716774 0)
(0.194012 0.00637201 0)
(0.198148 0.00527814 0)
(0.201265 0.0037298 0)
(0.203029 0.00137575 0)
(0.202052 -0.00233192 0)
(0.198241 -0.00860253 0)
(0.18176 -0.0190219 0)
(0.172259 -0.0393257 0)
(0.0271145 -0.100197 0)
(0.138007 -0.307091 0)
(0.0558058 0.111338 0)
(0.0842346 0.0910486 0)
(0.115294 0.0588324 0)
(0.142539 0.0384165 0)
(0.163269 0.0269952 0)
(0.180004 0.0202685 0)
(0.19471 0.0159907 0)
(0.208043 0.0131345 0)
(0.220252 0.0111232 0)
(0.23154 0.00963071 0)
(0.242071 0.00848341 0)
(0.25196 0.00757541 0)
(0.261289 0.00683938 0)
(0.270128 0.00623073 0)
(0.278535 0.00571929 0)
(0.28656 0.00528425 0)
(0.294247 0.00491096 0)
(0.301636 0.0045889 0)
(0.308763 0.00431034 0)
(0.315662 0.00406931 0)
(0.322365 0.00386086 0)
(0.3289 0.00368047 0)
(0.335289 0.00352347 0)
(0.341548 0.00338452 0)
(0.347681 0.0032572 0)
(0.35368 0.00313384 0)
(0.359516 0.00300527 0)
(0.365141 0.00286138 0)
(0.370483 0.0026901 0)
(0.375441 0.0024778 0)
(0.379882 0.00220559 0)
(0.383633 0.00184352 0)
(0.386421 0.00133586 0)
(0.387953 0.000589212 0)
(0.387225 -0.000488492 0)
(0.384394 -0.00196038 0)
(0.371915 -0.00379878 0)
(0.365894 -0.00553061 0)
(0.268453 -0.0150058 0)
(0.448631 -0.124492 0)
)
;

boundaryField
{
    movingWall
    {
        type            fixedValue;
        value           uniform (1 0 0);
    }
    fixedWalls
    {
        type            noSlip;
    }
    frontAndBack
    {
        type            empty;
    }
}


// ************************************************************************* //
