/*--------------------------------*- C++ -*----------------------------------*\
| =========                 |                                                 |
| \\      /  F ield         | OpenFOAM: The Open Source CFD Toolbox           |
|  \\    /   O peration     | Version:  2412                                  |
|   \\  /    A nd           | Website:  www.openfoam.com                      |
|    \\/     M anipulation  |                                                 |
\*---------------------------------------------------------------------------*/
FoamFile
{
    version     2.0;
    format      ascii;
    arch        "LSB;label=32;scalar=64";
    class       volScalarField;
    location    "3";
    object      p;
}
// * * * * * * * * * * * * * * * * * * * * * * * * * * * * * * * * * * * * * //

dimensions      [0 2 -2 0 0 0 0];

internalField   nonuniform List<scalar> 
1600
(
3.8553e-08
-1.03608e-05
-4.80201e-05
-0.0001067
-0.0001744
-0.000244907
-0.000316287
-0.000391681
-0.000476765
-0.000579166
-0.00072132
-0.000905102
-0.00109819
-0.00131114
-0.00157926
-0.00191623
-0.0023156
-0.00275391
-0.00319581
-0.00358538
-0.00384808
-0.00389936
-0.00365976
-0.00308735
-0.00217871
-0.000962665
0.000498026
0.00209556
0.00367623
0.00504647
0.00600731
0.00643423
0.00634523
0.00586371
0.00525694
0.00472816
0.00439481
0.00426925
0.0042593
0.00427712
7.84656e-08
-1.46143e-05
-5.37726e-05
-0.000111748
-0.000174334
-0.000237186
-0.000298327
-0.000361791
-0.000432761
-0.000512135
-0.000615086
-0.000779223
-0.00101117
-0.0012879
-0.00162779
-0.00205297
-0.00255684
-0.00310177
-0.00362659
-0.00406138
-0.00433064
-0.00436669
-0.00412439
-0.00358153
-0.00273336
-0.00159066
-0.000203184
0.0013348
0.00288411
0.00426481
0.00528671
0.00581553
0.00583615
0.00546469
0.00493782
0.00446971
0.00421661
0.00415201
0.00418266
0.00421931
2.12032e-05
-2.86897e-06
-4.89306e-05
-0.000109609
-0.0001713
-0.000223212
-0.000268391
-0.000313014
-0.00037203
-0.000469275
-0.000614522
-0.000830457
-0.00115591
-0.00160205
-0.00215492
-0.00278831
-0.00346383
-0.00412795
-0.0047148
-0.00516161
-0.00542082
-0.00545112
-0.00522066
-0.00470929
-0.00391054
-0.00283981
-0.00152903
-3.86647e-05
0.00152012
0.00298682
0.00417933
0.00493899
0.0052053
0.00505428
0.00467411
0.00428901
0.00405894
0.00400457
0.00405044
0.00409052
7.43821e-05
3.6185e-05
-2.05772e-05
-8.31047e-05
-0.000139523
-0.000186603
-0.000228218
-0.00027907
-0.000363296
-0.000522485
-0.000800747
-0.00121896
-0.00178632
-0.00247902
-0.00325573
-0.00406663
-0.00485692
-0.00557542
-0.00617741
-0.00661753
-0.0068606
-0.00688853
-0.00669146
-0.00625634
-0.00556276
-0.00461378
-0.00342709
-0.00203979
-0.000521188
0.00101945
0.00243276
0.0035493
0.00423396
0.00447074
0.00438115
0.00415299
0.00396679
0.00390049
0.00392766
0.00394104
0.000172483
0.000113709
4.5594e-05
-2.02589e-05
-7.72112e-05
-0.000129045
-0.000192795
-0.000298959
-0.000492474
-0.000825901
-0.00134138
-0.00203724
-0.00287474
-0.00379582
-0.00474351
-0.00566239
-0.00650329
-0.00723127
-0.00781743
-0.00823674
-0.00847307
-0.00851491
-0.00835084
-0.00797461
-0.00739196
-0.00659799
-0.00559448
-0.00439434
-0.00302095
-0.0015235
1.14751e-05
0.0014554
0.00265044
0.00346853
0.00388164
0.00397827
0.0039165
0.003865
0.00382929
0.00379749
0.000317062
0.000232768
0.000151318
7.81553e-05
1.00144e-05
-7.44942e-05
-0.000211016
-0.00044848
-0.000844481
-0.0014419
-0.00224447
-0.00321091
-0.00427179
-0.00535472
-0.00639599
-0.00735099
-0.00818641
-0.00888182
-0.00942155
-0.00979316
-0.00998553
-0.00999975
-0.0098444
-0.0095191
-0.0090293
-0.00837605
-0.00756135
-0.00658495
-0.00544056
-0.00412485
-0.00265208
-0.00107613
0.000495329
0.00190349
0.00297589
0.00360652
0.00382418
0.00381445
0.00372889
0.00364726
0.000492863
0.000383402
0.000281262
0.000194397
9.32404e-05
-6.79318e-05
-0.000338436
-0.000781306
-0.00144488
-0.00233798
-0.00341535
-0.00459932
-0.00580481
-0.00696094
-0.00801808
-0.0089462
-0.00972788
-0.0103556
-0.0108259
-0.011136
-0.0112837
-0.0112744
-0.0111161
-0.010817
-0.0103832
-0.00982457
-0.00914735
-0.00835163
-0.00742722
-0.00635028
-0.00508711
-0.00361081
-0.00193408
-0.000150856
0.00153968
0.002851
0.0035533
0.00369124
0.00359606
0.00346113
0.000674017
0.000533632
0.000404757
0.000289504
0.00012295
-0.000156871
-0.000616382
-0.00131547
-0.00227009
-0.00343768
-0.00473092
-0.00605185
-0.0073193
-0.00847826
-0.00949811
-0.0103655
-0.0110773
-0.0116356
-0.0120437
-0.0123036
-0.0124184
-0.0123928
-0.0122315
-0.0119429
-0.011538
-0.0110307
-0.0104313
-0.00974554
-0.00897027
-0.00808563
-0.00704959
-0.00579811
-0.00426229
-0.00241679
-0.000364287
0.00157826
0.00293362
0.00344761
0.00342408
0.00320184
0.000815946
0.000643366
0.000476544
0.000311256
5.24287e-05
-0.000382368
-0.00106917
-0.00204084
-0.00326415
-0.00464563
-0.00607554
-0.00745683
-0.00872498
-0.00984588
-0.010808
-0.0116123
-0.0122648
-0.0127719
-0.0131381
-0.0133665
-0.0134604
-0.013423
-0.0132575
-0.0129721
-0.0125799
-0.0120952
-0.0115312
-0.010899
-0.0102033
-0.00943536
-0.00856443
-0.00752917
-0.0062339
-0.00456851
-0.00248671
-0.00016379
0.0018695
0.00299452
0.00316187
0.00282295
0.000867842
0.000663332
0.000447538
0.000215473
-0.0001556
-0.000772566
-0.00169682
-0.00291902
-0.00435225
-0.00587379
-0.00736903
-0.00875501
-0.00998965
-0.0110595
-0.0119677
-0.0127237
-0.0133367
-0.0138133
-0.0141568
-0.014369
-0.0144518
-0.0144066
-0.0142365
-0.0139502
-0.0135606
-0.0130816
-0.0125281
-0.0119143
-0.0112506
-0.010538
-0.00976076
-0.00887596
-0.00779947
-0.00639933
-0.00453014
-0.002164
0.000357192
0.00219605
0.00269728
0.00231734
0.000789853
0.000553154
0.00028275
-2.6249e-05
-0.00052387
-0.00132755
-0.00246785
-0.00388878
-0.00546423
-0.00705998
-0.00856747
-0.00992644
-0.0111167
-0.0121404
-0.0130092
-0.0137355
-0.014328
-0.0147912
-0.0151263
-0.0153332
-0.0154119
-0.0153627
-0.0151886
-0.0148983
-0.0145043
-0.0140206
-0.0134633
-0.0128485
-0.0121898
-0.0114946
-0.010759
-0.00995889
-0.00903513
-0.00787492
-0.00630599
-0.0041522
-0.00146687
0.000995325
0.00200843
0.00176045
0.000554773
0.00029273
-3.11135e-05
-0.000422522
-0.00104752
-0.00201724
-0.00333107
-0.00489068
-0.00654817
-0.00816617
-0.00965361
-0.0109738
-0.012123
-0.0131129
-0.0139585
-0.0146715
-0.0152583
-0.0157208
-0.016058
-0.0162674
-0.0163474
-0.0162972
-0.0161198
-0.0158237
-0.0154205
-0.014925
-0.0143545
-0.0137267
-0.0130578
-0.0123593
-0.0116351
-0.0108747
-0.0100419
-0.00905505
-0.00776309
-0.00593755
-0.0033952
-0.000546867
0.00113418
0.00110219
0.000162009
-0.000115028
-0.000487114
-0.000959135
-0.00169571
-0.00279667
-0.00423367
-0.00587737
-0.00756762
-0.00917325
-0.010626
-0.0119077
-0.0130253
-0.0139946
-0.0148306
-0.0155427
-0.0161346
-0.0166057
-0.0169524
-0.0171703
-0.0172559
-0.0172076
-0.0170277
-0.0167243
-0.0163086
-0.0157964
-0.0152062
-0.0145577
-0.0138693
-0.0131559
-0.0124266
-0.0116799
-0.0108965
-0.0100223
-0.00894303
-0.00744667
-0.00522749
-0.00229339
6.77851e-07
0.000235189
-0.000364449
-0.000646911
-0.00105897
-0.0016004
-0.00242342
-0.00361696
-0.00512957
-0.00681185
-0.00849886
-0.0100738
-0.0114888
-0.0127382
-0.0138343
-0.014794
-0.0156304
-0.0163505
-0.016955
-0.0174408
-0.0178023
-0.018033
-0.0181277
-0.0180837
-0.0179026
-0.0175915
-0.0171615
-0.0166293
-0.0160149
-0.0153403
-0.0146265
-0.0138916
-0.0131483
-0.0124014
-0.0116427
-0.0108383
-0.00990846
-0.00868665
-0.00684629
-0.00410054
-0.00142115
-0.000855967
-0.000985937
-0.00126454
-0.00170534
-0.00229916
-0.00318106
-0.00443031
-0.00597913
-0.00766584
-0.00932775
-0.0108653
-0.0122457
-0.0134703
-0.0145536
-0.0155117
-0.0163554
-0.0170888
-0.0177104
-0.0182146
-0.0185941
-0.0188404
-0.0189466
-0.0189089
-0.0187279
-0.0184098
-0.0179652
-0.0174118
-0.0167711
-0.0160672
-0.0153243
-0.0145637
-0.0138016
-0.0130473
-0.0122997
-0.0115392
-0.0107128
-0.0096998
-0.00821044
-0.00582194
-0.00306224
-0.00214355
-0.001655
-0.00192082
-0.00237754
-0.00300605
-0.0039231
-0.00519557
-0.00675017
-0.00841868
-0.0100452
-0.0115458
-0.0128971
-0.0141039
-0.0151811
-0.0161428
-0.0169975
-0.0177468
-0.0183871
-0.0189113
-0.0193099
-0.0195727
-0.0196914
-0.0196611
-0.0194815
-0.0191578
-0.0187
-0.0181263
-0.0174591
-0.0167251
-0.0159516
-0.0151633
-0.0143801
-0.0136146
-0.012871
-0.0121392
-0.0113857
-0.0105272
-0.00933024
-0.00735685
-0.00479107
-0.00352804
-0.00232215
-0.00256868
-0.00303029
-0.00367726
-0.00460974
-0.00587867
-0.00741823
-0.00905564
-0.0106442
-0.0121118
-0.01344
-0.0146348
-0.0157102
-0.0166783
-0.0175452
-0.0183106
-0.0189692
-0.0195122
-0.0199288
-0.0202073
-0.020338
-0.0203153
-0.0201381
-0.0198104
-0.0193419
-0.0187504
-0.0180592
-0.0172966
-0.0164931
-0.0156773
-0.0148725
-0.0140945
-0.0133509
-0.0126385
-0.0119382
-0.011195
-0.0102311
-0.00865555
-0.00646545
-0.0048896
-0.00294271
-0.00316727
-0.00362582
-0.00427759
-0.00520763
-0.00645586
-0.00796453
-0.00956444
-0.0111176
-0.0125577
-0.0138686
-0.0150559
-0.0161321
-0.0171073
-0.0179858
-0.0187655
-0.01944
-0.0199991
-0.0204307
-0.0207224
-0.0208631
-0.0208472
-0.0206726
-0.0203427
-0.0198663
-0.0192607
-0.0185492
-0.0177615
-0.016931
-0.0160899
-0.0152649
-0.014475
-0.0137306
-0.013033
-0.0123717
-0.0117103
-0.0109259
-0.00969334
-0.00793667
-0.00618549
-0.00348207
-0.00368459
-0.00413468
-0.00478092
-0.00569187
-0.00691128
-0.00837655
-0.00993636
-0.0114578
-0.0128764
-0.0141753
-0.0153586
-0.0164371
-0.017419
-0.018307
-0.019098
-0.0197846
-0.0203556
-0.0207983
-0.0210994
-0.0212475
-0.0212366
-0.0210642
-0.0207329
-0.0202511
-0.019635
-0.0189078
-0.0180998
-0.0172466
-0.016384
-0.0155422
-0.0147428
-0.0139981
-0.0133123
-0.0126797
-0.012075
-0.0114177
-0.0104573
-0.00908855
-0.00741379
-0.00391708
-0.00409883
-0.00453717
-0.00517031
-0.00605215
-0.00723189
-0.00864425
-0.0101672
-0.0116595
-0.0130616
-0.014353
-0.0155349
-0.0166162
-0.0176035
-0.0184984
-0.0192971
-0.0199914
-0.0205696
-0.0210186
-0.0213249
-0.0214769
-0.0214687
-0.0212972
-0.020965
-0.0204793
-0.0198558
-0.0191172
-0.018294
-0.0174237
-0.0165446
-0.01569
-0.0148837
-0.0141396
-0.0134634
-0.0128522
-0.0122875
-0.0117161
-0.0109606
-0.00989444
-0.00849235
-0.00423632
-0.00440239
-0.00482106
-0.00543708
-0.00628599
-0.00741258
-0.00876662
-0.0102495
-0.0117181
-0.0131075
-0.0143941
-0.0155764
-0.0166608
-0.0176524
-0.018552
-0.0193551
-0.0200531
-0.0206343
-0.0210854
-0.0213932
-0.0215462
-0.0215382
-0.0213661
-0.0210321
-0.020543
-0.0199138
-0.0191667
-0.0183326
-0.0174497
-0.0165589
-0.0156957
-0.0148857
-0.0141439
-0.0134761
-0.0128811
-0.012344
-0.0118333
-0.0112271
-0.0103838
-0.00931365
-0.00444191
-0.00459178
-0.00498913
-0.00558125
-0.00639173
-0.00745663
-0.00874971
-0.0101816
-0.0116291
-0.0130081
-0.0142918
-0.0154757
-0.0165635
-0.0175588
-0.0184613
-0.0192664
-0.0199653
-0.0205463
-0.0209964
-0.0213027
-0.021454
-0.021444
-0.0212696
-0.0209327
-0.0204398
-0.0198055
-0.0190514
-0.0182089
-0.0173172
-0.0164188
-0.0155512
-0.0147411
-0.0140035
-0.0133439
-0.0127615
-0.0122431
-0.0117786
-0.0112782
-0.0105931
-0.0098272
-0.00454382
-0.00467799
-0.00505019
-0.00561093
-0.00637663
-0.00737475
-0.00859963
-0.00997151
-0.0113889
-0.0127564
-0.0140391
-0.0152266
-0.0163192
-0.0173186
-0.0182238
-0.0190296
-0.0197276
-0.0203064
-0.0207533
-0.021056
-0.0212036
-0.0211899
-0.0210115
-0.0206703
-0.0201725
-0.0195324
-0.018772
-0.0179229
-0.0170254
-0.0161231
-0.015255
-0.014448
-0.0137167
-0.0130653
-0.0124923
-0.0119856
-0.0115608
-0.0111314
-0.0105589
-0.0100331
-0.00456108
-0.00467889
-0.00501864
-0.00554071
-0.0062555
-0.00718139
-0.00832433
-0.00962649
-0.0109994
-0.0123497
-0.013631
-0.0148239
-0.0159233
-0.0169284
-0.0178371
-0.0186441
-0.019341
-0.0199168
-0.0203596
-0.0206575
-0.0208001
-0.0207812
-0.0205974
-0.0202505
-0.0197464
-0.0190998
-0.0183332
-0.0174791
-0.0165788
-0.0156767
-0.0148118
-0.0140108
-0.0132876
-0.0126443
-0.0120784
-0.0115775
-0.0111843
-0.0107956
-0.0103238
-0.00995902
-0.00451662
-0.00461478
-0.00491403
-0.00538916
-0.00604453
-0.00689142
-0.00793941
-0.00915704
-0.0104707
-0.0117934
-0.0130683
-0.0142659
-0.0153738
-0.0163869
-0.0173015
-0.0181116
-0.018809
-0.019383
-0.0198223
-0.0201155
-0.0202525
-0.0202277
-0.0200373
-0.0196833
-0.0191716
-0.0185175
-0.0177447
-0.0168871
-0.0159869
-0.015089
-0.0142313
-0.0134394
-0.0127256
-0.0120906
-0.0115301
-0.0110304
-0.0106591
-0.0102848
-0.0099168
-0.00964479
-0.00443126
-0.00450611
-0.00475704
-0.00517638
-0.00576131
-0.00652163
-0.00746628
-0.00858278
-0.00981854
-0.0110972
-0.0123555
-0.0135536
-0.01467
-0.0156936
-0.0166173
-0.0174341
-0.0181351
-0.0187101
-0.0191479
-0.0194378
-0.0195701
-0.0195393
-0.0193421
-0.0189805
-0.0184609
-0.0177996
-0.017022
-0.0161633
-0.0152666
-0.0143763
-0.013529
-0.0127485
-0.0120452
-0.0114186
-0.0108627
-0.0103606
-0.0100088
-0.00962298
-0.00935139
-0.00913311
-0.00432183
-0.00437099
-0.00456675
-0.00492134
-0.00542553
-0.00609061
-0.00692573
-0.00792738
-0.00906519
-0.0102784
-0.0115039
-0.0126934
-0.0138155
-0.0148509
-0.0157872
-0.0166148
-0.0173239
-0.0179039
-0.0183438
-0.0186332
-0.0187628
-0.0187275
-0.0185244
-0.0181562
-0.0176303
-0.0169639
-0.0161845
-0.0153289
-0.0144402
-0.0135614
-0.0127271
-0.0119588
-0.0112661
-0.0106469
-0.0100947
-0.00958673
-0.00925007
-0.00884405
-0.0086619
-0.00846461
-0.00419995
-0.00422437
-0.00436086
-0.0046408
-0.00505597
-0.00561717
-0.00633663
-0.00721497
-0.00823815
-0.00936375
-0.0105357
-0.0117016
-0.0128213
-0.0138664
-0.0148176
-0.0156602
-0.0163824
-0.0169724
-0.0174192
-0.0177124
-0.017843
-0.0178062
-0.0176001
-0.0172284
-0.0167
-0.0160334
-0.015258
-0.0144114
-0.013536
-0.0126725
-0.0118527
-0.0110965
-0.0104127
-0.0097989
-0.00924827
-0.00873141
-0.00841066
-0.00796635
-0.00788096
-0.00766879
-0.00407284
-0.00407604
-0.00415389
-0.00435029
-0.00466852
-0.00511935
-0.00571737
-0.00646872
-0.00736745
-0.00838787
-0.00948493
-0.010608
-0.0117113
-0.0127588
-0.013723
-0.014583
-0.0153226
-0.0159282
-0.0163875
-0.0166901
-0.0168271
-0.016794
-0.0165902
-0.0162209
-0.0156971
-0.0150382
-0.0142749
-0.0134447
-0.0125881
-0.0117427
-0.0109376
-0.0101916
-0.00951322
-0.00890096
-0.00834869
-0.00781961
-0.00751676
-0.00701638
-0.00702111
-0.00673948
-0.0039446
-0.00393065
-0.00395483
-0.00406267
-0.00427609
-0.00461163
-0.00508544
-0.00570876
-0.00648119
-0.00738759
-0.00839422
-0.00945622
-0.0105267
-0.0115641
-0.0125339
-0.013409
-0.0141679
-0.0147931
-0.0152706
-0.0155892
-0.0157395
-0.0157177
-0.0155242
-0.0151659
-0.0146563
-0.0140158
-0.0132742
-0.012468
-0.0116349
-0.0108088
-0.0100168
-0.0092769
-0.00859855
-0.00798191
-0.00742335
-0.00687965
-0.00660081
-0.00602173
-0.00609115
-0.00564771
-0.00381595
-0.00378925
-0.003767
-0.00378572
-0.00388848
-0.00410417
-0.00445405
-0.00495234
-0.00560293
-0.00639625
-0.00730727
-0.00829696
-0.0093209
-0.0103352
-0.0113006
-0.0121844
-0.01296
-0.013606
-0.0141054
-0.0144456
-0.014617
-0.0146157
-0.0144428
-0.0141061
-0.0136214
-0.0130099
-0.0122994
-0.0115234
-0.0107163
-0.00990886
-0.00912632
-0.00838693
-0.00770104
-0.00707171
-0.00650026
-0.00594068
-0.0056923
-0.00500445
-0.00516586
-0.00443813
-0.00368617
-0.00365102
-0.00358896
-0.0035219
-0.00351092
-0.00360465
-0.00383295
-0.00421328
-0.00475182
-0.0054412
-0.00626077
-0.00717745
-0.00814905
-0.00913165
-0.0100841
-0.0109698
-0.0117577
-0.0124229
-0.0129455
-0.0133111
-0.0135097
-0.0135375
-0.0133955
-0.0130915
-0.0126413
-0.0120669
-0.0113939
-0.0106519
-0.00987131
-0.00908028
-0.00830257
-0.00755674
-0.00685386
-0.00620124
-0.00560598
-0.00502569
-0.00480042
-0.00397198
-0.00438076
-0.00327629
-0.00355512
-0.00351491
-0.00341627
-0.00326871
-0.00314432
-0.00311741
-0.00322943
-0.00350206
-0.0039419
-0.00454222
-0.00528327
-0.00613435
-0.00705658
-0.00800684
-0.00894285
-0.00982602
-0.0106227
-0.011305
-0.0118509
-0.0122439
-0.0124738
-0.0125364
-0.0124324
-0.0121692
-0.011761
-0.0112286
-0.010596
-0.00988907
-0.00913447
-0.00835752
-0.00758051
-0.00682161
-0.00609225
-0.00540341
-0.00476684
-0.00414863
-0.00390484
-0.00291099
-0.00366073
-0.00211264
-0.00342207
-0.00337931
-0.00324265
-0.00301823
-0.00278705
-0.00264453
-0.00264952
-0.0028279
-0.00318579
-0.00371481
-0.00439493
-0.00519538
-0.00607795
-0.00700059
-0.00792173
-0.00880198
-0.00960597
-0.010304
-0.0108724
-0.0112935
-0.0115563
-0.0116563
-0.0115937
-0.0113748
-0.0110126
-0.0105258
-0.00993556
-0.00926459
-0.00853631
-0.00777303
-0.00699482
-0.00621834
-0.00545467
-0.00471658
-0.00401782
-0.0033316
-0.00298374
-0.00175258
-0.00258488
-8.2697e-05
-0.00328886
-0.00324234
-0.00306513
-0.00276415
-0.00243749
-0.00219029
-0.00210024
-0.00220002
-0.00249449
-0.00297159
-0.00360825
-0.00437354
-0.00522917
-0.00613288
-0.00704354
-0.00792259
-0.00873412
-0.00944743
-0.0100379
-0.0104873
-0.0107841
-0.0109229
-0.0109034
-0.0107309
-0.0104172
-0.0099785
-0.00943334
-0.00880169
-0.00810272
-0.00735609
-0.00657853
-0.00578352
-0.00498017
-0.00417921
-0.00339763
-0.00261339
-0.0020704
-0.00048341
-0.000759558
0.00395755
-0.00316647
-0.00310222
-0.00287866
-0.00249542
-0.00208171
-0.00174475
-0.00157235
-0.00160648
-0.00185101
-0.00229041
-0.00289793
-0.00364058
-0.00448009
-0.0053747
-0.00628295
-0.00716663
-0.00799057
-0.00872385
-0.0093411
-0.00982351
-0.010159
-0.0103412
-0.0103694
-0.010248
-0.0099865
-0.00959857
-0.00910019
-0.00851085
-0.00784459
-0.00711782
-0.00634416
-0.00553368
-0.00469081
-0.00381417
-0.00291139
-0.00195691
-0.00112743
0.000940169
0.00159307
0.00848676
-0.00316525
-0.00304438
-0.00272293
-0.00222985
-0.00170121
-0.00126562
-0.00101028
-0.000980804
-0.00118147
-0.00159206
-0.00218207
-0.00291585
-0.00375398
-0.00465395
-0.00557456
-0.0064776
-0.00732806
-0.00809529
-0.00875434
-0.00928399
-0.0096696
-0.00990361
-0.00998491
-0.00991748
-0.00970958
-0.00937293
-0.00892142
-0.00836833
-0.00773153
-0.00702321
-0.0062527
-0.00542638
-0.00453917
-0.00356526
-0.00246087
-0.0011119
0.00040728
0.00358917
0.00434659
0.00961447
-0.00293143
-0.00272111
-0.00235222
-0.00182552
-0.00122483
-0.000701963
-0.000373622
-0.000289339
-0.000458422
-0.000855718
-0.00144523
-0.00218881
-0.00304665
-0.00397558
-0.00493148
-0.00587444
-0.00676861
-0.00758178
-0.00828716
-0.00886467
-0.00930026
-0.0095854
-0.009717
-0.00969755
-0.00953438
-0.00923806
-0.00882148
-0.00829871
-0.00768435
-0.00698835
-0.00621513
-0.00535594
-0.00438933
-0.00324871
-0.00178132
0.000441701
0.00377239
0.00993776
0.0105013
0.0152097
-0.00476295
-0.00424093
-0.00334465
-0.00220861
-0.00120325
-0.000493145
-8.18884e-05
3.75843e-05
-0.000113095
-0.000501264
-0.00108943
-0.0018373
-0.00270261
-0.00364274
-0.00461485
-0.00557819
-0.0064956
-0.00733415
-0.00806625
-0.00867144
-0.00913543
-0.00944878
-0.00960732
-0.00961239
-0.00947067
-0.00919251
-0.00878988
-0.00827546
-0.00766112
-0.00695443
-0.00615321
-0.00523495
-0.00414159
-0.00272566
-0.000654975
0.0028669
0.00886351
0.0197075
0.0259326
0.0562988
-0.00299672
0.000682595
0.00105148
0.000423489
0.000298403
0.000489668
0.000609529
0.000529896
0.000249406
-0.000218914
-0.000857233
-0.00163657
-0.00251988
-0.00346782
-0.00444199
-0.00540454
-0.00632013
-0.00715713
-0.00788884
-0.00849459
-0.0089596
-0.00927444
-0.00943514
-0.00944332
-0.00930528
-0.00903099
-0.00863186
-0.00811948
-0.00750259
-0.00678315
-0.00594734
-0.00495487
-0.0037147
-0.00204073
0.000342348
0.0042701
0.0103612
0.0232379
0.0457247
0.138832
)
;

boundaryField
{
    movingWall
    {
        type            zeroGradient;
    }
    fixedWalls
    {
        type            zeroGradient;
    }
    frontAndBack
    {
        type            empty;
    }
}


// ************************************************************************* //
