/*--------------------------------*- C++ -*----------------------------------*\
| =========                 |                                                 |
| \\      /  F ield         | OpenFOAM: The Open Source CFD Toolbox           |
|  \\    /   O peration     | Version:  2412                                  |
|   \\  /    A nd           | Website:  www.openfoam.com                      |
|    \\/     M anipulation  |                                                 |
\*---------------------------------------------------------------------------*/
FoamFile
{
    version     2.0;
    format      ascii;
    arch        "LSB;label=32;scalar=64";
    class       surfaceScalarField;
    location    "3";
    object      phi;
}
// * * * * * * * * * * * * * * * * * * * * * * * * * * * * * * * * * * * * * //

dimensions      [0 3 -1 0 0 0 0];

oriented        oriented;

internalField   nonuniform List<scalar> 
3120
(
4.38041e-08
-4.38078e-08
1.01503e-07
-5.76994e-08
1.48194e-07
-4.66904e-08
1.75912e-07
-2.77188e-08
1.86419e-07
-1.05068e-08
1.83054e-07
3.36496e-09
1.68184e-07
1.48693e-08
1.40376e-07
2.78087e-08
9.70238e-08
4.33517e-08
3.36184e-08
6.34054e-08
-6.52877e-08
9.89059e-08
-2.18426e-07
1.53138e-07
-4.4241e-07
2.23984e-07
-7.40527e-07
2.98117e-07
-1.09521e-06
3.54681e-07
-1.48453e-06
3.89325e-07
-1.88226e-06
3.97728e-07
-2.26148e-06
3.79222e-07
-2.59908e-06
3.37601e-07
-2.87788e-06
2.78796e-07
-3.08745e-06
2.09567e-07
-3.22347e-06
1.36025e-07
-3.28541e-06
6.19427e-08
-3.27296e-06
-1.24526e-08
-3.18299e-06
-8.9974e-08
-3.01298e-06
-1.70012e-07
-2.7599e-06
-2.53076e-07
-2.42397e-06
-3.35929e-07
-2.01185e-06
-4.12122e-07
-1.53887e-06
-4.72979e-07
-1.03199e-06
-5.06882e-07
-5.3092e-07
-5.01069e-07
-8.43368e-08
-4.46584e-07
2.63993e-07
-3.4833e-07
4.74595e-07
-2.10601e-07
5.35041e-07
-6.04464e-08
4.56001e-07
7.90403e-08
2.9303e-07
1.62971e-07
1.21578e-07
1.71452e-07
1.21578e-07
6.32464e-08
-1.07054e-07
1.32836e-07
-1.27289e-07
1.7905e-07
-9.29048e-08
1.96389e-07
-4.50574e-08
1.86642e-07
-7.60613e-10
1.47922e-07
4.20849e-08
7.91602e-08
8.36311e-08
-2.88174e-08
1.35786e-07
-1.94353e-07
2.08888e-07
-4.3804e-07
3.07091e-07
-7.69962e-07
4.30828e-07
-1.18222e-06
5.65391e-07
-1.64697e-06
6.88735e-07
-2.13088e-06
7.82032e-07
-2.60635e-06
8.30148e-07
-3.04623e-06
8.29207e-07
-3.43136e-06
7.82853e-07
-3.75155e-06
6.99416e-07
-4.00448e-06
5.90528e-07
-4.19235e-06
4.66665e-07
-4.31895e-06
3.36166e-07
-4.38628e-06
2.03356e-07
-4.39185e-06
6.7517e-08
-4.33177e-06
-7.25348e-08
-4.20284e-06
-2.18902e-07
-4.00095e-06
-3.71903e-07
-3.72316e-06
-5.30869e-07
-3.36657e-06
-6.92514e-07
-2.93188e-06
-8.46811e-07
-2.42767e-06
-9.77195e-07
-1.87373e-06
-1.06081e-06
-1.30276e-06
-1.07204e-06
-7.58051e-07
-9.91293e-07
-2.89678e-07
-8.16704e-07
6.45748e-08
-5.64854e-07
2.77363e-07
-2.73235e-07
3.44031e-07
1.23727e-08
2.76035e-07
2.30966e-07
1.31572e-07
3.15915e-07
2.5315e-07
6.1003e-08
-1.68057e-07
1.05654e-07
-1.7194e-07
1.17749e-07
-1.05e-07
9.76847e-08
-2.49928e-08
4.1366e-08
5.5558e-08
-5.9062e-08
1.42513e-07
-2.20604e-07
2.45173e-07
-4.60426e-07
3.75608e-07
-7.89441e-07
5.37902e-07
-1.20602e-06
7.23673e-07
-1.68944e-06
9.14244e-07
-2.20812e-06
1.08408e-06
-2.72413e-06
1.20474e-06
-3.20207e-06
1.25997e-06
-3.61989e-06
1.24798e-06
-3.96853e-06
1.17785e-06
-4.24883e-06
1.06315e-06
-4.46818e-06
9.18764e-07
-4.63533e-06
7.5768e-07
-4.75739e-06
5.88728e-07
-4.83697e-06
4.15749e-07
-4.87367e-06
2.4005e-07
-4.86729e-06
6.1139e-08
-4.81666e-06
-1.23164e-07
-4.71758e-06
-3.17984e-07
-4.56272e-06
-5.26761e-07
-4.34424e-06
-7.49346e-07
-4.05495e-06
-9.81809e-07
-3.68751e-06
-1.21425e-06
-3.23786e-06
-1.42684e-06
-2.71026e-06
-1.58841e-06
-2.12316e-06
-1.65915e-06
-1.51382e-06
-1.60063e-06
-9.38952e-07
-1.39157e-06
-4.56191e-07
-1.04762e-06
-1.07675e-07
-6.21751e-07
9.10463e-08
-1.86349e-07
1.36354e-07
1.85659e-07
7.82518e-08
3.74017e-07
3.31402e-07
4.01241e-08
-2.08181e-07
4.21925e-08
-1.74008e-07
5.70588e-09
-6.85138e-08
-6.81536e-08
4.88666e-08
-1.91509e-07
1.78913e-07
-3.81395e-07
3.32398e-07
-6.54471e-07
5.18249e-07
-1.01829e-06
7.39424e-07
-1.46603e-06
9.85648e-07
-1.97525e-06
1.23289e-06
-2.50659e-06
1.44558e-06
-3.01479e-06
1.59228e-06
-3.46649e-06
1.65644e-06
-3.84547e-06
1.63895e-06
-4.1503e-06
1.5528e-06
-4.3874e-06
1.41495e-06
-4.56864e-06
1.24439e-06
-4.70548e-06
1.05561e-06
-4.80651e-06
8.58708e-07
-4.87733e-06
6.59551e-07
-4.92237e-06
4.60789e-07
-4.9437e-06
2.61373e-07
-4.93962e-06
5.70594e-08
-4.91002e-06
-1.52763e-07
-4.85373e-06
-3.74271e-07
-4.76694e-06
-6.13554e-07
-4.64195e-06
-8.74335e-07
-4.4663e-06
-1.15745e-06
-4.22309e-06
-1.45747e-06
-3.89382e-06
-1.75611e-06
-3.46348e-06
-2.01875e-06
-2.9282e-06
-2.19443e-06
-2.30534e-06
-2.2235e-06
-1.64304e-06
-2.05386e-06
-1.0185e-06
-1.67216e-06
-5.12161e-07
-1.12809e-06
-1.71303e-07
-5.27206e-07
-4.33016e-10
1.47886e-08
2.71963e-08
3.46387e-07
3.58598e-07
2.71297e-09
-2.10894e-07
-4.6179e-08
-1.25116e-07
-1.37542e-07
2.28489e-08
-2.75282e-07
1.86607e-07
-4.76696e-07
3.80327e-07
-7.58094e-07
6.13796e-07
-1.12753e-06
8.87688e-07
-1.57853e-06
1.19042e-06
-2.08545e-06
1.49257e-06
-2.60484e-06
1.75228e-06
-3.09115e-06
1.93189e-06
-3.51085e-06
2.01197e-06
-3.84987e-06
1.99547e-06
-4.10932e-06
1.89839e-06
-4.29926e-06
1.74274e-06
-4.43383e-06
1.54952e-06
-4.52622e-06
1.33677e-06
-4.58636e-06
1.11575e-06
-4.62149e-06
8.93833e-07
-4.63658e-06
6.74639e-07
-4.63471e-06
4.58927e-07
-4.61951e-06
2.4617e-07
-4.59687e-06
3.44137e-08
-4.56923e-06
-1.80396e-07
-4.53844e-06
-4.05064e-07
-4.50516e-06
-6.46832e-07
-4.46575e-06
-9.13744e-07
-4.41027e-06
-1.21293e-06
-4.32084e-06
-1.54691e-06
-4.16933e-06
-1.90762e-06
-3.91968e-06
-2.26839e-06
-3.5372e-06
-2.57691e-06
-3.00538e-06
-2.75532e-06
-2.34254e-06
-2.71671e-06
-1.61701e-06
-2.39769e-06
-9.41238e-07
-1.80386e-06
-4.25341e-07
-1.0431e-06
-1.16221e-07
-2.94332e-07
-2.21924e-09
2.32386e-07
3.56379e-07
-4.4051e-08
-1.66843e-07
-1.50289e-07
-1.88779e-08
-2.99117e-07
1.71676e-07
-5.02587e-07
3.90077e-07
-7.77711e-07
6.55451e-07
-1.13489e-06
9.70972e-07
-1.57054e-06
1.32334e-06
-2.05912e-06
1.679e-06
-2.55737e-06
1.99083e-06
-3.01857e-06
2.21347e-06
-3.4083e-06
2.32162e-06
-3.71199e-06
2.31566e-06
-3.9308e-06
2.21428e-06
-4.07651e-06
2.0441e-06
-4.16468e-06
1.83091e-06
-4.21033e-06
1.59517e-06
-4.22477e-06
1.35121e-06
-4.21678e-06
1.10777e-06
-4.19305e-06
8.70102e-07
-4.15894e-06
6.40527e-07
-4.11932e-06
4.1931e-07
-4.07816e-06
2.0501e-07
-4.03843e-06
-5.31875e-09
-4.00163e-06
-2.17194e-07
-3.9724e-06
-4.34293e-07
-3.95551e-06
-6.63725e-07
-3.95444e-06
-9.14813e-07
-3.969e-06
-1.19838e-06
-3.99104e-06
-1.52486e-06
-3.9986e-06
-1.90006e-06
-3.95127e-06
-2.31572e-06
-3.79192e-06
-2.73627e-06
-3.46091e-06
-3.08633e-06
-2.92501e-06
-3.25261e-06
-2.20992e-06
-3.11278e-06
-1.41884e-06
-2.59494e-06
-7.14977e-07
-1.74696e-06
-2.35371e-07
-7.73937e-07
-2.43701e-08
2.13847e-08
3.32009e-07
-9.76176e-08
-6.92258e-08
-2.56739e-07
1.40244e-07
-4.6134e-07
3.76277e-07
-7.23903e-07
6.5264e-07
-1.05907e-06
9.9062e-07
-1.4679e-06
1.3798e-06
-1.92893e-06
1.78436e-06
-2.40206e-06
2.15214e-06
-2.84093e-06
2.4297e-06
-3.20879e-06
2.58133e-06
-3.48719e-06
2.60003e-06
-3.67653e-06
2.505e-06
-3.78955e-06
2.3273e-06
-3.844e-06
2.09856e-06
-3.85676e-06
1.84367e-06
-3.84169e-06
1.5801e-06
-3.80916e-06
1.31868e-06
-3.76671e-06
1.06533e-06
-3.71918e-06
8.22573e-07
-3.66928e-06
5.90619e-07
-3.61819e-06
3.6822e-07
-3.56626e-06
1.53081e-07
-3.51385e-06
-5.77254e-08
-3.4638e-06
-2.67243e-07
-3.41994e-06
-4.78153e-07
-3.3884e-06
-6.95264e-07
-3.37745e-06
-9.25762e-07
-3.39589e-06
-1.17994e-06
-3.4491e-06
-1.47166e-06
-3.53221e-06
-1.81695e-06
-3.6204e-06
-2.22752e-06
-3.66029e-06
-2.69638e-06
-3.57056e-06
-3.17605e-06
-3.26421e-06
-3.55896e-06
-2.69506e-06
-3.68193e-06
-1.91023e-06
-3.37978e-06
-1.07049e-06
-2.5867e-06
-4.00664e-07
-1.44376e-06
-5.57777e-08
-3.23502e-07
2.76231e-07
-1.47901e-07
7.86757e-08
-3.56068e-07
3.4841e-07
-6.07719e-07
6.27928e-07
-9.1729e-07
9.6221e-07
-1.29306e-06
1.36639e-06
-1.7209e-06
1.80765e-06
-2.16652e-06
2.22998e-06
-2.58671e-06
2.57232e-06
-2.9419e-06
2.7849e-06
-3.20837e-06
2.84779e-06
-3.38291e-06
2.77457e-06
-3.47845e-06
2.60054e-06
-3.51475e-06
2.3636e-06
-3.51117e-06
2.09497e-06
-3.48384e-06
1.81634e-06
-3.44467e-06
1.54093e-06
-3.40133e-06
1.27534e-06
-3.35768e-06
1.02168e-06
-3.31456e-06
7.79444e-07
-3.27085e-06
5.46915e-07
-3.22459e-06
3.21956e-07
-3.17406e-06
1.02549e-07
-3.1189e-06
-1.12886e-07
-3.06065e-06
-3.25488e-07
-3.00214e-06
-5.36665e-07
-2.9485e-06
-7.48898e-07
-2.90809e-06
-9.66173e-07
-2.89256e-06
-1.19547e-06
-2.91564e-06
-1.44858e-06
-2.98881e-06
-1.74379e-06
-3.11151e-06
-2.10482e-06
-3.25598e-06
-2.55191e-06
-3.35306e-06
-3.07897e-06
-3.29387e-06
-3.61815e-06
-2.96497e-06
-4.01083e-06
-2.32058e-06
-4.02416e-06
-1.45705e-06
-3.45024e-06
-6.25891e-07
-2.27492e-06
-1.14521e-07
-8.34873e-07
1.6171e-07
-1.90747e-07
2.69423e-07
-4.38203e-07
5.95866e-07
-7.25984e-07
9.1571e-07
-1.06676e-06
1.30299e-06
-1.45739e-06
1.75701e-06
-1.8724e-06
2.22267e-06
-2.27495e-06
2.63252e-06
-2.62468e-06
2.92206e-06
-2.89172e-06
3.05194e-06
-3.06623e-06
3.0223e-06
-3.15913e-06
2.86747e-06
-3.19127e-06
2.63268e-06
-3.18434e-06
2.35667e-06
-3.15661e-06
2.06724e-06
-3.12134e-06
1.78107e-06
-3.08637e-06
1.50596e-06
-3.05477e-06
1.24374e-06
-3.02611e-06
9.93016e-07
-2.9979e-06
7.51234e-07
-2.96692e-06
5.15933e-07
-2.93021e-06
2.85242e-07
-2.88581e-06
5.81565e-08
-2.83314e-06
-1.65564e-07
-2.77279e-06
-3.8583e-07
-2.70668e-06
-6.02779e-07
-2.63852e-06
-8.17054e-07
-2.57448e-06
-1.03022e-06
-2.52395e-06
-1.24599e-06
-2.50055e-06
-1.47198e-06
-2.52182e-06
-1.72252e-06
-2.60475e-06
-2.02188e-06
-2.75256e-06
-2.4041e-06
-2.93197e-06
-2.89957e-06
-3.05236e-06
-3.49776e-06
-2.97259e-06
-4.0906e-06
-2.56106e-06
-4.43569e-06
-1.80397e-06
-4.20734e-06
-8.95213e-07
-3.18367e-06
-2.03216e-07
-1.52687e-06
-4.15056e-08
-2.22218e-07
4.91641e-07
-4.96406e-07
8.70054e-07
-8.07345e-07
1.22665e-06
-1.16008e-06
1.65572e-06
-1.54091e-06
2.13784e-06
-1.92219e-06
2.60394e-06
-2.26795e-06
2.97828e-06
-2.54374e-06
3.19785e-06
-2.73091e-06
3.23911e-06
-2.8341e-06
3.12549e-06
-2.87353e-06
2.90689e-06
-2.87241e-06
2.63156e-06
-2.85105e-06
2.33532e-06
-2.82424e-06
2.04043e-06
-2.80043e-06
1.75726e-06
-2.7825e-06
1.48804e-06
-2.76946e-06
1.2307e-06
-2.75815e-06
9.81707e-07
-2.74476e-06
7.37845e-07
-2.72571e-06
4.96884e-07
-2.69822e-06
2.5775e-07
-2.66054e-06
2.04813e-08
-2.61196e-06
-2.14145e-07
-2.55272e-06
-4.45072e-07
-2.48421e-06
-6.71293e-07
-2.40923e-06
-8.92033e-07
-2.3322e-06
-1.10725e-06
-2.25973e-06
-1.31847e-06
-2.2017e-06
-1.53001e-06
-2.17298e-06
-1.75124e-06
-2.19411e-06
-2.00076e-06
-2.28642e-06
-2.31179e-06
-2.45398e-06
-2.73201e-06
-2.65102e-06
-3.30072e-06
-2.75534e-06
-3.98628e-06
-2.59127e-06
-4.59976e-06
-2.03363e-06
-4.76497e-06
-1.15883e-06
-4.05848e-06
-3.17506e-07
-2.36819e-06
-3.59012e-07
-2.39514e-07
7.31154e-07
-5.28406e-07
1.15895e-06
-8.47265e-07
1.54551e-06
-1.19253e-06
2.00098e-06
-1.54654e-06
2.49186e-06
-1.88295e-06
2.94035e-06
-2.16831e-06
3.26364e-06
-2.37603e-06
3.40557e-06
-2.50005e-06
3.36313e-06
-2.5561e-06
3.18154e-06
-2.56768e-06
2.91847e-06
-2.55669e-06
2.62057e-06
-2.53976e-06
2.31839e-06
-2.52666e-06
2.02733e-06
-2.52088e-06
1.75148e-06
-2.52154e-06
1.4887e-06
-2.52543e-06
1.23458e-06
-2.52856e-06
9.84839e-07
-2.5271e-06
7.36391e-07
-2.51782e-06
4.87603e-07
-2.49827e-06
2.38194e-07
-2.46682e-06
-1.09654e-08
-2.4227e-06
-2.58261e-07
-2.36604e-06
-5.01736e-07
-2.29802e-06
-7.39317e-07
-2.22092e-06
-9.69127e-07
-2.13817e-06
-1.19e-06
-2.05454e-06
-1.4021e-06
-1.97687e-06
-1.60768e-06
-1.91548e-06
-1.81263e-06
-1.88657e-06
-2.02967e-06
-1.91369e-06
-2.28467e-06
-2.0211e-06
-2.6246e-06
-2.20737e-06
-3.11445e-06
-2.40058e-06
-3.79306e-06
-2.43419e-06
-4.56616e-06
-2.10926e-06
-5.08989e-06
-1.36493e-06
-4.80281e-06
-4.60723e-07
-3.2724e-06
-8.19735e-07
-2.42869e-07
9.74023e-07
-5.33616e-07
1.44969e-06
-8.45401e-07
1.85729e-06
-1.1684e-06
2.32398e-06
-1.48579e-06
2.80925e-06
-1.77286e-06
3.22743e-06
-2.00089e-06
3.49167e-06
-2.15231e-06
3.55698e-06
-2.23261e-06
3.44344e-06
-2.26271e-06
3.21164e-06
-2.26529e-06
2.92105e-06
-2.25874e-06
2.61402e-06
-2.25484e-06
2.31449e-06
-2.25852e-06
2.031e-06
-2.2697e-06
1.76266e-06
-2.28561e-06
1.50461e-06
-2.30248e-06
1.25145e-06
-2.31649e-06
9.98851e-07
-2.32424e-06
7.44134e-07
-2.32285e-06
4.86221e-07
-2.31012e-06
2.25461e-07
-2.28447e-06
-3.662e-08
-2.24505e-06
-2.97675e-07
-2.1919e-06
-5.54893e-07
-2.12603e-06
-8.05184e-07
-2.04946e-06
-1.0457e-06
-1.96514e-06
-1.27432e-06
-1.87696e-06
-1.49027e-06
-1.78999e-06
-1.69466e-06
-1.7112e-06
-1.89141e-06
-1.65153e-06
-2.08934e-06
-1.62918e-06
-2.30702e-06
-1.67128e-06
-2.5825e-06
-1.80208e-06
-2.98365e-06
-2.0023e-06
-3.59284e-06
-2.15294e-06
-4.41553e-06
-2.0355e-06
-5.20733e-06
-1.47536e-06
-5.36295e-06
-6.00523e-07
-4.14724e-06
-1.42026e-06
-2.33928e-07
1.20795e-06
-5.13896e-07
1.72966e-06
-8.06061e-07
2.14946e-06
-1.09722e-06
2.61514e-06
-1.37272e-06
3.08474e-06
-1.61077e-06
3.46547e-06
-1.78862e-06
3.66952e-06
-1.89791e-06
3.66627e-06
-1.95157e-06
3.4971e-06
-1.97103e-06
3.2311e-06
-1.97584e-06
2.92585e-06
-1.97993e-06
2.61811e-06
-1.99038e-06
2.32495e-06
-2.00863e-06
2.04924e-06
-2.03279e-06
1.78683e-06
-2.05963e-06
1.53145e-06
-2.08561e-06
1.27742e-06
-2.1074e-06
1.02064e-06
-2.12205e-06
7.58784e-07
-2.12701e-06
4.91187e-07
-2.12022e-06
2.18662e-07
-2.10011e-06
-5.67243e-08
-2.0658e-06
-3.31992e-07
-2.01711e-06
-6.03574e-07
-1.95488e-06
-8.67416e-07
-1.88086e-06
-1.11972e-06
-1.7977e-06
-1.35747e-06
-1.70894e-06
-1.57904e-06
-1.61881e-06
-1.78478e-06
-1.53253e-06
-1.97769e-06
-1.45734e-06
-2.16453e-06
-1.4054e-06
-2.35896e-06
-1.3982e-06
-2.5897e-06
-1.46637e-06
-2.91549e-06
-1.62586e-06
-3.43335e-06
-1.81643e-06
-4.22496e-06
-1.84946e-06
-5.17429e-06
-1.4837e-06
-5.72871e-06
-6.95448e-07
-4.93549e-06
-2.11571e-06
-2.14158e-07
1.42211e-06
-4.72635e-07
1.98814e-06
-7.36284e-07
2.41311e-06
-9.90166e-07
2.86902e-06
-1.22175e-06
3.31633e-06
-1.41387e-06
3.65759e-06
-1.55036e-06
3.80601e-06
-1.63051e-06
3.74643e-06
-1.67005e-06
3.53664e-06
-1.68808e-06
3.24913e-06
-1.70005e-06
2.93782e-06
-1.71546e-06
2.63352e-06
-1.73779e-06
2.34728e-06
-1.76652e-06
2.07798e-06
-1.79926e-06
1.81956e-06
-1.83295e-06
1.56514e-06
-1.86458e-06
1.30906e-06
-1.89137e-06
1.04744e-06
-1.9108e-06
7.78207e-07
-1.9206e-06
5.00991e-07
-1.91888e-06
2.16938e-07
-1.90414e-06
-7.14612e-08
-1.87543e-06
-3.60702e-07
-1.8324e-06
-6.46605e-07
-1.77552e-06
-9.2429e-07
-1.70619e-06
-1.18905e-06
-1.62677e-06
-1.4369e-06
-1.54049e-06
-1.66531e-06
-1.45129e-06
-1.87398e-06
-1.36359e-06
-2.0654e-06
-1.28266e-06
-2.24545e-06
-1.21641e-06
-2.42521e-06
-1.17949e-06
-2.62662e-06
-1.19829e-06
-2.89668e-06
-1.30331e-06
-3.32833e-06
-1.48169e-06
-4.04658e-06
-1.59942e-06
-5.05656e-06
-1.40291e-06
-5.92522e-06
-7.42314e-07
-5.59609e-06
-2.85802e-06
-1.8551e-07
1.60762e-06
-4.14353e-07
2.21698e-06
-6.43609e-07
2.64236e-06
-8.57247e-07
3.08266e-06
-1.04533e-06
3.50441e-06
-1.1961e-06
3.80836e-06
-1.29983e-06
3.90974e-06
-1.36074e-06
3.80734e-06
-1.39394e-06
3.56985e-06
-1.41485e-06
3.27004e-06
-1.43467e-06
2.95764e-06
-1.45917e-06
2.65803e-06
-1.48957e-06
2.37768e-06
-1.52455e-06
2.11296e-06
-1.56176e-06
1.85677e-06
-1.59866e-06
1.60204e-06
-1.63281e-06
1.34321e-06
-1.66196e-06
1.07658e-06
-1.68398e-06
8.00234e-07
-1.697e-06
5.14003e-07
-1.69934e-06
2.19286e-07
-1.68969e-06
-8.11193e-08
-1.66706e-06
-3.83325e-07
-1.63093e-06
-6.82733e-07
-1.58135e-06
-9.73873e-07
-1.51917e-06
-1.25123e-06
-1.44626e-06
-1.50981e-06
-1.36554e-06
-1.74604e-06
-1.28073e-06
-1.95879e-06
-1.19597e-06
-2.15016e-06
-1.11565e-06
-2.32577e-06
-1.04524e-06
-2.49562e-06
-9.94252e-07
-2.67761e-06
-9.81889e-07
-2.90904e-06
-1.03924e-06
-3.27098e-06
-1.1817e-06
-3.90413e-06
-1.3303e-06
-4.90795e-06
-1.2599e-06
-5.99561e-06
-7.44375e-07
-6.11162e-06
-3.60239e-06
-1.50377e-07
1.758e-06
-3.43831e-07
2.41043e-06
-5.35268e-07
2.8338e-06
-7.0747e-07
3.25486e-06
-8.5387e-07
3.65081e-06
-9.67827e-07
3.92232e-06
-1.04574e-06
3.98765e-06
-1.09386e-06
3.85546e-06
-1.12468e-06
3.60067e-06
-1.14945e-06
3.29481e-06
-1.17551e-06
2.98369e-06
-1.20587e-06
2.68839e-06
-1.24048e-06
2.41229e-06
-1.27786e-06
2.15033e-06
-1.31599e-06
1.89491e-06
-1.3529e-06
1.63895e-06
-1.38673e-06
1.37704e-06
-1.4157e-06
1.10555e-06
-1.43817e-06
8.22705e-07
-1.45267e-06
5.28507e-07
-1.45794e-06
2.24552e-07
-1.45287e-06
-8.61824e-08
-1.43661e-06
-3.99588e-07
-1.40846e-06
-7.10888e-07
-1.36801e-06
-1.01432e-06
-1.31549e-06
-1.30376e-06
-1.25205e-06
-1.57325e-06
-1.18011e-06
-1.81798e-06
-1.10313e-06
-2.03578e-06
-1.02509e-06
-2.2282e-06
-9.50044e-07
-2.40081e-06
-8.82258e-07
-2.5634e-06
-8.27999e-07
-2.73187e-06
-8.0023e-07
-2.93681e-06
-8.24755e-07
-3.24645e-06
-9.28889e-07
-3.79999e-06
-1.07543e-06
-4.76141e-06
-1.08479e-06
-5.98625e-06
-7.12355e-07
-6.48406e-06
-4.31475e-06
-1.11058e-07
1.86905e-06
-2.65241e-07
2.56462e-06
-4.17251e-07
2.98581e-06
-5.48284e-07
3.3859e-06
-6.55474e-07
3.758e-06
-7.36237e-07
4.00308e-06
-7.93047e-07
4.04446e-06
-8.31863e-07
3.89428e-06
-8.61541e-07
3.63035e-06
-8.8924e-07
3.32251e-06
-9.19024e-07
3.01347e-06
-9.51987e-07
2.72135e-06
-9.87443e-07
2.44775e-06
-1.02399e-06
2.18688e-06
-1.0601e-06
1.93102e-06
-1.09435e-06
1.6732e-06
-1.12539e-06
1.40807e-06
-1.15196e-06
1.13213e-06
-1.17295e-06
8.43692e-07
-1.18737e-06
5.4293e-07
-1.19441e-06
2.31588e-07
-1.1933e-06
-8.72889e-08
-1.18335e-06
-4.09545e-07
-1.16379e-06
-7.30447e-07
-1.13386e-06
-1.04425e-06
-1.0931e-06
-1.34452e-06
-1.04188e-06
-1.62446e-06
-9.81879e-07
-1.87798e-06
-9.16109e-07
-2.10155e-06
-8.48381e-07
-2.29592e-06
-7.82585e-07
-2.46661e-06
-7.22445e-07
-2.62354e-06
-6.72468e-07
-2.78185e-06
-6.4125e-07
-2.96803e-06
-6.48032e-07
-3.23967e-06
-7.22012e-07
-3.72601e-06
-8.52952e-07
-4.63047e-06
-9.02905e-07
-5.9363e-06
-6.54946e-07
-6.73201e-06
-4.9697e-06
-6.93985e-08
1.93845e-06
-1.82089e-07
2.67731e-06
-2.94462e-07
3.09818e-06
-3.86016e-07
3.47745e-06
-4.55919e-07
3.8279e-06
-5.05863e-07
4.05303e-06
-5.43915e-07
4.08251e-06
-5.74795e-07
3.92516e-06
-6.0296e-07
3.65851e-06
-6.31813e-07
3.35137e-06
-6.62746e-07
3.0444e-06
-6.95507e-07
2.75411e-06
-7.29096e-07
2.48134e-06
-7.62334e-07
2.22012e-06
-7.94164e-07
1.96285e-06
-8.23675e-07
1.70271e-06
-8.50055e-07
1.43445e-06
-8.72584e-07
1.15465e-06
-8.90661e-07
8.61769e-07
-9.03827e-07
5.56095e-07
-9.11718e-07
2.3948e-07
-9.1393e-07
-8.5077e-08
-9.09943e-07
-4.13532e-07
-8.99033e-07
-7.41356e-07
-8.8021e-07
-1.06307e-06
-8.52499e-07
-1.37223e-06
-8.15512e-07
-1.66145e-06
-7.70105e-07
-1.92338e-06
-7.18656e-07
-2.153e-06
-6.64616e-07
-2.34996e-06
-6.11654e-07
-2.51957e-06
-5.6319e-07
-2.67201e-06
-5.22853e-07
-2.82219e-06
-4.96703e-07
-2.99418e-06
-4.98502e-07
-3.23787e-06
-5.53858e-07
-3.67066e-06
-6.68742e-07
-4.51559e-06
-7.33894e-07
-5.87115e-06
-5.77556e-07
-6.88835e-06
-5.54725e-06
-2.67317e-08
1.96518e-06
-9.71758e-08
2.74775e-06
-1.70673e-07
3.17168e-06
-2.25068e-07
3.53185e-06
-2.59065e-07
3.8619e-06
-2.80547e-07
4.07451e-06
-3e-07
4.10196e-06
-3.22196e-07
3.94735e-06
-3.47352e-07
3.68367e-06
-3.75341e-07
3.37935e-06
-4.05189e-07
3.07425e-06
-4.35593e-07
2.78452e-06
-4.65355e-07
2.5111e-06
-4.93553e-07
2.24832e-06
-5.19573e-07
1.98887e-06
-5.43002e-07
1.72614e-06
-5.63556e-07
1.45501e-06
-5.81056e-07
1.17215e-06
-5.95428e-07
8.76141e-07
-6.06685e-07
5.67353e-07
-6.14864e-07
2.47659e-07
-6.19876e-07
-8.00651e-08
-6.21363e-07
-4.12045e-07
-6.18683e-07
-7.44036e-07
-6.10786e-07
-1.07097e-06
-5.96428e-07
-1.38659e-06
-5.7469e-07
-1.68319e-06
-5.45693e-07
-1.95238e-06
-5.11065e-07
-2.18762e-06
-4.73675e-07
-2.38735e-06
-4.36773e-07
-2.55647e-06
-4.03409e-07
-2.70537e-06
-3.76718e-07
-2.84888e-06
-3.61475e-07
-3.00942e-06
-3.67888e-07
-3.23146e-06
-4.16294e-07
-3.62225e-06
-5.20299e-07
-4.41158e-06
-5.91667e-07
-5.79978e-06
-4.8935e-07
-6.99067e-06
-6.0366e-06
1.57583e-08
1.94943e-06
-1.33647e-08
2.77688e-06
-4.89186e-08
3.20723e-06
-6.84124e-08
3.55134e-06
-6.85822e-08
3.86207e-06
-6.29021e-08
4.06883e-06
-6.23481e-08
4.10141e-06
-7.39416e-08
3.95895e-06
-9.37619e-08
3.70349e-06
-1.18734e-07
3.40433e-06
-1.45667e-07
3.10119e-06
-1.72198e-07
2.81105e-06
-1.96902e-07
2.5358e-06
-2.19066e-07
2.27048e-06
-2.38474e-07
2.00827e-06
-2.55184e-07
1.74285e-06
-2.6943e-07
1.46925e-06
-2.81562e-07
1.18429e-06
-2.91992e-07
8.86571e-07
-3.01141e-07
5.76502e-07
-3.09358e-07
2.55875e-07
-3.16797e-07
-7.2626e-08
-3.23231e-07
-4.05611e-07
-3.28087e-07
-7.3918e-07
-3.30407e-07
-1.06865e-06
-3.28936e-07
-1.38806e-06
-3.22532e-07
-1.68959e-06
-3.10825e-07
-1.96409e-06
-2.94723e-07
-2.20373e-06
-2.76337e-07
-2.40574e-06
-2.58281e-07
-2.57453e-06
-2.43046e-07
-2.72061e-06
-2.33233e-07
-2.85869e-06
-2.32786e-07
-3.00987e-06
-2.49873e-07
-3.21437e-06
-3.01e-07
-3.57112e-06
-4.01144e-07
-4.31144e-06
-4.7994e-07
-5.72099e-06
-4.05058e-07
-7.06555e-06
-6.44166e-06
5.61557e-08
1.89327e-06
6.84155e-08
2.76462e-06
6.84911e-08
3.20716e-06
8.14526e-08
3.53838e-06
1.12382e-07
3.83114e-06
1.46117e-07
4.03509e-06
1.68639e-07
4.07889e-06
1.70477e-07
3.95711e-06
1.58206e-07
3.71576e-06
1.38294e-07
3.42424e-06
1.15828e-07
3.12365e-06
9.42252e-08
2.83265e-06
7.52493e-08
2.55478e-06
5.95024e-08
2.28623e-06
4.68857e-08
2.02089e-06
3.69098e-08
1.75282e-06
2.88638e-08
1.4773e-06
2.19291e-08
1.19122e-06
1.52711e-08
8.93229e-07
8.14774e-09
5.83626e-07
2.17717e-12
2.64021e-07
-9.48965e-09
-6.31341e-08
-2.02362e-08
-3.94864e-07
-3.18692e-08
-7.27547e-07
-4.35149e-08
-1.057e-06
-5.40985e-08
-1.37748e-06
-6.25738e-08
-1.68112e-06
-6.83741e-08
-1.95829e-06
-7.18156e-08
-2.20029e-06
-7.41407e-08
-2.40341e-06
-7.70968e-08
-2.57157e-06
-8.24332e-08
-2.71527e-06
-9.20975e-08
-2.84903e-06
-1.09331e-07
-2.99264e-06
-1.41026e-07
-3.18267e-06
-2.01166e-07
-3.51098e-06
-3.04377e-07
-4.20823e-06
-3.94702e-07
-5.63066e-06
-3.35289e-07
-7.12496e-06
-6.77695e-06
9.37451e-08
1.79953e-06
1.45724e-07
2.71264e-06
1.7959e-07
3.17329e-06
2.2236e-07
3.49561e-06
2.81535e-07
3.77197e-06
3.43729e-07
3.9729e-06
3.89768e-07
4.03285e-06
4.09682e-07
3.93719e-06
4.08292e-07
3.71715e-06
3.95604e-07
3.43693e-06
3.78991e-07
3.14027e-06
3.6307e-07
2.84857e-06
3.50098e-07
2.56775e-06
3.4072e-07
2.29561e-06
3.34628e-07
2.02698e-06
3.30985e-07
1.75647e-06
3.28687e-07
1.4796e-06
3.26518e-07
1.19339e-06
3.23294e-07
8.96453e-07
3.17998e-07
5.88922e-07
3.09882e-07
2.72136e-07
2.98491e-07
-5.17434e-08
2.83805e-07
-3.80178e-07
2.66137e-07
-7.09879e-07
2.46034e-07
-1.0369e-06
2.24238e-07
-1.35568e-06
2.01519e-07
-1.6584e-06
1.78413e-07
-1.93518e-06
1.55015e-07
-2.17689e-06
1.30931e-07
-2.37933e-06
1.05418e-07
-2.54606e-06
7.76744e-08
-2.68753e-06
4.65273e-08
-2.81788e-06
9.45103e-09
-2.95556e-06
-3.9462e-08
-3.13376e-06
-1.12643e-07
-3.4378e-06
-2.24031e-07
-4.09684e-06
-3.29694e-07
-5.525e-06
-2.82786e-07
-7.17187e-06
-7.05974e-06
1.27269e-07
1.67226e-06
2.17067e-07
2.62284e-06
2.82594e-07
3.10776e-06
3.52349e-07
3.42585e-06
4.3692e-07
3.6874e-06
5.26342e-07
3.88348e-06
5.98295e-07
3.9609e-06
6.40793e-07
3.8947e-06
6.5506e-07
3.70288e-06
6.52603e-07
3.43938e-06
6.43439e-07
3.14943e-06
6.33859e-07
2.85815e-06
6.26938e-07
2.57467e-06
6.23582e-07
2.29896e-06
6.23428e-07
2.02714e-06
6.25421e-07
1.75447e-06
6.28161e-07
1.47686e-06
6.30127e-07
1.19142e-06
6.29866e-07
8.96714e-07
6.26153e-07
5.92635e-07
6.18092e-07
2.80197e-07
6.05114e-07
-3.87655e-08
5.87015e-07
-3.62078e-07
5.63873e-07
-6.86737e-07
5.35948e-07
-1.00897e-06
5.0358e-07
-1.32331e-06
4.67116e-07
-1.62193e-06
4.26897e-07
-1.89496e-06
3.83301e-07
-2.13329e-06
3.36757e-07
-2.33279e-06
2.87639e-07
-2.49694e-06
2.3621e-07
-2.6361e-06
1.82143e-07
-2.76381e-06
1.23641e-07
-2.89706e-06
5.56251e-08
-3.06575e-06
-3.31164e-08
-3.34906e-06
-1.55999e-07
-3.97396e-06
-2.78987e-07
-5.40201e-06
-2.45918e-07
-7.20494e-06
-7.30565e-06
1.55311e-07
1.51695e-06
2.80212e-07
2.49794e-06
3.75598e-07
3.01238e-06
4.69757e-07
3.33169e-06
5.76712e-07
3.58044e-06
6.90763e-07
3.76943e-06
7.90382e-07
3.86128e-06
8.59423e-07
3.82565e-06
8.94919e-07
3.66739e-06
9.07162e-07
3.42714e-06
9.0805e-07
3.14854e-06
9.05951e-07
2.86025e-06
9.05288e-07
2.57534e-06
9.07616e-07
2.29663e-06
9.12765e-07
2.02199e-06
9.19627e-07
1.74761e-06
9.26637e-07
1.46985e-06
9.32075e-07
1.18599e-06
9.34294e-07
8.94496e-07
9.31891e-07
5.95038e-07
9.23812e-07
2.88276e-07
9.09334e-07
-2.42878e-08
8.88055e-07
-3.40799e-07
8.59765e-07
-6.58446e-07
8.24366e-07
-9.73574e-07
7.81737e-07
-1.28069e-06
7.31737e-07
-1.57193e-06
6.74461e-07
-1.83769e-06
6.1051e-07
-2.06934e-06
5.41084e-07
-2.26336e-06
4.67767e-07
-2.42363e-06
3.91924e-07
-2.56025e-06
3.14077e-07
-2.68597e-06
2.3312e-07
-2.8161e-06
1.44734e-07
-2.97736e-06
3.88106e-08
-3.24314e-06
-9.78012e-08
-3.83735e-06
-2.37249e-07
-5.26256e-06
-2.22183e-07
-7.22e-06
-7.52784e-06
1.75889e-07
1.34106e-06
3.32662e-07
2.34117e-06
4.56457e-07
2.88858e-06
5.72846e-07
3.2153e-06
6.99149e-07
3.45414e-06
8.34391e-07
3.63418e-06
9.611e-07
3.73457e-06
1.05984e-06
3.72691e-06
1.12235e-06
3.60488e-06
1.1551e-06
3.39439e-06
1.17022e-06
3.13343e-06
1.17794e-06
2.85253e-06
1.18449e-06
2.56879e-06
1.19258e-06
2.28854e-06
1.20262e-06
2.01195e-06
1.21371e-06
1.73652e-06
1.22429e-06
1.45927e-06
1.23257e-06
1.17771e-06
1.23678e-06
8.9029e-07
1.23536e-06
5.96452e-07
1.22712e-06
2.96525e-07
1.21108e-06
-8.25065e-09
1.18664e-06
-3.16357e-07
1.15319e-06
-6.24996e-07
1.11021e-06
-9.30597e-07
1.05707e-06
-1.22755e-06
9.93185e-07
-1.50804e-06
9.18483e-07
-1.76299e-06
8.33909e-07
-1.98477e-06
7.41483e-07
-2.17093e-06
6.43883e-07
-2.32602e-06
5.43459e-07
-2.45983e-06
4.41563e-07
-2.58407e-06
3.37727e-07
-2.71226e-06
2.28329e-07
-2.86796e-06
1.04084e-07
-3.11889e-06
-4.78991e-08
-3.68537e-06
-2.02355e-07
-5.10811e-06
-2.08492e-07
-7.21387e-06
-7.73633e-06
1.87433e-07
1.15362e-06
3.7188e-07
2.15672e-06
5.22481e-07
2.73798e-06
6.5925e-07
3.07854e-06
8.02355e-07
3.31103e-06
9.55216e-07
3.48132e-06
1.10596e-06
3.58383e-06
1.23525e-06
3.59762e-06
1.32967e-06
3.51045e-06
1.38963e-06
3.33443e-06
1.42492e-06
3.09813e-06
1.44664e-06
2.83081e-06
1.46281e-06
2.55261e-06
1.47777e-06
2.27359e-06
1.49296e-06
1.99675e-06
1.50807e-06
1.72141e-06
1.52179e-06
1.44555e-06
1.53241e-06
1.16709e-06
1.53814e-06
8.84566e-07
1.53731e-06
5.97282e-07
1.52852e-06
3.05314e-07
1.51066e-06
9.61045e-09
1.48265e-06
-2.88356e-07
1.44357e-06
-5.85914e-07
1.39236e-06
-8.79385e-07
1.32788e-06
-1.16307e-06
1.24921e-06
-1.42938e-06
1.15636e-06
-1.67014e-06
1.05081e-06
-1.87921e-06
9.35485e-07
-2.05561e-06
8.13985e-07
-2.20452e-06
6.89426e-07
-2.33527e-06
5.63763e-07
-2.45841e-06
4.3714e-07
-2.58564e-06
3.06581e-07
-2.7374e-06
1.63833e-07
-2.97614e-06
-2.53427e-09
-3.519e-06
-1.72206e-07
-4.93843e-06
-2.01455e-07
-7.18462e-06
-7.93778e-06
1.89201e-07
9.64422e-07
3.95397e-07
1.95052e-06
5.70547e-07
2.56283e-06
7.26309e-07
2.92277e-06
8.84258e-07
3.15309e-06
1.05166e-06
3.31392e-06
1.22192e-06
3.41357e-06
1.3793e-06
3.44024e-06
1.50773e-06
3.38202e-06
1.60104e-06
3.24112e-06
1.66382e-06
3.03535e-06
1.70579e-06
2.78885e-06
1.73605e-06
2.52235e-06
1.76065e-06
2.24899e-06
1.7825e-06
1.97489e-06
1.80228e-06
1.70164e-06
1.81926e-06
1.42857e-06
1.83203e-06
1.15432e-06
1.8389e-06
8.77691e-07
1.83818e-06
5.98007e-07
1.82829e-06
3.15203e-07
1.80784e-06
3.00661e-08
1.77541e-06
-2.55934e-07
1.72961e-06
-5.4011e-07
1.66885e-06
-8.1862e-07
1.59158e-06
-1.0858e-06
1.49687e-06
-1.33467e-06
1.38509e-06
-1.55836e-06
1.25844e-06
-1.75256e-06
1.1207e-06
-1.91787e-06
9.76177e-07
-2.06e-06
8.28465e-07
-2.18756e-06
6.79829e-07
-2.30977e-06
5.30918e-07
-2.43673e-06
3.79475e-07
-2.58596e-06
2.1814e-07
-2.81481e-06
3.61071e-08
-3.33696e-06
-1.45979e-07
-4.75635e-06
-1.99498e-07
-7.1311e-06
-8.13728e-06
1.8151e-07
7.82912e-07
4.01458e-07
1.73058e-06
5.97752e-07
2.36654e-06
7.7145e-07
2.74908e-06
9.42686e-07
2.98185e-06
1.12223e-06
3.13437e-06
1.30764e-06
3.22817e-06
1.488e-06
3.25988e-06
1.64828e-06
3.22174e-06
1.77781e-06
3.11159e-06
1.87478e-06
2.93838e-06
1.94471e-06
2.71892e-06
1.99576e-06
2.4713e-06
2.03498e-06
2.20977e-06
2.06681e-06
1.94307e-06
2.09325e-06
1.6752e-06
2.11454e-06
1.40728e-06
2.12984e-06
1.13901e-06
2.13777e-06
8.69769e-07
2.13668e-06
5.99096e-07
2.12489e-06
3.26987e-07
2.10072e-06
5.42356e-08
2.06244e-06
-2.1765e-07
2.00819e-06
-4.85859e-07
1.936e-06
-7.46429e-07
1.84422e-06
-9.9403e-07
1.73224e-06
-1.22269e-06
1.60111e-06
-1.42723e-06
1.45385e-06
-1.6053e-06
1.2949e-06
-1.75892e-06
1.12888e-06
-1.89399e-06
9.59467e-07
-2.01814e-06
7.8903e-07
-2.13933e-06
6.187e-07
-2.2664e-06
4.47138e-07
-2.4144e-06
2.67879e-07
-2.63555e-06
7.12905e-08
-3.14038e-06
-1.22228e-07
-4.56283e-06
-2.01701e-07
-7.05163e-06
-8.33898e-06
1.65759e-07
6.17153e-07
3.89773e-07
1.50656e-06
6.01784e-07
2.15453e-06
7.92024e-07
2.55884e-06
9.75538e-07
2.79834e-06
1.16526e-06
2.94465e-06
1.36253e-06
3.0309e-06
1.5602e-06
3.06221e-06
1.74667e-06
3.03527e-06
1.91015e-06
2.94811e-06
2.04406e-06
2.80447e-06
2.14842e-06
2.61455e-06
2.22791e-06
2.3918e-06
2.28869e-06
2.149e-06
2.33592e-06
1.89583e-06
2.37286e-06
1.63826e-06
2.4009e-06
1.37924e-06
2.42006e-06
1.11985e-06
2.42948e-06
8.60349e-07
2.42778e-06
6.00804e-07
2.41325e-06
3.41516e-07
2.38402e-06
8.3468e-08
2.33806e-06
-1.71697e-07
2.27334e-06
-4.21133e-07
2.1878e-06
-6.60893e-07
2.08015e-06
-8.86381e-07
1.95046e-06
-1.09299e-06
1.80061e-06
-1.27738e-06
1.6343e-06
-1.439e-06
1.45627e-06
-1.58088e-06
1.27095e-06
-1.70867e-06
1.08168e-06
-1.82887e-06
8.91002e-07
-1.94865e-06
7.00601e-07
-2.076e-06
5.09882e-07
-2.22368e-06
3.13551e-07
-2.43922e-06
1.03932e-07
-2.93076e-06
-1.00058e-07
-4.35884e-06
-2.07022e-07
-6.94466e-06
-8.546e-06
1.43784e-07
4.73368e-07
3.61329e-07
1.28902e-06
5.81363e-07
1.93449e-06
7.85399e-07
2.3548e-06
9.80497e-07
2.60324e-06
1.17916e-06
2.74598e-06
1.38604e-06
2.82402e-06
1.5968e-06
2.85145e-06
1.8028e-06
2.82928e-06
1.9939e-06
2.75701e-06
2.1616e-06
2.63677e-06
2.30178e-06
2.47438e-06
2.41477e-06
2.27881e-06
2.50377e-06
2.06e-06
2.57294e-06
1.82666e-06
2.62583e-06
1.58538e-06
2.66464e-06
1.34042e-06
2.6903e-06
1.0942e-06
2.70261e-06
8.48031e-07
2.70066e-06
6.02756e-07
2.68293e-06
3.59246e-07
2.64755e-06
1.18854e-07
2.59244e-06
-1.16595e-07
2.51576e-06
-3.4445e-07
2.41598e-06
-5.61117e-07
2.29256e-06
-7.62954e-07
2.14639e-06
-9.46825e-07
1.9801e-06
-1.11109e-06
1.79772e-06
-1.25661e-06
1.6037e-06
-1.38687e-06
1.40177e-06
-1.50674e-06
1.195e-06
-1.6221e-06
9.86151e-07
-1.73981e-06
7.77173e-07
-1.86702e-06
5.68107e-07
-2.01461e-06
3.55793e-07
-2.2269e-06
1.36208e-07
-2.71117e-06
-7.70399e-08
-4.14559e-06
-2.13796e-07
-6.80791e-06
-8.7598e-06
1.17516e-07
3.55852e-07
3.17912e-07
1.08862e-06
5.36575e-07
1.71583e-06
7.49685e-07
2.14169e-06
9.55381e-07
2.39754e-06
1.16272e-06
2.53864e-06
1.37772e-06
2.60902e-06
1.59894e-06
2.63023e-06
1.81953e-06
2.60869e-06
2.03108e-06
2.54547e-06
2.22556e-06
2.44228e-06
2.39697e-06
2.30296e-06
2.54246e-06
2.13333e-06
2.66206e-06
1.94039e-06
2.75759e-06
1.73113e-06
2.83139e-06
1.51158e-06
2.8855e-06
1.2863e-06
2.9212e-06
1.0585e-06
2.93887e-06
8.30362e-07
2.93809e-06
6.03529e-07
2.91778e-06
3.79561e-07
2.87641e-06
1.60221e-07
2.81235e-06
-5.25367e-08
2.72437e-06
-2.56462e-07
2.61184e-06
-4.48594e-07
2.4752e-06
-6.26307e-07
2.3161e-06
-7.87724e-07
2.13755e-06
-9.32544e-07
1.94338e-06
-1.06244e-06
1.73715e-06
-1.18064e-06
1.52188e-06
-1.29148e-06
1.30057e-06
-1.40078e-06
1.07564e-06
-1.51488e-06
8.49112e-07
-1.64049e-06
6.2231e-07
-1.78781e-06
3.95153e-07
-1.99975e-06
1.6976e-07
-2.48578e-06
-4.89779e-08
-3.92685e-06
-2.19547e-07
-6.63734e-06
-8.97935e-06
8.85771e-08
2.67275e-07
2.61734e-07
9.15465e-07
4.68777e-07
1.50879e-06
6.84139e-07
1.92633e-06
8.98633e-07
2.18305e-06
1.1151e-06
2.32217e-06
1.33808e-06
2.38604e-06
1.56787e-06
2.40044e-06
1.79981e-06
2.37675e-06
2.02653e-06
2.31874e-06
2.24067e-06
2.22814e-06
2.43604e-06
2.10759e-06
2.6083e-06
1.96106e-06
2.75525e-06
1.79345e-06
2.87639e-06
1.60999e-06
2.97236e-06
1.41561e-06
3.04419e-06
1.21448e-06
3.09273e-06
1.00996e-06
3.11842e-06
8.04672e-07
3.12119e-06
6.00765e-07
3.1005e-06
4.00244e-07
3.05558e-06
2.05148e-07
2.98556e-06
1.74753e-08
2.89004e-06
-1.60938e-07
2.76934e-06
-3.27892e-07
2.62474e-06
-4.81704e-07
2.45842e-06
-6.21408e-07
2.27329e-06
-7.47413e-07
2.07235e-06
-8.61499e-07
1.85821e-06
-9.66494e-07
1.63351e-06
-1.06679e-06
1.40062e-06
-1.16788e-06
1.16143e-06
-1.27569e-06
9.18159e-07
-1.39723e-06
6.73911e-07
-1.54356e-06
4.32647e-07
-1.75848e-06
2.04804e-07
-2.25794e-06
-1.66389e-08
-3.70541e-06
-2.21668e-07
-6.43231e-06
-9.20102e-06
5.74655e-08
2.09809e-07
1.9398e-07
7.78951e-07
3.79487e-07
1.32328e-06
5.89197e-07
1.71662e-06
8.09581e-07
1.96266e-06
1.03562e-06
2.09614e-06
1.26796e-06
2.1537e-06
1.50628e-06
2.16212e-06
1.74739e-06
2.13564e-06
1.98563e-06
2.08051e-06
2.21426e-06
1.99952e-06
2.42703e-06
1.89483e-06
2.61911e-06
1.76897e-06
2.78726e-06
1.6253e-06
2.92954e-06
1.46771e-06
3.04511e-06
1.30004e-06
3.13384e-06
1.12576e-06
3.19587e-06
9.47925e-07
3.23138e-06
7.69163e-07
3.24039e-06
5.91757e-07
3.22283e-06
4.17806e-07
3.17867e-06
2.49304e-07
3.108e-06
8.8145e-08
3.0111e-06
-6.40324e-08
2.88902e-06
-2.05817e-07
2.74336e-06
-3.36049e-07
2.57639e-06
-4.54435e-07
2.39055e-06
-5.6157e-07
2.18793e-06
-6.58881e-07
1.97063e-06
-7.49193e-07
1.74053e-06
-8.36683e-07
1.49907e-06
-9.26431e-07
1.24776e-06
-1.02438e-06
9.88796e-07
-1.13826e-06
7.27285e-07
-1.28205e-06
4.72492e-07
-1.50369e-06
2.45158e-07
-2.0306e-06
2.98101e-08
-3.49006e-06
-2.17457e-07
-6.18504e-06
-9.41847e-06
1.99478e-08
1.89862e-07
1.13027e-07
6.85871e-07
2.68827e-07
1.16748e-06
4.66373e-07
1.51907e-06
6.88901e-07
1.74013e-06
9.24606e-07
1.86043e-06
1.16827e-06
1.91003e-06
1.41708e-06
1.91331e-06
1.66768e-06
1.88504e-06
1.91539e-06
1.83279e-06
2.1547e-06
1.76021e-06
2.38008e-06
1.66945e-06
2.58642e-06
1.56263e-06
2.76994e-06
1.44178e-06
2.92812e-06
1.30953e-06
3.05928e-06
1.16887e-06
3.1625e-06
1.02253e-06
3.23734e-06
8.73089e-07
3.28364e-06
7.22857e-07
3.30144e-06
5.73961e-07
3.29093e-06
4.28319e-07
3.25256e-06
2.8767e-07
3.18704e-06
1.53667e-07
3.09526e-06
2.77418e-08
2.97849e-06
-8.90435e-08
2.83838e-06
-1.9594e-07
2.6768e-06
-2.92853e-07
2.49551e-06
-3.80283e-07
2.29625e-06
-4.59619e-07
2.08049e-06
-5.33434e-07
1.84918e-06
-6.05368e-07
1.60302e-06
-6.80271e-07
1.343e-06
-7.64359e-07
1.07138e-06
-8.66637e-07
7.95657e-07
-1.00633e-06
5.32028e-07
-1.24006e-06
3.09345e-07
-1.80792e-06
1.04765e-07
-3.28548e-06
-2.02877e-07
-5.8774e-06
-9.62135e-06
-2.68567e-08
2.16718e-07
1.55274e-08
6.43487e-07
1.35707e-07
1.0473e-06
3.17607e-07
1.33717e-06
5.39551e-07
1.51819e-06
7.84666e-07
1.61532e-06
1.04133e-06
1.65337e-06
1.30329e-06
1.65135e-06
1.56567e-06
1.62266e-06
1.82367e-06
1.57479e-06
2.0725e-06
1.51137e-06
2.30756e-06
1.43438e-06
2.5246e-06
1.34559e-06
2.71976e-06
1.24662e-06
2.89015e-06
1.13914e-06
3.03385e-06
1.02518e-06
3.14956e-06
9.06818e-07
3.23653e-06
7.86118e-07
3.29441e-06
6.64983e-07
3.32316e-06
5.45212e-07
3.32311e-06
4.28363e-07
3.29487e-06
3.15911e-07
3.23932e-06
2.09216e-07
3.15759e-06
1.09474e-07
3.05097e-06
1.75787e-08
2.92105e-06
-6.60219e-08
2.7695e-06
-1.41299e-07
2.59748e-06
-2.08268e-07
2.40653e-06
-2.68668e-07
2.19754e-06
-3.2445e-07
1.97083e-06
-3.78658e-07
1.72633e-06
-4.3577e-07
1.46455e-06
-5.02577e-07
1.18885e-06
-5.90937e-07
9.10701e-07
-7.2818e-07
6.55313e-07
-9.84673e-07
4.50828e-07
-1.60343e-06
2.45231e-07
-3.07989e-06
-1.3727e-07
-5.4949e-06
-9.75862e-06
-9.11062e-08
3.07825e-07
-1.0557e-07
6.57951e-07
-2.04679e-08
9.62197e-07
1.43906e-07
1.1728e-06
3.6524e-07
1.29686e-06
6.20443e-07
1.36012e-06
8.92399e-07
1.38141e-06
1.1703e-06
1.37345e-06
1.44721e-06
1.34575e-06
1.71799e-06
1.30401e-06
1.97815e-06
1.25122e-06
2.22348e-06
1.18905e-06
2.45049e-06
1.11858e-06
2.65603e-06
1.04108e-06
2.83735e-06
9.57819e-07
2.99246e-06
8.70074e-07
3.11999e-06
7.79282e-07
3.21905e-06
6.87059e-07
3.28922e-06
5.9482e-07
3.33052e-06
5.03904e-07
3.34325e-06
4.15633e-07
3.32796e-06
3.31201e-07
3.28555e-06
2.5163e-07
3.21715e-06
1.77875e-07
3.12408e-06
1.10652e-07
3.00779e-06
5.02676e-08
2.8706e-06
-4.11368e-09
2.71286e-06
-5.05305e-08
2.53645e-06
-9.22513e-08
2.34198e-06
-1.29983e-07
2.12978e-06
-1.6646e-07
1.89987e-06
-2.05856e-07
1.65318e-06
-2.55889e-07
1.39425e-06
-3.32008e-07
1.13641e-06
-4.70338e-07
9.13644e-07
-7.61906e-07
7.48656e-07
-1.43845e-06
5.27656e-07
-2.85889e-06
5.31166e-08
-5.02036e-06
-9.7055e-06
-1.95751e-07
5.03576e-07
-2.83452e-07
7.45652e-07
-2.26666e-07
9.05411e-07
-6.51441e-08
1.01128e-06
1.63418e-07
1.06829e-06
4.33865e-07
1.08967e-06
7.25e-07
1.09028e-06
1.02272e-06
1.07573e-06
1.31823e-06
1.05024e-06
1.60566e-06
1.01659e-06
1.88063e-06
9.76244e-07
2.13939e-06
9.30291e-07
2.37876e-06
8.7921e-07
2.59635e-06
8.23491e-07
2.78997e-06
7.64206e-07
2.95783e-06
7.02207e-07
3.0986e-06
6.38516e-07
3.21158e-06
5.74075e-07
3.29658e-06
5.09819e-07
3.35361e-06
4.46876e-07
3.38285e-06
3.86393e-07
3.38484e-06
3.2921e-07
3.36049e-06
2.75989e-07
3.3111e-06
2.27259e-07
3.23834e-06
1.8341e-07
3.14409e-06
1.44517e-07
3.0295e-06
1.10483e-07
2.89757e-06
8.13977e-08
2.7493e-06
5.60213e-08
2.58631e-06
3.30048e-08
2.41023e-06
9.61651e-09
2.22234e-06
-1.79687e-08
2.02452e-06
-5.8068e-08
1.82073e-06
-1.28211e-07
1.6187e-06
-2.68307e-07
1.4424e-06
-5.85611e-07
1.28223e-06
-1.27828e-06
9.6226e-07
-2.53891e-06
3.34106e-07
-4.3922e-06
-9.3714e-06
-3.71086e-07
8.74662e-07
-4.96473e-07
8.71039e-07
-4.67517e-07
8.76456e-07
-3.21936e-07
8.65696e-07
-8.12611e-08
8.27619e-07
2.15713e-07
7.92696e-07
5.39674e-07
7.66318e-07
8.70288e-07
7.45117e-07
1.19601e-06
7.24518e-07
1.5106e-06
7.01999e-07
1.81018e-06
6.76665e-07
2.0921e-06
6.48365e-07
2.35431e-06
6.17008e-07
2.59487e-06
5.82928e-07
2.81209e-06
5.46988e-07
3.00452e-06
5.09773e-07
3.17123e-06
4.71806e-07
3.31164e-06
4.33664e-07
3.4254e-06
3.96054e-07
3.51283e-06
3.59455e-07
3.57493e-06
3.24289e-07
3.61314e-06
2.91003e-07
3.62911e-06
2.60015e-07
3.62475e-06
2.3162e-07
3.60216e-06
2.06e-07
3.56354e-06
1.83139e-07
3.51113e-06
1.62896e-07
3.44757e-06
1.44952e-07
3.37486e-06
1.28734e-07
3.29477e-06
1.13089e-07
3.20809e-06
9.63025e-08
3.1154e-06
7.47185e-08
3.01653e-06
4.08019e-08
2.91041e-06
-2.20872e-08
2.79184e-06
-1.49739e-07
2.61971e-06
-4.13486e-07
2.27965e-06
-9.38216e-07
1.59129e-06
-1.85055e-06
7.0579e-07
-3.50671e-06
-8.66561e-06
-5.77646e-07
1.45231e-06
-6.75775e-07
9.69167e-07
-4.33049e-07
6.33731e-07
-7.29898e-08
5.05637e-07
3.10362e-07
4.44268e-07
6.99505e-07
4.03553e-07
1.08634e-06
3.79484e-07
1.46546e-06
3.66e-07
1.83338e-06
3.56591e-07
2.18796e-06
3.47423e-07
2.52734e-06
3.37283e-07
2.84986e-06
3.25849e-07
3.15378e-06
3.13089e-07
3.43759e-06
2.99118e-07
3.70051e-06
2.84062e-07
3.9421e-06
2.68183e-07
4.16217e-06
2.51733e-07
4.36086e-06
2.3498e-07
4.53868e-06
2.18235e-07
4.6964e-06
2.01738e-07
4.835e-06
1.85683e-07
4.95575e-06
1.70259e-07
5.06011e-06
1.55649e-07
5.14974e-06
1.41992e-07
5.22637e-06
1.29372e-07
5.29173e-06
1.17777e-07
5.34745e-06
1.07176e-07
5.39499e-06
9.74145e-08
5.43553e-06
8.81922e-08
5.46983e-06
7.87834e-08
5.49812e-06
6.80149e-08
5.51917e-06
5.36695e-08
5.52747e-06
3.25066e-08
5.50489e-06
4.85895e-10
5.41727e-06
-6.21127e-08
5.15835e-06
-1.54565e-07
4.49835e-06
-2.7822e-07
3.19725e-06
-5.49449e-07
1.54743e-06
-1.85688e-06
-7.11818e-06
1.45231e-06
2.42148e-06
3.05521e-06
3.56084e-06
4.00511e-06
4.40866e-06
4.78815e-06
5.15415e-06
5.51074e-06
5.85816e-06
6.19545e-06
6.5213e-06
6.83438e-06
7.1335e-06
7.41756e-06
7.68575e-06
7.93748e-06
8.17246e-06
8.3907e-06
8.59243e-06
8.77812e-06
8.94838e-06
9.10403e-06
9.24602e-06
9.37539e-06
9.49317e-06
9.60034e-06
9.69776e-06
9.78595e-06
9.86473e-06
9.93275e-06
9.98642e-06
1.00189e-05
1.00194e-05
9.9573e-06
9.80273e-06
9.52451e-06
8.97506e-06
7.11818e-06
)
;

boundaryField
{
    movingWall
    {
        type            calculated;
        value           uniform 0;
    }
    fixedWalls
    {
        type            calculated;
        value           uniform 0;
    }
    frontAndBack
    {
        type            empty;
    }
}


// ************************************************************************* //
