/*--------------------------------*- C++ -*----------------------------------*\
| =========                 |                                                 |
| \\      /  F ield         | OpenFOAM: The Open Source CFD Toolbox           |
|  \\    /   O peration     | Version:  2412                                  |
|   \\  /    A nd           | Website:  www.openfoam.com                      |
|    \\/     M anipulation  |                                                 |
\*---------------------------------------------------------------------------*/
FoamFile
{
    version     2.0;
    format      ascii;
    arch        "LSB;label=32;scalar=64";
    class       volVectorField;
    location    "3";
    object      U;
}
// * * * * * * * * * * * * * * * * * * * * * * * * * * * * * * * * * * * * * //

dimensions      [0 1 -1 0 0 0 0];

internalField   nonuniform List<vector> 
1600
(
(0.000738059 -0.000702649 0)
(0.00293451 -0.000922816 0)
(0.00508777 -0.000820197 0)
(0.0065972 -0.000526085 0)
(0.0073731 -0.000274474 0)
(0.00749798 -0.000111866 0)
(0.0071687 -3.28628e-05 0)
(0.0063555 5.79419e-05 0)
(0.00498698 0.000175742 0)
(0.00302575 0.000265659 0)
(-0.000291214 0.000357002 0)
(-0.0052107 0.000613444 0)
(-0.0121555 0.00164693 0)
(-0.0229102 0.0036615 0)
(-0.0362326 0.00570523 0)
(-0.0514301 0.00746871 0)
(-0.0674563 0.00854591 0)
(-0.0832774 0.0088344 0)
(-0.0978509 0.00836346 0)
(-0.110329 0.00729807 0)
(-0.120168 0.00588069 0)
(-0.127066 0.00432886 0)
(-0.130933 0.00274158 0)
(-0.13191 0.00110481 0)
(-0.129844 -0.000634648 0)
(-0.124611 -0.00250596 0)
(-0.116096 -0.00447953 0)
(-0.104191 -0.00646135 0)
(-0.0890273 -0.00829415 0)
(-0.0710998 -0.00978024 0)
(-0.0513708 -0.0106885 0)
(-0.0311824 -0.0107322 0)
(-0.0120418 -0.00975336 0)
(0.00423283 -0.00777754 0)
(0.0155014 -0.00443478 0)
(0.0214752 -0.000634359 0)
(0.0212158 0.00240217 0)
(0.0160686 0.00383542 0)
(0.00818199 0.00321607 0)
(0.00198079 0.00221748 0)
(0.00107018 -0.0029998 0)
(0.00411618 -0.00390851 0)
(0.00642361 -0.00308241 0)
(0.00771456 -0.00180671 0)
(0.00792061 -0.000605473 0)
(0.00697146 0.000382911 0)
(0.00489481 0.00126319 0)
(0.00149453 0.00225855 0)
(-0.00378453 0.00350336 0)
(-0.0116006 0.0053281 0)
(-0.0231171 0.00853556 0)
(-0.038441 0.0129749 0)
(-0.0562683 0.0176751 0)
(-0.0754235 0.0216009 0)
(-0.0949759 0.0241212 0)
(-0.113558 0.025052 0)
(-0.130247 0.024405 0)
(-0.144418 0.0222945 0)
(-0.155875 0.0191215 0)
(-0.164661 0.0152718 0)
(-0.170883 0.0110933 0)
(-0.174735 0.00681789 0)
(-0.176216 0.00249512 0)
(-0.175141 -0.00193157 0)
(-0.171377 -0.00650939 0)
(-0.16474 -0.0112455 0)
(-0.155124 -0.0161202 0)
(-0.142411 -0.0209914 0)
(-0.126489 -0.0255015 0)
(-0.107577 -0.0291453 0)
(-0.0862458 -0.0312057 0)
(-0.0635578 -0.0309563 0)
(-0.0410086 -0.02788 0)
(-0.0205799 -0.0220979 0)
(-0.0036341 -0.0141966 0)
(0.00813847 -0.00526226 0)
(0.014303 0.00305603 0)
(0.0140209 0.0085582 0)
(0.00885346 0.0102435 0)
(0.00209993 0.00769394 0)
(0.00118002 -0.00572088 0)
(0.00366032 -0.00642574 0)
(0.00470069 -0.00449604 0)
(0.00457433 -0.00194477 0)
(0.0031336 0.000504664 0)
(0.000190268 0.00284565 0)
(-0.00486458 0.00543656 0)
(-0.0126549 0.00889106 0)
(-0.024 0.0136999 0)
(-0.0391029 0.0196684 0)
(-0.0572891 0.0262706 0)
(-0.0777381 0.0327919 0)
(-0.09889 0.0381541 0)
(-0.119086 0.0414999 0)
(-0.137147 0.0424189 0)
(-0.152531 0.0410339 0)
(-0.165064 0.0377177 0)
(-0.174975 0.0330234 0)
(-0.182603 0.0274619 0)
(-0.188317 0.0214512 0)
(-0.192358 0.0152283 0)
(-0.194665 0.00888929 0)
(-0.195268 0.00241704 0)
(-0.194125 -0.00429604 0)
(-0.191175 -0.0113443 0)
(-0.186168 -0.0187604 0)
(-0.178732 -0.0265244 0)
(-0.168594 -0.0344561 0)
(-0.155493 -0.0421065 0)
(-0.139146 -0.0486965 0)
(-0.119545 -0.0531534 0)
(-0.0971154 -0.054214 0)
(-0.0728814 -0.0508041 0)
(-0.0487206 -0.042639 0)
(-0.0271684 -0.0305346 0)
(-0.0101111 -0.0163334 0)
(0.00130277 -0.00224111 0)
(0.0064692 0.00928257 0)
(0.00518018 0.0143554 0)
(0.00137785 0.0119985 0)
(0.00102428 -0.00787174 0)
(0.00201528 -0.00744771 0)
(0.00126239 -0.00402958 0)
(-0.000849265 -0.000142784 0)
(-0.00462869 0.00392328 0)
(-0.0106695 0.00858139 0)
(-0.019741 0.014304 0)
(-0.0324874 0.0213905 0)
(-0.0488044 0.0297084 0)
(-0.0683333 0.0387603 0)
(-0.0896385 0.0473392 0)
(-0.110877 0.054112 0)
(-0.13037 0.0580777 0)
(-0.14704 0.0589572 0)
(-0.160696 0.0569823 0)
(-0.171432 0.0527129 0)
(-0.179654 0.0468636 0)
(-0.185918 0.04006 0)
(-0.190603 0.0327725 0)
(-0.193983 0.0252758 0)
(-0.196241 0.0176853 0)
(-0.197572 0.00999407 0)
(-0.197952 0.00214406 0)
(-0.197256 -0.00600583 0)
(-0.195536 -0.0146484 0)
(-0.192724 -0.0239669 0)
(-0.18856 -0.0339897 0)
(-0.182669 -0.0446069 0)
(-0.17444 -0.0554656 0)
(-0.163141 -0.0657086 0)
(-0.148057 -0.0739117 0)
(-0.128759 -0.078195 0)
(-0.10544 -0.0766924 0)
(-0.0792197 -0.0680749 0)
(-0.0526865 -0.0526887 0)
(-0.0294008 -0.0329923 0)
(-0.012006 -0.0124713 0)
(-0.00151734 0.00530375 0)
(0.00158233 0.0153622 0)
(0.000603636 0.0141733 0)
(0.000555113 -0.00873734 0)
(-0.00042606 -0.00650655 0)
(-0.00334258 -0.00145743 0)
(-0.00771991 0.0040789 0)
(-0.0142748 0.0104497 0)
(-0.0237616 0.0181725 0)
(-0.0367493 0.0273934 0)
(-0.053294 0.0380407 0)
(-0.0728373 0.0493841 0)
(-0.0939019 0.0599948 0)
(-0.114501 0.0682737 0)
(-0.132881 0.0730621 0)
(-0.148104 0.0741049 0)
(-0.159992 0.071764 0)
(-0.168852 0.0668227 0)
(-0.175176 0.0600728 0)
(-0.179593 0.0522986 0)
(-0.182557 0.0440063 0)
(-0.184399 0.0355403 0)
(-0.185353 0.0270767 0)
(-0.1856 0.0186722 0)
(-0.185204 0.0103044 0)
(-0.184373 0.00185146 0)
(-0.183366 -0.00684319 0)
(-0.182179 -0.0159871 0)
(-0.180885 -0.0258776 0)
(-0.1795 -0.0367986 0)
(-0.177714 -0.0488997 0)
(-0.175018 -0.0620684 0)
(-0.170499 -0.0756799 0)
(-0.162831 -0.0883602 0)
(-0.150477 -0.0978778 0)
(-0.13227 -0.101327 0)
(-0.108085 -0.0959934 0)
(-0.079464 -0.0806207 0)
(-0.050265 -0.0567372 0)
(-0.0256198 -0.0292515 0)
(-0.00845783 -0.00385212 0)
(-0.000713967 0.0126358 0)
(0.000475184 0.014658 0)
(-0.000465858 -0.0079486 0)
(-0.00350703 -0.00338024 0)
(-0.0085578 0.00338926 0)
(-0.0153442 0.0109857 0)
(-0.0247451 0.0201505 0)
(-0.0373263 0.0311286 0)
(-0.0533045 0.0438088 0)
(-0.0721835 0.0573309 0)
(-0.0924546 0.0700564 0)
(-0.112142 0.0800811 0)
(-0.129435 0.0860582 0)
(-0.143362 0.0876128 0)
(-0.153727 0.085213 0)
(-0.160848 0.079762 0)
(-0.16535 0.0722564 0)
(-0.167883 0.0635648 0)
(-0.168981 0.0543291 0)
(-0.169031 0.0449458 0)
(-0.168338 0.0356638 0)
(-0.167131 0.026607 0)
(-0.165589 0.0178083 0)
(-0.163943 0.00923727 0)
(-0.162314 0.000781782 0)
(-0.160749 -0.0077506 0)
(-0.159377 -0.0166167 0)
(-0.158405 -0.0261202 0)
(-0.158032 -0.0366521 0)
(-0.158331 -0.0486179 0)
(-0.159191 -0.0623091 0)
(-0.160063 -0.0776668 0)
(-0.159731 -0.0938887 0)
(-0.156195 -0.108995 0)
(-0.146904 -0.119622 0)
(-0.129679 -0.121524 0)
(-0.104106 -0.110998 0)
(-0.0726874 -0.0871347 0)
(-0.0412477 -0.0537061 0)
(-0.0165142 -0.0193143 0)
(-0.00284352 0.0062693 0)
(0.000575786 0.0141655 0)
(-0.0017132 -0.00508833 0)
(-0.00679507 0.00201421 0)
(-0.0138232 0.0105568 0)
(-0.0229199 0.0204332 0)
(-0.0348073 0.0324917 0)
(-0.0497614 0.0467063 0)
(-0.0675055 0.0621638 0)
(-0.0867067 0.0770146 0)
(-0.105455 0.0891384 0)
(-0.121918 0.096832 0)
(-0.134931 0.0994381 0)
(-0.144194 0.0973727 0)
(-0.15005 0.0916629 0)
(-0.153199 0.0835324 0)
(-0.154375 0.0740226 0)
(-0.154199 0.0639013 0)
(-0.153153 0.0536723 0)
(-0.15159 0.0436383 0)
(-0.149756 0.0339628 0)
(-0.147787 0.0247026 0)
(-0.145751 0.0158344 0)
(-0.143691 0.00727287 0)
(-0.141591 -0.00111758 0)
(-0.139504 -0.00946867 0)
(-0.137575 -0.0179535 0)
(-0.136002 -0.0268103 0)
(-0.135068 -0.0363903 0)
(-0.135147 -0.047172 0)
(-0.136567 -0.0597209 0)
(-0.139418 -0.0745582 0)
(-0.143198 -0.0917896 0)
(-0.146405 -0.110473 0)
(-0.146265 -0.127879 0)
(-0.13907 -0.139149 0)
(-0.121601 -0.138177 0)
(-0.0935523 -0.12024 0)
(-0.0592531 -0.0856151 0)
(-0.027266 -0.0423902 0)
(-0.00571591 -0.0045032 0)
(0.000534259 0.0127984 0)
(-0.0028719 -0.000110251 0)
(-0.00987938 0.00948778 0)
(-0.0186313 0.0197842 0)
(-0.0297144 0.031988 0)
(-0.0434651 0.0469109 0)
(-0.0598042 0.0637852 0)
(-0.0777382 0.0806312 0)
(-0.0955661 0.0951207 0)
(-0.111465 0.105119 0)
(-0.124052 0.109496 0)
(-0.13279 0.108362 0)
(-0.137981 0.102836 0)
(-0.140389 0.0943667 0)
(-0.140845 0.0842451 0)
(-0.140075 0.0734179 0)
(-0.138641 0.0625079 0)
(-0.136932 0.0518726 0)
(-0.135172 0.0416779 0)
(-0.133442 0.0319624 0)
(-0.13172 0.0226868 0)
(-0.129943 0.0137734 0)
(-0.128016 0.00512163 0)
(-0.12589 -0.0033602 0)
(-0.123596 -0.0117427 0)
(-0.121223 -0.0201103 0)
(-0.118923 -0.0286007 0)
(-0.116945 -0.0374308 0)
(-0.115708 -0.0469632 0)
(-0.115736 -0.0577633 0)
(-0.117595 -0.0706215 0)
(-0.121624 -0.0863901 0)
(-0.127409 -0.105436 0)
(-0.133099 -0.126615 0)
(-0.134977 -0.146071 0)
(-0.128047 -0.156788 0)
(-0.108375 -0.150271 0)
(-0.0767138 -0.121162 0)
(-0.0404032 -0.0728391 0)
(-0.0107871 -0.0210148 0)
(9.45381e-05 0.00981408 0)
(-0.00384528 0.00679995 0)
(-0.0124463 0.0186907 0)
(-0.0226037 0.0306507 0)
(-0.0351425 0.0451328 0)
(-0.0499684 0.0624975 0)
(-0.0664489 0.0808847 0)
(-0.0832888 0.0977555 0)
(-0.0987869 0.110582 0)
(-0.111367 0.117532 0)
(-0.120167 0.118173 0)
(-0.125299 0.113467 0)
(-0.127544 0.105105 0)
(-0.12782 0.0946631 0)
(-0.126951 0.0833414 0)
(-0.125579 0.0719213 0)
(-0.12412 0.0608313 0)
(-0.12278 0.0502393 0)
(-0.121596 0.0401495 0)
(-0.12049 0.0304875 0)
(-0.119339 0.0211581 0)
(-0.118013 0.012075 0)
(-0.116398 0.00317474 0)
(-0.114448 -0.00557509 0)
(-0.112172 -0.0141938 0)
(-0.109617 -0.0227096 0)
(-0.106888 -0.0311765 0)
(-0.104171 -0.0396936 0)
(-0.101777 -0.0484636 0)
(-0.100157 -0.0578742 0)
(-0.0999482 -0.0686157 0)
(-0.101916 -0.0817655 0)
(-0.106638 -0.0986085 0)
(-0.113747 -0.119802 0)
(-0.120867 -0.143709 0)
(-0.12304 -0.164532 0)
(-0.113963 -0.172017 0)
(-0.089874 -0.154896 0)
(-0.0541541 -0.10884 0)
(-0.0185019 -0.0452364 0)
(-0.000458583 0.00322918 0)
(-0.00452637 0.0151416 0)
(-0.0142858 0.029176 0)
(-0.0254226 0.042722 0)
(-0.0387903 0.0591799 0)
(-0.0537504 0.0781104 0)
(-0.0693996 0.0969191 0)
(-0.0844109 0.112775 0)
(-0.097199 0.123065 0)
(-0.106525 0.126497 0)
(-0.112148 0.123504 0)
(-0.114724 0.115855 0)
(-0.115234 0.105473 0)
(-0.114585 0.0938729 0)
(-0.113496 0.0820731 0)
(-0.112428 0.0706207 0)
(-0.11159 0.0597112 0)
(-0.110999 0.0493263 0)
(-0.110552 0.0393529 0)
(-0.110098 0.0296647 0)
(-0.109483 0.0201626 0)
(-0.108575 0.0107869 0)
(-0.107277 0.00151988 0)
(-0.105547 -0.00762517 0)
(-0.103379 -0.0166251 0)
(-0.100805 -0.0254606 0)
(-0.0979001 -0.034124 0)
(-0.094809 -0.042639 0)
(-0.0917464 -0.0510989 0)
(-0.0890296 -0.0597266 0)
(-0.0871378 -0.0689834 0)
(-0.086786 -0.0797524 0)
(-0.0889051 -0.0935028 0)
(-0.0942474 -0.112045 0)
(-0.102306 -0.136182 0)
(-0.109796 -0.16301 0)
(-0.110102 -0.183249 0)
(-0.0959149 -0.18194 0)
(-0.0655012 -0.145778 0)
(-0.0279263 -0.0768777 0)
(-0.00119393 -0.00694151 0)
(-0.00483877 0.0243932 0)
(-0.0153078 0.0405038 0)
(-0.0269685 0.0554405 0)
(-0.040403 0.073289 0)
(-0.0547305 0.0928967 0)
(-0.0689442 0.111327 0)
(-0.0818132 0.125387 0)
(-0.0918907 0.132653 0)
(-0.0984323 0.13254 0)
(-0.101762 0.126469 0)
(-0.102834 0.116665 0)
(-0.10262 0.105054 0)
(-0.101914 0.0929801 0)
(-0.101248 0.0812038 0)
(-0.100864 0.0700068 0)
(-0.100791 0.0593762 0)
(-0.100925 0.049167 0)
(-0.101108 0.0392136 0)
(-0.101179 0.0293855 0)
(-0.100994 0.0196056 0)
(-0.100435 0.00984772 0)
(-0.0994198 0.000132048 0)
(-0.0979054 -0.00949242 0)
(-0.0958807 -0.018965 0)
(-0.0933695 -0.0282235 0)
(-0.0904382 -0.0372126 0)
(-0.0872029 -0.0459048 0)
(-0.0838237 -0.0543274 0)
(-0.0805247 -0.0625996 0)
(-0.0776324 -0.0710067 0)
(-0.0756538 -0.0801569 0)
(-0.0753886 -0.091254 0)
(-0.0779235 -0.106335 0)
(-0.0840718 -0.127785 0)
(-0.0927924 -0.155985 0)
(-0.0991417 -0.185021 0)
(-0.0944596 -0.199583 0)
(-0.072284 -0.179044 0)
(-0.0369187 -0.112729 0)
(-0.0039805 -0.0213782 0)
(-0.00480886 0.0340687 0)
(-0.015519 0.0521851 0)
(-0.0271805 0.0681683 0)
(-0.0400342 0.0867459 0)
(-0.0531987 0.106379 0)
(-0.0656791 0.123808 0)
(-0.0763462 0.135604 0)
(-0.0840002 0.139706 0)
(-0.0884293 0.136446 0)
(-0.0903422 0.128019 0)
(-0.0907441 0.116808 0)
(-0.0904889 0.104609 0)
(-0.0901915 0.0925199 0)
(-0.0901696 0.0810138 0)
(-0.0904907 0.0701391 0)
(-0.0910738 0.0597407 0)
(-0.0917729 0.0496129 0)
(-0.0924294 0.0395802 0)
(-0.092897 0.0295267 0)
(-0.0930503 0.0193996 0)
(-0.0927836 0.00920237 0)
(-0.0920201 -0.00101556 0)
(-0.0907166 -0.0111744 0)
(-0.0888575 -0.0211777 0)
(-0.0864601 -0.0309226 0)
(-0.0835859 -0.0403141 0)
(-0.080335 -0.0492859 0)
(-0.0768443 -0.057823 0)
(-0.07329 -0.0659858 0)
(-0.069902 -0.0739559 0)
(-0.0670148 -0.0821411 0)
(-0.0651794 -0.0914077 0)
(-0.0653168 -0.103486 0)
(-0.0686732 -0.121226 0)
(-0.0758879 -0.147401 0)
(-0.0845618 -0.180393 0)
(-0.087024 -0.207908 0)
(-0.0735885 -0.205421 0)
(-0.0431787 -0.148919 0)
(-0.0088409 -0.0435902 0)
(-0.00450481 0.0436807 0)
(-0.0149874 0.0636932 0)
(-0.0261445 0.0803355 0)
(-0.037953 0.0990829 0)
(-0.0496186 0.118262 0)
(-0.0602643 0.134289 0)
(-0.0688486 0.143643 0)
(-0.0745369 0.144785 0)
(-0.0775324 0.138985 0)
(-0.0787198 0.128897 0)
(-0.0789998 0.116881 0)
(-0.0790575 0.104529 0)
(-0.0793088 0.0926583 0)
(-0.0798948 0.0814816 0)
(-0.080778 0.0708829 0)
(-0.0818391 0.0606305 0)
(-0.0829343 0.0504981 0)
(-0.0839232 0.0403172 0)
(-0.0846805 0.0299885 0)
(-0.0850964 0.019478 0)
(-0.0850734 0.00881123 0)
(-0.0845391 -0.00193766 0)
(-0.0834493 -0.0126623 0)
(-0.0817834 -0.0232329 0)
(-0.0795494 -0.0335074 0)
(-0.0768012 -0.0433527 0)
(-0.0736272 -0.0526665 0)
(-0.0701527 -0.0614005 0)
(-0.0665334 -0.0695822 0)
(-0.0629545 -0.0773426 0)
(-0.0596503 -0.0849762 0)
(-0.0569755 -0.0930999 0)
(-0.0555638 -0.103027 0)
(-0.0565181 -0.11735 0)
(-0.0611837 -0.139922 0)
(-0.069385 -0.172847 0)
(-0.0758724 -0.208858 0)
(-0.0700737 -0.22384 0)
(-0.0461592 -0.182827 0)
(-0.0130632 -0.0700068 0)
(-0.00396275 0.0527236 0)
(-0.0138052 0.0745391 0)
(-0.0240454 0.0915091 0)
(-0.0345166 0.110019 0)
(-0.0445162 0.128413 0)
(-0.0533303 0.142854 0)
(-0.0600666 0.149844 0)
(-0.064268 0.148464 0)
(-0.0663892 0.140756 0)
(-0.0673076 0.129585 0)
(-0.0677537 0.117192 0)
(-0.0682295 0.104928 0)
(-0.0689763 0.0933437 0)
(-0.0700221 0.0824586 0)
(-0.0712874 0.0720574 0)
(-0.0726523 0.0618733 0)
(-0.0739915 0.051677 0)
(-0.0751886 0.0413096 0)
(-0.076138 0.0306845 0)
(-0.0767435 0.0197816 0)
(-0.0769167 0.00864166 0)
(-0.0765904 -0.00264114 0)
(-0.0757206 -0.013937 0)
(-0.0742813 -0.0250878 0)
(-0.0722707 -0.0359158 0)
(-0.0697265 -0.04625 0)
(-0.0667234 -0.055951 0)
(-0.0633755 -0.0649373 0)
(-0.0598287 -0.0732105 0)
(-0.0562502 -0.0808775 0)
(-0.0528275 -0.0881826 0)
(-0.049802 -0.0956004 0)
(-0.0475775 -0.104111 0)
(-0.0469408 -0.115818 0)
(-0.049246 -0.13465 0)
(-0.0555946 -0.165085 0)
(-0.0633629 -0.205155 0)
(-0.0631124 -0.234675 0)
(-0.0459466 -0.21215 0)
(-0.0160983 -0.0993859 0)
(-0.00323385 0.0607929 0)
(-0.0120899 0.084351 0)
(-0.0211264 0.101414 0)
(-0.0300708 0.119393 0)
(-0.0383488 0.1368 0)
(-0.0454129 0.149672 0)
(-0.0505855 0.154575 0)
(-0.053707 0.15121 0)
(-0.0553418 0.142157 0)
(-0.0562403 0.13034 0)
(-0.0569484 0.117833 0)
(-0.0577986 0.105752 0)
(-0.058905 0.0944334 0)
(-0.06024 0.083769 0)
(-0.0617163 0.0734902 0)
(-0.0632287 0.0633149 0)
(-0.0646768 0.0530185 0)
(-0.0659669 0.0424499 0)
(-0.0670119 0.0315303 0)
(-0.06773 0.0202488 0)
(-0.0680462 0.00865772 0)
(-0.0679012 -0.00313303 0)
(-0.0672546 -0.0149759 0)
(-0.0660763 -0.0266909 0)
(-0.0643548 -0.0380721 0)
(-0.0621036 -0.0489127 0)
(-0.0593775 -0.0590334 0)
(-0.0562733 -0.0683145 0)
(-0.0529274 -0.0767298 0)
(-0.0494998 -0.0843711 0)
(-0.04616 -0.0914651 0)
(-0.0430937 -0.0984212 0)
(-0.0405641 -0.106011 0)
(-0.0390812 -0.115888 0)
(-0.0397108 -0.131561 0)
(-0.0439676 -0.158573 0)
(-0.0512485 -0.19936 0)
(-0.0543182 -0.239492 0)
(-0.0432252 -0.235757 0)
(-0.0176445 -0.129566 0)
(-0.00237679 0.0675752 0)
(-0.00997975 0.0928543 0)
(-0.0176222 0.109862 0)
(-0.024952 0.127124 0)
(-0.0315114 0.143472 0)
(-0.0369423 0.154929 0)
(-0.0408083 0.158155 0)
(-0.0431505 0.153347 0)
(-0.0445245 0.143415 0)
(-0.0455004 0.131254 0)
(-0.0464492 0.11877 0)
(-0.0475636 0.10688 0)
(-0.0488782 0.0957669 0)
(-0.0503444 0.0852484 0)
(-0.0518815 0.075027 0)
(-0.0534066 0.0648182 0)
(-0.0548432 0.0544026 0)
(-0.0561186 0.0436338 0)
(-0.0571648 0.0324385 0)
(-0.0579172 0.0208128 0)
(-0.0583177 0.00881765 0)
(-0.0583201 -0.00342632 0)
(-0.0578917 -0.0157598 0)
(-0.0570015 -0.0279906 0)
(-0.0556275 -0.0398948 0)
(-0.0537583 -0.0512364 0)
(-0.0514206 -0.0617949 0)
(-0.0486854 -0.071405 0)
(-0.0456734 -0.0800042 0)
(-0.0425387 -0.0876672 0)
(-0.0394443 -0.0946178 0)
(-0.0365516 -0.101245 0)
(-0.0340482 -0.108208 0)
(-0.0322575 -0.116835 0)
(-0.0319288 -0.130096 0)
(-0.0345035 -0.153712 0)
(-0.040554 -0.19324 0)
(-0.0451305 -0.240234 0)
(-0.0389198 -0.253392 0)
(-0.0177873 -0.158926 0)
(-0.00145254 0.0728597 0)
(-0.00760357 0.0998516 0)
(-0.0137377 0.116748 0)
(-0.0194316 0.133187 0)
(-0.0243277 0.148524 0)
(-0.0282418 0.158807 0)
(-0.0309922 0.160819 0)
(-0.0327415 0.155064 0)
(-0.033955 0.144622 0)
(-0.0350093 0.132318 0)
(-0.0361206 0.119911 0)
(-0.0373745 0.108175 0)
(-0.0387601 0.0971968 0)
(-0.0402233 0.086754 0)
(-0.0416977 0.076537 0)
(-0.0431236 0.0662647 0)
(-0.0444461 0.0557215 0)
(-0.0456131 0.0447647 0)
(-0.046577 0.0333254 0)
(-0.0472931 0.0214064 0)
(-0.0477227 0.00907502 0)
(-0.0478363 -0.00354265 0)
(-0.0476108 -0.0162817 0)
(-0.0470198 -0.0289483 0)
(-0.0460327 -0.0413133 0)
(-0.0446156 -0.0531216 0)
(-0.0427646 -0.0641151 0)
(-0.040518 -0.0740766 0)
(-0.0379724 -0.0828953 0)
(-0.0352704 -0.09062 0)
(-0.03257 -0.0974741 0)
(-0.0300226 -0.103849 0)
(-0.0277788 -0.110357 0)
(-0.0260556 -0.118118 0)
(-0.0253552 -0.129618 0)
(-0.0268403 -0.150276 0)
(-0.0316176 -0.187656 0)
(-0.036568 -0.238708 0)
(-0.0338753 -0.265552 0)
(-0.0167288 -0.186342 0)
(-0.0005064 0.0765124 0)
(-0.00507272 0.105219 0)
(-0.00964237 0.122043 0)
(-0.0137366 0.137625 0)
(-0.0170594 0.152063 0)
(-0.0195336 0.161404 0)
(-0.021268 0.162711 0)
(-0.0225287 0.156457 0)
(-0.023596 0.145787 0)
(-0.0246784 0.133466 0)
(-0.0258572 0.121148 0)
(-0.0271377 0.109513 0)
(-0.028482 0.0986003 0)
(-0.0298373 0.0881704 0)
(-0.0311545 0.0779149 0)
(-0.0323952 0.0675575 0)
(-0.0335249 0.0568864 0)
(-0.0345124 0.0457621 0)
(-0.035332 0.0341208 0)
(-0.03596 0.0219713 0)
(-0.0363767 0.0093858 0)
(-0.0365703 -0.00350972 0)
(-0.0365276 -0.0165515 0)
(-0.0362294 -0.0295516 0)
(-0.0356406 -0.0422875 0)
(-0.0347119 -0.0544975 0)
(-0.0334133 -0.0658945 0)
(-0.03175 -0.0762084 0)
(-0.0297881 -0.0852694 0)
(-0.02765 -0.0930887 0)
(-0.025483 -0.0998846 0)
(-0.02343 -0.106061 0)
(-0.0216223 -0.112215 0)
(-0.0202257 -0.119346 0)
(-0.0195846 -0.129571 0)
(-0.0205482 -0.147805 0)
(-0.0243665 -0.182781 0)
(-0.0292144 -0.23622 0)
(-0.028694 -0.273178 0)
(-0.0147599 -0.211234 0)
(0.00042742 0.0784644 0)
(-0.00247667 0.108899 0)
(-0.00546651 0.125762 0)
(-0.0080468 0.140532 0)
(-0.00986447 0.154146 0)
(-0.0109878 0.16281 0)
(-0.0117585 0.163866 0)
(-0.0125225 0.157541 0)
(-0.0133978 0.146878 0)
(-0.0144327 0.134625 0)
(-0.015588 0.122383 0)
(-0.0168047 0.110793 0)
(-0.0180244 0.0998818 0)
(-0.0191984 0.0894122 0)
(-0.0202938 0.079084 0)
(-0.0212919 0.0686277 0)
(-0.0221783 0.0578356 0)
(-0.0229434 0.0465724 0)
(-0.0235831 0.0347787 0)
(-0.0240948 0.0224687 0)
(-0.0244748 0.00971676 0)
(-0.0247269 -0.00335484 0)
(-0.0248469 -0.0165899 0)
(-0.0248223 -0.0298116 0)
(-0.0246177 -0.0428115 0)
(-0.0241772 -0.0553326 0)
(-0.0234553 -0.0670701 0)
(-0.0224317 -0.0777069 0)
(-0.0211415 -0.0870105 0)
(-0.019679 -0.094944 0)
(-0.0181717 -0.101713 0)
(-0.0167462 -0.107729 0)
(-0.0155191 -0.113588 0)
(-0.0146289 -0.120215 0)
(-0.0143394 -0.12948 0)
(-0.0152615 -0.145854 0)
(-0.01853 -0.178453 0)
(-0.0232418 -0.233455 0)
(-0.0239087 -0.277929 0)
(-0.0123408 -0.232691 0)
(0.00130751 0.0787016 0)
(0.000102957 0.110898 0)
(-0.00132033 0.127941 0)
(-0.00248948 0.141996 0)
(-0.00288228 0.154799 0)
(-0.00272825 0.163139 0)
(-0.00253933 0.164287 0)
(-0.00272082 0.15823 0)
(-0.00332708 0.147803 0)
(-0.00422397 0.135708 0)
(-0.00527499 0.123538 0)
(-0.00636052 0.111946 0)
(-0.00740042 0.100982 0)
(-0.00834895 0.090428 0)
(-0.00918724 0.0799997 0)
(-0.00991399 0.0694369 0)
(-0.010535 0.0585378 0)
(-0.0110617 0.0471716 0)
(-0.0115107 0.0352828 0)
(-0.0118985 0.0228876 0)
(-0.0122337 0.0100593 0)
(-0.0125313 -0.00308814 0)
(-0.0127956 -0.0164117 0)
(-0.013019 -0.0297472 0)
(-0.0131684 -0.042902 0)
(-0.0131896 -0.0556312 0)
(-0.0130341 -0.0676218 0)
(-0.0126685 -0.0785198 0)
(-0.012103 -0.088034 0)
(-0.0114002 -0.096076 0)
(-0.0106578 -0.102833 0)
(-0.00997768 -0.108725 0)
(-0.00945618 -0.114344 0)
(-0.00920737 -0.120558 0)
(-0.00945166 -0.129053 0)
(-0.0106507 -0.143936 0)
(-0.0137863 -0.174454 0)
(-0.0185072 -0.230491 0)
(-0.0198991 -0.281281 0)
(-0.0100497 -0.250413 0)
(0.00211184 0.0772598 0)
(0.00260172 0.11124 0)
(0.0026965 0.128644 0)
(0.00284813 0.142111 0)
(0.0037587 0.154163 0)
(0.0051378 0.162373 0)
(0.00634832 0.16384 0)
(0.00685338 0.158486 0)
(0.00663481 0.148467 0)
(0.00596515 0.136625 0)
(0.00509091 0.124541 0)
(0.00418769 0.112921 0)
(0.00336135 0.101864 0)
(0.00265885 0.0911929 0)
(0.00208887 0.0806455 0)
(0.00163749 0.0699753 0)
(0.00128037 0.0589885 0)
(0.000986715 0.047559 0)
(0.000721871 0.0356325 0)
(0.000452734 0.0232239 0)
(0.000160502 0.0104018 0)
(-0.000176639 -0.00273106 0)
(-0.000569778 -0.0160473 0)
(-0.00101463 -0.0293962 0)
(-0.00148273 -0.042601 0)
(-0.00192862 -0.0554281 0)
(-0.00231037 -0.0675628 0)
(-0.00259474 -0.0786265 0)
(-0.00277694 -0.0882839 0)
(-0.00288886 -0.0964022 0)
(-0.00299037 -0.103147 0)
(-0.0031494 -0.108939 0)
(-0.00343492 -0.114365 0)
(-0.00393499 -0.120243 0)
(-0.0048397 -0.128106 0)
(-0.00650742 -0.141757 0)
(-0.00983614 -0.170445 0)
(-0.0147571 -0.227154 0)
(-0.0167789 -0.283909 0)
(-0.00823547 -0.264994 0)
(0.00281085 0.0742432 0)
(0.00496368 0.109962 0)
(0.00651507 0.127949 0)
(0.00789102 0.140977 0)
(0.00996823 0.152345 0)
(0.0125065 0.160458 0)
(0.014811 0.162488 0)
(0.0161223 0.158103 0)
(0.0164694 0.14879 0)
(0.0161313 0.137303 0)
(0.0155024 0.125339 0)
(0.0148228 0.11368 0)
(0.0142293 0.102509 0)
(0.0137765 0.0916983 0)
(0.0134678 0.0810214 0)
(0.0132778 0.0702491 0)
(0.0131666 0.0591975 0)
(0.0130869 0.0477445 0)
(0.0129891 0.0358357 0)
(0.0128268 0.0234808 0)
(0.012572 0.0107397 0)
(0.0121995 -0.00229805 0)
(0.0116932 -0.0155215 0)
(0.0110516 -0.028793 0)
(0.0102959 -0.0419485 0)
(0.00946029 -0.0547634 0)
(0.00857278 -0.0669236 0)
(0.00765661 -0.0780367 0)
(0.00672228 -0.0877408 0)
(0.00576448 -0.0958735 0)
(0.00476466 -0.102582 0)
(0.00369664 -0.108286 0)
(0.0025261 -0.11356 0)
(0.00119464 -0.119169 0)
(-0.000461464 -0.126509 0)
(-0.00271447 -0.139119 0)
(-0.00648192 -0.166197 0)
(-0.0117065 -0.223271 0)
(-0.0144893 -0.286034 0)
(-0.00695285 -0.277155 0)
(0.00336737 0.0698021 0)
(0.00712834 0.107105 0)
(0.0100602 0.12595 0)
(0.0125689 0.138705 0)
(0.0156678 0.149445 0)
(0.0192756 0.157406 0)
(0.0226781 0.16016 0)
(0.0249852 0.156891 0)
(0.026088 0.148594 0)
(0.0262397 0.137653 0)
(0.0259433 0.12588 0)
(0.0255298 0.114201 0)
(0.025181 0.102909 0)
(0.0249702 0.0919499 0)
(0.0249033 0.0811407 0)
(0.0249486 0.0702758 0)
(0.0250547 0.0591829 0)
(0.0251618 0.0477443 0)
(0.025209 0.0359036 0)
(0.0251397 0.023662 0)
(0.0249171 0.0110674 0)
(0.024513 -0.00180369 0)
(0.0239063 -0.0148559 0)
(0.0230887 -0.0279654 0)
(0.0220709 -0.0409754 0)
(0.0208723 -0.0536672 0)
(0.0195031 -0.065728 0)
(0.0179712 -0.0767607 0)
(0.0162861 -0.0863952 0)
(0.0144645 -0.0944591 0)
(0.0125308 -0.101091 0)
(0.0105069 -0.106706 0)
(0.00839594 -0.111861 0)
(0.00617285 -0.117266 0)
(0.00369719 -0.124181 0)
(0.000788261 -0.135891 0)
(-0.00360229 -0.161542 0)
(-0.00913138 -0.218716 0)
(-0.0128814 -0.287653 0)
(-0.0061208 -0.287577 0)
(0.00373989 0.0640846 0)
(0.00901971 0.102787 0)
(0.0132444 0.122721 0)
(0.0168089 0.135405 0)
(0.0207988 0.145582 0)
(0.0253469 0.153304 0)
(0.029808 0.156745 0)
(0.0332539 0.154709 0)
(0.0353202 0.14766 0)
(0.0361768 0.137512 0)
(0.0363539 0.126081 0)
(0.0362768 0.114452 0)
(0.0361956 0.103065 0)
(0.0362214 0.0919678 0)
(0.0363748 0.0810343 0)
(0.0366255 0.0700902 0)
(0.0369167 0.058979 0)
(0.037181 0.0475881 0)
(0.0373493 0.0358577 0)
(0.0373577 0.0237792 0)
(0.0371613 0.0113865 0)
(0.0367274 -0.00125708 0)
(0.0360285 -0.0140685 0)
(0.0350473 -0.0269353 0)
(0.0337813 -0.0397061 0)
(0.0322329 -0.0521634 0)
(0.0303917 -0.0639938 0)
(0.028248 -0.0748054 0)
(0.0258095 -0.0842395 0)
(0.0231131 -0.0921378 0)
(0.0202259 -0.0986409 0)
(0.01722 -0.10416 0)
(0.0141369 -0.109224 0)
(0.0109842 -0.114479 0)
(0.00764476 -0.121056 0)
(0.00402615 -0.132008 0)
(-0.00112001 -0.156355 0)
(-0.00686875 -0.213422 0)
(-0.0118115 -0.288699 0)
(-0.00560698 -0.296811 0)
(0.0038987 0.0573742 0)
(0.0105248 0.0971159 0)
(0.0159745 0.118322 0)
(0.0205311 0.131175 0)
(0.0253083 0.14089 0)
(0.0306373 0.148284 0)
(0.0360577 0.152199 0)
(0.0406946 0.151383 0)
(0.0439299 0.145764 0)
(0.0457459 0.136682 0)
(0.0466017 0.125816 0)
(0.0469878 0.114374 0)
(0.0472351 0.102965 0)
(0.0475141 0.0917653 0)
(0.0478784 0.0807294 0)
(0.0483114 0.0697264 0)
(0.0487596 0.0586208 0)
(0.0491535 0.0473075 0)
(0.0494198 0.0357238 0)
(0.0494894 0.0238513 0)
(0.0493104 0.0117101 0)
(0.0488431 -0.000650357 0)
(0.0480519 -0.0131553 0)
(0.0469083 -0.0257018 0)
(0.0453932 -0.0381404 0)
(0.0434885 -0.0502512 0)
(0.0411627 -0.0617198 0)
(0.0383916 -0.0721686 0)
(0.035185 -0.0812683 0)
(0.0316048 -0.0888943 0)
(0.0277614 -0.0952151 0)
(0.0237702 -0.100629 0)
(0.019707 -0.105624 0)
(0.0156103 -0.11078 0)
(0.0113849 -0.117101 0)
(0.00702691 -0.127406 0)
(0.00102813 -0.150582 0)
(-0.00484165 -0.207541 0)
(-0.0112088 -0.288882 0)
(-0.00523191 -0.305352 0)
(0.00381644 0.0500007 0)
(0.0115514 0.0902416 0)
(0.0181376 0.112815 0)
(0.0236316 0.126092 0)
(0.0291174 0.135481 0)
(0.0350827 0.142487 0)
(0.0413113 0.146606 0)
(0.0470711 0.146815 0)
(0.0516092 0.142671 0)
(0.0546448 0.134906 0)
(0.0564481 0.124884 0)
(0.0575014 0.113845 0)
(0.0582054 0.102549 0)
(0.0588032 0.0913262 0)
(0.0594016 0.0802348 0)
(0.0600152 0.0692058 0)
(0.0606057 0.0581342 0)
(0.0611094 0.0469267 0)
(0.0614537 0.0355215 0)
(0.0615669 0.0238924 0)
(0.0613907 0.012047 0)
(0.0608777 2.30856e-05 0)
(0.0599816 -0.0121105 0)
(0.0586597 -0.0242559 0)
(0.0568737 -0.0362628 0)
(0.0545816 -0.047906 0)
(0.0517339 -0.0588748 0)
(0.0483003 -0.0688204 0)
(0.0443027 -0.0774636 0)
(0.0398349 -0.0847329 0)
(0.035047 -0.0908232 0)
(0.0300891 -0.0961175 0)
(0.0250624 -0.101064 0)
(0.020029 -0.106164 0)
(0.0149131 -0.112298 0)
(0.00981975 -0.122065 0)
(0.00289753 -0.144211 0)
(-0.00296957 -0.201045 0)
(-0.0109217 -0.288178 0)
(-0.00497464 -0.313496 0)
(0.00349667 0.0423578 0)
(0.0120302 0.0823526 0)
(0.0196061 0.106273 0)
(0.0259921 0.120229 0)
(0.032125 0.12944 0)
(0.0386279 0.136056 0)
(0.0454956 0.140136 0)
(0.0522042 0.141039 0)
(0.058031 0.138217 0)
(0.0624717 0.131901 0)
(0.0655204 0.123011 0)
(0.0675239 0.112655 0)
(0.0688998 0.101686 0)
(0.069958 0.0905804 0)
(0.0708722 0.0795218 0)
(0.0717058 0.068524 0)
(0.0724515 0.0575282 0)
(0.0730621 0.046462 0)
(0.0734725 0.0352693 0)
(0.0736119 0.023921 0)
(0.0734183 0.0124166 0)
(0.0728341 0.000785276 0)
(0.0718007 -0.0109091 0)
(0.0702614 -0.0225675 0)
(0.0681567 -0.0340344 0)
(0.0654197 -0.0450819 0)
(0.0619923 -0.055415 0)
(0.057852 -0.0647296 0)
(0.053044 -0.0728136 0)
(0.0476979 -0.0796593 0)
(0.0419967 -0.0854868 0)
(0.0361128 -0.0906562 0)
(0.0301596 -0.0955642 0)
(0.0242155 -0.100644 0)
(0.0182182 -0.10665 0)
(0.012412 -0.115976 0)
(0.00451938 -0.137245 0)
(-0.00116342 -0.193996 0)
(-0.0109184 -0.286544 0)
(-0.0047602 -0.321485 0)
(0.00299183 0.0348444 0)
(0.0119143 0.0737284 0)
(0.0202795 0.0987959 0)
(0.0274985 0.113629 0)
(0.0342294 0.12284 0)
(0.0412038 0.129093 0)
(0.048572 0.132984 0)
(0.0560127 0.134222 0)
(0.062953 0.132399 0)
(0.0688093 0.127453 0)
(0.0733192 0.119882 0)
(0.0765878 0.110512 0)
(0.0789342 0.100152 0)
(0.0806877 0.0893793 0)
(0.0820809 0.0785032 0)
(0.0832376 0.0676371 0)
(0.0841963 0.0567864 0)
(0.0849402 0.0459143 0)
(0.0854208 0.0349802 0)
(0.0855743 0.023959 0)
(0.0853381 0.0128477 0)
(0.0846449 0.00167243 0)
(0.0834231 -0.00950463 0)
(0.081602 -0.0205786 0)
(0.0791043 -0.0313889 0)
(0.0758464 -0.0417116 0)
(0.0717763 -0.0512854 0)
(0.0668937 -0.0598667 0)
(0.0612778 -0.0673219 0)
(0.0550912 -0.0737059 0)
(0.0485362 -0.079254 0)
(0.0417889 -0.0842942 0)
(0.0349632 -0.0891672 0)
(0.0281472 -0.0942463 0)
(0.0212961 -0.100177 0)
(0.0148246 -0.109152 0)
(0.00590095 -0.129649 0)
(0.000618586 -0.18646 0)
(-0.0111627 -0.283925 0)
(-0.0045278 -0.329504 0)
(0.00238753 0.0278209 0)
(0.0112225 0.0647386 0)
(0.0200969 0.090555 0)
(0.0280375 0.106328 0)
(0.0353379 0.115736 0)
(0.0427277 0.121685 0)
(0.0505009 0.125302 0)
(0.0584881 0.126605 0)
(0.0662822 0.12539 0)
(0.0733715 0.121541 0)
(0.0793495 0.115267 0)
(0.0840913 0.107083 0)
(0.0877147 0.0976313 0)
(0.0904655 0.0874747 0)
(0.0925878 0.0770056 0)
(0.0942521 0.0664351 0)
(0.0955472 0.0558475 0)
(0.0964973 0.0452574 0)
(0.0970819 0.0346536 0)
(0.0972521 0.0240254 0)
(0.0969505 0.013377 0)
(0.0961041 0.00273744 0)
(0.0946304 -0.00782793 0)
(0.0924474 -0.0182086 0)
(0.089472 -0.0282433 0)
(0.0856233 -0.0377262 0)
(0.0808712 -0.0464452 0)
(0.0752498 -0.0542303 0)
(0.0688734 -0.0610261 0)
(0.0619258 -0.0669376 0)
(0.0546092 -0.0722005 0)
(0.0470814 -0.0770985 0)
(0.0394498 -0.0819241 0)
(0.0318196 -0.087013 0)
(0.02416 -0.0929205 0)
(0.0170747 -0.101627 0)
(0.00705463 -0.121499 0)
(0.00247922 -0.178509 0)
(-0.0116291 -0.280192 0)
(-0.00419975 -0.33765 0)
(0.00176799 0.0215616 0)
(0.0100266 0.0557935 0)
(0.0190467 0.0818193 0)
(0.0275146 0.0983991 0)
(0.0353471 0.108153 0)
(0.0431192 0.113907 0)
(0.0512306 0.117195 0)
(0.0596484 0.118404 0)
(0.0680665 0.117474 0)
(0.0760971 0.114367 0)
(0.083335 0.109169 0)
(0.0895095 0.102172 0)
(0.0945564 0.0938115 0)
(0.0985613 0.0845449 0)
(0.101688 0.0747584 0)
(0.104104 0.0647181 0)
(0.105926 0.0545783 0)
(0.107215 0.0444139 0)
(0.107982 0.0342564 0)
(0.108203 0.0241227 0)
(0.107832 0.0140354 0)
(0.1068 0.00403511 0)
(0.10502 -0.00580602 0)
(0.102412 -0.0153783 0)
(0.0989015 -0.0245291 0)
(0.0944449 -0.0330896 0)
(0.0890376 -0.0409035 0)
(0.082751 -0.0478752 0)
(0.0757243 -0.0540155 0)
(0.0681443 -0.0594607 0)
(0.0601851 -0.0644259 0)
(0.0519734 -0.069148 0)
(0.0436266 -0.0739089 0)
(0.0352594 -0.0790105 0)
(0.0268307 -0.0849165 0)
(0.019179 -0.0934419 0)
(0.00798182 -0.112883 0)
(0.00459646 -0.17015 0)
(-0.0122477 -0.27527 0)
(-0.0036622 -0.345972 0)
(0.00119293 0.0163057 0)
(0.00841595 0.0473258 0)
(0.0171745 0.0729364 0)
(0.0258838 0.0899926 0)
(0.0341573 0.100119 0)
(0.0423128 0.105788 0)
(0.0507273 0.108746 0)
(0.0594934 0.109738 0)
(0.0684011 0.108902 0)
(0.077115 0.106243 0)
(0.0853018 0.101837 0)
(0.0926641 0.0958606 0)
(0.0990155 0.088592 0)
(0.10431 0.0803631 0)
(0.108594 0.0714876 0)
(0.111962 0.0622273 0)
(0.114507 0.0527698 0)
(0.116298 0.0432352 0)
(0.117369 0.0336978 0)
(0.117717 0.0242093 0)
(0.117315 0.0148204 0)
(0.116106 0.0055892 0)
(0.114024 -0.00340647 0)
(0.111003 -0.0120629 0)
(0.106999 -0.0202532 0)
(0.102012 -0.0278499 0)
(0.0960745 -0.0347542 0)
(0.0892823 -0.0409313 0)
(0.0817822 -0.0464382 0)
(0.0737366 -0.0514177 0)
(0.0652695 -0.0560452 0)
(0.0565003 -0.0605538 0)
(0.047551 -0.0652124 0)
(0.0385038 -0.0702903 0)
(0.0293319 -0.0761955 0)
(0.021152 -0.0846531 0)
(0.00868781 -0.103985 0)
(0.00719773 -0.161482 0)
(-0.0128876 -0.269156 0)
(-0.00275289 -0.354608 0)
(0.000663474 0.0121685 0)
(0.00649351 0.0397593 0)
(0.0145637 0.0643128 0)
(0.0231549 0.0813354 0)
(0.0317074 0.0916877 0)
(0.0402454 0.0973136 0)
(0.0489923 0.0999907 0)
(0.0580606 0.100701 0)
(0.0673513 0.0998187 0)
(0.0765925 0.0974298 0)
(0.0854692 0.093596 0)
(0.0937092 0.0884404 0)
(0.101096 0.0821532 0)
(0.107495 0.074962 0)
(0.112858 0.0671077 0)
(0.117195 0.0588103 0)
(0.120546 0.0502495 0)
(0.12295 0.0415618 0)
(0.124437 0.0328487 0)
(0.125013 0.0241909 0)
(0.124667 0.0156643 0)
(0.123372 0.00734411 0)
(0.121091 -0.000691967 0)
(0.11779 -0.00835183 0)
(0.113464 -0.0155392 0)
(0.108141 -0.0221691 0)
(0.1019 -0.028188 0)
(0.0948355 -0.0336023 0)
(0.087083 -0.0384896 0)
(0.0787512 -0.042966 0)
(0.0699413 -0.0472046 0)
(0.0607614 -0.0514387 0)
(0.0513031 -0.0559068 0)
(0.041627 -0.0608794 0)
(0.0317341 -0.0667686 0)
(0.0230241 -0.0752889 0)
(0.00925077 -0.0949386 0)
(0.0103793 -0.152699 0)
(-0.0135143 -0.261945 0)
(-0.00128525 -0.3638 0)
(0.000143931 0.00921893 0)
(0.00432395 0.0334696 0)
(0.011275 0.0563628 0)
(0.0193741 0.0727454 0)
(0.0279873 0.0829526 0)
(0.0368758 0.0884662 0)
(0.0460133 0.0909061 0)
(0.0554294 0.0913535 0)
(0.0650538 0.0903463 0)
(0.0746968 0.0880991 0)
(0.0840951 0.0846917 0)
(0.0929749 0.080215 0)
(0.101111 0.0747909 0)
(0.108343 0.0685823 0)
(0.114569 0.0617685 0)
(0.119734 0.0545228 0)
(0.123824 0.0469986 0)
(0.126841 0.0393274 0)
(0.128796 0.0316179 0)
(0.129692 0.0239627 0)
(0.129526 0.0164475 0)
(0.128298 0.00915577 0)
(0.12601 0.00216544 0)
(0.12266 -0.00445129 0)
(0.118272 -0.0106263 0)
(0.112901 -0.0163045 0)
(0.106623 -0.0214645 0)
(0.0995434 -0.0261312 0)
(0.0917515 -0.0303686 0)
(0.0833278 -0.0342869 0)
(0.0743594 -0.0380659 0)
(0.0649064 -0.0419131 0)
(0.0550434 -0.0460629 0)
(0.0448052 -0.0508087 0)
(0.0342187 -0.0566275 0)
(0.0249287 -0.0653247 0)
(0.00999143 -0.0857689 0)
(0.013989 -0.143912 0)
(-0.0142808 -0.253306 0)
(0.000924853 -0.373291 0)
(-0.000452567 0.00763369 0)
(0.00183887 0.0288378 0)
(0.00728561 0.0494871 0)
(0.0145814 0.0645628 0)
(0.023049 0.0740564 0)
(0.032217 0.0792369 0)
(0.0418028 0.0814069 0)
(0.0516621 0.081637 0)
(0.0616792 0.0805267 0)
(0.0716903 0.0783651 0)
(0.0814795 0.0752922 0)
(0.0908246 0.071393 0)
(0.0995054 0.0667528 0)
(0.107334 0.0614739 0)
(0.114192 0.0556846 0)
(0.119995 0.0495201 0)
(0.124694 0.0431048 0)
(0.128263 0.0365518 0)
(0.130691 0.0299616 0)
(0.131978 0.0234249 0)
(0.132124 0.0170239 0)
(0.131147 0.0108348 0)
(0.129069 0.00493048 0)
(0.12592 -0.000629049 0)
(0.121739 -0.00579782 0)
(0.116585 -0.0105379 0)
(0.110534 -0.014845 0)
(0.103659 -0.0187426 0)
(0.096029 -0.0222834 0)
(0.0877139 -0.0255812 0)
(0.0787618 -0.0287913 0)
(0.0691972 -0.0321129 0)
(0.0590744 -0.0357883 0)
(0.0484012 -0.0401477 0)
(0.0372381 -0.045823 0)
(0.027402 -0.0548421 0)
(0.0118079 -0.0765664 0)
(0.0183387 -0.13533 0)
(-0.0149187 -0.242157 0)
(0.00422112 -0.381487 0)
(-0.00129833 0.00771731 0)
(-0.00118025 0.026027 0)
(0.00249184 0.0438862 0)
(0.00879548 0.056917 0)
(0.0169993 0.065107 0)
(0.0263915 0.0695686 0)
(0.0364528 0.0713718 0)
(0.0468515 0.0713999 0)
(0.0573749 0.0702406 0)
(0.0678239 0.0682138 0)
(0.0780047 0.0654751 0)
(0.0877211 0.06211 0)
(0.0968056 0.058202 0)
(0.105088 0.0538149 0)
(0.112424 0.0490309 0)
(0.118725 0.0439493 0)
(0.123928 0.0386655 0)
(0.127992 0.0332715 0)
(0.130896 0.0278518 0)
(0.132632 0.0224851 0)
(0.133206 0.0172416 0)
(0.132639 0.0121853 0)
(0.130959 0.00737639 0)
(0.128208 0.00286815 0)
(0.124431 -0.0013013 0)
(0.119685 -0.00510992 0)
(0.114042 -0.00855585 0)
(0.107558 -0.0116493 0)
(0.100285 -0.0144513 0)
(0.0922764 -0.0170557 0)
(0.0835596 -0.0195945 0)
(0.0741297 -0.0222525 0)
(0.0640052 -0.0252863 0)
(0.053208 -0.0291026 0)
(0.0418318 -0.0346533 0)
(0.0318631 -0.0444867 0)
(0.016772 -0.0682057 0)
(0.0253306 -0.127635 0)
(-0.0134819 -0.227675 0)
(0.00963724 -0.386494 0)
(-0.00272029 0.0105586 0)
(-0.00510113 0.0261088 0)
(-0.00327546 0.0401347 0)
(0.00198104 0.0501379 0)
(0.00993424 0.0562754 0)
(0.0195706 0.0595215 0)
(0.0301681 0.0607456 0)
(0.0412173 0.0605455 0)
(0.052357 0.0594071 0)
(0.0633519 0.0576048 0)
(0.074013 0.0552734 0)
(0.0841597 0.052488 0)
(0.0936371 0.0493043 0)
(0.102323 0.0457858 0)
(0.110088 0.0419844 0)
(0.116836 0.0379655 0)
(0.122504 0.0337969 0)
(0.127048 0.0295512 0)
(0.13044 0.0252987 0)
(0.132671 0.0211004 0)
(0.133755 0.0170069 0)
(0.1337 0.0130749 0)
(0.132542 0.00934976 0)
(0.130319 0.00587626 0)
(0.12708 0.00269004 0)
(0.122879 -0.000193307 0)
(0.117793 -0.00276605 0)
(0.111882 -0.0050571 0)
(0.105188 -0.0071049 0)
(0.0977624 -0.00897628 0)
(0.089623 -0.0107865 0)
(0.0807715 -0.0127117 0)
(0.0712107 -0.0150454 0)
(0.0610666 -0.0183414 0)
(0.050376 -0.0239407 0)
(0.0412248 -0.0352207 0)
(0.0275779 -0.0620563 0)
(0.038607 -0.121612 0)
(-0.00689572 -0.211705 0)
(0.0188297 -0.389842 0)
(-0.0048084 0.0118754 0)
(-0.0113528 0.0243473 0)
(-0.0110703 0.0354339 0)
(-0.00639182 0.0429608 0)
(0.00163172 0.047148 0)
(0.0117713 0.0490892 0)
(0.0230773 0.0496343 0)
(0.0349121 0.049234 0)
(0.0468325 0.0481815 0)
(0.0585354 0.0466667 0)
(0.069822 0.0447915 0)
(0.080532 0.0426172 0)
(0.0905224 0.0401788 0)
(0.0996885 0.0375173 0)
(0.107938 0.034675 0)
(0.115186 0.0316863 0)
(0.121377 0.028598 0)
(0.126458 0.025463 0)
(0.130422 0.0223162 0)
(0.133271 0.0192137 0)
(0.134999 0.0162208 0)
(0.135623 0.0133772 0)
(0.13517 0.0107173 0)
(0.133685 0.00826778 0)
(0.131229 0.0060504 0)
(0.127873 0.00407603 0)
(0.123681 0.00234896 0)
(0.118731 0.000840041 0)
(0.113106 -0.000474108 0)
(0.106864 -0.00164701 0)
(0.100058 -0.0027842 0)
(0.0927437 -0.00407495 0)
(0.0849434 -0.00586646 0)
(0.0768421 -0.00885908 0)
(0.068342 -0.0146655 0)
(0.0614659 -0.0275874 0)
(0.0492492 -0.0568934 0)
(0.0627265 -0.113105 0)
(0.00297565 -0.195365 0)
(0.0330823 -0.395381 0)
(-0.0100265 0.0361445 0)
(-0.0192155 0.0431811 0)
(-0.0204541 0.043441 0)
(-0.016477 0.0421972 0)
(-0.00847727 0.0410068 0)
(0.00246782 0.0401493 0)
(0.0150254 0.0393263 0)
(0.0281551 0.0383693 0)
(0.0413375 0.0372331 0)
(0.0541945 0.0359166 0)
(0.0665143 0.0344367 0)
(0.0781682 0.0328129 0)
(0.0890688 0.0310393 0)
(0.0991508 0.0291161 0)
(0.10833 0.0270993 0)
(0.116543 0.0250247 0)
(0.123737 0.0229254 0)
(0.129894 0.0208299 0)
(0.134987 0.0187798 0)
(0.13901 0.0167977 0)
(0.141994 0.0149022 0)
(0.143991 0.0131188 0)
(0.145065 0.0114712 0)
(0.145281 0.00997863 0)
(0.144725 0.00865034 0)
(0.143481 0.00748328 0)
(0.141637 0.00646912 0)
(0.139292 0.00559922 0)
(0.13654 0.00484021 0)
(0.13346 0.00413318 0)
(0.130095 0.00339358 0)
(0.126482 0.0024461 0)
(0.122548 0.000946673 0)
(0.118296 -0.00180448 0)
(0.113188 -0.00744685 0)
(0.109108 -0.0196566 0)
(0.0959526 -0.044771 0)
(0.10349 -0.0891299 0)
(0.00753938 -0.166588 0)
(0.0591711 -0.388358 0)
(-0.0150778 0.0186282 0)
(-0.0303298 0.00769185 0)
(-0.0230275 0.00985039 0)
(-0.00982694 0.0150413 0)
(0.00462945 0.0175537 0)
(0.0201433 0.01838 0)
(0.0357133 0.0188219 0)
(0.0510577 0.0191413 0)
(0.0660212 0.0192797 0)
(0.0804957 0.0191853 0)
(0.0943958 0.0188751 0)
(0.107656 0.0183832 0)
(0.120208 0.0177481 0)
(0.131977 0.0170078 0)
(0.142926 0.0161814 0)
(0.153026 0.0152913 0)
(0.162267 0.0143563 0)
(0.170647 0.0133954 0)
(0.178179 0.0124296 0)
(0.184887 0.0114778 0)
(0.190807 0.0105552 0)
(0.195986 0.00967464 0)
(0.200478 0.00884662 0)
(0.204346 0.00807798 0)
(0.207655 0.00737397 0)
(0.210479 0.00673382 0)
(0.212885 0.00615455 0)
(0.214935 0.00562645 0)
(0.216679 0.0051325 0)
(0.218159 0.00463503 0)
(0.219385 0.0040761 0)
(0.220356 0.00333109 0)
(0.220905 0.00218854 0)
(0.220681 0.000182476 0)
(0.218245 -0.00336652 0)
(0.213247 -0.009892 0)
(0.195074 -0.0211416 0)
(0.181337 -0.0424461 0)
(0.032691 -0.10511 0)
(0.141686 -0.313216 0)
(0.054299 0.11374 0)
(0.0793865 0.0917022 0)
(0.107703 0.0576797 0)
(0.132901 0.0362788 0)
(0.152428 0.0246053 0)
(0.168832 0.0180222 0)
(0.184117 0.0141021 0)
(0.19893 0.0116603 0)
(0.213372 0.0100797 0)
(0.227451 0.00902202 0)
(0.24115 0.00827925 0)
(0.254424 0.00772511 0)
(0.267218 0.00728118 0)
(0.279475 0.00689784 0)
(0.291151 0.00654508 0)
(0.302206 0.00620636 0)
(0.312612 0.00587309 0)
(0.322352 0.00554167 0)
(0.331419 0.005212 0)
(0.339819 0.00488518 0)
(0.347565 0.0045625 0)
(0.35468 0.00424536 0)
(0.361193 0.00393564 0)
(0.367138 0.00363546 0)
(0.372556 0.00334673 0)
(0.377489 0.00307042 0)
(0.381978 0.00280716 0)
(0.386059 0.00255584 0)
(0.389764 0.00231326 0)
(0.393097 0.00206923 0)
(0.396037 0.0018046 0)
(0.398483 0.00147933 0)
(0.400227 0.00102676 0)
(0.400987 0.000318645 0)
(0.399654 -0.000753156 0)
(0.396243 -0.00229886 0)
(0.382844 -0.00424924 0)
(0.375862 -0.00627411 0)
(0.276952 -0.0167044 0)
(0.452206 -0.126284 0)
)
;

boundaryField
{
    movingWall
    {
        type            fixedValue;
        value           uniform (1 0 0);
    }
    fixedWalls
    {
        type            noSlip;
    }
    frontAndBack
    {
        type            empty;
    }
}


// ************************************************************************* //
