/*--------------------------------*- C++ -*----------------------------------*\
| =========                 |                                                 |
| \\      /  F ield         | OpenFOAM: The Open Source CFD Toolbox           |
|  \\    /   O peration     | Version:  2412                                  |
|   \\  /    A nd           | Website:  www.openfoam.com                      |
|    \\/     M anipulation  |                                                 |
\*---------------------------------------------------------------------------*/
FoamFile
{
    version     2.0;
    format      ascii;
    arch        "LSB;label=32;scalar=64";
    class       volScalarField;
    location    "10";
    object      epsilon;
}
// * * * * * * * * * * * * * * * * * * * * * * * * * * * * * * * * * * * * * //

dimensions      [0 2 -3 0 0 0 0];

internalField   nonuniform List<scalar> 
1600
(
0.000687232
0.000866327
0.0011853
0.00150979
0.00171917
0.00183289
0.00199954
0.00224624
0.00254274
0.00300965
0.00430185
0.00891194
0.0172934
0.0294555
0.0433901
0.056931
0.0684825
0.0769536
0.0813419
0.0830794
0.0832637
0.0803465
0.0762929
0.0708765
0.0652928
0.059255
0.0533261
0.0475378
0.0418087
0.0359483
0.0299511
0.0237813
0.0189925
0.0166214
0.0149271
0.0135391
0.0116803
0.00853609
0.00453602
0.00195354
0.0015489
0.000890567
0.000645867
0.00058608
0.000627148
0.000814124
0.00132705
0.00235716
0.00393754
0.00661673
0.011189
0.0166738
0.0215393
0.0265379
0.0291818
0.0299331
0.0294974
0.0272744
0.0246907
0.0220711
0.0199055
0.0186481
0.0181885
0.0181542
0.0185417
0.0191284
0.0199735
0.0208568
0.0214231
0.0216149
0.0209499
0.0192462
0.0163253
0.012854
0.00923325
0.00634083
0.00496441
0.00398436
0.00260317
0.00235
0.0031857
0.00147706
0.00088264
0.000734111
0.000899861
0.00157857
0.00308487
0.00569623
0.00936041
0.0128734
0.0150461
0.016726
0.017626
0.0166386
0.014395
0.0130204
0.0110817
0.00966305
0.00849426
0.00785113
0.0075556
0.00748129
0.00773564
0.00827924
0.0091719
0.0104262
0.0121051
0.0141667
0.0163513
0.018337
0.0193257
0.0195848
0.0182849
0.015501
0.0109142
0.00651425
0.00364505
0.00233777
0.00172365
0.00297888
0.00485326
0.00198716
0.00130806
0.001352
0.0020814
0.00392684
0.00693724
0.010189
0.0122473
0.0131597
0.0135049
0.0126726
0.00981784
0.00839794
0.00653814
0.00549491
0.00438246
0.00383008
0.00336837
0.00315442
0.00305866
0.00303668
0.00316546
0.00339819
0.00378456
0.00437572
0.0052852
0.00669337
0.00893196
0.0120351
0.0154723
0.018017
0.0190547
0.0190738
0.0157668
0.00977535
0.00458566
0.00211432
0.00145109
0.00358672
0.00596555
0.00245486
0.0020899
0.00267553
0.00436738
0.00721235
0.010051
0.0113507
0.0117082
0.0112808
0.00903548
0.00673027
0.00502538
0.00393815
0.00294611
0.00245594
0.00202086
0.0018198
0.00167549
0.00161214
0.00158785
0.00158612
0.00165817
0.00175212
0.00192517
0.00218043
0.00258631
0.00322527
0.00427295
0.00604615
0.00919627
0.0139546
0.0183526
0.0204361
0.0209225
0.0169542
0.00872007
0.00317142
0.00163586
0.00393315
0.0066073
0.00325978
0.00338868
0.00463727
0.00700597
0.0094512
0.010482
0.0106722
0.00959577
0.00702728
0.00489061
0.00349325
0.00256509
0.00199045
0.00159471
0.00140352
0.00125571
0.00118751
0.00113767
0.00111533
0.00110707
0.00110813
0.00114303
0.00119268
0.00128555
0.00142427
0.00164171
0.00197091
0.00249258
0.00335557
0.00486846
0.00768784
0.013218
0.0196427
0.0226832
0.0233572
0.0173607
0.00703385
0.00259728
0.00420235
0.00709819
0.00446854
0.00509126
0.00674493
0.00882437
0.00974423
0.00987474
0.00858566
0.00589045
0.00392578
0.00266168
0.00193716
0.00148585
0.00123429
0.00106976
0.000982509
0.000901484
0.000860765
0.000822584
0.000805517
0.000799452
0.000804159
0.000834442
0.0008791
0.000952948
0.00105703
0.00120896
0.00142777
0.00175138
0.00225158
0.00309785
0.00459874
0.00754154
0.0137043
0.0219606
0.0255546
0.0257987
0.0148663
0.00529318
0.00481452
0.00778552
0.00592025
0.0068723
0.00843234
0.00924978
0.00933085
0.00816113
0.00550551
0.0033822
0.00226825
0.00158002
0.0012371
0.0010087
0.000884761
0.00078242
0.00071693
0.000655374
0.000619965
0.000590458
0.000577193
0.000572627
0.000576346
0.000597893
0.00063058
0.000683743
0.000761299
0.000876748
0.00105002
0.00131268
0.00169594
0.00226739
0.00318925
0.00487519
0.00830405
0.0157943
0.025681
0.0294899
0.0253568
0.0099664
0.00581395
0.00944202
0.00751262
0.00848133
0.00909432
0.00907893
0.00814709
0.00564287
0.00325064
0.00204916
0.00142964
0.00106984
0.000891651
0.00074872
0.00066436
0.000583857
0.000534011
0.000489349
0.000464447
0.000447026
0.000439863
0.000438204
0.000445947
0.000463014
0.000488925
0.000526182
0.000577624
0.000650116
0.000755066
0.000916864
0.00119563
0.0016641
0.00241076
0.0035961
0.00573339
0.0102429
0.0203482
0.0305846
0.0332013
0.0186384
0.00765433
0.012841
0.00905905
0.00935421
0.00926152
0.00841636
0.00617191
0.00354839
0.00204568
0.00135089
0.0010051
0.000800634
0.000683198
0.000575659
0.000511127
0.000450104
0.000415083
0.000383846
0.000367092
0.000356832
0.00035316
0.000353053
0.000362879
0.000378675
0.000403143
0.000436813
0.000481596
0.000539892
0.000616431
0.000721926
0.000882894
0.00115802
0.00168505
0.00267565
0.00437901
0.00752058
0.0142028
0.0291633
0.0371136
0.031281
0.00928814
0.0169265
0.0103377
0.00996466
0.00900101
0.00706537
0.00435368
0.00230025
0.00139173
0.000976568
0.000770372
0.00063254
0.000538477
0.000455863
0.000406687
0.00036168
0.000335709
0.000312158
0.000298853
0.000290426
0.000287216
0.000287002
0.000294898
0.000308412
0.000329594
0.00035945
0.000399777
0.000452956
0.000522176
0.000612512
0.000734251
0.000914604
0.001227
0.00185293
0.00318336
0.00578872
0.0110321
0.0225558
0.0392336
0.0431618
0.0154407
0.0212605
0.0111854
0.00998449
0.00835972
0.00563724
0.00293792
0.00159793
0.00102372
0.000761281
0.00062287
0.000513739
0.000436053
0.000373504
0.000334827
0.000300048
0.000278154
0.000258287
0.000245774
0.000237248
0.000233607
0.000232918
0.000238474
0.000250028
0.00026819
0.00029438
0.000329941
0.000376966
0.000438223
0.000518112
0.000624403
0.000773026
0.00100281
0.00141837
0.0022885
0.00423557
0.00844205
0.0179153
0.0396865
0.0530007
0.0317175
0.0257008
0.0117638
0.00980066
0.00739172
0.00432925
0.00210767
0.00118804
0.000804783
0.000626994
0.000519375
0.000427327
0.000364203
0.000315585
0.000282961
0.000253874
0.000233512
0.000215375
0.000202854
0.000193989
0.000189918
0.000188835
0.00019259
0.000202552
0.000218409
0.000241817
0.000274037
0.000316961
0.000372759
0.000444255
0.000535979
0.000657806
0.000835579
0.00114159
0.00177662
0.00326143
0.00672463
0.0147633
0.0348957
0.0632346
0.0585968
0.030073
0.0120739
0.00936255
0.006441
0.00328211
0.00159673
0.000938622
0.000666559
0.000535835
0.000443314
0.00036487
0.000313158
0.000272993
0.000243617
0.000217595
0.000197846
0.000180688
0.000168164
0.00015914
0.000154799
0.000153434
0.000155792
0.000164186
0.000177864
0.000198476
0.000227404
0.00026666
0.000318659
0.000386262
0.000472941
0.000583973
0.000731616
0.000954113
0.00138122
0.00239591
0.00509683
0.0118686
0.0289877
0.0706327
0.0916024
0.0346386
0.0122346
0.00874985
0.00554414
0.00258413
0.00127423
0.000780214
0.000573907
0.00047069
0.0003869
0.000319749
0.000275763
0.000240443
0.000212879
0.000188623
0.000169314
0.000152935
0.000140645
0.00013173
0.000127311
0.000125786
0.000127158
0.0001341
0.000145797
0.000163707
0.000189276
0.000224527
0.000271967
0.000334565
0.00041583
0.000520583
0.000658335
0.000854833
0.00119164
0.0019659
0.00412156
0.010202
0.0266222
0.0723514
0.125718
0.0394182
0.0123281
0.00811256
0.00478487
0.00212525
0.00106374
0.000675599
0.000511589
0.000422773
0.000345412
0.000286885
0.000247622
0.000215117
0.000188705
0.000165639
0.000146839
0.000131213
0.000119366
0.000110834
0.000106447
0.000104859
0.000105592
0.000111257
0.000121219
0.000136698
0.000159178
0.000190741
0.000234068
0.00029237
0.000369127
0.000467897
0.00059365
0.000760713
0.00102398
0.00157254
0.00312735
0.00814566
0.0236383
0.0724416
0.157846
0.0441435
0.0124218
0.00754279
0.0042095
0.00182623
0.000927074
0.000606047
0.000468506
0.000387245
0.000315058
0.000262553
0.000226121
0.000195437
0.000169917
0.0001478
0.000129607
0.000114737
0.000103444
9.53858e-05
9.11009e-05
8.95079e-05
8.98582e-05
9.4445e-05
0.000102901
0.000116218
0.000135826
0.00016378
0.000202851
0.000256588
0.000329185
0.0004252
0.000549745
0.000711992
0.00094413
0.00138951
0.00263979
0.00684612
0.0210618
0.0713756
0.186842
0.0486204
0.0125506
0.00704701
0.00377665
0.00162044
0.00083387
0.000559225
0.00043895
0.000361614
0.00029343
0.000244835
0.000210025
0.000180539
0.000155734
0.000134426
0.000116883
0.000102734
9.20106e-05
8.44025e-05
8.02196e-05
7.8637e-05
7.87865e-05
8.25127e-05
8.97228e-05
0.000101234
0.000118386
0.000143153
0.000178277
0.000227404
0.000294944
0.000385678
0.000504411
0.000657787
0.000866259
0.0012223
0.00215731
0.00563846
0.0186822
0.0691183
0.211517
0.0527074
0.0127863
0.00671496
0.0035063
0.00150451
0.000779291
0.000529471
0.000418761
0.000343333
0.000278142
0.000231798
0.000197995
0.00016952
0.000145456
0.000124917
0.000108008
9.44898e-05
8.42711e-05
7.70453e-05
7.29138e-05
7.13121e-05
7.13657e-05
7.44261e-05
8.06322e-05
9.06675e-05
0.000105782
0.000127826
0.000159468
0.000204458
0.00026759
0.000354577
0.000471388
0.000624599
0.000827642
0.0011432
0.00192041
0.00482103
0.0166339
0.0667801
0.23226
0.0564134
0.0130922
0.00645059
0.00331801
0.00142282
0.000740393
0.000511123
0.000406774
0.000332244
0.000268817
0.000223667
0.000190295
0.000162419
0.000138818
0.000118789
0.000102367
8.93536e-05
7.95586e-05
7.2651e-05
6.85218e-05
6.68379e-05
6.6866e-05
6.94425e-05
7.48033e-05
8.36437e-05
9.71497e-05
0.000116968
0.000145616
0.000186794
0.000245268
0.000327137
0.000439017
0.000588132
0.000785364
0.00107068
0.00169808
0.00417276
0.0149641
0.0636744
0.249082
0.059126
0.0138136
0.00644807
0.00328319
0.00142558
0.000731659
0.000502823
0.000399984
0.000325445
0.000263186
0.000218057
0.000184934
0.000157656
0.000134679
0.000115425
9.9627e-05
8.7094e-05
7.76081e-05
7.08693e-05
6.66422e-05
6.47249e-05
6.4795e-05
6.708e-05
7.18929e-05
7.99108e-05
9.21006e-05
0.000109985
0.000136125
0.000174162
0.000228719
0.00030643
0.000414907
0.000562841
0.000761934
0.00103589
0.00158734
0.00370511
0.0136838
0.0609454
0.262616
0.060166
0.0150788
0.00654947
0.0033203
0.00145673
0.000740837
0.000505046
0.000400799
0.000325914
0.000263632
0.000218092
0.000184322
0.0001572
0.000134629
0.00011556
9.98846e-05
8.74281e-05
7.79642e-05
7.11944e-05
6.68453e-05
6.46815e-05
6.46048e-05
6.64665e-05
7.0899e-05
7.84887e-05
8.98441e-05
0.000106575
0.000130965
0.000166049
0.000216839
0.000290171
0.000394016
0.000538163
0.000737411
0.00100729
0.00149296
0.00334917
0.0127293
0.058529
0.273236
0.0596172
0.0165783
0.00682093
0.00343016
0.00153161
0.000767602
0.000513259
0.00040472
0.000328964
0.000266363
0.000219907
0.000185611
0.000158374
0.000135857
0.00011698
0.000101463
8.90989e-05
7.96564e-05
7.28505e-05
6.8409e-05
6.61509e-05
6.61756e-05
6.76855e-05
7.1541e-05
7.84939e-05
8.9306e-05
0.00010541
0.000128821
0.000162157
0.000210438
0.000279398
0.00037953
0.000521012
0.000723185
0.000994534
0.00144809
0.00307862
0.0119831
0.0572875
0.282157
0.0576831
0.0181333
0.00736577
0.00366274
0.00168023
0.000823328
0.00053092
0.00041344
0.000336399
0.000273095
0.000224815
0.000189213
0.000161555
0.00013905
0.000120414
0.000105101
9.28426e-05
8.34017e-05
7.65196e-05
7.19475e-05
6.95274e-05
6.95525e-05
7.08819e-05
7.44029e-05
8.10891e-05
9.13741e-05
0.000106515
0.000128555
0.000160891
0.000207754
0.000273993
0.000370449
0.000507728
0.000712758
0.000989329
0.00142735
0.00289335
0.0114026
0.0567473
0.289683
0.0535273
0.019515
0.00812444
0.00403793
0.00190412
0.000923943
0.00056712
0.000429264
0.000347416
0.000282772
0.000232894
0.000195872
0.000167538
0.000144861
0.000126254
0.00011099
9.87185e-05
8.91902e-05
8.21666e-05
7.74268e-05
7.47659e-05
7.47756e-05
7.60095e-05
7.93247e-05
8.58605e-05
9.59591e-05
0.000110857
0.000132451
0.000163239
0.00020747
0.000272036
0.000366526
0.000501274
0.000708434
0.000990623
0.00142171
0.00277361
0.0109191
0.0566523
0.296431
0.0470098
0.0201871
0.0090282
0.00456795
0.00222008
0.00107078
0.00062138
0.000454152
0.00036618
0.000299382
0.000246618
0.000206815
0.000176717
0.000153189
0.000134251
0.000118866
0.000106512
9.6873e-05
8.97048e-05
8.48254e-05
8.19425e-05
8.19609e-05
8.31764e-05
8.64276e-05
9.29549e-05
0.000103081
0.000117936
0.000139346
0.000169755
0.000213463
0.000274905
0.000365881
0.000498926
0.00070778
0.00100797
0.00143424
0.00271856
0.0105759
0.0571231
0.302541
0.038765
0.0199537
0.00992596
0.0052494
0.00267014
0.00130804
0.000719025
0.000490763
0.000386198
0.000316374
0.000262016
0.000220231
0.000188484
0.000163944
0.000144492
0.000128858
0.000116354
0.000106586
9.92764e-05
9.43012e-05
9.12809e-05
9.13361e-05
9.26151e-05
9.5957e-05
0.000102672
0.000113072
0.000128203
0.000149906
0.000180217
0.000223445
0.000283977
0.000374449
0.000504434
0.000720452
0.00103402
0.0014638
0.0026872
0.0104056
0.0580282
0.308306
0.0295657
0.0189906
0.0107332
0.00602941
0.00322411
0.00162894
0.000869495
0.000558172
0.000422589
0.000343313
0.000284398
0.000238896
0.000204262
0.00017784
0.000157326
0.000141153
0.000128382
0.000118481
0.000111079
0.000106076
0.000103095
0.000103247
0.000104709
0.000108354
0.000115516
0.000126493
0.000142232
0.000164655
0.000195338
0.000239028
0.000298768
0.000389022
0.000519325
0.000742032
0.00107482
0.00150846
0.00267711
0.0103392
0.0590946
0.31383
0.0203313
0.0168083
0.0112257
0.00693741
0.00397943
0.00211289
0.00111248
0.000659443
0.000468482
0.000372601
0.000309467
0.000261386
0.000224218
0.000195718
0.000173787
0.000156747
0.000143471
0.000133308
0.000125794
0.000120744
0.000118021
0.000118351
0.000120159
0.000124417
0.000132311
0.000144252
0.000160971
0.000184595
0.000216035
0.000260702
0.000320466
0.000412568
0.00054388
0.000777471
0.00113015
0.00157043
0.00268512
0.0103244
0.0605899
0.319321
0.012399
0.013377
0.0111938
0.00758729
0.00473059
0.00271748
0.00148943
0.00085552
0.000561766
0.000422054
0.000343335
0.000289365
0.000248696
0.000217557
0.000193772
0.000175642
0.000161804
0.000151426
0.000144022
0.000139007
0.000137
0.000137662
0.000140079
0.000145404
0.000154411
0.000167762
0.000185813
0.000211063
0.000243525
0.000289767
0.000350139
0.000445323
0.000580156
0.000827978
0.00120288
0.00164908
0.00272829
0.0103705
0.0622124
0.324899
0.00667291
0.0101142
0.0104753
0.0085623
0.00566471
0.00347196
0.00200523
0.00114877
0.000712493
0.000502946
0.000392726
0.000326242
0.000280443
0.000246446
0.000220557
0.000200838
0.000186092
0.000175081
0.000167872
0.000162787
0.000161958
0.000163114
0.000166418
0.000173297
0.000183742
0.000198847
0.000218383
0.000245477
0.000279001
0.000327285
0.000388976
0.000489414
0.000630341
0.000897822
0.00129403
0.00174456
0.00279143
0.0104966
0.0640741
0.330772
0.00332108
0.00686671
0.00920978
0.00849717
0.00651908
0.00435854
0.00272411
0.00163894
0.000994291
0.000651859
0.000477915
0.000380077
0.000319701
0.000279488
0.000251369
0.000230866
0.000216169
0.000205383
0.00019865
0.000194483
0.000194745
0.000196672
0.00020123
0.000209929
0.000221853
0.000238755
0.000259576
0.000288474
0.000322902
0.000373924
0.00043803
0.000546386
0.000697659
0.00099069
0.00140344
0.00185728
0.00289791
0.0107285
0.0660363
0.337083
0.00196545
0.00425495
0.00767027
0.00805536
0.00712512
0.00522264
0.00354705
0.00230232
0.00146919
0.00094793
0.00065225
0.00048878
0.000392913
0.000332858
0.00029334
0.000267316
0.000250108
0.000239722
0.000233167
0.000231736
0.000232949
0.000236359
0.000243235
0.000253941
0.000267421
0.000286182
0.000308095
0.000339018
0.000374703
0.000430274
0.000498998
0.000620284
0.000788677
0.00111143
0.00153246
0.00199316
0.00307206
0.0111747
0.0682864
0.343999
0.00183252
0.00270854
0.00569748
0.00716038
0.00695239
0.00602154
0.00449676
0.00316881
0.0021621
0.00146436
0.000991613
0.000714502
0.000547851
0.000444579
0.000378464
0.00033579
0.00030759
0.000290822
0.000280179
0.000277413
0.000278828
0.000282941
0.000291218
0.000303848
0.000318807
0.000339831
0.000363276
0.000397816
0.00043716
0.000501669
0.000580931
0.000725025
0.000918815
0.00127319
0.00169486
0.00218609
0.00339122
0.0119437
0.0708505
0.351878
0.00191938
0.00185303
0.00379796
0.00578308
0.0064657
0.00614716
0.00533662
0.0042108
0.00316179
0.00231
0.00167048
0.00119559
0.000894409
0.000700924
0.000574204
0.000490859
0.000434973
0.000398945
0.000376222
0.000362981
0.000358789
0.0003603
0.000365366
0.000376331
0.000391372
0.000415082
0.00044214
0.000484834
0.000534639
0.000618204
0.000721022
0.000903525
0.00113201
0.00152826
0.00196548
0.00255854
0.00408373
0.0135829
0.0751661
0.361819
0.00206505
0.00143941
0.00259613
0.00429885
0.00548816
0.00598797
0.00575998
0.00517778
0.00435487
0.00352644
0.002789
0.00217852
0.00166472
0.00130845
0.00106154
0.000889334
0.000768563
0.00068363
0.000626126
0.000586243
0.000563324
0.000549881
0.000550697
0.000556452
0.000569742
0.000597634
0.000635383
0.000699586
0.00077775
0.000904371
0.00105931
0.00130842
0.00160689
0.00209237
0.00261128
0.00350195
0.00584445
0.0175036
0.0840106
0.376685
0.00297174
0.00189993
0.002659
0.00396087
0.0052949
0.00617258
0.00641946
0.0062494
0.00577214
0.00510074
0.00440268
0.00375461
0.00317826
0.00267819
0.00227608
0.00196473
0.00172968
0.00155308
0.00142727
0.00133507
0.00127982
0.00124185
0.00123859
0.00124804
0.00127407
0.00132008
0.00140177
0.00153391
0.00169672
0.00193893
0.00222556
0.00264197
0.00313582
0.00388181
0.0048236
0.00668549
0.0111081
0.0276825
0.102919
0.399989
0.00538442
0.00477456
0.00642716
0.00776129
0.00897316
0.00989507
0.0104004
0.0104269
0.0101817
0.00964381
0.00898054
0.00828793
0.00763985
0.00704863
0.00653711
0.00612497
0.00580467
0.00557168
0.00542082
0.00532554
0.00531572
0.00533945
0.00540228
0.00552908
0.00569823
0.00591863
0.0061896
0.00649116
0.00695311
0.00763467
0.00843292
0.009607
0.0109812
0.0130562
0.0158355
0.0205719
0.0297083
0.0559914
0.142277
0.435124
0.0191154
0.0422619
0.0592186
0.0665776
0.0689084
0.0685905
0.0670735
0.0646097
0.0617351
0.0590124
0.056641
0.0545954
0.0528718
0.051497
0.0503959
0.0496161
0.0490401
0.0487437
0.0486442
0.0487364
0.0489862
0.0494462
0.0500573
0.0508893
0.0518806
0.0531262
0.0545784
0.0563112
0.0583898
0.0603638
0.0635244
0.0680597
0.0732074
0.0802189
0.0880889
0.100119
0.11516
0.152464
0.242612
0.496744
0.286608
0.554513
0.736182
0.813676
0.841711
0.840172
0.829003
0.804478
0.773864
0.742715
0.713297
0.686607
0.662816
0.641853
0.6234
0.607227
0.592979
0.580481
0.569464
0.559806
0.551352
0.544011
0.537693
0.532359
0.527948
0.524448
0.521827
0.520098
0.519224
0.519377
0.519722
0.520372
0.521731
0.523597
0.527469
0.531782
0.541499
0.552029
0.6051
0.579638
)
;

boundaryField
{
    movingWall
    {
        type            epsilonWallFunction;
        blending        stepwise;
        value           nonuniform List<scalar> 
40
(
0.286608
0.554513
0.736182
0.813676
0.841711
0.840172
0.829003
0.804478
0.773864
0.742715
0.713297
0.686607
0.662816
0.641853
0.6234
0.607227
0.592979
0.580481
0.569464
0.559806
0.551352
0.544011
0.537693
0.532359
0.527948
0.524448
0.521827
0.520098
0.519224
0.519377
0.519722
0.520372
0.521731
0.523597
0.527469
0.531782
0.541499
0.552029
0.6051
0.579638
)
;
    }
    fixedWalls
    {
        type            epsilonWallFunction;
        blending        stepwise;
        value           nonuniform List<scalar> 
120
(
0.000687232
0.0015489
0.0031857
0.00485326
0.00596555
0.0066073
0.00709819
0.00778552
0.00944202
0.012841
0.0169265
0.0212605
0.0257008
0.030073
0.0346386
0.0394182
0.0441435
0.0486204
0.0527074
0.0564134
0.059126
0.060166
0.0596172
0.0576831
0.0535273
0.0470098
0.038765
0.0295657
0.0203313
0.012399
0.00667291
0.00332108
0.00196545
0.00183252
0.00191938
0.00206505
0.00297174
0.00538442
0.0191154
0.286608
0.00195354
0.00235
0.00297888
0.00358672
0.00393315
0.00420235
0.00481452
0.00581395
0.00765433
0.00928814
0.0154407
0.0317175
0.0585968
0.0916024
0.125718
0.157846
0.186842
0.211517
0.23226
0.249082
0.262616
0.273236
0.282157
0.289683
0.296431
0.302541
0.308306
0.31383
0.319321
0.324899
0.330772
0.337083
0.343999
0.351878
0.361819
0.376685
0.399989
0.435124
0.496744
0.579638
0.000687232
0.000866327
0.0011853
0.00150979
0.00171917
0.00183289
0.00199954
0.00224624
0.00254274
0.00300965
0.00430185
0.00891194
0.0172934
0.0294555
0.0433901
0.056931
0.0684825
0.0769536
0.0813419
0.0830794
0.0832637
0.0803465
0.0762929
0.0708765
0.0652928
0.059255
0.0533261
0.0475378
0.0418087
0.0359483
0.0299511
0.0237813
0.0189925
0.0166214
0.0149271
0.0135391
0.0116803
0.00853609
0.00453602
0.00195354
)
;
    }
    frontAndBack
    {
        type            empty;
    }
}


// ************************************************************************* //
