/*--------------------------------*- C++ -*----------------------------------*\
| =========                 |                                                 |
| \\      /  F ield         | OpenFOAM: The Open Source CFD Toolbox           |
|  \\    /   O peration     | Version:  2412                                  |
|   \\  /    A nd           | Website:  www.openfoam.com                      |
|    \\/     M anipulation  |                                                 |
\*---------------------------------------------------------------------------*/
FoamFile
{
    version     2.0;
    format      ascii;
    arch        "LSB;label=32;scalar=64";
    class       volScalarField;
    location    "10";
    object      nut;
}
// * * * * * * * * * * * * * * * * * * * * * * * * * * * * * * * * * * * * * //

dimensions      [0 2 -1 0 0 0 0];

internalField   nonuniform List<scalar> 
1600
(
3.61995e-06
3.91041e-06
4.34107e-06
4.70565e-06
4.91369e-06
5.01953e-06
5.16702e-06
5.37122e-06
5.59782e-06
5.92139e-06
6.67019e-06
8.50319e-06
1.0606e-05
1.26661e-05
1.44118e-05
1.57775e-05
1.67797e-05
1.7445e-05
1.77707e-05
1.78966e-05
1.79099e-05
1.76986e-05
1.7396e-05
1.69745e-05
1.65167e-05
1.59914e-05
1.54395e-05
1.48598e-05
1.42373e-05
1.35386e-05
1.27395e-05
1.17966e-05
1.09447e-05
1.04683e-05
1.00995e-05
9.77591e-06
9.30608e-06
8.38217e-06
6.78914e-06
5.12683e-06
4.74602e-06
5.44896e-06
6.52114e-06
7.06043e-06
7.29716e-06
8.19885e-06
1.00712e-05
1.1103e-05
1.23744e-05
1.47119e-05
1.57997e-05
1.67984e-05
1.70629e-05
1.67525e-05
1.71861e-05
1.72453e-05
1.73813e-05
1.79028e-05
1.89029e-05
2.0555e-05
2.2546e-05
2.42151e-05
2.65032e-05
2.8713e-05
3.123e-05
3.38263e-05
3.62575e-05
3.80769e-05
3.90177e-05
3.93764e-05
3.93472e-05
3.87031e-05
3.77966e-05
3.50013e-05
2.95762e-05
2.33703e-05
1.5456e-05
1.0496e-05
7.89132e-06
5.4526e-06
6.03543e-06
7.21263e-06
1.0223e-05
1.24205e-05
1.29823e-05
1.43064e-05
1.76801e-05
2.04632e-05
2.1381e-05
2.0797e-05
2.01608e-05
1.91491e-05
1.86979e-05
1.98159e-05
1.90002e-05
1.92723e-05
2.01386e-05
2.13004e-05
2.26668e-05
2.37585e-05
2.44287e-05
2.52083e-05
2.59857e-05
2.6683e-05
2.76884e-05
2.90392e-05
3.08809e-05
3.33053e-05
3.60522e-05
3.81078e-05
3.92747e-05
3.9556e-05
3.81014e-05
3.76212e-05
3.47831e-05
2.95596e-05
2.21441e-05
1.42507e-05
9.05649e-06
5.90122e-06
6.94447e-06
1.00738e-05
1.58141e-05
1.87167e-05
2.04941e-05
2.28101e-05
2.51059e-05
2.44852e-05
2.30337e-05
2.17969e-05
2.05846e-05
1.9976e-05
2.05768e-05
1.77133e-05
1.86466e-05
1.75291e-05
1.83214e-05
1.7468e-05
1.74932e-05
1.67184e-05
1.62913e-05
1.60067e-05
1.53147e-05
1.52781e-05
1.5128e-05
1.5506e-05
1.61869e-05
1.76492e-05
2.01246e-05
2.45208e-05
2.91207e-05
3.24962e-05
3.39467e-05
3.36174e-05
3.40781e-05
3.03797e-05
2.45805e-05
1.61512e-05
9.55178e-06
6.27818e-06
7.43878e-06
1.49812e-05
2.24113e-05
2.43987e-05
2.57321e-05
2.76226e-05
2.62392e-05
2.49733e-05
2.31886e-05
2.14541e-05
2.08128e-05
1.83062e-05
1.70217e-05
1.53767e-05
1.61193e-05
1.47376e-05
1.54657e-05
1.47514e-05
1.48679e-05
1.45862e-05
1.44419e-05
1.43302e-05
1.38382e-05
1.3533e-05
1.29384e-05
1.25138e-05
1.21465e-05
1.21583e-05
1.27482e-05
1.44181e-05
1.7825e-05
2.39164e-05
2.91143e-05
3.14319e-05
3.14824e-05
3.20981e-05
2.72463e-05
1.71861e-05
1.00967e-05
6.47436e-06
7.69627e-06
2.07461e-05
2.81466e-05
2.8913e-05
2.9586e-05
2.8147e-05
2.69173e-05
2.46645e-05
2.23537e-05
1.99458e-05
1.70464e-05
1.54359e-05
1.47778e-05
1.45511e-05
1.55181e-05
1.57299e-05
1.67296e-05
1.72545e-05
1.78557e-05
1.81454e-05
1.826e-05
1.82325e-05
1.77205e-05
1.70825e-05
1.60664e-05
1.49206e-05
1.36264e-05
1.24464e-05
1.15402e-05
1.12382e-05
1.20024e-05
1.4559e-05
2.00927e-05
2.67763e-05
2.97236e-05
2.99475e-05
3.0735e-05
2.19328e-05
1.21095e-05
6.61897e-06
7.88209e-06
2.61557e-05
3.27442e-05
3.22196e-05
3.01874e-05
2.89212e-05
2.63495e-05
2.3236e-05
1.95352e-05
1.63223e-05
1.45958e-05
1.44608e-05
1.52372e-05
1.64789e-05
1.81517e-05
1.94241e-05
2.11102e-05
2.21712e-05
2.33334e-05
2.39333e-05
2.42854e-05
2.43142e-05
2.36274e-05
2.26636e-05
2.11735e-05
1.94135e-05
1.7413e-05
1.53328e-05
1.33838e-05
1.17734e-05
1.07807e-05
1.09769e-05
1.30436e-05
1.81176e-05
2.51697e-05
2.81667e-05
2.83031e-05
2.8059e-05
1.47929e-05
6.92611e-06
8.12843e-06
3.08763e-05
3.59115e-05
3.3022e-05
3.1421e-05
2.82916e-05
2.44359e-05
1.97122e-05
1.60528e-05
1.41732e-05
1.47338e-05
1.5896e-05
1.80738e-05
2.00623e-05
2.25309e-05
2.4567e-05
2.70552e-05
2.87996e-05
3.0609e-05
3.17384e-05
3.25691e-05
3.29785e-05
3.24462e-05
3.14082e-05
2.95445e-05
2.70649e-05
2.39716e-05
2.05309e-05
1.70871e-05
1.40141e-05
1.17375e-05
1.04546e-05
1.05051e-05
1.25836e-05
1.78301e-05
2.40356e-05
2.62888e-05
2.71944e-05
1.6606e-05
7.37559e-06
8.66793e-06
3.42135e-05
3.70821e-05
3.53442e-05
3.09038e-05
2.64379e-05
2.08753e-05
1.60937e-05
1.44034e-05
1.47047e-05
1.67108e-05
1.87807e-05
2.1869e-05
2.4475e-05
2.78126e-05
3.0507e-05
3.36578e-05
3.58921e-05
3.79903e-05
3.94307e-05
4.06246e-05
4.10799e-05
4.08479e-05
3.99872e-05
3.8384e-05
3.60053e-05
3.2859e-05
2.90252e-05
2.44607e-05
1.94432e-05
1.4813e-05
1.15238e-05
9.98585e-06
1.03219e-05
1.29089e-05
1.91197e-05
2.3465e-05
2.43448e-05
2.10374e-05
8.08344e-06
9.60341e-06
3.56517e-05
3.91226e-05
3.50211e-05
2.94635e-05
2.31062e-05
1.70465e-05
1.46372e-05
1.48952e-05
1.66389e-05
1.9443e-05
2.21919e-05
2.60729e-05
2.92476e-05
3.31987e-05
3.62306e-05
3.95865e-05
4.18965e-05
4.38677e-05
4.52801e-05
4.65549e-05
4.67992e-05
4.66328e-05
4.57726e-05
4.43056e-05
4.21711e-05
3.93386e-05
3.57465e-05
3.14551e-05
2.64961e-05
2.09256e-05
1.53574e-05
1.12174e-05
9.63269e-06
1.0535e-05
1.41551e-05
2.02622e-05
2.25111e-05
2.17098e-05
8.62152e-06
1.05298e-05
3.63324e-05
4.0199e-05
3.43492e-05
2.67028e-05
1.95307e-05
1.52141e-05
1.47974e-05
1.64922e-05
1.90038e-05
2.23354e-05
2.58185e-05
3.02391e-05
3.37615e-05
3.79243e-05
4.09058e-05
4.41276e-05
4.63185e-05
4.81666e-05
4.95048e-05
5.07752e-05
5.10799e-05
5.0988e-05
5.02577e-05
4.89332e-05
4.69736e-05
4.43413e-05
4.09942e-05
3.68736e-05
3.19858e-05
2.65381e-05
2.06313e-05
1.487e-05
1.07647e-05
9.69608e-06
1.16296e-05
1.71595e-05
2.13101e-05
2.15139e-05
1.02095e-05
1.13613e-05
3.6174e-05
4.07905e-05
3.28055e-05
2.3733e-05
1.68912e-05
1.47761e-05
1.58712e-05
1.84266e-05
2.13449e-05
2.52908e-05
2.93564e-05
3.3918e-05
3.75039e-05
4.14718e-05
4.4261e-05
4.72246e-05
4.93864e-05
5.10969e-05
5.23622e-05
5.35888e-05
5.40677e-05
5.39994e-05
5.34027e-05
5.22253e-05
5.04962e-05
4.81831e-05
4.52425e-05
4.15664e-05
3.69993e-05
3.14379e-05
2.51701e-05
1.8774e-05
1.3225e-05
1.00009e-05
9.94018e-06
1.34151e-05
1.95689e-05
2.08701e-05
1.29781e-05
1.21029e-05
3.58072e-05
4.05802e-05
3.07525e-05
2.10386e-05
1.56454e-05
1.51684e-05
1.73e-05
2.0255e-05
2.35769e-05
2.81157e-05
3.23947e-05
3.68057e-05
4.02673e-05
4.38502e-05
4.64306e-05
4.91094e-05
5.11663e-05
5.30259e-05
5.40691e-05
5.52587e-05
5.59336e-05
5.58582e-05
5.53302e-05
5.42073e-05
5.25689e-05
5.04252e-05
4.77994e-05
4.46619e-05
4.08892e-05
3.62062e-05
3.02441e-05
2.31708e-05
1.61284e-05
1.11799e-05
9.74042e-06
1.16971e-05
1.75937e-05
2.03193e-05
1.59262e-05
1.27537e-05
3.48074e-05
4.00251e-05
2.8952e-05
1.8784e-05
1.51917e-05
1.59403e-05
1.87309e-05
2.18672e-05
2.56793e-05
3.05381e-05
3.47374e-05
3.88406e-05
4.20597e-05
4.52239e-05
4.76182e-05
5.0064e-05
5.20112e-05
5.39245e-05
5.50488e-05
5.60861e-05
5.70267e-05
5.69989e-05
5.65601e-05
5.5513e-05
5.39417e-05
5.18737e-05
4.93488e-05
4.63773e-05
4.29207e-05
3.88591e-05
3.39319e-05
2.77159e-05
2.03078e-05
1.35382e-05
9.83532e-06
1.04353e-05
1.5514e-05
2.01868e-05
1.84855e-05
1.3369e-05
3.37258e-05
3.8979e-05
2.70494e-05
1.75694e-05
1.51848e-05
1.68215e-05
2.00343e-05
2.32463e-05
2.7527e-05
3.24051e-05
3.63616e-05
4.00925e-05
4.30201e-05
4.58006e-05
4.80224e-05
5.02638e-05
5.21587e-05
5.4139e-05
5.53857e-05
5.62908e-05
5.74943e-05
5.757e-05
5.72274e-05
5.6279e-05
5.48005e-05
5.28498e-05
5.04957e-05
4.77747e-05
4.46488e-05
4.09612e-05
3.64131e-05
3.06225e-05
2.34091e-05
1.5684e-05
1.05733e-05
9.66477e-06
1.27398e-05
2.0351e-05
2.05442e-05
1.39578e-05
3.20667e-05
3.78674e-05
2.56477e-05
1.69208e-05
1.54112e-05
1.7659e-05
2.10575e-05
2.44201e-05
2.89921e-05
3.36785e-05
3.73377e-05
4.06912e-05
4.33263e-05
4.57774e-05
4.78421e-05
4.99222e-05
5.17942e-05
5.38046e-05
5.51832e-05
5.60088e-05
5.74116e-05
5.76388e-05
5.73931e-05
5.65421e-05
5.51355e-05
5.32432e-05
5.09589e-05
4.83685e-05
4.5515e-05
4.23427e-05
3.8612e-05
3.38042e-05
2.72002e-05
1.91368e-05
1.21727e-05
9.96947e-06
1.24498e-05
1.85979e-05
2.21642e-05
1.44947e-05
2.99829e-05
3.65859e-05
2.46072e-05
1.65194e-05
1.56855e-05
1.836e-05
2.18316e-05
2.53679e-05
3.00383e-05
3.44377e-05
3.77966e-05
4.07882e-05
4.3148e-05
4.53199e-05
4.72397e-05
4.91903e-05
5.1048e-05
5.30606e-05
5.4526e-05
5.53565e-05
5.6851e-05
5.72615e-05
5.71369e-05
5.64171e-05
5.51318e-05
5.3349e-05
5.11673e-05
4.86803e-05
4.59439e-05
4.29238e-05
3.94373e-05
3.50983e-05
2.92765e-05
2.14496e-05
1.34077e-05
9.68276e-06
1.1481e-05
1.80825e-05
2.34466e-05
1.49692e-05
2.79705e-05
3.5445e-05
2.4125e-05
1.64817e-05
1.59744e-05
1.88745e-05
2.23557e-05
2.60211e-05
3.06359e-05
3.47225e-05
3.78118e-05
4.0492e-05
4.26193e-05
4.45608e-05
4.63448e-05
4.81809e-05
5.00132e-05
5.19978e-05
5.35308e-05
5.44002e-05
5.58789e-05
5.64563e-05
5.64589e-05
5.58803e-05
5.47352e-05
5.30838e-05
5.10303e-05
4.86889e-05
4.61659e-05
4.34868e-05
4.05071e-05
3.68137e-05
3.1672e-05
2.42997e-05
1.5722e-05
1.05438e-05
1.13729e-05
1.71729e-05
2.44369e-05
1.53775e-05
2.60578e-05
3.4034e-05
2.38537e-05
1.63542e-05
1.61224e-05
1.91936e-05
2.27112e-05
2.64346e-05
3.08924e-05
3.47131e-05
3.75716e-05
3.99713e-05
4.18767e-05
4.36046e-05
4.52496e-05
4.69746e-05
4.87582e-05
5.06743e-05
5.22657e-05
5.31922e-05
5.45718e-05
5.52674e-05
5.53903e-05
5.49653e-05
5.39806e-05
5.24907e-05
5.05858e-05
4.83641e-05
4.59488e-05
4.33921e-05
4.06101e-05
3.72658e-05
3.26844e-05
2.59337e-05
1.70233e-05
1.07229e-05
1.10226e-05
1.68858e-05
2.52113e-05
1.57299e-05
2.42977e-05
3.29496e-05
2.40429e-05
1.67285e-05
1.62505e-05
1.92874e-05
2.2792e-05
2.64902e-05
3.07399e-05
3.43048e-05
3.69767e-05
3.91634e-05
4.09155e-05
4.25053e-05
4.40442e-05
4.56585e-05
4.73505e-05
4.91353e-05
5.0736e-05
5.17427e-05
5.29553e-05
5.36896e-05
5.39589e-05
5.37048e-05
5.28766e-05
5.15737e-05
4.98678e-05
4.78338e-05
4.56318e-05
4.33366e-05
4.09147e-05
3.80368e-05
3.39887e-05
2.76951e-05
1.89652e-05
1.15644e-05
1.10753e-05
1.64739e-05
2.58061e-05
1.59782e-05
2.24323e-05
3.12426e-05
2.4392e-05
1.69158e-05
1.61885e-05
1.92273e-05
2.27636e-05
2.64135e-05
3.04382e-05
3.38717e-05
3.64028e-05
3.84183e-05
4.00239e-05
4.14038e-05
4.27349e-05
4.41505e-05
4.56938e-05
4.734e-05
4.89012e-05
5.00644e-05
5.10381e-05
5.16923e-05
5.20099e-05
5.18707e-05
5.12772e-05
5.02913e-05
4.88422e-05
4.69929e-05
4.49657e-05
4.28297e-05
4.0615e-05
3.80449e-05
3.44045e-05
2.86185e-05
2.00636e-05
1.19461e-05
1.09752e-05
1.64779e-05
2.62654e-05
1.60716e-05
2.05358e-05
2.96462e-05
2.46251e-05
1.72954e-05
1.61449e-05
1.88255e-05
2.23393e-05
2.58788e-05
2.96526e-05
3.2874e-05
3.53326e-05
3.72158e-05
3.86469e-05
3.9889e-05
4.11054e-05
4.24309e-05
4.38982e-05
4.54571e-05
4.69522e-05
4.82321e-05
4.908e-05
4.97821e-05
5.01003e-05
4.98944e-05
4.94126e-05
4.85821e-05
4.73519e-05
4.5878e-05
4.41496e-05
4.2266e-05
4.03595e-05
3.81984e-05
3.49849e-05
2.94859e-05
2.1266e-05
1.26555e-05
1.10435e-05
1.65987e-05
2.66148e-05
1.60227e-05
1.87769e-05
2.81962e-05
2.49533e-05
1.78196e-05
1.60884e-05
1.85236e-05
2.18915e-05
2.53037e-05
2.88699e-05
3.19676e-05
3.43363e-05
3.61302e-05
3.7515e-05
3.87759e-05
4.00079e-05
4.12861e-05
4.26337e-05
4.40153e-05
4.53388e-05
4.65354e-05
4.70926e-05
4.78261e-05
4.83992e-05
4.84088e-05
4.79681e-05
4.70585e-05
4.57975e-05
4.44816e-05
4.29345e-05
4.14242e-05
3.97459e-05
3.79068e-05
3.50613e-05
2.9934e-05
2.19097e-05
1.30092e-05
1.09557e-05
1.67457e-05
2.69012e-05
1.58477e-05
1.74036e-05
2.62475e-05
2.53837e-05
1.89133e-05
1.62115e-05
1.80579e-05
2.12074e-05
2.45137e-05
2.7869e-05
3.08753e-05
3.32557e-05
3.51143e-05
3.65833e-05
3.77439e-05
3.87991e-05
3.98721e-05
4.10076e-05
4.21888e-05
4.33525e-05
4.45145e-05
4.49323e-05
4.55212e-05
4.61934e-05
4.63496e-05
4.61956e-05
4.56275e-05
4.47069e-05
4.33334e-05
4.17142e-05
4.03763e-05
3.89994e-05
3.76031e-05
3.51025e-05
3.02362e-05
2.23828e-05
1.34601e-05
1.09792e-05
1.68778e-05
2.71382e-05
1.54578e-05
1.63931e-05
2.41664e-05
2.524e-05
1.94509e-05
1.60391e-05
1.7334e-05
2.03997e-05
2.35915e-05
2.68148e-05
2.97533e-05
3.21278e-05
3.39309e-05
3.52964e-05
3.63593e-05
3.72952e-05
3.82214e-05
3.91826e-05
4.0182e-05
4.11822e-05
4.23672e-05
4.27527e-05
4.32643e-05
4.39036e-05
4.4056e-05
4.39284e-05
4.35808e-05
4.29661e-05
4.20512e-05
4.08571e-05
3.94639e-05
3.81411e-05
3.7022e-05
3.49807e-05
3.0373e-05
2.26257e-05
1.36002e-05
1.08833e-05
1.73192e-05
2.73471e-05
1.48032e-05
1.5756e-05
2.22459e-05
2.50818e-05
2.09923e-05
1.69767e-05
1.6868e-05
1.94038e-05
2.23415e-05
2.53382e-05
2.81561e-05
3.05409e-05
3.24015e-05
3.38217e-05
3.49441e-05
3.58824e-05
3.67334e-05
3.75735e-05
3.84302e-05
3.92462e-05
4.0361e-05
4.0682e-05
4.11153e-05
4.17029e-05
4.19136e-05
4.18702e-05
4.15825e-05
4.09927e-05
4.02892e-05
3.93751e-05
3.85026e-05
3.75505e-05
3.65443e-05
3.48729e-05
3.00903e-05
2.26282e-05
1.36724e-05
1.07987e-05
1.76033e-05
2.75336e-05
1.38817e-05
1.55399e-05
2.08195e-05
2.40888e-05
2.12427e-05
1.70158e-05
1.61884e-05
1.83728e-05
2.12368e-05
2.40313e-05
2.66498e-05
2.89413e-05
3.08334e-05
3.231e-05
3.34674e-05
3.44042e-05
3.52164e-05
3.59757e-05
3.6734e-05
3.7388e-05
3.84051e-05
3.86822e-05
3.90584e-05
3.95947e-05
3.98339e-05
3.98491e-05
3.96757e-05
3.92286e-05
3.86502e-05
3.77384e-05
3.71274e-05
3.64456e-05
3.58614e-05
3.42395e-05
2.96391e-05
2.23443e-05
1.34846e-05
1.06227e-05
1.8044e-05
2.77072e-05
1.26832e-05
1.52797e-05
1.96756e-05
2.38398e-05
2.28539e-05
1.87506e-05
1.64419e-05
1.71891e-05
1.96507e-05
2.22578e-05
2.47906e-05
2.7065e-05
2.90003e-05
3.05721e-05
3.18215e-05
3.28177e-05
3.36438e-05
3.43653e-05
3.50633e-05
3.56038e-05
3.65086e-05
3.67487e-05
3.70819e-05
3.75789e-05
3.78234e-05
3.78702e-05
3.77877e-05
3.74214e-05
3.70309e-05
3.6306e-05
3.58427e-05
3.52147e-05
3.47923e-05
3.35724e-05
2.88533e-05
2.17653e-05
1.32836e-05
1.0484e-05
1.84047e-05
2.78716e-05
1.11949e-05
1.45606e-05
1.89545e-05
2.2138e-05
2.23514e-05
1.94272e-05
1.66249e-05
1.65073e-05
1.84295e-05
2.07838e-05
2.30007e-05
2.51251e-05
2.70061e-05
2.85899e-05
2.98928e-05
3.09549e-05
3.18358e-05
3.25842e-05
3.32656e-05
3.38106e-05
3.45937e-05
3.48205e-05
3.51523e-05
3.5618e-05
3.58675e-05
3.59238e-05
3.59226e-05
3.56197e-05
3.54045e-05
3.47745e-05
3.45792e-05
3.41357e-05
3.37915e-05
3.26241e-05
2.76863e-05
2.09227e-05
1.2831e-05
1.03006e-05
1.8871e-05
2.80331e-05
9.49347e-06
1.48304e-05
1.83007e-05
2.30286e-05
2.35544e-05
2.10809e-05
1.78773e-05
1.62332e-05
1.69616e-05
1.90339e-05
2.11338e-05
2.30423e-05
2.485e-05
2.64684e-05
2.78437e-05
2.89858e-05
2.9918e-05
3.07263e-05
3.13625e-05
3.20314e-05
3.26003e-05
3.28651e-05
3.32586e-05
3.36475e-05
3.39156e-05
3.39735e-05
3.40601e-05
3.38125e-05
3.37702e-05
3.32414e-05
3.32684e-05
3.28511e-05
3.2523e-05
3.12884e-05
2.61053e-05
1.96402e-05
1.21949e-05
1.01371e-05
1.92958e-05
2.81952e-05
7.72196e-06
1.43377e-05
1.79649e-05
2.04776e-05
2.39467e-05
2.21128e-05
1.92433e-05
1.68401e-05
1.62697e-05
1.75096e-05
1.93337e-05
2.10389e-05
2.25474e-05
2.39641e-05
2.52921e-05
2.65008e-05
2.75191e-05
2.84691e-05
2.91133e-05
3.00173e-05
3.03811e-05
3.07232e-05
3.12486e-05
3.15801e-05
3.18986e-05
3.19718e-05
3.21704e-05
3.1981e-05
3.2103e-05
3.16382e-05
3.18683e-05
3.13861e-05
3.09215e-05
2.92951e-05
2.40815e-05
1.80147e-05
1.13605e-05
9.9634e-06
1.97794e-05
2.8364e-05
6.1194e-06
1.34804e-05
1.86462e-05
2.02694e-05
2.33836e-05
2.38338e-05
2.11686e-05
1.84333e-05
1.65122e-05
1.65331e-05
1.77523e-05
1.93009e-05
2.07244e-05
2.19446e-05
2.30038e-05
2.40097e-05
2.49586e-05
2.58148e-05
2.66843e-05
2.74275e-05
2.78422e-05
2.83949e-05
2.90039e-05
2.93423e-05
2.9769e-05
2.9886e-05
3.02154e-05
3.00687e-05
3.03094e-05
2.98706e-05
3.02295e-05
2.93833e-05
2.85725e-05
2.66905e-05
2.13892e-05
1.597e-05
1.03378e-05
9.74629e-06
2.02256e-05
2.85432e-05
5.13813e-06
1.26042e-05
1.85541e-05
2.05489e-05
2.19621e-05
2.47991e-05
2.3074e-05
2.05025e-05
1.81876e-05
1.64356e-05
1.65776e-05
1.75647e-05
1.87752e-05
1.99609e-05
2.10408e-05
2.2001e-05
2.27871e-05
2.36354e-05
2.44375e-05
2.49532e-05
2.5562e-05
2.61613e-05
2.6745e-05
2.70882e-05
2.75853e-05
2.76963e-05
2.80963e-05
2.7908e-05
2.81818e-05
2.76958e-05
2.77156e-05
2.64095e-05
2.5488e-05
2.32262e-05
1.81602e-05
1.36122e-05
9.28138e-06
9.65481e-06
2.06747e-05
2.87371e-05
5.01982e-06
1.09275e-05
1.84384e-05
2.11721e-05
2.21518e-05
2.37317e-05
2.51888e-05
2.30448e-05
2.07798e-05
1.87461e-05
1.70856e-05
1.68313e-05
1.72706e-05
1.80219e-05
1.88497e-05
1.97204e-05
2.05179e-05
2.12552e-05
2.21239e-05
2.26233e-05
2.31452e-05
2.3712e-05
2.42831e-05
2.45703e-05
2.50481e-05
2.50818e-05
2.54308e-05
2.5124e-05
2.52838e-05
2.44973e-05
2.41646e-05
2.26912e-05
2.15933e-05
1.86551e-05
1.44844e-05
1.11823e-05
8.23644e-06
9.57411e-06
2.10387e-05
2.89548e-05
5.09812e-06
1.03898e-05
1.76757e-05
2.13059e-05
2.27252e-05
2.36945e-05
2.52058e-05
2.57024e-05
2.37996e-05
2.19255e-05
2.01325e-05
1.87517e-05
1.76413e-05
1.73629e-05
1.74795e-05
1.78453e-05
1.8313e-05
1.88219e-05
1.93199e-05
1.99828e-05
2.03686e-05
2.06522e-05
2.11209e-05
2.13382e-05
2.16837e-05
2.15797e-05
2.17475e-05
2.1252e-05
2.11133e-05
2.00857e-05
1.94434e-05
1.77915e-05
1.61239e-05
1.36166e-05
1.11468e-05
9.10225e-06
7.28476e-06
9.71394e-06
2.13801e-05
2.92249e-05
5.22416e-06
1.13155e-05
1.74919e-05
2.15761e-05
2.40827e-05
2.50148e-05
2.59521e-05
2.71512e-05
2.74288e-05
2.57588e-05
2.38304e-05
2.1797e-05
2.04549e-05
1.94335e-05
1.8715e-05
1.82811e-05
1.80203e-05
1.79298e-05
1.78431e-05
1.78849e-05
1.79348e-05
1.79008e-05
1.78587e-05
1.778e-05
1.76505e-05
1.72855e-05
1.69757e-05
1.62057e-05
1.55522e-05
1.43938e-05
1.34064e-05
1.19742e-05
1.08112e-05
9.40394e-06
8.08312e-06
6.95888e-06
6.7585e-06
1.04243e-05
2.20166e-05
2.96199e-05
5.89785e-06
1.08454e-05
1.58992e-05
1.99915e-05
2.3447e-05
2.56448e-05
2.73516e-05
2.91238e-05
3.07308e-05
3.21761e-05
3.1985e-05
3.1042e-05
2.96751e-05
2.78775e-05
2.59125e-05
2.39666e-05
2.21141e-05
2.04533e-05
1.89206e-05
1.75991e-05
1.63572e-05
1.53554e-05
1.43886e-05
1.35449e-05
1.28729e-05
1.21277e-05
1.14337e-05
1.05397e-05
9.72351e-06
8.85716e-06
8.14715e-06
7.42095e-06
6.90831e-06
6.42146e-06
6.26679e-06
6.49439e-06
7.76826e-06
1.23655e-05
2.34448e-05
3.02186e-05
7.1894e-06
6.91948e-06
9.66278e-06
1.30043e-05
1.63156e-05
1.90571e-05
2.09467e-05
2.2256e-05
2.26102e-05
2.3036e-05
2.27504e-05
2.17656e-05
2.0448e-05
1.8954e-05
1.73897e-05
1.58686e-05
1.44181e-05
1.31241e-05
1.19333e-05
1.09313e-05
1.00089e-05
9.24583e-06
8.58811e-06
8.03344e-06
7.54813e-06
7.19062e-06
6.91138e-06
6.71641e-06
6.54384e-06
6.49778e-06
6.5071e-06
6.71021e-06
6.96158e-06
7.49797e-06
8.16957e-06
9.38852e-06
1.13651e-05
1.62555e-05
2.54899e-05
3.10787e-05
1.09667e-05
8.69419e-06
1.08514e-05
1.18863e-05
1.24741e-05
1.28737e-05
1.31322e-05
1.33408e-05
1.33055e-05
1.32369e-05
1.31227e-05
1.28978e-05
1.26043e-05
1.23001e-05
1.19889e-05
1.1727e-05
1.14758e-05
1.13249e-05
1.11578e-05
1.11356e-05
1.11295e-05
1.11564e-05
1.1253e-05
1.14208e-05
1.16245e-05
1.19131e-05
1.22314e-05
1.26641e-05
1.31058e-05
1.36831e-05
1.42309e-05
1.49394e-05
1.5613e-05
1.6551e-05
1.7431e-05
1.88291e-05
2.03635e-05
2.38262e-05
2.77334e-05
3.24816e-05
2.7041e-05
3.36949e-05
3.70331e-05
3.82895e-05
3.87243e-05
3.87007e-05
3.85284e-05
3.81445e-05
3.76543e-05
3.7142e-05
3.66449e-05
3.61819e-05
3.5759e-05
3.53779e-05
3.50355e-05
3.47298e-05
3.4456e-05
3.42121e-05
3.39942e-05
3.38009e-05
3.36299e-05
3.348e-05
3.33498e-05
3.32392e-05
3.31472e-05
3.30738e-05
3.30187e-05
3.29822e-05
3.29639e-05
3.29671e-05
3.29745e-05
3.29883e-05
3.3017e-05
3.30564e-05
3.31378e-05
3.32279e-05
3.34291e-05
3.36445e-05
3.46899e-05
3.41963e-05
)
;

boundaryField
{
    movingWall
    {
        type            nutkWallFunction;
        blending        stepwise;
        value           uniform 0;
    }
    fixedWalls
    {
        type            nutkWallFunction;
        blending        stepwise;
        value           uniform 0;
    }
    frontAndBack
    {
        type            empty;
    }
}


// ************************************************************************* //
