/*--------------------------------*- C++ -*----------------------------------*\
| =========                 |                                                 |
| \\      /  F ield         | OpenFOAM: The Open Source CFD Toolbox           |
|  \\    /   O peration     | Version:  2412                                  |
|   \\  /    A nd           | Website:  www.openfoam.com                      |
|    \\/     M anipulation  |                                                 |
\*---------------------------------------------------------------------------*/
FoamFile
{
    version     2.0;
    format      ascii;
    arch        "LSB;label=32;scalar=64";
    class       surfaceScalarField;
    location    "10";
    object      phi;
}
// * * * * * * * * * * * * * * * * * * * * * * * * * * * * * * * * * * * * * //

dimensions      [0 3 -1 0 0 0 0];

oriented        oriented;

internalField   nonuniform List<scalar> 
3120
(
1.01238e-07
-1.01241e-07
2.26456e-07
-1.25218e-07
3.11425e-07
-8.49688e-08
3.41041e-07
-2.96161e-08
3.3474e-07
6.30065e-09
3.18172e-07
1.65675e-08
2.95983e-07
2.21897e-08
2.55313e-07
4.06693e-08
1.81977e-07
7.33358e-08
5.06496e-08
1.31328e-07
-1.565e-07
2.0715e-07
-4.61393e-07
3.04893e-07
-8.79789e-07
4.18396e-07
-1.39285e-06
5.13063e-07
-1.96228e-06
5.69428e-07
-2.54733e-06
5.85054e-07
-3.10555e-06
5.58214e-07
-3.59746e-06
4.91909e-07
-3.9934e-06
3.95947e-07
-4.27981e-06
2.86401e-07
-4.45624e-06
1.76434e-07
-4.52816e-06
7.19219e-08
-4.50022e-06
-2.79407e-08
-4.3722e-06
-1.2802e-07
-4.14079e-06
-2.31407e-07
-3.80265e-06
-3.3814e-07
-3.3576e-06
-4.45049e-07
-2.8119e-06
-5.457e-07
-2.18198e-06
-6.29922e-07
-1.49784e-06
-6.8414e-07
-8.04659e-07
-6.93183e-07
-1.61584e-07
-6.43075e-07
3.73263e-07
-5.34847e-07
7.5206e-07
-3.78797e-07
9.41767e-07
-1.89707e-07
9.50029e-07
-8.26274e-09
7.67848e-07
1.82181e-07
4.83697e-07
2.84151e-07
2.01085e-07
2.82612e-07
2.01085e-07
1.54878e-07
-2.56119e-07
3.12536e-07
-2.82876e-07
4.0323e-07
-1.75663e-07
4.1888e-07
-4.52663e-08
3.71252e-07
5.39284e-08
2.77265e-07
1.10554e-07
1.29498e-07
1.69957e-07
-1.00058e-07
2.70226e-07
-4.41823e-07
4.15101e-07
-9.11546e-07
6.01051e-07
-1.50689e-06
8.02492e-07
-2.19074e-06
9.88749e-07
-2.89793e-06
1.12558e-06
-3.57349e-06
1.18862e-06
-4.17879e-06
1.17473e-06
-4.68612e-06
1.09239e-06
-5.08642e-06
9.58507e-07
-5.38809e-06
7.93587e-07
-5.60762e-06
6.15477e-07
-5.75584e-06
4.34614e-07
-5.83476e-06
2.55355e-07
-5.83904e-06
7.62025e-08
-5.76136e-06
-1.05621e-07
-5.59617e-06
-2.93206e-07
-5.33949e-06
-4.88089e-07
-4.98693e-06
-6.90698e-07
-4.53546e-06
-8.96525e-07
-3.98578e-06
-1.09538e-06
-3.34578e-06
-1.26992e-06
-2.6353e-06
-1.39463e-06
-1.88972e-06
-1.43876e-06
-1.15792e-06
-1.37487e-06
-5.01004e-07
-1.19176e-06
2.50611e-08
-9.04862e-07
3.936e-07
-5.58246e-07
5.74366e-07
-1.89029e-07
5.97802e-07
1.58745e-07
4.59336e-07
4.22617e-07
2.21473e-07
5.20475e-07
4.22558e-07
1.72535e-07
-4.28654e-07
2.91235e-07
-4.01576e-07
3.20356e-07
-2.04784e-07
2.67892e-07
7.19727e-09
1.34126e-07
1.87694e-07
-9.43772e-08
3.39058e-07
-4.37826e-07
5.13406e-07
-9.11695e-07
7.44094e-07
-1.5183e-06
1.0217e-06
-2.22497e-06
1.30773e-06
-2.97619e-06
1.55371e-06
-3.7033e-06
1.71585e-06
-4.35239e-06
1.77467e-06
-4.89779e-06
1.73402e-06
-5.33719e-06
1.61414e-06
-5.68176e-06
1.43695e-06
-5.95014e-06
1.22689e-06
-6.15794e-06
1.00139e-06
-6.31334e-06
7.70869e-07
-6.41833e-06
5.39612e-07
-6.47042e-06
3.0744e-07
-6.46599e-06
7.17726e-08
-6.40298e-06
-1.68631e-07
-6.27542e-06
-4.20764e-07
-6.07548e-06
-6.88032e-07
-5.79596e-06
-9.7021e-07
-5.4286e-06
-1.26389e-06
-4.96546e-06
-1.55852e-06
-4.40256e-06
-1.83282e-06
-3.74399e-06
-2.0532e-06
-3.00774e-06
-2.17501e-06
-2.23114e-06
-2.15147e-06
-1.47345e-06
-1.94945e-06
-8.06482e-07
-1.57183e-06
-2.93499e-07
-1.07123e-06
4.2714e-08
-5.25242e-07
2.14385e-07
-1.29264e-08
2.24636e-07
4.12366e-07
1.22584e-07
6.22527e-07
5.45142e-07
1.37259e-07
-5.65912e-07
1.69686e-07
-4.34003e-07
1.00682e-07
-1.3578e-07
-5.94501e-08
1.6733e-07
-3.16326e-07
4.4457e-07
-6.99164e-07
7.21896e-07
-1.22551e-06
1.03976e-06
-1.88445e-06
1.40303e-06
-2.62898e-06
1.76623e-06
-3.3872e-06
2.06595e-06
-4.08918e-06
2.25568e-06
-4.69076e-06
2.31743e-06
-5.17955e-06
2.26347e-06
-5.56486e-06
2.11933e-06
-5.86403e-06
1.91331e-06
-6.09782e-06
1.67073e-06
-6.28072e-06
1.4098e-06
-6.42125e-06
1.14192e-06
-6.52317e-06
8.72787e-07
-6.58894e-06
6.05383e-07
-6.62061e-06
3.39111e-07
-6.61692e-06
6.8081e-08
-6.57824e-06
-2.07309e-07
-6.50285e-06
-4.96163e-07
-6.3862e-06
-8.04674e-07
-6.21941e-06
-1.13701e-06
-5.98847e-06
-1.49482e-06
-5.67562e-06
-1.87136e-06
-5.26165e-06
-2.24679e-06
-4.73091e-06
-2.58394e-06
-4.07769e-06
-2.82823e-06
-3.31587e-06
-2.9133e-06
-2.48853e-06
-2.77679e-06
-1.67397e-06
-2.38639e-06
-9.72262e-07
-1.77294e-06
-4.55824e-07
-1.04168e-06
-1.38915e-07
-3.29836e-07
8.34881e-09
2.65103e-07
2.47114e-08
6.06165e-07
5.69853e-07
5.16057e-08
-6.17518e-07
-2.29237e-08
-3.59474e-07
-1.97365e-07
3.8661e-08
-4.68495e-07
4.38459e-07
-8.5871e-07
8.34785e-07
-1.38992e-06
1.25311e-06
-2.05237e-06
1.7022e-06
-2.79093e-06
2.14159e-06
-3.52808e-06
2.50338e-06
-4.19488e-06
2.73275e-06
-4.75067e-06
2.81148e-06
-5.18738e-06
2.75414e-06
-5.51616e-06
2.59225e-06
-5.75713e-06
2.3603e-06
-5.92971e-06
2.08589e-06
-6.05005e-06
1.79108e-06
-6.12895e-06
1.4887e-06
-6.17529e-06
1.18825e-06
-6.19643e-06
8.93931e-07
-6.19798e-06
6.06934e-07
-6.18392e-06
3.2505e-07
-6.16114e-06
4.52969e-08
-6.13118e-06
-2.37266e-07
-6.09598e-06
-5.31361e-07
-6.05503e-06
-8.45627e-07
-6.00288e-06
-1.18916e-06
-5.92823e-06
-1.56947e-06
-5.8109e-06
-1.9887e-06
-5.61995e-06
-2.43774e-06
-5.31631e-06
-2.88758e-06
-4.86222e-06
-3.28232e-06
-4.23608e-06
-3.53944e-06
-3.44799e-06
-3.56488e-06
-2.5545e-06
-3.27988e-06
-1.66671e-06
-2.66073e-06
-9.23737e-07
-1.78466e-06
-4.16996e-07
-8.36576e-07
-1.37534e-07
-1.43599e-08
-2.52912e-08
4.93922e-07
5.44562e-07
-6.08914e-08
-5.56627e-07
-2.46122e-07
-1.74243e-07
-5.25701e-07
3.18241e-07
-9.1164e-07
8.24398e-07
-1.42452e-06
1.34767e-06
-2.0598e-06
1.88838e-06
-2.76887e-06
2.41127e-06
-3.47508e-06
2.8478e-06
-4.10731e-06
3.13561e-06
-4.62293e-06
3.24837e-06
-5.01104e-06
3.19958e-06
-5.28253e-06
3.02564e-06
-5.4578e-06
2.76751e-06
-5.55835e-06
2.46085e-06
-5.6037e-06
2.13124e-06
-5.60984e-06
1.79722e-06
-5.59051e-06
1.46937e-06
-5.55658e-06
1.15432e-06
-5.51624e-06
8.53584e-07
-5.4749e-06
5.65598e-07
-5.4363e-06
2.86452e-07
-5.40253e-06
1.15274e-08
-5.37187e-06
-2.67929e-07
-5.34787e-06
-5.55363e-07
-5.33449e-06
-8.59003e-07
-5.33552e-06
-1.18813e-06
-5.35182e-06
-1.55317e-06
-5.37597e-06
-1.96454e-06
-5.38535e-06
-2.42836e-06
-5.33612e-06
-2.93681e-06
-5.1645e-06
-3.45395e-06
-4.80146e-06
-3.90248e-06
-4.2017e-06
-4.16464e-06
-3.37349e-06
-4.10809e-06
-2.39852e-06
-3.6357e-06
-1.43831e-06
-2.74486e-06
-6.84098e-07
-1.59079e-06
-2.22361e-07
-4.76098e-07
-3.27976e-08
3.04359e-07
5.11764e-07
-1.7659e-07
-3.80036e-07
-4.71371e-07
1.20537e-07
-8.52178e-07
6.99047e-07
-1.33964e-06
1.31186e-06
-1.93627e-06
1.94429e-06
-2.60498e-06
2.5571e-06
-3.27714e-06
3.08343e-06
-3.88122e-06
3.45187e-06
-4.3678e-06
3.6222e-06
-4.71941e-06
3.59998e-06
-4.94448e-06
3.42466e-06
-5.0653e-06
3.14646e-06
-5.1084e-06
2.81061e-06
-5.09873e-06
2.45118e-06
-5.05831e-06
2.09082e-06
-5.00428e-06
1.74319e-06
-4.94882e-06
1.41391e-06
-4.89804e-06
1.10354e-06
-4.85353e-06
8.09079e-07
-4.81386e-06
5.25928e-07
-4.77649e-06
2.49075e-07
-4.73882e-06
-2.61417e-08
-4.7018e-06
-3.04949e-07
-4.66706e-06
-5.90096e-07
-4.63962e-06
-8.86447e-07
-4.62794e-06
-1.19982e-06
-4.64273e-06
-1.53837e-06
-4.69349e-06
-1.91378e-06
-4.78094e-06
-2.34091e-06
-4.88478e-06
-2.83297e-06
-4.95092e-06
-3.38782e-06
-4.88884e-06
-3.96456e-06
-4.59326e-06
-4.46022e-06
-3.99163e-06
-4.70972e-06
-3.09642e-06
-4.53091e-06
-2.03328e-06
-3.80801e-06
-1.03793e-06
-2.58614e-06
-3.5308e-07
-1.16095e-06
-4.4297e-08
-4.42497e-09
4.67467e-07
-2.87542e-07
-9.24942e-08
-6.75607e-07
5.08602e-07
-1.1427e-06
1.16614e-06
-1.70044e-06
1.86961e-06
-2.32637e-06
2.57022e-06
-2.9658e-06
3.19653e-06
-3.55005e-06
3.66768e-06
-4.02275e-06
3.92458e-06
-4.35656e-06
3.956e-06
-4.55507e-06
3.7985e-06
-4.64232e-06
3.5119e-06
-4.65034e-06
3.15448e-06
-4.61049e-06
2.77076e-06
-4.54928e-06
2.38997e-06
-4.48609e-06
2.02764e-06
-4.43184e-06
1.68893e-06
-4.39e-06
1.37207e-06
-4.35862e-06
1.07216e-06
-4.33326e-06
7.83719e-07
-4.3091e-06
5.01771e-07
-4.28234e-06
2.22312e-07
-4.25062e-06
-5.78606e-08
-4.21407e-06
-3.41499e-07
-4.17319e-06
-6.30979e-07
-4.13083e-06
-9.28811e-07
-4.09302e-06
-1.23762e-06
-4.0701e-06
-1.56129e-06
-4.07731e-06
-1.90657e-06
-4.13238e-06
-2.28584e-06
-4.24626e-06
-2.71909e-06
-4.40448e-06
-3.2296e-06
-4.54452e-06
-3.82451e-06
-4.54787e-06
-4.45687e-06
-4.27097e-06
-4.98662e-06
-3.61956e-06
-5.18232e-06
-2.62849e-06
-4.79907e-06
-1.49772e-06
-3.71692e-06
-5.59447e-07
-2.09922e-06
-7.33987e-08
-4.90474e-07
3.94069e-07
-3.77086e-07
2.84592e-07
-8.40605e-07
9.72122e-07
-1.36749e-06
1.69302e-06
-1.95281e-06
2.45492e-06
-2.56115e-06
3.17857e-06
-3.13255e-06
3.76793e-06
-3.60646e-06
4.14159e-06
-3.94393e-06
4.26205e-06
-4.13921e-06
4.15128e-06
-4.21551e-06
3.87479e-06
-4.20928e-06
3.50567e-06
-4.15761e-06
3.10281e-06
-4.091e-06
2.70415e-06
-4.02992e-06
2.32889e-06
-3.98409e-06
1.98181e-06
-3.95437e-06
1.6592e-06
-3.93661e-06
1.35431e-06
-3.92507e-06
1.06062e-06
-3.91464e-06
7.73292e-07
-3.90161e-06
4.88735e-07
-3.88367e-06
2.04379e-07
-3.85969e-06
-8.18428e-08
-3.82929e-06
-3.71904e-07
-3.79248e-06
-6.67784e-07
-3.75019e-06
-9.71108e-07
-3.70463e-06
-1.28318e-06
-3.66064e-06
-1.60528e-06
-3.62778e-06
-1.93944e-06
-3.62287e-06
-2.29075e-06
-3.66981e-06
-2.67214e-06
-3.78975e-06
-3.10966e-06
-3.97473e-06
-3.63954e-06
-4.15186e-06
-4.27973e-06
-4.16998e-06
-4.96851e-06
-3.84858e-06
-5.50372e-06
-3.08947e-06
-5.55818e-06
-1.98546e-06
-4.82093e-06
-8.62186e-07
-3.22249e-06
-1.57023e-07
-1.19564e-06
2.37045e-07
-4.41646e-07
7.26237e-07
-9.52384e-07
1.48286e-06
-1.50524e-06
2.24588e-06
-2.08222e-06
3.0319e-06
-2.64192e-06
3.73827e-06
-3.12645e-06
4.25246e-06
-3.48657e-06
4.50171e-06
-3.70222e-06
4.4777e-06
-3.7897e-06
4.23876e-06
-3.78713e-06
3.87222e-06
-3.73638e-06
3.45492e-06
-3.67202e-06
3.03845e-06
-3.61633e-06
2.64847e-06
-3.57857e-06
2.29113e-06
-3.55826e-06
1.9615e-06
-3.54997e-06
1.65091e-06
-3.54752e-06
1.35187e-06
-3.54604e-06
1.05914e-06
-3.54235e-06
7.69598e-07
-3.53464e-06
4.81024e-07
-3.52196e-06
1.91707e-07
-3.50386e-06
-9.99443e-08
-3.48012e-06
-3.95647e-07
-3.45074e-06
-6.97162e-07
-3.41591e-06
-1.00594e-06
-3.37604e-06
-1.32305e-06
-3.33225e-06
-1.64907e-06
-3.28766e-06
-1.98403e-06
-3.25012e-06
-2.32829e-06
-3.23651e-06
-2.68575e-06
-3.27525e-06
-3.07092e-06
-3.39631e-06
-3.51847e-06
-3.59508e-06
-4.08096e-06
-3.77963e-06
-4.78396e-06
-3.75654e-06
-5.5268e-06
-3.31599e-06
-5.99873e-06
-2.3968e-06
-5.74012e-06
-1.21811e-06
-4.40118e-06
-2.7989e-07
-2.13386e-06
-4.28445e-08
-4.74383e-07
1.20062e-06
-1.00439e-06
2.01286e-06
-1.5526e-06
2.79409e-06
-2.09525e-06
3.57455e-06
-2.58945e-06
4.23247e-06
-2.9825e-06
4.6455e-06
-3.23847e-06
4.75768e-06
-3.35846e-06
4.59769e-06
-3.37639e-06
4.2567e-06
-3.33709e-06
3.83292e-06
-3.27971e-06
3.39755e-06
-3.22981e-06
2.98854e-06
-3.19806e-06
2.61672e-06
-3.1839e-06
2.27697e-06
-3.1815e-06
1.9591e-06
-3.18453e-06
1.65394e-06
-3.18835e-06
1.35569e-06
-3.19026e-06
1.06105e-06
-3.18887e-06
7.68203e-07
-3.18354e-06
4.757e-07
-3.17402e-06
1.82181e-07
-3.16016e-06
-1.13805e-07
-3.14196e-06
-4.13844e-07
-3.11953e-06
-7.19591e-07
-3.09295e-06
-1.03252e-06
-3.06216e-06
-1.35384e-06
-3.02698e-06
-1.68425e-06
-2.98739e-06
-2.02361e-06
-2.94483e-06
-2.37085e-06
-2.90557e-06
-2.725e-06
-2.88697e-06
-3.08952e-06
-2.92241e-06
-3.48303e-06
-3.0491e-06
-3.95427e-06
-3.25668e-06
-4.57638e-06
-3.41572e-06
-5.36776e-06
-3.2807e-06
-6.13375e-06
-2.6419e-06
-6.37892e-06
-1.5477e-06
-5.49537e-06
-4.33149e-07
-3.24841e-06
-4.75993e-07
-4.76608e-07
1.67723e-06
-9.99375e-07
2.53563e-06
-1.51952e-06
3.31423e-06
-2.01115e-06
4.06618e-06
-2.43312e-06
4.65444e-06
-2.73964e-06
4.95202e-06
-2.91058e-06
4.92862e-06
-2.96605e-06
4.65315e-06
-2.94943e-06
4.24008e-06
-2.90405e-06
3.78754e-06
-2.86051e-06
3.35401e-06
-2.83302e-06
2.96105e-06
-2.82264e-06
2.60634e-06
-2.8239e-06
2.27823e-06
-2.83041e-06
1.96562e-06
-2.83764e-06
1.66116e-06
-2.84309e-06
1.36113e-06
-2.84569e-06
1.06366e-06
-2.84507e-06
7.67577e-07
-2.84112e-06
4.71751e-07
-2.83386e-06
1.74917e-07
-2.82331e-06
-1.2435e-07
-2.80959e-06
-4.27564e-07
-2.79286e-06
-7.36322e-07
-2.77322e-06
-1.05216e-06
-2.75063e-06
-1.37644e-06
-2.7247e-06
-1.71018e-06
-2.69461e-06
-2.0537e-06
-2.65926e-06
-2.40621e-06
-2.61865e-06
-2.76561e-06
-2.57829e-06
-3.12988e-06
-2.55779e-06
-3.50353e-06
-2.59771e-06
-3.91436e-06
-2.73932e-06
-4.43477e-06
-2.94786e-06
-5.15922e-06
-3.02849e-06
-6.05312e-06
-2.68714e-06
-6.72028e-06
-1.78741e-06
-6.39509e-06
-6.23633e-07
-4.41219e-06
-1.09963e-06
-4.53674e-07
2.1309e-06
-9.46543e-07
3.0285e-06
-1.42205e-06
3.78974e-06
-1.85377e-06
4.4979e-06
-2.20375e-06
5.00442e-06
-2.43515e-06
5.18342e-06
-2.54408e-06
5.03755e-06
-2.56322e-06
4.67229e-06
-2.53721e-06
4.21406e-06
-2.50228e-06
3.75261e-06
-2.47843e-06
3.33016e-06
-2.47034e-06
2.95296e-06
-2.4739e-06
2.60991e-06
-2.48294e-06
2.28727e-06
-2.49276e-06
1.97543e-06
-2.50089e-06
1.66929e-06
-2.50638e-06
1.36663e-06
-2.50906e-06
1.06634e-06
-2.50899e-06
7.67504e-07
-2.50629e-06
4.6905e-07
-2.50109e-06
1.69712e-07
-2.49348e-06
-1.31952e-07
-2.48361e-06
-4.37434e-07
-2.47164e-06
-7.48298e-07
-2.45767e-06
-1.06612e-06
-2.44171e-06
-1.39241e-06
-2.42344e-06
-1.72845e-06
-2.40206e-06
-2.07508e-06
-2.37603e-06
-2.43224e-06
-2.34326e-06
-2.79838e-06
-2.30287e-06
-3.17026e-06
-2.26111e-06
-3.54529e-06
-2.24304e-06
-3.93242e-06
-2.29893e-06
-4.37889e-06
-2.46383e-06
-4.99431e-06
-2.64336e-06
-5.87359e-06
-2.55054e-06
-6.81309e-06
-1.90041e-06
-7.04522e-06
-7.96051e-07
-5.51655e-06
-1.89568e-06
-4.11019e-07
2.54192e-06
-8.576e-07
3.47508e-06
-1.27782e-06
4.20996e-06
-1.64598e-06
4.86606e-06
-1.92906e-06
5.2875e-06
-2.1001e-06
5.35447e-06
-2.1685e-06
5.10594e-06
-2.17207e-06
4.67586e-06
-2.15084e-06
4.19284e-06
-2.13166e-06
3.73343e-06
-2.12514e-06
3.32364e-06
-2.1301e-06
2.95792e-06
-2.14108e-06
2.62089e-06
-2.15321e-06
2.2994e-06
-2.16374e-06
1.98596e-06
-2.17172e-06
1.67726e-06
-2.17705e-06
1.37196e-06
-2.17995e-06
1.06924e-06
-2.18067e-06
7.68228e-07
-2.17942e-06
4.678e-07
-2.17636e-06
1.66649e-07
-2.17161e-06
-1.36702e-07
-2.16529e-06
-4.43755e-07
-2.15752e-06
-7.56064e-07
-2.14841e-06
-1.07523e-06
-2.13795e-06
-1.40286e-06
-2.12593e-06
-1.74048e-06
-2.11167e-06
-2.08934e-06
-2.0938e-06
-2.45011e-06
-2.06999e-06
-2.82219e-06
-2.03731e-06
-3.20294e-06
-1.99485e-06
-3.58775e-06
-1.95226e-06
-3.97502e-06
-1.94498e-06
-4.38617e-06
-2.03223e-06
-4.90706e-06
-2.21347e-06
-5.69236e-06
-2.28263e-06
-6.74393e-06
-1.88115e-06
-7.4467e-06
-9.07995e-07
-6.48971e-06
-2.80367e-06
-3.54179e-07
2.8961e-06
-7.43302e-07
3.8642e-06
-1.10264e-06
4.5693e-06
-1.40764e-06
5.17106e-06
-1.63132e-06
5.51118e-06
-1.75673e-06
5.47989e-06
-1.80133e-06
5.15054e-06
-1.80199e-06
4.67653e-06
-1.7911e-06
4.18194e-06
-1.78649e-06
3.72883e-06
-1.79215e-06
3.3293e-06
-1.80447e-06
2.97025e-06
-1.81864e-06
2.63505e-06
-1.83152e-06
2.31228e-06
-1.84187e-06
1.99631e-06
-1.84957e-06
1.68496e-06
-1.85495e-06
1.37734e-06
-1.85841e-06
1.0727e-06
-1.86026e-06
7.70074e-07
-1.86072e-06
4.68262e-07
-1.85995e-06
1.65881e-07
-1.85807e-06
-1.3858e-07
-1.85517e-06
-4.46654e-07
-1.85133e-06
-7.59902e-07
-1.84662e-06
-1.07994e-06
-1.84103e-06
-1.40845e-06
-1.83438e-06
-1.74713e-06
-1.82612e-06
-2.09759e-06
-1.81513e-06
-2.4611e-06
-1.79935e-06
-2.83797e-06
-1.77561e-06
-3.22668e-06
-1.74043e-06
-3.62293e-06
-1.69447e-06
-4.02098e-06
-1.6554e-06
-4.42523e-06
-1.67437e-06
-4.88809e-06
-1.80376e-06
-5.56297e-06
-1.94553e-06
-6.60215e-06
-1.75249e-06
-7.63975e-06
-9.53188e-07
-7.28901e-06
-3.75686e-06
-2.88195e-07
3.1843e-06
-6.13102e-07
4.18911e-06
-9.09445e-07
4.86564e-06
-1.15382e-06
5.41544e-06
-1.32642e-06
5.68378e-06
-1.41862e-06
5.57209e-06
-1.45068e-06
5.1826e-06
-1.45454e-06
4.68039e-06
-1.45425e-06
4.18165e-06
-1.46045e-06
3.73503e-06
-1.47335e-06
3.34219e-06
-1.48903e-06
2.98593e-06
-1.50404e-06
2.65006e-06
-1.51668e-06
2.32492e-06
-1.52662e-06
2.00625e-06
-1.53421e-06
1.69255e-06
-1.53993e-06
1.38306e-06
-1.54423e-06
1.077e-06
-1.54746e-06
7.73297e-07
-1.54983e-06
4.70631e-07
-1.55148e-06
1.67533e-07
-1.55252e-06
-1.37539e-07
-1.55301e-06
-4.46158e-07
-1.55301e-06
-7.5991e-07
-1.55252e-06
-1.08043e-06
-1.55154e-06
-1.40944e-06
-1.54989e-06
-1.74878e-06
-1.54712e-06
-2.10037e-06
-1.54227e-06
-2.46595e-06
-1.5336e-06
-2.84665e-06
-1.51824e-06
-3.24203e-06
-1.49233e-06
-3.64884e-06
-1.45273e-06
-4.06058e-06
-1.40495e-06
-4.47301e-06
-1.38175e-06
-4.91129e-06
-1.44777e-06
-5.49695e-06
-1.59502e-06
-6.45491e-06
-1.5501e-06
-7.68466e-06
-9.40342e-07
-7.89877e-06
-4.6972e-06
-2.16863e-07
3.40116e-06
-4.74116e-07
4.44636e-06
-7.07453e-07
5.09898e-06
-8.94987e-07
5.60297e-06
-1.02412e-06
5.81291e-06
-1.09235e-06
5.64031e-06
-1.11841e-06
5.20866e-06
-1.12732e-06
4.68931e-06
-1.13547e-06
4.1898e-06
-1.14845e-06
3.748e-06
-1.16483e-06
3.35857e-06
-1.1814e-06
3.00251e-06
-1.19603e-06
2.66469e-06
-1.20802e-06
2.33691e-06
-1.21756e-06
2.01579e-06
-1.22517e-06
1.70016e-06
-1.23142e-06
1.38931e-06
-1.23674e-06
1.08233e-06
-1.24147e-06
7.78032e-07
-1.24585e-06
4.75003e-07
-1.24999e-06
1.71674e-07
-1.25399e-06
-1.33539e-07
-1.2579e-06
-4.42243e-07
-1.26175e-06
-7.56066e-07
-1.26552e-06
-1.07666e-06
-1.26916e-06
-1.4058e-06
-1.27251e-06
-1.74543e-06
-1.27518e-06
-2.0977e-06
-1.27635e-06
-2.46477e-06
-1.27452e-06
-2.84848e-06
-1.26717e-06
-3.24938e-06
-1.25065e-06
-3.66536e-06
-1.22083e-06
-4.0904e-06
-1.17704e-06
-4.51681e-06
-1.13622e-06
-4.95211e-06
-1.15265e-06
-5.48052e-06
-1.2705e-06
-6.33706e-06
-1.313e-06
-7.64216e-06
-8.86623e-07
-8.32515e-06
-5.58383e-06
-1.4314e-07
3.5443e-06
-3.31363e-07
4.63459e-06
-5.02909e-07
5.27052e-06
-6.37368e-07
5.73743e-06
-7.2913e-07
5.90467e-06
-7.79677e-07
5.69086e-06
-8.02973e-07
5.23195e-06
-8.16521e-07
4.70285e-06
-8.30343e-07
4.20362e-06
-8.46791e-07
3.76445e-06
-8.64105e-07
3.37588e-06
-8.80106e-07
3.01851e-06
-8.93707e-07
2.67829e-06
-9.04842e-07
2.34805e-06
-9.13963e-07
2.02491e-06
-9.21659e-07
1.70786e-06
-9.28475e-07
1.39612e-06
-9.3485e-07
1.0887e-06
-9.41111e-07
7.84292e-07
-9.47489e-07
4.81381e-07
-9.5413e-07
1.78315e-07
-9.61118e-07
-1.26551e-07
-9.68509e-07
-4.34852e-07
-9.76305e-07
-7.48269e-07
-9.84476e-07
-1.06849e-06
-9.92939e-07
-1.39733e-06
-1.00153e-06
-1.73685e-06
-1.00989e-06
-2.08933e-06
-1.01733e-06
-2.45733e-06
-1.02253e-06
-2.84328e-06
-1.02329e-06
-3.24862e-06
-1.01632e-06
-3.67233e-06
-9.97529e-07
-4.10919e-06
-9.63839e-07
-4.5505e-06
-9.22054e-07
-4.99389e-06
-9.10035e-07
-5.49254e-06
-9.91087e-07
-6.25601e-06
-1.07319e-06
-7.56005e-06
-8.07083e-07
-8.59126e-06
-6.39091e-06
-6.87176e-08
3.61302e-06
-1.8782e-07
4.75369e-06
-2.99777e-07
5.38248e-06
-3.84064e-07
5.82172e-06
-4.42526e-07
5.96314e-06
-4.79298e-07
5.72763e-06
-5.01109e-07
5.25376e-06
-5.18068e-07
4.71981e-06
-5.35136e-07
4.22069e-06
-5.5272e-07
3.78204e-06
-5.69379e-07
3.39254e-06
-5.83943e-07
3.03307e-06
-5.96114e-07
2.69046e-06
-6.06222e-07
2.35815e-06
-6.14834e-07
2.03353e-06
-6.22539e-07
1.71556e-06
-6.29856e-07
1.40344e-06
-6.37205e-07
1.09605e-06
-6.44913e-07
7.92e-07
-6.5323e-07
4.89698e-07
-6.62332e-07
1.87417e-07
-6.72315e-07
-1.16568e-07
-6.83251e-07
-4.23916e-07
-6.95146e-07
-7.36374e-07
-7.07949e-07
-1.05568e-06
-7.21559e-07
-1.38372e-06
-7.35796e-07
-1.72261e-06
-7.50332e-07
-2.0748e-06
-7.6455e-07
-2.44312e-06
-7.77321e-07
-2.83051e-06
-7.86709e-07
-3.23923e-06
-7.89748e-07
-3.66929e-06
-7.82707e-07
-4.11623e-06
-7.61984e-07
-4.57122e-06
-7.29072e-07
-5.02681e-06
-7.07627e-07
-5.51399e-06
-7.60106e-07
-6.20353e-06
-8.49831e-07
-7.47033e-06
-7.13631e-07
-8.72746e-06
-7.10454e-06
6.65891e-09
3.60636e-06
-4.48441e-08
4.80519e-06
-9.93204e-08
5.43696e-06
-1.36964e-07
5.85936e-06
-1.64536e-07
5.99071e-06
-1.88754e-07
5.75185e-06
-2.08849e-07
5.27386e-06
-2.28001e-07
4.73896e-06
-2.46713e-07
4.2394e-06
-2.64066e-07
3.79939e-06
-2.7916e-07
3.40764e-06
-2.91755e-07
3.04567e-06
-3.02178e-07
2.70089e-06
-3.11029e-07
2.367e-06
-3.18936e-07
2.04143e-06
-3.26465e-07
1.72309e-06
-3.34103e-07
1.41108e-06
-3.42262e-07
1.10421e-06
-3.51278e-07
8.01016e-07
-3.61427e-07
4.99847e-07
-3.72924e-07
1.98914e-07
-3.85896e-07
-1.03596e-07
-4.00438e-07
-4.09374e-07
-4.16584e-07
-7.20229e-07
-4.34279e-07
-1.03799e-06
-4.53416e-07
-1.36459e-06
-4.73806e-07
-1.70222e-06
-4.95128e-07
-2.05348e-06
-5.16824e-07
-2.42142e-06
-5.37898e-07
-2.80943e-06
-5.56668e-07
-3.22046e-06
-5.70491e-07
-3.65547e-06
-5.76013e-07
-4.11071e-06
-5.69966e-07
-4.57727e-06
-5.51692e-07
-5.04508e-06
-5.35279e-07
-5.5304e-06
-5.72746e-07
-6.16606e-06
-6.55225e-07
-7.38785e-06
-6.10139e-07
-8.77255e-06
-7.71468e-06
8.17347e-08
3.52462e-06
9.73081e-08
4.78962e-06
9.75393e-08
5.43672e-06
1.039e-07
5.853e-06
1.06785e-07
5.98782e-06
9.53884e-08
5.76325e-06
7.74455e-08
5.2918e-06
5.70994e-08
4.75931e-06
3.76745e-08
4.25883e-06
2.11913e-08
3.81587e-06
8.07377e-09
3.42075e-06
-2.24187e-09
3.05598e-06
-1.06294e-08
2.70928e-06
-1.79323e-08
2.37431e-06
-2.48448e-08
2.04834e-06
-3.19218e-08
1.73017e-06
-3.963e-08
1.41879e-06
-4.83775e-08
1.11296e-06
-5.85195e-08
8.11158e-07
-7.03573e-08
5.11684e-07
-8.41472e-08
2.12704e-07
-1.00074e-07
-8.76684e-08
-1.18274e-07
-3.91174e-07
-1.38819e-07
-6.99684e-07
-1.61668e-07
-1.01514e-06
-1.86718e-07
-1.33954e-06
-2.1379e-07
-1.67515e-06
-2.4257e-07
-2.0247e-06
-2.72527e-07
-2.39146e-06
-3.02766e-07
-2.77919e-06
-3.31831e-07
-3.1914e-06
-3.57412e-07
-3.62989e-06
-3.76488e-07
-4.09163e-06
-3.8633e-07
-4.56743e-06
-3.8581e-07
-5.0456e-06
-3.84093e-07
-5.53212e-06
-4.20351e-07
-6.1298e-06
-4.99341e-07
-7.30886e-06
-4.97286e-07
-8.7746e-06
-8.21197e-06
1.59363e-07
3.36526e-06
2.3878e-07
4.7102e-06
2.90717e-07
5.38479e-06
3.3976e-07
5.80396e-06
3.73199e-07
5.95438e-06
3.76716e-07
5.75973e-06
3.6126e-07
5.30726e-06
3.40052e-07
4.78052e-06
3.2023e-07
4.27865e-06
3.04815e-07
3.83129e-06
2.93838e-07
3.43173e-06
2.86003e-07
3.06382e-06
2.7992e-07
2.71536e-06
2.74489e-07
2.37974e-06
2.68922e-07
2.05391e-06
2.62649e-07
1.73644e-06
2.55204e-07
1.42623e-06
2.46169e-07
1.12199e-06
2.35158e-07
8.22169e-07
2.21825e-07
5.25017e-07
2.05866e-07
2.28663e-07
1.87027e-07
-6.88296e-08
1.65136e-07
-3.69283e-07
1.40065e-07
-6.74613e-07
1.11815e-07
-9.86889e-07
8.04747e-08
-1.3082e-06
4.62047e-08
-1.64088e-06
9.31198e-09
-1.9878e-06
-2.97082e-08
-2.35244e-06
-7.00252e-08
-2.73888e-06
-1.10371e-07
-3.15105e-06
-1.48786e-07
-3.59147e-06
-1.82688e-07
-4.05773e-06
-2.09646e-07
-4.54047e-06
-2.28789e-07
-5.02646e-06
-2.47035e-07
-5.51387e-06
-2.92876e-07
-6.08396e-06
-3.803e-07
-7.22143e-06
-3.89512e-07
-8.76539e-06
-8.60148e-06
2.37995e-07
3.12726e-06
3.79384e-07
4.56881e-06
4.80227e-07
5.28395e-06
5.69779e-07
5.71441e-06
6.34314e-07
5.88985e-06
6.56561e-07
5.73748e-06
6.45894e-07
5.31793e-06
6.24145e-07
4.80227e-06
6.0361e-07
4.29918e-06
5.88825e-07
3.84607e-06
5.79717e-07
3.44084e-06
5.74364e-07
3.06917e-06
5.70814e-07
2.71891e-06
5.6763e-07
2.38292e-06
5.63854e-07
2.05769e-06
5.5884e-07
1.74146e-06
5.52089e-07
1.43298e-06
5.43153e-07
1.13093e-06
5.31605e-07
8.33717e-07
5.17044e-07
5.39579e-07
4.99101e-07
2.46605e-07
4.77445e-07
-4.71728e-08
4.51846e-07
-3.43684e-07
4.2214e-07
-6.44906e-07
3.88266e-07
-9.53015e-07
3.50262e-07
-1.27019e-06
3.08273e-07
-1.59889e-06
2.62618e-07
-1.94215e-06
2.138e-07
-2.30363e-06
1.62557e-07
-2.68763e-06
1.09984e-07
-3.09848e-06
5.77406e-08
-3.53923e-06
8.01125e-09
-4.008e-06
-3.78232e-08
-4.49463e-06
-7.82672e-08
-4.98601e-06
-1.19088e-07
-5.47305e-06
-1.82216e-07
-6.02083e-06
-2.85157e-07
-7.11849e-06
-3.03288e-07
-8.74726e-06
-8.90477e-06
3.12406e-07
2.81486e-06
5.17675e-07
4.36354e-06
6.65145e-07
5.13648e-06
7.93115e-07
5.58644e-06
8.90516e-07
5.79245e-06
9.35223e-07
5.69277e-06
9.3341e-07
5.31974e-06
9.12277e-07
4.8234e-06
8.90484e-07
4.32097e-06
8.75408e-07
3.86115e-06
8.67497e-07
3.44875e-06
8.64395e-07
3.07227e-06
8.63534e-07
2.71977e-06
8.62997e-07
2.38346e-06
8.6153e-07
2.05915e-06
8.5832e-07
1.74467e-06
8.52777e-07
1.43852e-06
8.44395e-07
1.13931e-06
8.32693e-07
8.4542e-07
8.17206e-07
5.55066e-07
7.97507e-07
2.66305e-07
7.73193e-07
-2.28592e-08
7.43955e-07
-3.14447e-07
7.09551e-07
-6.10501e-07
6.69857e-07
-9.13321e-07
6.24869e-07
-1.2252e-06
5.74738e-07
-1.54876e-06
5.19771e-07
-1.88718e-06
4.60429e-07
-2.24428e-06
3.97425e-07
-2.62463e-06
3.31674e-07
-3.03273e-06
2.64424e-07
-3.47198e-06
1.97159e-07
-3.94074e-06
1.31509e-07
-4.42898e-06
6.74785e-08
-4.92198e-06
-6.53232e-10
-5.40492e-06
-8.47743e-08
-5.93671e-06
-2.04156e-07
-6.99911e-06
-2.40907e-07
-8.71051e-06
-9.14567e-06
3.75396e-07
2.43946e-06
6.4814e-07
4.0908e-06
8.43251e-07
4.94137e-06
1.00816e-06
5.42153e-06
1.1396e-06
5.66101e-06
1.21166e-06
5.62071e-06
1.2244e-06
5.307e-06
1.20663e-06
4.84118e-06
1.18358e-06
4.34402e-06
1.16713e-06
3.8776e-06
1.15936e-06
3.45652e-06
1.15793e-06
3.0737e-06
1.1597e-06
2.718e-06
1.16213e-06
2.38103e-06
1.1635e-06
2.05778e-06
1.16271e-06
1.74546e-06
1.15898e-06
1.44225e-06
1.1517e-06
1.14659e-06
1.14031e-06
8.56809e-07
1.12427e-06
5.71104e-07
1.1031e-06
2.87477e-07
1.07631e-06
3.92915e-09
1.04354e-06
-2.81677e-07
1.00445e-06
-5.71409e-07
9.58837e-07
-8.67711e-07
9.06657e-07
-1.17302e-06
8.48045e-07
-1.49014e-06
7.83288e-07
-1.82243e-06
7.12849e-07
-2.17384e-06
6.37376e-07
-2.54916e-06
5.57602e-07
-2.95295e-06
4.74372e-07
-3.38875e-06
3.88625e-07
-3.85499e-06
3.01216e-07
-4.34157e-06
2.12093e-07
-4.83286e-06
1.18775e-07
-5.3116e-06
6.74351e-09
-5.82468e-06
-1.32003e-07
-6.86036e-06
-1.96638e-07
-8.64587e-06
-9.34231e-06
4.19259e-07
2.0202e-06
7.62328e-07
3.74773e-06
1.00989e-06
4.6938e-06
1.21168e-06
5.21974e-06
1.37744e-06
5.49524e-06
1.48204e-06
5.51611e-06
1.51703e-06
5.27201e-06
1.50791e-06
4.8503e-06
1.48518e-06
4.36675e-06
1.4667e-06
3.89608e-06
1.45785e-06
3.46538e-06
1.45718e-06
3.07437e-06
1.46121e-06
2.71396e-06
1.46674e-06
2.37551e-06
1.4714e-06
2.05312e-06
1.47364e-06
1.74322e-06
1.47239e-06
1.44351e-06
1.46684e-06
1.15214e-06
1.45632e-06
8.67329e-07
1.4402e-06
5.87226e-07
1.4179e-06
3.09769e-07
1.38895e-06
3.28831e-08
1.3528e-06
-2.45526e-07
1.3091e-06
-5.27709e-07
1.25758e-06
-8.16195e-07
1.19816e-06
-1.1136e-06
1.1309e-06
-1.42289e-06
1.05607e-06
-1.74759e-06
9.7409e-07
-2.09186e-06
8.85507e-07
-2.46058e-06
7.90876e-07
-2.85832e-06
6.90586e-07
-3.28846e-06
5.84928e-07
-3.74933e-06
4.74049e-07
-4.2307e-06
3.57601e-07
-4.71641e-06
2.33126e-07
-5.18713e-06
9.12507e-08
-5.68281e-06
-6.87229e-08
-6.70039e-06
-1.64256e-07
-8.55034e-06
-9.50657e-06
4.37757e-07
1.58245e-06
8.49742e-07
3.33575e-06
1.15631e-06
4.38723e-06
1.39824e-06
4.97782e-06
1.59897e-06
5.29451e-06
1.74051e-06
5.37457e-06
1.8066e-06
5.20591e-06
1.81453e-06
4.84238e-06
1.79656e-06
4.38472e-06
1.77694e-06
3.9157e-06
1.76614e-06
3.47618e-06
1.76507e-06
3.07544e-06
1.77061e-06
2.70842e-06
1.77902e-06
2.3671e-06
1.7872e-06
2.04493e-06
1.79299e-06
1.73744e-06
1.79485e-06
1.44164e-06
1.79171e-06
1.15528e-06
1.7827e-06
8.76342e-07
1.76706e-06
6.02861e-07
1.74415e-06
3.3268e-07
1.71337e-06
6.36638e-08
1.67415e-06
-2.06307e-07
1.62607e-06
-4.79622e-07
1.56879e-06
-7.58917e-07
1.50218e-06
-1.04699e-06
1.42627e-06
-1.34698e-06
1.34128e-06
-1.6626e-06
1.24753e-06
-1.99812e-06
1.14538e-06
-2.35843e-06
1.03503e-06
-2.74798e-06
9.16388e-07
-3.16981e-06
7.8909e-07
-3.62203e-06
6.52617e-07
-4.09422e-06
5.06174e-07
-4.56997e-06
3.47601e-07
-5.02855e-06
1.73016e-07
-5.50822e-06
-1.48122e-08
-6.51256e-06
-1.40207e-07
-8.42494e-06
-9.64677e-06
4.27626e-07
1.15482e-06
8.98538e-07
2.86483e-06
1.27072e-06
4.01505e-06
1.55925e-06
4.68929e-06
1.79658e-06
5.05718e-06
1.97799e-06
5.19316e-06
2.08417e-06
5.09973e-06
2.12081e-06
4.80574e-06
2.11643e-06
4.3891e-06
2.09982e-06
3.93231e-06
2.08779e-06
3.48821e-06
2.08551e-06
3.07771e-06
2.09154e-06
2.70239e-06
2.10216e-06
2.35648e-06
2.1137e-06
2.03339e-06
2.12326e-06
1.72789e-06
2.12872e-06
1.43617e-06
2.1286e-06
1.15541e-06
2.12174e-06
8.83204e-07
2.10721e-06
6.17382e-07
2.08426e-06
3.55634e-07
2.05217e-06
9.57482e-08
2.01034e-06
-1.64473e-07
1.95827e-06
-4.27552e-07
1.89559e-06
-6.96233e-07
1.8221e-06
-9.735e-07
1.73775e-06
-1.26264e-06
1.64267e-06
-1.56752e-06
1.53702e-06
-1.89246e-06
1.42086e-06
-2.24227e-06
1.29388e-06
-2.621e-06
1.15536e-06
-3.03129e-06
1.00423e-06
-3.47089e-06
8.39404e-07
-3.9294e-06
6.59656e-07
-4.39022e-06
4.63507e-07
-4.8324e-06
2.53573e-07
-5.29829e-06
3.77656e-08
-6.29675e-06
-1.21048e-07
-8.26613e-06
-9.76782e-06
3.8923e-07
7.6559e-07
8.99745e-07
2.35432e-06
1.33943e-06
3.57536e-06
1.68305e-06
4.34566e-06
1.96168e-06
4.77855e-06
2.18499e-06
4.96985e-06
2.33812e-06
4.9466e-06
2.4163e-06
4.72756e-06
2.4388e-06
4.3666e-06
2.43445e-06
3.93667e-06
2.42557e-06
3.49709e-06
2.42307e-06
3.08021e-06
2.429e-06
2.69646e-06
2.44095e-06
2.34453e-06
2.45519e-06
2.01915e-06
2.46828e-06
1.7148e-06
2.47748e-06
1.42698e-06
2.48074e-06
1.15214e-06
2.47655e-06
8.87395e-07
2.46374e-06
6.30197e-07
2.44136e-06
3.78011e-07
2.40859e-06
1.28515e-07
2.36476e-06
-1.20638e-07
2.30931e-06
-3.72106e-07
2.24183e-06
-6.28744e-07
2.16201e-06
-8.93682e-07
2.06968e-06
-1.17031e-06
1.96478e-06
-1.46261e-06
1.84714e-06
-1.77483e-06
1.71636e-06
-2.11149e-06
1.57151e-06
-2.47615e-06
1.41117e-06
-2.87095e-06
1.2334e-06
-3.29312e-06
1.0366e-06
-3.73261e-06
8.19344e-07
-4.17296e-06
5.81446e-07
-4.59451e-06
3.33062e-07
-5.0499e-06
8.77686e-08
-6.05146e-06
-1.05922e-07
-8.07244e-06
-9.87374e-06
3.26011e-07
4.39579e-07
8.4992e-07
1.83041e-06
1.35002e-06
3.07527e-06
1.75436e-06
3.94132e-06
2.08074e-06
4.45217e-06
2.34897e-06
4.70163e-06
2.55374e-06
4.74183e-06
2.68532e-06
4.59598e-06
2.75115e-06
4.30077e-06
2.77414e-06
3.91368e-06
2.77867e-06
3.49256e-06
2.78116e-06
3.07773e-06
2.78868e-06
2.68894e-06
2.80182e-06
2.33138e-06
2.81807e-06
2.0029e-06
2.83404e-06
1.69883e-06
2.8466e-06
1.41442e-06
2.85321e-06
1.14553e-06
2.85191e-06
8.88697e-07
2.84122e-06
6.4089e-07
2.81996e-06
3.99271e-07
2.78715e-06
1.61326e-07
2.74204e-06
-7.55323e-08
2.68403e-06
-3.14096e-07
2.61254e-06
-5.57253e-07
2.52709e-06
-8.08232e-07
2.42733e-06
-1.07055e-06
2.31283e-06
-1.34811e-06
2.18294e-06
-1.64494e-06
2.03656e-06
-1.9651e-06
1.872e-06
-2.31159e-06
1.68704e-06
-2.68599e-06
1.47891e-06
-3.08499e-06
1.24564e-06
-3.49934e-06
9.85885e-07
-3.91321e-06
7.01704e-07
-4.31033e-06
4.12061e-07
-4.76026e-06
1.36228e-07
-5.77563e-06
-9.33568e-08
-7.84286e-06
-9.9671e-06
2.45131e-07
1.94448e-07
7.51544e-07
1.324e-06
1.2917e-06
2.53511e-06
1.75786e-06
3.47515e-06
2.13859e-06
4.07144e-06
2.45579e-06
4.38443e-06
2.71514e-06
4.48248e-06
2.90854e-06
4.40258e-06
3.0338e-06
4.17551e-06
3.10349e-06
3.84399e-06
3.13853e-06
3.45752e-06
3.15798e-06
3.05827e-06
3.17388e-06
2.67304e-06
3.19121e-06
2.31406e-06
3.21022e-06
1.98389e-06
3.22883e-06
1.68022e-06
3.24425e-06
1.399e-06
3.2538e-06
1.13599e-06
3.25522e-06
8.87278e-07
3.24673e-06
6.49382e-07
3.22687e-06
4.19128e-07
3.19451e-06
1.93688e-07
3.14878e-06
-2.98002e-08
3.0889e-06
-2.54219e-07
3.01411e-06
-4.82462e-07
2.92365e-06
-7.17776e-07
2.81678e-06
-9.6367e-07
2.6925e-06
-1.22384e-06
2.54945e-06
-1.50189e-06
2.38567e-06
-1.80132e-06
2.19865e-06
-2.12457e-06
1.98519e-06
-2.47253e-06
1.74184e-06
-2.84164e-06
1.46655e-06
-3.22405e-06
1.15861e-06
-3.60526e-06
8.24187e-07
-3.9759e-06
4.92045e-07
-4.42812e-06
1.86689e-07
-5.47027e-06
-8.03858e-08
-7.57578e-06
-1.00475e-05
1.73188e-07
2.126e-08
6.22593e-07
8.7459e-07
1.16419e-06
1.99351e-06
1.67867e-06
2.96067e-06
2.11698e-06
3.63313e-06
2.48809e-06
4.01331e-06
2.8048e-06
4.16577e-06
3.06479e-06
4.1426e-06
3.26174e-06
3.97856e-06
3.39764e-06
3.70809e-06
3.48503e-06
3.37012e-06
3.54081e-06
3.00249e-06
3.57947e-06
2.63438e-06
3.61021e-06
2.28332e-06
3.6371e-06
1.95699e-06
3.66076e-06
1.65656e-06
3.67991e-06
1.37985e-06
3.69253e-06
1.12336e-06
3.69657e-06
8.83236e-07
3.69018e-06
6.5577e-07
3.67175e-06
4.37562e-07
3.63998e-06
2.2546e-07
3.5938e-06
1.63812e-08
3.53222e-06
-1.92639e-07
3.45419e-06
-4.04435e-07
3.35855e-06
-6.22132e-07
3.24392e-06
-8.49046e-07
3.1086e-06
-1.08851e-06
2.95032e-06
-1.34361e-06
2.76621e-06
-1.61722e-06
2.5528e-06
-1.91116e-06
2.30584e-06
-2.22557e-06
2.02151e-06
-2.55731e-06
1.69795e-06
-2.90048e-06
1.33576e-06
-3.24307e-06
9.48083e-07
-3.58823e-06
5.73999e-07
-4.05403e-06
2.42042e-07
-5.13831e-06
-6.46252e-08
-7.26911e-06
-1.01121e-05
1.23076e-07
-1.01816e-07
4.82444e-07
5.15222e-07
9.78658e-07
1.4973e-06
1.50832e-06
2.43101e-06
1.99717e-06
3.14428e-06
2.42605e-06
3.58443e-06
2.80379e-06
3.78802e-06
3.13314e-06
3.81326e-06
3.40829e-06
3.7034e-06
3.6249e-06
3.49149e-06
3.7859e-06
3.20912e-06
3.90148e-06
2.88692e-06
3.98434e-06
2.55151e-06
4.04556e-06
2.2221e-06
4.09258e-06
1.90997e-06
4.1293e-06
1.61984e-06
4.15702e-06
1.35214e-06
4.17543e-06
1.10495e-06
4.18346e-06
8.75201e-07
4.17975e-06
6.59479e-07
4.16288e-06
4.54434e-07
4.13152e-06
2.56824e-07
4.08441e-06
6.34852e-08
4.02029e-06
-1.28517e-07
3.93789e-06
-3.22032e-07
3.8355e-06
-5.19746e-07
3.71102e-06
-7.24563e-07
3.5619e-06
-9.39395e-07
3.38502e-06
-1.16673e-06
3.17651e-06
-1.40871e-06
2.93184e-06
-1.66649e-06
2.64606e-06
-1.93979e-06
2.31537e-06
-2.22662e-06
1.93785e-06
-2.52297e-06
1.5171e-06
-2.82232e-06
1.07555e-06
-3.14669e-06
6.61428e-07
-3.63991e-06
3.04669e-07
-4.78156e-06
-4.62362e-08
-6.91821e-06
-1.01583e-05
9.03566e-08
-1.92173e-07
3.43541e-07
2.62038e-07
7.50867e-07
1.08997e-06
1.2489e-06
1.93298e-06
1.7644e-06
2.62878e-06
2.24962e-06
3.09922e-06
2.6925e-06
3.34513e-06
3.0938e-06
3.41196e-06
3.44954e-06
3.34766e-06
3.75317e-06
3.18786e-06
4.00156e-06
2.96073e-06
4.1972e-06
2.69128e-06
4.34744e-06
2.40127e-06
4.4615e-06
2.10804e-06
4.54782e-06
1.82365e-06
4.61265e-06
1.555e-06
4.65994e-06
1.30486e-06
4.69171e-06
1.07318e-06
4.70863e-06
8.58278e-07
4.71051e-06
6.57602e-07
4.69666e-06
4.68286e-07
4.66606e-06
2.87419e-07
4.61748e-06
1.12069e-07
4.54939e-06
-6.04273e-08
4.46046e-06
-2.33103e-07
4.34854e-06
-4.07829e-07
4.21097e-06
-5.86993e-07
4.04433e-06
-7.72754e-07
3.8447e-06
-9.67095e-07
3.60732e-06
-1.17134e-06
3.32706e-06
-1.38623e-06
2.9988e-06
-1.61153e-06
2.61885e-06
-1.84666e-06
2.18604e-06
-2.09016e-06
1.70976e-06
-2.34604e-06
1.22137e-06
-2.65829e-06
7.73094e-07
-3.19163e-06
3.87111e-07
-4.39557e-06
-1.96954e-08
-6.5114e-06
-1.0178e-05
5.96579e-08
-2.51831e-07
1.92549e-07
1.29146e-07
4.79607e-07
8.02916e-07
9.06085e-07
1.5065e-06
1.41464e-06
2.12022e-06
1.94299e-06
2.57087e-06
2.45263e-06
2.8355e-06
2.9292e-06
2.9354e-06
3.36637e-06
2.91049e-06
3.75739e-06
2.79683e-06
4.09644e-06
2.62168e-06
4.38139e-06
2.40633e-06
4.61446e-06
2.1682e-06
4.80079e-06
1.92171e-06
4.94681e-06
1.67763e-06
5.05883e-06
1.44298e-06
5.14205e-06
1.22164e-06
5.20028e-06
1.01495e-06
5.23596e-06
8.22599e-07
5.25045e-06
6.43111e-07
5.24428e-06
4.7445e-07
5.2172e-06
3.14503e-07
5.16835e-06
1.60917e-07
5.09587e-06
1.20493e-08
4.99884e-06
-1.36073e-07
4.87467e-06
-2.83656e-07
4.72074e-06
-4.33065e-07
4.53343e-06
-5.85439e-07
4.30823e-06
-7.419e-07
4.03993e-06
-9.03032e-07
3.72331e-06
-1.06961e-06
3.35355e-06
-1.24177e-06
2.92779e-06
-1.4209e-06
2.44889e-06
-1.61126e-06
1.93454e-06
-1.83169e-06
1.42205e-06
-2.1458e-06
9.58477e-07
-2.72806e-06
5.3342e-07
-3.97052e-06
3.87341e-08
-6.01672e-06
-1.01393e-05
-4.99379e-08
-2.01893e-07
-3.28295e-08
1.12038e-07
1.32357e-07
6.37729e-07
4.74968e-07
1.16389e-06
9.52563e-07
1.64263e-06
1.50301e-06
2.02043e-06
2.07254e-06
2.26596e-06
2.62556e-06
2.38238e-06
3.14389e-06
2.39216e-06
3.61875e-06
2.32197e-06
4.04405e-06
2.19638e-06
4.41609e-06
2.0343e-06
4.73394e-06
1.85034e-06
4.99944e-06
1.65621e-06
5.21637e-06
1.4607e-06
5.38938e-06
1.26998e-06
5.52313e-06
1.08788e-06
5.62177e-06
9.16312e-07
5.68861e-06
7.55767e-07
5.72609e-06
6.05632e-07
5.73575e-06
4.6479e-07
5.71822e-06
3.32026e-07
5.67332e-06
2.05821e-07
5.60079e-06
8.45775e-08
5.49831e-06
-3.35945e-08
5.36431e-06
-1.49651e-07
5.19615e-06
-2.64905e-07
4.99056e-06
-3.7985e-07
4.74346e-06
-4.94802e-07
4.45022e-06
-6.09794e-07
4.10625e-06
-7.25637e-07
3.70809e-06
-8.43606e-07
3.2558e-06
-9.68622e-07
2.75768e-06
-1.11313e-06
2.23803e-06
-1.31204e-06
1.73613e-06
-1.6439e-06
1.28548e-06
-2.27741e-06
8.10722e-07
-3.49576e-06
1.78237e-07
-5.38423e-06
-9.96107e-06
-3.00753e-07
9.88605e-08
-4.56899e-07
2.68183e-07
-3.62749e-07
5.4358e-07
-6.85643e-08
8.69708e-07
3.83805e-07
1.19026e-06
9.49611e-07
1.45462e-06
1.56812e-06
1.64745e-06
2.19222e-06
1.75828e-06
2.79003e-06
1.79435e-06
3.3442e-06
1.7678e-06
3.84705e-06
1.69353e-06
4.29511e-06
1.58623e-06
4.68704e-06
1.45841e-06
5.02358e-06
1.31968e-06
5.30698e-06
1.1773e-06
5.54048e-06
1.03648e-06
5.72769e-06
9.00675e-07
5.8722e-06
7.71799e-07
5.97736e-06
6.50607e-07
6.04581e-06
5.37179e-07
6.07945e-06
4.31156e-07
6.07968e-06
3.31793e-07
6.04734e-06
2.38162e-07
5.98262e-06
1.49297e-07
5.88476e-06
6.42607e-08
5.75266e-06
-1.75506e-08
5.58506e-06
-9.72963e-08
5.37924e-06
-1.74032e-07
5.13168e-06
-2.47239e-07
4.84025e-06
-3.18367e-07
4.5028e-06
-3.88189e-07
4.11853e-06
-4.59336e-07
3.68968e-06
-5.39768e-07
3.22667e-06
-6.50128e-07
2.74846e-06
-8.33827e-07
2.27627e-06
-1.17172e-06
1.81107e-06
-1.8122e-06
1.23e-06
-2.91469e-06
4.46173e-07
-4.60041e-06
-9.5149e-06
-5.7096e-07
6.6982e-07
-8.58212e-07
5.55436e-07
-9.02447e-07
5.87814e-07
-6.93498e-07
6.60758e-07
-2.65916e-07
7.62677e-07
3.0894e-07
8.79765e-07
9.66521e-07
9.89872e-07
1.64765e-06
1.07715e-06
2.31415e-06
1.12786e-06
2.9416e-06
1.14034e-06
3.51696e-06
1.11817e-06
4.03461e-06
1.06858e-06
4.49289e-06
1.00014e-06
4.89228e-06
9.20283e-07
5.23475e-06
8.34832e-07
5.52317e-06
7.48055e-07
5.7609e-06
6.6294e-07
5.95143e-06
5.81272e-07
6.09797e-06
5.04073e-07
6.20335e-06
4.31798e-07
6.2702e-06
3.64307e-07
6.30067e-06
3.01315e-07
6.29642e-06
2.42417e-07
6.25857e-06
1.87145e-07
6.18775e-06
1.35081e-07
6.08436e-06
8.58384e-08
5.94842e-06
3.86417e-08
5.78249e-06
-8.10303e-09
5.58545e-06
-5.01948e-08
5.35987e-06
-9.27855e-08
5.10733e-06
-1.35649e-07
4.82897e-06
-1.80974e-07
4.52507e-06
-2.35875e-07
4.19074e-06
-3.15796e-07
3.80793e-06
-4.51018e-07
3.34203e-06
-7.05815e-07
2.71592e-06
-1.18609e-06
1.80226e-06
-2.00104e-06
7.88015e-07
-3.58616e-06
-8.72688e-06
-7.48951e-07
1.41877e-06
-1.0678e-06
8.74289e-07
-9.9364e-07
5.1365e-07
-7.02597e-07
3.69716e-07
-2.66882e-07
3.26962e-07
2.78419e-07
3.34463e-07
8.9391e-07
3.74382e-07
1.54348e-06
4.27579e-07
2.19981e-06
4.71526e-07
2.84087e-06
4.99281e-07
3.44997e-06
5.09076e-07
4.01586e-06
5.0269e-07
4.53217e-06
4.83821e-07
4.9961e-06
4.56359e-07
5.40728e-06
4.23649e-07
5.76704e-06
3.88294e-07
6.07782e-06
3.52157e-07
6.34255e-06
3.16544e-07
6.56441e-06
2.82219e-07
6.74666e-06
2.49547e-07
6.89234e-06
2.18629e-07
7.00419e-06
1.89459e-07
7.08468e-06
1.61931e-07
7.13594e-06
1.35884e-07
7.1599e-06
1.11125e-07
7.15831e-06
8.74257e-08
7.1324e-06
6.45524e-08
7.08186e-06
4.24313e-08
7.01024e-06
2.14285e-08
6.91606e-06
1.39521e-09
6.80246e-06
-2.20516e-08
6.66786e-06
-4.63674e-08
6.50804e-06
-7.60621e-08
6.30743e-06
-1.15182e-07
6.02394e-06
-1.67535e-07
5.55792e-06
-2.39794e-07
4.71027e-06
-3.38432e-07
3.28878e-06
-5.79548e-07
1.58307e-06
-1.88045e-06
-7.14382e-06
1.41877e-06
2.29306e-06
2.80671e-06
3.17643e-06
3.50339e-06
3.83785e-06
4.21223e-06
4.63981e-06
5.11134e-06
5.61062e-06
6.1197e-06
6.62239e-06
7.10621e-06
7.56257e-06
7.98622e-06
8.37451e-06
8.72667e-06
9.04321e-06
9.32543e-06
9.57498e-06
9.7936e-06
9.98306e-06
1.0145e-05
1.02809e-05
1.0392e-05
1.04794e-05
1.0544e-05
1.05864e-05
1.06078e-05
1.06092e-05
1.05872e-05
1.05408e-05
1.04648e-05
1.03496e-05
1.0182e-05
9.94224e-06
9.60381e-06
9.02426e-06
7.14382e-06
)
;

boundaryField
{
    movingWall
    {
        type            calculated;
        value           uniform 0;
    }
    fixedWalls
    {
        type            calculated;
        value           uniform 0;
    }
    frontAndBack
    {
        type            empty;
    }
}


// ************************************************************************* //
