/*--------------------------------*- C++ -*----------------------------------*\
| =========                 |                                                 |
| \\      /  F ield         | OpenFOAM: The Open Source CFD Toolbox           |
|  \\    /   O peration     | Version:  2412                                  |
|   \\  /    A nd           | Website:  www.openfoam.com                      |
|    \\/     M anipulation  |                                                 |
\*---------------------------------------------------------------------------*/
FoamFile
{
    version     2.0;
    format      ascii;
    arch        "LSB;label=32;scalar=64";
    class       volScalarField;
    location    "2.75";
    object      epsilon;
}
// * * * * * * * * * * * * * * * * * * * * * * * * * * * * * * * * * * * * * //

dimensions      [0 2 -3 0 0 0 0];

internalField   nonuniform List<scalar> 
1600
(
0.000109881
0.000162543
0.000257685
0.000359295
0.000447331
0.000516968
0.000565928
0.000593588
0.000603832
0.00064044
0.000856392
0.00180734
0.00377405
0.00730127
0.0125328
0.0190903
0.0261374
0.0327737
0.038306
0.0420802
0.0438857
0.0444421
0.0437621
0.0414364
0.0383092
0.0348189
0.0309891
0.0269957
0.0231277
0.0194567
0.0157623
0.0120065
0.00851557
0.00607185
0.00507122
0.00429934
0.00334665
0.00209751
0.000912679
0.000352207
0.000201668
0.000120264
0.000126782
0.000158115
0.000201851
0.000256545
0.000335319
0.000462749
0.000681352
0.00106612
0.00181113
0.00321331
0.00527966
0.00778442
0.0104356
0.0126395
0.0138696
0.0143141
0.0143176
0.0134716
0.0124034
0.0113088
0.0104048
0.00996621
0.00983508
0.00979295
0.00982707
0.00992033
0.00996264
0.00990926
0.00950936
0.00872171
0.00732669
0.00565205
0.00393911
0.00248565
0.00154087
0.000947366
0.000493323
0.000473446
0.000362218
0.000170879
0.000159443
0.00019929
0.000275598
0.000395199
0.000591951
0.000929178
0.00152535
0.00248975
0.00378986
0.00517102
0.00634965
0.00728467
0.0076752
0.00772681
0.0073001
0.00671611
0.00612946
0.00557512
0.00523225
0.00507357
0.00503234
0.00518772
0.00548849
0.00593533
0.00652277
0.00722365
0.00799777
0.00872975
0.00913451
0.00926139
0.00889229
0.00774524
0.00565461
0.00343069
0.00168189
0.000760651
0.000403012
0.000728595
0.000527236
0.000247515
0.000250628
0.000335966
0.000491746
0.000752983
0.00118625
0.00186742
0.00281321
0.00391145
0.00486846
0.00545766
0.00573653
0.00570511
0.00509764
0.00461726
0.0040442
0.00359794
0.00326927
0.0030744
0.00298715
0.00296181
0.003018
0.00316287
0.00337322
0.00368278
0.00411662
0.00472543
0.0055456
0.00660954
0.00782994
0.00892077
0.00945079
0.00959111
0.00845218
0.00578956
0.00291629
0.0010636
0.000468675
0.00103565
0.000677274
0.000355989
0.000401644
0.000568305
0.000858484
0.00131972
0.00199638
0.00287016
0.0037957
0.00446181
0.00477435
0.00487243
0.0043969
0.00381892
0.00323033
0.00280733
0.00245151
0.00224488
0.00213573
0.0020897
0.0020788
0.00211399
0.00218741
0.00229031
0.00243164
0.00262247
0.00288586
0.00325183
0.00376535
0.00450216
0.00560694
0.00718142
0.00901791
0.0101971
0.0106575
0.00941179
0.00574485
0.00222598
0.000788941
0.00139421
0.000831015
0.000511276
0.00062339
0.000902768
0.00135231
0.00199219
0.00279124
0.00361524
0.00411345
0.00429563
0.00426532
0.00367247
0.00305336
0.00252208
0.0021492
0.0019064
0.00177941
0.00172453
0.00170815
0.00171364
0.0017549
0.00180262
0.00186979
0.00195212
0.00206014
0.00220277
0.0023956
0.00265936
0.00302561
0.00353527
0.00425706
0.00533207
0.0070626
0.00955299
0.0114026
0.0120986
0.0100528
0.00490097
0.00172482
0.001856
0.00107564
0.000729351
0.000915377
0.0013183
0.0019071
0.00264003
0.00339628
0.00383497
0.00397325
0.00383975
0.00328045
0.00262751
0.00212944
0.00179538
0.00161342
0.00152514
0.00148906
0.00147844
0.0014801
0.0015018
0.00153001
0.00156796
0.00162096
0.00169224
0.00178921
0.00192095
0.00210011
0.0023429
0.00266833
0.00309822
0.00366633
0.00445201
0.00562844
0.00755259
0.0107938
0.0130854
0.0137154
0.0096596
0.00360503
0.00245108
0.00167499
0.00102935
0.00126009
0.00177106
0.00244632
0.00317066
0.00361903
0.00374833
0.00361624
0.00308433
0.00243579
0.00191289
0.0015981
0.00143171
0.00135186
0.00131476
0.00129716
0.00128863
0.00128528
0.00128955
0.00130341
0.00132822
0.00136685
0.00142204
0.00149884
0.00160535
0.00175513
0.00196973
0.00227844
0.00271256
0.00329272
0.0040272
0.00497247
0.00637789
0.00875086
0.0131309
0.0154952
0.0150333
0.00689914
0.00323921
0.00258203
0.00138966
0.00162583
0.00221274
0.00291351
0.00342908
0.0035919
0.00352286
0.0030473
0.00239913
0.00183409
0.00148497
0.00131222
0.00122637
0.001184
0.00115721
0.00113584
0.00111973
0.0011118
0.00110938
0.00111854
0.0011399
0.00117298
0.00121957
0.00128174
0.00136402
0.00147527
0.00163264
0.00186706
0.00222804
0.00277882
0.00356628
0.00458118
0.0058327
0.00768041
0.0109545
0.0162511
0.0185039
0.0130502
0.00441116
0.0037361
0.00178337
0.00197776
0.00259986
0.0032281
0.00348559
0.00348957
0.00313007
0.00249648
0.00187162
0.00144827
0.00124024
0.00113849
0.00108716
0.00105346
0.00102427
0.000999578
0.000982427
0.00097434
0.000971989
0.000981305
0.00100253
0.00103435
0.00107814
0.00113471
0.00120642
0.00129814
0.00141992
0.00159163
0.00185194
0.00227138
0.00295617
0.00400525
0.00541602
0.00717561
0.0099325
0.0154419
0.0210295
0.0206655
0.0077824
0.00510455
0.0021867
0.00228871
0.00290416
0.00336299
0.00346598
0.00327445
0.00270872
0.00203685
0.00150229
0.00121861
0.00108443
0.00101827
0.000978831
0.000945146
0.000914894
0.000890653
0.000873916
0.000865789
0.000863169
0.000870245
0.000889331
0.000918844
0.000960262
0.00101421
0.00108208
0.00116661
0.00127373
0.00141593
0.0016188
0.00193351
0.0024585
0.00335332
0.00477599
0.00672674
0.00926371
0.0137518
0.0226352
0.0276128
0.0164706
0.00665052
0.00256942
0.00253532
0.00309534
0.00338976
0.0033954
0.00299714
0.00232982
0.00168249
0.00126498
0.0010689
0.000975324
0.000926578
0.000890236
0.000856472
0.000826871
0.000802743
0.000784276
0.000772802
0.00076795
0.000768786
0.000782708
0.000807885
0.000845874
0.000897569
0.000963981
0.00104658
0.00114861
0.00127772
0.00145114
0.00170579
0.00211824
0.00283914
0.0041113
0.00614953
0.00896361
0.0131829
0.0227077
0.0348291
0.0321693
0.00832199
0.00291021
0.00271987
0.00318035
0.00337062
0.00325312
0.00272192
0.00201629
0.00142762
0.00110992
0.000964363
0.00089401
0.000853035
0.000817737
0.000784445
0.000754563
0.00072812
0.000705362
0.000687302
0.000676594
0.000672773
0.000678088
0.000697588
0.00073135
0.000780624
0.000846537
0.00092993
0.0010322
0.00115742
0.00131667
0.00153633
0.00187483
0.0024568
0.00352661
0.00544115
0.00841331
0.0126864
0.0212969
0.0421737
0.0533539
0.0100653
0.00321178
0.00283
0.00317704
0.00331351
0.00308694
0.00247809
0.00177276
0.00125173
0.00100255
0.000887429
0.000830553
0.000793182
0.000758488
0.000724933
0.000692927
0.000662377
0.000633845
0.000608897
0.000590332
0.00058159
0.000579836
0.000592161
0.000621132
0.000667255
0.000732301
0.000817235
0.000922439
0.0010492
0.00120368
0.00140461
0.00169767
0.00218622
0.00309386
0.00483738
0.00788974
0.012474
0.0209854
0.0454998
0.0767957
0.0117551
0.00347445
0.00288336
0.0031414
0.00321569
0.0029224
0.00227692
0.00158911
0.00113353
0.000925433
0.000828749
0.000779762
0.000744198
0.000709585
0.000674696
0.000639619
0.000604439
0.0005702
0.000539116
0.000514005
0.000499435
0.000494147
0.000499222
0.000522805
0.000564532
0.000627044
0.000712351
0.000820903
0.000952043
0.0011075
0.00129906
0.00156183
0.00198133
0.00275286
0.00429234
0.00725575
0.0121323
0.0207504
0.0476565
0.100148
0.0133803
0.00370408
0.00288254
0.00306215
0.00310106
0.00277406
0.00212274
0.00146292
0.00105268
0.000868526
0.000783294
0.000738531
0.000703798
0.000668782
0.00063221
0.000594159
0.000554997
0.00051635
0.000480918
0.000451691
0.000433048
0.000425581
0.000425643
0.000443543
0.000479624
0.00053726
0.000620358
0.000730769
0.000867161
0.00102745
0.00121697
0.00146164
0.00183402
0.00250784
0.00388328
0.0067179
0.0117907
0.0205456
0.0486782
0.121889
0.0148864
0.00390939
0.00286652
0.00295656
0.00297778
0.00264757
0.00201093
0.00137555
0.000997726
0.000827403
0.000747364
0.000704764
0.000670343
0.000634845
0.000596944
0.000556766
0.000515074
0.000473994
0.000436544
0.000405756
0.000385026
0.000375809
0.000374289
0.000386991
0.000416862
0.000467657
0.000545639
0.000655277
0.000796159
0.000963249
0.00115563
0.00138984
0.00172683
0.00232067
0.00354942
0.00623401
0.011466
0.0204667
0.0490533
0.141225
0.0162242
0.00410942
0.00282935
0.00283745
0.00285276
0.00254477
0.00194083
0.00133762
0.000962546
0.000796387
0.00071989
0.000677026
0.000642693
0.000607077
0.00056864
0.000527599
0.0004851
0.00044358
0.000406171
0.000375764
0.000354935
0.000345331
0.00034334
0.000352574
0.000376113
0.000419352
0.000490283
0.000596656
0.000740607
0.000915282
0.00111431
0.00134684
0.00165729
0.0021893
0.00329723
0.00583307
0.0111744
0.0204604
0.0491049
0.157971
0.0173261
0.00427442
0.00277402
0.00271343
0.00272941
0.00246215
0.00190812
0.00133983
0.000961859
0.000779456
0.000697667
0.000654887
0.000620193
0.000584867
0.000546874
0.000506349
0.000464643
0.000424302
0.000388424
0.00035962
0.000339739
0.000330399
0.000328758
0.000336282
0.000355272
0.000390906
0.000453597
0.000555426
0.000701284
0.000885211
0.00109368
0.00132741
0.00162276
0.00210008
0.00310332
0.00549736
0.0109467
0.0207221
0.0490383
0.1722
0.0181096
0.00449178
0.002715
0.00258875
0.00261093
0.0023971
0.00190942
0.00135505
0.000970124
0.000779214
0.000683575
0.000636683
0.000602427
0.000567983
0.000531219
0.000492272
0.000452528
0.000414643
0.000381676
0.000354894
0.000335916
0.000326063
0.000324355
0.000330784
0.000346755
0.000377608
0.000434888
0.000533019
0.00068047
0.000871569
0.0010865
0.00132228
0.00161049
0.00205191
0.00296013
0.00521268
0.0107323
0.0211408
0.04926
0.184497
0.0182176
0.00472945
0.00267962
0.00247046
0.00249436
0.00234056
0.00191989
0.00139156
0.000994019
0.000785551
0.000683197
0.000624718
0.000587844
0.000554856
0.000520308
0.000484016
0.000448097
0.00041369
0.000382539
0.000357006
0.000338921
0.000328981
0.000326717
0.000331351
0.000344876
0.000373105
0.000427256
0.000523657
0.00067263
0.000868669
0.00109527
0.0013382
0.00161662
0.00203203
0.00285871
0.0049742
0.0105386
0.0217372
0.050159
0.195513
0.0179759
0.00494797
0.00266615
0.00236394
0.00237965
0.00228272
0.00194595
0.00145634
0.00104449
0.000805231
0.000687776
0.000624213
0.000580908
0.000545866
0.00051331
0.000481269
0.00044856
0.000416086
0.000387058
0.000363669
0.000346861
0.000337054
0.000334657
0.00033831
0.000349785
0.000374977
0.000426213
0.000522412
0.000676918
0.000885432
0.00112448
0.00137443
0.00164752
0.00202911
0.00279209
0.00477188
0.0103373
0.0224106
0.0516945
0.205748
0.0172958
0.00509049
0.00266472
0.00227042
0.00226921
0.00221823
0.00198239
0.00154226
0.00112656
0.000848769
0.000703259
0.000628155
0.000581253
0.00054506
0.000513115
0.000482039
0.000451196
0.000422013
0.000396055
0.000374516
0.000358468
0.000348458
0.00034595
0.000349196
0.000360155
0.000385406
0.000438046
0.000538869
0.000701028
0.000919071
0.00116822
0.00142469
0.00169419
0.00205231
0.00275685
0.00460044
0.0101205
0.0231339
0.0538916
0.215621
0.0160177
0.00508352
0.00266011
0.00218805
0.00216353
0.00214561
0.00199738
0.00164593
0.00123885
0.000926785
0.000739041
0.000642198
0.000586317
0.000547302
0.000514895
0.000484846
0.00045672
0.000430499
0.000406979
0.000387157
0.000371912
0.00036183
0.000359648
0.000363029
0.000374653
0.000402026
0.000459655
0.000568418
0.000740092
0.000967914
0.00122541
0.00148634
0.00175152
0.00208741
0.00273742
0.0044616
0.00986844
0.0238398
0.0566884
0.22542
0.0143804
0.00499171
0.00264597
0.00211418
0.00206198
0.00206882
0.001991
0.00175357
0.00137698
0.00104454
0.000812736
0.0006767
0.000602552
0.000555821
0.000520812
0.000490869
0.000464396
0.000440362
0.00041894
0.000400745
0.000386455
0.000376815
0.000375885
0.000380167
0.000394123
0.000426495
0.000493604
0.000613619
0.000795917
0.00103143
0.00129332
0.00155517
0.00181455
0.00212924
0.00272706
0.00433559
0.00959993
0.0244762
0.0600185
0.235375
0.0124992
0.00475243
0.00260929
0.00204476
0.00196479
0.00198552
0.00196099
0.00182655
0.00153347
0.00120149
0.000932796
0.000749618
0.000641683
0.000578117
0.00053552
0.000502945
0.000475775
0.000452594
0.000432567
0.000415811
0.000402551
0.000395136
0.000395915
0.000402602
0.000421418
0.000462829
0.000543563
0.000676609
0.000868315
0.00110722
0.00136784
0.00162601
0.00187749
0.00217154
0.00271804
0.00421164
0.00929933
0.0250006
0.0638174
0.245616
0.0105211
0.00434771
0.00252892
0.00197202
0.00186899
0.00189318
0.00190717
0.00184534
0.00167044
0.00138285
0.00110467
0.000882378
0.000725957
0.00062951
0.000569377
0.000528174
0.000496868
0.000471743
0.000451505
0.000435625
0.000423493
0.000420243
0.000423456
0.000435119
0.000462498
0.000518217
0.000613486
0.000758747
0.000955436
0.00119094
0.00144332
0.00169291
0.0019344
0.00220901
0.0027051
0.00408464
0.00897954
0.0252571
0.0680363
0.256258
0.00859445
0.00385385
0.00239488
0.00188784
0.0017719
0.00179324
0.0018437
0.00183451
0.00175736
0.00156825
0.00131268
0.00107527
0.000882865
0.00074039
0.000644467
0.000583224
0.000540771
0.000509612
0.00048635
0.000469272
0.000460062
0.00046108
0.00046849
0.000487902
0.000528422
0.000598619
0.000706798
0.000858871
0.00105238
0.00127582
0.00151285
0.00174963
0.00197963
0.00223358
0.00268264
0.00394465
0.00859522
0.0253268
0.0726084
0.267353
0.00684255
0.00331394
0.00221381
0.0017867
0.00167177
0.00169118
0.001758
0.0018043
0.00178054
0.00169497
0.00152108
0.00130745
0.00110533
0.00093486
0.000801918
0.00070394
0.00063571
0.000589071
0.000557721
0.000536358
0.000530218
0.000534058
0.000547231
0.00057619
0.000628558
0.000708756
0.00082227
0.000970803
0.00115044
0.00135319
0.00156937
0.00178646
0.00200449
0.00224351
0.00264838
0.0037918
0.00815901
0.0251474
0.0773759
0.278933
0.00534911
0.00277306
0.00199454
0.00166562
0.00156678
0.00158682
0.00165914
0.0017433
0.00177406
0.00175325
0.00167826
0.00153165
0.00135785
0.00118852
0.00103964
0.000917379
0.000822854
0.000752736
0.000704329
0.000671912
0.000660526
0.000664303
0.000678589
0.000710108
0.000764979
0.00084429
0.000950234
0.00108256
0.00123827
0.00141438
0.00160255
0.00180155
0.00201304
0.00224429
0.00260318
0.00362281
0.00763979
0.0245036
0.0821313
0.291009
0.00415535
0.00226996
0.00175202
0.00152501
0.00145578
0.00148043
0.00155587
0.0016603
0.00174542
0.00176911
0.00175376
0.00169723
0.00158621
0.00145012
0.00131302
0.00118728
0.00107985
0.000993173
0.000927348
0.000881141
0.00085166
0.000849299
0.000857101
0.000879049
0.000923113
0.000987695
0.00107316
0.00117941
0.00130558
0.00145055
0.00161456
0.00180272
0.00200816
0.00223023
0.00254757
0.00344562
0.00707174
0.0235384
0.0866006
0.303606
0.00326127
0.00183171
0.00150379
0.00136989
0.0013395
0.00137307
0.00145453
0.001568
0.00167953
0.00175632
0.00178766
0.00177987
0.00174264
0.00166393
0.00156105
0.00145358
0.00135109
0.00125981
0.00118315
0.00112292
0.00107872
0.00105163
0.00104777
0.00105455
0.0010748
0.00111537
0.00117367
0.00125079
0.00134787
0.00146632
0.00161176
0.00178606
0.0019875
0.00220696
0.00248798
0.00326733
0.00645952
0.0222241
0.0903248
0.31671
0.00264127
0.00147067
0.00126562
0.00120657
0.00121821
0.00126775
0.00136041
0.00147781
0.00160041
0.00171179
0.00178199
0.00181736
0.0018171
0.00179331
0.00173769
0.00165993
0.00157503
0.0014903
0.00141115
0.0013415
0.00128349
0.00123851
0.00120881
0.00119613
0.00119931
0.00121368
0.00124555
0.00129809
0.00137252
0.0014719
0.00160318
0.00176952
0.00196986
0.00219232
0.00244373
0.00310728
0.00585286
0.0207099
0.0921396
0.330254
0.00227945
0.00118365
0.00105051
0.0010523
0.00109717
0.00117527
0.00127816
0.00139883
0.00152544
0.00164593
0.00174817
0.00181506
0.00184864
0.00184747
0.00182849
0.00178379
0.00171928
0.00164649
0.00157135
0.00149891
0.001433
0.00137657
0.00133214
0.00130114
0.00128768
0.00129151
0.00130736
0.00134267
0.00140348
0.00149089
0.00161055
0.00176879
0.00196777
0.00219313
0.00242951
0.00303152
0.00551375
0.0194417
0.0926426
0.344427
0.00215389
0.000980146
0.00086476
0.000900914
0.000980659
0.00109116
0.00121941
0.00135321
0.00148549
0.00160934
0.00171816
0.00180362
0.0018596
0.00188047
0.00187432
0.00185095
0.00180472
0.00174545
0.00167962
0.00161275
0.00154963
0.0014937
0.00144802
0.00141442
0.00139668
0.00139852
0.00141137
0.00144302
0.00150132
0.00158644
0.0017036
0.0018598
0.00206071
0.00229935
0.00253652
0.00310221
0.00545436
0.0188906
0.0916637
0.360067
0.00226929
0.000845898
0.000721364
0.000808322
0.000949894
0.0011012
0.00125015
0.00139716
0.00153749
0.0016666
0.00178001
0.00187253
0.00194069
0.00198388
0.00199674
0.0019913
0.00197192
0.0019341
0.00188718
0.00183714
0.0017887
0.00174595
0.00171299
0.00169088
0.00169014
0.00170017
0.00172649
0.0017759
0.00184846
0.00195111
0.0020873
0.0022651
0.00249473
0.00278861
0.00312069
0.00387857
0.00660941
0.0202144
0.0918133
0.379007
0.00250491
0.000902757
0.000799896
0.00094523
0.00115639
0.00138117
0.00159922
0.00180169
0.00198546
0.00215015
0.00229522
0.00241944
0.00252117
0.00260172
0.00265783
0.00269237
0.00271511
0.00272525
0.00272725
0.00272719
0.00272966
0.0027387
0.00275956
0.00279527
0.00285181
0.00292912
0.00302792
0.00315563
0.00331137
0.00350399
0.00374035
0.00402874
0.0044013
0.00492144
0.00565821
0.00726007
0.0118163
0.0297207
0.109852
0.40375
0.00427945
0.00224186
0.00277413
0.00341045
0.00404608
0.00465192
0.00519421
0.00566712
0.00607247
0.00642717
0.0067429
0.00702558
0.00727953
0.00750799
0.00771709
0.00790629
0.00808542
0.0082638
0.00844648
0.00863944
0.00884664
0.00908006
0.00934024
0.00963829
0.00998131
0.0103739
0.0108146
0.0113344
0.011926
0.0126256
0.0134505
0.0144112
0.0156862
0.0169603
0.0192543
0.0233731
0.0321632
0.0585168
0.146472
0.441189
0.0149736
0.029623
0.0422796
0.0492352
0.0536184
0.0566997
0.0588912
0.060463
0.0614621
0.0621551
0.0626792
0.0631048
0.0634801
0.0638328
0.0642
0.064597
0.0650431
0.0655587
0.0661592
0.0668697
0.0676915
0.0686498
0.0697402
0.0709865
0.0723731
0.073946
0.0756482
0.0775729
0.0796147
0.0819415
0.0843949
0.0871951
0.0903935
0.0936768
0.0992584
0.109836
0.123931
0.159742
0.248668
0.504905
0.269559
0.512015
0.674565
0.740075
0.764317
0.770537
0.768614
0.762822
0.752451
0.740606
0.728147
0.71556
0.703136
0.691051
0.679422
0.668325
0.657804
0.647886
0.638575
0.629876
0.621773
0.614252
0.60728
0.600839
0.594868
0.589372
0.584264
0.579593
0.575229
0.57134
0.567729
0.564862
0.562423
0.561645
0.561904
0.563043
0.567148
0.574843
0.622509
0.592177
)
;

boundaryField
{
    movingWall
    {
        type            epsilonWallFunction;
        blending        stepwise;
        value           nonuniform List<scalar> 
40
(
0.269559
0.512015
0.674565
0.740075
0.764317
0.770537
0.768614
0.762822
0.752451
0.740606
0.728147
0.71556
0.703136
0.691051
0.679422
0.668325
0.657804
0.647886
0.638575
0.629876
0.621773
0.614252
0.60728
0.600839
0.594868
0.589372
0.584264
0.579593
0.575229
0.57134
0.567729
0.564862
0.562423
0.561645
0.561904
0.563043
0.567148
0.574843
0.622509
0.592177
)
;
    }
    fixedWalls
    {
        type            epsilonWallFunction;
        blending        stepwise;
        value           nonuniform List<scalar> 
120
(
0.000109881
0.000201668
0.000362218
0.000527236
0.000677274
0.000831015
0.00107564
0.00167499
0.00258203
0.0037361
0.00510455
0.00665052
0.00832199
0.0100653
0.0117551
0.0133803
0.0148864
0.0162242
0.0173261
0.0181096
0.0182176
0.0179759
0.0172958
0.0160177
0.0143804
0.0124992
0.0105211
0.00859445
0.00684255
0.00534911
0.00415535
0.00326127
0.00264127
0.00227945
0.00215389
0.00226929
0.00250491
0.00427945
0.0149736
0.269559
0.000352207
0.000473446
0.000728595
0.00103565
0.00139421
0.001856
0.00245108
0.00323921
0.00441116
0.0077824
0.0164706
0.0321693
0.0533539
0.0767957
0.100148
0.121889
0.141225
0.157971
0.1722
0.184497
0.195513
0.205748
0.215621
0.22542
0.235375
0.245616
0.256258
0.267353
0.278933
0.291009
0.303606
0.31671
0.330254
0.344427
0.360067
0.379007
0.40375
0.441189
0.504905
0.592177
0.000109881
0.000162543
0.000257685
0.000359295
0.000447331
0.000516968
0.000565928
0.000593588
0.000603832
0.00064044
0.000856392
0.00180734
0.00377405
0.00730127
0.0125328
0.0190903
0.0261374
0.0327737
0.038306
0.0420802
0.0438857
0.0444421
0.0437621
0.0414364
0.0383092
0.0348189
0.0309891
0.0269957
0.0231277
0.0194567
0.0157623
0.0120065
0.00851557
0.00607185
0.00507122
0.00429934
0.00334665
0.00209751
0.000912679
0.000352207
)
;
    }
    frontAndBack
    {
        type            empty;
    }
}


// ************************************************************************* //
