/*--------------------------------*- C++ -*----------------------------------*\
| =========                 |                                                 |
| \\      /  F ield         | OpenFOAM: The Open Source CFD Toolbox           |
|  \\    /   O peration     | Version:  2412                                  |
|   \\  /    A nd           | Website:  www.openfoam.com                      |
|    \\/     M anipulation  |                                                 |
\*---------------------------------------------------------------------------*/
FoamFile
{
    version     2.0;
    format      ascii;
    arch        "LSB;label=32;scalar=64";
    class       volScalarField;
    location    "2.75";
    object      k;
}
// * * * * * * * * * * * * * * * * * * * * * * * * * * * * * * * * * * * * * //

dimensions      [0 2 -2 0 0 0 0];

internalField   nonuniform List<scalar> 
1600
(
4.91403e-05
6.37923e-05
8.67794e-05
0.000108388
0.000125504
0.000138239
0.00014682
0.000151517
0.000153181
0.000159233
0.000193184
0.00031814
0.000520103
0.000807634
0.00115741
0.00153143
0.00188711
0.0021933
0.0024327
0.00258904
0.00266207
0.00268426
0.00265629
0.00256121
0.00243052
0.0022805
0.00210993
0.00192449
0.00173586
0.00154712
0.00134485
0.00112204
0.000892821
0.000713169
0.000632625
0.000567123
0.000480453
0.000352421
0.000202593
0.000107356
7.37347e-05
7.46809e-05
9.34529e-05
0.000115757
0.000136255
0.00015727
0.000181042
0.000211374
0.000254305
0.000324047
0.000447776
0.000626545
0.000837243
0.00105323
0.00123724
0.00138545
0.00147133
0.00151031
0.00152359
0.00152641
0.00151922
0.00151678
0.001522
0.00154511
0.00159337
0.00164428
0.00171009
0.00176928
0.00180116
0.00181133
0.00178723
0.0017171
0.00155588
0.00132539
0.0010054
0.000695604
0.000444272
0.000275845
0.000160845
0.00013062
0.000109092
0.000113844
0.000147357
0.000183142
0.000220013
0.000262832
0.000320056
0.000402149
0.000517066
0.00066541
0.000829718
0.000983489
0.0010934
0.00115752
0.00120483
0.00121988
0.00121877
0.00119933
0.00118751
0.00118165
0.00117999
0.00119286
0.00121824
0.00125519
0.00130755
0.00137416
0.00145775
0.00155445
0.00165936
0.00174643
0.00178746
0.00179462
0.00170406
0.00159173
0.00131537
0.000934805
0.000561307
0.000295572
0.000162372
0.000173889
0.000140214
0.000166897
0.000223252
0.000278879
0.000340898
0.000418558
0.00052079
0.000650673
0.000800476
0.000946613
0.00104225
0.00108395
0.00110058
0.00110783
0.00108749
0.00102135
0.000991621
0.000949638
0.00092958
0.000914582
0.00090896
0.00090842
0.000919502
0.000935987
0.00096239
0.000997559
0.00104538
0.00110954
0.00119773
0.00132373
0.00148423
0.00162826
0.00168886
0.00168678
0.00159225
0.00126922
0.000798369
0.000381067
0.000184997
0.000219561
0.000165739
0.000234998
0.000320814
0.000402343
0.000494552
0.000607274
0.000741554
0.000886186
0.00100502
0.00105612
0.00106734
0.00106207
0.00103643
0.000964601
0.000885931
0.0008395
0.000808947
0.000789612
0.000782819
0.00078171
0.000790038
0.000801722
0.00081642
0.000834552
0.000853959
0.00087689
0.000905411
0.000943111
0.000993334
0.0010621
0.00115883
0.00130501
0.0015381
0.00166898
0.00170638
0.00162506
0.00120486
0.000599944
0.000263858
0.00026745
0.00018983
0.000319344
0.00043974
0.000549201
0.000668267
0.000801428
0.000938071
0.00103188
0.00106427
0.00106186
0.00103427
0.000982386
0.000880794
0.000798617
0.000758944
0.000741063
0.0007354
0.000739158
0.000756696
0.000771914
0.000790331
0.000806596
0.000822523
0.000837545
0.000851834
0.00086849
0.000888601
0.000914934
0.000949032
0.000992088
0.00104953
0.00113191
0.00126481
0.0015052
0.0017093
0.0017682
0.00164133
0.00101325
0.000439389
0.000323441
0.000224817
0.000418877
0.000574296
0.00070771
0.000841156
0.000971117
0.00105488
0.00108128
0.00106705
0.0010247
0.000942314
0.000829781
0.000751876
0.000717696
0.000707413
0.00070742
0.000725626
0.000743941
0.00076793
0.000790076
0.000811389
0.000830123
0.000846196
0.000860698
0.000874109
0.000888005
0.000903847
0.000924116
0.000951117
0.000986933
0.00103167
0.00108802
0.00116239
0.00129286
0.00154345
0.00178243
0.00183286
0.00152004
0.000691977
0.0003891
0.000301396
0.000528928
0.00071495
0.000863661
0.000995535
0.00108136
0.00110811
0.00109257
0.00103445
0.000934269
0.000810489
0.000728132
0.000694174
0.000685344
0.00068952
0.000710573
0.000734232
0.000761262
0.000785631
0.000806497
0.000826386
0.000844894
0.000862329
0.000879005
0.000894508
0.00090945
0.000924953
0.000943731
0.000968674
0.00100219
0.00104409
0.00109125
0.00114565
0.0012276
0.00136975
0.00167006
0.00187456
0.00187005
0.00105675
0.000468391
0.000402382
0.000640066
0.00085104
0.00100564
0.00110918
0.00114503
0.00113791
0.00106872
0.00095758
0.000820619
0.000720655
0.000679878
0.000669129
0.000671812
0.000693446
0.000720885
0.000747556
0.000770703
0.000791741
0.000811553
0.000831161
0.000850537
0.000869629
0.000888457
0.000907112
0.000925157
0.00094252
0.000959602
0.000980014
0.00100962
0.00105236
0.00110812
0.0011711
0.00122263
0.00131866
0.00150272
0.0018739
0.00201749
0.00156343
0.000575036
0.000515027
0.000744005
0.000974004
0.00112014
0.00118087
0.00118658
0.00112691
0.00101265
0.000862626
0.000732202
0.000674654
0.000657234
0.000656232
0.000674011
0.000701861
0.000728252
0.000750509
0.000770584
0.000789886
0.000808348
0.000827029
0.000846461
0.000866816
0.00088798
0.000909376
0.000930393
0.000950827
0.000971583
0.000993489
0.00101846
0.00105459
0.00110995
0.00118284
0.00126266
0.00131784
0.00144177
0.00172481
0.00208055
0.00201589
0.000840272
0.000634386
0.00083483
0.00107748
0.00120049
0.00123354
0.00120391
0.00109583
0.000938855
0.000778296
0.000683087
0.00064999
0.000643692
0.000653223
0.000678979
0.000706206
0.000728484
0.0007483
0.000765376
0.000780542
0.000795059
0.0008102
0.000827189
0.00084703
0.000869708
0.000894749
0.000921299
0.000948138
0.00097402
0.000999281
0.00102687
0.00106022
0.00110819
0.00118234
0.00127808
0.00137738
0.00143884
0.00164548
0.00212266
0.00233422
0.0013849
0.000756983
0.000909632
0.00115312
0.00125476
0.00126818
0.00119754
0.00104897
0.00086874
0.000718522
0.000654025
0.000635972
0.000635633
0.000653982
0.000681629
0.000705623
0.00072529
0.000740243
0.00075103
0.000759253
0.000767353
0.000777159
0.00079016
0.000807665
0.000830242
0.000857864
0.000889809
0.000924672
0.000960579
0.000995699
0.00102917
0.00106435
0.0011088
0.00117512
0.00127819
0.00140235
0.00151429
0.00162509
0.00207708
0.00259888
0.00216294
0.000879206
0.000965303
0.00120203
0.00128827
0.00128749
0.00118211
0.00100165
0.000809092
0.000682235
0.000636079
0.000625917
0.000631378
0.000654442
0.000680967
0.000702128
0.000716384
0.000723333
0.000726271
0.000727251
0.000727965
0.000731103
0.000738297
0.000751798
0.000772806
0.000801771
0.000838312
0.000881044
0.000927602
0.000975093
0.00102106
0.00106497
0.00111125
0.00117276
0.00126759
0.00140838
0.00155641
0.00166662
0.0020015
0.00285514
0.00302897
0.000998318
0.00100329
0.00122981
0.00130684
0.00128958
0.00115987
0.000959857
0.000764426
0.000658771
0.000623836
0.000618218
0.000628758
0.000653684
0.000678197
0.000693529
0.000699428
0.000700184
0.000695617
0.000688124
0.000681051
0.000677964
0.000678148
0.000686555
0.000704704
0.000733548
0.000773269
0.000822869
0.000879803
0.000940239
0.00100011
0.00105683
0.00111164
0.00117356
0.00126303
0.0014056
0.00158872
0.0017342
0.00196879
0.00297813
0.00386007
0.00110732
0.00102455
0.00123366
0.00130653
0.00128495
0.00113835
0.000927911
0.000734431
0.000642854
0.000614774
0.000612062
0.000626224
0.000651282
0.000671234
0.000679228
0.000680321
0.000674297
0.000662213
0.000647219
0.000632667
0.000622614
0.000618745
0.000621127
0.000635336
0.000662347
0.000703095
0.000757487
0.000823385
0.000896344
0.000970653
0.00104153
0.00110779
0.00117523
0.00126156
0.00139842
0.00160215
0.00180314
0.00201491
0.00301568
0.00460653
0.00120724
0.00103357
0.00122783
0.00130022
0.00127429
0.00112071
0.000905172
0.00071617
0.00063207
0.000607588
0.000606566
0.000622416
0.000645806
0.000659833
0.000663669
0.000660223
0.000648158
0.000630036
0.000609244
0.000589275
0.000573458
0.000565872
0.000564475
0.000573942
0.000597474
0.000636625
0.000692761
0.000764981
0.000848864
0.000937174
0.00102265
0.00110143
0.00117703
0.00126362
0.00139545
0.00160647
0.00185126
0.00206747
0.00303516
0.00525044
0.00129631
0.00103169
0.0012121
0.0012852
0.00125976
0.00110868
0.000894613
0.000707991
0.000624481
0.000601293
0.00060104
0.000616687
0.000637185
0.000646968
0.000648172
0.000640665
0.000624391
0.0006023
0.000577942
0.000554833
0.000535947
0.000525219
0.000521795
0.000526947
0.000545964
0.000581158
0.000635699
0.000710824
0.000803067
0.000904078
0.00100391
0.00109611
0.00118041
0.00126932
0.001395
0.00160779
0.00189458
0.00213598
0.00304716
0.0057915
0.00137297
0.00102422
0.00118471
0.00126197
0.00124404
0.00110332
0.000896784
0.00070991
0.000621968
0.000595946
0.000595017
0.000609291
0.000626651
0.000633824
0.000633221
0.000623146
0.000604689
0.000580844
0.000555193
0.000531153
0.000511443
0.00049899
0.00049423
0.000496333
0.000510651
0.000540568
0.000590895
0.000665652
0.000763309
0.000875094
0.000988162
0.00109396
0.00118704
0.00127924
0.0014003
0.00160789
0.00192259
0.00220346
0.00306359
0.00624041
0.00143456
0.00100907
0.00115016
0.00123412
0.00122754
0.0011039
0.000904882
0.000717823
0.000623063
0.000590949
0.000588673
0.000600468
0.000615056
0.000620981
0.000619256
0.000608339
0.000589601
0.000565961
0.000540887
0.000517608
0.000498584
0.000485855
0.000480579
0.000481228
0.000491424
0.000515068
0.000559738
0.000631981
0.000732567
0.000853247
0.000979986
0.00109584
0.0011984
0.00129389
0.00141023
0.00161002
0.0019465
0.00227486
0.00309412
0.00660951
0.00147769
0.000988995
0.00111162
0.00120332
0.00121016
0.00110645
0.000921875
0.00073581
0.000628291
0.000588828
0.000582003
0.000590614
0.00060282
0.000608437
0.0006065
0.000596131
0.000578656
0.000556699
0.000533454
0.000511924
0.000494322
0.000481938
0.000476073
0.000475914
0.000483323
0.000502573
0.000541767
0.000610926
0.000713723
0.000842048
0.000977697
0.00110491
0.00121574
0.00131375
0.00142456
0.00161298
0.00196101
0.00234413
0.00314739
0.00692044
0.00148378
0.000966107
0.00106948
0.00116848
0.00119051
0.00111243
0.000947424
0.000764521
0.000641032
0.000590285
0.000575702
0.000580553
0.000590258
0.000595781
0.000594467
0.000586059
0.000570767
0.000551397
0.00053073
0.000511499
0.000495246
0.000483391
0.000476624
0.000475518
0.00048123
0.000497893
0.000533632
0.000601081
0.000705512
0.000838531
0.0009831
0.00112107
0.00123929
0.00133894
0.00144321
0.00161784
0.00196812
0.00241089
0.00322556
0.00719317
0.00147071
0.000939732
0.00102506
0.00112987
0.00116765
0.00111662
0.000979041
0.000803389
0.000666348
0.000596959
0.000574204
0.000571565
0.000577382
0.000583015
0.000582618
0.000576865
0.00056456
0.000548262
0.000530459
0.000513236
0.000498564
0.000487402
0.000480379
0.000478782
0.00048298
0.000497361
0.000531351
0.000598306
0.000704138
0.000843602
0.000997908
0.00114451
0.00126857
0.00136867
0.00146503
0.00162389
0.00197045
0.00247207
0.00332923
0.00744202
0.00143351
0.000908818
0.000978409
0.00108798
0.00114168
0.00111619
0.00101469
0.000851441
0.00070473
0.000613313
0.000577085
0.000565975
0.000566496
0.000569847
0.000570479
0.000567156
0.000558494
0.000545474
0.000530558
0.000515849
0.000502679
0.00049215
0.00048517
0.000483738
0.000487726
0.000501775
0.000535601
0.000604503
0.000714921
0.000860439
0.00102143
0.00117445
0.00130246
0.00140144
0.00148862
0.00162954
0.00196603
0.00252471
0.00345357
0.00767814
0.001362
0.000873853
0.000929761
0.00104309
0.00111208
0.00111095
0.00104621
0.000907326
0.000758446
0.000647504
0.000588665
0.000567405
0.000559997
0.000558597
0.000558497
0.000556568
0.000551035
0.000541377
0.000529669
0.000517313
0.000505838
0.0004963
0.000489923
0.000489431
0.000494152
0.000509882
0.000546933
0.000620891
0.000736227
0.000886624
0.00105236
0.00120941
0.00133925
0.00143551
0.00151219
0.00163252
0.00195007
0.00256667
0.00359722
0.00790896
0.00126741
0.000831665
0.000880142
0.000994233
0.00107659
0.00109903
0.00106524
0.000965281
0.000824336
0.000700826
0.000616393
0.000577054
0.00056155
0.000554539
0.000550229
0.000547033
0.000542624
0.000535718
0.000526948
0.000517222
0.000507712
0.000499625
0.000494888
0.000495811
0.000502658
0.000522241
0.000565895
0.000646602
0.00076754
0.000921517
0.00108926
0.0012473
0.00137644
0.00146827
0.00153356
0.00163344
0.00192704
0.00259039
0.00375538
0.00814003
0.00115405
0.00078146
0.000827936
0.00094207
0.00103552
0.00108093
0.00107012
0.0010134
0.000898022
0.000773797
0.000671991
0.000604565
0.00057276
0.000558093
0.000550294
0.000544237
0.000538559
0.000532259
0.000525117
0.000517383
0.000509672
0.000503384
0.000501507
0.000504389
0.00051514
0.000541204
0.000594524
0.000682915
0.000808671
0.000963647
0.00112982
0.00128533
0.00141105
0.00149666
0.00154789
0.00162817
0.00189346
0.00260007
0.00392634
0.00837434
0.00102842
0.000726232
0.000773341
0.00088722
0.000989221
0.00105432
0.00106821
0.00104389
0.000971131
0.000859609
0.000752247
0.000664691
0.000605781
0.000575193
0.000558555
0.000548394
0.00054077
0.000533826
0.000526907
0.00052007
0.000514137
0.000510759
0.000511989
0.000518509
0.00053561
0.00057166
0.000634785
0.000730271
0.000858342
0.0010105
0.0011709
0.00132009
0.00143967
0.00151617
0.00155365
0.00161487
0.00185019
0.0026003
0.00410642
0.00861435
0.000898166
0.000666878
0.00071682
0.000830591
0.000938535
0.00101894
0.00106017
0.00105789
0.00102507
0.000947787
0.000849462
0.000756469
0.000678812
0.000621426
0.000588104
0.000567735
0.000554282
0.000544445
0.000536661
0.000530363
0.000526525
0.000527087
0.000531708
0.000544285
0.000570853
0.000617267
0.000688551
0.000788004
0.000913879
0.00105837
0.00120854
0.00134719
0.00145636
0.00152424
0.00155255
0.00159166
0.00179176
0.0025581
0.00429235
0.00886107
0.000770936
0.000605036
0.000658998
0.000773097
0.000884697
0.000976274
0.00103939
0.00106095
0.00105381
0.0010195
0.000949472
0.000866088
0.00078581
0.000716745
0.000660753
0.00062072
0.000595111
0.00057813
0.000566843
0.000559469
0.000558394
0.000561638
0.000571227
0.000591652
0.000626869
0.000680312
0.000755307
0.00085289
0.00097066
0.00110235
0.00123693
0.00136041
0.00146196
0.00152356
0.00153686
0.00155513
0.00172168
0.00250523
0.00447913
0.0091149
0.000653589
0.000542895
0.000600934
0.000715741
0.000829254
0.00092865
0.00100673
0.00105547
0.00107351
0.00106469
0.00103369
0.000975209
0.000907098
0.000839629
0.000778623
0.000728177
0.000687812
0.000658333
0.000638843
0.000626904
0.00062598
0.000630417
0.000642478
0.000666847
0.000704968
0.000758915
0.000830139
0.000918659
0.00102245
0.00113565
0.00124979
0.00136273
0.00145413
0.00150452
0.00150482
0.00150283
0.00163385
0.00241555
0.00465837
0.0093759
0.000551698
0.00048292
0.000544839
0.000659208
0.000773876
0.00087887
0.000968258
0.00103789
0.0010772
0.00109566
0.0010896
0.00106666
0.00102239
0.000969014
0.000914341
0.000863584
0.000819577
0.0007839
0.000757384
0.000739482
0.000731932
0.000734338
0.000743623
0.000763911
0.000797351
0.00084366
0.000903544
0.000977026
0.00106116
0.00115083
0.00125044
0.00134727
0.0014263
0.00146566
0.00145577
0.00143271
0.00153073
0.0023051
0.00482255
0.00964432
0.000468857
0.000427564
0.0004923
0.000604976
0.000720334
0.000829779
0.000927627
0.00100992
0.00107223
0.00111226
0.00113134
0.00112911
0.00111496
0.00108446
0.00104442
0.00100214
0.000961544
0.00092532
0.000895329
0.000872596
0.00085769
0.000853033
0.000856251
0.000866846
0.000888684
0.000921068
0.000964988
0.00101835
0.00107874
0.00115157
0.00123119
0.00131118
0.00137772
0.00140617
0.00138739
0.00134451
0.00140875
0.0021706
0.00495926
0.00991962
0.000406918
0.000378605
0.000445015
0.00055523
0.000671126
0.000784785
0.000889262
0.000981149
0.00105831
0.00111608
0.00115599
0.00117716
0.00118055
0.0011723
0.00115208
0.00112257
0.00108984
0.00105696
0.00102632
0.000999719
0.000978348
0.000963608
0.000955922
0.000957082
0.000963648
0.000979249
0.00100389
0.00103613
0.00107938
0.0011315
0.00119101
0.00125339
0.00130669
0.00132394
0.00129767
0.00123601
0.00127129
0.00202331
0.00502772
0.0102002
0.000368536
0.000338041
0.000404623
0.000511744
0.000629112
0.000747545
0.000858826
0.000958898
0.00104577
0.00111714
0.00117146
0.00120898
0.00122985
0.00123453
0.00122846
0.00121272
0.00118791
0.00115901
0.00112852
0.00109863
0.00107106
0.00104738
0.00102857
0.00101607
0.00100968
0.00101094
0.00101777
0.00103346
0.00105813
0.00109074
0.00113055
0.00117445
0.00121312
0.00121893
0.00118717
0.00110898
0.00113174
0.00189048
0.00505061
0.0104897
0.000354769
0.000305692
0.000372994
0.000478857
0.000601141
0.000726249
0.000844435
0.000950822
0.0010434
0.00111956
0.00118077
0.0012262
0.00125599
0.00127071
0.00126982
0.00126207
0.00124414
0.00121779
0.00118726
0.00115484
0.00112256
0.00109214
0.00106495
0.00104229
0.00102483
0.00101339
0.00100861
0.00101046
0.00101735
0.00103175
0.00105219
0.00107674
0.00109901
0.00109557
0.00106373
0.00100088
0.00106381
0.00182962
0.00503716
0.0108047
0.000367414
0.000286491
0.000354272
0.000464641
0.000592979
0.000722617
0.000842034
0.00094778
0.00103857
0.00111434
0.0011746
0.00121983
0.00125038
0.00126695
0.00126778
0.00126173
0.00124673
0.00122272
0.00119372
0.00116172
0.00112854
0.00109587
0.00106516
0.00103788
0.00101412
0.000994632
0.000979929
0.000970549
0.000966914
0.00096874
0.000974638
0.000986463
0.00100233
0.00100775
0.000992384
0.000958396
0.00104841
0.0018263
0.00507576
0.0111801
0.000392625
0.000287765
0.0003497
0.000461301
0.000589023
0.00071439
0.000828256
0.000926389
0.00100873
0.00107706
0.00113161
0.00117323
0.00120253
0.00122033
0.00122494
0.00122147
0.00121157
0.0011928
0.00116899
0.00114179
0.00111273
0.00108347
0.00105491
0.00102817
0.00100457
0.000984419
0.000967942
0.000956251
0.000948902
0.000949562
0.000953974
0.000964638
0.000984063
0.00100984
0.00103339
0.00109
0.00131903
0.00229879
0.00559947
0.0116614
0.000561868
0.000333246
0.000407994
0.000523658
0.000645793
0.000762448
0.000866878
0.000956755
0.0010327
0.0010967
0.00114966
0.00119229
0.00122524
0.00124922
0.00126414
0.00127147
0.00127231
0.00126964
0.00126317
0.0012538
0.00124344
0.00123432
0.00122648
0.00122259
0.00122379
0.00122872
0.00123965
0.00126016
0.00128826
0.0013283
0.00137957
0.00144552
0.00153288
0.00162997
0.00178245
0.00198173
0.00239289
0.00356317
0.00663582
0.0123714
0.00129664
0.00137554
0.00183937
0.00211554
0.00231368
0.00246974
0.00259274
0.0026901
0.0027652
0.00282664
0.00287945
0.00292621
0.00296883
0.00300831
0.00304642
0.00308366
0.00312091
0.00315987
0.00320138
0.00324677
0.0032963
0.00335184
0.00341315
0.00348196
0.00355773
0.0036429
0.00373437
0.00383785
0.00394689
0.00407205
0.00420131
0.00435415
0.00451438
0.00470644
0.00494645
0.00531305
0.00575546
0.00683771
0.00892712
0.0135354
0.00890874
0.0136644
0.0164217
0.0174684
0.0178477
0.0179438
0.0179137
0.017823
0.0176605
0.0174741
0.0172771
0.017077
0.0168783
0.016684
0.016496
0.0163157
0.0161439
0.0159811
0.0158275
0.0156834
0.0155486
0.015423
0.0153062
0.0151978
0.015097
0.015004
0.0149173
0.0148377
0.0147633
0.0146968
0.0146348
0.0145857
0.0145437
0.0145305
0.0145349
0.0145546
0.0146254
0.0147575
0.0155626
0.0150531
)
;

boundaryField
{
    movingWall
    {
        type            kqRWallFunction;
        value           nonuniform List<scalar> 
40
(
0.00890874
0.0136644
0.0164217
0.0174684
0.0178477
0.0179438
0.0179137
0.017823
0.0176605
0.0174741
0.0172771
0.017077
0.0168783
0.016684
0.016496
0.0163157
0.0161439
0.0159811
0.0158275
0.0156834
0.0155486
0.015423
0.0153062
0.0151978
0.015097
0.015004
0.0149173
0.0148377
0.0147633
0.0146968
0.0146348
0.0145857
0.0145437
0.0145305
0.0145349
0.0145546
0.0146254
0.0147575
0.0155626
0.0150531
)
;
    }
    fixedWalls
    {
        type            kqRWallFunction;
        value           nonuniform List<scalar> 
120
(
4.91403e-05
7.37347e-05
0.000109092
0.000140214
0.000165739
0.00018983
0.000224817
0.000301396
0.000402382
0.000515027
0.000634386
0.000756983
0.000879206
0.000998318
0.00110732
0.00120724
0.00129631
0.00137297
0.00143456
0.00147769
0.00148378
0.00147071
0.00143351
0.001362
0.00126741
0.00115405
0.00102842
0.000898166
0.000770936
0.000653589
0.000551698
0.000468857
0.000406918
0.000368536
0.000354769
0.000367414
0.000392625
0.000561868
0.00129664
0.00890874
0.000107356
0.00013062
0.000173889
0.000219561
0.00026745
0.000323441
0.0003891
0.000468391
0.000575036
0.000840272
0.0013849
0.00216294
0.00302897
0.00386007
0.00460653
0.00525044
0.0057915
0.00624041
0.00660951
0.00692044
0.00719317
0.00744202
0.00767814
0.00790896
0.00814003
0.00837434
0.00861435
0.00886107
0.0091149
0.0093759
0.00964432
0.00991962
0.0102002
0.0104897
0.0108047
0.0111801
0.0116614
0.0123714
0.0135354
0.0150531
4.91403e-05
6.37923e-05
8.67794e-05
0.000108388
0.000125504
0.000138239
0.00014682
0.000151517
0.000153181
0.000159233
0.000193184
0.00031814
0.000520103
0.000807634
0.00115741
0.00153143
0.00188711
0.0021933
0.0024327
0.00258904
0.00266207
0.00268426
0.00265629
0.00256121
0.00243052
0.0022805
0.00210993
0.00192449
0.00173586
0.00154712
0.00134485
0.00112204
0.000892821
0.000713169
0.000632625
0.000567123
0.000480453
0.000352421
0.000202593
0.000107356
)
;
    }
    frontAndBack
    {
        type            empty;
    }
}


// ************************************************************************* //
