/*--------------------------------*- C++ -*----------------------------------*\
| =========                 |                                                 |
| \\      /  F ield         | OpenFOAM: The Open Source CFD Toolbox           |
|  \\    /   O peration     | Version:  2412                                  |
|   \\  /    A nd           | Website:  www.openfoam.com                      |
|    \\/     M anipulation  |                                                 |
\*---------------------------------------------------------------------------*/
FoamFile
{
    version     2.0;
    format      ascii;
    arch        "LSB;label=32;scalar=64";
    class       volScalarField;
    location    "2.75";
    object      nut;
}
// * * * * * * * * * * * * * * * * * * * * * * * * * * * * * * * * * * * * * //

dimensions      [0 2 -1 0 0 0 0];

internalField   nonuniform List<scalar> 
1600
(
1.97785e-06
2.25326e-06
2.63019e-06
2.94277e-06
3.16906e-06
3.32689e-06
3.42808e-06
3.48083e-06
3.49731e-06
3.56311e-06
3.92203e-06
5.0401e-06
6.45079e-06
8.04032e-06
9.61989e-06
1.10567e-05
1.22624e-05
1.32104e-05
1.39044e-05
1.43365e-05
1.45331e-05
1.45914e-05
1.45109e-05
1.42479e-05
1.38783e-05
1.34427e-05
1.29292e-05
1.23476e-05
1.17257e-05
1.10719e-05
1.03268e-05
9.43723e-06
8.42477e-06
7.53887e-06
7.10269e-06
6.73279e-06
6.20775e-06
5.32921e-06
4.04737e-06
2.94507e-06
2.42633e-06
4.17374e-06
6.19968e-06
7.62716e-06
8.27785e-06
8.67703e-06
8.79712e-06
8.6896e-06
8.54241e-06
8.86445e-06
9.96357e-06
1.0995e-05
1.19492e-05
1.28252e-05
1.32017e-05
1.36677e-05
1.40475e-05
1.4342e-05
1.45917e-05
1.55655e-05
1.67472e-05
1.83092e-05
2.00373e-05
2.1559e-05
2.32325e-05
2.48474e-05
2.6783e-05
2.83993e-05
2.9307e-05
2.97985e-05
3.02309e-05
3.04251e-05
2.97363e-05
2.7972e-05
2.30954e-05
1.75197e-05
1.15285e-05
7.22859e-06
4.71985e-06
3.24332e-06
2.95702e-06
6.82614e-06
1.22568e-05
1.51473e-05
1.58075e-05
1.5732e-05
1.55743e-05
1.56645e-05
1.57749e-05
1.60053e-05
1.63486e-05
1.68347e-05
1.69452e-05
1.65536e-05
1.70218e-05
1.73331e-05
1.83128e-05
1.92753e-05
2.07058e-05
2.25407e-05
2.39504e-05
2.52412e-05
2.65422e-05
2.73328e-05
2.80355e-05
2.86335e-05
2.93207e-05
3.01051e-05
3.09851e-05
3.14442e-05
3.14797e-05
3.12976e-05
2.93899e-05
2.94406e-05
2.75382e-05
2.29246e-05
1.68595e-05
1.03368e-05
5.88771e-06
3.7351e-06
3.356e-06
1.01283e-05
1.7898e-05
2.08343e-05
2.12693e-05
2.09396e-05
2.05775e-05
2.04045e-05
2.04992e-05
2.06182e-05
2.00814e-05
1.93757e-05
1.90035e-05
1.93608e-05
2.08795e-05
2.03332e-05
2.18827e-05
2.25582e-05
2.37884e-05
2.44866e-05
2.48929e-05
2.5076e-05
2.52132e-05
2.49288e-05
2.47116e-05
2.43189e-05
2.38917e-05
2.34469e-05
2.32815e-05
2.38601e-05
2.53213e-05
2.67478e-05
2.7162e-05
2.66986e-05
2.69958e-05
2.50421e-05
1.96707e-05
1.22876e-05
6.57205e-06
4.18928e-06
3.6503e-06
1.39616e-05
2.30626e-05
2.56362e-05
2.56409e-05
2.51495e-05
2.47905e-05
2.46256e-05
2.39498e-05
2.24987e-05
2.14751e-05
2.08356e-05
2.19877e-05
2.19279e-05
2.18673e-05
2.25938e-05
2.40242e-05
2.49964e-05
2.58237e-05
2.63179e-05
2.70226e-05
2.73644e-05
2.74245e-05
2.73688e-05
2.69909e-05
2.63889e-05
2.55658e-05
2.46173e-05
2.35846e-05
2.25504e-05
2.15555e-05
2.13431e-05
2.36105e-05
2.45849e-05
2.4589e-05
2.52529e-05
2.27424e-05
1.45527e-05
7.94212e-06
4.6174e-06
3.90268e-06
1.79516e-05
2.79173e-05
3.00697e-05
2.97211e-05
2.90163e-05
2.83738e-05
2.65072e-05
2.47821e-05
2.36237e-05
2.25713e-05
2.36509e-05
2.28673e-05
2.27594e-05
2.41204e-05
2.59262e-05
2.73536e-05
2.85132e-05
3.01689e-05
3.12939e-05
3.20337e-05
3.24825e-05
3.25645e-05
3.2341e-05
3.16997e-05
3.08179e-05
2.96649e-05
2.833e-05
2.67911e-05
2.50565e-05
2.32876e-05
2.16259e-05
2.03859e-05
2.13448e-05
2.30608e-05
2.32578e-05
2.41183e-05
1.88534e-05
1.00739e-05
5.07288e-06
4.229e-06
2.16511e-05
3.24276e-05
3.41932e-05
3.33905e-05
3.21496e-05
2.94878e-05
2.74385e-05
2.57909e-05
2.46114e-05
2.43613e-05
2.35844e-05
2.38929e-05
2.58206e-05
2.79152e-05
2.95317e-05
3.18241e-05
3.36912e-05
3.58587e-05
3.74084e-05
3.87265e-05
3.95543e-05
3.9757e-05
3.93987e-05
3.84338e-05
3.69451e-05
3.50098e-05
3.28051e-05
3.0512e-05
2.82947e-05
2.6127e-05
2.3931e-05
2.16051e-05
1.99183e-05
1.98633e-05
2.18515e-05
2.20442e-05
2.15274e-05
1.19541e-05
5.55916e-06
4.88097e-06
2.4461e-05
3.65083e-05
3.79049e-05
3.64621e-05
3.3192e-05
3.05365e-05
2.86618e-05
2.66322e-05
2.54698e-05
2.42715e-05
2.49444e-05
2.71378e-05
2.9526e-05
3.16523e-05
3.4563e-05
3.74038e-05
4.04747e-05
4.32199e-05
4.53953e-05
4.71551e-05
4.837e-05
4.89631e-05
4.89004e-05
4.80459e-05
4.63695e-05
4.38705e-05
4.06941e-05
3.70647e-05
3.33245e-05
2.97962e-05
2.66126e-05
2.37561e-05
2.12658e-05
1.92963e-05
1.91168e-05
2.041e-05
2.09361e-05
1.45677e-05
6.09566e-06
5.64361e-06
2.65329e-05
4.00928e-05
4.11336e-05
3.80043e-05
3.44112e-05
3.24438e-05
2.91792e-05
2.70818e-05
2.52622e-05
2.54846e-05
2.80147e-05
3.07083e-05
3.3122e-05
3.65525e-05
4.04169e-05
4.42806e-05
4.77423e-05
5.07436e-05
5.34315e-05
5.55854e-05
5.71164e-05
5.80257e-05
5.82515e-05
5.77781e-05
5.64747e-05
5.41942e-05
5.07614e-05
4.62967e-05
4.11754e-05
3.58683e-05
3.09886e-05
2.69436e-05
2.30657e-05
2.03762e-05
1.85527e-05
1.94469e-05
1.97971e-05
1.6857e-05
6.74653e-06
6.38975e-06
2.79353e-05
4.31708e-05
4.34344e-05
3.88778e-05
3.63549e-05
3.27528e-05
2.94857e-05
2.68263e-05
2.57803e-05
2.82848e-05
3.13456e-05
3.40432e-05
3.76083e-05
4.20848e-05
4.66003e-05
5.07151e-05
5.4398e-05
5.76317e-05
6.05032e-05
6.27307e-05
6.4322e-05
6.53777e-05
6.58225e-05
6.55911e-05
6.45769e-05
6.26794e-05
5.98328e-05
5.58118e-05
5.04089e-05
4.40678e-05
3.75076e-05
3.14385e-05
2.64932e-05
2.17827e-05
1.88355e-05
1.7339e-05
1.85255e-05
1.76983e-05
8.16523e-06
7.09564e-06
2.86846e-05
4.56534e-05
4.46624e-05
4.07215e-05
3.76362e-05
3.30059e-05
2.9287e-05
2.67654e-05
2.79538e-05
3.12025e-05
3.43874e-05
3.77141e-05
4.23885e-05
4.74905e-05
5.2205e-05
5.65829e-05
6.03284e-05
6.33321e-05
6.59091e-05
6.78869e-05
6.92451e-05
7.02745e-05
7.08924e-05
7.10422e-05
7.05965e-05
6.93522e-05
6.70352e-05
6.3471e-05
5.86251e-05
5.23226e-05
4.49572e-05
3.75193e-05
3.07818e-05
2.5383e-05
2.01133e-05
1.77202e-05
1.79151e-05
1.77589e-05
1.04803e-05
7.75459e-06
2.89827e-05
4.72022e-05
4.57781e-05
4.27007e-05
3.80129e-05
3.30416e-05
2.91541e-05
2.76167e-05
3.04331e-05
3.4055e-05
3.72827e-05
4.15424e-05
4.69715e-05
5.23208e-05
5.7257e-05
6.14348e-05
6.47275e-05
6.71347e-05
6.9008e-05
7.07061e-05
7.17915e-05
7.26702e-05
7.33409e-05
7.37923e-05
7.3921e-05
7.3527e-05
7.22999e-05
6.98335e-05
6.56909e-05
5.97702e-05
5.22367e-05
4.37743e-05
3.57647e-05
2.87815e-05
2.3024e-05
1.80296e-05
1.70993e-05
1.74531e-05
1.30885e-05
8.35982e-06
2.88168e-05
4.78104e-05
4.69659e-05
4.42606e-05
3.86595e-05
3.31738e-05
2.92203e-05
2.93425e-05
3.28076e-05
3.65625e-05
4.0131e-05
4.51874e-05
5.10366e-05
5.65605e-05
6.12124e-05
6.46719e-05
6.73021e-05
6.92569e-05
7.04913e-05
7.15041e-05
7.23466e-05
7.29199e-05
7.34951e-05
7.41141e-05
7.47149e-05
7.51255e-05
7.50239e-05
7.39336e-05
7.12639e-05
6.64403e-05
5.9279e-05
5.03834e-05
4.10056e-05
3.28091e-05
2.59134e-05
1.97051e-05
1.69293e-05
1.73963e-05
1.54763e-05
8.91158e-06
2.82065e-05
4.80985e-05
4.83795e-05
4.51703e-05
3.92224e-05
3.3461e-05
2.96663e-05
3.12034e-05
3.49364e-05
3.87607e-05
4.28392e-05
4.84849e-05
5.45764e-05
5.97137e-05
6.35391e-05
6.66134e-05
6.87068e-05
6.99893e-05
7.07141e-05
7.11276e-05
7.13816e-05
7.16397e-05
7.19569e-05
7.25784e-05
7.34877e-05
7.45688e-05
7.55223e-05
7.58336e-05
7.47863e-05
7.15638e-05
6.55114e-05
5.66969e-05
4.64052e-05
3.67581e-05
2.8792e-05
2.16989e-05
1.66236e-05
1.75437e-05
1.74621e-05
9.38768e-06
2.71909e-05
4.75043e-05
4.89056e-05
4.62105e-05
3.99073e-05
3.40336e-05
3.05486e-05
3.28122e-05
3.6756e-05
4.06828e-05
4.52627e-05
5.1297e-05
5.7146e-05
6.15411e-05
6.51251e-05
6.77005e-05
6.92167e-05
6.993e-05
7.00851e-05
6.98557e-05
6.97285e-05
6.95521e-05
6.94879e-05
6.99399e-05
7.09533e-05
7.24935e-05
7.43286e-05
7.59513e-05
7.65645e-05
7.51543e-05
7.07171e-05
6.27384e-05
5.20327e-05
4.10036e-05
3.18394e-05
2.4119e-05
1.76087e-05
1.71747e-05
1.90699e-05
9.80308e-06
2.59562e-05
4.70698e-05
4.96878e-05
4.71265e-05
4.07488e-05
3.47382e-05
3.15541e-05
3.41566e-05
3.82542e-05
4.22741e-05
4.72102e-05
5.33334e-05
5.85902e-05
6.27024e-05
6.60269e-05
6.8126e-05
6.91879e-05
6.94631e-05
6.91889e-05
6.83454e-05
6.77168e-05
6.73731e-05
6.6841e-05
6.69853e-05
6.78931e-05
6.96252e-05
7.20715e-05
7.47858e-05
7.69346e-05
7.73422e-05
7.46999e-05
6.79846e-05
5.73024e-05
4.51308e-05
3.45743e-05
2.616e-05
1.87241e-05
1.70322e-05
2.0355e-05
1.01594e-05
2.45037e-05
4.61278e-05
5.02804e-05
4.79651e-05
4.17839e-05
3.58191e-05
3.27961e-05
3.51778e-05
3.93276e-05
4.35028e-05
4.85655e-05
5.45101e-05
5.93391e-05
6.33417e-05
6.63487e-05
6.81218e-05
6.88804e-05
6.88625e-05
6.82813e-05
6.71423e-05
6.60626e-05
6.5469e-05
6.45767e-05
6.43544e-05
6.49984e-05
6.6656e-05
6.93972e-05
7.29032e-05
7.63688e-05
7.84901e-05
7.78015e-05
7.26204e-05
6.24845e-05
4.93439e-05
3.73193e-05
2.81745e-05
2.00626e-05
1.70358e-05
2.13754e-05
1.04568e-05
2.29746e-05
4.4646e-05
5.0514e-05
4.88257e-05
4.30525e-05
3.72933e-05
3.39092e-05
3.61707e-05
4.01358e-05
4.42624e-05
4.93499e-05
5.49908e-05
5.95574e-05
6.34622e-05
6.62395e-05
6.78385e-05
6.84526e-05
6.83e-05
6.7572e-05
6.63267e-05
6.4892e-05
6.4029e-05
6.28837e-05
6.23983e-05
6.27141e-05
6.40939e-05
6.68364e-05
7.08035e-05
7.53004e-05
7.88668e-05
7.99708e-05
7.65201e-05
6.72727e-05
5.35221e-05
3.98894e-05
2.97708e-05
2.1357e-05
1.7202e-05
2.21866e-05
1.069e-05
2.14391e-05
4.29191e-05
5.05174e-05
4.96874e-05
4.45443e-05
3.86207e-05
3.4612e-05
3.63241e-05
4.03228e-05
4.47037e-05
4.95514e-05
5.48965e-05
5.93393e-05
6.31097e-05
6.57784e-05
6.73347e-05
6.79422e-05
6.77874e-05
6.70503e-05
6.58527e-05
6.4301e-05
6.3226e-05
6.19784e-05
6.11777e-05
6.10801e-05
6.21644e-05
6.47178e-05
6.8872e-05
7.40194e-05
7.903e-05
8.14208e-05
7.96506e-05
7.17462e-05
5.76757e-05
4.24376e-05
3.11506e-05
2.24759e-05
1.75704e-05
2.28323e-05
1.08517e-05
1.9598e-05
4.09621e-05
5.03404e-05
5.04813e-05
4.59641e-05
4.00576e-05
3.59598e-05
3.66216e-05
4.00464e-05
4.45971e-05
4.9309e-05
5.42892e-05
5.86596e-05
6.23206e-05
6.49713e-05
6.65945e-05
6.7268e-05
6.71031e-05
6.64593e-05
6.54684e-05
6.41095e-05
6.2888e-05
6.16246e-05
6.06309e-05
6.02005e-05
6.07423e-05
6.30198e-05
6.73742e-05
7.32174e-05
7.91811e-05
8.30945e-05
8.25968e-05
7.5702e-05
6.17014e-05
4.49201e-05
3.22487e-05
2.33929e-05
1.80988e-05
2.33626e-05
1.08765e-05
1.77616e-05
3.84159e-05
4.974e-05
5.11392e-05
4.75848e-05
4.2078e-05
3.78023e-05
3.72055e-05
3.99201e-05
4.36608e-05
4.8556e-05
5.33413e-05
5.75753e-05
6.11276e-05
6.38654e-05
6.54318e-05
6.61449e-05
6.62696e-05
6.59563e-05
6.51309e-05
6.39248e-05
6.25781e-05
6.1417e-05
6.04344e-05
5.97976e-05
5.99845e-05
6.20957e-05
6.66002e-05
7.28495e-05
7.94173e-05
8.45246e-05
8.55034e-05
7.94028e-05
6.55736e-05
4.73577e-05
3.30798e-05
2.40653e-05
1.86683e-05
2.38181e-05
1.08294e-05
1.60629e-05
3.547e-05
4.86027e-05
5.15652e-05
4.91591e-05
4.43314e-05
3.9887e-05
3.82598e-05
3.98301e-05
4.31447e-05
4.71022e-05
5.1649e-05
5.60423e-05
5.95156e-05
6.22305e-05
6.39503e-05
6.50182e-05
6.54289e-05
6.51884e-05
6.44955e-05
6.34333e-05
6.20597e-05
6.09822e-05
6.00206e-05
5.93721e-05
5.96182e-05
6.16704e-05
6.59206e-05
7.23373e-05
7.97027e-05
8.5775e-05
8.79108e-05
8.30872e-05
6.91841e-05
4.97353e-05
3.38042e-05
2.4542e-05
1.92969e-05
2.42263e-05
1.0693e-05
1.46028e-05
3.23319e-05
4.69221e-05
5.16964e-05
5.05487e-05
4.67438e-05
4.23051e-05
3.96765e-05
3.98857e-05
4.26194e-05
4.58955e-05
4.96903e-05
5.36185e-05
5.70831e-05
6.00573e-05
6.22177e-05
6.34547e-05
6.39666e-05
6.39465e-05
6.34414e-05
6.25586e-05
6.12373e-05
6.03108e-05
5.94437e-05
5.87952e-05
5.89394e-05
6.10318e-05
6.5618e-05
7.24993e-05
8.03772e-05
8.71343e-05
9.01179e-05
8.61295e-05
7.2343e-05
5.19486e-05
3.43732e-05
2.4798e-05
1.99186e-05
2.46073e-05
1.0423e-05
1.35193e-05
2.92473e-05
4.47534e-05
5.14459e-05
5.17701e-05
4.93193e-05
4.50152e-05
4.17902e-05
4.07144e-05
4.21998e-05
4.5119e-05
4.81372e-05
5.13112e-05
5.45212e-05
5.75009e-05
5.98344e-05
6.12731e-05
6.20412e-05
6.22102e-05
6.19191e-05
6.12669e-05
6.00649e-05
5.93861e-05
5.86589e-05
5.82008e-05
5.85705e-05
6.10388e-05
6.59144e-05
7.30944e-05
8.1337e-05
8.85666e-05
9.21612e-05
8.88485e-05
7.5182e-05
5.37609e-05
3.46811e-05
2.48702e-05
2.05439e-05
2.49741e-05
1.00532e-05
1.24707e-05
2.63489e-05
4.20802e-05
5.0589e-05
5.25462e-05
5.12938e-05
4.78219e-05
4.44145e-05
4.23194e-05
4.20734e-05
4.42873e-05
4.71004e-05
4.97934e-05
5.23178e-05
5.48659e-05
5.70626e-05
5.8655e-05
5.96522e-05
6.00799e-05
6.00314e-05
5.96216e-05
5.8641e-05
5.8197e-05
5.76973e-05
5.75534e-05
5.83897e-05
6.13222e-05
6.66158e-05
7.40984e-05
8.25654e-05
9.00335e-05
9.3969e-05
9.11234e-05
7.76159e-05
5.53864e-05
3.48142e-05
2.46735e-05
2.11478e-05
2.53358e-05
9.58975e-06
1.15649e-05
2.36436e-05
3.90631e-05
4.91184e-05
5.2962e-05
5.2557e-05
5.06029e-05
4.73304e-05
4.48516e-05
4.35695e-05
4.38823e-05
4.60117e-05
4.84887e-05
5.08928e-05
5.30027e-05
5.48665e-05
5.63352e-05
5.73722e-05
5.7939e-05
5.80769e-05
5.77157e-05
5.71734e-05
5.6872e-05
5.66734e-05
5.69565e-05
5.85237e-05
6.20352e-05
6.77811e-05
7.54821e-05
8.39897e-05
9.14423e-05
9.54439e-05
9.28366e-05
7.93357e-05
5.66485e-05
3.4698e-05
2.43367e-05
2.1741e-05
2.56973e-05
9.04741e-06
1.09178e-05
2.12838e-05
3.59247e-05
4.71219e-05
5.28434e-05
5.38472e-05
5.3147e-05
5.08122e-05
4.80915e-05
4.6103e-05
4.50638e-05
4.54949e-05
4.73006e-05
4.93145e-05
5.12449e-05
5.29696e-05
5.43671e-05
5.53411e-05
5.58796e-05
5.61765e-05
5.58693e-05
5.57128e-05
5.56092e-05
5.58253e-05
5.67554e-05
5.9114e-05
6.32578e-05
6.94003e-05
7.71661e-05
8.54912e-05
9.26442e-05
9.64326e-05
9.36571e-05
8.03093e-05
5.74599e-05
3.43101e-05
2.40938e-05
2.23063e-05
2.60622e-05
8.44768e-06
1.03858e-05
1.93098e-05
3.2889e-05
4.47409e-05
5.21079e-05
5.48655e-05
5.49035e-05
5.38135e-05
5.15525e-05
4.94734e-05
4.78967e-05
4.69729e-05
4.69419e-05
4.83002e-05
4.97392e-05
5.11317e-05
5.23493e-05
5.32958e-05
5.39465e-05
5.4233e-05
5.42289e-05
5.43112e-05
5.46465e-05
5.55022e-05
5.72847e-05
6.03699e-05
6.50686e-05
7.14248e-05
7.90188e-05
8.68898e-05
9.33592e-05
9.64264e-05
9.36154e-05
8.0867e-05
5.78011e-05
3.36158e-05
2.3254e-05
2.28374e-05
2.64319e-05
7.81739e-06
9.94171e-06
1.76551e-05
3.01064e-05
4.21362e-05
5.07219e-05
5.53072e-05
5.61465e-05
5.61325e-05
5.51891e-05
5.33404e-05
5.16348e-05
5.02787e-05
4.94568e-05
4.89994e-05
4.92605e-05
5.01393e-05
5.10653e-05
5.18503e-05
5.25218e-05
5.29261e-05
5.31578e-05
5.36649e-05
5.46776e-05
5.62666e-05
5.87708e-05
6.24418e-05
6.74369e-05
7.37079e-05
8.08212e-05
8.77424e-05
9.32379e-05
9.5965e-05
9.31175e-05
8.02658e-05
5.74025e-05
3.2697e-05
2.24618e-05
2.33359e-05
2.68069e-05
7.18737e-06
9.56567e-06
1.62949e-05
2.76807e-05
3.95011e-05
4.89124e-05
5.49773e-05
5.75121e-05
5.84641e-05
5.81899e-05
5.7301e-05
5.5883e-05
5.4538e-05
5.33837e-05
5.24826e-05
5.20197e-05
5.17439e-05
5.18192e-05
5.21501e-05
5.2642e-05
5.33917e-05
5.38434e-05
5.4746e-05
5.63599e-05
5.84698e-05
6.13957e-05
6.52699e-05
7.01613e-05
7.59823e-05
8.20662e-05
8.77218e-05
9.27719e-05
9.45364e-05
9.07735e-05
7.82899e-05
5.61066e-05
3.14473e-05
2.14311e-05
2.37794e-05
2.7187e-05
6.59232e-06
9.24644e-06
1.52489e-05
2.56457e-05
3.70246e-05
4.69573e-05
5.42315e-05
5.83932e-05
5.98326e-05
6.1072e-05
6.09266e-05
6.03328e-05
5.93075e-05
5.82771e-05
5.73045e-05
5.65327e-05
5.59833e-05
5.5685e-05
5.56713e-05
5.58537e-05
5.66132e-05
5.71444e-05
5.80653e-05
5.97469e-05
6.1985e-05
6.48567e-05
6.84665e-05
7.28432e-05
7.76251e-05
8.21738e-05
8.71588e-05
9.06197e-05
9.1173e-05
8.66875e-05
7.48686e-05
5.36155e-05
2.98204e-05
2.03162e-05
2.41699e-05
2.75725e-05
6.06648e-06
8.98231e-06
1.45049e-05
2.40454e-05
3.48631e-05
4.51311e-05
5.32436e-05
5.8543e-05
6.16075e-05
6.33939e-05
6.44379e-05
6.4465e-05
6.4202e-05
6.36117e-05
6.28886e-05
6.21819e-05
6.15883e-05
6.11676e-05
6.09772e-05
6.10266e-05
6.13752e-05
6.22747e-05
6.29766e-05
6.41295e-05
6.61316e-05
6.84552e-05
7.14072e-05
7.46199e-05
7.77008e-05
8.13946e-05
8.46439e-05
8.66303e-05
8.59525e-05
8.06345e-05
6.96294e-05
4.97939e-05
2.7651e-05
1.908e-05
2.45058e-05
2.79622e-05
5.64212e-06
8.77203e-06
1.40828e-05
2.2995e-05
3.32758e-05
4.37231e-05
5.23158e-05
5.86265e-05
6.29846e-05
6.54907e-05
6.74912e-05
6.86235e-05
6.90298e-05
6.89705e-05
6.87447e-05
6.83243e-05
6.78699e-05
6.74658e-05
6.71785e-05
6.70516e-05
6.71178e-05
6.74753e-05
6.80345e-05
6.89224e-05
6.96863e-05
7.11092e-05
7.282e-05
7.44335e-05
7.63965e-05
7.82835e-05
7.96332e-05
7.99022e-05
7.80103e-05
7.1957e-05
6.20181e-05
4.42491e-05
2.48523e-05
1.77905e-05
2.4691e-05
2.83538e-05
5.36255e-06
8.68881e-06
1.40263e-05
2.23981e-05
3.24658e-05
4.27937e-05
5.19357e-05
5.91592e-05
6.45234e-05
6.82408e-05
7.06497e-05
7.24754e-05
7.36367e-05
7.42445e-05
7.42803e-05
7.4203e-05
7.38696e-05
7.34271e-05
7.29436e-05
7.24715e-05
7.20484e-05
7.17221e-05
7.14759e-05
7.14109e-05
7.12524e-05
7.12193e-05
7.13095e-05
7.15906e-05
7.17987e-05
7.18186e-05
7.14248e-05
7.01836e-05
6.73097e-05
6.09725e-05
5.22099e-05
3.65117e-05
2.09068e-05
1.65444e-05
2.47811e-05
2.87524e-05
5.25907e-06
8.58062e-06
1.44794e-05
2.29071e-05
3.31648e-05
4.35035e-05
5.26288e-05
6.01278e-05
6.5959e-05
7.00951e-05
7.30313e-05
7.5027e-05
7.63477e-05
7.72808e-05
7.74254e-05
7.74487e-05
7.71921e-05
7.64679e-05
7.55303e-05
7.44251e-05
7.31867e-05
7.18681e-05
7.04899e-05
6.91261e-05
6.76778e-05
6.6089e-05
6.48708e-05
6.36812e-05
6.20449e-05
6.03901e-05
5.84873e-05
5.61047e-05
5.27511e-05
4.69803e-05
4.01481e-05
2.90628e-05
1.86735e-05
1.59484e-05
2.49125e-05
2.91798e-05
5.35382e-06
8.73268e-06
1.56589e-05
2.40377e-05
3.33155e-05
4.26771e-05
5.10435e-05
5.78646e-05
6.31396e-05
6.70569e-05
6.97595e-05
7.15172e-05
7.25057e-05
7.28192e-05
7.2445e-05
7.19515e-05
7.09416e-05
6.95693e-05
6.79565e-05
6.61148e-05
6.40828e-05
6.1905e-05
5.96097e-05
5.7335e-05
5.47644e-05
5.23692e-05
5.00573e-05
4.77376e-05
4.55205e-05
4.32889e-05
4.09585e-05
3.86648e-05
3.62443e-05
3.27762e-05
2.84021e-05
2.13138e-05
1.49672e-05
1.485e-05
2.52545e-05
2.96815e-05
5.53868e-06
8.25558e-06
1.37594e-05
2.02616e-05
2.70024e-05
3.32558e-05
3.86067e-05
4.28696e-05
4.61241e-05
4.8557e-05
5.02128e-05
5.12033e-05
5.16214e-05
5.15157e-05
5.08094e-05
4.98742e-05
4.86578e-05
4.69861e-05
4.50962e-05
4.3023e-05
4.08235e-05
3.85775e-05
3.62938e-05
3.4037e-05
3.1848e-05
2.97759e-05
2.78481e-05
2.60795e-05
2.44725e-05
2.31594e-05
2.18979e-05
2.07875e-05
1.98019e-05
1.86491e-05
1.69859e-05
1.47284e-05
1.32516e-05
1.60023e-05
2.56879e-05
3.03132e-05
6.63931e-06
4.45826e-06
5.40038e-06
7.23645e-06
9.27673e-06
1.12469e-05
1.30208e-05
1.45372e-05
1.58062e-05
1.6842e-05
1.76414e-05
1.82107e-05
1.85601e-05
1.87066e-05
1.86372e-05
1.84026e-05
1.80188e-05
1.75558e-05
1.70017e-05
1.63762e-05
1.57294e-05
1.51012e-05
1.44946e-05
1.39574e-05
1.35043e-05
1.3098e-05
1.27887e-05
1.26093e-05
1.25244e-05
1.25772e-05
1.27348e-05
1.30494e-05
1.34815e-05
1.40984e-05
1.48508e-05
1.51222e-05
1.60225e-05
1.9527e-05
2.70569e-05
3.12215e-05
1.01055e-05
5.74855e-06
7.20194e-06
8.18102e-06
8.98533e-06
9.68195e-06
1.02733e-05
1.07719e-05
1.11966e-05
1.15693e-05
1.19052e-05
1.22121e-05
1.24962e-05
1.27598e-05
1.30103e-05
1.32484e-05
1.34773e-05
1.37072e-05
1.3942e-05
1.41878e-05
1.44465e-05
1.47289e-05
1.50338e-05
1.53714e-05
1.57403e-05
1.61519e-05
1.65912e-05
1.70887e-05
1.761e-05
1.82123e-05
1.88233e-05
1.95684e-05
2.02909e-05
2.12811e-05
2.21852e-05
2.31305e-05
2.4056e-05
2.63418e-05
2.88433e-05
3.26567e-05
2.64985e-05
3.28204e-05
3.59796e-05
3.71085e-05
3.75087e-05
3.76078e-05
3.75753e-05
3.74783e-05
3.73054e-05
3.71062e-05
3.68948e-05
3.6679e-05
3.64637e-05
3.62521e-05
3.60464e-05
3.58482e-05
3.56584e-05
3.54778e-05
3.53067e-05
3.51455e-05
3.49942e-05
3.48527e-05
3.47205e-05
3.45976e-05
3.4483e-05
3.43769e-05
3.42777e-05
3.41865e-05
3.41009e-05
3.40244e-05
3.39529e-05
3.38963e-05
3.38477e-05
3.38329e-05
3.38382e-05
3.38613e-05
3.39438e-05
3.4097e-05
3.50154e-05
3.44382e-05
)
;

boundaryField
{
    movingWall
    {
        type            nutkWallFunction;
        blending        stepwise;
        value           uniform 0;
    }
    fixedWalls
    {
        type            nutkWallFunction;
        blending        stepwise;
        value           uniform 0;
    }
    frontAndBack
    {
        type            empty;
    }
}


// ************************************************************************* //
