/*--------------------------------*- C++ -*----------------------------------*\
| =========                 |                                                 |
| \\      /  F ield         | OpenFOAM: The Open Source CFD Toolbox           |
|  \\    /   O peration     | Version:  2412                                  |
|   \\  /    A nd           | Website:  www.openfoam.com                      |
|    \\/     M anipulation  |                                                 |
\*---------------------------------------------------------------------------*/
FoamFile
{
    version     2.0;
    format      ascii;
    arch        "LSB;label=32;scalar=64";
    class       surfaceScalarField;
    location    "2.75";
    object      phi;
}
// * * * * * * * * * * * * * * * * * * * * * * * * * * * * * * * * * * * * * //

dimensions      [0 3 -1 0 0 0 0];

oriented        oriented;

internalField   nonuniform List<scalar> 
3120
(
3.99213e-08
-3.99247e-08
8.7489e-08
-4.75679e-08
1.24232e-07
-3.67428e-08
1.47603e-07
-2.33719e-08
1.59808e-07
-1.22043e-08
1.6181e-07
-2.00299e-09
1.51957e-07
9.85341e-09
1.27553e-07
2.44035e-08
8.72499e-08
4.03034e-08
2.99541e-08
5.72957e-08
-5.26592e-08
8.26133e-08
-1.77404e-07
1.24745e-07
-3.61164e-07
1.83759e-07
-6.11196e-07
2.50032e-07
-9.18961e-07
3.07764e-07
-1.26725e-06
3.48291e-07
-1.63387e-06
3.66616e-07
-1.99351e-06
3.59646e-07
-2.32226e-06
3.28747e-07
-2.60088e-06
2.78622e-07
-2.81582e-06
2.14941e-07
-2.95974e-06
1.43919e-07
-3.0302e-06
7.04532e-08
-3.02728e-06
-2.92192e-09
-2.94614e-06
-8.1136e-08
-2.78608e-06
-1.60061e-07
-2.54558e-06
-2.40503e-07
-2.22686e-06
-3.18714e-07
-1.83801e-06
-3.88848e-07
-1.39518e-06
-4.42838e-07
-9.25046e-07
-4.7013e-07
-4.65853e-07
-4.59193e-07
-6.26207e-08
-4.03232e-07
2.46624e-07
-3.09245e-07
4.25171e-07
-1.78547e-07
4.65448e-07
-4.02765e-08
3.84457e-07
8.09909e-08
2.40924e-07
1.43533e-07
9.77321e-08
1.43192e-07
9.77321e-08
5.1028e-08
-9.09528e-08
1.00747e-07
-9.72875e-08
1.29848e-07
-6.58431e-08
1.38985e-07
-3.25093e-08
1.30423e-07
-3.64233e-09
1.0176e-07
2.66595e-08
4.85219e-08
6.30916e-08
-3.81147e-08
1.1104e-07
-1.71627e-07
1.73816e-07
-3.69229e-07
2.54897e-07
-6.4274e-07
3.56124e-07
-9.91038e-07
4.73044e-07
-1.3963e-06
5.89025e-07
-1.83295e-06
6.86673e-07
-2.27743e-06
7.52252e-07
-2.70326e-06
7.74113e-07
-3.08822e-06
7.51576e-07
-3.41753e-06
6.88965e-07
-3.68406e-06
5.95277e-07
-3.8862e-06
4.80758e-07
-4.02599e-06
3.54729e-07
-4.10481e-06
2.22737e-07
-4.12071e-06
8.63544e-08
-4.06908e-06
-5.45479e-08
-3.94934e-06
-2.00874e-07
-3.75705e-06
-3.52352e-07
-3.48958e-06
-5.0798e-07
-3.14496e-06
-6.63334e-07
-2.72617e-06
-8.07636e-07
-2.24391e-06
-9.25098e-07
-1.71915e-06
-9.94893e-07
-1.18414e-06
-9.94195e-07
-6.79023e-07
-9.08353e-07
-2.4962e-07
-7.38647e-07
7.23753e-08
-5.00543e-07
2.60257e-07
-2.28158e-07
3.11182e-07
3.00659e-08
2.41655e-07
2.13059e-07
1.12422e-07
2.72425e-07
2.10154e-07
3.99369e-08
-1.3089e-07
6.13736e-08
-1.18724e-07
5.766e-08
-6.21296e-08
3.23737e-08
-7.22311e-09
-1.71576e-08
4.58889e-08
-9.92612e-08
1.08763e-07
-2.28001e-07
1.91831e-07
-4.18702e-07
3.01742e-07
-6.83364e-07
4.38478e-07
-1.0257e-06
5.97235e-07
-1.43658e-06
7.67004e-07
-1.89461e-06
9.31067e-07
-2.37144e-06
1.06586e-06
-2.83529e-06
1.15052e-06
-3.25839e-06
1.17535e-06
-3.62513e-06
1.14085e-06
-3.93013e-06
1.05658e-06
-4.17558e-06
9.34412e-07
-4.36711e-06
7.86807e-07
-4.51051e-06
6.2416e-07
-4.6081e-06
4.52318e-07
-4.65947e-06
2.74104e-07
-4.66392e-06
9.08046e-08
-4.61944e-06
-9.90208e-08
-4.52225e-06
-2.98065e-07
-4.36654e-06
-5.08059e-07
-4.14692e-06
-7.27604e-07
-3.85761e-06
-9.52642e-07
-3.49241e-06
-1.17284e-06
-3.0491e-06
-1.36841e-06
-2.53422e-06
-1.50977e-06
-1.96735e-06
-1.56107e-06
-1.38599e-06
-1.4897e-06
-8.45556e-07
-1.27909e-06
-3.96328e-07
-9.49771e-07
-7.41435e-08
-5.50343e-07
1.04536e-07
-1.48613e-07
1.3842e-07
1.79175e-07
7.61271e-08
3.34717e-07
2.86281e-07
1.51378e-08
-1.46027e-07
-2.79415e-09
-1.00792e-07
-4.7467e-08
-1.74568e-08
-1.17058e-07
6.23677e-08
-2.21186e-07
1.50017e-07
-3.75148e-07
2.62724e-07
-5.94652e-07
4.11336e-07
-8.88172e-07
5.95261e-07
-1.25591e-06
8.06219e-07
-1.68772e-06
1.02904e-06
-2.16122e-06
1.2405e-06
-2.64238e-06
1.41222e-06
-3.0966e-06
1.52008e-06
-3.49958e-06
1.5535e-06
-3.84048e-06
1.51625e-06
-4.11976e-06
1.42013e-06
-4.34224e-06
1.27906e-06
-4.51612e-06
1.10829e-06
-4.64843e-06
9.19114e-07
-4.74416e-06
7.19897e-07
-4.80712e-06
5.15273e-07
-4.84e-06
3.06981e-07
-4.84292e-06
9.37248e-08
-4.81623e-06
-1.25704e-07
-4.75924e-06
-3.55058e-07
-4.66738e-06
-5.99923e-07
-4.53255e-06
-8.62428e-07
-4.3436e-06
-1.1416e-06
-4.08575e-06
-1.43068e-06
-3.7433e-06
-1.71086e-06
-3.30442e-06
-1.94865e-06
-2.76846e-06
-2.09703e-06
-2.15591e-06
-2.10225e-06
-1.51558e-06
-1.91942e-06
-9.21938e-07
-1.54341e-06
-4.45842e-07
-1.02644e-06
-1.29252e-07
-4.65203e-07
2.05773e-08
2.93462e-08
3.48105e-08
3.20484e-07
3.21092e-07
-1.9642e-08
-1.26385e-07
-8.11359e-08
-3.92984e-08
-1.70396e-07
7.18033e-08
-2.91051e-07
1.83023e-07
-4.5742e-07
3.16386e-07
-6.85613e-07
4.90918e-07
-9.84206e-07
7.09928e-07
-1.35317e-06
9.64226e-07
-1.78287e-06
1.23592e-06
-2.2495e-06
1.49568e-06
-2.71826e-06
1.70926e-06
-3.15408e-06
1.84804e-06
-3.53293e-06
1.89894e-06
-3.84628e-06
1.86685e-06
-4.0948e-06
1.76477e-06
-4.28449e-06
1.60982e-06
-4.42419e-06
1.41876e-06
-4.52257e-06
1.20668e-06
-4.58701e-06
9.8355e-07
-4.62371e-06
7.56598e-07
-4.638e-06
5.29565e-07
-4.63438e-06
3.03359e-07
-4.61727e-06
7.66149e-08
-4.59028e-06
-1.52686e-07
-4.55555e-06
-3.89798e-07
-4.51396e-06
-6.41509e-07
-4.46176e-06
-9.14623e-07
-4.3885e-06
-1.21486e-06
-4.27612e-06
-1.54306e-06
-4.09753e-06
-1.88945e-06
-3.81961e-06
-2.22657e-06
-3.4132e-06
-2.50344e-06
-2.86813e-06
-2.64732e-06
-2.20687e-06
-2.58068e-06
-1.49987e-06
-2.25042e-06
-8.54862e-07
-1.67145e-06
-3.69264e-07
-9.508e-07
-8.57509e-08
-2.54167e-07
8.41754e-09
2.26316e-07
3.29509e-07
-5.95211e-08
-6.68644e-08
-1.64961e-07
6.61419e-08
-3.00549e-07
2.07391e-07
-4.73109e-07
3.55583e-07
-6.98435e-07
5.41712e-07
-9.87267e-07
7.79749e-07
-1.34205e-06
1.06471e-06
-1.75533e-06
1.3775e-06
-2.20376e-06
1.68435e-06
-2.65316e-06
1.94508e-06
-3.06825e-06
2.12435e-06
-3.42423e-06
2.20402e-06
-3.71142e-06
2.18613e-06
-3.92898e-06
2.08441e-06
-4.08254e-06
1.91833e-06
-4.18171e-06
1.70899e-06
-4.23738e-06
1.47442e-06
-4.25904e-06
1.22833e-06
-4.25546e-06
9.79969e-07
-4.23403e-06
7.35171e-07
-4.20084e-06
4.96376e-07
-4.16145e-06
2.63965e-07
-4.12104e-06
3.62025e-08
-4.08271e-06
-1.91013e-07
-4.05026e-06
-4.22244e-07
-4.02812e-06
-6.6365e-07
-4.01887e-06
-9.23879e-07
-4.02093e-06
-1.21279e-06
-4.02465e-06
-1.53935e-06
-4.00684e-06
-1.90727e-06
-3.92731e-06
-2.30609e-06
-3.73194e-06
-2.69882e-06
-3.36764e-06
-3.01162e-06
-2.8103e-06
-3.13801e-06
-2.09283e-06
-2.96789e-06
-1.32118e-06
-2.44309e-06
-6.51143e-07
-1.62084e-06
-2.04353e-07
-7.00957e-07
-1.64707e-08
3.84335e-08
3.13039e-07
-9.98231e-08
3.29588e-08
-2.47258e-07
2.13577e-07
-4.25866e-07
3.85998e-07
-6.44554e-07
5.74272e-07
-9.16342e-07
8.135e-07
-1.24754e-06
1.11095e-06
-1.63467e-06
1.45184e-06
-2.05764e-06
1.80047e-06
-2.48452e-06
2.11124e-06
-2.88058e-06
2.34113e-06
-3.21904e-06
2.46282e-06
-3.48649e-06
2.47147e-06
-3.68019e-06
2.37984e-06
-3.80537e-06
2.20958e-06
-3.87325e-06
1.98621e-06
-3.89687e-06
1.73262e-06
-3.88874e-06
1.46629e-06
-3.85953e-06
1.19912e-06
-3.81757e-06
9.38015e-07
-3.76855e-06
6.86144e-07
-3.71613e-06
4.43956e-07
-3.66235e-06
2.10184e-07
-3.60862e-06
-1.75243e-08
-3.55683e-06
-2.42797e-07
-3.51133e-06
-4.6775e-07
-3.47791e-06
-6.9707e-07
-3.46411e-06
-9.37675e-07
-3.47754e-06
-1.19937e-06
-3.52178e-06
-1.4951e-06
-3.58972e-06
-1.83933e-06
-3.65454e-06
-2.24128e-06
-3.66231e-06
-2.69104e-06
-3.53467e-06
-3.13926e-06
-3.19239e-06
-3.48029e-06
-2.60042e-06
-3.55985e-06
-1.81516e-06
-3.22836e-06
-9.99112e-07
-2.43689e-06
-3.65288e-07
-1.33478e-06
-4.85198e-08
-2.78335e-07
2.64519e-07
-1.36241e-07
1.692e-07
-3.20791e-07
3.98127e-07
-5.35226e-07
6.00433e-07
-7.89134e-07
8.28181e-07
-1.09222e-06
1.11659e-06
-1.44693e-06
1.46565e-06
-1.83911e-06
1.84402e-06
-2.24082e-06
2.20218e-06
-2.61963e-06
2.49005e-06
-2.94656e-06
2.66807e-06
-3.20382e-06
2.72007e-06
-3.38537e-06
2.65302e-06
-3.4955e-06
2.48997e-06
-3.5467e-06
2.26078e-06
-3.55459e-06
1.9941e-06
-3.53427e-06
1.71229e-06
-3.4982e-06
1.43023e-06
-3.45493e-06
1.15585e-06
-3.40894e-06
8.92022e-07
-3.36148e-06
6.38681e-07
-3.31191e-06
3.94389e-07
-3.25897e-06
1.57248e-07
-3.20197e-06
-7.45306e-08
-3.14249e-06
-3.02273e-07
-3.08323e-06
-5.27014e-07
-3.02924e-06
-7.51054e-07
-2.98866e-06
-9.78259e-07
-2.97261e-06
-1.21542e-06
-2.99371e-06
-1.474e-06
-3.06156e-06
-1.77147e-06
-3.17294e-06
-2.1299e-06
-3.29737e-06
-2.56662e-06
-3.3647e-06
-3.07194e-06
-3.26923e-06
-3.57576e-06
-2.9066e-06
-3.92249e-06
-2.24368e-06
-3.89127e-06
-1.38608e-06
-3.29449e-06
-5.82536e-07
-2.13833e-06
-1.0057e-07
-7.60301e-07
1.63949e-07
-1.66391e-07
3.35592e-07
-3.79333e-07
6.11068e-07
-6.19889e-07
8.40988e-07
-8.9633e-07
1.10462e-06
-1.21568e-06
1.43594e-06
-1.57273e-06
1.8227e-06
-1.94565e-06
2.21695e-06
-2.30652e-06
2.56305e-06
-2.6258e-06
2.80932e-06
-2.88138e-06
2.92365e-06
-3.0626e-06
2.90129e-06
-3.1712e-06
2.76162e-06
-3.21956e-06
2.53833e-06
-3.22513e-06
2.26635e-06
-3.20523e-06
1.9742e-06
-3.17379e-06
1.68086e-06
-3.13957e-06
1.396e-06
-3.10613e-06
1.12241e-06
-3.07327e-06
8.59161e-07
-3.03871e-06
6.04128e-07
-2.9996e-06
3.55271e-07
-2.9536e-06
1.11248e-07
-2.89974e-06
-1.28384e-07
-2.83863e-06
-3.63388e-07
-2.77206e-06
-5.93579e-07
-2.70377e-06
-8.19353e-07
-2.63994e-06
-1.04209e-06
-2.58999e-06
-1.26537e-06
-2.56722e-06
-1.49676e-06
-2.58832e-06
-1.75038e-06
-2.66843e-06
-2.04979e-06
-2.80786e-06
-2.42719e-06
-2.97026e-06
-2.90954e-06
-3.06394e-06
-3.48208e-06
-2.95156e-06
-4.03487e-06
-2.51171e-06
-4.33112e-06
-1.74376e-06
-4.06243e-06
-8.49688e-07
-3.0324e-06
-1.87136e-07
-1.42285e-06
-2.31872e-08
-1.87164e-07
5.22756e-07
-4.18912e-07
8.42817e-07
-6.74648e-07
1.09672e-06
-9.60655e-07
1.39063e-06
-1.28055e-06
1.75584e-06
-1.62122e-06
2.16336e-06
-1.95992e-06
2.55565e-06
-2.27068e-06
2.87381e-06
-2.52889e-06
3.06753e-06
-2.71874e-06
3.1135e-06
-2.83681e-06
3.01936e-06
-2.89332e-06
2.81812e-06
-2.90603e-06
2.55104e-06
-2.89376e-06
2.25409e-06
-2.87195e-06
1.95238e-06
-2.85004e-06
1.65895e-06
-2.83147e-06
1.37743e-06
-2.81538e-06
1.10632e-06
-2.79874e-06
8.42519e-07
-2.77788e-06
5.83275e-07
-2.74956e-06
3.26952e-07
-2.71152e-06
7.32056e-08
-2.66273e-06
-1.77172e-07
-2.6033e-06
-4.22826e-07
-2.53453e-06
-6.62345e-07
-2.45931e-06
-8.94577e-07
-2.38223e-06
-1.11916e-06
-2.31012e-06
-1.33748e-06
-2.253e-06
-1.55389e-06
-2.22552e-06
-1.77786e-06
-2.24741e-06
-2.0279e-06
-2.33822e-06
-2.33638e-06
-2.49912e-06
-2.74864e-06
-2.68128e-06
-3.29992e-06
-2.76191e-06
-3.95423e-06
-2.57021e-06
-4.52283e-06
-1.99236e-06
-4.64028e-06
-1.11711e-06
-3.90765e-06
-2.98003e-07
-2.24196e-06
-3.2119e-07
-1.97232e-07
7.19988e-07
-4.37889e-07
1.08347e-06
-6.97931e-07
1.35677e-06
-9.81579e-07
1.67428e-06
-1.28707e-06
2.06132e-06
-1.59828e-06
2.47458e-06
-1.89511e-06
2.85247e-06
-2.15415e-06
3.13286e-06
-2.35599e-06
3.26937e-06
-2.49096e-06
3.24846e-06
-2.5637e-06
3.09211e-06
-2.59021e-06
2.84463e-06
-2.58973e-06
2.55056e-06
-2.57907e-06
2.24343e-06
-2.5691e-06
1.94241e-06
-2.56401e-06
1.65387e-06
-2.56316e-06
1.37658e-06
-2.56338e-06
1.10654e-06
-2.56074e-06
8.39875e-07
-2.55151e-06
5.74042e-07
-2.53266e-06
3.08109e-07
-2.50212e-06
4.26598e-08
-2.45876e-06
-2.20532e-07
-2.40248e-06
-4.791e-07
-2.33441e-06
-7.30424e-07
-2.25693e-06
-9.72049e-07
-2.17376e-06
-1.20233e-06
-2.09003e-06
-1.42121e-06
-2.01291e-06
-1.631e-06
-1.95289e-06
-1.83788e-06
-1.92589e-06
-2.05489e-06
-1.95451e-06
-2.30776e-06
-2.06109e-06
-2.64206e-06
-2.24142e-06
-3.11959e-06
-2.42103e-06
-3.77462e-06
-2.43399e-06
-4.50986e-06
-2.0879e-06
-4.98637e-06
-1.33362e-06
-4.66194e-06
-4.39198e-07
-3.13638e-06
-7.60388e-07
-1.97044e-07
9.17032e-07
-4.36561e-07
1.32299e-06
-6.90988e-07
1.61119e-06
-9.61202e-07
1.94449e-06
-1.24097e-06
2.34109e-06
-1.51574e-06
2.74935e-06
-1.7679e-06
3.10463e-06
-1.97805e-06
3.343e-06
-2.13179e-06
3.42311e-06
-2.22575e-06
3.34243e-06
-2.2709e-06
3.13725e-06
-2.28518e-06
2.85892e-06
-2.28617e-06
2.55154e-06
-2.2865e-06
2.24377e-06
-2.29204e-06
1.94795e-06
-2.30313e-06
1.66495e-06
-2.31709e-06
1.39053e-06
-2.33015e-06
1.1196e-06
-2.33852e-06
8.4824e-07
-2.33878e-06
5.74301e-07
-2.32815e-06
2.97478e-07
-2.30456e-06
1.90731e-08
-2.26682e-06
-2.58276e-07
-2.21464e-06
-5.31275e-07
-2.14898e-06
-7.96089e-07
-2.07198e-06
-1.04905e-06
-1.98695e-06
-1.28736e-06
-1.89826e-06
-1.5099e-06
-1.81144e-06
-1.71782e-06
-1.73382e-06
-1.91549e-06
-1.6764e-06
-2.11232e-06
-1.6569e-06
-2.32726e-06
-1.70115e-06
-2.5978e-06
-1.83131e-06
-2.98944e-06
-2.02567e-06
-3.58027e-06
-2.16387e-06
-4.37166e-06
-2.02973e-06
-5.1205e-06
-1.4569e-06
-5.23477e-06
-5.83335e-07
-4.00994e-06
-1.34372e-06
-1.87342e-07
1.10437e-06
-4.16558e-07
1.55221e-06
-6.56852e-07
1.85149e-06
-9.04578e-07
2.19222e-06
-1.15166e-06
2.58817e-06
-1.3865e-06
2.98419e-06
-1.5947e-06
3.31283e-06
-1.76134e-06
3.50964e-06
-1.87675e-06
3.53852e-06
-1.94328e-06
3.40896e-06
-1.97481e-06
3.16878e-06
-1.98823e-06
2.87233e-06
-1.99752e-06
2.56084e-06
-2.01074e-06
2.25699e-06
-2.02995e-06
1.96716e-06
-2.05352e-06
1.68853e-06
-2.07828e-06
1.41529e-06
-2.10069e-06
1.14201e-06
-2.11735e-06
8.64906e-07
-2.12523e-06
5.8218e-07
-2.12172e-06
2.93969e-07
-2.10469e-06
2.0413e-09
-2.07292e-06
-2.90051e-07
-2.02585e-06
-5.78347e-07
-1.96416e-06
-8.57771e-07
-1.88978e-06
-1.12343e-06
-1.80577e-06
-1.37137e-06
-1.71623e-06
-1.59944e-06
-1.62602e-06
-1.80804e-06
-1.5408e-06
-2.00071e-06
-1.46805e-06
-2.18507e-06
-1.41971e-06
-2.3756e-06
-1.41641e-06
-2.60111e-06
-1.48708e-06
-2.91877e-06
-1.64565e-06
-3.42169e-06
-1.83039e-06
-4.18692e-06
-1.85287e-06
-5.09803e-06
-1.47571e-06
-5.61193e-06
-6.84882e-07
-4.80077e-06
-2.0286e-06
-1.69654e-07
1.27403e-06
-3.80899e-07
1.76345e-06
-5.99826e-07
2.07041e-06
-8.18495e-07
2.41089e-06
-1.0293e-06
2.79897e-06
-1.22334e-06
3.17823e-06
-1.39016e-06
3.47965e-06
-1.51944e-06
3.63893e-06
-1.60599e-06
3.62507e-06
-1.65586e-06
3.45883e-06
-1.6828e-06
3.19572e-06
-1.70076e-06
2.89029e-06
-1.71962e-06
2.57969e-06
-1.74361e-06
2.28098e-06
-1.77264e-06
1.99619e-06
-1.80448e-06
1.72037e-06
-1.83616e-06
1.44697e-06
-1.86463e-06
1.17048e-06
-1.88701e-06
8.87289e-07
-1.90063e-06
5.95798e-07
-1.9031e-06
2.96442e-07
-1.89226e-06
-8.79908e-09
-1.8669e-06
-3.15411e-07
-1.82614e-06
-6.19111e-07
-1.77027e-06
-9.13634e-07
-1.70083e-06
-1.19288e-06
-1.62059e-06
-1.45161e-06
-1.53349e-06
-1.68654e-06
-1.44417e-06
-1.89736e-06
-1.35765e-06
-2.08723e-06
-1.27949e-06
-2.26322e-06
-1.21753e-06
-2.43756e-06
-1.18581e-06
-2.63284e-06
-1.20926e-06
-2.89532e-06
-1.31641e-06
-3.31453e-06
-1.49323e-06
-4.01011e-06
-1.60579e-06
-4.98547e-06
-1.40178e-06
-5.81594e-06
-7.36747e-07
-5.46581e-06
-2.76535e-06
-1.45232e-07
1.41926e-06
-3.32198e-07
1.95042e-06
-5.24614e-07
2.26283e-06
-7.10621e-07
2.59689e-06
-8.8347e-07
2.97182e-06
-1.03739e-06
3.33215e-06
-1.1661e-06
3.60836e-06
-1.26382e-06
3.73665e-06
-1.32918e-06
3.69044e-06
-1.36951e-06
3.49915e-06
-1.39642e-06
3.22263e-06
-1.42015e-06
2.91402e-06
-1.44678e-06
2.60633e-06
-1.478e-06
2.3122e-06
-1.51277e-06
2.03095e-06
-1.54889e-06
1.75649e-06
-1.58388e-06
1.48196e-06
-1.61529e-06
1.20189e-06
-1.64076e-06
9.12758e-07
-1.65805e-06
6.1309e-07
-1.66508e-06
3.03475e-07
-1.65999e-06
-1.38952e-08
-1.64132e-06
-3.34077e-07
-1.60811e-06
-6.52317e-07
-1.56015e-06
-9.61596e-07
-1.49833e-06
-1.2547e-06
-1.42492e-06
-1.52501e-06
-1.34359e-06
-1.76788e-06
-1.25892e-06
-1.98203e-06
-1.17571e-06
-2.17044e-06
-1.09873e-06
-2.3402e-06
-1.03341e-06
-2.50287e-06
-9.88773e-07
-2.67748e-06
-9.8284e-07
-2.90125e-06
-1.04477e-06
-3.25261e-06
-1.1884e-06
-3.86648e-06
-1.33533e-06
-4.83853e-06
-1.26139e-06
-5.88988e-06
-7.42019e-07
-5.98518e-06
-3.50737e-06
-1.15915e-07
1.53518e-06
-2.73747e-07
2.10825e-06
-4.35956e-07
2.42504e-06
-5.87611e-07
2.74855e-06
-7.22405e-07
3.10662e-06
-8.3783e-07
3.44757e-06
-9.31612e-07
3.70214e-06
-1.00235e-06
3.80739e-06
-1.05169e-06
3.73978e-06
-1.08625e-06
3.53371e-06
-1.11448e-06
3.25086e-06
-1.14281e-06
2.94236e-06
-1.17431e-06
2.63783e-06
-1.20912e-06
2.34701e-06
-1.2459e-06
2.06774e-06
-1.28278e-06
1.79337e-06
-1.31785e-06
1.51703e-06
-1.34926e-06
1.2333e-06
-1.37522e-06
9.38722e-07
-1.39402e-06
6.31888e-07
-1.40404e-06
3.13496e-07
-1.40372e-06
-1.42171e-08
-1.3918e-06
-3.45992e-07
-1.36715e-06
-6.76967e-07
-1.32905e-06
-9.99698e-07
-1.27762e-06
-1.30613e-06
-1.21435e-06
-1.58828e-06
-1.14238e-06
-1.83985e-06
-1.06611e-06
-2.0583e-06
-9.9034e-07
-2.2462e-06
-9.19496e-07
-2.41105e-06
-8.57823e-07
-2.56455e-06
-8.11168e-07
-2.72413e-06
-7.91508e-07
-2.92091e-06
-8.22762e-07
-3.22135e-06
-9.30176e-07
-3.75906e-06
-1.07702e-06
-4.69169e-06
-1.08561e-06
-5.8813e-06
-7.11335e-07
-6.35945e-06
-4.2187e-06
-8.33922e-08
1.61857e-06
-2.08835e-07
2.23369e-06
-3.388e-07
2.555e-06
-4.55745e-07
2.8655e-06
-5.53326e-07
3.2042e-06
-6.3199e-07
3.52624e-06
-6.93518e-07
3.76367e-06
-7.39987e-07
3.85385e-06
-7.76055e-07
3.77584e-06
-8.06114e-07
3.56377e-06
-8.35015e-07
3.27976e-06
-8.65774e-07
2.97312e-06
-8.99141e-07
2.6712e-06
-9.34357e-07
2.38222e-06
-9.70056e-07
2.10344e-06
-1.00479e-06
1.82811e-06
-1.03723e-06
1.54947e-06
-1.06613e-06
1.2622e-06
-1.0903e-06
9.62885e-07
-1.1086e-06
6.50192e-07
-1.12001e-06
3.24905e-07
-1.12339e-06
-1.08364e-08
-1.11783e-06
-3.51549e-07
-1.10215e-06
-6.92647e-07
-1.07527e-06
-1.02658e-06
-1.03654e-06
-1.34486e-06
-9.86481e-07
-1.63834e-06
-9.27425e-07
-1.89891e-06
-8.63368e-07
-2.12236e-06
-7.99001e-07
-2.31057e-06
-7.386e-07
-2.47145e-06
-6.85838e-07
-2.61731e-06
-6.44817e-07
-2.76516e-06
-6.23298e-07
-2.94243e-06
-6.38831e-07
-3.20582e-06
-7.18157e-07
-3.67974e-06
-8.50673e-07
-4.55917e-06
-9.01294e-07
-5.83068e-06
-6.53656e-07
-6.60709e-06
-4.87236e-06
-4.90402e-08
1.66761e-06
-1.40042e-07
2.32469e-06
-2.37158e-07
2.65212e-06
-3.20186e-07
2.94852e-06
-3.824e-07
3.26641e-06
-4.26089e-07
3.56993e-06
-4.56911e-07
3.79449e-06
-4.80232e-07
3.87718e-06
-5.03489e-07
3.7991e-06
-5.2844e-07
3.58872e-06
-5.56316e-07
3.30763e-06
-5.87117e-07
3.00392e-06
-6.1977e-07
2.70385e-06
-6.52889e-07
2.41534e-06
-6.85184e-07
2.13573e-06
-7.15645e-07
1.85857e-06
-7.43485e-07
1.57731e-06
-7.68041e-07
1.28676e-06
-7.88731e-07
9.83575e-07
-8.05051e-07
6.66513e-07
-8.16548e-07
3.36401e-07
-8.22698e-07
-4.68632e-09
-8.22768e-07
-3.51478e-07
-8.158e-07
-6.99616e-07
-8.00553e-07
-1.04183e-06
-7.75821e-07
-1.3696e-06
-7.41233e-07
-1.67293e-06
-6.98146e-07
-1.94199e-06
-6.49855e-07
-2.17065e-06
-6.00675e-07
-2.35975e-06
-5.54655e-07
-2.51747e-06
-5.15086e-07
-2.65688e-06
-4.8519e-07
-2.79505e-06
-4.70297e-07
-2.95732e-06
-4.82719e-07
-3.1934e-06
-5.4553e-07
-3.61692e-06
-6.63174e-07
-4.44153e-06
-7.29477e-07
-5.76437e-06
-5.74675e-07
-6.76189e-06
-5.44704e-06
-1.38182e-08
1.68143e-06
-6.98219e-08
2.3807e-06
-1.34443e-07
2.71674e-06
-1.85028e-07
2.99911e-06
-2.14269e-07
3.29565e-06
-2.24958e-07
3.58062e-06
-2.25831e-07
3.79537e-06
-2.2649e-07
3.87783e-06
-2.35005e-07
3.80762e-06
-2.52822e-07
3.60654e-06
-2.77321e-07
3.33213e-06
-3.05901e-07
3.0325e-06
-3.35831e-07
2.73378e-06
-3.65113e-07
2.44462e-06
-3.92517e-07
2.16314e-06
-4.17412e-07
1.88346e-06
-4.39513e-07
1.59941e-06
-4.58729e-07
1.30598e-06
-4.75076e-07
9.99923e-07
-4.88628e-07
6.80065e-07
-4.99417e-07
3.4719e-07
-5.07687e-07
3.58413e-09
-5.12553e-07
-3.46612e-07
-5.13559e-07
-6.9861e-07
-5.09482e-07
-1.04591e-06
-4.98903e-07
-1.38018e-06
-4.80865e-07
-1.69097e-06
-4.55846e-07
-1.96701e-06
-4.26225e-07
-2.20027e-06
-3.95598e-07
-2.39038e-06
-3.67523e-07
-2.54554e-06
-3.44823e-07
-2.67958e-06
-3.30152e-07
-2.80972e-06
-3.27642e-07
-2.95983e-06
-3.46356e-07
-3.17468e-06
-4.04271e-07
-3.55901e-06
-5.12415e-07
-4.33338e-06
-5.85111e-07
-5.69168e-06
-4.84448e-07
-6.86255e-06
-5.93148e-06
2.03616e-08
1.66106e-06
-1.91649e-09
2.40298e-06
-3.37568e-08
2.74858e-06
-5.37245e-08
3.01908e-06
-5.26131e-08
3.29454e-06
-3.27513e-08
3.56075e-06
-4.83177e-09
3.76745e-06
1.86144e-08
3.85439e-06
2.79298e-08
3.7983e-06
2.02826e-08
3.61419e-06
1.93521e-09
3.35048e-06
-2.21767e-08
3.05661e-06
-4.77897e-08
2.75939e-06
-7.21471e-08
2.46898e-06
-9.39276e-08
2.18492e-06
-1.12761e-07
1.90229e-06
-1.28797e-07
1.61545e-06
-1.4247e-07
1.31965e-06
-1.54345e-07
1.0118e-06
-1.65004e-07
6.90724e-07
-1.7494e-07
3.57126e-07
-1.84563e-07
1.32076e-08
-1.93624e-07
-3.37551e-07
-2.01697e-07
-6.90537e-07
-2.07814e-07
-1.03979e-06
-2.10699e-07
-1.37729e-06
-2.09249e-07
-1.69241e-06
-2.03367e-07
-1.97289e-06
-1.94486e-07
-2.20915e-06
-1.85177e-07
-2.39969e-06
-1.78097e-07
-2.55262e-06
-1.75414e-07
-2.68226e-06
-1.79211e-07
-2.80593e-06
-1.92868e-07
-2.94617e-06
-2.23662e-07
-3.14389e-06
-2.86104e-07
-3.49657e-06
-3.91945e-07
-4.22754e-06
-4.72268e-07
-5.61135e-06
-3.98604e-07
-6.93622e-06
-6.33009e-06
5.2798e-08
1.60827e-06
6.54309e-08
2.39034e-06
6.2926e-08
2.75109e-06
7.08255e-08
3.01118e-06
9.95329e-08
3.26583e-06
1.47616e-07
3.51267e-06
2.04524e-07
3.71054e-06
2.53482e-07
3.80543e-06
2.83552e-07
3.76823e-06
2.90156e-07
3.60758e-06
2.80882e-07
3.35976e-06
2.63305e-07
3.07419e-06
2.43346e-07
2.77935e-06
2.24602e-07
2.48773e-06
2.08667e-07
2.20085e-06
1.95813e-07
1.91515e-06
1.85563e-07
1.6257e-06
1.77062e-07
1.32815e-06
1.69296e-07
1.01956e-06
1.61267e-07
6.98753e-07
1.52145e-07
3.66248e-07
1.41311e-07
2.40411e-08
1.28634e-07
-3.24874e-07
1.1434e-07
-6.76242e-07
9.9062e-08
-1.02451e-06
8.36825e-08
-1.36191e-06
6.90351e-08
-1.67777e-06
5.5438e-08
-1.9593e-06
4.23176e-08
-2.19603e-06
2.83543e-08
-2.38573e-06
1.21035e-08
-2.53637e-06
-7.69459e-09
-2.66246e-06
-3.24709e-08
-2.78115e-06
-6.49872e-08
-2.91366e-06
-1.11485e-07
-3.09739e-06
-1.8438e-07
-3.42367e-06
-2.94786e-07
-4.11714e-06
-3.86896e-07
-5.51924e-06
-3.28155e-07
-6.99496e-06
-6.65824e-06
8.18524e-08
1.52641e-06
1.26983e-07
2.34521e-06
1.53015e-07
2.72505e-06
1.86363e-07
2.97783e-06
2.39568e-07
3.21263e-06
3.12756e-07
3.43948e-06
3.96317e-07
3.62698e-06
4.72617e-07
3.72913e-06
5.26982e-07
3.71387e-06
5.53468e-07
3.5811e-06
5.57553e-07
3.35567e-06
5.49263e-07
3.08248e-06
5.36403e-07
2.79221e-06
5.23805e-07
2.50032e-06
5.13644e-07
2.21101e-06
5.06321e-07
1.92247e-06
5.01215e-07
1.6308e-06
4.97187e-07
1.33218e-06
4.92893e-07
1.02386e-06
4.8702e-07
7.04626e-07
4.78475e-07
3.74793e-07
4.66449e-07
3.60672e-08
4.50509e-07
-3.08934e-07
4.3057e-07
-6.56304e-07
4.06845e-07
-1.00079e-06
3.79679e-07
-1.33474e-06
3.49419e-07
-1.64751e-06
3.16344e-07
-1.92622e-06
2.80581e-07
-2.16027e-06
2.4214e-07
-2.34728e-06
2.01002e-07
-2.49523e-06
1.57005e-07
-2.61846e-06
1.09475e-07
-2.73362e-06
5.62531e-08
-2.86044e-06
-8.17489e-09
-3.03296e-06
-9.5015e-08
-3.33683e-06
-2.14897e-07
-3.99726e-06
-3.22528e-07
-5.41161e-06
-2.75788e-07
-7.0417e-06
-6.93403e-06
1.06426e-07
1.41999e-06
1.82522e-07
2.26912e-06
2.34927e-07
2.67265e-06
2.9103e-07
2.92173e-06
3.65479e-07
3.13818e-06
4.60552e-07
3.34441e-06
5.68236e-07
3.5193e-06
6.71618e-07
3.62575e-06
7.53397e-07
3.63209e-06
8.05039e-07
3.52945e-06
8.28186e-07
3.33252e-06
8.33196e-07
3.07747e-06
8.29695e-07
2.79571e-06
8.24142e-07
2.50588e-06
8.19771e-07
2.21538e-06
8.1748e-07
1.92476e-06
8.16763e-07
1.63152e-06
8.16381e-07
1.33256e-06
8.14801e-07
1.02544e-06
8.10494e-07
7.08933e-07
8.02152e-07
3.83135e-07
7.88777e-07
4.94429e-08
7.69642e-07
-2.89799e-07
7.44294e-07
-6.30957e-07
7.12452e-07
-9.68943e-07
6.73835e-07
-1.29613e-06
6.28171e-07
-1.60184e-06
5.75526e-07
-1.87358e-06
5.16692e-07
-2.10143e-06
4.53077e-07
-2.28367e-06
3.86178e-07
-2.42833e-06
3.17017e-07
-2.5493e-06
2.45708e-07
-2.66231e-06
1.70637e-07
-2.78536e-06
8.69177e-08
-2.94924e-06
-1.58848e-08
-3.23403e-06
-1.48112e-07
-3.86503e-06
-2.73152e-07
-5.28657e-06
-2.39646e-07
-7.0752e-06
-7.17368e-06
1.25734e-07
1.29425e-06
2.29887e-07
2.16496e-06
3.06897e-07
2.59564e-06
3.83265e-07
2.84536e-06
4.75771e-07
3.04567e-06
5.89173e-07
3.23101e-06
7.17448e-07
3.39102e-06
8.45973e-07
3.49722e-06
9.56823e-07
3.52124e-06
1.03784e-06
3.44844e-06
1.08636e-06
3.284e-06
1.11028e-06
3.05355e-06
1.11996e-06
2.78603e-06
1.12351e-06
2.50232e-06
1.12568e-06
2.21321e-06
1.12834e-06
1.92211e-06
1.13147e-06
1.62839e-06
1.13401e-06
1.33002e-06
1.13441e-06
1.02503e-06
1.13104e-06
7.12306e-07
1.1224e-06
3.91771e-07
1.10728e-06
6.45621e-08
1.08464e-06
-2.67158e-07
1.0536e-06
-5.99913e-07
1.01329e-06
-9.28639e-07
9.62785e-07
-1.24562e-06
9.01246e-07
-1.5403e-06
8.28698e-07
-1.80103e-06
7.46631e-07
-2.01937e-06
6.5775e-07
-2.19479e-06
5.64966e-07
-2.33555e-06
4.70487e-07
-2.45482e-06
3.75166e-07
-2.56699e-06
2.77847e-07
-2.68805e-06
1.74173e-07
-2.84557e-06
5.45179e-08
-3.11438e-06
-9.1883e-08
-3.71863e-06
-2.33449e-07
-5.14501e-06
-2.17041e-07
-7.09161e-06
-7.39072e-06
1.38796e-07
1.15546e-06
2.6717e-07
2.03659e-06
3.67009e-07
2.4958e-06
4.61554e-07
2.75081e-06
5.69172e-07
2.93805e-06
6.97183e-07
3.103e-06
8.42153e-07
3.24605e-06
9.92365e-07
3.34701e-06
1.13115e-06
3.38245e-06
1.24384e-06
3.33575e-06
1.32329e-06
3.20456e-06
1.37273e-06
3.00411e-06
1.40118e-06
2.75758e-06
1.41772e-06
2.48578e-06
1.42863e-06
2.2023e-06
1.43719e-06
1.91356e-06
1.4443e-06
1.62127e-06
1.44945e-06
1.32488e-06
1.4513e-06
1.02318e-06
1.44825e-06
7.15359e-07
1.43868e-06
4.01332e-07
1.42116e-06
8.20886e-08
1.39428e-06
-2.40278e-07
1.35667e-06
-5.62307e-07
1.30685e-06
-8.78817e-07
1.24325e-06
-1.18201e-06
1.16472e-06
-1.46178e-06
1.0716e-06
-1.70791e-06
9.66254e-07
-1.91402e-06
8.52592e-07
-2.08113e-06
7.34676e-07
-2.21763e-06
6.15596e-07
-2.33574e-06
4.96796e-07
-2.44819e-06
3.77552e-07
-2.5688e-06
2.53912e-07
-2.72193e-06
1.16812e-07
-2.97727e-06
-4.46116e-08
-3.5572e-06
-2.01195e-07
-4.98842e-06
-2.04789e-07
-7.08802e-06
-7.59551e-06
1.44893e-07
1.01057e-06
2.92957e-07
1.88852e-06
4.13483e-07
2.37527e-06
5.24432e-07
2.63986e-06
6.44679e-07
2.81781e-06
7.83891e-07
2.96379e-06
9.41636e-07
3.08831e-06
1.10895e-06
3.1797e-06
1.27183e-06
3.21957e-06
1.41517e-06
3.1924e-06
1.52839e-06
3.09134e-06
1.60946e-06
2.92304e-06
1.66359e-06
2.70345e-06
1.69894e-06
2.45043e-06
1.72278e-06
2.17845e-06
1.73984e-06
1.8965e-06
1.75231e-06
1.6088e-06
1.76056e-06
1.31663e-06
1.76379e-06
1.01995e-06
1.76062e-06
7.18528e-07
1.74942e-06
4.12533e-07
1.7285e-06
1.03008e-07
1.69613e-06
-2.07908e-07
1.65043e-06
-5.16607e-07
1.58931e-06
-8.17698e-07
1.51081e-06
-1.10351e-06
1.41394e-06
-1.36491e-06
1.29972e-06
-1.59368e-06
1.17152e-06
-1.78581e-06
1.03425e-06
-1.94386e-06
8.92769e-07
-2.07615e-06
7.50632e-07
-2.19361e-06
6.09618e-07
-2.30718e-06
4.69396e-07
-2.42858e-06
3.26458e-07
-2.57899e-06
1.72488e-07
-2.82331e-06
-2.58663e-09
-3.38213e-06
-1.7419e-07
-4.81682e-06
-1.99475e-07
-7.06273e-06
-7.79498e-06
1.44059e-07
8.66506e-07
3.06172e-07
1.72641e-06
4.44611e-07
2.23684e-06
5.70365e-07
2.51411e-06
7.01396e-07
2.68678e-06
8.49061e-07
2.81612e-06
1.01572e-06
2.92165e-06
1.19521e-06
3.00021e-06
1.37655e-06
3.03824e-06
1.54623e-06
3.02272e-06
1.69204e-06
2.94552e-06
1.80766e-06
2.80743e-06
1.89348e-06
2.61763e-06
1.95454e-06
2.38937e-06
1.99738e-06
2.13561e-06
2.02752e-06
1.86636e-06
2.04841e-06
1.58791e-06
2.06153e-06
1.3035e-06
2.06691e-06
1.01457e-06
2.06362e-06
7.21822e-07
2.05015e-06
4.26004e-07
2.02466e-06
1.285e-07
1.98511e-06
-1.68362e-07
1.92926e-06
-4.60755e-07
1.85466e-06
-7.43098e-07
1.75944e-06
-1.0083e-06
1.64329e-06
-1.24876e-06
1.50823e-06
-1.45862e-06
1.35858e-06
-1.63617e-06
1.19987e-06
-1.78515e-06
1.03721e-06
-1.91349e-06
8.74203e-07
-2.0306e-06
7.12799e-07
-2.14577e-06
5.5304e-07
-2.26882e-06
3.92003e-07
-2.41796e-06
2.21889e-07
-2.65319e-06
3.27243e-08
-3.19297e-06
-1.51166e-07
-4.63293e-06
-1.99387e-07
-7.01451e-06
-7.99437e-06
1.36924e-07
7.29582e-07
3.06395e-07
1.55694e-06
4.58985e-07
2.08424e-06
5.97827e-07
2.37527e-06
7.38333e-07
2.54627e-06
8.92426e-07
2.66203e-06
1.06466e-06
2.74941e-06
1.252e-06
2.81287e-06
1.44597e-06
2.84427e-06
1.63543e-06
2.83326e-06
1.8086e-06
2.77235e-06
1.95672e-06
2.6593e-06
2.0762e-06
2.49815e-06
2.16808e-06
2.2975e-06
2.23622e-06
2.06747e-06
2.28534e-06
1.81724e-06
2.31934e-06
1.55391e-06
2.34062e-06
1.28222e-06
2.35008e-06
1.00511e-06
2.34743e-06
7.24473e-07
2.33148e-06
4.41951e-07
2.30041e-06
1.59568e-07
2.25203e-06
-1.19981e-07
2.18408e-06
-3.92802e-07
2.09432e-06
-6.53334e-07
1.9816e-06
-8.95577e-07
1.84668e-06
-1.11385e-06
1.6926e-06
-1.30454e-06
1.52429e-06
-1.46786e-06
1.34737e-06
-1.60823e-06
1.16665e-06
-1.73277e-06
9.85491e-07
-1.84944e-06
8.05963e-07
-1.96624e-06
6.28573e-07
-2.09143e-06
4.50987e-07
-2.24037e-06
2.66035e-07
-2.46824e-06
6.43725e-08
-2.9913e-06
-1.30442e-07
-4.43812e-06
-2.0363e-07
-6.94132e-06
-8.198e-06
1.24519e-07
6.05062e-07
2.94011e-07
1.38745e-06
4.55851e-07
1.9224e-06
6.05542e-07
2.22558e-06
7.54545e-07
2.39727e-06
9.13952e-07
2.50262e-06
1.08962e-06
2.57374e-06
1.28129e-06
2.6212e-06
1.48271e-06
2.64285e-06
1.68489e-06
2.63107e-06
1.87778e-06
2.57947e-06
2.05217e-06
2.48491e-06
2.2019e-06
2.34841e-06
2.32465e-06
2.17475e-06
2.42117e-06
1.97095e-06
2.49396e-06
1.74445e-06
2.54594e-06
1.50193e-06
2.57949e-06
1.24867e-06
2.59599e-06
9.88606e-07
2.59574e-06
7.24727e-07
2.578e-06
4.59693e-07
2.54124e-06
1.96328e-07
2.48344e-06
-6.21851e-08
2.40289e-06
-3.12247e-07
2.29829e-06
-5.48739e-07
2.16968e-06
-7.66962e-07
2.01885e-06
-9.63015e-07
1.84955e-06
-1.13524e-06
1.66684e-06
-1.28516e-06
1.47584e-06
-1.41724e-06
1.28067e-06
-1.53759e-06
1.08452e-06
-1.65329e-06
8.89611e-07
-1.77134e-06
6.96695e-07
-1.89851e-06
5.03949e-07
-2.04762e-06
3.0549e-07
-2.26978e-06
9.3276e-08
-2.77909e-06
-1.10896e-07
-4.23394e-06
-2.11209e-07
-6.84101e-06
-8.40921e-06
1.07865e-07
4.97197e-07
2.69982e-07
1.22533e-06
4.35238e-07
1.75715e-06
5.92807e-07
2.06801e-06
7.49384e-07
2.24069e-06
9.13812e-07
2.33819e-06
1.09207e-06
2.39549e-06
1.28543e-06
2.42784e-06
1.49019e-06
2.4381e-06
1.69927e-06
2.42199e-06
1.9042e-06
2.37454e-06
2.09653e-06
2.29259e-06
2.26927e-06
2.17568e-06
2.41791e-06
2.02611e-06
2.54056e-06
1.8483e-06
2.6373e-06
1.64771e-06
2.70931e-06
1.42992e-06
2.75799e-06
1.19999e-06
2.78437e-06
9.62218e-07
2.78887e-06
7.20229e-07
2.77118e-06
4.77389e-07
2.73036e-06
2.37146e-07
2.66505e-06
3.12182e-09
2.57454e-06
-2.21731e-07
2.45867e-06
-4.32869e-07
2.31866e-06
-6.2695e-07
2.15714e-06
-8.01499e-07
1.97816e-06
-9.56259e-07
1.78635e-06
-1.09335e-06
1.58586e-06
-1.21674e-06
1.38028e-06
-1.33202e-06
1.17267e-06
-1.44568e-06
9.64981e-07
-1.56365e-06
7.58192e-07
-1.69173e-06
5.51634e-07
-1.84107e-06
3.41394e-07
-2.05954e-06
1.22089e-07
-2.55978e-06
-9.01663e-08
-4.02169e-06
-2.20209e-07
-6.71097e-06
-8.62942e-06
8.7951e-08
4.09246e-07
2.35545e-07
1.07774e-06
3.97785e-07
1.59491e-06
5.59545e-07
1.90625e-06
7.22514e-07
2.07772e-06
8.92044e-07
2.16866e-06
1.07298e-06
2.21455e-06
1.26714e-06
2.23368e-06
1.47283e-06
2.2324e-06
1.68453e-06
2.21029e-06
1.89529e-06
2.16379e-06
2.09772e-06
2.09015e-06
2.28504e-06
1.98835e-06
2.45185e-06
1.85931e-06
2.59456e-06
1.70559e-06
2.71128e-06
1.53098e-06
2.80142e-06
1.33978e-06
2.86506e-06
1.13636e-06
2.90245e-06
9.24824e-07
2.91372e-06
7.08957e-07
2.89875e-06
4.92359e-07
2.85724e-06
2.78661e-07
2.78905e-06
7.13113e-08
2.6939e-06
-1.2658e-07
2.57291e-06
-3.11885e-07
2.42817e-06
-4.82204e-07
2.26279e-06
-6.36116e-07
2.08051e-06
-7.73984e-07
1.88509e-06
-8.97924e-07
1.67989e-06
-1.01155e-06
1.46813e-06
-1.12025e-06
1.25218e-06
-1.22973e-06
1.03377e-06
-1.34525e-06
8.14492e-07
-1.47244e-06
5.95175e-07
-1.62175e-06
3.74643e-07
-1.83901e-06
1.52912e-07
-2.33805e-06
-6.3644e-08
-3.80513e-06
-2.27781e-07
-6.54683e-06
-8.8572e-06
6.55723e-08
3.43674e-07
1.91729e-07
9.51582e-07
3.4443e-07
1.44221e-06
5.06282e-07
1.7444e-06
6.74062e-07
1.90994e-06
8.48945e-07
1.99378e-06
1.03351e-06
2.02999e-06
1.2291e-06
2.03809e-06
1.43479e-06
2.0267e-06
1.64679e-06
1.99829e-06
1.85933e-06
1.95125e-06
2.06608e-06
1.8834e-06
2.26084e-06
1.79359e-06
2.43815e-06
1.682e-06
2.59368e-06
1.55006e-06
2.72441e-06
1.40025e-06
2.82843e-06
1.23576e-06
2.90466e-06
1.06013e-06
2.95254e-06
8.76943e-07
2.97181e-06
6.89688e-07
2.96236e-06
5.01806e-07
2.92441e-06
3.16619e-07
2.85844e-06
1.37282e-07
2.76518e-06
-3.33271e-08
2.64623e-06
-1.92928e-07
2.50391e-06
-3.39884e-07
2.3413e-06
-4.73505e-07
2.16156e-06
-5.94245e-07
1.96761e-06
-7.03973e-07
1.76231e-06
-8.06254e-07
1.54801e-06
-9.05951e-07
1.32643e-06
-1.00815e-06
1.09917e-06
-1.11798e-06
8.68257e-07
-1.24154e-06
6.36334e-07
-1.38983e-06
4.06112e-07
-1.60879e-06
1.85895e-07
-2.11784e-06
-3.12091e-08
-3.58803e-06
-2.3139e-07
-6.34665e-06
-9.08859e-06
4.02695e-08
3.03405e-07
1.38655e-07
8.53196e-07
2.75899e-07
1.30497e-06
4.33903e-07
1.58639e-06
6.04764e-07
1.73908e-06
7.85355e-07
1.81319e-06
9.7495e-07
1.84039e-06
1.17355e-06
1.83948e-06
1.38004e-06
1.82022e-06
1.59182e-06
1.78651e-06
1.80426e-06
1.73881e-06
2.01192e-06
1.67574e-06
2.20935e-06
1.59616e-06
2.39149e-06
1.49986e-06
2.55389e-06
1.38766e-06
2.69309e-06
1.26105e-06
2.80651e-06
1.12234e-06
2.89235e-06
9.7429e-07
2.94949e-06
8.19804e-07
2.97729e-06
6.61886e-07
2.97571e-06
5.03393e-07
2.94512e-06
3.47202e-07
2.88633e-06
1.96071e-07
2.80063e-06
5.23782e-08
2.68967e-06
-8.19747e-08
2.55568e-06
-2.05891e-07
2.40117e-06
-3.18989e-07
2.22865e-06
-4.21725e-07
2.04058e-06
-5.15909e-07
1.83902e-06
-6.04692e-07
1.62532e-06
-6.92254e-07
1.40063e-06
-7.83452e-07
1.16624e-06
-8.83597e-07
9.24383e-07
-9.99674e-07
6.79639e-07
-1.14508e-06
4.39763e-07
-1.36891e-06
2.23513e-07
-1.90159e-06
1.28191e-08
-3.37733e-06
-2.29408e-07
-6.10442e-06
-9.31799e-06
8.34496e-09
2.9506e-07
7.48252e-08
7.86716e-07
1.92257e-07
1.18753e-06
3.43522e-07
1.43513e-06
5.16251e-07
1.56635e-06
7.02987e-07
1.62645e-06
8.99274e-07
1.64411e-06
1.10301e-06
1.63575e-06
1.3123e-06
1.61092e-06
1.52477e-06
1.57404e-06
1.737e-06
1.52658e-06
1.94452e-06
1.46823e-06
2.14251e-06
1.39816e-06
2.32643e-06
1.31595e-06
2.49218e-06
1.2219e-06
2.63631e-06
1.11692e-06
2.75605e-06
1.00261e-06
2.84934e-06
8.81003e-07
2.91481e-06
7.54329e-07
2.95173e-06
6.24972e-07
2.95978e-06
4.95341e-07
2.93925e-06
3.67726e-07
2.89109e-06
2.4424e-07
2.81661e-06
1.26852e-07
2.71745e-06
1.71835e-08
2.59546e-06
-8.38968e-08
2.45259e-06
-1.76121e-07
2.29086e-06
-2.59999e-07
2.11206e-06
-3.37102e-07
1.91735e-06
-4.09984e-07
1.70739e-06
-4.82293e-07
1.48263e-06
-5.58691e-07
1.24394e-06
-6.44905e-07
9.93507e-07
-7.49246e-07
7.38023e-07
-8.89597e-07
4.91997e-07
-1.12288e-06
2.8283e-07
-1.69242e-06
8.37266e-08
-3.17823e-06
-2.17228e-07
-5.80347e-06
-9.53522e-06
-2.93971e-08
3.24457e-07
-5.44898e-10
7.57864e-07
9.27477e-08
1.09424e-06
2.36058e-07
1.29182e-06
4.10448e-07
1.39196e-06
6.03863e-07
1.43304e-06
8.08633e-07
1.43934e-06
1.02004e-06
1.42434e-06
1.23497e-06
1.39599e-06
1.45072e-06
1.35829e-06
1.66439e-06
1.3129e-06
1.87253e-06
1.26009e-06
2.07122e-06
1.19947e-06
2.25647e-06
1.1307e-06
2.42465e-06
1.05372e-06
2.57253e-06
9.69033e-07
2.69744e-06
8.777e-07
2.79734e-06
7.81104e-07
2.87081e-06
6.80865e-07
2.91696e-06
5.78823e-07
2.93552e-06
4.7678e-07
2.92672e-06
3.76522e-07
2.89118e-06
2.79782e-07
2.82999e-06
1.88044e-07
2.74454e-06
1.02631e-07
2.6364e-06
2.42395e-08
2.50727e-06
-4.69834e-08
2.35878e-06
-1.11516e-07
2.19207e-06
-1.70386e-07
2.0077e-06
-2.25618e-07
1.80592e-06
-2.8051e-07
1.58657e-06
-3.39339e-07
1.34975e-06
-4.08088e-07
1.09787e-06
-4.97363e-07
8.41775e-07
-6.33505e-07
6.05952e-07
-8.87061e-07
4.17537e-07
-1.504e-06
2.24343e-07
-2.98504e-06
-1.53749e-07
-5.42538e-06
-9.68897e-06
-8.57765e-08
4.10234e-07
-9.91136e-08
7.71201e-07
-2.60051e-08
1.02113e-06
1.09823e-07
1.15599e-06
2.87433e-07
1.21435e-06
4.8972e-07
1.23075e-06
7.05559e-07
1.2235e-06
9.27824e-07
1.20208e-06
1.15204e-06
1.17178e-06
1.37481e-06
1.13552e-06
1.5933e-06
1.09441e-06
1.80469e-06
1.0487e-06
2.00594e-06
9.98224e-07
2.19387e-06
9.42772e-07
2.3654e-06
8.82194e-07
2.51764e-06
8.16793e-07
2.64816e-06
7.47179e-07
2.75505e-06
6.74211e-07
2.83694e-06
5.98972e-07
2.89307e-06
5.22698e-07
2.92313e-06
4.4672e-07
2.92707e-06
3.7258e-07
2.90516e-06
3.01693e-07
2.85826e-06
2.34941e-07
2.78781e-06
1.73084e-07
2.69526e-06
1.16787e-07
2.58206e-06
6.62192e-08
2.44965e-06
2.08956e-08
2.2992e-06
-1.9941e-08
2.13113e-06
-5.75475e-08
1.94567e-06
-9.50486e-08
1.74252e-06
-1.36193e-07
1.52221e-06
-1.87779e-07
1.28867e-06
-2.63817e-07
1.05433e-06
-3.99172e-07
8.52906e-07
-6.85632e-07
7.06995e-07
-1.35809e-06
5.03982e-07
-2.78202e-06
3.91093e-08
-4.9605e-06
-9.64986e-06
-1.751e-07
5.85334e-07
-2.43889e-07
8.3999e-07
-1.87142e-07
9.64385e-07
-4.85177e-08
1.01737e-06
1.38796e-07
1.02704e-06
3.5588e-07
1.01367e-06
5.88296e-07
9.91082e-07
8.26875e-07
9.63499e-07
1.06578e-06
9.32871e-07
1.30092e-06
9.0038e-07
1.52944e-06
8.65894e-07
1.749e-06
8.29142e-07
1.95716e-06
7.90057e-07
2.15146e-06
7.48479e-07
2.32944e-06
7.04216e-07
2.48875e-06
6.57481e-07
2.62736e-06
6.0857e-07
2.74378e-06
5.57783e-07
2.83698e-06
5.05779e-07
2.90611e-06
4.5357e-07
2.95048e-06
4.02342e-07
2.97016e-06
3.52907e-07
2.96592e-06
3.05933e-07
2.93853e-06
2.62325e-07
2.88913e-06
2.22491e-07
2.81925e-06
1.8666e-07
2.7306e-06
1.54878e-07
2.62468e-06
1.26812e-07
2.50288e-06
1.01857e-07
2.36655e-06
7.87816e-08
2.21616e-06
5.53401e-08
2.05275e-06
2.72221e-08
1.87904e-06
-1.40723e-08
1.69859e-06
-8.33665e-08
1.52138e-06
-2.21964e-07
1.36951e-06
-5.33762e-07
1.23143e-06
-1.22001e-06
9.34031e-07
-2.48462e-06
3.21112e-07
-4.34759e-06
-9.32875e-06
-3.35671e-07
9.21005e-07
-4.2712e-07
9.3144e-07
-3.84075e-07
9.21339e-07
-2.52546e-07
8.85837e-07
-4.94539e-08
8.23946e-07
1.95343e-07
7.6887e-07
4.59998e-07
7.26428e-07
7.30295e-07
6.93202e-07
9.98152e-07
6.65015e-07
1.2596e-06
6.38932e-07
1.51236e-06
6.13129e-07
1.75429e-06
5.87221e-07
1.98335e-06
5.60993e-07
2.19772e-06
5.34106e-07
2.39566e-06
5.06274e-07
2.57566e-06
4.77484e-07
2.73637e-06
4.47861e-07
2.87646e-06
4.17691e-07
2.9949e-06
3.87344e-07
3.09131e-06
3.57158e-07
3.16607e-06
3.27578e-07
3.21996e-06
2.99022e-07
3.25403e-06
2.71862e-07
3.26983e-06
2.46524e-07
3.26906e-06
2.23267e-07
3.25354e-06
2.02173e-07
3.22523e-06
1.83187e-07
3.18604e-06
1.66007e-07
3.13771e-06
1.50186e-07
3.08172e-06
1.34771e-07
3.01891e-06
1.18151e-07
2.94947e-06
9.66642e-08
2.87209e-06
6.3306e-08
2.78611e-06
2.61085e-09
2.68674e-06
-1.22589e-07
2.53644e-06
-3.83467e-07
2.22253e-06
-9.06104e-07
1.55993e-06
-1.82202e-06
6.91925e-07
-3.47958e-06
-8.63682e-06
-5.40671e-07
1.46168e-06
-5.97788e-07
9.88557e-07
-3.29263e-07
6.52814e-07
3.28616e-08
5.23712e-07
4.00032e-07
4.56776e-07
7.60384e-07
4.08517e-07
1.11058e-06
3.76229e-07
1.44819e-06
3.55598e-07
1.77268e-06
3.40526e-07
2.08427e-06
3.27342e-07
2.38254e-06
3.14853e-07
2.66715e-06
3.02614e-07
2.93783e-06
2.90308e-07
3.19417e-06
2.7777e-07
3.43555e-06
2.64891e-07
3.66139e-06
2.51649e-07
3.87117e-06
2.38084e-07
4.06456e-06
2.24295e-07
4.24149e-06
2.10418e-07
4.40206e-06
1.9658e-07
4.54671e-06
1.82932e-07
4.6761e-06
1.69631e-07
4.79113e-06
1.5683e-07
4.89298e-06
1.44679e-07
4.98296e-06
1.33284e-07
5.06246e-06
1.22672e-07
5.13282e-06
1.12833e-07
5.19519e-06
1.03634e-07
5.25056e-06
9.48115e-08
5.29961e-06
8.57242e-08
5.34251e-06
7.52483e-08
5.37791e-06
6.12705e-08
5.40072e-06
4.04973e-08
5.39454e-06
8.78337e-09
5.32425e-06
-5.22964e-08
5.08644e-06
-1.45652e-07
4.45046e-06
-2.70127e-07
3.17004e-06
-5.41598e-07
1.53427e-06
-1.84382e-06
-7.10255e-06
1.46168e-06
2.45023e-06
3.10305e-06
3.62676e-06
4.08353e-06
4.49205e-06
4.86828e-06
5.22388e-06
5.56441e-06
5.89175e-06
6.2066e-06
6.50921e-06
6.79952e-06
7.07729e-06
7.34218e-06
7.59383e-06
7.83192e-06
8.05621e-06
8.26663e-06
8.46321e-06
8.64614e-06
8.81577e-06
8.9726e-06
9.11728e-06
9.25057e-06
9.37324e-06
9.48607e-06
9.5897e-06
9.68451e-06
9.77024e-06
9.84549e-06
9.90676e-06
9.94726e-06
9.95604e-06
9.90374e-06
9.75809e-06
9.48796e-06
8.94637e-06
7.10255e-06
)
;

boundaryField
{
    movingWall
    {
        type            calculated;
        value           uniform 0;
    }
    fixedWalls
    {
        type            calculated;
        value           uniform 0;
    }
    frontAndBack
    {
        type            empty;
    }
}


// ************************************************************************* //
