/*--------------------------------*- C++ -*----------------------------------*\
| =========                 |                                                 |
| \\      /  F ield         | OpenFOAM: The Open Source CFD Toolbox           |
|  \\    /   O peration     | Version:  2412                                  |
|   \\  /    A nd           | Website:  www.openfoam.com                      |
|    \\/     M anipulation  |                                                 |
\*---------------------------------------------------------------------------*/
FoamFile
{
    version     2.0;
    format      ascii;
    arch        "LSB;label=32;scalar=64";
    class       volVectorField;
    location    "2.75";
    object      U;
}
// * * * * * * * * * * * * * * * * * * * * * * * * * * * * * * * * * * * * * //

dimensions      [0 1 -1 0 0 0 0];

internalField   nonuniform List<vector> 
1600
(
(0.000713495 -0.000691491 0)
(0.0026065 -0.000831138 0)
(0.00431362 -0.0007133 0)
(0.00551305 -0.00050581 0)
(0.00622263 -0.000347643 0)
(0.00651511 -0.000209067 0)
(0.00637513 -9.10974e-05 0)
(0.00576006 6.1702e-05 0)
(0.00451109 0.000238965 0)
(0.00264844 0.000361935 0)
(-0.000174279 0.000385024 0)
(-0.00423641 0.000491332 0)
(-0.00994097 0.0011508 0)
(-0.0187109 0.00266901 0)
(-0.030075 0.00446201 0)
(-0.0434414 0.00617473 0)
(-0.0580233 0.00745336 0)
(-0.0728231 0.00805232 0)
(-0.0868338 0.00791695 0)
(-0.0991801 0.00713576 0)
(-0.109157 0.00588323 0)
(-0.116351 0.00439377 0)
(-0.120572 0.00281767 0)
(-0.121891 0.00118522 0)
(-0.120181 -0.000519127 0)
(-0.115308 -0.00234117 0)
(-0.107232 -0.00423291 0)
(-0.0959138 -0.00609697 0)
(-0.0815624 -0.0077889 0)
(-0.0647251 -0.00913259 0)
(-0.0463603 -0.00990329 0)
(-0.027765 -0.00984294 0)
(-0.0102383 -0.00879263 0)
(0.00434374 -0.00679968 0)
(0.0141906 -0.00354153 0)
(0.0190451 -3.11102e-05 0)
(0.018148 0.00239503 0)
(0.0133123 0.00307388 0)
(0.00659112 0.00250238 0)
(0.0015565 0.00172149 0)
(0.00092523 -0.00268155 0)
(0.00323336 -0.00315908 0)
(0.00477379 -0.00236093 0)
(0.00551581 -0.00146242 0)
(0.00554067 -0.000696516 0)
(0.0048288 1.60498e-05 0)
(0.00326608 0.000831674 0)
(0.00059372 0.00184856 0)
(-0.00363495 0.00305114 0)
(-0.00999187 0.00455751 0)
(-0.0192835 0.00694022 0)
(-0.0320251 0.0105337 0)
(-0.0473647 0.0146767 0)
(-0.064323 0.0184596 0)
(-0.0822419 0.0213666 0)
(-0.0999417 0.0229351 0)
(-0.116388 0.0230138 0)
(-0.130795 0.0216298 0)
(-0.142764 0.0190222 0)
(-0.152138 0.0155655 0)
(-0.158924 0.0116143 0)
(-0.163275 0.00742401 0)
(-0.16518 0.00312138 0)
(-0.164463 -0.00129297 0)
(-0.161045 -0.00583883 0)
(-0.154776 -0.0105267 0)
(-0.14557 -0.0152957 0)
(-0.133285 -0.0199395 0)
(-0.117908 -0.0241199 0)
(-0.0997445 -0.0273541 0)
(-0.0794417 -0.0290061 0)
(-0.0580605 -0.0284232 0)
(-0.0370118 -0.0252265 0)
(-0.0181879 -0.0197172 0)
(-0.00270994 -0.0122772 0)
(0.00792623 -0.00398051 0)
(0.0131975 0.00335807 0)
(0.0123323 0.00789004 0)
(0.00760753 0.00877998 0)
(0.00174946 0.00629038 0)
(0.000853329 -0.00469199 0)
(0.00228826 -0.00470789 0)
(0.00256398 -0.00299175 0)
(0.00198832 -0.00122555 0)
(0.000553136 0.000355628 0)
(-0.00196148 0.00204633 0)
(-0.00601964 0.00421373 0)
(-0.0122075 0.00717729 0)
(-0.0211691 0.0111711 0)
(-0.0334083 0.0161752 0)
(-0.0485778 0.0218035 0)
(-0.0662367 0.0276983 0)
(-0.085278 0.0330919 0)
(-0.104441 0.0371216 0)
(-0.12243 0.0391768 0)
(-0.138316 0.0390003 0)
(-0.151783 0.0368414 0)
(-0.16275 0.0330428 0)
(-0.171424 0.0280913 0)
(-0.178047 0.0224168 0)
(-0.182885 0.0163278 0)
(-0.185846 0.00997245 0)
(-0.186952 0.00341262 0)
(-0.186162 -0.00339661 0)
(-0.183366 -0.010498 0)
(-0.178349 -0.0178567 0)
(-0.170841 -0.0254287 0)
(-0.160688 -0.0330437 0)
(-0.147627 -0.0402168 0)
(-0.131439 -0.0462035 0)
(-0.1122 -0.049999 0)
(-0.0904215 -0.0504702 0)
(-0.0671228 -0.046794 0)
(-0.0442255 -0.0387747 0)
(-0.0241373 -0.0273246 0)
(-0.00825569 -0.014094 0)
(0.00222443 -0.0011922 0)
(0.00662413 0.0086742 0)
(0.0050252 0.0125734 0)
(0.00133955 0.0101532 0)
(0.000566252 -0.00577991 0)
(0.000532066 -0.00480453 0)
(-0.00080399 -0.00201536 0)
(-0.00301929 0.000632623 0)
(-0.00636392 0.00333563 0)
(-0.0113573 0.0067002 0)
(-0.0186513 0.0112427 0)
(-0.0288529 0.0171685 0)
(-0.0420832 0.0242051 0)
(-0.0582526 0.0320208 0)
(-0.0766869 0.0399999 0)
(-0.0961675 0.0470819 0)
(-0.115223 0.0522427 0)
(-0.132578 0.0547724 0)
(-0.147476 0.0545802 0)
(-0.159858 0.0519411 0)
(-0.169815 0.0473453 0)
(-0.177656 0.041391 0)
(-0.183721 0.0345561 0)
(-0.188231 0.0272086 0)
(-0.191352 0.0195414 0)
(-0.193255 0.0116383 0)
(-0.193978 0.00351404 0)
(-0.19348 -0.00491438 0)
(-0.191802 -0.0137886 0)
(-0.188891 -0.023224 0)
(-0.184423 -0.0331965 0)
(-0.178047 -0.0435438 0)
(-0.169243 -0.053887 0)
(-0.157366 -0.0633586 0)
(-0.141817 -0.0706079 0)
(-0.122306 -0.0739619 0)
(-0.0991609 -0.0717794 0)
(-0.0735403 -0.0629479 0)
(-0.0481375 -0.0481095 0)
(-0.0262033 -0.0295935 0)
(-0.00983024 -0.010587 0)
(-0.000245314 0.00540031 0)
(0.0021775 0.0138932 0)
(0.00072999 0.0124255 0)
(-5.21145e-05 -0.00575733 0)
(-0.00175186 -0.00319992 0)
(-0.00479488 0.000667335 0)
(-0.00884097 0.0044313 0)
(-0.0144156 0.00875808 0)
(-0.0221516 0.0144576 0)
(-0.0326327 0.0218564 0)
(-0.0460005 0.0306729 0)
(-0.0621282 0.040506 0)
(-0.0803884 0.0504591 0)
(-0.0995179 0.0593132 0)
(-0.117974 0.0658315 0)
(-0.134434 0.0691549 0)
(-0.148301 0.069224 0)
(-0.159494 0.0664096 0)
(-0.168184 0.0613385 0)
(-0.17466 0.0546285 0)
(-0.17934 0.0469025 0)
(-0.182527 0.0385739 0)
(-0.184484 0.0299475 0)
(-0.18544 0.0211826 0)
(-0.185619 0.0123475 0)
(-0.185151 0.00339493 0)
(-0.184236 -0.00578724 0)
(-0.182982 -0.0153647 0)
(-0.181441 -0.0255811 0)
(-0.179636 -0.0366579 0)
(-0.177247 -0.0486766 0)
(-0.173736 -0.0614594 0)
(-0.168202 -0.0743393 0)
(-0.159389 -0.0859635 0)
(-0.145931 -0.0942125 0)
(-0.126925 -0.0964293 0)
(-0.102474 -0.0902982 0)
(-0.0742338 -0.0748959 0)
(-0.0461288 -0.0520358 0)
(-0.0228218 -0.0262976 0)
(-0.00677398 -0.00282942 0)
(3.67672e-05 0.0119163 0)
(0.000562526 0.0133461 0)
(-0.000889278 -0.00416557 0)
(-0.00430165 0.000182658 0)
(-0.00901086 0.00520954 0)
(-0.0149734 0.0103504 0)
(-0.0227901 0.0167084 0)
(-0.0330046 0.0249895 0)
(-0.0458726 0.0351116 0)
(-0.0613737 0.0466087 0)
(-0.0789373 0.0584588 0)
(-0.0973038 0.0691957 0)
(-0.114971 0.0773185 0)
(-0.130576 0.081827 0)
(-0.143475 0.0825345 0)
(-0.153548 0.0798617 0)
(-0.160876 0.0744637 0)
(-0.165809 0.0671137 0)
(-0.168792 0.0585277 0)
(-0.170243 0.0492768 0)
(-0.170517 0.0397532 0)
(-0.169948 0.0302265 0)
(-0.168794 0.0208307 0)
(-0.16727 0.0115948 0)
(-0.165634 0.00246289 0)
(-0.164038 -0.0067066 0)
(-0.162572 -0.0161315 0)
(-0.161434 -0.0261004 0)
(-0.160805 -0.036969 0)
(-0.160703 -0.0490883 0)
(-0.160961 -0.0626769 0)
(-0.160967 -0.0775854 0)
(-0.159476 -0.0929368 0)
(-0.154533 -0.106749 0)
(-0.143772 -0.115818 0)
(-0.125366 -0.116262 0)
(-0.0992738 -0.104886 0)
(-0.0682061 -0.0812392 0)
(-0.0379487 -0.0493056 0)
(-0.0146627 -0.0171056 0)
(-0.00216197 0.00643739 0)
(0.000624758 0.0132004 0)
(-0.00174976 -0.000953427 0)
(-0.00683605 0.00530981 0)
(-0.0130988 0.011557 0)
(-0.0208366 0.0182665 0)
(-0.0305855 0.0267925 0)
(-0.0426077 0.037538 0)
(-0.0570771 0.0501737 0)
(-0.0735748 0.063657 0)
(-0.0909668 0.0762875 0)
(-0.107805 0.0863349 0)
(-0.122729 0.09249 0)
(-0.134922 0.0943057 0)
(-0.144127 0.0921302 0)
(-0.150403 0.0866428 0)
(-0.154118 0.0787613 0)
(-0.155804 0.0693865 0)
(-0.155986 0.0592417 0)
(-0.155135 0.0488531 0)
(-0.153641 0.0385626 0)
(-0.151776 0.0285622 0)
(-0.149706 0.0189162 0)
(-0.147566 0.00960382 0)
(-0.145407 0.000523621 0)
(-0.14326 -0.00846452 0)
(-0.141263 -0.0175245 0)
(-0.139623 -0.026881 0)
(-0.138604 -0.0368697 0)
(-0.138539 -0.0479405 0)
(-0.139699 -0.0606076 0)
(-0.142088 -0.0753106 0)
(-0.145113 -0.0920441 0)
(-0.147203 -0.109759 0)
(-0.145615 -0.125705 0)
(-0.136846 -0.135208 0)
(-0.118104 -0.132643 0)
(-0.0895441 -0.113934 0)
(-0.0557344 -0.0798928 0)
(-0.0250676 -0.0387149 0)
(-0.0050439 -0.00332786 0)
(0.000573347 0.0121407 0)
(-0.00253573 0.00385702 0)
(-0.009112 0.0120168 0)
(-0.0167138 0.0194946 0)
(-0.0259125 0.0278169 0)
(-0.0370247 0.038413 0)
(-0.0502264 0.0514286 0)
(-0.0653984 0.0660267 0)
(-0.0816353 0.0803867 0)
(-0.0976229 0.0925596 0)
(-0.112025 0.100851 0)
(-0.123842 0.104383 0)
(-0.132619 0.10323 0)
(-0.138343 0.0980721 0)
(-0.141399 0.0899597 0)
(-0.142404 0.0800096 0)
(-0.142 0.0691469 0)
(-0.140756 0.0580429 0)
(-0.139101 0.0471131 0)
(-0.137291 0.0365609 0)
(-0.135422 0.0264451 0)
(-0.133489 0.0167356 0)
(-0.131451 0.00735427 0)
(-0.129244 -0.00179645 0)
(-0.126888 -0.0107897 0)
(-0.124476 -0.0197094 0)
(-0.122155 -0.0286829 0)
(-0.12017 -0.0379218 0)
(-0.118926 -0.0477788 0)
(-0.118917 -0.0587973 0)
(-0.120652 -0.0717199 0)
(-0.124374 -0.0873075 0)
(-0.129553 -0.105791 0)
(-0.134241 -0.125893 0)
(-0.134744 -0.143732 0)
(-0.12631 -0.152531 0)
(-0.10549 -0.144414 0)
(-0.073529 -0.114851 0)
(-0.038025 -0.0678345 0)
(-0.00964262 -0.0186097 0)
(0.00026444 0.0095847 0)
(-0.00317001 0.00999521 0)
(-0.0109471 0.0200277 0)
(-0.0195795 0.0286605 0)
(-0.0297674 0.0385334 0)
(-0.0417166 0.050985 0)
(-0.0554008 0.0658587 0)
(-0.0702878 0.0815024 0)
(-0.0853218 0.0957477 0)
(-0.0992568 0.106559 0)
(-0.110953 0.112468 0)
(-0.119735 0.113078 0)
(-0.125433 0.108876 0)
(-0.128384 0.101014 0)
(-0.129257 0.0908283 0)
(-0.12879 0.0794907 0)
(-0.127637 0.0678558 0)
(-0.126261 0.056432 0)
(-0.124895 0.0454352 0)
(-0.123587 0.034893 0)
(-0.122267 0.0247461 0)
(-0.120824 0.0149143 0)
(-0.119135 0.00532368 0)
(-0.117132 -0.00407033 0)
(-0.114816 -0.013283 0)
(-0.112237 -0.0223315 0)
(-0.109496 -0.0312621 0)
(-0.10678 -0.0401685 0)
(-0.104403 -0.0492494 0)
(-0.102811 -0.0588872 0)
(-0.102623 -0.0697568 0)
(-0.104552 -0.0828917 0)
(-0.109081 -0.0994769 0)
(-0.115704 -0.12001 0)
(-0.121943 -0.142693 0)
(-0.122867 -0.161729 0)
(-0.112461 -0.167219 0)
(-0.0875048 -0.148719 0)
(-0.0518589 -0.102884 0)
(-0.0171384 -0.0416213 0)
(-0.000316978 0.00376269 0)
(-0.00356221 0.0170964 0)
(-0.0122155 0.0289679 0)
(-0.0214965 0.0386744 0)
(-0.0321876 0.0498776 0)
(-0.0444311 0.0639055 0)
(-0.0578539 0.0799577 0)
(-0.0717467 0.0958158 0)
(-0.0850636 0.109217 0)
(-0.0967125 0.11808 0)
(-0.105793 0.121305 0)
(-0.111896 0.118919 0)
(-0.115202 0.111969 0)
(-0.116361 0.102002 0)
(-0.116166 0.0904689 0)
(-0.115343 0.0784694 0)
(-0.114403 0.0666617 0)
(-0.113587 0.055308 0)
(-0.11292 0.044419 0)
(-0.112304 0.033898 0)
(-0.111591 0.0236365 0)
(-0.110638 0.0135573 0)
(-0.109321 0.00362537 0)
(-0.10758 -0.00614974 0)
(-0.105405 -0.0157352 0)
(-0.102822 -0.0250979 0)
(-0.0999063 -0.034218 0)
(-0.096807 -0.0431095 0)
(-0.0937488 -0.0518612 0)
(-0.0910572 -0.0606963 0)
(-0.0892117 -0.0700766 0)
(-0.0889101 -0.0808724 0)
(-0.0910345 -0.0945044 0)
(-0.0962439 -0.112667 0)
(-0.103894 -0.135978 0)
(-0.110597 -0.16138 0)
(-0.109804 -0.179683 0)
(-0.0945683 -0.176494 0)
(-0.0636871 -0.139585 0)
(-0.0264568 -0.0721271 0)
(-0.000920782 -0.00592728 0)
(-0.00369637 0.0248048 0)
(-0.0128496 0.0384841 0)
(-0.0223843 0.0490731 0)
(-0.0331525 0.0613658 0)
(-0.0451212 0.076539 0)
(-0.0576838 0.0930695 0)
(-0.0701289 0.108564 0)
(-0.0815469 0.120599 0)
(-0.0909687 0.127221 0)
(-0.0977291 0.127685 0)
(-0.101739 0.12256 0)
(-0.103492 0.113438 0)
(-0.10379 0.102071 0)
(-0.103404 0.089876 0)
(-0.102911 0.0777562 0)
(-0.102599 0.0660954 0)
(-0.102508 0.0549254 0)
(-0.102538 0.0441201 0)
(-0.102531 0.03353 0)
(-0.102329 0.0230456 0)
(-0.101794 0.012616 0)
(-0.100814 0.00224754 0)
(-0.0993344 -0.00800675 0)
(-0.0973337 -0.0180722 0)
(-0.094829 -0.0278679 0)
(-0.0918869 -0.03732 0)
(-0.0886324 -0.0463856 0)
(-0.0852393 -0.0550846 0)
(-0.0819465 -0.0635387 0)
(-0.0790924 -0.0720424 0)
(-0.0771838 -0.0812099 0)
(-0.0769983 -0.0922264 0)
(-0.0795669 -0.107058 0)
(-0.0856074 -0.127947 0)
(-0.0939513 -0.15508 0)
(-0.0995859 -0.182456 0)
(-0.093996 -0.195054 0)
(-0.0711374 -0.173152 0)
(-0.0356847 -0.107387 0)
(-0.00338382 -0.0194736 0)
(-0.00360442 0.0327349 0)
(-0.0128508 0.048158 0)
(-0.0222837 0.0594336 0)
(-0.032709 0.0725301 0)
(-0.0439151 0.0883166 0)
(-0.0552248 0.104828 0)
(-0.0660208 0.119551 0)
(-0.0755286 0.129941 0)
(-0.0829401 0.134248 0)
(-0.0878331 0.132128 0)
(-0.0904111 0.124765 0)
(-0.0913651 0.114117 0)
(-0.0914832 0.101981 0)
(-0.0914041 0.08962 0)
(-0.0914951 0.0776621 0)
(-0.0918494 0.0662363 0)
(-0.092391 0.0552167 0)
(-0.0929745 0.0444122 0)
(-0.0934416 0.0336631 0)
(-0.0936463 0.0228759 0)
(-0.0934619 0.012028 0)
(-0.0927857 0.00115938 0)
(-0.0915587 -0.00964104 0)
(-0.0897539 -0.0202589 0)
(-0.0873797 -0.030566 0)
(-0.0844982 -0.0404396 0)
(-0.0812203 -0.0497913 0)
(-0.0777006 -0.0585945 0)
(-0.0741351 -0.0669122 0)
(-0.0707712 -0.0749408 0)
(-0.0679533 -0.0831072 0)
(-0.0662265 -0.092284 0)
(-0.0664785 -0.104165 0)
(-0.0698864 -0.121486 0)
(-0.0769903 -0.146849 0)
(-0.0852988 -0.178475 0)
(-0.0871323 -0.20417 0)
(-0.0730648 -0.20004 0)
(-0.042381 -0.143396 0)
(-0.00820537 -0.0407292 0)
(-0.00330813 0.0404833 0)
(-0.0122673 0.0575968 0)
(-0.0212799 0.0693956 0)
(-0.0309951 0.0829646 0)
(-0.0411023 0.0988975 0)
(-0.0509191 0.115038 0)
(-0.060012 0.128739 0)
(-0.0677272 0.137421 0)
(-0.073429 0.139538 0)
(-0.0769461 0.13522 0)
(-0.0786832 0.126191 0)
(-0.0793754 0.114593 0)
(-0.0796935 0.102151 0)
(-0.0800904 0.0898943 0)
(-0.0807457 0.0781839 0)
(-0.0816349 0.0669638 0)
(-0.0826422 0.056023 0)
(-0.0836244 0.0451467 0)
(-0.08444 0.034181 0)
(-0.0849608 0.023048 0)
(-0.0850691 0.0117458 0)
(-0.0846656 0.000341811 0)
(-0.0836907 -0.0110453 0)
(-0.0821092 -0.0222636 0)
(-0.0799177 -0.0331375 0)
(-0.0771702 -0.043496 0)
(-0.0739668 -0.0532052 0)
(-0.0704541 -0.0621999 0)
(-0.0668126 -0.0705096 0)
(-0.0632501 -0.0782849 0)
(-0.0600154 -0.0858492 0)
(-0.0574652 -0.0938441 0)
(-0.0562138 -0.103575 0)
(-0.0573123 -0.117556 0)
(-0.0620291 -0.139474 0)
(-0.0701007 -0.171268 0)
(-0.0762432 -0.205666 0)
(-0.0699843 -0.218972 0)
(-0.0457291 -0.177339 0)
(-0.0126425 -0.066667 0)
(-0.00284467 0.0476863 0)
(-0.0111931 0.0664696 0)
(-0.0195127 0.0786389 0)
(-0.0282213 0.0923333 0)
(-0.0370063 0.108074 0)
(-0.0452436 0.123617 0)
(-0.0526561 0.136212 0)
(-0.0587499 0.143285 0)
(-0.0630703 0.143495 0)
(-0.065643 0.137464 0)
(-0.0669686 0.127298 0)
(-0.0677035 0.115191 0)
(-0.0683535 0.102718 0)
(-0.0691928 0.0906656 0)
(-0.0702741 0.0791842 0)
(-0.0715264 0.0681071 0)
(-0.0728332 0.0571825 0)
(-0.0740692 0.0461894 0)
(-0.0751161 0.0349806 0)
(-0.0758634 0.0234897 0)
(-0.0762041 0.0117289 0)
(-0.0760428 -0.000215937 0)
(-0.0753211 -0.0122025 0)
(-0.0739962 -0.0240425 0)
(-0.07205 -0.035517 0)
(-0.0695206 -0.0464056 0)
(-0.0664931 -0.0565258 0)
(-0.0631057 -0.0657713 0)
(-0.0595341 -0.0741446 0)
(-0.0559732 -0.0817773 0)
(-0.0526286 -0.0889535 0)
(-0.0497467 -0.0961874 0)
(-0.0477197 -0.104476 0)
(-0.0472956 -0.115877 0)
(-0.0497544 -0.134168 0)
(-0.0561161 -0.163628 0)
(-0.0637453 -0.202257 0)
(-0.0632312 -0.230205 0)
(-0.0457954 -0.206841 0)
(-0.0158542 -0.0957399 0)
(-0.00224923 0.05404 0)
(-0.00970576 0.0744846 0)
(-0.017107 0.0869061 0)
(-0.0246413 0.100454 0)
(-0.0319783 0.115762 0)
(-0.0386162 0.130569 0)
(-0.044423 0.142095 0)
(-0.0490757 0.147777 0)
(-0.052305 0.146473 0)
(-0.0542566 0.139218 0)
(-0.0554244 0.128349 0)
(-0.0563204 0.116026 0)
(-0.05728 0.103651 0)
(-0.0584385 0.0918031 0)
(-0.059783 0.080495 0)
(-0.0612328 0.0694998 0)
(-0.0626853 0.0585457 0)
(-0.0640406 0.0474129 0)
(-0.0652036 0.035959 0)
(-0.066082 0.0241235 0)
(-0.0665847 0.0119265 0)
(-0.0666276 -0.000533351 0)
(-0.0661543 -0.0130942 0)
(-0.0651155 -0.0255426 0)
(-0.0634843 -0.0376232 0)
(-0.0612697 -0.049067 0)
(-0.0585349 -0.0596381 0)
(-0.0554011 -0.0691809 0)
(-0.0520388 -0.0776669 0)
(-0.0486411 -0.0852192 0)
(-0.0453984 -0.0921164 0)
(-0.0425027 -0.0988221 0)
(-0.0402082 -0.106144 0)
(-0.0389944 -0.115721 0)
(-0.0398622 -0.13094 0)
(-0.0442406 -0.157114 0)
(-0.0515032 -0.196578 0)
(-0.0544634 -0.235232 0)
(-0.0432076 -0.230643 0)
(-0.0175389 -0.12579 0)
(-0.00156417 0.059315 0)
(-0.00791693 0.0814289 0)
(-0.01422 0.0940337 0)
(-0.0204687 0.107224 0)
(-0.0263286 0.121918 0)
(-0.0313941 0.135942 0)
(-0.035687 0.146522 0)
(-0.0390576 0.151113 0)
(-0.0414112 0.148733 0)
(-0.0429417 0.140695 0)
(-0.0440623 0.12945 0)
(-0.0451177 0.117084 0)
(-0.0462928 0.104842 0)
(-0.0476292 0.0931549 0)
(-0.0490856 0.0819575 0)
(-0.0505854 0.0709897 0)
(-0.0520483 0.0599746 0)
(-0.0534 0.0486948 0)
(-0.054568 0.0370103 0)
(-0.0554818 0.0248638 0)
(-0.0560694 0.0122799 0)
(-0.0562644 -0.000637094 0)
(-0.0560197 -0.0137097 0)
(-0.0552877 -0.0267129 0)
(-0.0540309 -0.0393681 0)
(-0.052228 -0.0513648 0)
(-0.0499096 -0.0624104 0)
(-0.047169 -0.0722887 0)
(-0.0441634 -0.0809284 0)
(-0.0410844 -0.0884424 0)
(-0.0381191 -0.0951214 0)
(-0.0354349 -0.101424 0)
(-0.0332111 -0.108063 0)
(-0.0317464 -0.116377 0)
(-0.0317343 -0.129248 0)
(-0.0345221 -0.15216 0)
(-0.0406315 -0.190471 0)
(-0.0451922 -0.236046 0)
(-0.0389089 -0.248401 0)
(-0.0177568 -0.155104 0)
(-0.00083108 0.0633436 0)
(-0.00592172 0.0871318 0)
(-0.0110195 0.0998975 0)
(-0.0159326 0.112598 0)
(-0.0203286 0.126558 0)
(-0.0238778 0.139815 0)
(-0.0267408 0.149609 0)
(-0.0289439 0.15345 0)
(-0.0305446 0.150425 0)
(-0.0317493 0.141984 0)
(-0.0328346 0.130603 0)
(-0.0339851 0.118288 0)
(-0.0352626 0.106165 0)
(-0.0366487 0.0945824 0)
(-0.0380891 0.0834333 0)
(-0.0395186 0.0724467 0)
(-0.0408805 0.0613486 0)
(-0.0421238 0.0499237 0)
(-0.0431999 0.0380341 0)
(-0.0440625 0.0256252 0)
(-0.0446618 0.012725 0)
(-0.0449545 -0.000561049 0)
(-0.0449073 -0.0140529 0)
(-0.0444814 -0.0275208 0)
(-0.0436336 -0.0406788 0)
(-0.0423162 -0.0531898 0)
(-0.040524 -0.0647081 0)
(-0.038312 -0.0749467 0)
(-0.0358123 -0.0837751 0)
(-0.0332079 -0.0912864 0)
(-0.0306829 -0.0977889 0)
(-0.028394 -0.103761 0)
(-0.0264817 -0.109882 0)
(-0.0251412 -0.117302 0)
(-0.0248282 -0.128457 0)
(-0.0266167 -0.148553 0)
(-0.0315222 -0.184848 0)
(-0.0365053 -0.234506 0)
(-0.0337945 -0.260588 0)
(-0.0167053 -0.182485 0)
(-8.76219e-05 0.0660223 0)
(-0.00379859 0.0914867 0)
(-0.00763188 0.104449 0)
(-0.0112255 0.116593 0)
(-0.0142086 0.129737 0)
(-0.0163174 0.142252 0)
(-0.0178335 0.151455 0)
(-0.0189065 0.154839 0)
(-0.0198049 0.151621 0)
(-0.0206851 0.143099 0)
(-0.0216848 0.131758 0)
(-0.022841 0.11954 0)
(-0.0241163 0.107507 0)
(-0.0254483 0.0959693 0)
(-0.0267755 0.0848119 0)
(-0.0280461 0.0737681 0)
(-0.0292251 0.0625708 0)
(-0.0302838 0.0510087 0)
(-0.0311976 0.0389464 0)
(-0.0319454 0.0263323 0)
(-0.0325004 0.0131974 0)
(-0.0328459 -0.00035351 0)
(-0.032962 -0.0141508 0)
(-0.0328211 -0.0279651 0)
(-0.0323829 -0.0415186 0)
(-0.0315838 -0.0544655 0)
(-0.0303888 -0.0664185 0)
(-0.0288135 -0.0770171 0)
(-0.026955 -0.0860563 0)
(-0.0249744 -0.0935945 0)
(-0.0230449 -0.0999566 0)
(-0.0213125 -0.105649 0)
(-0.0198964 -0.111353 0)
(-0.018941 -0.118111 0)
(-0.0187534 -0.128021 0)
(-0.0201059 -0.145824 0)
(-0.0241259 -0.179885 0)
(-0.029039 -0.231974 0)
(-0.0285098 -0.268158 0)
(-0.0146948 -0.20731 0)
(0.000631894 0.0673043 0)
(-0.00163598 0.0944372 0)
(-0.00416732 0.107685 0)
(-0.00649678 0.119257 0)
(-0.00815426 0.131549 0)
(-0.00891242 0.143326 0)
(-0.00913318 0.152091 0)
(-0.00911602 0.155316 0)
(-0.00926949 0.152291 0)
(-0.00975207 0.143986 0)
(-0.0105748 0.132836 0)
(-0.01164 0.120752 0)
(-0.0128256 0.108776 0)
(-0.0140276 0.0972304 0)
(-0.0151773 0.0860165 0)
(-0.0162343 0.0748848 0)
(-0.0171823 0.063579 0)
(-0.0180139 0.0518937 0)
(-0.0187283 0.0396972 0)
(-0.0193289 0.026941 0)
(-0.0198089 0.0136568 0)
(-0.0201776 -5.49059e-05 0)
(-0.0204266 -0.0140333 0)
(-0.0205382 -0.0280646 0)
(-0.0204825 -0.0418867 0)
(-0.0201915 -0.0551593 0)
(-0.0196153 -0.0674692 0)
(-0.018741 -0.0783908 0)
(-0.0176272 -0.0876383 0)
(-0.0163997 -0.0952222 0)
(-0.0152076 -0.101472 0)
(-0.0141767 -0.106928 0)
(-0.0134083 -0.112276 0)
(-0.0130186 -0.118498 0)
(-0.0132405 -0.127469 0)
(-0.0146302 -0.143532 0)
(-0.0181763 -0.175421 0)
(-0.0229938 -0.229156 0)
(-0.0236303 -0.272834 0)
(-0.0122179 -0.22861 0)
(0.00129226 0.067179 0)
(0.000497886 0.0960071 0)
(-0.00073949 0.109616 0)
(-0.00187784 0.120655 0)
(-0.00230753 0.132092 0)
(-0.00183023 0.143117 0)
(-0.000807564 0.151544 0)
(0.000312289 0.154906 0)
(0.000990629 0.152323 0)
(0.00103335 0.144524 0)
(0.000496745 0.133722 0)
(-0.000377136 0.12183 0)
(-0.00139797 0.109905 0)
(-0.00241761 0.0983156 0)
(-0.00335396 0.0870089 0)
(-0.0041734 0.075766 0)
(-0.00487408 0.0643476 0)
(-0.00546827 0.0525576 0)
(-0.00597685 0.0402695 0)
(-0.00642628 0.0274363 0)
(-0.00682784 0.0140875 0)
(-0.00720226 0.000315583 0)
(-0.00755732 -0.0137296 0)
(-0.00789057 -0.0278564 0)
(-0.00817749 -0.0418188 0)
(-0.0083575 -0.0552893 0)
(-0.00838346 -0.0678437 0)
(-0.00823053 -0.0790056 0)
(-0.00792589 -0.0884162 0)
(-0.00755246 -0.0960369 0)
(-0.00721681 -0.102196 0)
(-0.00701257 -0.107458 0)
(-0.00701899 -0.112518 0)
(-0.00732867 -0.118302 0)
(-0.00813453 -0.126518 0)
(-0.00986703 -0.141194 0)
(-0.0133507 -0.171226 0)
(-0.0182303 -0.226136 0)
(-0.0195588 -0.276123 0)
(-0.00988549 -0.246092 0)
(0.00188534 0.0657035 0)
(0.00252525 0.0962029 0)
(0.00254193 0.110292 0)
(0.00253649 0.120877 0)
(0.00322115 0.131474 0)
(0.00480947 0.141742 0)
(0.00699197 0.149848 0)
(0.00924359 0.153472 0)
(0.0108464 0.151568 0)
(0.011594 0.144619 0)
(0.0114998 0.134311 0)
(0.0109202 0.122687 0)
(0.0101335 0.110832 0)
(0.00933543 0.0991885 0)
(0.00862911 0.0877706 0)
(0.00804925 0.0764051 0)
(0.00758825 0.0648778 0)
(0.00721799 0.0530063 0)
(0.00689992 0.0406693 0)
(0.00658928 0.0278197 0)
(0.00625836 0.0144833 0)
(0.00587848 0.0007424 0)
(0.00542953 -0.0132732 0)
(0.0049018 -0.0273871 0)
(0.00431131 -0.0413679 0)
(0.00370244 -0.0549014 0)
(0.00310662 -0.0675602 0)
(0.00254405 -0.0788381 0)
(0.00200766 -0.0883271 0)
(0.00146086 -0.0959482 0)
(0.00085283 -0.102023 0)
(0.000132627 -0.10713 0)
(-0.000747958 -0.111962 0)
(-0.00185874 -0.117395 0)
(-0.0033656 -0.124995 0)
(-0.00561695 -0.138528 0)
(-0.00935411 -0.166955 0)
(-0.0144886 -0.222733 0)
(-0.0164162 -0.278715 0)
(-0.00805763 -0.260388 0)
(0.00237493 0.0629853 0)
(0.0043937 0.0950514 0)
(0.00561341 0.109803 0)
(0.00665237 0.120029 0)
(0.00832959 0.129809 0)
(0.0108968 0.139293 0)
(0.014137 0.147026 0)
(0.0174754 0.150985 0)
(0.0201679 0.149907 0)
(0.0217858 0.144012 0)
(0.0223466 0.134476 0)
(0.0221975 0.123246 0)
(0.0217229 0.111511 0)
(0.021183 0.0998255 0)
(0.0207139 0.0882953 0)
(0.0203618 0.0768077 0)
(0.0201178 0.0651829 0)
(0.0199439 0.0532553 0)
(0.0197887 0.0409106 0)
(0.0195945 0.0281008 0)
(0.0193191 0.014844 0)
(0.0189274 0.00121099 0)
(0.0183901 -0.0126857 0)
(0.0176866 -0.0266861 0)
(0.01682 -0.0405706 0)
(0.0158132 -0.0540333 0)
(0.0146756 -0.0666466 0)
(0.0134107 -0.0778937 0)
(0.0120208 -0.087345 0)
(0.0105141 -0.0949006 0)
(0.00890372 -0.100879 0)
(0.00719191 -0.10586 0)
(0.0053656 -0.110523 0)
(0.00338245 -0.11569 0)
(0.00109803 -0.122787 0)
(-0.00177055 -0.135354 0)
(-0.00598603 -0.162392 0)
(-0.01148 -0.218772 0)
(-0.0141376 -0.280823 0)
(-0.00678509 -0.272257 0)
(0.00271738 0.0591782 0)
(0.00604971 0.0926073 0)
(0.00841079 0.108225 0)
(0.0103975 0.118219 0)
(0.0129401 0.127226 0)
(0.016352 0.135894 0)
(0.0205174 0.143164 0)
(0.0248813 0.147379 0)
(0.028709 0.147228 0)
(0.0314003 0.142503 0)
(0.0328486 0.134001 0)
(0.0333297 0.123367 0)
(0.033291 0.111873 0)
(0.0330684 0.100205 0)
(0.032851 0.08859 0)
(0.0327143 0.0769969 0)
(0.0326602 0.0652926 0)
(0.0326494 0.0533353 0)
(0.0326241 0.0410205 0)
(0.0325186 0.0282984 0)
(0.0322798 0.0151778 0)
(0.0318658 0.00171751 0)
(0.0312383 -0.011983 0)
(0.0303654 -0.0257768 0)
(0.0292339 -0.0394531 0)
(0.0278421 -0.0527097 0)
(0.0261722 -0.0651197 0)
(0.0242061 -0.0761729 0)
(0.0219534 -0.0854483 0)
(0.0194669 -0.0928566 0)
(0.0168235 -0.0987165 0)
(0.0140832 -0.103596 0)
(0.0112715 -0.108147 0)
(0.00837307 -0.113126 0)
(0.00526223 -0.11983 0)
(0.00172411 -0.131568 0)
(-0.00312237 -0.157373 0)
(-0.00897928 -0.214135 0)
(-0.012567 -0.282445 0)
(-0.00597952 -0.282409 0)
(0.00290003 0.0544893 0)
(0.0074219 0.0889655 0)
(0.0108535 0.105621 0)
(0.0137064 0.115549 0)
(0.0169924 0.123857 0)
(0.0211169 0.131688 0)
(0.0260436 0.138407 0)
(0.0313214 0.142715 0)
(0.0362558 0.143382 0)
(0.0401548 0.139894 0)
(0.0427243 0.132638 0)
(0.0440908 0.122859 0)
(0.0446793 0.111803 0)
(0.0448883 0.100278 0)
(0.044974 0.0886507 0)
(0.0450618 0.0769947 0)
(0.0451817 0.0652422 0)
(0.0453066 0.0532864 0)
(0.0453807 0.0410369 0)
(0.0453357 0.0284448 0)
(0.0451112 0.0155106 0)
(0.044658 0.00228141 0)
(0.0439274 -0.0111531 0)
(0.042875 -0.0246541 0)
(0.0414679 -0.0380156 0)
(0.0396757 -0.0509329 0)
(0.0374532 -0.0629801 0)
(0.0347668 -0.0736671 0)
(0.0316399 -0.0826228 0)
(0.0281688 -0.0897973 0)
(0.0244898 -0.095515 0)
(0.0207168 -0.100316 0)
(0.0169122 -0.104808 0)
(0.013086 -0.109674 0)
(0.00912931 -0.116079 0)
(0.00488717 -0.127122 0)
(-0.000694154 -0.151797 0)
(-0.00682075 -0.208759 0)
(-0.0115555 -0.283521 0)
(-0.00550447 -0.291413 0)
(0.00292229 0.0491272 0)
(0.00844012 0.0842771 0)
(0.0128562 0.102066 0)
(0.0165101 0.112112 0)
(0.0204364 0.119827 0)
(0.0251387 0.126823 0)
(0.0306629 0.132906 0)
(0.0366984 0.1371 0)
(0.0426275 0.138364 0)
(0.0477556 0.136032 0)
(0.0516196 0.130133 0)
(0.0541386 0.12147 0)
(0.0556105 0.111115 0)
(0.056441 0.0999341 0)
(0.056948 0.0884273 0)
(0.0573191 0.0767926 0)
(0.0576311 0.0650479 0)
(0.0578853 0.0531362 0)
(0.0580398 0.040991 0)
(0.0580312 0.0285703 0)
(0.0577965 0.0158702 0)
(0.057279 0.00292915 0)
(0.0564179 -0.0101686 0)
(0.0551552 -0.0232885 0)
(0.0534349 -0.036222 0)
(0.051195 -0.04866 0)
(0.0483695 -0.0601854 0)
(0.0449241 -0.0703556 0)
(0.0409079 -0.0788691 0)
(0.0364634 -0.0857341 0)
(0.0317764 -0.0912835 0)
(0.0270028 -0.0960289 0)
(0.0222316 -0.100513 0)
(0.0174945 -0.105333 0)
(0.0126963 -0.111527 0)
(0.00774985 -0.121981 0)
(0.00136751 -0.145634 0)
(-0.00492262 -0.202792 0)
(-0.0110271 -0.283781 0)
(-0.00517971 -0.299776 0)
(0.00278487 0.0433731 0)
(0.00906093 0.0786962 0)
(0.0143427 0.0976363 0)
(0.0187401 0.107986 0)
(0.0232276 0.115247 0)
(0.0283802 0.121446 0)
(0.03436 0.126811 0)
(0.0409706 0.130698 0)
(0.0477103 0.132278 0)
(0.0539562 0.130883 0)
(0.0591476 0.126294 0)
(0.0630181 0.118922 0)
(0.0656566 0.109548 0)
(0.0673725 0.0989777 0)
(0.0685018 0.087797 0)
(0.0692894 0.0763264 0)
(0.0698695 0.0646858 0)
(0.0702871 0.052886 0)
(0.0705287 0.0408983 0)
(0.0705447 0.0286979 0)
(0.0702769 0.0162846 0)
(0.0696617 0.00369361 0)
(0.0686257 -0.00899122 0)
(0.0670968 -0.0216329 0)
(0.0649964 -0.0340163 0)
(0.0622329 -0.04583 0)
(0.0587352 -0.0566839 0)
(0.0544895 -0.0662053 0)
(0.0495827 -0.0741846 0)
(0.0442013 -0.0806949 0)
(0.0385664 -0.0860728 0)
(0.0328572 -0.0907826 0)
(0.0271768 -0.0952983 0)
(0.0215728 -0.100129 0)
(0.0159612 -0.106184 0)
(0.0103456 -0.116152 0)
(0.00312083 -0.138894 0)
(-0.00320127 -0.196215 0)
(-0.0108271 -0.283208 0)
(-0.00498131 -0.307804 0)
(0.00251251 0.0375222 0)
(0.00925854 0.0724255 0)
(0.0152504 0.0924219 0)
(0.0203256 0.103234 0)
(0.0253143 0.110205 0)
(0.030824 0.115683 0)
(0.0371295 0.120283 0)
(0.0441348 0.123712 0)
(0.0514641 0.125329 0)
(0.0586064 0.124562 0)
(0.0650057 0.121079 0)
(0.0702612 0.114998 0)
(0.0742635 0.106807 0)
(0.077145 0.0971328 0)
(0.0791653 0.0865481 0)
(0.0805841 0.0754547 0)
(0.0815834 0.0640733 0)
(0.0822585 0.0524967 0)
(0.0826353 0.0407506 0)
(0.0826895 0.0288411 0)
(0.0823749 0.0167839 0)
(0.0816258 0.00462124 0)
(0.080358 -0.00755948 0)
(0.0784859 -0.0196123 0)
(0.0759158 -0.0313143 0)
(0.0725424 -0.042363 0)
(0.0683125 -0.0524215 0)
(0.0632516 -0.0612059 0)
(0.0574912 -0.0686041 0)
(0.05125 -0.0747463 0)
(0.0447635 -0.0799597 0)
(0.0382132 -0.0846534 0)
(0.0317049 -0.0892285 0)
(0.0252976 -0.0941119 0)
(0.01892 -0.100088 0)
(0.0126915 -0.109659 0)
(0.00460275 -0.131611 0)
(-0.00154334 -0.189092 0)
(-0.0109173 -0.281756 0)
(-0.00483209 -0.315748 0)
(0.00214652 0.0318414 0)
(0.00903408 0.0657184 0)
(0.0155375 0.0865535 0)
(0.0212002 0.0979206 0)
(0.0266408 0.104762 0)
(0.03245 0.109631 0)
(0.0389686 0.113474 0)
(0.0462162 0.116335 0)
(0.0539347 0.117766 0)
(0.0617097 0.117302 0)
(0.069061 0.114625 0)
(0.0755453 0.109675 0)
(0.0809079 0.102695 0)
(0.0851121 0.0941131 0)
(0.0882714 0.0843968 0)
(0.0905756 0.0739479 0)
(0.0922098 0.0630485 0)
(0.0933023 0.0518683 0)
(0.0939172 0.040498 0)
(0.0940617 0.0289897 0)
(0.0937098 0.0173898 0)
(0.092801 0.00576008 0)
(0.0912476 -0.00580126 0)
(0.0889552 -0.0171384 0)
(0.0858331 -0.0280279 0)
(0.0817952 -0.0381973 0)
(0.0768261 -0.0473817 0)
(0.0709989 -0.055394 0)
(0.0644828 -0.0622094 0)
(0.0575087 -0.067996 0)
(0.0503024 -0.0730576 0)
(0.0430299 -0.0777405 0)
(0.0357923 -0.0823831 0)
(0.0286628 -0.0873461 0)
(0.0215871 -0.093299 0)
(0.0148159 -0.10254 0)
(0.00582911 -0.123765 0)
(9.92642e-05 -0.181491 0)
(-0.0112593 -0.279378 0)
(-0.00466979 -0.323803 0)
(0.00173285 0.0265623 0)
(0.00842186 0.0588602 0)
(0.0151941 0.0802065 0)
(0.0213159 0.0921209 0)
(0.0271553 0.0989601 0)
(0.0332338 0.103352 0)
(0.0399021 0.106499 0)
(0.0472805 0.108718 0)
(0.0552191 0.109805 0)
(0.063377 0.109397 0)
(0.0713678 0.107214 0)
(0.0787877 0.103137 0)
(0.0853103 0.097244 0)
(0.0907665 0.0897885 0)
(0.0951369 0.0811111 0)
(0.0984984 0.0715463 0)
(0.10097 0.0613806 0)
(0.102665 0.0508263 0)
(0.103661 0.0400277 0)
(0.103991 0.0290866 0)
(0.103647 0.0180917 0)
(0.102587 0.0071357 0)
(0.10073 -0.00366576 0)
(0.0979908 -0.0141529 0)
(0.0943012 -0.0241176 0)
(0.089638 -0.0333399 0)
(0.0840214 -0.0416277 0)
(0.0775664 -0.0488818 0)
(0.0704619 -0.055143 0)
(0.0629289 -0.060595 0)
(0.0551591 -0.065503 0)
(0.0472968 -0.0701591 0)
(0.0394495 -0.0748654 0)
(0.0316991 -0.0799197 0)
(0.0239881 -0.0858788 0)
(0.0167394 -0.0948551 0)
(0.00681721 -0.115458 0)
(0.00182034 -0.173499 0)
(-0.0118222 -0.275923 0)
(-0.00441333 -0.332077 0)
(0.00130595 0.0218696 0)
(0.00747136 0.0521523 0)
(0.0142427 0.0735984 0)
(0.0206525 0.0859385 0)
(0.0268231 0.0928357 0)
(0.0331569 0.0968724 0)
(0.0399669 0.099416 0)
(0.0474087 0.100995 0)
(0.0554252 0.101645 0)
(0.0637746 0.101115 0)
(0.0721324 0.0991789 0)
(0.0801496 0.0957061 0)
(0.0875064 0.0906963 0)
(0.0939645 0.0842769 0)
(0.0993998 0.0766668 0)
(0.103783 0.0681235 0)
(0.107147 0.0588952 0)
(0.109552 0.0491941 0)
(0.11105 0.0391915 0)
(0.111672 0.0290259 0)
(0.111419 0.018824 0)
(0.11027 0.00871144 0)
(0.108174 -0.0011823 0)
(0.105075 -0.0106982 0)
(0.100947 -0.0196655 0)
(0.0958156 -0.0279163 0)
(0.0897508 -0.0353263 0)
(0.0828898 -0.0418615 0)
(0.0754205 -0.0476023 0)
(0.0675282 -0.0527226 0)
(0.059362 -0.0574475 0)
(0.0510647 -0.0620513 0)
(0.0427386 -0.0667914 0)
(0.0344454 -0.0719118 0)
(0.0261479 -0.077881 0)
(0.0185025 -0.0866671 0)
(0.0075875 -0.106793 0)
(0.00380635 -0.165168 0)
(-0.0125354 -0.271269 0)
(-0.00394366 -0.340615 0)
(0.000881507 0.0179302 0)
(0.0062388 0.0458871 0)
(0.0127263 0.0669789 0)
(0.0192179 0.0795085 0)
(0.0256303 0.0864287 0)
(0.0322086 0.0901933 0)
(0.0391766 0.0922358 0)
(0.0466677 0.0932443 0)
(0.0547015 0.0934167 0)
(0.0631115 0.0926608 0)
(0.0716234 0.0908062 0)
(0.0799535 0.0877314 0)
(0.0878065 0.0834003 0)
(0.0949327 0.0778686 0)
(0.10115 0.0712682 0)
(0.106353 0.0637787 0)
(0.110495 0.0555964 0)
(0.113572 0.0469119 0)
(0.115595 0.0378982 0)
(0.116573 0.0287078 0)
(0.116507 0.0194864 0)
(0.115388 0.0103793 0)
(0.113208 0.00152269 0)
(0.109949 -0.00694168 0)
(0.105619 -0.0148758 0)
(0.100277 -0.022163 0)
(0.0940396 -0.0287291 0)
(0.0870431 -0.0345821 0)
(0.07945 -0.0398121 0)
(0.0713962 -0.0445656 0)
(0.0630187 -0.0490633 0)
(0.0544394 -0.053553 0)
(0.0457327 -0.0582502 0)
(0.0369626 -0.0633777 0)
(0.0281261 -0.0693585 0)
(0.0201423 -0.0780505 0)
(0.00814251 -0.0979694 0)
(0.00630318 -0.156567 0)
(-0.0132647 -0.2654 0)
(-0.00309669 -0.349539 0)
(0.000456151 0.0148447 0)
(0.00476917 0.0403475 0)
(0.0106899 0.0606136 0)
(0.0170407 0.0729907 0)
(0.0235877 0.0797926 0)
(0.0303923 0.0833064 0)
(0.0375472 0.0849374 0)
(0.0451386 0.0854616 0)
(0.053183 0.0851865 0)
(0.0615855 0.0841736 0)
(0.0701317 0.0823089 0)
(0.078574 0.079496 0)
(0.08666 0.0756883 0)
(0.0941488 0.0709041 0)
(0.100842 0.0652168 0)
(0.106593 0.0587472 0)
(0.111306 0.0516423 0)
(0.114922 0.0440599 0)
(0.117412 0.0361561 0)
(0.118763 0.0280794 0)
(0.118964 0.0199739 0)
(0.118019 0.0119831 0)
(0.115944 0.00424252 0)
(0.112758 -0.00312935 0)
(0.108501 -0.0100273 0)
(0.103251 -0.0163698 0)
(0.0971166 -0.0221197 0)
(0.0902396 -0.0272972 0)
(0.0827327 -0.0319813 0)
(0.0747133 -0.0363157 0)
(0.0662962 -0.0405112 0)
(0.057557 -0.0447766 0)
(0.0485647 -0.0493179 0)
(0.0393734 -0.0543657 0)
(0.0300164 -0.0603359 0)
(0.0216973 -0.0690436 0)
(0.00852913 -0.089152 0)
(0.0094553 -0.147907 0)
(-0.0139535 -0.258395 0)
(-0.00168609 -0.359079 0)
(1.37177e-05 0.0126926 0)
(0.0030715 0.0357946 0)
(0.00815447 0.0547582 0)
(0.0141543 0.0665559 0)
(0.0207278 0.0730034 0)
(0.0277358 0.0762045 0)
(0.0351192 0.0774726 0)
(0.0428797 0.0775971 0)
(0.0509933 0.0769599 0)
(0.0593911 0.075697 0)
(0.0679257 0.0737954 0)
(0.0763776 0.0711787 0)
(0.0845278 0.067801 0)
(0.0921653 0.0636585 0)
(0.0990962 0.0587937 0)
(0.10516 0.0532827 0)
(0.110236 0.0472331 0)
(0.114239 0.0407688 0)
(0.117111 0.0340206 0)
(0.118821 0.0271196 0)
(0.119344 0.0201924 0)
(0.118704 0.0133666 0)
(0.116913 0.00676022 0)
(0.114016 0.000481091 0)
(0.11007 -0.00539056 0)
(0.105148 -0.0108037 0)
(0.0993533 -0.015739 0)
(0.0927868 -0.0202153 0)
(0.0855481 -0.0243033 0)
(0.0777344 -0.0281439 0)
(0.0694133 -0.0319157 0)
(0.0606283 -0.0358176 0)
(0.0514377 -0.0400557 0)
(0.0418775 -0.0448885 0)
(0.0320091 -0.0507849 0)
(0.0233042 -0.0596158 0)
(0.00902988 -0.0803693 0)
(0.0131217 -0.139287 0)
(-0.0147544 -0.250001 0)
(0.000484247 -0.369 0)
(-0.000549606 0.0117107 0)
(0.0010779 0.0324835 0)
(0.00508428 0.0496473 0)
(0.0105888 0.0603566 0)
(0.0171064 0.0661236 0)
(0.0243059 0.0688541 0)
(0.031966 0.069762 0)
(0.0399742 0.0695612 0)
(0.0482502 0.0686532 0)
(0.056709 0.0672141 0)
(0.0652404 0.0652929 0)
(0.0736805 0.0628581 0)
(0.0818351 0.0598665 0)
(0.0895135 0.0563032 0)
(0.0965455 0.0521907 0)
(0.102776 0.0475737 0)
(0.108079 0.0425289 0)
(0.11236 0.037151 0)
(0.11555 0.0315427 0)
(0.117607 0.0258114 0)
(0.118514 0.0200638 0)
(0.118261 0.0143997 0)
(0.116882 0.00891838 0)
(0.114422 0.00370663 0)
(0.110936 -0.00116453 0)
(0.106496 -0.00565913 0)
(0.10118 -0.00976491 0)
(0.0950678 -0.0134999 0)
(0.08824 -0.0169377 0)
(0.0807577 -0.0201896 0)
(0.0726568 -0.0234101 0)
(0.0639516 -0.0267906 0)
(0.0546793 -0.0305522 0)
(0.0448587 -0.0349975 0)
(0.0345639 -0.0407242 0)
(0.0254658 -0.0497845 0)
(0.0105239 -0.0716651 0)
(0.0174863 -0.130904 0)
(-0.0154377 -0.239111 0)
(0.00379265 -0.37774 0)
(-0.00124063 0.0120361 0)
(-0.00139191 0.0304591 0)
(0.0013946 0.0453618 0)
(0.00634639 0.05442 0)
(0.0127885 0.0591357 0)
(0.0201842 0.0612044 0)
(0.0281687 0.0617035 0)
(0.0365159 0.0612288 0)
(0.0450649 0.0601447 0)
(0.0537015 0.0586295 0)
(0.0623191 0.0567507 0)
(0.0707903 0.0545156 0)
(0.0789657 0.0519008 0)
(0.0866809 0.048888 0)
(0.0937835 0.0454804 0)
(0.100137 0.0417033 0)
(0.105618 0.0376097 0)
(0.110134 0.0332667 0)
(0.113617 0.0287496 0)
(0.116019 0.0241419 0)
(0.117318 0.0195285 0)
(0.117514 0.0149894 0)
(0.116625 0.0105988 0)
(0.114682 0.00642757 0)
(0.111739 0.00253363 0)
(0.107854 -0.00105046 0)
(0.103091 -0.00431736 0)
(0.0975248 -0.00728955 0)
(0.0912111 -0.0100177 0)
(0.0841827 -0.0125927 0)
(0.076457 -0.0151533 0)
(0.0680296 -0.0178781 0)
(0.0589124 -0.0209986 0)
(0.0491017 -0.0248826 0)
(0.0386757 -0.0304161 0)
(0.0295324 -0.0401639 0)
(0.0151238 -0.0638724 0)
(0.0243481 -0.123527 0)
(-0.0140905 -0.224794 0)
(0.00927206 -0.383385 0)
(-0.00255196 0.0148011 0)
(-0.00462937 0.0307391 0)
(-0.00308234 0.0423686 0)
(0.00130659 0.0489712 0)
(0.00774074 0.052141 0)
(0.0154157 0.0533008 0)
(0.0238205 0.0532902 0)
(0.0326166 0.0525638 0)
(0.0415785 0.0513825 0)
(0.0505446 0.0498881 0)
(0.0593951 0.0481422 0)
(0.0680207 0.046159 0)
(0.0763043 0.0439319 0)
(0.0841178 0.0414511 0)
(0.0913369 0.0387103 0)
(0.0978414 0.0357235 0)
(0.10352 0.0325222 0)
(0.108288 0.0291513 0)
(0.112079 0.0256652 0)
(0.114847 0.0221226 0)
(0.116575 0.0185759 0)
(0.117264 0.0150971 0)
(0.116904 0.0117575 0)
(0.115517 0.00859132 0)
(0.113161 0.00564484 0)
(0.109889 0.00294873 0)
(0.105762 0.000509165 0)
(0.100836 -0.00168903 0)
(0.0951662 -0.00368214 0)
(0.0887903 -0.00554633 0)
(0.0817182 -0.00739553 0)
(0.073941 -0.00939566 0)
(0.0654486 -0.0118053 0)
(0.0563181 -0.0151218 0)
(0.0466822 -0.020631 0)
(0.0384053 -0.0317223 0)
(0.0255321 -0.058399 0)
(0.0373673 -0.118118 0)
(-0.00761656 -0.209009 0)
(0.0185166 -0.387362 0)
(-0.00422282 0.0159433 0)
(-0.00984396 0.0289392 0)
(-0.00931365 0.0379472 0)
(-0.00513292 0.0427821 0)
(0.00155211 0.0446778 0)
(0.00974869 0.0450027 0)
(0.0187961 0.0445241 0)
(0.0282555 0.0435861 0)
(0.0378449 0.0423742 0)
(0.0473572 0.0409897 0)
(0.0566549 0.0394665 0)
(0.0656393 0.0378081 0)
(0.0742179 0.0360081 0)
(0.0822912 0.0340589 0)
(0.0897604 0.0319553 0)
(0.0965325 0.0297087 0)
(0.102512 0.0273353 0)
(0.107624 0.0248522 0)
(0.11183 0.0222903 0)
(0.115091 0.0197018 0)
(0.117374 0.0171508 0)
(0.118652 0.0146793 0)
(0.118956 0.0123199 0)
(0.118323 0.0101215 0)
(0.116778 0.00810195 0)
(0.114378 0.00627616 0)
(0.111191 0.00464986 0)
(0.107284 0.00321282 0)
(0.102715 0.00193421 0)
(0.0975386 0.00075312 0)
(0.0917907 -0.000423113 0)
(0.0854851 -0.00175847 0)
(0.0786498 -0.00358203 0)
(0.0714691 -0.00658531 0)
(0.0638977 -0.0123246 0)
(0.0581603 -0.0250489 0)
(0.0467102 -0.0541455 0)
(0.0611566 -0.110534 0)
(0.00222011 -0.193282 0)
(0.0327809 -0.393413 0)
(-0.00919219 0.0384771 0)
(-0.016748 0.0458771 0)
(-0.0171925 0.0454398 0)
(-0.0132654 0.0427619 0)
(-0.00637563 0.0401993 0)
(0.00273272 0.038183 0)
(0.0130294 0.0365236 0)
(0.0237654 0.0350322 0)
(0.0345667 0.0336218 0)
(0.0451786 0.0322541 0)
(0.0554877 0.030869 0)
(0.0654072 0.0294509 0)
(0.0748469 0.028004 0)
(0.083734 0.0265195 0)
(0.0919988 0.024985 0)
(0.0995743 0.0234035 0)
(0.106405 0.0217831 0)
(0.11244 0.0201383 0)
(0.117623 0.0184895 0)
(0.121926 0.016854 0)
(0.12535 0.0152557 0)
(0.127919 0.0137205 0)
(0.12967 0.0122732 0)
(0.130659 0.0109375 0)
(0.130946 0.00972707 0)
(0.130603 0.00864747 0)
(0.129707 0.00769709 0)
(0.128338 0.00685886 0)
(0.126567 0.00610726 0)
(0.12446 0.00539622 0)
(0.122054 0.00464872 0)
(0.119378 0.00370462 0)
(0.116369 0.00223757 0)
(0.112942 -0.000475151 0)
(0.108598 -0.00602959 0)
(0.105244 -0.0181019 0)
(0.0930106 -0.04309 0)
(0.101807 -0.0875946 0)
(0.00676744 -0.165221 0)
(0.058822 -0.386971 0)
(-0.0141048 0.0200957 0)
(-0.027717 0.00964097 0)
(-0.0192848 0.0112626 0)
(-0.00563789 0.0159873 0)
(0.00862919 0.0179242 0)
(0.0232007 0.0181958 0)
(0.0374666 0.0181043 0)
(0.0512432 0.0179947 0)
(0.0644902 0.0178296 0)
(0.0772217 0.017546 0)
(0.0894261 0.0171595 0)
(0.101087 0.016697 0)
(0.112199 0.0161687 0)
(0.122747 0.0155821 0)
(0.13271 0.0149422 0)
(0.142063 0.0142554 0)
(0.150784 0.0135299 0)
(0.158855 0.0127761 0)
(0.166266 0.0120066 0)
(0.173019 0.0112338 0)
(0.179122 0.0104705 0)
(0.1846 0.00972789 0)
(0.189483 0.00901459 0)
(0.193813 0.00833946 0)
(0.197638 0.00770974 0)
(0.201016 0.007127 0)
(0.204 0.00658995 0)
(0.206642 0.00609028 0)
(0.208983 0.00561547 0)
(0.211056 0.00513309 0)
(0.212869 0.00458847 0)
(0.214422 0.00386014 0)
(0.215542 0.0027433 0)
(0.215938 0.000787639 0)
(0.214144 -0.00270419 0)
(0.209868 -0.00917167 0)
(0.192571 -0.0204064 0)
(0.180014 -0.0417691 0)
(0.0318932 -0.10436 0)
(0.141259 -0.312413 0)
(0.0544998 0.113173 0)
(0.0801313 0.0914329 0)
(0.109164 0.0578989 0)
(0.135176 0.0368529 0)
(0.155351 0.0253348 0)
(0.172119 0.0187689 0)
(0.187454 0.0147774 0)
(0.201998 0.0122281 0)
(0.2159 0.0105177 0)
(0.229241 0.00932314 0)
(0.242074 0.00844935 0)
(0.25442 0.00777877 0)
(0.26628 0.00723878 0)
(0.277644 0.00678335 0)
(0.288501 0.00638273 0)
(0.298837 0.0060177 0)
(0.308636 0.00567583 0)
(0.317888 0.00534954 0)
(0.326585 0.00503462 0)
(0.334726 0.00472865 0)
(0.342317 0.00443032 0)
(0.349367 0.00413904 0)
(0.355893 0.00385505 0)
(0.361918 0.00357951 0)
(0.367471 0.00331378 0)
(0.372583 0.00305853 0)
(0.377286 0.0028141 0)
(0.381607 0.00257948 0)
(0.385569 0.00235168 0)
(0.389176 0.00212153 0)
(0.392399 0.00187001 0)
(0.395142 0.00155991 0)
(0.397196 0.00112595 0)
(0.398283 0.000447224 0)
(0.397314 -0.000606681 0)
(0.394274 -0.00214922 0)
(0.381241 -0.00412779 0)
(0.37453 -0.0061639 0)
(0.275891 -0.0164938 0)
(0.451787 -0.126066 0)
)
;

boundaryField
{
    movingWall
    {
        type            fixedValue;
        value           uniform (1 0 0);
    }
    fixedWalls
    {
        type            noSlip;
    }
    frontAndBack
    {
        type            empty;
    }
}


// ************************************************************************* //
