/*--------------------------------*- C++ -*----------------------------------*\
| =========                 |                                                 |
| \\      /  F ield         | OpenFOAM: The Open Source CFD Toolbox           |
|  \\    /   O peration     | Version:  2412                                  |
|   \\  /    A nd           | Website:  www.openfoam.com                      |
|    \\/     M anipulation  |                                                 |
\*---------------------------------------------------------------------------*/
FoamFile
{
    version     2.0;
    format      ascii;
    arch        "LSB;label=32;scalar=64";
    class       volScalarField;
    location    "6.5";
    object      epsilon;
}
// * * * * * * * * * * * * * * * * * * * * * * * * * * * * * * * * * * * * * //

dimensions      [0 2 -3 0 0 0 0];

internalField   nonuniform List<scalar> 
1600
(
0.000556941
0.000706379
0.000977608
0.00126107
0.00145319
0.00156641
0.00172656
0.00195539
0.0022231
0.00264005
0.00380656
0.00794402
0.0154941
0.026633
0.0396289
0.0525257
0.063821
0.0723942
0.0773649
0.0795264
0.0799973
0.0779461
0.0742121
0.0691173
0.06371
0.0578392
0.0519562
0.0461408
0.0407077
0.0350358
0.0294585
0.0234574
0.0181826
0.0154636
0.0137204
0.0123769
0.0107182
0.00793427
0.00427733
0.00186243
0.00125219
0.0007182
0.000525589
0.000484093
0.000521087
0.00068217
0.00111977
0.00200823
0.00337834
0.0056969
0.00974552
0.0147468
0.0193404
0.0240972
0.0268511
0.0277043
0.0276751
0.0257798
0.0235056
0.0210142
0.0188753
0.0174026
0.0167851
0.0166999
0.0169133
0.0174011
0.0181099
0.01895
0.0196082
0.0198743
0.0196393
0.0182177
0.015809
0.0125091
0.00904316
0.00616816
0.00461677
0.0036531
0.00240831
0.00222864
0.00261844
0.00120766
0.00072144
0.000602689
0.000744382
0.00131791
0.00259729
0.00483515
0.00805523
0.0112788
0.0133671
0.0150152
0.0159047
0.0152349
0.0132211
0.0120299
0.0102811
0.00893721
0.00782034
0.00713592
0.00680863
0.00670468
0.00683362
0.00728197
0.00796708
0.00904001
0.0104653
0.0123037
0.0144027
0.0163727
0.0176859
0.0181641
0.017367
0.0151583
0.0110047
0.00673446
0.00368782
0.00222542
0.001604
0.00282892
0.00407009
0.00165315
0.001081
0.00112104
0.00173818
0.00330621
0.0058965
0.00878551
0.010754
0.0116709
0.0120396
0.0114332
0.00891714
0.00766679
0.00600262
0.00506976
0.00405258
0.00354549
0.00311323
0.00291018
0.00281583
0.00278967
0.00287313
0.00306907
0.00337078
0.0038536
0.00458104
0.0057057
0.00747143
0.0101745
0.0134029
0.0163245
0.0177295
0.018016
0.0156841
0.0103167
0.00502632
0.00222059
0.00141936
0.00341497
0.00505138
0.00205208
0.00173631
0.00223982
0.00368182
0.00611808
0.00868894
0.00992854
0.0103063
0.0100358
0.00811208
0.00608202
0.00459179
0.0036329
0.00276183
0.00233104
0.00194968
0.00177443
0.00164624
0.00158847
0.00156343
0.0015582
0.00160205
0.00168089
0.00181358
0.00202673
0.00235874
0.00288077
0.00372126
0.00512378
0.00755349
0.0116465
0.0162948
0.0189307
0.0197725
0.0171285
0.00961028
0.00362102
0.00169918
0.0037673
0.00559873
0.00271158
0.00282998
0.00390745
0.00594141
0.00815034
0.00913808
0.00935389
0.00850844
0.00628888
0.00441513
0.00320731
0.0024095
0.00191644
0.00158393
0.0014236
0.00129917
0.00124115
0.00118916
0.00116351
0.00114792
0.00114302
0.00115743
0.0011976
0.00126779
0.00138444
0.00156833
0.00185856
0.00230561
0.00302662
0.00425404
0.00648635
0.0108052
0.0173341
0.0210602
0.0221838
0.017927
0.00784863
0.0029085
0.00412166
0.00596545
0.00371855
0.00427342
0.00571197
0.00758593
0.00846259
0.00862003
0.00757513
0.00524972
0.00354558
0.00246253
0.00185273
0.00147625
0.00126949
0.00113148
0.0010517
0.000972279
0.000922672
0.000871521
0.000843303
0.000827926
0.000823332
0.000837774
0.000876038
0.000938188
0.00103521
0.00117746
0.00138579
0.00169112
0.00214595
0.00286698
0.00411843
0.00643616
0.011116
0.019533
0.0237577
0.0246438
0.0160248
0.00584685
0.00478284
0.00647327
0.00494245
0.00580789
0.00720394
0.00799563
0.00810843
0.00715542
0.00488127
0.0030516
0.00210721
0.00153631
0.00125323
0.00106668
0.000955102
0.000854959
0.000779234
0.000707141
0.00065787
0.000615127
0.000591387
0.000579518
0.000575797
0.000585081
0.000610631
0.000652888
0.000720218
0.000824027
0.000986097
0.001241
0.00162998
0.00219016
0.00303652
0.00446183
0.00724856
0.0131482
0.0231046
0.0274211
0.0255228
0.0107894
0.00581528
0.00785687
0.00629755
0.00719929
0.00780575
0.00784906
0.00709534
0.00497524
0.002923
0.00190304
0.00139478
0.00109986
0.000953118
0.000822265
0.000729655
0.000639021
0.000574525
0.000519832
0.000484966
0.000459479
0.000447379
0.000442691
0.000442548
0.00045574
0.000475436
0.000506535
0.000550277
0.000613849
0.000707736
0.000854156
0.00110502
0.00156152
0.00230399
0.00344562
0.00533924
0.00910614
0.0174072
0.0282309
0.0316776
0.0200535
0.00750704
0.0108183
0.00763515
0.00795504
0.00796332
0.00728638
0.00540577
0.00314816
0.001891
0.00131452
0.00103302
0.000863759
0.000752983
0.000638579
0.000558506
0.000486354
0.000440381
0.000403455
0.00038143
0.000367258
0.000361021
0.000359235
0.000363947
0.000376809
0.000395986
0.000423932
0.000461628
0.00051197
0.000579835
0.000676067
0.000825636
0.00108709
0.0015792
0.00252579
0.0041282
0.00692925
0.0127306
0.0259024
0.0350047
0.0318908
0.00926764
0.0144159
0.00875161
0.00849149
0.00774467
0.00613507
0.00381658
0.00208957
0.00133616
0.000995948
0.000827771
0.000701607
0.000598383
0.00050187
0.00043895
0.000386382
0.000354236
0.000328459
0.000312948
0.000302918
0.000298467
0.000297306
0.000301997
0.000312918
0.00032992
0.000354669
0.000388528
0.000433824
0.000493862
0.0005744
0.000687453
0.000862253
0.00117371
0.00179333
0.00306149
0.00543134
0.00993199
0.0197647
0.0367251
0.0424288
0.01785
0.0182735
0.00950296
0.0085179
0.00719815
0.00489441
0.00261347
0.00149532
0.00102322
0.000809157
0.000688603
0.000575036
0.00048174
0.00040612
0.000358233
0.000319502
0.000294854
0.000274733
0.000261648
0.000252585
0.000248321
0.000247029
0.000250324
0.000259546
0.000274315
0.000296138
0.000326195
0.000366344
0.000419108
0.000488566
0.00058242
0.000717764
0.000937557
0.00135571
0.00224643
0.00417186
0.00811599
0.0165908
0.0363772
0.0514709
0.0360267
0.0222967
0.010028
0.00836196
0.00636583
0.00376904
0.00191034
0.00114839
0.000834133
0.000686761
0.000582005
0.000476849
0.000398183
0.000340004
0.000302131
0.000271552
0.000250459
0.000233
0.000220651
0.000211621
0.000207149
0.000205592
0.000207548
0.000215398
0.000228378
0.000248006
0.000275481
0.000312546
0.000361349
0.000424826
0.000507793
0.000620388
0.000788228
0.00108237
0.00170216
0.00313455
0.00637278
0.0136288
0.0317536
0.0609631
0.0631618
0.0262582
0.0103212
0.00798864
0.00554569
0.0028738
0.00147825
0.000935036
0.000710001
0.000598516
0.000498047
0.000403893
0.000339342
0.000293016
0.000261066
0.000234995
0.000215581
0.000199427
0.000187318
0.000178307
0.000173533
0.000171733
0.000172573
0.000179072
0.000190278
0.000207606
0.000232313
0.000266167
0.000311336
0.000370518
0.00044743
0.000548724
0.000690341
0.000917545
0.00136776
0.00244523
0.00512692
0.0114559
0.0270139
0.0668592
0.0948077
0.030499
0.010492
0.00746154
0.00476793
0.0022867
0.00120346
0.000796892
0.00062649
0.000530983
0.000433401
0.000351112
0.000297257
0.000258253
0.000229737
0.000206202
0.00018772
0.00017236
0.000160489
0.000151637
0.000146653
0.00014469
0.00014476
0.000150018
0.000159624
0.000174799
0.000196871
0.000227671
0.000269489
0.000325043
0.00039755
0.000491579
0.000616805
0.000801155
0.00113501
0.00192015
0.0040837
0.00991991
0.0251442
0.0682817
0.1268
0.0349559
0.010608
0.00691348
0.00411358
0.0018993
0.00102385
0.000704999
0.000568272
0.000478737
0.00038517
0.000313133
0.00026638
0.000231788
0.000205352
0.000183371
0.000165579
0.000150869
0.000139364
0.000130814
0.000125724
0.000123569
0.000123331
0.000127438
0.000135595
0.000148739
0.000168207
0.000195884
0.000234241
0.000286292
0.000355484
0.000445895
0.00056427
0.000728843
0.00100073
0.00159329
0.00323637
0.00815216
0.0225576
0.0684276
0.156724
0.0392751
0.0107291
0.00642387
0.00361862
0.00164506
0.000905644
0.000642763
0.000526494
0.000439006
0.000350074
0.000285631
0.000243308
0.000211431
0.000186363
0.00016546
0.0001483
0.000134208
0.000123159
0.000114973
0.000109889
0.000107634
0.000107255
0.000110443
0.000117341
0.000128683
0.000145751
0.000170421
0.000205268
0.000253557
0.000319057
0.000405797
0.00051874
0.000669282
0.000899157
0.00137352
0.00271846
0.00703136
0.020554
0.0676485
0.183557
0.0433876
0.0108823
0.00600227
0.0032466
0.00146913
0.000826118
0.000601051
0.000497151
0.000409961
0.000325286
0.000265889
0.000226143
0.000195932
0.000171821
0.000151742
0.000135187
0.000121687
0.000111122
0.000103312
9.83122e-05
9.6018e-05
9.5559e-05
9.80653e-05
0.000103909
0.000113715
0.000128673
0.000150601
0.000182115
0.000226717
0.000288673
0.000372635
0.000483435
0.000628775
0.000834395
0.00121257
0.0022507
0.00588376
0.0184941
0.0658728
0.2065
0.0471738
0.0111312
0.0057187
0.00300881
0.00136794
0.000776678
0.000573527
0.000476597
0.000389728
0.000308464
0.000251867
0.000213528
0.000184403
0.000161025
0.000141623
0.000125635
0.000112677
0.000102568
9.5113e-05
9.02238e-05
8.78989e-05
8.73877e-05
8.94009e-05
9.43928e-05
0.000102941
0.000116123
0.000135656
0.000164106
0.00020507
0.000263146
0.000343586
0.000451615
0.000593614
0.000787804
0.0011201
0.0019992
0.00517994
0.0169003
0.0639787
0.225892
0.0505577
0.0114406
0.00550085
0.0028468
0.00129406
0.000743899
0.000557503
0.000464439
0.000377337
0.000298167
0.000243043
0.000205175
0.000176494
0.000153557
0.000134658
0.000119143
0.000106638
9.69188e-05
8.97678e-05
8.4993e-05
8.26091e-05
8.20482e-05
8.36961e-05
8.80173e-05
9.55719e-05
0.000107326
0.000124876
0.000150697
0.000188401
0.000242842
0.000319949
0.000425763
0.000566208
0.000752475
0.00103976
0.00174972
0.00449496
0.015484
0.061576
0.241811
0.0530184
0.0121421
0.005504
0.00280162
0.00128849
0.000730841
0.000549093
0.000457506
0.000371248
0.000293525
0.000237873
0.000199684
0.000171323
0.000148773
0.000130298
0.000115197
0.000103088
9.3705e-05
8.68027e-05
8.21598e-05
7.96786e-05
7.9102e-05
8.05617e-05
8.44027e-05
9.11812e-05
0.00010174
0.000117602
0.000141246
0.000176095
0.000227071
0.00030061
0.000403706
0.000543246
0.000729136
0.000999878
0.00162332
0.0040613
0.0145052
0.0596345
0.254778
0.0538625
0.0132739
0.00559779
0.00282817
0.00130853
0.000736158
0.000550268
0.00045817
0.000372295
0.000294689
0.000238321
0.000198974
0.000169788
0.000147059
0.00012876
0.000113938
0.000102088
9.28824e-05
8.60568e-05
8.13954e-05
7.87699e-05
7.81366e-05
7.94105e-05
8.29285e-05
8.92175e-05
9.90535e-05
0.000113835
0.000135712
0.000167978
0.000215815
0.000286059
0.00038639
0.000524656
0.000709912
0.000965262
0.00149741
0.0036327
0.0136688
0.0583832
0.265509
0.0533245
0.0145782
0.00584156
0.00291331
0.00136177
0.000753905
0.000555515
0.000461549
0.000376442
0.000298892
0.000241102
0.000200494
0.000170736
0.000147761
0.000129398
0.000114588
0.00010277
9.35893e-05
8.67695e-05
8.2089e-05
7.94146e-05
7.87787e-05
7.97776e-05
8.28128e-05
8.87634e-05
9.81937e-05
0.000112424
0.000133284
0.000164029
0.000209559
0.000276323
0.000373522
0.000510677
0.000698779
0.000949599
0.00143614
0.0033504
0.0130465
0.0578743
0.274741
0.0515165
0.0158981
0.00631314
0.00309663
0.00147013
0.000791512
0.000567185
0.000468889
0.000385516
0.000308095
0.000247778
0.000204704
0.000173711
0.000150152
0.000131563
0.000116693
0.000104876
9.57149e-05
8.89077e-05
8.42188e-05
8.152e-05
8.09774e-05
8.18832e-05
8.46501e-05
9.02716e-05
9.92026e-05
0.000112646
0.000132778
0.000162713
0.000207053
0.000271682
0.000366613
0.000502099
0.000693305
0.000942819
0.00139418
0.00308671
0.0124783
0.0578057
0.282917
0.047694
0.017044
0.00696749
0.00340524
0.00164142
0.000864693
0.000591742
0.000481996
0.000398566
0.000321256
0.000258786
0.00021305
0.000179932
0.000155233
0.000136127
0.000121046
0.000109139
9.9901e-05
9.30001e-05
8.82072e-05
8.53714e-05
8.48421e-05
8.57222e-05
8.83945e-05
9.39203e-05
0.000102801
0.000116141
0.000135785
0.000164533
0.000206917
0.000270281
0.000363956
0.000498408
0.000691655
0.000941764
0.00137776
0.00292116
0.0120154
0.0584109
0.290415
0.041869
0.0175326
0.00772323
0.00384014
0.00188519
0.000970895
0.000627698
0.000499477
0.000416636
0.000340317
0.000275455
0.00022614
0.000190109
0.000163522
0.000143335
0.000127658
0.000115407
0.000105948
9.88862e-05
9.39708e-05
9.09834e-05
9.05219e-05
9.1438e-05
9.41534e-05
9.97905e-05
0.000108865
0.000122407
0.000142206
0.000170973
0.000213014
0.000274292
0.00036512
0.000497949
0.000696708
0.000953907
0.00137305
0.00280717
0.0115961
0.0593832
0.297401
0.0345847
0.0172988
0.00847807
0.00440344
0.00223852
0.00114869
0.000696713
0.000525683
0.000435471
0.000360414
0.000294922
0.000242899
0.000203938
0.000175088
0.000153405
0.000136801
0.000123981
0.000114162
0.000106865
0.000101819
9.86886e-05
9.83819e-05
9.94008e-05
0.000102308
0.000108313
0.00011788
0.000132003
0.000152417
0.000181618
0.000223738
0.000284608
0.000375234
0.000507095
0.000710858
0.00097514
0.00138261
0.00272217
0.011287
0.0606232
0.30408
0.0265096
0.0164249
0.00914287
0.00505037
0.00267651
0.00138788
0.000802104
0.000570602
0.000464075
0.000387452
0.00032072
0.000265462
0.000222787
0.000190882
0.000167064
0.000149087
0.000135413
0.000125073
0.000117469
0.000112288
0.000109095
0.000109063
0.000110274
0.000113571
0.000120281
0.000130699
0.000145823
0.000167349
0.000197547
0.000240515
0.000301385
0.000391817
0.000523017
0.000733187
0.00100796
0.00141037
0.00266479
0.0110853
0.0621339
0.310558
0.0184065
0.0144939
0.00952868
0.00579988
0.00328308
0.00175951
0.000978781
0.000640405
0.000496312
0.000413694
0.000347872
0.000291899
0.000246671
0.000211804
0.000185482
0.000165681
0.000150792
0.000139697
0.000131683
0.000126328
0.000123295
0.000123498
0.00012515
0.000129215
0.000136974
0.000148658
0.000165232
0.000188368
0.000220032
0.000264375
0.000325776
0.00041729
0.000548811
0.000766746
0.00105295
0.00145064
0.00263593
0.0109852
0.0636243
0.316955
0.0114148
0.0115313
0.0094917
0.00634011
0.00388894
0.0022238
0.00125519
0.000776917
0.00056104
0.000452462
0.000380456
0.000322688
0.000275317
0.000237839
0.000209095
0.000187407
0.000171208
0.000159289
0.000150906
0.000145396
0.000142865
0.00014343
0.000145788
0.000151097
0.000160289
0.000173692
0.000192117
0.000217253
0.000250653
0.000296746
0.00035901
0.000452359
0.000584914
0.000812432
0.00111118
0.0015062
0.00262541
0.0109225
0.0654104
0.323418
0.00624434
0.008743
0.00885002
0.0071551
0.00465585
0.00282029
0.00164122
0.000985676
0.000663758
0.000508269
0.000420022
0.000358404
0.000309729
0.000270553
0.000239748
0.000216185
0.000198634
0.000185848
0.000177282
0.000171685
0.000170188
0.000171302
0.000174677
0.000181738
0.000192715
0.000208133
0.000228556
0.00025579
0.000290814
0.00033871
0.000401882
0.000497976
0.000632992
0.000872613
0.00118331
0.0015749
0.0026325
0.0109012
0.0671095
0.330092
0.00314205
0.00598583
0.00774673
0.00709644
0.00535166
0.00352553
0.00219274
0.00134227
0.000862183
0.00061207
0.000480606
0.000401167
0.00034692
0.000306635
0.000275689
0.000251885
0.0002342
0.0002212
0.00021308
0.000207687
0.000207736
0.000209592
0.000214313
0.000223373
0.000236188
0.000253522
0.000275624
0.000304593
0.00034067
0.000390204
0.000454278
0.000554371
0.000694292
0.000948655
0.00126843
0.00165738
0.00268953
0.0109785
0.0689088
0.337135
0.00168016
0.00372177
0.00645292
0.00670859
0.00588076
0.0042268
0.00283509
0.00184126
0.00119809
0.000817878
0.000603327
0.0004797
0.000402452
0.00035063
0.000315113
0.000290225
0.000273043
0.000261641
0.000254675
0.000252068
0.000253163
0.000256592
0.000263725
0.00027466
0.00028913
0.000308022
0.000331201
0.000361355
0.000397921
0.000449386
0.000515427
0.000622969
0.000771892
0.00104175
0.00136607
0.00175757
0.00280496
0.0112219
0.0706701
0.344645
0.0014859
0.00234401
0.00483771
0.00595061
0.00574018
0.00489272
0.00359718
0.00251023
0.00171782
0.00118046
0.000840768
0.000639668
0.000515344
0.000435112
0.000381666
0.000346223
0.000322164
0.000308628
0.000300315
0.00029998
0.000302033
0.000307256
0.000316606
0.000329525
0.000345502
0.000365986
0.000390077
0.000422023
0.000460356
0.000516971
0.00058925
0.000710656
0.00087226
0.00116043
0.00148643
0.00190654
0.00306409
0.0118177
0.0725044
0.35299
0.00151472
0.00158809
0.00326841
0.00483906
0.0053381
0.00503412
0.00429741
0.00334358
0.00248764
0.00181723
0.00131845
0.000977935
0.000761428
0.000620417
0.000526174
0.000463502
0.000421352
0.00039435
0.000378094
0.00036952
0.00036978
0.000372839
0.000380155
0.000393169
0.000409665
0.000432253
0.000458987
0.000496527
0.000541801
0.000611194
0.000698427
0.00084456
0.00102863
0.00134937
0.00169253
0.00221633
0.00366187
0.0132389
0.0757069
0.363246
0.00157864
0.00121656
0.00223285
0.00362013
0.00454112
0.00490631
0.00468353
0.00414876
0.00345116
0.00276668
0.00217965
0.00168334
0.00131139
0.00105615
0.000877921
0.000753176
0.000665813
0.000605127
0.000564217
0.000538203
0.000523029
0.000519887
0.000522801
0.000531415
0.000546033
0.000572738
0.000606973
0.000660261
0.000726779
0.000828255
0.000955625
0.00115484
0.00140024
0.0018002
0.00223536
0.00303928
0.00528717
0.017027
0.0844869
0.377687
0.00236509
0.00159532
0.00227371
0.00334219
0.00441073
0.00508123
0.00524315
0.0050675
0.00463224
0.00406457
0.0034915
0.0029646
0.00249613
0.00210822
0.00180521
0.0015751
0.00140351
0.00127897
0.00118971
0.00113131
0.00109482
0.00108071
0.00108511
0.00110005
0.00113149
0.0011818
0.00124309
0.00135518
0.00148892
0.00168631
0.00192304
0.00226274
0.00268209
0.00331361
0.00417088
0.00592947
0.0103067
0.027036
0.10306
0.400834
0.00473506
0.00423206
0.00570963
0.00684686
0.00783517
0.00856234
0.00893256
0.00890634
0.00865728
0.00817175
0.00760684
0.0070416
0.00650808
0.00603265
0.00564236
0.0053366
0.00511521
0.00496692
0.00487956
0.00485819
0.0048744
0.00492244
0.00501692
0.00516088
0.00532415
0.00556122
0.00580369
0.00614418
0.00645065
0.00704727
0.00772969
0.0087869
0.0100659
0.0120495
0.0147925
0.019498
0.0287891
0.0553825
0.142299
0.435455
0.0181688
0.0406351
0.0569819
0.064076
0.0663473
0.0660805
0.0646855
0.0623663
0.0596505
0.0571508
0.0549881
0.0531513
0.0516695
0.050493
0.0496357
0.0490156
0.0486691
0.0485246
0.0485926
0.0487947
0.0491767
0.0497353
0.0504264
0.0513222
0.0523422
0.0536301
0.0550306
0.0568404
0.0586937
0.0612562
0.0632954
0.0673336
0.0721758
0.0791149
0.0870472
0.0992696
0.114516
0.152226
0.242872
0.496639
0.284996
0.550986
0.731016
0.807217
0.834652
0.833248
0.822809
0.799887
0.771145
0.741875
0.714212
0.689019
0.666568
0.646718
0.629258
0.613849
0.600273
0.588244
0.577593
0.568149
0.559771
0.552386
0.545896
0.540275
0.535456
0.531447
0.528201
0.52576
0.5241
0.523257
0.523411
0.523724
0.524473
0.525839
0.528819
0.532626
0.541472
0.55162
0.603954
0.578894
)
;

boundaryField
{
    movingWall
    {
        type            epsilonWallFunction;
        blending        stepwise;
        value           nonuniform List<scalar> 
40
(
0.284996
0.550986
0.731016
0.807217
0.834652
0.833248
0.822809
0.799887
0.771145
0.741875
0.714212
0.689019
0.666568
0.646718
0.629258
0.613849
0.600273
0.588244
0.577593
0.568149
0.559771
0.552386
0.545896
0.540275
0.535456
0.531447
0.528201
0.52576
0.5241
0.523257
0.523411
0.523724
0.524473
0.525839
0.528819
0.532626
0.541472
0.55162
0.603954
0.578894
)
;
    }
    fixedWalls
    {
        type            epsilonWallFunction;
        blending        stepwise;
        value           nonuniform List<scalar> 
120
(
0.000556941
0.00125219
0.00261844
0.00407009
0.00505138
0.00559873
0.00596545
0.00647327
0.00785687
0.0108183
0.0144159
0.0182735
0.0222967
0.0262582
0.030499
0.0349559
0.0392751
0.0433876
0.0471738
0.0505577
0.0530184
0.0538625
0.0533245
0.0515165
0.047694
0.041869
0.0345847
0.0265096
0.0184065
0.0114148
0.00624434
0.00314205
0.00168016
0.0014859
0.00151472
0.00157864
0.00236509
0.00473506
0.0181688
0.284996
0.00186243
0.00222864
0.00282892
0.00341497
0.0037673
0.00412166
0.00478284
0.00581528
0.00750704
0.00926764
0.01785
0.0360267
0.0631618
0.0948077
0.1268
0.156724
0.183557
0.2065
0.225892
0.241811
0.254778
0.265509
0.274741
0.282917
0.290415
0.297401
0.30408
0.310558
0.316955
0.323418
0.330092
0.337135
0.344645
0.35299
0.363246
0.377687
0.400834
0.435455
0.496639
0.578894
0.000556941
0.000706379
0.000977608
0.00126107
0.00145319
0.00156641
0.00172656
0.00195539
0.0022231
0.00264005
0.00380656
0.00794402
0.0154941
0.026633
0.0396289
0.0525257
0.063821
0.0723942
0.0773649
0.0795264
0.0799973
0.0779461
0.0742121
0.0691173
0.06371
0.0578392
0.0519562
0.0461408
0.0407077
0.0350358
0.0294585
0.0234574
0.0181826
0.0154636
0.0137204
0.0123769
0.0107182
0.00793427
0.00427733
0.00186243
)
;
    }
    frontAndBack
    {
        type            empty;
    }
}


// ************************************************************************* //
