/*--------------------------------*- C++ -*----------------------------------*\
| =========                 |                                                 |
| \\      /  F ield         | OpenFOAM: The Open Source CFD Toolbox           |
|  \\    /   O peration     | Version:  2412                                  |
|   \\  /    A nd           | Website:  www.openfoam.com                      |
|    \\/     M anipulation  |                                                 |
\*---------------------------------------------------------------------------*/
FoamFile
{
    version     2.0;
    format      ascii;
    arch        "LSB;label=32;scalar=64";
    class       volScalarField;
    location    "6.5";
    object      nut;
}
// * * * * * * * * * * * * * * * * * * * * * * * * * * * * * * * * * * * * * //

dimensions      [0 2 -1 0 0 0 0];

internalField   nonuniform List<scalar> 
1600
(
3.37731e-06
3.65565e-06
4.07357e-06
4.43408e-06
4.64835e-06
4.7657e-06
4.92253e-06
5.13087e-06
5.35508e-06
5.67092e-06
6.40605e-06
8.18629e-06
1.02282e-05
1.22525e-05
1.39881e-05
1.53655e-05
1.63961e-05
1.70994e-05
1.74816e-05
1.76426e-05
1.76771e-05
1.75242e-05
1.72395e-05
1.68355e-05
1.63845e-05
1.58649e-05
1.53079e-05
1.47143e-05
1.41124e-05
1.3424e-05
1.26699e-05
1.17435e-05
1.07886e-05
1.02232e-05
9.82411e-06
9.4926e-06
9.04799e-06
8.18467e-06
6.66102e-06
5.04827e-06
4.42427e-06
5.00544e-06
5.95091e-06
6.42423e-06
6.6495e-06
7.5087e-06
9.32724e-06
1.04097e-05
1.16998e-05
1.39672e-05
1.50861e-05
1.61026e-05
1.63939e-05
1.61263e-05
1.65082e-05
1.65505e-05
1.65303e-05
1.69023e-05
1.76671e-05
1.90499e-05
2.08704e-05
2.25757e-05
2.45831e-05
2.67185e-05
2.9117e-05
3.16988e-05
3.42415e-05
3.63131e-05
3.73672e-05
3.78215e-05
3.80564e-05
3.73538e-05
3.68633e-05
3.45195e-05
2.96533e-05
2.35777e-05
1.59144e-05
1.05449e-05
7.76801e-06
5.35964e-06
5.65701e-06
6.61256e-06
9.28957e-06
1.12755e-05
1.18541e-05
1.31502e-05
1.62767e-05
1.91479e-05
2.01786e-05
1.98379e-05
1.92406e-05
1.82493e-05
1.78461e-05
1.86714e-05
1.77905e-05
1.79012e-05
1.86464e-05
1.97502e-05
2.10841e-05
2.23585e-05
2.31617e-05
2.38995e-05
2.49408e-05
2.54742e-05
2.66017e-05
2.76438e-05
2.93363e-05
3.14091e-05
3.4011e-05
3.61395e-05
3.76083e-05
3.81245e-05
3.74351e-05
3.61651e-05
3.43297e-05
2.97777e-05
2.28036e-05
1.48602e-05
9.09489e-06
5.80309e-06
6.55233e-06
9.16039e-06
1.43689e-05
1.70664e-05
1.88486e-05
2.11742e-05
2.35382e-05
2.32621e-05
2.18128e-05
2.061e-05
1.96239e-05
1.88269e-05
1.92058e-05
1.65221e-05
1.74718e-05
1.65005e-05
1.74404e-05
1.67827e-05
1.70067e-05
1.63542e-05
1.59952e-05
1.57326e-05
1.5206e-05
1.50377e-05
1.49633e-05
1.52031e-05
1.57833e-05
1.69347e-05
1.89005e-05
2.25503e-05
2.69265e-05
3.05896e-05
3.24243e-05
3.27538e-05
3.30012e-05
3.0824e-05
2.5433e-05
1.6483e-05
9.76584e-06
6.17889e-06
7.04102e-06
1.35675e-05
2.05412e-05
2.25705e-05
2.4016e-05
2.60048e-05
2.47182e-05
2.34903e-05
2.19971e-05
2.02515e-05
1.96104e-05
1.70606e-05
1.60822e-05
1.45961e-05
1.54903e-05
1.42932e-05
1.4976e-05
1.43034e-05
1.43891e-05
1.40232e-05
1.38524e-05
1.37274e-05
1.33304e-05
1.30968e-05
1.26764e-05
1.23628e-05
1.21293e-05
1.21742e-05
1.26593e-05
1.39073e-05
1.64071e-05
2.16617e-05
2.71971e-05
2.96125e-05
2.99687e-05
3.08836e-05
2.81536e-05
1.81453e-05
1.05748e-05
6.38433e-06
7.28642e-06
1.89858e-05
2.60397e-05
2.69926e-05
2.78309e-05
2.64454e-05
2.5226e-05
2.32809e-05
2.11165e-05
1.87077e-05
1.60757e-05
1.46344e-05
1.42658e-05
1.40331e-05
1.48656e-05
1.48567e-05
1.55427e-05
1.57247e-05
1.61696e-05
1.62274e-05
1.63009e-05
1.62079e-05
1.59485e-05
1.54275e-05
1.48345e-05
1.4054e-05
1.32094e-05
1.23565e-05
1.17297e-05
1.15074e-05
1.20277e-05
1.38893e-05
1.81024e-05
2.52594e-05
2.81509e-05
2.85826e-05
2.95618e-05
2.36567e-05
1.28525e-05
6.57778e-06
7.44215e-06
2.41135e-05
3.04888e-05
3.02469e-05
2.83226e-05
2.70591e-05
2.48117e-05
2.20531e-05
1.83834e-05
1.54066e-05
1.40781e-05
1.39569e-05
1.46048e-05
1.54445e-05
1.65668e-05
1.73677e-05
1.8559e-05
1.91994e-05
2.01265e-05
2.05138e-05
2.07704e-05
2.08393e-05
2.05075e-05
1.98286e-05
1.88479e-05
1.75572e-05
1.60869e-05
1.45471e-05
1.30993e-05
1.19392e-05
1.12278e-05
1.12278e-05
1.25981e-05
1.62547e-05
2.35481e-05
2.6863e-05
2.7204e-05
2.76864e-05
1.49276e-05
6.91172e-06
7.64761e-06
2.86831e-05
3.35976e-05
3.1008e-05
2.9353e-05
2.65731e-05
2.31401e-05
1.8525e-05
1.52116e-05
1.37783e-05
1.42818e-05
1.51626e-05
1.66631e-05
1.80606e-05
1.98314e-05
2.12902e-05
2.31006e-05
2.44541e-05
2.59784e-05
2.69513e-05
2.76126e-05
2.81277e-05
2.81335e-05
2.75629e-05
2.64709e-05
2.47793e-05
2.24968e-05
1.97182e-05
1.67067e-05
1.39631e-05
1.20028e-05
1.09149e-05
1.08419e-05
1.2196e-05
1.61038e-05
2.25715e-05
2.51896e-05
2.59145e-05
1.70758e-05
7.37623e-06
8.15756e-06
3.19229e-05
3.46701e-05
3.29296e-05
2.89508e-05
2.49097e-05
1.96754e-05
1.54158e-05
1.4072e-05
1.43624e-05
1.59135e-05
1.73437e-05
1.96052e-05
2.15705e-05
2.40437e-05
2.61673e-05
2.86097e-05
3.05158e-05
3.21925e-05
3.33633e-05
3.42261e-05
3.49937e-05
3.49055e-05
3.45843e-05
3.36783e-05
3.22678e-05
3.01675e-05
2.73897e-05
2.39417e-05
1.97887e-05
1.54145e-05
1.21986e-05
1.05908e-05
1.05731e-05
1.25078e-05
1.76001e-05
2.24704e-05
2.35191e-05
2.08922e-05
8.03241e-06
9.07508e-06
3.33016e-05
3.65398e-05
3.27541e-05
2.76887e-05
2.1897e-05
1.6138e-05
1.43205e-05
1.46322e-05
1.60044e-05
1.80265e-05
2.01316e-05
2.31276e-05
2.56085e-05
2.87929e-05
3.13902e-05
3.40809e-05
3.59956e-05
3.75567e-05
3.86629e-05
3.95539e-05
4.00388e-05
3.99603e-05
3.96161e-05
3.88214e-05
3.76048e-05
3.58492e-05
3.34426e-05
3.02636e-05
2.62694e-05
2.1433e-05
1.64093e-05
1.23721e-05
1.04901e-05
1.06248e-05
1.32484e-05
1.96421e-05
2.18027e-05
2.13591e-05
8.61483e-06
9.98616e-06
3.39095e-05
3.75106e-05
3.2164e-05
2.52048e-05
1.84166e-05
1.47908e-05
1.46363e-05
1.60627e-05
1.79135e-05
2.0478e-05
2.33575e-05
2.68991e-05
2.99138e-05
3.34981e-05
3.61441e-05
3.87553e-05
4.05712e-05
4.19137e-05
4.2875e-05
4.36816e-05
4.40496e-05
4.40075e-05
4.3706e-05
4.30462e-05
4.20101e-05
4.0489e-05
3.83501e-05
3.54248e-05
3.15739e-05
2.68384e-05
2.13216e-05
1.58054e-05
1.18721e-05
1.05041e-05
1.16164e-05
1.59731e-05
2.08734e-05
2.1165e-05
1.07137e-05
1.08073e-05
3.37476e-05
3.80811e-05
3.0752e-05
2.23761e-05
1.62618e-05
1.46379e-05
1.56952e-05
1.76921e-05
1.98989e-05
2.32383e-05
2.67159e-05
3.06724e-05
3.40448e-05
3.76355e-05
4.01741e-05
4.25585e-05
4.41687e-05
4.54896e-05
4.62086e-05
4.68437e-05
4.7193e-05
4.70993e-05
4.68113e-05
4.62431e-05
4.54057e-05
4.42215e-05
4.25622e-05
4.02108e-05
3.68738e-05
3.2278e-05
2.65177e-05
2.00511e-05
1.42237e-05
1.07496e-05
1.02036e-05
1.26602e-05
1.89729e-05
2.05346e-05
1.35406e-05
1.15481e-05
3.33666e-05
3.79055e-05
2.89088e-05
1.98426e-05
1.53458e-05
1.51604e-05
1.70082e-05
1.92662e-05
2.20521e-05
2.60744e-05
2.99833e-05
3.41729e-05
3.76688e-05
4.10555e-05
4.34498e-05
4.55987e-05
4.70702e-05
4.82842e-05
4.89633e-05
4.92964e-05
4.96397e-05
4.94298e-05
4.9071e-05
4.84668e-05
4.7654e-05
4.65922e-05
4.52001e-05
4.33172e-05
4.06784e-05
3.69004e-05
3.15829e-05
2.48815e-05
1.77446e-05
1.26115e-05
1.07279e-05
1.20017e-05
1.67073e-05
2.00844e-05
1.63303e-05
1.21949e-05
3.23694e-05
3.74006e-05
2.71163e-05
1.80005e-05
1.51248e-05
1.59938e-05
1.83613e-05
2.07654e-05
2.42699e-05
2.87854e-05
3.29652e-05
3.72076e-05
4.0673e-05
4.38156e-05
4.60958e-05
4.8069e-05
4.94684e-05
5.05542e-05
5.1146e-05
5.14106e-05
5.16592e-05
5.13632e-05
5.09267e-05
5.02782e-05
4.94677e-05
4.84832e-05
4.72689e-05
4.56924e-05
4.35173e-05
4.03787e-05
3.5792e-05
2.93388e-05
2.15528e-05
1.43454e-05
1.05359e-05
1.07053e-05
1.45699e-05
1.9895e-05
1.87004e-05
1.28186e-05
3.12608e-05
3.64285e-05
2.53742e-05
1.70706e-05
1.53034e-05
1.69242e-05
1.95646e-05
2.22544e-05
2.64048e-05
3.12168e-05
3.55308e-05
3.97084e-05
4.30844e-05
4.60244e-05
4.8234e-05
5.00964e-05
5.14594e-05
5.24764e-05
5.30119e-05
5.32406e-05
5.33927e-05
5.30138e-05
5.24693e-05
5.17278e-05
5.08467e-05
4.98453e-05
4.87049e-05
4.73384e-05
4.55555e-05
4.30228e-05
3.92403e-05
3.36057e-05
2.58571e-05
1.74033e-05
1.17739e-05
1.0577e-05
1.30929e-05
1.97177e-05
2.06053e-05
1.34146e-05
2.95844e-05
3.53651e-05
2.40842e-05
1.66161e-05
1.5671e-05
1.78126e-05
2.05942e-05
2.36766e-05
2.83196e-05
3.32671e-05
3.76247e-05
4.16887e-05
4.49747e-05
4.77753e-05
4.99543e-05
5.17631e-05
5.31208e-05
5.41068e-05
5.46186e-05
5.48375e-05
5.4871e-05
5.4432e-05
5.37767e-05
5.2935e-05
5.19671e-05
5.09125e-05
4.97765e-05
4.85043e-05
4.69426e-05
4.47925e-05
4.15659e-05
3.65932e-05
2.9313e-05
2.038e-05
1.29817e-05
1.04731e-05
1.26226e-05
1.82565e-05
2.21143e-05
1.39456e-05
2.76445e-05
3.41678e-05
2.32111e-05
1.64035e-05
1.60862e-05
1.86043e-05
2.14979e-05
2.49652e-05
2.99221e-05
3.49026e-05
3.925e-05
4.31935e-05
4.64098e-05
4.91275e-05
5.13049e-05
5.31018e-05
5.44771e-05
5.54645e-05
5.59446e-05
5.61094e-05
5.60881e-05
5.55783e-05
5.48214e-05
5.38823e-05
5.2826e-05
5.17054e-05
5.05482e-05
4.93348e-05
4.79602e-05
4.61769e-05
4.35352e-05
3.93288e-05
3.26617e-05
2.34062e-05
1.44966e-05
1.06661e-05
1.20989e-05
1.78126e-05
2.33112e-05
1.44162e-05
2.57521e-05
3.30593e-05
2.27515e-05
1.64468e-05
1.64774e-05
1.92381e-05
2.22552e-05
2.60328e-05
3.11448e-05
3.60961e-05
4.04134e-05
4.42579e-05
4.74304e-05
5.01062e-05
5.22968e-05
5.41017e-05
5.54978e-05
5.64865e-05
5.69427e-05
5.70398e-05
5.69603e-05
5.63905e-05
5.55542e-05
5.45376e-05
5.34118e-05
5.22335e-05
5.10383e-05
4.98272e-05
4.85303e-05
4.69421e-05
4.4656e-05
4.10179e-05
3.51525e-05
2.64087e-05
1.64759e-05
1.10236e-05
1.18997e-05
1.71236e-05
2.42449e-05
1.48238e-05
2.39719e-05
3.17193e-05
2.26093e-05
1.64596e-05
1.6774e-05
1.97373e-05
2.28904e-05
2.6856e-05
3.1987e-05
3.69006e-05
4.11774e-05
4.49313e-05
4.80673e-05
5.07179e-05
5.29192e-05
5.47312e-05
5.61342e-05
5.71071e-05
5.75675e-05
5.75857e-05
5.74334e-05
5.68198e-05
5.59328e-05
5.48686e-05
5.37059e-05
5.25014e-05
5.12927e-05
5.00988e-05
4.88884e-05
4.75044e-05
4.55739e-05
4.24283e-05
3.70796e-05
2.85683e-05
1.79938e-05
1.14086e-05
1.17569e-05
1.69249e-05
2.49815e-05
1.517e-05
2.23133e-05
3.06325e-05
2.26826e-05
1.68023e-05
1.69796e-05
2.00262e-05
2.32926e-05
2.7361e-05
3.24265e-05
3.7243e-05
4.14708e-05
4.51753e-05
4.82971e-05
5.09371e-05
5.31444e-05
5.49556e-05
5.63486e-05
5.7291e-05
5.77533e-05
5.77178e-05
5.7483e-05
5.68514e-05
5.59435e-05
5.48617e-05
5.3694e-05
5.24922e-05
5.12839e-05
5.00951e-05
4.8924e-05
4.76597e-05
4.59826e-05
4.3273e-05
3.85832e-05
3.08004e-05
1.99853e-05
1.19095e-05
1.16898e-05
1.66939e-05
2.5555e-05
1.54122e-05
2.05901e-05
2.89614e-05
2.30794e-05
1.70282e-05
1.70694e-05
2.01602e-05
2.35524e-05
2.7601e-05
3.25036e-05
3.72998e-05
4.1514e-05
4.51351e-05
4.8209e-05
5.08185e-05
5.30031e-05
5.47785e-05
5.61242e-05
5.70156e-05
5.74454e-05
5.74105e-05
5.70638e-05
5.63743e-05
5.54479e-05
5.44066e-05
5.33319e-05
5.22268e-05
5.10457e-05
4.98846e-05
4.87688e-05
4.76298e-05
4.61862e-05
4.38147e-05
3.94955e-05
3.20651e-05
2.11998e-05
1.2312e-05
1.16474e-05
1.67894e-05
2.60038e-05
1.54936e-05
1.88583e-05
2.74287e-05
2.3226e-05
1.73249e-05
1.7056e-05
2.00054e-05
2.34622e-05
2.74338e-05
3.20958e-05
3.67165e-05
4.08666e-05
4.45078e-05
4.75822e-05
5.01512e-05
5.22721e-05
5.3979e-05
5.52766e-05
5.61587e-05
5.66203e-05
5.66624e-05
5.63028e-05
5.56647e-05
5.47174e-05
5.36883e-05
5.26112e-05
5.14959e-05
5.04213e-05
4.94057e-05
4.8374e-05
4.73284e-05
4.60846e-05
4.40631e-05
4.02176e-05
3.3277e-05
2.26864e-05
1.27945e-05
1.15653e-05
1.6933e-05
2.63636e-05
1.54418e-05
1.72934e-05
2.59529e-05
2.33994e-05
1.77493e-05
1.70191e-05
1.97923e-05
2.32452e-05
2.71482e-05
3.16334e-05
3.60241e-05
4.00351e-05
4.35748e-05
4.65903e-05
4.91228e-05
5.12239e-05
5.29256e-05
5.42374e-05
5.51403e-05
5.56181e-05
5.56751e-05
5.53127e-05
5.48687e-05
5.41331e-05
5.31343e-05
5.2063e-05
5.0902e-05
4.9768e-05
4.86408e-05
4.76104e-05
4.67905e-05
4.5778e-05
4.40408e-05
4.04938e-05
3.38728e-05
2.34646e-05
1.31224e-05
1.14883e-05
1.70438e-05
2.66654e-05
1.52654e-05
1.61217e-05
2.41215e-05
2.36657e-05
1.86049e-05
1.70943e-05
1.94479e-05
2.28302e-05
2.65623e-05
3.07606e-05
3.50824e-05
3.90515e-05
4.24832e-05
4.54459e-05
4.79763e-05
5.00969e-05
5.18141e-05
5.30963e-05
5.39457e-05
5.43875e-05
5.44339e-05
5.40189e-05
5.3626e-05
5.29684e-05
5.20949e-05
5.12549e-05
5.03739e-05
4.93113e-05
4.81021e-05
4.69168e-05
4.60072e-05
4.51249e-05
4.37456e-05
4.05301e-05
3.42231e-05
2.4067e-05
1.34717e-05
1.13809e-05
1.74513e-05
2.69269e-05
1.48782e-05
1.52592e-05
2.21786e-05
2.33983e-05
1.892e-05
1.68586e-05
1.885e-05
2.20981e-05
2.57392e-05
2.96744e-05
3.37311e-05
3.75998e-05
4.10507e-05
4.3995e-05
4.64505e-05
4.84594e-05
5.00569e-05
5.12686e-05
5.21031e-05
5.25737e-05
5.27163e-05
5.24069e-05
5.21004e-05
5.15493e-05
5.07586e-05
4.99449e-05
4.90493e-05
4.81337e-05
4.72831e-05
4.64378e-05
4.54731e-05
4.45256e-05
4.32852e-05
4.04896e-05
3.43879e-05
2.43042e-05
1.36134e-05
1.12168e-05
1.7702e-05
2.71624e-05
1.42461e-05
1.47552e-05
2.04075e-05
2.30856e-05
2.00399e-05
1.74429e-05
1.83411e-05
2.12579e-05
2.46026e-05
2.82284e-05
3.19769e-05
3.565e-05
3.90378e-05
4.19655e-05
4.44018e-05
4.63868e-05
4.79665e-05
4.91749e-05
5.00338e-05
5.05534e-05
5.07953e-05
5.05829e-05
5.03579e-05
4.99296e-05
4.92847e-05
4.85827e-05
4.7792e-05
4.69057e-05
4.59675e-05
4.50654e-05
4.45519e-05
4.39901e-05
4.29385e-05
4.01553e-05
3.40984e-05
2.43438e-05
1.36541e-05
1.10467e-05
1.81111e-05
2.73781e-05
1.33669e-05
1.45812e-05
1.91942e-05
2.21131e-05
2.0016e-05
1.71891e-05
1.75909e-05
2.03008e-05
2.34529e-05
2.68399e-05
3.02652e-05
3.36299e-05
3.67918e-05
3.96209e-05
4.20424e-05
4.40379e-05
4.56275e-05
4.68479e-05
4.7734e-05
4.82993e-05
4.86462e-05
4.85588e-05
4.84139e-05
4.8115e-05
4.76364e-05
4.70504e-05
4.63651e-05
4.55687e-05
4.4756e-05
4.39306e-05
4.33406e-05
4.27522e-05
4.20363e-05
3.95006e-05
3.35288e-05
2.40979e-05
1.3529e-05
1.08226e-05
1.84419e-05
2.75812e-05
1.22332e-05
1.43712e-05
1.81106e-05
2.18015e-05
2.11825e-05
1.83214e-05
1.73986e-05
1.91731e-05
2.20116e-05
2.50229e-05
2.81729e-05
3.1285e-05
3.42619e-05
3.69874e-05
3.93689e-05
4.13662e-05
4.2981e-05
4.42392e-05
4.51811e-05
4.58098e-05
4.62797e-05
4.63082e-05
4.62568e-05
4.6111e-05
4.57956e-05
4.53266e-05
4.47577e-05
4.40571e-05
4.3365e-05
4.26297e-05
4.22538e-05
4.17515e-05
4.10626e-05
3.8701e-05
3.25414e-05
2.34653e-05
1.32676e-05
1.05983e-05
1.88583e-05
2.77753e-05
1.08326e-05
1.3715e-05
1.76436e-05
2.02775e-05
2.0563e-05
1.85381e-05
1.70852e-05
1.82204e-05
2.07889e-05
2.34825e-05
2.62089e-05
2.89508e-05
3.16037e-05
3.41014e-05
3.63659e-05
3.83347e-05
3.99793e-05
4.12995e-05
4.23291e-05
4.30475e-05
4.36877e-05
4.37946e-05
4.38714e-05
4.39145e-05
4.37276e-05
4.33915e-05
4.29604e-05
4.23776e-05
4.1856e-05
4.12429e-05
4.10346e-05
4.05197e-05
3.98732e-05
3.754e-05
3.11814e-05
2.2521e-05
1.2784e-05
1.03178e-05
1.92144e-05
2.79644e-05
9.23775e-06
1.40152e-05
1.70183e-05
2.12655e-05
2.14812e-05
1.96119e-05
1.76008e-05
1.72933e-05
1.91578e-05
2.16796e-05
2.41132e-05
2.65254e-05
2.89146e-05
3.11834e-05
3.32741e-05
3.51416e-05
3.67564e-05
3.81106e-05
3.91978e-05
4.00596e-05
4.08062e-05
4.10091e-05
4.12521e-05
4.14667e-05
4.14306e-05
4.12348e-05
4.09692e-05
4.05363e-05
4.02344e-05
3.97577e-05
3.97317e-05
3.91236e-05
3.83677e-05
3.59012e-05
2.93038e-05
2.11478e-05
1.21475e-05
1.00579e-05
1.96415e-05
2.8153e-05
7.55508e-06
1.35551e-05
1.66854e-05
1.89811e-05
2.17265e-05
2.03048e-05
1.83125e-05
1.70819e-05
1.79661e-05
2.00304e-05
2.22012e-05
2.41887e-05
2.61173e-05
2.80684e-05
2.99584e-05
3.1721e-05
3.32874e-05
3.46905e-05
3.57641e-05
3.69315e-05
3.7507e-05
3.79135e-05
3.84487e-05
3.87443e-05
3.88839e-05
3.88525e-05
3.8789e-05
3.85481e-05
3.8503e-05
3.81444e-05
3.82338e-05
3.73493e-05
3.62844e-05
3.36108e-05
2.68846e-05
1.93616e-05
1.12888e-05
9.80567e-06
2.00272e-05
2.8345e-05
6.00921e-06
1.27711e-05
1.73036e-05
1.87674e-05
2.15818e-05
2.1548e-05
1.95897e-05
1.78266e-05
1.7149e-05
1.84656e-05
2.04047e-05
2.22756e-05
2.3896e-05
2.5352e-05
2.68099e-05
2.82678e-05
2.96656e-05
3.09792e-05
3.21939e-05
3.3294e-05
3.39015e-05
3.46374e-05
3.5353e-05
3.57683e-05
3.61158e-05
3.62662e-05
3.64355e-05
3.64301e-05
3.66144e-05
3.62679e-05
3.60818e-05
3.45935e-05
3.34109e-05
3.07038e-05
2.38721e-05
1.70347e-05
1.02302e-05
9.60878e-06
2.0448e-05
2.8545e-05
4.8785e-06
1.18708e-05
1.72421e-05
1.89937e-05
2.02526e-05
2.2673e-05
2.0924e-05
1.90943e-05
1.75685e-05
1.73298e-05
1.85724e-05
2.02185e-05
2.18097e-05
2.32268e-05
2.44409e-05
2.55769e-05
2.66489e-05
2.78419e-05
2.88534e-05
2.97364e-05
3.05667e-05
3.14121e-05
3.21547e-05
3.26888e-05
3.32221e-05
3.35134e-05
3.39436e-05
3.38567e-05
3.38747e-05
3.31108e-05
3.26833e-05
3.10843e-05
3.00714e-05
2.65345e-05
2.01901e-05
1.43038e-05
9.07696e-06
9.36364e-06
2.08147e-05
2.87552e-05
4.68347e-06
1.05065e-05
1.70396e-05
1.95783e-05
2.03673e-05
2.18936e-05
2.28408e-05
2.10669e-05
1.94734e-05
1.80565e-05
1.78328e-05
1.85692e-05
1.9684e-05
2.08809e-05
2.2016e-05
2.31152e-05
2.40862e-05
2.51516e-05
2.60896e-05
2.67008e-05
2.75288e-05
2.83168e-05
2.90097e-05
2.95145e-05
3.00184e-05
3.01935e-05
3.04209e-05
3.01155e-05
3.00417e-05
2.91503e-05
2.86755e-05
2.67723e-05
2.51417e-05
2.09389e-05
1.6003e-05
1.14802e-05
8.01061e-06
9.25384e-06
2.11675e-05
2.89853e-05
4.71393e-06
9.80453e-06
1.63867e-05
1.96039e-05
2.08459e-05
2.17538e-05
2.31452e-05
2.32253e-05
2.16737e-05
2.02378e-05
1.90342e-05
1.84074e-05
1.85435e-05
1.90723e-05
1.97487e-05
2.0523e-05
2.12632e-05
2.20156e-05
2.28914e-05
2.35952e-05
2.40308e-05
2.46212e-05
2.52295e-05
2.55432e-05
2.59083e-05
2.58929e-05
2.5949e-05
2.54097e-05
2.49909e-05
2.36913e-05
2.25799e-05
2.02919e-05
1.81662e-05
1.48112e-05
1.18287e-05
9.22336e-06
6.80299e-06
9.27172e-06
2.14746e-05
2.92632e-05
4.78e-06
1.05252e-05
1.62277e-05
1.99312e-05
2.20925e-05
2.29164e-05
2.3809e-05
2.49882e-05
2.50649e-05
2.35889e-05
2.2076e-05
2.04961e-05
1.97535e-05
1.938e-05
1.92403e-05
1.9268e-05
1.93921e-05
1.95268e-05
1.9722e-05
1.9958e-05
2.00811e-05
2.01833e-05
2.01781e-05
2.00946e-05
2.00419e-05
1.95881e-05
1.91947e-05
1.83132e-05
1.75273e-05
1.61846e-05
1.50344e-05
1.3341e-05
1.19222e-05
1.00448e-05
8.36405e-06
6.7093e-06
6.1971e-06
1.00013e-05
2.20054e-05
2.9646e-05
5.4688e-06
9.85205e-06
1.43207e-05
1.80964e-05
2.11957e-05
2.33243e-05
2.4818e-05
2.62514e-05
2.78379e-05
2.90542e-05
2.87269e-05
2.80006e-05
2.64592e-05
2.47303e-05
2.29771e-05
2.13104e-05
1.97627e-05
1.83746e-05
1.70828e-05
1.60357e-05
1.51619e-05
1.43326e-05
1.35873e-05
1.28667e-05
1.22402e-05
1.14812e-05
1.08816e-05
1.00257e-05
9.24135e-06
8.37069e-06
7.64749e-06
6.87972e-06
6.32292e-06
5.75338e-06
5.55817e-06
5.76046e-06
7.12033e-06
1.19856e-05
2.34528e-05
3.02397e-05
6.89016e-06
6.05025e-06
8.42031e-06
1.13372e-05
1.41959e-05
1.65918e-05
1.82527e-05
1.91927e-05
1.95054e-05
1.98203e-05
1.93754e-05
1.84502e-05
1.71964e-05
1.58098e-05
1.44166e-05
1.30836e-05
1.18755e-05
1.07793e-05
9.84655e-06
8.97883e-06
8.24473e-06
7.64142e-06
7.13469e-06
6.70444e-06
6.3792e-06
6.12644e-06
5.94952e-06
5.79292e-06
5.76893e-06
5.7793e-06
5.85359e-06
6.10834e-06
6.40958e-06
6.98269e-06
7.69897e-06
8.96115e-06
1.10307e-05
1.60744e-05
2.54645e-05
3.10864e-05
1.0784e-05
8.18296e-06
1.02346e-05
1.11876e-05
1.16953e-05
1.20151e-05
1.21937e-05
1.22923e-05
1.2182e-05
1.20881e-05
1.1945e-05
1.17323e-05
1.14963e-05
1.12498e-05
1.10324e-05
1.08339e-05
1.0708e-05
1.05935e-05
1.05858e-05
1.05979e-05
1.06432e-05
1.07579e-05
1.09124e-05
1.11264e-05
1.13758e-05
1.1696e-05
1.20502e-05
1.24925e-05
1.29707e-05
1.356e-05
1.41589e-05
1.4897e-05
1.55851e-05
1.65281e-05
1.74075e-05
1.87965e-05
2.03346e-05
2.38301e-05
2.77365e-05
3.24791e-05
2.69908e-05
3.36241e-05
3.6947e-05
3.81886e-05
3.86164e-05
3.85946e-05
3.84326e-05
3.8072e-05
3.76101e-05
3.71278e-05
3.66602e-05
3.62237e-05
3.58258e-05
3.54664e-05
3.51442e-05
3.48549e-05
3.45959e-05
3.43632e-05
3.41545e-05
3.39673e-05
3.37994e-05
3.36501e-05
3.35178e-05
3.34023e-05
3.33027e-05
3.32194e-05
3.31517e-05
3.31006e-05
3.30657e-05
3.30482e-05
3.30503e-05
3.30608e-05
3.30725e-05
3.3104e-05
3.31641e-05
3.32457e-05
3.34272e-05
3.36359e-05
3.46674e-05
3.41814e-05
)
;

boundaryField
{
    movingWall
    {
        type            nutkWallFunction;
        blending        stepwise;
        value           uniform 0;
    }
    fixedWalls
    {
        type            nutkWallFunction;
        blending        stepwise;
        value           uniform 0;
    }
    frontAndBack
    {
        type            empty;
    }
}


// ************************************************************************* //
