/*--------------------------------*- C++ -*----------------------------------*\
| =========                 |                                                 |
| \\      /  F ield         | OpenFOAM: The Open Source CFD Toolbox           |
|  \\    /   O peration     | Version:  2412                                  |
|   \\  /    A nd           | Website:  www.openfoam.com                      |
|    \\/     M anipulation  |                                                 |
\*---------------------------------------------------------------------------*/
FoamFile
{
    version     2.0;
    format      ascii;
    arch        "LSB;label=32;scalar=64";
    class       volScalarField;
    location    "16";
    object      k;
}
// * * * * * * * * * * * * * * * * * * * * * * * * * * * * * * * * * * * * * //

dimensions      [0 2 -2 0 0 0 0];

internalField   nonuniform List<scalar> 
400
(
0.000281125
0.00029808
0.000338744
0.000442128
0.000740675
0.00126245
0.001692
0.00190229
0.00198591
0.00200503
0.0019593
0.00188093
0.00181543
0.00175307
0.00165895
0.00152651
0.00128582
0.000995591
0.000667063
0.000410668
0.000452121
0.000504882
0.000763874
0.00131326
0.00157964
0.00167007
0.00169308
0.00169957
0.00160527
0.00156659
0.00156527
0.00169739
0.00182348
0.00200975
0.00213042
0.00217791
0.00204468
0.0017921
0.000850333
0.000438512
0.000647719
0.00111919
0.00145943
0.00160129
0.00156835
0.00150384
0.00129575
0.000987864
0.000829499
0.000776253
0.000755409
0.000794289
0.000938567
0.00116369
0.00152451
0.00188644
0.00206289
0.00208077
0.00148294
0.000523775
0.000914891
0.00156544
0.00166326
0.00154081
0.00136377
0.00098661
0.000620067
0.000451617
0.000353679
0.00030928
0.000292181
0.000302648
0.000377578
0.000506278
0.000781422
0.00128223
0.00186945
0.00214078
0.00212666
0.000753919
0.00115382
0.00174766
0.00163633
0.00133518
0.000909943
0.000493513
0.000299053
0.000206192
0.000153782
0.000131472
0.000123611
0.000129718
0.000163696
0.000227338
0.000367805
0.000667739
0.00133711
0.00211287
0.00240625
0.00151214
0.00134072
0.00186001
0.00151921
0.000991237
0.00051471
0.000264048
0.000153307
0.000103643
7.81186e-05
6.80283e-05
6.48727e-05
6.89651e-05
8.46239e-05
0.000116445
0.000188467
0.000358186
0.000765284
0.00174079
0.00253196
0.00246986
0.00146249
0.00183882
0.00131342
0.000693473
0.000313328
0.000155615
8.98155e-05
6.22058e-05
4.95318e-05
4.46535e-05
4.32321e-05
4.55747e-05
5.39545e-05
7.19178e-05
0.000113371
0.000215119
0.000486799
0.00116394
0.00258039
0.0031963
0.00156242
0.00178046
0.0011044
0.000493333
0.000210326
0.000103189
6.16936e-05
4.50588e-05
3.80019e-05
3.52057e-05
3.4385e-05
3.56709e-05
4.05332e-05
5.12679e-05
7.66757e-05
0.000140794
0.000325864
0.000904264
0.00228452
0.00367892
0.00164065
0.00166371
0.000968769
0.000394321
0.000162638
7.99841e-05
4.95164e-05
3.77145e-05
3.29406e-05
3.1062e-05
3.05314e-05
3.14722e-05
3.46031e-05
4.19809e-05
6.02136e-05
0.000107983
0.000239487
0.000686016
0.00213377
0.00402255
0.00170821
0.00158389
0.000867798
0.000339212
0.000135826
6.69998e-05
4.28999e-05
3.41072e-05
3.06339e-05
2.92588e-05
2.88969e-05
2.97541e-05
3.19712e-05
3.75089e-05
5.16968e-05
9.08058e-05
0.000196051
0.000554979
0.00192813
0.00426274
0.00178384
0.00149976
0.00086601
0.000344321
0.000137714
6.75327e-05
4.29639e-05
3.38302e-05
3.02088e-05
2.87264e-05
2.84443e-05
2.91874e-05
3.09409e-05
3.56929e-05
4.83912e-05
8.50505e-05
0.000181836
0.00049872
0.00182363
0.00445505
0.00181223
0.00150304
0.000890166
0.00037248
0.000151412
7.31733e-05
4.53147e-05
3.48992e-05
3.07697e-05
2.90544e-05
2.87811e-05
2.91854e-05
3.07522e-05
3.52903e-05
4.76991e-05
8.39523e-05
0.000178941
0.000478587
0.00175624
0.00461907
0.00178881
0.00152919
0.000958973
0.000441016
0.000185356
8.90063e-05
5.2653e-05
3.85217e-05
3.28503e-05
3.04061e-05
3.00998e-05
3.06732e-05
3.26628e-05
3.81482e-05
5.30577e-05
9.55982e-05
0.000200059
0.000492531
0.00173735
0.00478633
0.00170211
0.0015664
0.00107363
0.000557136
0.000260645
0.000124187
7.02097e-05
4.80453e-05
3.88001e-05
3.45374e-05
3.40573e-05
3.4993e-05
3.80669e-05
4.59709e-05
6.57003e-05
0.000118316
0.000234634
0.000550068
0.00185997
0.00497856
0.00149812
0.00154448
0.00130637
0.000747078
0.000380722
0.000197371
0.00011182
7.26167e-05
5.51865e-05
4.65832e-05
4.49439e-05
4.65147e-05
5.17731e-05
6.4534e-05
9.33304e-05
0.000165724
0.000297015
0.000627376
0.00203041
0.00525435
0.00113891
0.00148884
0.00139664
0.00109141
0.000626935
0.000351758
0.00021031
0.000137565
0.000101651
8.31346e-05
7.68579e-05
7.92732e-05
8.8321e-05
0.000109664
0.000152561
0.000253715
0.000394844
0.000766585
0.0023275
0.00563862
0.00069399
0.0013305
0.00139087
0.00129108
0.00103661
0.000720952
0.000485381
0.000329222
0.000244143
0.000200774
0.000177026
0.000178703
0.000190809
0.000221902
0.000279204
0.000402262
0.000565727
0.00102773
0.00281165
0.00619005
0.000609494
0.00115164
0.00143577
0.00144844
0.00135565
0.00113941
0.000905631
0.000723418
0.000586979
0.000503982
0.000450233
0.000435142
0.000447086
0.000484478
0.000564676
0.000725944
0.000956878
0.00161974
0.00359469
0.00698064
0.00118129
0.00157102
0.00190193
0.00202227
0.00202228
0.00195991
0.00181464
0.00165512
0.00152937
0.00143955
0.00140405
0.00141759
0.00146096
0.00157802
0.00177684
0.00212321
0.00245934
0.00329358
0.00468646
0.00817794
0.00540896
0.00850006
0.0099257
0.00987006
0.00960332
0.00922574
0.00892421
0.00869431
0.008547
0.0084678
0.00847996
0.00853155
0.00866352
0.00879587
0.00897616
0.00908462
0.00930366
0.0094282
0.0100306
0.00938416
)
;

boundaryField
{
    movingWall
    {
        type            kqRWallFunction;
        value           nonuniform List<scalar> 
20
(
0.00540896
0.00850006
0.0099257
0.00987006
0.00960332
0.00922574
0.00892421
0.00869431
0.008547
0.0084678
0.00847996
0.00853155
0.00866352
0.00879587
0.00897616
0.00908462
0.00930366
0.0094282
0.0100306
0.00938416
)
;
    }
    fixedWalls
    {
        type            kqRWallFunction;
        value           nonuniform List<scalar> 
60
(
0.000281125
0.000452121
0.000647719
0.000914891
0.00115382
0.00134072
0.00146249
0.00156242
0.00164065
0.00170821
0.00178384
0.00181223
0.00178881
0.00170211
0.00149812
0.00113891
0.00069399
0.000609494
0.00118129
0.00540896
0.000410668
0.000438512
0.000523775
0.000753919
0.00151214
0.00246986
0.0031963
0.00367892
0.00402255
0.00426274
0.00445505
0.00461907
0.00478633
0.00497856
0.00525435
0.00563862
0.00619005
0.00698064
0.00817794
0.00938416
0.000281125
0.00029808
0.000338744
0.000442128
0.000740675
0.00126245
0.001692
0.00190229
0.00198591
0.00200503
0.0019593
0.00188093
0.00181543
0.00175307
0.00165895
0.00152651
0.00128582
0.000995591
0.000667063
0.000410668
)
;
    }
    frontAndBack
    {
        type            empty;
    }
}


// ************************************************************************* //
