/*--------------------------------*- C++ -*----------------------------------*\
| =========                 |                                                 |
| \\      /  F ield         | OpenFOAM: The Open Source CFD Toolbox           |
|  \\    /   O peration     | Version:  2412                                  |
|   \\  /    A nd           | Website:  www.openfoam.com                      |
|    \\/     M anipulation  |                                                 |
\*---------------------------------------------------------------------------*/
FoamFile
{
    version     2.0;
    format      ascii;
    arch        "LSB;label=32;scalar=64";
    class       volScalarField;
    location    "16";
    object      p;
}
// * * * * * * * * * * * * * * * * * * * * * * * * * * * * * * * * * * * * * //

dimensions      [0 2 -2 0 0 0 0];

internalField   nonuniform List<scalar> 
400
(
6.71928e-08
-0.000257109
-0.000485971
-0.000648836
-0.000819065
-0.00125854
-0.00213784
-0.00351226
-0.00510391
-0.00641426
-0.00689477
-0.00591891
-0.00332508
0.000154753
0.00327364
0.0048263
0.00459165
0.00317525
0.00246034
0.0024876
-4.20009e-05
-0.000362588
-0.000418313
-0.00046398
-0.000727052
-0.00147566
-0.00303468
-0.00529919
-0.0076462
-0.00927783
-0.00956062
-0.00842346
-0.00595714
-0.00255258
0.00081026
0.00297449
0.00337571
0.00253927
0.00192117
0.00205932
0.000372128
-3.76646e-05
-0.000283785
-0.000754206
-0.00193499
-0.00402749
-0.00681091
-0.00973708
-0.0122376
-0.013851
-0.0142285
-0.0133105
-0.0110669
-0.0077451
-0.0039701
-0.000657074
0.00136573
0.00196145
0.00185509
0.00171786
0.0012302
0.000555158
-0.000344012
-0.00203398
-0.00480495
-0.00834406
-0.0120083
-0.0152746
-0.0178089
-0.0193774
-0.0198339
-0.019075
-0.0171561
-0.0141799
-0.0103974
-0.00623205
-0.00226153
0.000675332
0.00171768
0.00152199
0.00170813
0.00063255
-0.00122878
-0.00437457
-0.00857554
-0.0130605
-0.0171355
-0.0204361
-0.0227971
-0.0241429
-0.0244766
-0.0238455
-0.0222795
-0.019793
-0.0164537
-0.0123208
-0.00736198
-0.00214559
0.00100575
0.0011678
0.00110349
-0.000420614
-0.00320377
-0.00748776
-0.0125612
-0.0174139
-0.021462
-0.0245258
-0.0266163
-0.0277828
-0.0280659
-0.0275582
-0.0262275
-0.0240835
-0.0211643
-0.0174767
-0.0126907
-0.00644407
-0.000960954
0.000142594
-0.000780574
-0.0025998
-0.00597949
-0.0108862
-0.0162711
-0.0210812
-0.0248932
-0.0276994
-0.0296229
-0.0307374
-0.0310571
-0.0306312
-0.0294291
-0.0274572
-0.0247504
-0.0213889
-0.0171952
-0.0113258
-0.00462911
-0.00204026
-0.00342275
-0.00532117
-0.00893251
-0.014022
-0.0193621
-0.0239498
-0.0275057
-0.030132
-0.0319688
-0.033057
-0.0334007
-0.0330359
-0.0319484
-0.0301186
-0.0275413
-0.0243208
-0.0205847
-0.0156994
-0.00940224
-0.00535705
-0.00595394
-0.00781332
-0.0114312
-0.0164632
-0.0216232
-0.0259698
-0.0293187
-0.0318185
-0.0335844
-0.0346286
-0.0349651
-0.0346547
-0.0336782
-0.0320032
-0.0295827
-0.0264623
-0.0229886
-0.0189497
-0.01405
-0.00914259
-0.007661
-0.00950197
-0.0130452
-0.0179425
-0.0229433
-0.0271202
-0.0303379
-0.0327566
-0.0344705
-0.0354806
-0.0358107
-0.0355314
-0.0346232
-0.0330568
-0.0307828
-0.0277809
-0.0244957
-0.0209424
-0.0175409
-0.012515
-0.00815415
-0.0101695
-0.0136059
-0.0183521
-0.0232717
-0.0274002
-0.0305804
-0.0329729
-0.0346719
-0.0356765
-0.0360076
-0.0357321
-0.0348339
-0.0332893
-0.0310766
-0.0281538
-0.0250086
-0.0216637
-0.0194566
-0.0148459
-0.00761791
-0.00974257
-0.0131053
-0.0176983
-0.0225872
-0.0267932
-0.0300483
-0.0324901
-0.0342259
-0.0352605
-0.0356022
-0.0353099
-0.0343668
-0.0327581
-0.0304746
-0.0275207
-0.0243747
-0.0210801
-0.0196942
-0.0159006
-0.00654473
-0.00834299
-0.0116425
-0.0160605
-0.0208818
-0.0252152
-0.0286625
-0.0312598
-0.0330993
-0.0342004
-0.0345676
-0.0342448
-0.033208
-0.03144
-0.028952
-0.0257994
-0.0225016
-0.0192695
-0.0179994
-0.0154476
-0.00530991
-0.00648158
-0.00951716
-0.0136206
-0.0182307
-0.0226487
-0.0263639
-0.0292322
-0.03127
-0.0324936
-0.0329075
-0.0325379
-0.0313511
-0.0293244
-0.0265027
-0.0230022
-0.019423
-0.0160355
-0.0147344
-0.0128839
-0.00424903
-0.00474155
-0.00709563
-0.0106055
-0.0147902
-0.0191531
-0.0231192
-0.0263347
-0.0286718
-0.0300946
-0.0305874
-0.0301564
-0.0287686
-0.0264095
-0.023183
-0.0192829
-0.0154109
-0.0117612
-0.0102326
-0.00783739
-0.00351656
-0.00348106
-0.0047166
-0.00722142
-0.0107566
-0.0149098
-0.0190283
-0.0225789
-0.0252676
-0.0269559
-0.0275729
-0.0270933
-0.0255026
-0.0228144
-0.0192086
-0.014967
-0.010937
-0.00708905
-0.00535255
-0.00217045
-0.00315259
-0.00281428
-0.00271308
-0.00382465
-0.00651231
-0.0103339
-0.014496
-0.018312
-0.0213378
-0.0233184
-0.0241139
-0.0236601
-0.021939
-0.0190097
-0.0151107
-0.0105712
-0.00635897
-0.00222012
-0.00130456
0.000361631
-0.00232877
-0.00205652
-0.000751023
-0.000534531
-0.00239186
-0.00586634
-0.0100332
-0.01408
-0.0174328
-0.0197314
-0.0207723
-0.0204547
-0.018787
-0.0158007
-0.0117427
-0.00687474
-0.00203842
0.00326319
0.00274013
0.002565
-0.00367707
-0.00212254
0.000534781
0.00163348
0.000468893
-0.00259526
-0.00667015
-0.0108566
-0.0144641
-0.0170482
-0.0183582
-0.018283
-0.016836
-0.0140068
-0.00993209
-0.00479721
0.000869864
0.00821234
0.00946553
0.0244427
0.000355164
0.00306795
0.00416184
0.00385994
0.00217132
-0.000989335
-0.00510937
-0.0093723
-0.0130812
-0.0157782
-0.0172048
-0.0172483
-0.0158993
-0.0132426
-0.00945094
-0.00456999
0.000781681
0.00848276
0.0167856
0.0746711
)
;

boundaryField
{
    movingWall
    {
        type            zeroGradient;
    }
    fixedWalls
    {
        type            zeroGradient;
    }
    frontAndBack
    {
        type            empty;
    }
}


// ************************************************************************* //
