/*--------------------------------*- C++ -*----------------------------------*\
| =========                 |                                                 |
| \\      /  F ield         | OpenFOAM: The Open Source CFD Toolbox           |
|  \\    /   O peration     | Version:  2412                                  |
|   \\  /    A nd           | Website:  www.openfoam.com                      |
|    \\/     M anipulation  |                                                 |
\*---------------------------------------------------------------------------*/
FoamFile
{
    version     2.0;
    format      ascii;
    arch        "LSB;label=32;scalar=64";
    class       surfaceScalarField;
    location    "16";
    object      phi;
}
// * * * * * * * * * * * * * * * * * * * * * * * * * * * * * * * * * * * * * //

dimensions      [0 3 -1 0 0 0 0];

oriented        oriented;

internalField   nonuniform List<scalar> 
760
(
6.16527e-07
-6.16551e-07
8.24321e-07
-2.07795e-07
6.0266e-07
2.21661e-07
-2.67201e-08
6.29379e-07
-1.15798e-06
1.13126e-06
-2.76496e-06
1.60698e-06
-4.60397e-06
1.83901e-06
-6.35028e-06
1.7463e-06
-7.73133e-06
1.38105e-06
-8.55711e-06
8.25776e-07
-8.72937e-06
1.72267e-07
-8.28393e-06
-4.45441e-07
-7.27163e-06
-1.0123e-06
-5.73296e-06
-1.53867e-06
-3.7811e-06
-1.95186e-06
-1.68781e-06
-2.09329e-06
5.62732e-08
-1.74409e-06
9.90684e-07
-9.34411e-07
8.11994e-07
1.78689e-07
8.11993e-07
2.48651e-07
-8.65202e-07
-1.51591e-07
1.92446e-07
-1.20809e-06
1.27816e-06
-2.91261e-06
2.3339e-06
-5.00399e-06
3.22264e-06
-7.06548e-06
3.66847e-06
-8.76231e-06
3.53585e-06
-9.94684e-06
2.93083e-06
-1.06307e-05
2.06491e-06
-1.09095e-05
1.10463e-06
-1.08675e-05
1.30223e-07
-1.04752e-05
-8.37746e-07
-9.64134e-06
-1.84616e-06
-8.3345e-06
-2.84552e-06
-6.56882e-06
-3.71754e-06
-4.45446e-06
-4.20764e-06
-2.24983e-06
-3.94872e-06
-5.32636e-07
-2.65161e-06
2.05971e-07
-5.59919e-07
1.01796e-06
-5.22323e-07
-3.42879e-07
-1.6729e-06
1.34303e-06
-3.37448e-06
2.97974e-06
-5.40066e-06
4.36007e-06
-7.34653e-06
5.16852e-06
-8.8872e-06
5.20914e-06
-9.95879e-06
4.60743e-06
-1.06594e-05
3.63148e-06
-1.10969e-05
2.5024e-06
-1.13296e-05
1.33729e-06
-1.13372e-05
1.37801e-07
-1.11094e-05
-1.06552e-06
-1.06128e-05
-2.34281e-06
-9.78534e-06
-3.67293e-06
-8.53386e-06
-4.96902e-06
-6.76763e-06
-5.97387e-06
-4.51471e-06
-6.20164e-06
-2.14147e-06
-5.02484e-06
-4.38839e-07
-2.26255e-06
5.79125e-07
-1.22826e-06
8.85383e-07
-2.86939e-06
2.98416e-06
-4.75271e-06
4.86305e-06
-6.57656e-06
6.18392e-06
-8.02115e-06
6.61311e-06
-8.99561e-06
6.1836e-06
-9.58959e-06
5.20141e-06
-9.92885e-06
3.97074e-06
-1.01005e-05
2.67403e-06
-1.01484e-05
1.38526e-06
-1.01182e-05
1.07524e-07
-1.00068e-05
-1.17687e-06
-9.8276e-06
-2.52203e-06
-9.52631e-06
-3.97423e-06
-8.97419e-06
-5.52114e-06
-7.94484e-06
-7.00322e-06
-6.18328e-06
-7.96319e-06
-3.66674e-06
-7.54139e-06
-1.0918e-06
-4.8375e-06
-5.12673e-07
-1.63845e-06
2.52383e-06
-3.41982e-06
4.76552e-06
-5.1561e-06
6.59934e-06
-6.58603e-06
7.61384e-06
-7.54345e-06
7.57054e-06
-8.06881e-06
6.70896e-06
-8.28847e-06
5.42106e-06
-8.327e-06
4.00927e-06
-8.27715e-06
2.62418e-06
-8.1969e-06
1.305e-06
-8.12757e-06
3.82009e-08
-8.05828e-06
-1.24616e-06
-8.00311e-06
-2.5772e-06
-7.97282e-06
-4.00452e-06
-7.92182e-06
-5.57214e-06
-7.65368e-06
-7.27136e-06
-6.75257e-06
-8.86431e-06
-4.76122e-06
-9.53274e-06
-1.88774e-06
-7.71097e-06
-2.40042e-06
-1.69571e-06
4.21954e-06
-3.3587e-06
6.42851e-06
-4.80047e-06
8.04111e-06
-5.83978e-06
8.65315e-06
-6.4244e-06
8.15515e-06
-6.65032e-06
6.93488e-06
-6.66876e-06
5.4395e-06
-6.61301e-06
3.95352e-06
-6.5588e-06
2.56998e-06
-6.52047e-06
1.26667e-06
-6.4673e-06
-1.49627e-08
-6.3965e-06
-1.31697e-06
-6.30731e-06
-2.66639e-06
-6.23984e-06
-4.07199e-06
-6.25193e-06
-5.56005e-06
-6.329e-06
-7.19429e-06
-6.16958e-06
-9.02373e-06
-5.0607e-06
-1.06416e-05
-2.51956e-06
-1.02521e-05
-4.91998e-06
-1.49439e-06
5.71393e-06
-2.88166e-06
7.81579e-06
-3.98704e-06
9.14649e-06
-4.70392e-06
9.37004e-06
-5.04124e-06
8.49246e-06
-5.11965e-06
7.01329e-06
-5.09583e-06
5.41569e-06
-5.07786e-06
3.93554e-06
-5.09083e-06
2.58295e-06
-5.10774e-06
1.28358e-06
-5.09631e-06
-2.6393e-08
-5.05766e-06
-1.35561e-06
-4.98132e-06
-2.74273e-06
-4.8644e-06
-4.18891e-06
-4.7507e-06
-5.67375e-06
-4.74995e-06
-7.19503e-06
-4.87455e-06
-8.89913e-06
-4.55551e-06
-1.09607e-05
-2.73532e-06
-1.20723e-05
-7.65531e-06
-1.14698e-06
6.86091e-06
-2.17709e-06
8.8459e-06
-2.95298e-06
9.92237e-06
-3.4219e-06
9.83896e-06
-3.61368e-06
8.68424e-06
-3.64411e-06
7.04372e-06
-3.63921e-06
5.41079e-06
-3.65659e-06
3.95292e-06
-3.68274e-06
2.6091e-06
-3.6943e-06
1.29514e-06
-3.70399e-06
-1.67003e-08
-3.71286e-06
-1.34675e-06
-3.71243e-06
-2.74316e-06
-3.66506e-06
-4.23628e-06
-3.54188e-06
-5.79693e-06
-3.40124e-06
-7.33567e-06
-3.44135e-06
-8.85902e-06
-3.55325e-06
-1.08488e-05
-2.55999e-06
-1.30655e-05
-1.02153e-05
-7.2308e-07
7.58399e-06
-1.37415e-06
9.49697e-06
-1.84428e-06
1.03925e-05
-2.12057e-06
1.01152e-05
-2.2312e-06
8.79487e-06
-2.25623e-06
7.06875e-06
-2.27168e-06
5.42624e-06
-2.29636e-06
3.9776e-06
-2.31094e-06
2.62368e-06
-2.31278e-06
1.29697e-06
-2.32844e-06
-1.04047e-09
-2.36798e-06
-1.3072e-06
-2.42247e-06
-2.68868e-06
-2.46134e-06
-4.1974e-06
-2.43096e-06
-5.82731e-06
-2.3006e-06
-7.46603e-06
-2.21043e-06
-8.94918e-06
-2.41361e-06
-1.06456e-05
-2.13564e-06
-1.33435e-05
-1.23509e-05
-2.58875e-07
7.84286e-06
-5.43041e-07
9.78114e-06
-7.31721e-07
1.05812e-05
-8.4564e-07
1.02292e-05
-9.06318e-07
8.85554e-06
-9.36261e-07
7.0987e-06
-9.61841e-07
5.45182e-06
-9.84916e-07
4.00067e-06
-9.99928e-07
2.63869e-06
-1.01621e-06
1.31325e-06
-1.04962e-06
3.23758e-08
-1.10786e-06
-1.24896e-06
-1.18663e-06
-2.60991e-06
-1.27202e-06
-4.11201e-06
-1.32885e-06
-5.77049e-06
-1.30616e-06
-7.48872e-06
-1.22603e-06
-9.02932e-06
-1.37909e-06
-1.04925e-05
-1.6109e-06
-1.31117e-05
-1.39618e-05
2.57304e-07
7.58556e-06
2.7699e-07
9.76145e-06
3.51424e-07
1.05068e-05
3.96156e-07
1.01844e-05
3.84973e-07
8.86673e-06
3.50256e-07
7.13341e-06
3.19605e-07
5.48247e-06
2.99176e-07
4.0211e-06
2.75492e-07
2.66238e-06
2.33904e-07
1.35484e-06
1.74357e-07
9.19235e-08
9.82482e-08
-1.17285e-06
4.6264e-10
-2.51212e-06
-1.17943e-07
-3.9936e-06
-2.37333e-07
-5.6511e-06
-3.39218e-07
-7.38684e-06
-3.99064e-07
-8.96947e-06
-5.50417e-07
-1.03412e-05
-1.08573e-06
-1.25764e-05
-1.50476e-05
7.90619e-07
6.79494e-06
1.08929e-06
9.46279e-06
1.39622e-06
1.01998e-05
1.61096e-06
9.9697e-06
1.67379e-06
8.8039e-06
1.64753e-06
7.15967e-06
1.61154e-06
5.51845e-06
1.58888e-06
4.04377e-06
1.55866e-06
2.6926e-06
1.50198e-06
1.41152e-06
1.42161e-06
1.7229e-07
1.31966e-06
-1.0709e-06
1.19196e-06
-2.38443e-06
1.03672e-06
-3.83836e-06
8.45342e-07
-5.45972e-06
6.18453e-07
-7.15995e-06
3.54663e-07
-8.70568e-06
3.86191e-08
-1.00251e-05
-6.0218e-07
-1.19356e-05
-1.56498e-05
1.22682e-06
5.56812e-06
1.87265e-06
8.81696e-06
2.38209e-06
9.69038e-06
2.77837e-06
9.57341e-06
2.96971e-06
8.61256e-06
2.99733e-06
7.13205e-06
2.96794e-06
5.54785e-06
2.93789e-06
4.07381e-06
2.90075e-06
2.72974e-06
2.83737e-06
1.4749e-06
2.74344e-06
2.66216e-07
2.61748e-06
-9.4494e-07
2.45621e-06
-2.22316e-06
2.24678e-06
-3.62893e-06
1.9619e-06
-5.17484e-06
1.57714e-06
-6.77519e-06
1.08603e-06
-8.21456e-06
5.67794e-07
-9.50689e-06
-1.66985e-07
-1.12008e-05
-1.58167e-05
1.48954e-06
4.07858e-06
2.53627e-06
7.77022e-06
3.27024e-06
8.95642e-06
3.85919e-06
8.98446e-06
4.23775e-06
8.23401e-06
4.40019e-06
6.9696e-06
4.43322e-06
5.51482e-06
4.41623e-06
4.0908e-06
4.37502e-06
2.77096e-06
4.30498e-06
1.54494e-06
4.19911e-06
3.72086e-07
4.05121e-06
-7.97039e-07
3.84773e-06
-2.01968e-06
3.56059e-06
-3.34179e-06
3.14479e-06
-4.75904e-06
2.56087e-06
-6.19127e-06
1.81248e-06
-7.46617e-06
9.9604e-07
-8.69045e-06
1.08259e-07
-1.0313e-05
-1.57085e-05
1.52606e-06
2.55252e-06
2.94225e-06
6.35403e-06
3.9523e-06
7.94636e-06
4.76447e-06
8.17228e-06
5.38386e-06
7.61462e-06
5.77367e-06
6.57979e-06
5.97078e-06
5.31772e-06
6.04429e-06
4.01729e-06
6.04193e-06
2.77332e-06
5.98173e-06
1.60514e-06
5.86395e-06
4.8986e-07
5.67903e-06
-6.12117e-07
5.4028e-06
-1.74344e-06
4.99316e-06
-2.93214e-06
4.39609e-06
-4.16198e-06
3.5747e-06
-5.36987e-06
2.54858e-06
-6.44005e-06
1.43709e-06
-7.57897e-06
2.6892e-07
-9.14485e-06
-1.54396e-05
1.29281e-06
1.25971e-06
2.92709e-06
4.71975e-06
4.26418e-06
6.60927e-06
5.3647e-06
7.07177e-06
6.27063e-06
6.70869e-06
6.95477e-06
5.89565e-06
7.41417e-06
4.85831e-06
7.68366e-06
3.7478e-06
7.80467e-06
2.6523e-06
7.80455e-06
1.60526e-06
7.68944e-06
6.04977e-07
7.44945e-06
-3.72134e-07
7.06054e-06
-1.35453e-06
6.47491e-06
-2.34651e-06
5.64723e-06
-3.3343e-06
4.5662e-06
-4.28884e-06
3.28942e-06
-5.16327e-06
1.93223e-06
-6.22177e-06
4.70769e-07
-7.68339e-06
-1.49688e-05
8.19127e-07
4.40587e-07
2.3622e-06
3.17668e-06
3.98952e-06
4.98195e-06
5.46463e-06
5.59665e-06
6.72231e-06
5.45102e-06
7.74021e-06
4.87775e-06
8.51019e-06
4.08833e-06
9.042e-06
3.21599e-06
9.35635e-06
2.33795e-06
9.4723e-06
1.48931e-06
9.39763e-06
6.79645e-07
9.11613e-06
-9.06336e-08
8.61114e-06
-8.49539e-07
7.84091e-06
-1.57628e-06
6.78254e-06
-2.27593e-06
5.45456e-06
-2.96086e-06
3.96369e-06
-3.6724e-06
2.41474e-06
-4.67283e-06
8.07965e-07
-6.07661e-06
-1.41608e-05
2.63967e-07
1.76621e-07
1.32637e-06
2.11428e-06
3.0599e-06
3.24842e-06
4.89586e-06
3.7607e-06
6.55463e-06
3.79224e-06
7.94803e-06
3.48435e-06
9.05045e-06
2.98592e-06
9.86034e-06
2.40611e-06
1.03893e-05
1.80903e-06
1.06501e-05
1.22847e-06
1.06504e-05
6.79352e-07
1.03892e-05
1.7055e-07
9.83597e-06
-2.96286e-07
8.98284e-06
-7.23145e-07
7.82897e-06
-1.12206e-06
6.37737e-06
-1.50927e-06
4.67959e-06
-1.97461e-06
2.77951e-06
-2.77275e-06
1.1036e-06
-4.40071e-06
-1.30572e-05
-1.33096e-06
1.50758e-06
-5.33949e-07
1.31727e-06
1.3846e-06
1.32987e-06
3.54911e-06
1.59619e-06
5.58459e-06
1.75676e-06
7.35668e-06
1.71227e-06
8.80479e-06
1.53781e-06
9.91508e-06
1.29581e-06
1.06973e-05
1.02686e-06
1.11692e-05
7.56539e-07
1.13494e-05
4.99122e-07
1.12564e-05
2.63561e-07
1.09104e-05
4.97364e-08
1.03111e-05
-1.23868e-07
9.43264e-06
-2.43604e-07
8.24404e-06
-3.20669e-07
6.63411e-06
-3.64678e-07
4.32332e-06
-4.6196e-07
1.74501e-06
-1.82239e-06
-1.13122e-05
1.50758e-06
2.82485e-06
4.15472e-06
5.75091e-06
7.50767e-06
9.21994e-06
1.07577e-05
1.20536e-05
1.30804e-05
1.3837e-05
1.43361e-05
1.45996e-05
1.46494e-05
1.45255e-05
1.42819e-05
1.39612e-05
1.35966e-05
1.31346e-05
1.13122e-05
)
;

boundaryField
{
    movingWall
    {
        type            calculated;
        value           uniform 0;
    }
    fixedWalls
    {
        type            calculated;
        value           uniform 0;
    }
    frontAndBack
    {
        type            empty;
    }
}


// ************************************************************************* //
