/*--------------------------------*- C++ -*----------------------------------*\
| =========                 |                                                 |
| \\      /  F ield         | OpenFOAM: The Open Source CFD Toolbox           |
|  \\    /   O peration     | Version:  2412                                  |
|   \\  /    A nd           | Website:  www.openfoam.com                      |
|    \\/     M anipulation  |                                                 |
\*---------------------------------------------------------------------------*/
FoamFile
{
    version     2.0;
    format      ascii;
    arch        "LSB;label=32;scalar=64";
    class       volScalarField;
    location    "8.5";
    object      epsilon;
}
// * * * * * * * * * * * * * * * * * * * * * * * * * * * * * * * * * * * * * //

dimensions      [0 2 -3 0 0 0 0];

internalField   nonuniform List<scalar> 
1600
(
0.000649827
0.000820515
0.00112575
0.00143887
0.00164415
0.00175904
0.00192665
0.0021728
0.002466
0.00292291
0.00417551
0.00865674
0.0168226
0.0287441
0.0424788
0.0559056
0.0674424
0.0759855
0.0805596
0.0824249
0.082691
0.0800103
0.0760345
0.0706908
0.0651428
0.059127
0.0531938
0.0473648
0.0417132
0.0358874
0.0300067
0.0238658
0.0188504
0.0163938
0.0146611
0.0132701
0.0114655
0.0084238
0.00450548
0.00194874
0.00146306
0.00083919
0.000609652
0.000555407
0.000595488
0.000776052
0.0012708
0.00226817
0.00379975
0.00639026
0.0108347
0.0162063
0.0210116
0.0259573
0.0286504
0.0294332
0.0291074
0.0269636
0.0244497
0.0218487
0.0196736
0.0183403
0.0178293
0.0177762
0.0181109
0.0186645
0.0194744
0.0203488
0.0209578
0.0211799
0.0206678
0.0190534
0.0162964
0.0128634
0.00925749
0.00634434
0.00489472
0.00391583
0.00257075
0.00233947
0.00302338
0.00139724
0.000833692
0.000694365
0.000855103
0.00150908
0.0029612
0.0054832
0.00904355
0.0124923
0.0146478
0.0163216
0.0172207
0.0163195
0.0141144
0.0127868
0.0108836
0.00947602
0.00830978
0.00764499
0.00733405
0.00724739
0.0074564
0.00796781
0.00879425
0.00999158
0.0115946
0.0135932
0.0157691
0.0177747
0.0189009
0.019249
0.0181228
0.0155257
0.0110414
0.00664847
0.00369455
0.00232645
0.00170601
0.00296592
0.00463367
0.00188939
0.00124036
0.00128556
0.00198902
0.00376826
0.00667864
0.00984905
0.0118914
0.0128063
0.0131569
0.0123798
0.00959659
0.00821048
0.00638814
0.00536662
0.00426779
0.00372165
0.00325844
0.00304208
0.00294263
0.00291701
0.00302517
0.0032466
0.00360339
0.00416119
0.00501278
0.00633335
0.00842099
0.011411
0.014815
0.017548
0.0187474
0.0188645
0.0158759
0.0100519
0.00476916
0.00217449
0.00145894
0.00357162
0.00571398
0.00233852
0.0019884
0.00255656
0.00418978
0.00693848
0.00972101
0.0110107
0.0113738
0.0109822
0.00880865
0.00655641
0.00489553
0.00383144
0.00286191
0.00238233
0.00195483
0.00175721
0.00161189
0.00154714
0.00152051
0.00151663
0.00157725
0.00166692
0.00182549
0.00206799
0.00244954
0.003053
0.00403596
0.0056895
0.00859756
0.0131566
0.0177871
0.0200697
0.0206816
0.0171813
0.00909519
0.00335423
0.00167596
0.00392131
0.00633569
0.00310473
0.0032343
0.004445
0.00673671
0.00913389
0.0101592
0.0103563
0.00933262
0.00683589
0.00475097
0.00339217
0.00248983
0.00193081
0.00154762
0.00136229
0.00121766
0.00115061
0.00109693
0.00107177
0.00106044
0.00105855
0.0010853
0.00113086
0.00121513
0.00134613
0.0015534
0.00186976
0.00236978
0.00319024
0.00461208
0.00723408
0.0123396
0.0189931
0.0222714
0.0231243
0.0177085
0.00737255
0.00272345
0.00421023
0.00679991
0.00426159
0.00487164
0.0064793
0.00851879
0.00943401
0.00957217
0.0083372
0.00571786
0.00380738
0.0025799
0.0018797
0.00144427
0.00120374
0.00104529
0.00095989
0.000878541
0.000835452
0.000792254
0.000771891
0.000763072
0.000762237
0.000787152
0.000826103
0.000893516
0.000991133
0.00113675
0.00135022
0.00166862
0.0021584
0.00296944
0.00439259
0.00712582
0.012774
0.0211928
0.0250567
0.0255729
0.0153846
0.00551797
0.00483776
0.00744604
0.00565632
0.00659361
0.00812399
0.00894344
0.00903441
0.00791377
0.00533921
0.0032757
0.00219683
0.00153509
0.00120643
0.000989486
0.000869956
0.000768638
0.00070142
0.000637406
0.000599132
0.000565619
0.000549767
0.000543048
0.000542383
0.000559755
0.000587234
0.000634365
0.000704532
0.000811601
0.000976074
0.00123203
0.00161719
0.00218969
0.00309457
0.00469734
0.00791609
0.0148882
0.0249096
0.0289336
0.0256011
0.0102765
0.00581218
0.00904072
0.00719091
0.00815287
0.00877151
0.00877987
0.00789098
0.00546947
0.00314545
0.00198244
0.00138967
0.00104749
0.000878426
0.000740848
0.000655776
0.000573776
0.000521655
0.000475216
0.000448834
0.000429166
0.000420495
0.000417637
0.000421261
0.0004359
0.000457247
0.000489973
0.000535616
0.000601656
0.0006988
0.000851287
0.0011163
0.00158146
0.00233397
0.0035136
0.00556716
0.00981367
0.0193295
0.0299125
0.0328716
0.0192794
0.00765213
0.0123355
0.00868844
0.00899729
0.00894201
0.00814115
0.00597717
0.00343148
0.00197997
0.00131356
0.000984988
0.000792433
0.000679022
0.000571725
0.000504813
0.000442438
0.00040626
0.000374437
0.000357265
0.000345433
0.000340542
0.000339427
0.000345716
0.000359061
0.000379353
0.000408557
0.000447832
0.000500027
0.000569984
0.000668797
0.000823101
0.00109195
0.00161048
0.00259817
0.00428324
0.00731021
0.0136747
0.0280907
0.0365636
0.0317021
0.00930739
0.0163003
0.00992912
0.00959272
0.00869276
0.00683621
0.00421015
0.00222467
0.00135205
0.000957588
0.000763066
0.000632011
0.000537571
0.000453117
0.000402256
0.000356769
0.000330623
0.000307069
0.000293638
0.000283792
0.000279457
0.000278289
0.000282929
0.000294106
0.000311619
0.000337497
0.000372994
0.000420619
0.000483479
0.000566967
0.000682295
0.00085825
0.00116967
0.00180188
0.0031248
0.0056627
0.0106396
0.0215464
0.0384696
0.0431097
0.0163381
0.0205163
0.0107561
0.00961689
0.00807617
0.00545105
0.00283978
0.00154874
0.00100133
0.00075366
0.000623354
0.000516187
0.000436018
0.000371822
0.000332567
0.000297924
0.000276313
0.000256561
0.000243874
0.000234
0.000229296
0.000227707
0.000230283
0.000239697
0.000254635
0.000277288
0.000308642
0.000350861
0.000406641
0.000480377
0.000580044
0.000722665
0.000950218
0.00137247
0.00226566
0.004224
0.00835318
0.0174857
0.0386761
0.0526163
0.0334029
0.0248493
0.0113221
0.00944066
0.00714055
0.00418375
0.00203812
0.00115657
0.000793932
0.000626949
0.000523768
0.000430455
0.000364726
0.000315314
0.000282832
0.000254168
0.000234197
0.000216119
0.000203316
0.000193184
0.000188087
0.000186155
0.000187226
0.000195205
0.000208235
0.000228461
0.000256944
0.000295596
0.000346593
0.000412843
0.000499079
0.000615522
0.000788764
0.0010934
0.0017353
0.00321848
0.00661133
0.0143674
0.0338884
0.0624887
0.0605444
0.0291146
0.011629
0.00901957
0.00622053
0.00316926
0.00154664
0.000919305
0.000663302
0.000540518
0.000449239
0.000368088
0.000314496
0.000274224
0.000245329
0.000219812
0.000200397
0.000183194
0.000170269
0.000160221
0.000154754
0.000152591
0.000152601
0.000159039
0.000170225
0.000187913
0.000213442
0.000248812
0.000296457
0.000359322
0.00044116
0.000548055
0.000694038
0.000920342
0.00136013
0.00242485
0.00513943
0.0117262
0.0282782
0.0694419
0.0932107
0.0335863
0.0117919
0.00842773
0.00535151
0.0024959
0.00123787
0.000769454
0.000576144
0.000478215
0.000393312
0.000323199
0.000278087
0.000243049
0.000216085
0.000192322
0.000173243
0.000156726
0.000143965
0.000134225
0.000128534
0.000126118
0.00012583
0.000130741
0.000140263
0.000155528
0.000178016
0.000209732
0.000253217
0.000311504
0.000388204
0.000488375
0.000622268
0.00081797
0.00116327
0.00195457
0.00413994
0.0101381
0.0260761
0.071016
0.12667
0.0382714
0.0118907
0.00781218
0.0046166
0.00205368
0.00103698
0.000670726
0.000517491
0.000431793
0.00035198
0.000290789
0.000250926
0.000218888
0.000193091
0.000170463
0.000151797
0.000135967
0.000123607
0.000114303
0.000108624
0.000106122
0.000105675
0.000109401
0.000117435
0.000130558
0.000150273
0.000178661
0.000218472
0.000273055
0.000346136
0.000441764
0.000565912
0.000734683
0.00100534
0.00158224
0.00319075
0.00818064
0.0232582
0.0711012
0.158053
0.042881
0.0119894
0.00726126
0.0040595
0.00176628
0.000907485
0.00060589
0.000477505
0.00039751
0.000322038
0.000267138
0.000230336
0.000200159
0.00017521
0.000153462
0.000135322
0.000120193
0.000108364
9.95505e-05
9.40097e-05
9.15045e-05
9.0967e-05
9.38055e-05
0.000100535
0.000111767
0.000128905
0.000154002
0.000189907
0.000240297
0.000309522
0.000402318
0.000524306
0.000686647
0.000927352
0.00139961
0.00271011
0.00696105
0.0208509
0.0700867
0.186274
0.0472492
0.0121239
0.00678351
0.00364131
0.00156864
0.000819131
0.000562027
0.000449658
0.000372358
0.000300677
0.000250024
0.000214983
0.000186005
0.000161715
0.000140705
0.00012314
0.000108685
9.74076e-05
8.90617e-05
8.36844e-05
8.11926e-05
8.06032e-05
8.2808e-05
8.84759e-05
9.81641e-05
0.000113148
0.000135412
0.000167809
0.000214188
0.000279271
0.00036815
0.000485931
0.000639894
0.000853976
0.00123197
0.00222841
0.00578401
0.0186278
0.0679663
0.210293
0.0512451
0.0123592
0.00646255
0.00337816
0.00145763
0.000768306
0.000535389
0.000431906
0.000355572
0.000286524
0.000237962
0.000203702
0.000175583
0.000151924
0.000131605
0.000114626
0.000100774
8.99932e-05
8.20451e-05
7.67967e-05
7.42817e-05
7.36437e-05
7.53926e-05
8.02214e-05
8.86709e-05
0.000101881
0.000121726
0.000150997
0.000193637
0.000254834
0.00034057
0.000457
0.000610873
0.000817965
0.00115232
0.00199119
0.00500923
0.0167178
0.0657612
0.230503
0.0548435
0.0126668
0.00620918
0.00319707
0.00137905
0.000731316
0.000518201
0.000420459
0.000344554
0.000277354
0.000230163
0.000196451
0.000168902
0.000145646
0.000125798
0.000109269
9.58835e-05
8.55022e-05
7.7867e-05
7.27314e-05
7.01333e-05
6.94512e-05
7.09439e-05
7.51211e-05
8.25383e-05
9.43153e-05
0.000112226
0.000138886
0.000178177
0.000235492
0.000317293
0.000430501
0.000581793
0.000782145
0.00108095
0.00176116
0.00436334
0.0151802
0.0628723
0.246943
0.0574745
0.0133836
0.0062071
0.00315892
0.00138136
0.000723903
0.000512456
0.00041648
0.000340438
0.000274082
0.000226243
0.000191874
0.000164526
0.000141783
0.000122568
0.000106594
9.36685e-05
8.36076e-05
7.61618e-05
7.10928e-05
6.83155e-05
6.7602e-05
6.89889e-05
7.27375e-05
7.95191e-05
9.02677e-05
0.000106572
0.000130928
0.000167295
0.000221271
0.000299658
0.000410635
0.000562099
0.000763841
0.0010469
0.0016462
0.00390033
0.0139953
0.0604564
0.260218
0.0584323
0.0146092
0.00630545
0.00319322
0.00141035
0.000732516
0.000514914
0.000417892
0.000341697
0.000275297
0.000226862
0.000192005
0.00016453
0.000141828
0.000122728
0.000106864
9.40223e-05
8.40025e-05
7.65532e-05
7.14287e-05
6.84651e-05
6.75642e-05
6.86708e-05
7.20578e-05
7.84826e-05
8.86783e-05
0.000104034
0.00012704
0.000161238
0.000211905
0.000286466
0.000394346
0.000544188
0.000747387
0.00102332
0.00154453
0.00353224
0.0131151
0.0584292
0.270842
0.0578764
0.0160503
0.00656734
0.00329646
0.00148042
0.000757441
0.000522858
0.000422439
0.00034592
0.000279274
0.000229632
0.000193752
0.000165892
0.000143145
0.00012416
0.000108428
9.56887e-05
8.57192e-05
7.82729e-05
7.31137e-05
7.00857e-05
6.92241e-05
7.01371e-05
7.30641e-05
7.89631e-05
8.85631e-05
0.000103402
0.000125717
0.000158756
0.000207447
0.000279361
0.00038398
0.000532439
0.000739545
0.00101383
0.00149537
0.00324788
0.0124008
0.0575179
0.279846
0.0559616
0.0175331
0.00709153
0.00351582
0.00162
0.000809275
0.00053928
0.000431816
0.000355103
0.000287999
0.000236106
0.000198223
0.000169463
0.000146473
0.000127565
0.000111979
9.93485e-05
8.94135e-05
8.19338e-05
7.6691e-05
7.35428e-05
7.26385e-05
7.3481e-05
7.62256e-05
8.19298e-05
9.12847e-05
0.000105526
0.000126774
0.000158477
0.000206082
0.000276511
0.000378991
0.000526125
0.000736501
0.0010114
0.00147208
0.00304427
0.0118441
0.0571777
0.287589
0.0518756
0.0188372
0.00781926
0.0038726
0.0018305
0.000902731
0.000572618
0.000447295
0.000367613
0.000299786
0.000245991
0.000206098
0.000176102
0.000152541
0.000133425
0.000117771
0.00010509
9.50792e-05
8.74941e-05
8.21308e-05
7.88337e-05
7.7903e-05
7.8739e-05
8.14404e-05
8.71237e-05
9.65131e-05
0.000110766
0.000131936
0.00016308
0.000208908
0.0002764
0.000377568
0.00052388
0.000736403
0.00101938
0.00146552
0.00289993
0.0113558
0.0572547
0.29459
0.0455411
0.0194388
0.00867697
0.00437605
0.00212822
0.00103921
0.000621684
0.000470022
0.000386704
0.000318066
0.000261588
0.000218536
0.000186246
0.000161383
0.000141626
0.000125669
0.000112822
0.000102683
9.49786e-05
8.95166e-05
8.60962e-05
8.522e-05
8.61114e-05
8.89017e-05
9.47688e-05
0.000104436
0.000118987
0.000140393
0.000171545
0.000217182
0.000283886
0.00038272
0.000526718
0.000746261
0.00103848
0.00147354
0.0028316
0.0109962
0.0579631
0.301009
0.037563
0.0191989
0.00952803
0.00502213
0.00255156
0.00126019
0.000710808
0.000503159
0.00040656
0.000336826
0.000279246
0.000233921
0.000199444
0.000173059
0.000152397
0.000135934
0.000122793
0.000112468
0.000104636
9.91212e-05
9.56242e-05
9.49495e-05
9.59727e-05
9.9006e-05
0.000105318
0.000115562
0.000130784
0.000152914
0.000184603
0.000230436
0.000296307
0.000394628
0.000538038
0.000762718
0.00106742
0.00149978
0.0027747
0.0107616
0.0589664
0.307087
0.0286847
0.018252
0.0102907
0.00576362
0.00307447
0.00155931
0.00084828
0.000563297
0.000440198
0.000364181
0.000303668
0.000254943
0.000217233
0.000188458
0.000166294
0.000148976
0.000135373
0.000124812
0.000116864
0.000111389
0.000107898
0.000107655
0.000108919
0.000112407
0.000119512
0.000130691
0.000146989
0.000170317
0.000203028
0.000249752
0.000315657
0.000414177
0.000556923
0.000789442
0.00110874
0.00153976
0.00275066
0.0106533
0.0601724
0.312942
0.019778
0.0161296
0.0107393
0.0066205
0.00378601
0.00201161
0.00107199
0.000654206
0.000481158
0.000392327
0.00032982
0.000279562
0.000239525
0.000208431
0.000184462
0.000165923
0.000151573
0.000140629
0.000132507
0.000127127
0.000123887
0.000124113
0.000125886
0.000130212
0.000138494
0.000151028
0.000168827
0.000193825
0.000227971
0.000276127
0.000342438
0.00044222
0.000585634
0.000827453
0.00116327
0.0015952
0.00274269
0.010611
0.0616635
0.31874
0.0121207
0.0128312
0.0107013
0.00723621
0.00449575
0.00257696
0.00142022
0.000832166
0.000564475
0.000437635
0.000363424
0.000309186
0.00026638
0.000232792
0.000206883
0.000187066
0.000171978
0.000160728
0.000152625
0.00014739
0.000145016
0.000145713
0.000148332
0.000154096
0.000163903
0.000178243
0.000197914
0.000224963
0.000260766
0.000310751
0.000377831
0.000480057
0.0006253
0.000879349
0.00123254
0.00166588
0.00275716
0.0105998
0.0633053
0.324616
0.00655487
0.00970554
0.00999819
0.00815292
0.00537703
0.00328529
0.00189807
0.00109965
0.000699151
0.00050907
0.000408334
0.000345457
0.000299671
0.000264119
0.000236334
0.000214982
0.000198921
0.000187144
0.000179289
0.000174135
0.000173286
0.000174642
0.000178428
0.000186166
0.000197846
0.000214288
0.000235955
0.000265166
0.000302503
0.000354496
0.000422535
0.00052855
0.00067767
0.000947523
0.0013173
0.00175087
0.00280226
0.0106646
0.0651008
0.330751
0.00327252
0.0066046
0.00877662
0.00808595
0.00618177
0.00411831
0.00256865
0.00155016
0.00095511
0.000642726
0.000484672
0.000394309
0.000337446
0.000298217
0.000269688
0.000248322
0.000232625
0.000221203
0.000214041
0.000209931
0.000210395
0.000212814
0.000218342
0.000228132
0.000241721
0.000260202
0.000283561
0.00031467
0.000353061
0.000407188
0.000476513
0.000588448
0.00074491
0.00103432
0.0014169
0.00184968
0.00288447
0.0108335
0.0669642
0.337289
0.00188045
0.00409732
0.00730731
0.00765635
0.00675708
0.0049306
0.00333684
0.00216403
0.00138661
0.000909346
0.000640704
0.000492172
0.000403959
0.000347627
0.000310116
0.000285264
0.000268815
0.000258854
0.000252591
0.000252009
0.000253632
0.000257873
0.000266092
0.00027805
0.000293458
0.000313806
0.000338373
0.000371115
0.00041029
0.000467511
0.000540042
0.000662553
0.00083124
0.00114217
0.00153074
0.00196811
0.00303208
0.0111883
0.0690376
0.344377
0.00173158
0.00260194
0.00544205
0.00679538
0.00659026
0.00568751
0.00422989
0.00297102
0.00202699
0.00137673
0.000946627
0.000695172
0.000543741
0.000449299
0.000388485
0.000348923
0.000323059
0.000308129
0.000298868
0.000298931
0.000301256
0.00030706
0.000317206
0.000331328
0.000348439
0.00037085
0.000396703
0.000432222
0.000474099
0.000538565
0.000619633
0.000760264
0.000946179
0.00128143
0.00167159
0.00213947
0.00332418
0.0119063
0.0713128
0.352373
0.00179964
0.00177661
0.00364036
0.00549664
0.00612452
0.00581116
0.00502447
0.00394883
0.0029559
0.0021577
0.00156006
0.00112832
0.000855514
0.00068029
0.00056563
0.000490007
0.000439656
0.000407722
0.000388398
0.00037733
0.000376839
0.000379509
0.000386353
0.000399853
0.0004171
0.000441878
0.000470784
0.000513368
0.000563876
0.000644507
0.000744226
0.000915725
0.00112969
0.0015035
0.00191142
0.00248275
0.00396863
0.0134458
0.0753231
0.362381
0.00192
0.00137203
0.00248703
0.00409258
0.00519879
0.00565838
0.00543274
0.00486506
0.00407857
0.00329143
0.00259838
0.00202157
0.00155005
0.00122804
0.001005
0.000849412
0.000740676
0.000664639
0.00061382
0.000579503
0.00055987
0.000551796
0.000553836
0.000561161
0.000576014
0.000604863
0.000642724
0.000703703
0.000779042
0.000897219
0.00104348
0.00127622
0.0015585
0.00201873
0.00251345
0.00337019
0.00566636
0.0173388
0.0841496
0.377064
0.00279106
0.00180582
0.00254068
0.00376991
0.0050223
0.00583857
0.00605994
0.00588798
0.00542262
0.00478072
0.00411851
0.00350563
0.00296126
0.00249376
0.00212256
0.00183728
0.00162321
0.00146396
0.00135081
0.00127021
0.0012219
0.00119179
0.00119284
0.00120421
0.00123449
0.00127661
0.00135303
0.00147845
0.00163086
0.00185671
0.0021257
0.00251444
0.00298158
0.00368773
0.00459524
0.00642105
0.0108274
0.0274604
0.102966
0.400272
0.00519212
0.00460942
0.00620799
0.007482
0.00862584
0.00948918
0.00995472
0.00996032
0.00971606
0.00919176
0.0085541
0.00789735
0.00728222
0.00672343
0.00624647
0.00586682
0.00557644
0.00537063
0.00524044
0.00516795
0.00517102
0.00520162
0.00527213
0.00540788
0.00557273
0.00579649
0.00606643
0.0063587
0.00676526
0.00741984
0.00817761
0.00931009
0.0106486
0.0126939
0.0154639
0.0201995
0.0293994
0.0558087
0.142306
0.435185
0.0188405
0.0417887
0.0585572
0.0658309
0.068139
0.0678327
0.06635
0.0639275
0.0610917
0.0584329
0.0561176
0.0541301
0.0524748
0.0511606
0.0501298
0.0493997
0.0488986
0.0486314
0.0486157
0.0487295
0.049013
0.0495136
0.050141
0.0510025
0.0519843
0.0532584
0.0546536
0.0564495
0.0584187
0.0605893
0.0633634
0.0677071
0.0727467
0.0797412
0.087642
0.0997582
0.114885
0.152354
0.242666
0.496576
0.28617
0.55356
0.734755
0.811866
0.839699
0.838184
0.827202
0.80311
0.773021
0.742407
0.713498
0.687247
0.663857
0.64324
0.625105
0.609184
0.595169
0.582835
0.571954
0.562385
0.553957
0.546622
0.540229
0.534827
0.530224
0.526608
0.523652
0.521818
0.520435
0.520443
0.520656
0.521185
0.522283
0.523995
0.527555
0.531716
0.54115
0.551571
0.604418
0.579175
)
;

boundaryField
{
    movingWall
    {
        type            epsilonWallFunction;
        blending        stepwise;
        value           nonuniform List<scalar> 
40
(
0.28617
0.55356
0.734755
0.811866
0.839699
0.838184
0.827202
0.80311
0.773021
0.742407
0.713498
0.687247
0.663857
0.64324
0.625105
0.609184
0.595169
0.582835
0.571954
0.562385
0.553957
0.546622
0.540229
0.534827
0.530224
0.526608
0.523652
0.521818
0.520435
0.520443
0.520656
0.521185
0.522283
0.523995
0.527555
0.531716
0.54115
0.551571
0.604418
0.579175
)
;
    }
    fixedWalls
    {
        type            epsilonWallFunction;
        blending        stepwise;
        value           nonuniform List<scalar> 
120
(
0.000649827
0.00146306
0.00302338
0.00463367
0.00571398
0.00633569
0.00679991
0.00744604
0.00904072
0.0123355
0.0163003
0.0205163
0.0248493
0.0291146
0.0335863
0.0382714
0.042881
0.0472492
0.0512451
0.0548435
0.0574745
0.0584323
0.0578764
0.0559616
0.0518756
0.0455411
0.037563
0.0286847
0.019778
0.0121207
0.00655487
0.00327252
0.00188045
0.00173158
0.00179964
0.00192
0.00279106
0.00519212
0.0188405
0.28617
0.00194874
0.00233947
0.00296592
0.00357162
0.00392131
0.00421023
0.00483776
0.00581218
0.00765213
0.00930739
0.0163381
0.0334029
0.0605444
0.0932107
0.12667
0.158053
0.186274
0.210293
0.230503
0.246943
0.260218
0.270842
0.279846
0.287589
0.29459
0.301009
0.307087
0.312942
0.31874
0.324616
0.330751
0.337289
0.344377
0.352373
0.362381
0.377064
0.400272
0.435185
0.496576
0.579175
0.000649827
0.000820515
0.00112575
0.00143887
0.00164415
0.00175904
0.00192665
0.0021728
0.002466
0.00292291
0.00417551
0.00865674
0.0168226
0.0287441
0.0424788
0.0559056
0.0674424
0.0759855
0.0805596
0.0824249
0.082691
0.0800103
0.0760345
0.0706908
0.0651428
0.059127
0.0531938
0.0473648
0.0417132
0.0358874
0.0300067
0.0238658
0.0188504
0.0163938
0.0146611
0.0132701
0.0114655
0.0084238
0.00450548
0.00194874
)
;
    }
    frontAndBack
    {
        type            empty;
    }
}


// ************************************************************************* //
