/*--------------------------------*- C++ -*----------------------------------*\
| =========                 |                                                 |
| \\      /  F ield         | OpenFOAM: The Open Source CFD Toolbox           |
|  \\    /   O peration     | Version:  2412                                  |
|   \\  /    A nd           | Website:  www.openfoam.com                      |
|    \\/     M anipulation  |                                                 |
\*---------------------------------------------------------------------------*/
FoamFile
{
    version     2.0;
    format      ascii;
    arch        "LSB;label=32;scalar=64";
    class       volScalarField;
    location    "8.5";
    object      p;
}
// * * * * * * * * * * * * * * * * * * * * * * * * * * * * * * * * * * * * * //

dimensions      [0 2 -2 0 0 0 0];

internalField   nonuniform List<scalar> 
1600
(
3.815e-08
-2.77342e-05
-0.000114386
-0.000227743
-0.000330911
-0.000419166
-0.000516164
-0.000643877
-0.000811074
-0.00104527
-0.00137566
-0.00176845
-0.00220152
-0.00273332
-0.00341252
-0.00421517
-0.00511036
-0.00606169
-0.00699251
-0.00776782
-0.0082064
-0.00813608
-0.00746931
-0.0062028
-0.00438336
-0.00210812
0.000461363
0.00308653
0.00545699
0.00722832
0.00812669
0.00808895
0.00729971
0.00611416
0.00492961
0.00409438
0.00368482
0.00364294
0.00373445
0.00381593
-1.98979e-05
-6.24068e-05
-0.000155423
-0.000259863
-0.000334576
-0.000386379
-0.000455012
-0.000557359
-0.000686983
-0.000853755
-0.00111981
-0.0015346
-0.00207813
-0.00275748
-0.00362399
-0.00468117
-0.00586237
-0.00703336
-0.00804718
-0.00877819
-0.00911938
-0.00898994
-0.00834557
-0.00716426
-0.0054641
-0.00331731
-0.000861224
0.00169141
0.00404947
0.00588428
0.00692132
0.00706329
0.00645135
0.00543016
0.00434334
0.00360427
0.00332823
0.00341069
0.00360157
0.00372128
-3.27249e-05
-0.000107801
-0.000222196
-0.000315812
-0.000357504
-0.00036227
-0.00038516
-0.000460372
-0.000608103
-0.000846181
-0.00123974
-0.00186785
-0.00275316
-0.00385283
-0.00510736
-0.00644842
-0.00778344
-0.00900371
-0.0100004
-0.0106761
-0.0109629
-0.0108136
-0.0101905
-0.00907826
-0.00749199
-0.0054744
-0.00312005
-0.00060182
0.00183156
0.00387432
0.00523917
0.00576805
0.00553036
0.00480435
0.0039488
0.00332285
0.00306874
0.00313193
0.00334597
0.0034809
-4.94411e-06
-0.000123083
-0.000260578
-0.000343215
-0.000355299
-0.000348447
-0.000372436
-0.000476978
-0.000740969
-0.00125215
-0.00205643
-0.0031604
-0.00450359
-0.00599102
-0.00752434
-0.00902002
-0.0103976
-0.0115965
-0.0125476
-0.0131823
-0.0134517
-0.0133352
-0.0128139
-0.0118499
-0.0104436
-0.0086261
-0.00645634
-0.00404208
-0.00155439
0.000767841
0.00264598
0.00383796
0.00426465
0.00408381
0.00361209
0.00318042
0.00297507
0.00299926
0.00315307
0.00323117
0.00014518
-2.86124e-05
-0.000180185
-0.000266688
-0.000295888
-0.000330841
-0.000457945
-0.000773032
-0.00138446
-0.00236194
-0.00368643
-0.00527235
-0.00699803
-0.00875666
-0.010453
-0.0120189
-0.0134003
-0.0145535
-0.0154376
-0.0160169
-0.0162712
-0.0161835
-0.0157316
-0.0149213
-0.0137466
-0.0122153
-0.0103523
-0.00819908
-0.00583769
-0.00340342
-0.00109174
0.000857181
0.00222507
0.00293969
0.00314741
0.00309833
0.00301944
0.00303432
0.00306411
0.00305061
0.000479936
0.000239909
6.06044e-05
-6.70319e-05
-0.000181027
-0.000377197
-0.000775365
-0.00150012
-0.00262862
-0.0041481
-0.00595768
-0.00791929
-0.00989768
-0.0117875
-0.0135182
-0.0150412
-0.0163288
-0.0173593
-0.0181186
-0.0185907
-0.0187686
-0.0186642
-0.0182753
-0.0176043
-0.0166503
-0.0154166
-0.0139077
-0.0121269
-0.0100844
-0.00781283
-0.00538987
-0.00295641
-0.000724404
0.00106299
0.00224906
0.00285927
0.00305858
0.00308304
0.00300588
0.00290612
0.000985358
0.000680616
0.000438243
0.000216045
-8.08002e-05
-0.000581126
-0.00141828
-0.00268931
-0.00438933
-0.00640979
-0.00858928
-0.0107695
-0.0128308
-0.0146956
-0.0163248
-0.0177004
-0.0188227
-0.0196954
-0.0203229
-0.0207036
-0.0208378
-0.0207304
-0.0203858
-0.0198095
-0.0190089
-0.0179905
-0.0167595
-0.0153141
-0.0136391
-0.0117064
-0.00948866
-0.00699242
-0.00430767
-0.00165253
0.000625095
0.00219093
0.00292584
0.00302999
0.00288524
0.00271711
0.00157755
0.00120326
0.000859663
0.000474222
-0.000108047
-0.0010415
-0.00243165
-0.00429077
-0.00650664
-0.00889735
-0.0112778
-0.0135089
-0.0155086
-0.0172433
-0.018711
-0.0199242
-0.0209014
-0.0216565
-0.0221981
-0.0225288
-0.0226475
-0.0225506
-0.0222432
-0.0217309
-0.0210237
-0.0201316
-0.0190662
-0.0178337
-0.0164252
-0.0148071
-0.0129153
-0.0106649
-0.00799289
-0.00494983
-0.00182599
0.000815034
0.00240133
0.0028204
0.00268789
0.00244484
0.00212307
0.00165663
0.00117237
0.000565168
-0.000390683
-0.00183897
-0.00380815
-0.00619137
-0.0087862
-0.0113775
-0.0137986
-0.0159565
-0.0178209
-0.0194007
-0.0207228
-0.0218149
-0.0226991
-0.023387
-0.0238842
-0.0241917
-0.0243075
-0.0242278
-0.0239537
-0.0234915
-0.0228482
-0.0220338
-0.0210609
-0.0199415
-0.0186793
-0.0172574
-0.0156247
-0.0136856
-0.0113025
-0.00834959
-0.00488064
-0.00138245
0.00124729
0.00239004
0.0024205
0.00203202
0.00243157
0.00187204
0.00122309
0.000349303
-0.00102986
-0.00299851
-0.00547601
-0.00824545
-0.0110536
-0.0136922
-0.0160428
-0.0180694
-0.0197888
-0.0212387
-0.0224576
-0.0234739
-0.0243042
-0.0249556
-0.0254301
-0.0257272
-0.0258453
-0.0257824
-0.0255391
-0.0251199
-0.0245291
-0.0237742
-0.0228646
-0.0218109
-0.0206221
-0.0192975
-0.0178133
-0.0161029
-0.0140373
-0.0114235
-0.00809725
-0.00421784
-0.000607011
0.00158264
0.00199103
0.00143749
0.00237319
0.00171601
0.000893896
-0.000263946
-0.00205137
-0.00447102
-0.0073241
-0.0103192
-0.0131903
-0.0157673
-0.0179921
-0.0198801
-0.0214785
-0.0228356
-0.023988
-0.0249577
-0.0257552
-0.0263839
-0.0268446
-0.0271365
-0.027259
-0.0272117
-0.0269955
-0.0266136
-0.0260684
-0.0253649
-0.0245089
-0.0235072
-0.0223668
-0.0210926
-0.0196797
-0.0180972
-0.016261
-0.0140019
-0.0110697
-0.0073002
-0.00308951
0.000204372
0.00123608
0.000701404
0.00185499
0.00112238
0.000139899
-0.00127971
-0.00340894
-0.0061603
-0.00923857
-0.0123125
-0.0151335
-0.0175883
-0.0196749
-0.0214427
-0.0229503
-0.0242442
-0.0253528
-0.0262908
-0.0270644
-0.0276759
-0.0281258
-0.028414
-0.0285411
-0.0285078
-0.0283152
-0.0279656
-0.0274605
-0.0268028
-0.0259956
-0.0250421
-0.0239463
-0.0227118
-0.0213409
-0.0198247
-0.0181225
-0.0161252
-0.0136106
-0.0102535
-0.00596212
-0.00177964
0.000164395
-0.00013613
0.000882998
0.000106536
-0.00100328
-0.00263096
-0.00500575
-0.00795667
-0.0111216
-0.0141592
-0.0168609
-0.0191723
-0.0211316
-0.0228031
-0.0242443
-0.0254928
-0.0265688
-0.0274814
-0.0282347
-0.0288308
-0.029271
-0.029556
-0.0296871
-0.0296657
-0.0294933
-0.0291716
-0.0287015
-0.0280846
-0.0273222
-0.0264154
-0.025365
-0.0241725
-0.02284
-0.0213687
-0.0197451
-0.0179132
-0.0157252
-0.0128616
-0.0089055
-0.00424469
-0.00123782
-0.00117619
-0.00045187
-0.00123973
-0.0024363
-0.00420512
-0.0067227
-0.00975366
-0.0128963
-0.015822
-0.0183738
-0.0205452
-0.0223958
-0.0239917
-0.0253819
-0.0265942
-0.0276422
-0.0285319
-0.0292665
-0.0298483
-0.0302796
-0.0305614
-0.0306958
-0.0306846
-0.0305292
-0.0302314
-0.0297915
-0.0292106
-0.0284889
-0.0276262
-0.0266218
-0.0254752
-0.0241868
-0.0227597
-0.0211943
-0.0194688
-0.017503
-0.0150707
-0.011658
-0.00699951
-0.00308775
-0.00256973
-0.00201147
-0.00278217
-0.00402556
-0.00587092
-0.008442
-0.0114603
-0.0145075
-0.0172839
-0.0196825
-0.0217288
-0.0234894
-0.0250243
-0.0263723
-0.027553
-0.0285753
-0.0294436
-0.0301607
-0.0307294
-0.0311524
-0.0314313
-0.0315684
-0.0315656
-0.0314246
-0.031147
-0.030733
-0.0301834
-0.0294981
-0.0286762
-0.0277164
-0.0266171
-0.025378
-0.0240014
-0.0224927
-0.0208491
-0.0190364
-0.0169285
-0.0140823
-0.00981772
-0.00541091
-0.00437729
-0.00364427
-0.00437622
-0.0056348
-0.00750222
-0.0100608
-0.0130064
-0.0159199
-0.018539
-0.0207971
-0.0227368
-0.0244233
-0.0259075
-0.0272188
-0.0283706
-0.0293691
-0.0302175
-0.0309188
-0.0314758
-0.0318916
-0.0321678
-0.0323071
-0.0323113
-0.0321821
-0.0319212
-0.0315289
-0.031006
-0.0303524
-0.0295672
-0.0286492
-0.0275966
-0.0264086
-0.0250873
-0.0236396
-0.0220725
-0.0203797
-0.0185053
-0.016147
-0.0124918
-0.00808217
-0.00653931
-0.00521083
-0.00588937
-0.00713876
-0.00899273
-0.0114986
-0.0143417
-0.0171124
-0.0195857
-0.0217236
-0.0235754
-0.0252011
-0.0266425
-0.0279214
-0.0290472
-0.0300241
-0.0308549
-0.0315425
-0.0320896
-0.0324992
-0.0327733
-0.0329143
-0.0329241
-0.0328044
-0.0325569
-0.0321823
-0.0316814
-0.0310545
-0.0303012
-0.0294206
-0.0284114
-0.0272734
-0.0260089
-0.0246252
-0.0231347
-0.0215479
-0.0198498
-0.0178732
-0.0148659
-0.0108672
-0.0088975
-0.00659392
-0.00721302
-0.00843969
-0.0102601
-0.0126965
-0.015434
-0.0180731
-0.020423
-0.0224637
-0.0242458
-0.0258224
-0.027228
-0.0284791
-0.0295824
-0.0305409
-0.0313571
-0.0320334
-0.0325726
-0.0329774
-0.0332498
-0.0333922
-0.0334063
-0.0332939
-0.0330567
-0.0326956
-0.032212
-0.0316065
-0.0308795
-0.0300308
-0.0290601
-0.027968
-0.0267576
-0.0254372
-0.0240219
-0.0225346
-0.0209796
-0.019293
-0.0168672
-0.013533
-0.0112217
-0.00770326
-0.0082673
-0.00947035
-0.0112527
-0.0136187
-0.0162599
-0.0187928
-0.0210485
-0.0230168
-0.0247462
-0.0262848
-0.0276619
-0.0288905
-0.0299756
-0.0309197
-0.0317246
-0.0323925
-0.0329261
-0.0333277
-0.0335991
-0.0337426
-0.0337599
-0.0336525
-0.0334226
-0.033071
-0.0325996
-0.0320098
-0.0313027
-0.0304793
-0.0295404
-0.0284876
-0.0273253
-0.0260633
-0.0247179
-0.0233227
-0.0218876
-0.0204275
-0.0184939
-0.0158977
-0.0132957
-0.00847911
-0.00900159
-0.0101928
-0.0119416
-0.0142428
-0.016811
-0.0192675
-0.0214606
-0.0233811
-0.0250746
-0.0265861
-0.027942
-0.029154
-0.030226
-0.0311601
-0.0319576
-0.0326205
-0.0331509
-0.0335509
-0.0338221
-0.0339665
-0.0339858
-0.0338814
-0.0336555
-0.0333093
-0.0328452
-0.032265
-0.0315709
-0.0307649
-0.0298491
-0.0288268
-0.0277038
-0.0264914
-0.025207
-0.0238941
-0.022558
-0.0212728
-0.0197393
-0.0177931
-0.0150739
-0.00888854
-0.00940013
-0.0105908
-0.0123151
-0.0145618
-0.0170851
-0.0194998
-0.0216593
-0.0235541
-0.0252274
-0.0267228
-0.0280661
-0.0292681
-0.030333
-0.0312621
-0.0320566
-0.0327181
-0.0332482
-0.0336485
-0.0339205
-0.0340658
-0.034086
-0.0339825
-0.0337575
-0.0334124
-0.0329501
-0.0323731
-0.0316844
-0.0308869
-0.0299844
-0.0289814
-0.0278856
-0.0267108
-0.0254752
-0.024231
-0.0229719
-0.0218174
-0.0205759
-0.0190774
-0.0166266
-0.00894062
-0.00946677
-0.010668
-0.0123777
-0.014589
-0.0170808
-0.01949
-0.0216433
-0.0235319
-0.0251999
-0.0266907
-0.0280304
-0.0292301
-0.0302942
-0.031224
-0.0320204
-0.0326845
-0.0332173
-0.0336202
-0.0338942
-0.0340407
-0.0340611
-0.0339565
-0.0337292
-0.033381
-0.0329149
-0.0323343
-0.0316428
-0.0308445
-0.0299443
-0.0289482
-0.0278654
-0.0267125
-0.0255087
-0.0243146
-0.0231096
-0.0220551
-0.0210049
-0.0197708
-0.0178688
-0.00868763
-0.00923309
-0.0104487
-0.0121517
-0.0143392
-0.0168103
-0.0192346
-0.0214062
-0.0233098
-0.0249888
-0.0264872
-0.0278328
-0.0290382
-0.0301084
-0.0310449
-0.0318484
-0.0325194
-0.0330586
-0.0334667
-0.0337444
-0.0338926
-0.0339125
-0.033805
-0.0335724
-0.0332165
-0.0327408
-0.032149
-0.0314456
-0.0306358
-0.0297259
-0.0287231
-0.0276383
-0.0264896
-0.0252963
-0.0241295
-0.0229508
-0.0219787
-0.0210417
-0.0199924
-0.0186217
-0.00821802
-0.00875281
-0.00997721
-0.0116717
-0.01383
-0.0162865
-0.0187316
-0.0209407
-0.0228813
-0.0245893
-0.0261086
-0.0274702
-0.0286895
-0.029773
-0.0307226
-0.0315389
-0.0322219
-0.0327716
-0.0331882
-0.0334717
-0.0336227
-0.0336419
-0.0335301
-0.0332893
-0.0329215
-0.0324302
-0.0318196
-0.0310947
-0.0302617
-0.0293279
-0.0283027
-0.027198
-0.0260332
-0.024832
-0.0236622
-0.0224792
-0.0215833
-0.0206847
-0.0198122
-0.0188187
-0.00762739
-0.00810501
-0.00930438
-0.010977
-0.0130932
-0.015525
-0.0179892
-0.0202483
-0.0222426
-0.0239957
-0.0255496
-0.0269381
-0.0281805
-0.0292853
-0.0302553
-0.0310908
-0.0317914
-0.0323564
-0.0327851
-0.0330771
-0.0332322
-0.0332511
-0.0331336
-0.032882
-0.032498
-0.0319852
-0.0313481
-0.0305922
-0.029724
-0.0287519
-0.0276867
-0.0265422
-0.0253403
-0.0241065
-0.022909
-0.0217152
-0.0208415
-0.0199344
-0.0192408
-0.0184728
-0.00699856
-0.00737457
-0.00849299
-0.0101181
-0.0121705
-0.0145515
-0.0170185
-0.0193278
-0.0213866
-0.0231993
-0.024802
-0.0262302
-0.0275064
-0.0286419
-0.0296405
-0.0305027
-0.0312274
-0.0318132
-0.0322586
-0.0325624
-0.0327237
-0.0327426
-0.0326191
-0.0323541
-0.0319498
-0.0314095
-0.0307379
-0.0299404
-0.0290244
-0.0279988
-0.0268755
-0.0256704
-0.0244076
-0.0231158
-0.0218661
-0.0206315
-0.0197512
-0.0188339
-0.0182858
-0.0176408
-0.00639084
-0.00664087
-0.00762218
-0.00915429
-0.0111073
-0.0133973
-0.015832
-0.0181758
-0.0203017
-0.0221863
-0.0238534
-0.0253361
-0.0266594
-0.027837
-0.0288744
-0.0297722
-0.0305289
-0.0311422
-0.0316099
-0.0319297
-0.0321001
-0.0321206
-0.0319905
-0.0317104
-0.0312819
-0.0307081
-0.0299935
-0.0291438
-0.0281662
-0.0270706
-0.0258701
-0.0245821
-0.0232338
-0.0218581
-0.0205301
-0.0192296
-0.0183261
-0.0173747
-0.0169727
-0.0163804
-0.00584275
-0.00597317
-0.00676269
-0.00813876
-0.00994625
-0.0120977
-0.0144497
-0.0167928
-0.0189749
-0.0209385
-0.0226856
-0.0242407
-0.0256279
-0.0268626
-0.0279516
-0.0288963
-0.0296947
-0.0303439
-0.0308406
-0.0311818
-0.0313651
-0.0313895
-0.0312534
-0.0309565
-0.0305003
-0.0298872
-0.0291214
-0.0282083
-0.0271549
-0.0259717
-0.0246732
-0.0232785
-0.0218192
-0.0203327
-0.0189004
-0.0175124
-0.0165705
-0.0155705
-0.0153059
-0.0147242
-0.00538108
-0.00541225
-0.00596801
-0.0071258
-0.00873081
-0.0106889
-0.0128961
-0.0151848
-0.0173946
-0.0194341
-0.0212747
-0.0229227
-0.0243951
-0.0257063
-0.0268641
-0.0278703
-0.0287229
-0.0294184
-0.0299529
-0.0303223
-0.0305235
-0.0305549
-0.0304141
-0.0300997
-0.0296128
-0.0289548
-0.0281296
-0.0271416
-0.0259978
-0.0247088
-0.0232903
-0.0217642
-0.0201677
-0.0185436
-0.016982
-0.0154878
-0.014497
-0.0134391
-0.0132711
-0.0126607
-0.00501346
-0.00496066
-0.00527609
-0.0061689
-0.00751132
-0.00921138
-0.0112038
-0.0133683
-0.0155569
-0.0176529
-0.0195925
-0.0213536
-0.0229368
-0.0243501
-0.0255994
-0.0266865
-0.0276096
-0.0283651
-0.0289483
-0.0293546
-0.0295804
-0.0296234
-0.02948
-0.0291484
-0.0286282
-0.0279204
-0.0270276
-0.0259536
-0.0247045
-0.0232912
-0.0217309
-0.0200489
-0.0182897
-0.0165028
-0.01479
-0.0131752
-0.0121272
-0.0109857
-0.0108981
-0.0101781
-0.00471373
-0.00458944
-0.00471669
-0.00531538
-0.0063349
-0.00770648
-0.00940935
-0.0113707
-0.0134712
-0.0155848
-0.0176148
-0.0195032
-0.0212239
-0.0227693
-0.024139
-0.0253325
-0.0263478
-0.027181
-0.0278273
-0.028282
-0.028541
-0.0286013
-0.0284591
-0.0281114
-0.0275569
-0.0267952
-0.0258275
-0.0246567
-0.0232885
-0.0217337
-0.0200115
-0.0181511
-0.0162053
-0.0142325
-0.0123507
-0.0106085
-0.00949949
-0.00825156
-0.00824252
-0.00734465
-0.00443983
-0.00428308
-0.00430621
-0.00460489
-0.00524058
-0.00621642
-0.00755279
-0.0092309
-0.0111669
-0.0132412
-0.0153337
-0.0173501
-0.0192291
-0.0209379
-0.0224612
-0.0237923
-0.0249267
-0.02586
-0.0265877
-0.0271057
-0.027409
-0.0274946
-0.0273585
-0.0269976
-0.0264094
-0.0255916
-0.0245437
-0.0232682
-0.0217705
-0.0200614
-0.0181614
-0.0161047
-0.0139519
-0.0117725
-0.00970499
-0.00782752
-0.00664332
-0.0052631
-0.00539613
-0.00432051
-0.00418405
-0.00406965
-0.00403447
-0.0040556
-0.00426657
-0.00477953
-0.00567756
-0.00699849
-0.00869668
-0.0106669
-0.0127771
-0.014902
-0.0169444
-0.0188391
-0.0205477
-0.0220498
-0.0233344
-0.0243951
-0.0252268
-0.0258257
-0.0261873
-0.0263086
-0.0261864
-0.0258174
-0.0251983
-0.0243259
-0.023198
-0.0218159
-0.0201847
-0.0183157
-0.0162308
-0.0139694
-0.0115979
-0.00919778
-0.00692646
-0.00488519
-0.00356164
-0.00198239
-0.00232324
-0.000977102
-0.00399536
-0.00394614
-0.00385398
-0.00363448
-0.00341903
-0.00342146
-0.00382547
-0.00473332
-0.00613845
-0.007948
-0.0100254
-0.0122234
-0.0144127
-0.0164961
-0.0184076
-0.0201067
-0.0215703
-0.022786
-0.0237468
-0.0244477
-0.0248845
-0.0250554
-0.0249579
-0.0245895
-0.0239466
-0.0230266
-0.0218263
-0.0203447
-0.0185866
-0.0165643
-0.0143018
-0.0118419
-0.00925497
-0.00663367
-0.00414557
-0.00189124
-0.000306832
0.00162818
0.00131749
0.00364276
-0.00382677
-0.00385878
-0.00371054
-0.00327996
-0.0026575
-0.00214567
-0.0020382
-0.00250955
-0.00359459
-0.00521024
-0.00721312
-0.00944217
-0.0117454
-0.0139981
-0.0161077
-0.0180112
-0.0196695
-0.0210601
-0.0221708
-0.0229947
-0.0235263
-0.0237639
-0.0237068
-0.0233539
-0.0227006
-0.0217463
-0.0204881
-0.0189251
-0.017061
-0.014908
-0.0124915
-0.0098552
-0.00707166
-0.00424139
-0.00153274
0.000979184
0.00293426
0.00544848
0.00588065
0.0104079
-0.00357723
-0.00371032
-0.00352987
-0.00288319
-0.001894
-0.000924665
-0.000352706
-0.000419856
-0.00119957
-0.00262262
-0.00453872
-0.00677107
-0.00915237
-0.0115387
-0.013817
-0.0159051
-0.0177478
-0.0193112
-0.0205758
-0.0215305
-0.0221685
-0.0224873
-0.0224867
-0.0221658
-0.0215253
-0.0205599
-0.0192679
-0.0176546
-0.0157228
-0.0134809
-0.0109515
-0.00817567
-0.00522049
-0.00218271
0.000787596
0.00365064
0.00609215
0.00941038
0.0109082
0.0174274
-0.00353925
-0.00363577
-0.00328887
-0.00237413
-0.00105126
0.000273972
0.00120828
0.00145371
0.00091256
-0.000351962
-0.00218826
-0.0044131
-0.00684704
-0.00933335
-0.0117453
-0.0139867
-0.0159897
-0.0177092
-0.019118
-0.0201994
-0.0209454
-0.021354
-0.0214241
-0.021155
-0.0205471
-0.0196009
-0.0183077
-0.0166836
-0.0147307
-0.012449
-0.00985601
-0.00698156
-0.00386938
-0.00057684
0.00281584
0.00635501
0.00978285
0.0144964
0.0158885
0.0209532
-0.00256493
-0.00270002
-0.00249904
-0.00157572
-7.36376e-05
0.00151138
0.00269052
0.00315367
0.00277517
0.00161865
-0.000160495
-0.00238045
-0.00485776
-0.00742734
-0.00995221
-0.0123256
-0.0144691
-0.0163291
-0.01787
-0.019071
-0.0199229
-0.0204213
-0.0205647
-0.0203524
-0.0197857
-0.0188657
-0.0176063
-0.0159979
-0.0140646
-0.0117949
-0.00919634
-0.00627785
-0.0030398
0.00057122
0.00464408
0.00945185
0.0150462
0.0228534
0.0237912
0.028377
-0.00491053
-0.00483251
-0.00383019
-0.00189505
0.000310052
0.00224783
0.00357975
0.00414217
0.00385664
0.00278277
0.00106012
-0.00113954
-0.00363518
-0.00625582
-0.00885503
-0.0113167
-0.0135544
-0.0155077
-0.0171371
-0.0184196
-0.0193431
-0.0199023
-0.0200958
-0.0199252
-0.0193943
-0.0185084
-0.017273
-0.0156849
-0.0137303
-0.0114429
-0.00881309
-0.00582053
-0.0024183
0.00153416
0.00630362
0.0125731
0.0209919
0.0334694
0.0402221
0.0707684
-0.00340444
9.19309e-05
0.000807028
0.000987333
0.00198142
0.00332337
0.00431928
0.00463854
0.00419484
0.0030505
0.00131963
-0.000857834
-0.00332312
-0.00591709
-0.00849831
-0.0109517
-0.0131896
-0.0151488
-0.0167881
-0.0180827
-0.019019
-0.0195898
-0.0197926
-0.0196289
-0.019101
-0.0182117
-0.0169631
-0.0153553
-0.0133905
-0.0110811
-0.00842484
-0.00537252
-0.00184814
0.00229275
0.00728705
0.0137781
0.0221642
0.0368832
0.0604848
0.154297
)
;

boundaryField
{
    movingWall
    {
        type            zeroGradient;
    }
    fixedWalls
    {
        type            zeroGradient;
    }
    frontAndBack
    {
        type            empty;
    }
}


// ************************************************************************* //
