/*--------------------------------*- C++ -*----------------------------------*\
| =========                 |                                                 |
| \\      /  F ield         | OpenFOAM: The Open Source CFD Toolbox           |
|  \\    /   O peration     | Version:  2412                                  |
|   \\  /    A nd           | Website:  www.openfoam.com                      |
|    \\/     M anipulation  |                                                 |
\*---------------------------------------------------------------------------*/
FoamFile
{
    version     2.0;
    format      ascii;
    arch        "LSB;label=32;scalar=64";
    class       volScalarField;
    location    "4.25";
    object      nut;
}
// * * * * * * * * * * * * * * * * * * * * * * * * * * * * * * * * * * * * * //

dimensions      [0 2 -1 0 0 0 0];

internalField   nonuniform List<scalar> 
1600
(
2.69173e-06
2.94723e-06
3.3542e-06
3.70851e-06
3.94852e-06
4.10007e-06
4.26291e-06
4.45204e-06
4.64565e-06
4.93176e-06
5.62331e-06
7.26274e-06
9.14519e-06
1.1069e-05
1.27812e-05
1.41794e-05
1.52615e-05
1.60366e-05
1.65183e-05
1.67413e-05
1.68122e-05
1.67543e-05
1.64981e-05
1.6149e-05
1.57053e-05
1.52044e-05
1.4643e-05
1.40436e-05
1.34168e-05
1.27499e-05
1.20096e-05
1.11222e-05
1.01388e-05
9.47258e-06
9.06399e-06
8.75546e-06
8.35237e-06
7.56195e-06
6.14682e-06
4.66906e-06
3.49251e-06
3.93421e-06
4.86033e-06
5.11927e-06
5.45015e-06
6.1875e-06
7.65074e-06
8.77052e-06
9.90096e-06
1.17572e-05
1.33189e-05
1.44664e-05
1.49984e-05
1.48049e-05
1.51271e-05
1.52219e-05
1.5198e-05
1.53776e-05
1.59257e-05
1.69118e-05
1.84503e-05
2.02547e-05
2.18296e-05
2.38703e-05
2.59587e-05
2.83294e-05
3.07506e-05
3.28843e-05
3.4159e-05
3.47061e-05
3.49788e-05
3.44969e-05
3.41478e-05
3.23018e-05
2.79986e-05
2.22001e-05
1.51318e-05
9.84386e-06
7.11121e-06
4.95916e-06
4.51731e-06
5.23561e-06
7.62314e-06
9.14151e-06
9.8244e-06
1.07547e-05
1.29813e-05
1.6008e-05
1.74243e-05
1.78535e-05
1.75704e-05
1.67607e-05
1.6577e-05
1.68394e-05
1.64469e-05
1.64872e-05
1.73046e-05
1.83497e-05
1.99086e-05
2.14629e-05
2.25202e-05
2.35049e-05
2.48123e-05
2.52698e-05
2.63586e-05
2.71658e-05
2.83395e-05
2.98058e-05
3.17067e-05
3.36901e-05
3.48598e-05
3.5348e-05
3.4797e-05
3.33004e-05
3.22294e-05
2.80453e-05
2.15958e-05
1.40235e-05
8.42781e-06
5.39011e-06
5.33423e-06
7.22045e-06
1.15172e-05
1.39334e-05
1.53623e-05
1.72996e-05
1.95312e-05
2.08358e-05
1.98167e-05
1.87978e-05
1.80576e-05
1.74218e-05
1.81709e-05
1.62106e-05
1.713e-05
1.70108e-05
1.82356e-05
1.84378e-05
1.9134e-05
1.89822e-05
1.88938e-05
1.87868e-05
1.83116e-05
1.81332e-05
1.79119e-05
1.79127e-05
1.80757e-05
1.86149e-05
1.9639e-05
2.16235e-05
2.4902e-05
2.81864e-05
2.99183e-05
3.03622e-05
3.03283e-05
2.92181e-05
2.40293e-05
1.54681e-05
9.08932e-06
5.7544e-06
5.81291e-06
1.05543e-05
1.6655e-05
1.87764e-05
2.02773e-05
2.23548e-05
2.2611e-05
2.13846e-05
2.02531e-05
1.90513e-05
1.87089e-05
1.73988e-05
1.64735e-05
1.61967e-05
1.72449e-05
1.72576e-05
1.81771e-05
1.80394e-05
1.81883e-05
1.79769e-05
1.78397e-05
1.76788e-05
1.72117e-05
1.70087e-05
1.65351e-05
1.61916e-05
1.58244e-05
1.5613e-05
1.56433e-05
1.61279e-05
1.73725e-05
2.02279e-05
2.49469e-05
2.71277e-05
2.76801e-05
2.83794e-05
2.68093e-05
1.70889e-05
1.00109e-05
5.96914e-06
6.05789e-06
1.50665e-05
2.15571e-05
2.30394e-05
2.42903e-05
2.3933e-05
2.26799e-05
2.16537e-05
1.98915e-05
1.884e-05
1.68231e-05
1.63933e-05
1.63147e-05
1.72636e-05
1.81e-05
1.87059e-05
1.92765e-05
1.95115e-05
1.97733e-05
1.97618e-05
1.9719e-05
1.95794e-05
1.91776e-05
1.86867e-05
1.81096e-05
1.7474e-05
1.68326e-05
1.61793e-05
1.55568e-05
1.50684e-05
1.49494e-05
1.55064e-05
1.74806e-05
2.29096e-05
2.56559e-05
2.62009e-05
2.71516e-05
2.22952e-05
1.21835e-05
6.21408e-06
6.18073e-06
1.95794e-05
2.57722e-05
2.64614e-05
2.56485e-05
2.40592e-05
2.29247e-05
2.10498e-05
1.88296e-05
1.68187e-05
1.61682e-05
1.68346e-05
1.79805e-05
1.91621e-05
2.01687e-05
2.10028e-05
2.18048e-05
2.23927e-05
2.29675e-05
2.33159e-05
2.35022e-05
2.35577e-05
2.32865e-05
2.26519e-05
2.17708e-05
2.05737e-05
1.92429e-05
1.79198e-05
1.6744e-05
1.57106e-05
1.5022e-05
1.45371e-05
1.47174e-05
1.64683e-05
2.16435e-05
2.45937e-05
2.49768e-05
2.54029e-05
1.41597e-05
6.57918e-06
6.3307e-06
2.39004e-05
2.89357e-05
2.77808e-05
2.56549e-05
2.43532e-05
2.23494e-05
1.95741e-05
1.65592e-05
1.65714e-05
1.72456e-05
1.88589e-05
2.02395e-05
2.16153e-05
2.29523e-05
2.41951e-05
2.54733e-05
2.66849e-05
2.79235e-05
2.90111e-05
2.97004e-05
3.02988e-05
3.07066e-05
3.03307e-05
2.95722e-05
2.80832e-05
2.59729e-05
2.33186e-05
2.04659e-05
1.80637e-05
1.62027e-05
1.48585e-05
1.41976e-05
1.43116e-05
1.61721e-05
2.086e-05
2.31107e-05
2.35669e-05
1.70277e-05
7.08163e-06
6.80003e-06
2.71808e-05
3.0421e-05
2.81327e-05
2.6582e-05
2.38889e-05
2.08186e-05
1.68722e-05
1.67492e-05
1.78435e-05
1.93053e-05
2.11846e-05
2.27455e-05
2.46012e-05
2.63161e-05
2.81958e-05
3.01331e-05
3.21049e-05
3.38396e-05
3.5256e-05
3.64366e-05
3.74578e-05
3.79842e-05
3.7904e-05
3.73438e-05
3.61344e-05
3.42276e-05
3.15001e-05
2.8019e-05
2.38588e-05
1.97552e-05
1.69057e-05
1.48229e-05
1.38159e-05
1.41867e-05
1.69909e-05
2.08497e-05
2.1841e-05
1.95774e-05
7.6634e-06
7.69763e-06
2.88001e-05
3.12189e-05
2.98237e-05
2.62159e-05
2.24984e-05
1.7967e-05
1.69357e-05
1.80157e-05
1.97517e-05
2.14915e-05
2.36381e-05
2.56026e-05
2.79693e-05
3.02356e-05
3.28595e-05
3.53271e-05
3.75531e-05
3.94875e-05
4.10488e-05
4.23813e-05
4.36302e-05
4.40927e-05
4.41963e-05
4.37329e-05
4.26714e-05
4.09091e-05
3.83814e-05
3.50444e-05
3.08727e-05
2.58674e-05
2.07939e-05
1.71607e-05
1.47007e-05
1.35081e-05
1.427e-05
1.83902e-05
2.02972e-05
2.00805e-05
8.6441e-06
8.57411e-06
2.91869e-05
3.25705e-05
2.9785e-05
2.50954e-05
2.0197e-05
1.74295e-05
1.79291e-05
1.97524e-05
2.16784e-05
2.37067e-05
2.62891e-05
2.87181e-05
3.16641e-05
3.45688e-05
3.75755e-05
4.01609e-05
4.24576e-05
4.44528e-05
4.6069e-05
4.74471e-05
4.87988e-05
4.94351e-05
4.97357e-05
4.95198e-05
4.87118e-05
4.71736e-05
4.47627e-05
4.13603e-05
3.6959e-05
3.17751e-05
2.59744e-05
2.04399e-05
1.66658e-05
1.44767e-05
1.37859e-05
1.57596e-05
1.94695e-05
1.98473e-05
1.09581e-05
9.38911e-06
2.93926e-05
3.37327e-05
2.93977e-05
2.35881e-05
1.83344e-05
1.78323e-05
1.93502e-05
2.1517e-05
2.34789e-05
2.60745e-05
2.90503e-05
3.20312e-05
3.55234e-05
3.87124e-05
4.17796e-05
4.43682e-05
4.66769e-05
4.86239e-05
5.03065e-05
5.16475e-05
5.29888e-05
5.38919e-05
5.43247e-05
5.43677e-05
5.38862e-05
5.2776e-05
5.08689e-05
4.79474e-05
4.37697e-05
3.8214e-05
3.16188e-05
2.46904e-05
1.87639e-05
1.5176e-05
1.35805e-05
1.39801e-05
1.78966e-05
1.93623e-05
1.37345e-05
1.01336e-05
2.88899e-05
3.39163e-05
2.85207e-05
2.16879e-05
1.81622e-05
1.87321e-05
2.08384e-05
2.30906e-05
2.53456e-05
2.84828e-05
3.18548e-05
3.54034e-05
3.90867e-05
4.23652e-05
4.53641e-05
4.78789e-05
5.01031e-05
5.20701e-05
5.38034e-05
5.50147e-05
5.62494e-05
5.73708e-05
5.78456e-05
5.80244e-05
5.77437e-05
5.69264e-05
5.54276e-05
5.30503e-05
4.95364e-05
4.45953e-05
3.80596e-05
3.03816e-05
2.28931e-05
1.74239e-05
1.45431e-05
1.39674e-05
1.65938e-05
1.91134e-05
1.63325e-05
1.08009e-05
2.79644e-05
3.39416e-05
2.74572e-05
2.04375e-05
1.84388e-05
1.9798e-05
2.22471e-05
2.45192e-05
2.72461e-05
3.08519e-05
3.46065e-05
3.84808e-05
4.22044e-05
4.54472e-05
4.83175e-05
5.07427e-05
5.28888e-05
5.47649e-05
5.65023e-05
5.77534e-05
5.87337e-05
5.99944e-05
6.05039e-05
6.07675e-05
6.06588e-05
6.0108e-05
5.89798e-05
5.70675e-05
5.40773e-05
4.9639e-05
4.34027e-05
3.53636e-05
2.65882e-05
1.91285e-05
1.49026e-05
1.34795e-05
1.47514e-05
1.92076e-05
1.85041e-05
1.14204e-05
2.68454e-05
3.37395e-05
2.65586e-05
1.9655e-05
1.89128e-05
2.0854e-05
2.35096e-05
2.58853e-05
2.90988e-05
3.30785e-05
3.71535e-05
4.11395e-05
4.48128e-05
4.7962e-05
5.0699e-05
5.30351e-05
5.50995e-05
5.69074e-05
5.85591e-05
5.9876e-05
6.06532e-05
6.18698e-05
6.24356e-05
6.27397e-05
6.27597e-05
6.24349e-05
6.16534e-05
6.02331e-05
5.79015e-05
5.42762e-05
4.88831e-05
4.13381e-05
3.19511e-05
2.28296e-05
1.66688e-05
1.40934e-05
1.43272e-05
1.86312e-05
2.02504e-05
1.1993e-05
2.55829e-05
3.30878e-05
2.55796e-05
1.96047e-05
1.94707e-05
2.18241e-05
2.45904e-05
2.7193e-05
3.08257e-05
3.50922e-05
3.93282e-05
4.33417e-05
4.69177e-05
4.99593e-05
5.25793e-05
5.48356e-05
5.68299e-05
5.85844e-05
6.01114e-05
6.14025e-05
6.21564e-05
6.31692e-05
6.37567e-05
6.40782e-05
6.41866e-05
6.40344e-05
6.35179e-05
6.24578e-05
6.05771e-05
5.74759e-05
5.26214e-05
4.54582e-05
3.59606e-05
2.55792e-05
1.77446e-05
1.43096e-05
1.41685e-05
1.7818e-05
2.16459e-05
1.25108e-05
2.39967e-05
3.21897e-05
2.49876e-05
1.97489e-05
2.00341e-05
2.267e-05
2.55222e-05
2.84014e-05
3.23488e-05
3.67967e-05
4.11091e-05
4.50855e-05
4.85558e-05
5.14965e-05
5.40195e-05
5.62046e-05
5.81324e-05
5.98202e-05
6.12606e-05
6.24796e-05
6.32088e-05
6.40288e-05
6.45904e-05
6.4918e-05
6.50964e-05
6.51e-05
6.48424e-05
6.41608e-05
6.27984e-05
6.0379e-05
5.63672e-05
5.00473e-05
4.08575e-05
2.94837e-05
1.97632e-05
1.49674e-05
1.42539e-05
1.74172e-05
2.27525e-05
1.2971e-05
2.24276e-05
3.12566e-05
2.46479e-05
1.98842e-05
2.04987e-05
2.3369e-05
2.63105e-05
2.94544e-05
3.36104e-05
3.81534e-05
4.24837e-05
4.63968e-05
4.97713e-05
5.26258e-05
5.50701e-05
5.7192e-05
5.90573e-05
6.06784e-05
6.20416e-05
6.31769e-05
6.38759e-05
6.45422e-05
6.50467e-05
6.53648e-05
6.55871e-05
6.57064e-05
6.56495e-05
6.52576e-05
6.42689e-05
6.23001e-05
5.88191e-05
5.31065e-05
4.43747e-05
3.2801e-05
2.14624e-05
1.53745e-05
1.43901e-05
1.71528e-05
2.36266e-05
1.33702e-05
2.08472e-05
2.98981e-05
2.45508e-05
2.02148e-05
2.09136e-05
2.38988e-05
2.69574e-05
3.03164e-05
3.45727e-05
3.91415e-05
4.3457e-05
4.73064e-05
5.0604e-05
5.33907e-05
5.57722e-05
5.78377e-05
5.96443e-05
6.12012e-05
6.24931e-05
6.35485e-05
6.42233e-05
6.47846e-05
6.52227e-05
6.55184e-05
6.5766e-05
6.59775e-05
6.61003e-05
6.5992e-05
6.53986e-05
6.39362e-05
6.10775e-05
5.61015e-05
4.7962e-05
3.62217e-05
2.34723e-05
1.59373e-05
1.45752e-05
1.71117e-05
2.43209e-05
1.36961e-05
1.9417e-05
2.88364e-05
2.45534e-05
2.0333e-05
2.11219e-05
2.42618e-05
2.7438e-05
3.09409e-05
3.52337e-05
3.97824e-05
4.4064e-05
4.78553e-05
5.10929e-05
5.38262e-05
5.61568e-05
5.81725e-05
5.99234e-05
6.14165e-05
6.26421e-05
6.36226e-05
6.42744e-05
6.47413e-05
6.50982e-05
6.54017e-05
6.56949e-05
6.59696e-05
6.62284e-05
6.63469e-05
6.60762e-05
6.50122e-05
6.26049e-05
5.81628e-05
5.06534e-05
3.91447e-05
2.54117e-05
1.63454e-05
1.46966e-05
1.72678e-05
2.48707e-05
1.39181e-05
1.77786e-05
2.71167e-05
2.46741e-05
2.08702e-05
2.13283e-05
2.43836e-05
2.77408e-05
3.13315e-05
3.55652e-05
4.00506e-05
4.42805e-05
4.80315e-05
5.12423e-05
5.39608e-05
5.62661e-05
5.82314e-05
5.98764e-05
6.12895e-05
6.24665e-05
6.33979e-05
6.4055e-05
6.44446e-05
6.47189e-05
6.49817e-05
6.52344e-05
6.55931e-05
6.60514e-05
6.6415e-05
6.64536e-05
6.57978e-05
6.3854e-05
5.99191e-05
5.29691e-05
4.18341e-05
2.7288e-05
1.67799e-05
1.47588e-05
1.73815e-05
2.53158e-05
1.39635e-05
1.62749e-05
2.55264e-05
2.4602e-05
2.10484e-05
2.13423e-05
2.44135e-05
2.78083e-05
3.14541e-05
3.56339e-05
3.99956e-05
4.42004e-05
4.79628e-05
5.11321e-05
5.37535e-05
5.59467e-05
5.78213e-05
5.94835e-05
6.09077e-05
6.20616e-05
6.29566e-05
6.36244e-05
6.40623e-05
6.43618e-05
6.46172e-05
6.48027e-05
6.51196e-05
6.55439e-05
6.60623e-05
6.64438e-05
6.62048e-05
6.47039e-05
6.11167e-05
5.46239e-05
4.40393e-05
2.90647e-05
1.71331e-05
1.47704e-05
1.77984e-05
2.56935e-05
1.39017e-05
1.49683e-05
2.38198e-05
2.4478e-05
2.13156e-05
2.13307e-05
2.41098e-05
2.76912e-05
3.12946e-05
3.53437e-05
3.95416e-05
4.36147e-05
4.73107e-05
5.04887e-05
5.31793e-05
5.54807e-05
5.7461e-05
5.90778e-05
6.04257e-05
6.1521e-05
6.23748e-05
6.29967e-05
6.3411e-05
6.36751e-05
6.40463e-05
6.43972e-05
6.47432e-05
6.51049e-05
6.55772e-05
6.61095e-05
6.61994e-05
6.51657e-05
6.20269e-05
5.59512e-05
4.56914e-05
3.05154e-05
1.74324e-05
1.46622e-05
1.81366e-05
2.60255e-05
1.37149e-05
1.39953e-05
2.19008e-05
2.4166e-05
2.17388e-05
2.1302e-05
2.37913e-05
2.72245e-05
3.08276e-05
3.48949e-05
3.89293e-05
4.2899e-05
4.65553e-05
4.97617e-05
5.25088e-05
5.48596e-05
5.67566e-05
5.83345e-05
5.96215e-05
6.06604e-05
6.14771e-05
6.20995e-05
6.25262e-05
6.27496e-05
6.30946e-05
6.34425e-05
6.38773e-05
6.44838e-05
6.51542e-05
6.57652e-05
6.60784e-05
6.53708e-05
6.27647e-05
5.70708e-05
4.68824e-05
3.16982e-05
1.76683e-05
1.45196e-05
1.85708e-05
2.63289e-05
1.33216e-05
1.32117e-05
1.99657e-05
2.34759e-05
2.19564e-05
2.1239e-05
2.3419e-05
2.67061e-05
3.02323e-05
3.4173e-05
3.80951e-05
4.19453e-05
4.55612e-05
4.87769e-05
5.15271e-05
5.38263e-05
5.5754e-05
5.73302e-05
5.85984e-05
5.96024e-05
6.03811e-05
6.09849e-05
6.14243e-05
6.16216e-05
6.19357e-05
6.23381e-05
6.276e-05
6.33316e-05
6.41302e-05
6.50571e-05
6.56905e-05
6.52914e-05
6.29196e-05
5.748e-05
4.77788e-05
3.23988e-05
1.77728e-05
1.42657e-05
1.89672e-05
2.6613e-05
1.27299e-05
1.29572e-05
1.83184e-05
2.25117e-05
2.21067e-05
2.12693e-05
2.28992e-05
2.58722e-05
2.92923e-05
3.30343e-05
3.69228e-05
4.06203e-05
4.41521e-05
4.73609e-05
5.01569e-05
5.2513e-05
5.4468e-05
5.60578e-05
5.73236e-05
5.83106e-05
5.90642e-05
5.96513e-05
6.01137e-05
6.02977e-05
6.05925e-05
6.1035e-05
6.14782e-05
6.20801e-05
6.28957e-05
6.38862e-05
6.47566e-05
6.47394e-05
6.27468e-05
5.75342e-05
4.81184e-05
3.28228e-05
1.7718e-05
1.3973e-05
1.94097e-05
2.68846e-05
1.19402e-05
1.27051e-05
1.70558e-05
2.13289e-05
2.19092e-05
2.12012e-05
2.22072e-05
2.51401e-05
2.83162e-05
3.17815e-05
3.54785e-05
3.90222e-05
4.24377e-05
4.56045e-05
4.84223e-05
5.08246e-05
5.28388e-05
5.44735e-05
5.57672e-05
5.67662e-05
5.75184e-05
5.80985e-05
5.85941e-05
5.87746e-05
5.90667e-05
5.95263e-05
5.99955e-05
6.06275e-05
6.14913e-05
6.25823e-05
6.36442e-05
6.38781e-05
6.21607e-05
5.70637e-05
4.77027e-05
3.27666e-05
1.75069e-05
1.35907e-05
1.98201e-05
2.71478e-05
1.0948e-05
1.23739e-05
1.59262e-05
2.0244e-05
2.16791e-05
2.12407e-05
2.17051e-05
2.413e-05
2.70276e-05
3.02862e-05
3.37545e-05
3.71392e-05
4.04099e-05
4.34962e-05
4.63073e-05
4.87304e-05
5.08159e-05
5.25209e-05
5.38746e-05
5.49213e-05
5.57059e-05
5.63076e-05
5.68466e-05
5.70343e-05
5.73373e-05
5.78229e-05
5.83199e-05
5.89797e-05
5.98789e-05
6.10272e-05
6.22104e-05
6.26062e-05
6.1123e-05
5.60595e-05
4.66693e-05
3.22884e-05
1.71298e-05
1.31824e-05
2.02435e-05
2.7406e-05
9.76932e-06
1.21974e-05
1.54952e-05
1.88948e-05
2.10011e-05
2.11449e-05
2.13218e-05
2.3074e-05
2.59595e-05
2.8751e-05
3.18545e-05
3.50366e-05
3.81323e-05
4.10793e-05
4.3818e-05
4.62749e-05
4.83486e-05
5.01352e-05
5.15767e-05
5.27089e-05
5.35612e-05
5.4253e-05
5.48043e-05
5.50392e-05
5.53885e-05
5.59256e-05
5.64542e-05
5.71408e-05
5.80675e-05
5.92374e-05
6.04655e-05
6.08842e-05
5.94759e-05
5.4312e-05
4.49562e-05
3.13047e-05
1.65232e-05
1.27039e-05
2.06282e-05
2.76612e-05
8.43744e-06
1.18384e-05
1.49048e-05
1.8628e-05
2.03944e-05
2.09245e-05
2.10196e-05
2.19905e-05
2.44696e-05
2.73259e-05
3.00004e-05
3.27393e-05
3.55648e-05
3.83521e-05
4.09833e-05
4.34264e-05
4.55341e-05
4.73237e-05
4.88468e-05
5.00852e-05
5.10268e-05
5.19044e-05
5.23741e-05
5.27344e-05
5.32311e-05
5.38133e-05
5.43837e-05
5.50963e-05
5.60403e-05
5.71816e-05
5.83451e-05
5.8533e-05
5.71077e-05
5.20315e-05
4.23853e-05
2.95537e-05
1.56117e-05
1.22059e-05
2.09953e-05
2.79157e-05
7.03138e-06
1.14726e-05
1.44501e-05
1.72221e-05
2.02481e-05
2.07718e-05
2.09228e-05
2.14355e-05
2.3105e-05
2.57113e-05
2.83456e-05
3.07918e-05
3.31279e-05
3.54614e-05
3.78163e-05
4.00971e-05
4.22409e-05
4.41155e-05
4.56965e-05
4.7045e-05
4.81266e-05
4.90895e-05
4.95664e-05
5.01701e-05
5.0843e-05
5.14384e-05
5.20596e-05
5.27958e-05
5.37373e-05
5.47638e-05
5.56242e-05
5.53391e-05
5.40794e-05
4.87088e-05
3.89555e-05
2.7136e-05
1.43769e-05
1.16763e-05
2.1316e-05
2.81717e-05
5.6929e-06
1.08407e-05
1.47027e-05
1.66384e-05
1.94869e-05
2.07123e-05
2.08429e-05
2.11381e-05
2.20213e-05
2.39806e-05
2.64818e-05
2.89028e-05
3.11237e-05
3.32224e-05
3.51909e-05
3.70833e-05
3.90047e-05
4.07162e-05
4.22846e-05
4.36666e-05
4.48624e-05
4.5851e-05
4.65821e-05
4.73474e-05
4.80953e-05
4.87227e-05
4.93971e-05
5.01382e-05
5.1016e-05
5.15129e-05
5.18444e-05
5.12925e-05
4.98185e-05
4.39637e-05
3.45944e-05
2.38024e-05
1.28379e-05
1.11721e-05
2.16276e-05
2.8432e-05
4.53769e-06
1.0097e-05
1.44995e-05
1.65311e-05
1.82987e-05
2.10228e-05
2.1076e-05
2.11889e-05
2.1582e-05
2.25138e-05
2.44385e-05
2.66097e-05
2.87396e-05
3.07355e-05
3.26022e-05
3.43212e-05
3.605e-05
3.75795e-05
3.89723e-05
4.02566e-05
4.14939e-05
4.24144e-05
4.33153e-05
4.4177e-05
4.49111e-05
4.55582e-05
4.62103e-05
4.6666e-05
4.70276e-05
4.70729e-05
4.71709e-05
4.5833e-05
4.4003e-05
3.75377e-05
2.93472e-05
1.96944e-05
1.11726e-05
1.07126e-05
2.18795e-05
2.86971e-05
3.91547e-06
9.45779e-06
1.40736e-05
1.67749e-05
1.81243e-05
1.98919e-05
2.15913e-05
2.17074e-05
2.20747e-05
2.26942e-05
2.35602e-05
2.49057e-05
2.6529e-05
2.81997e-05
2.98493e-05
3.14024e-05
3.29165e-05
3.44308e-05
3.56982e-05
3.68209e-05
3.79249e-05
3.8771e-05
3.96271e-05
4.03932e-05
4.09975e-05
4.14158e-05
4.17417e-05
4.17882e-05
4.18041e-05
4.12428e-05
4.05897e-05
3.83681e-05
3.6066e-05
2.94777e-05
2.29681e-05
1.52734e-05
9.76494e-06
1.04975e-05
2.20886e-05
2.89745e-05
3.82559e-06
8.98889e-06
1.36224e-05
1.63636e-05
1.80238e-05
1.95719e-05
2.13117e-05
2.23549e-05
2.23453e-05
2.2518e-05
2.29018e-05
2.35327e-05
2.4617e-05
2.59595e-05
2.72223e-05
2.84232e-05
2.95563e-05
3.06979e-05
3.17858e-05
3.27389e-05
3.3606e-05
3.41406e-05
3.47165e-05
3.5197e-05
3.54651e-05
3.54587e-05
3.53053e-05
3.46695e-05
3.39911e-05
3.26425e-05
3.12164e-05
2.84471e-05
2.57024e-05
2.03166e-05
1.61598e-05
1.18894e-05
8.22659e-06
9.99138e-06
2.22968e-05
2.92908e-05
3.75258e-06
9.31514e-06
1.37976e-05
1.69824e-05
1.91201e-05
2.02815e-05
2.20326e-05
2.37159e-05
2.50468e-05
2.53294e-05
2.54658e-05
2.57865e-05
2.5787e-05
2.5821e-05
2.59276e-05
2.62106e-05
2.65278e-05
2.68174e-05
2.71112e-05
2.73043e-05
2.74972e-05
2.73637e-05
2.72577e-05
2.70172e-05
2.65715e-05
2.59653e-05
2.51584e-05
2.40771e-05
2.28662e-05
2.11617e-05
1.95042e-05
1.73483e-05
1.54866e-05
1.31865e-05
1.10728e-05
8.52816e-06
7.0113e-06
1.05025e-05
2.2623e-05
2.96897e-05
4.51738e-06
8.31902e-06
1.15615e-05
1.46639e-05
1.75389e-05
1.98935e-05
2.16207e-05
2.34863e-05
2.49395e-05
2.64122e-05
2.69558e-05
2.68445e-05
2.63761e-05
2.55377e-05
2.45379e-05
2.33036e-05
2.20443e-05
2.07054e-05
1.95562e-05
1.85547e-05
1.75718e-05
1.66256e-05
1.57973e-05
1.49257e-05
1.40985e-05
1.32134e-05
1.24387e-05
1.16365e-05
1.07915e-05
9.88954e-06
9.13803e-06
8.34994e-06
7.74086e-06
7.06366e-06
6.61303e-06
6.44588e-06
7.48522e-06
1.2278e-05
2.38586e-05
3.02795e-05
6.2509e-06
4.51123e-06
6.09344e-06
8.14893e-06
1.02144e-05
1.19865e-05
1.33727e-05
1.43922e-05
1.46459e-05
1.49262e-05
1.48231e-05
1.42762e-05
1.35473e-05
1.26961e-05
1.18165e-05
1.09336e-05
1.01155e-05
9.33816e-06
8.62993e-06
8.02837e-06
7.48542e-06
7.04849e-06
6.66706e-06
6.3974e-06
6.18167e-06
6.00031e-06
5.90328e-06
5.87739e-06
5.91351e-06
6.01975e-06
6.21056e-06
6.48495e-06
6.89905e-06
7.45329e-06
8.26076e-06
9.34898e-06
1.13913e-05
1.64091e-05
2.57062e-05
3.11242e-05
1.03734e-05
7.09374e-06
8.91403e-06
9.75259e-06
1.0197e-05
1.0454e-05
1.05708e-05
1.06654e-05
1.06117e-05
1.05325e-05
1.04701e-05
1.03931e-05
1.0313e-05
1.02592e-05
1.0212e-05
1.02274e-05
1.02523e-05
1.03109e-05
1.04197e-05
1.05614e-05
1.07326e-05
1.09464e-05
1.11906e-05
1.14807e-05
1.18048e-05
1.21813e-05
1.2591e-05
1.30695e-05
1.35825e-05
1.41893e-05
1.48334e-05
1.56261e-05
1.64018e-05
1.73622e-05
1.82329e-05
1.95185e-05
2.09502e-05
2.42697e-05
2.79387e-05
3.25116e-05
2.6858e-05
3.34286e-05
3.67057e-05
3.79058e-05
3.83149e-05
3.83029e-05
3.8176e-05
3.78878e-05
3.75113e-05
3.71154e-05
3.67267e-05
3.63597e-05
3.60196e-05
3.57088e-05
3.54254e-05
3.51682e-05
3.49346e-05
3.47218e-05
3.4528e-05
3.43515e-05
3.41908e-05
3.40448e-05
3.39123e-05
3.37931e-05
3.36861e-05
3.35918e-05
3.35089e-05
3.34388e-05
3.33796e-05
3.33351e-05
3.33019e-05
3.32892e-05
3.32919e-05
3.33046e-05
3.33267e-05
3.33954e-05
3.35259e-05
3.37187e-05
3.47095e-05
3.4215e-05
)
;

boundaryField
{
    movingWall
    {
        type            nutkWallFunction;
        blending        stepwise;
        value           uniform 0;
    }
    fixedWalls
    {
        type            nutkWallFunction;
        blending        stepwise;
        value           uniform 0;
    }
    frontAndBack
    {
        type            empty;
    }
}


// ************************************************************************* //
