/*--------------------------------*- C++ -*----------------------------------*\
| =========                 |                                                 |
| \\      /  F ield         | OpenFOAM: The Open Source CFD Toolbox           |
|  \\    /   O peration     | Version:  2412                                  |
|   \\  /    A nd           | Website:  www.openfoam.com                      |
|    \\/     M anipulation  |                                                 |
\*---------------------------------------------------------------------------*/
FoamFile
{
    version     2.0;
    format      ascii;
    arch        "LSB;label=32;scalar=64";
    class       volScalarField;
    location    "4.25";
    object      p;
}
// * * * * * * * * * * * * * * * * * * * * * * * * * * * * * * * * * * * * * //

dimensions      [0 2 -2 0 0 0 0];

internalField   nonuniform List<scalar> 
1600
(
2.9117e-08
-1.29162e-05
-6.32283e-05
-0.000137242
-0.000213157
-0.000285999
-0.000365945
-0.000466722
-0.00059434
-0.000764093
-0.00100557
-0.00129962
-0.00161358
-0.00198469
-0.00246605
-0.00305112
-0.00371715
-0.00442932
-0.00513206
-0.00573856
-0.00613208
-0.00618312
-0.00578995
-0.00492312
-0.00359474
-0.00185011
0.000210799
0.00242552
0.00456116
0.00632871
0.00745033
0.00778813
0.00742618
0.00655793
0.00561279
0.0048557
0.00443242
0.00432702
0.00437065
0.0044288
-6.15691e-06
-2.72983e-05
-8.09632e-05
-0.000152147
-0.000214468
-0.000266309
-0.00032595
-0.000409749
-0.00051354
-0.000637509
-0.000823175
-0.00112033
-0.00151252
-0.00199211
-0.00259649
-0.00334155
-0.00419423
-0.00507089
-0.00586725
-0.00648866
-0.00684286
-0.00684678
-0.00644776
-0.00564551
-0.00441266
-0.00277968
-0.000826081
0.00130579
0.00340403
0.00519679
0.00641604
0.00690287
0.00668458
0.00597346
0.00512881
0.00446041
0.00414186
0.00413432
0.00425373
0.00434175
1.43746e-06
-3.85596e-05
-0.00010526
-0.00017558
-0.000223664
-0.00025016
-0.00028018
-0.000338894
-0.000447586
-0.000620291
-0.000883887
-0.0013045
-0.00191404
-0.00269508
-0.00360818
-0.00460805
-0.00562756
-0.00658733
-0.00740293
-0.0079954
-0.00830744
-0.00829701
-0.00793036
-0.00717058
-0.00602252
-0.0045093
-0.00267317
-0.000612127
0.0014982
0.00341878
0.00488636
0.00569918
0.00581647
0.00540106
0.0047596
0.00420742
0.00392619
0.0039162
0.00404922
0.00414314
3.85563e-05
-2.46959e-05
-0.000112058
-0.000179045
-0.000209978
-0.000226926
-0.000260965
-0.000338805
-0.000510619
-0.000846746
-0.00138998
-0.00215533
-0.00311671
-0.00421739
-0.00538307
-0.00654166
-0.00762565
-0.00858528
-0.00936948
-0.0099248
-0.0102079
-0.0102044
-0.00990594
-0.00928364
-0.00830484
-0.00697826
-0.00533091
-0.00342018
-0.00135353
0.000699144
0.00251275
0.00385012
0.00455474
0.0046616
0.00440027
0.00405531
0.0038367
0.00380765
0.00389226
0.00393765
0.000147151
5.29048e-05
-5.40771e-05
-0.000122064
-0.000158106
-0.000195377
-0.000288925
-0.000497822
-0.000898964
-0.00156076
-0.00249058
-0.00363951
-0.00492435
-0.00626032
-0.00756942
-0.00878962
-0.0098775
-0.0108001
-0.0115287
-0.0120367
-0.0123084
-0.0123301
-0.0120887
-0.0115656
-0.0107716
-0.0096905
-0.00832576
-0.00669217
-0.00482618
-0.0028085
-0.000776132
0.00107777
0.00253378
0.00344359
0.00384223
0.00390293
0.00383642
0.00381528
0.00380488
0.00377591
0.000360658
0.000220918
0.000103399
1.28289e-05
-6.72965e-05
-0.000200176
-0.000463663
-0.000944713
-0.00171274
-0.00278134
-0.0040946
-0.00555404
-0.0070544
-0.00850504
-0.00984648
-0.0110378
-0.0120572
-0.0128885
-0.0135212
-0.0139436
-0.0141464
-0.0141368
-0.0139225
-0.0134972
-0.0128612
-0.012011
-0.0109437
-0.00965037
-0.00812007
-0.00635204
-0.00437804
-0.00228819
-0.000244826
0.00152476
0.00281115
0.00353961
0.0037971
0.00381078
0.00372498
0.0036251
0.000668762
0.000489546
0.000339126
0.000199046
9.39293e-06
-0.00031422
-0.000866201
-0.00172708
-0.00291766
-0.00437714
-0.00599234
-0.0076388
-0.0092166
-0.0106588
-0.0119299
-0.0130131
-0.0139057
-0.0146097
-0.0151289
-0.0154632
-0.0156142
-0.0155883
-0.0153891
-0.0150202
-0.0144877
-0.0137965
-0.0129476
-0.0119342
-0.0107363
-0.00931707
-0.00763124
-0.00565103
-0.00341087
-0.00105987
0.00110596
0.00272145
0.00355757
0.0037127
0.00358975
0.00342887
0.00102966
0.000809493
0.000601405
0.000364473
-3.27757e-06
-0.000606137
-0.0015345
-0.00282028
-0.0044051
-0.00616323
-0.00795114
-0.00965224
-0.011194
-0.012542
-0.013688
-0.014638
-0.015405
-0.0160012
-0.0164361
-0.0167143
-0.0168389
-0.0168104
-0.0166283
-0.0162976
-0.0158283
-0.0152291
-0.0145068
-0.013664
-0.0126911
-0.0115567
-0.0101996
-0.00853037
-0.00645963
-0.00397078
-0.00124467
0.0012468
0.00289913
0.00346236
0.00339808
0.00314699
0.00136489
0.00108821
0.000795779
0.000418959
-0.000185325
-0.00113166
-0.00246901
-0.00414789
-0.00603231
-0.00796171
-0.00979672
-0.0114526
-0.0128929
-0.0141154
-0.0151353
-0.0159742
-0.0166515
-0.017181
-0.0175703
-0.0178229
-0.017939
-0.0179157
-0.0177517
-0.0174515
-0.0170239
-0.0164778
-0.0158228
-0.0150684
-0.0142167
-0.0132529
-0.012133
-0.0107709
-0.00903327
-0.0067715
-0.00394862
-0.000877711
0.00167282
0.0029775
0.00312267
0.00272868
0.00155226
0.00121859
0.000820695
0.00027551
-0.000605129
-0.00191335
-0.00362524
-0.00560319
-0.00766616
-0.0096485
-0.0114398
-0.012996
-0.0143159
-0.0154222
-0.0163444
-0.0171089
-0.0177341
-0.0182302
-0.0186006
-0.0188456
-0.0189634
-0.0189503
-0.0188049
-0.0185309
-0.0181349
-0.0176246
-0.0170096
-0.0163006
-0.0155061
-0.0146253
-0.0136375
-0.0124852
-0.0110536
-0.00915898
-0.00660583
-0.00340753
-0.00014204
0.00208798
0.00263261
0.00214459
0.00150899
0.00111271
0.000602722
-0.000128344
-0.0012913
-0.0029255
-0.00492259
-0.00708448
-0.00921341
-0.0111604
-0.0128574
-0.0142983
-0.015509
-0.0165264
-0.0173838
-0.0181053
-0.0187048
-0.0191874
-0.0195533
-0.0198004
-0.0199255
-0.0199251
-0.019798
-0.0195469
-0.0191769
-0.0186943
-0.0181079
-0.0174274
-0.0166624
-0.0158188
-0.0148922
-0.0138547
-0.0126314
-0.0110699
-0.00892904
-0.00598403
-0.00240887
0.000688322
0.00185005
0.00147028
0.00117329
0.000724925
0.000104771
-0.000808038
-0.00221639
-0.00409897
-0.00627548
-0.0085154
-0.010621
-0.0124796
-0.0140646
-0.0153988
-0.0165237
-0.01748
-0.0182985
-0.018998
-0.019587
-0.0200669
-0.0204356
-0.0206894
-0.0208244
-0.0208375
-0.0207275
-0.0204966
-0.0201486
-0.019689
-0.0191254
-0.0184664
-0.0177212
-0.0168977
-0.0159996
-0.015018
-0.0139139
-0.0125866
-0.0108309
-0.00832749
-0.00487466
-0.0011785
0.000820601
0.000691543
0.00053867
5.70423e-05
-0.000658882
-0.00172327
-0.003315
-0.00535402
-0.00761177
-0.00984225
-0.0118669
-0.0136146
-0.0150912
-0.0163371
-0.0173992
-0.0183159
-0.0191125
-0.019802
-0.0203885
-0.020871
-0.0212457
-0.0215079
-0.0216534
-0.0216795
-0.021585
-0.0213715
-0.0210423
-0.0206022
-0.0200581
-0.0194178
-0.0186896
-0.0178817
-0.0170011
-0.0160491
-0.0150104
-0.0138286
-0.012362
-0.0103144
-0.00726809
-0.00336135
-0.000522966
-0.000319549
-0.000345657
-0.000840361
-0.00162637
-0.00279844
-0.0045033
-0.00661486
-0.00887397
-0.011034
-0.0129492
-0.0145843
-0.0159661
-0.0171428
-0.0181602
-0.0190514
-0.0198357
-0.0205212
-0.0211091
-0.0215962
-0.0219778
-0.0222486
-0.0224043
-0.0224422
-0.0223612
-0.0221628
-0.0218496
-0.0214263
-0.0208992
-0.0202757
-0.0195639
-0.0187718
-0.0179076
-0.0169776
-0.0159799
-0.0148869
-0.013614
-0.0119447
-0.00941291
-0.00568115
-0.00224072
-0.00163154
-0.0013939
-0.00188129
-0.00270992
-0.00394614
-0.00570005
-0.00781676
-0.0100199
-0.0120765
-0.0138755
-0.0154074
-0.0167105
-0.0178339
-0.0188191
-0.0196932
-0.0204701
-0.0211543
-0.0217446
-0.0222366
-0.0226249
-0.0229037
-0.0230685
-0.0231168
-0.0230474
-0.0228617
-0.0225622
-0.0221535
-0.0216416
-0.0210338
-0.020338
-0.0195626
-0.0187164
-0.017808
-0.0168429
-0.0158117
-0.0146692
-0.0132787
-0.0112372
-0.00794515
-0.00428898
-0.00324746
-0.00250685
-0.00297101
-0.00381775
-0.00508162
-0.0068344
-0.00890882
-0.0110228
-0.0129651
-0.0146546
-0.0160977
-0.017337
-0.0184194
-0.0193805
-0.020242
-0.0210136
-0.0216972
-0.0222898
-0.0227861
-0.02318
-0.0234655
-0.0236381
-0.023695
-0.0236353
-0.0234603
-0.0231725
-0.0227764
-0.0222781
-0.0216849
-0.0210048
-0.0202466
-0.0194199
-0.018535
-0.0176013
-0.0166204
-0.015572
-0.0143789
-0.0127445
-0.0100022
-0.00651702
-0.00507349
-0.00359068
-0.00402204
-0.0048667
-0.0061306
-0.00784834
-0.009855
-0.0118672
-0.0137
-0.0152936
-0.0166632
-0.0178519
-0.0189021
-0.0198443
-0.0206956
-0.0214626
-0.0221451
-0.0227391
-0.0232385
-0.0236368
-0.0239276
-0.0241063
-0.0241702
-0.0241183
-0.0239521
-0.0236739
-0.0232885
-0.0228023
-0.0222224
-0.0215573
-0.0208163
-0.0200098
-0.0191492
-0.0182466
-0.0173105
-0.0163379
-0.0152902
-0.0139713
-0.0117659
-0.00873228
-0.00694441
-0.00456587
-0.00496048
-0.00579116
-0.00703495
-0.00870156
-0.0106307
-0.0125452
-0.014282
-0.0157964
-0.0171074
-0.0182563
-0.0192812
-0.020208
-0.0210503
-0.0218126
-0.0224934
-0.0230877
-0.0235888
-0.02399
-0.0242846
-0.0244678
-0.024537
-0.0244912
-0.0243318
-0.0240613
-0.0236847
-0.0232085
-0.0226404
-0.0219891
-0.0212645
-0.0204777
-0.0196413
-0.018769
-0.017874
-0.0169658
-0.0160289
-0.0149498
-0.0132171
-0.0107711
-0.00868603
-0.00537178
-0.00573071
-0.00654474
-0.00775653
-0.00937064
-0.0112211
-0.0130507
-0.0147104
-0.0161638
-0.0174306
-0.0185493
-0.0195544
-0.0204683
-0.0213024
-0.0220597
-0.0227379
-0.0233313
-0.0238329
-0.0242355
-0.0245324
-0.0247186
-0.0247915
-0.0247499
-0.0245954
-0.0243306
-0.0239607
-0.0234925
-0.022934
-0.0222944
-0.0215842
-0.0208154
-0.0200016
-0.0191579
-0.0183006
-0.0174491
-0.0165962
-0.015692
-0.014353
-0.0124808
-0.010245
-0.00596827
-0.00629747
-0.00709939
-0.0082774
-0.0098402
-0.0116213
-0.0133838
-0.0149859
-0.0163962
-0.0176322
-0.0187293
-0.0197193
-0.0206227
-0.0214493
-0.0222014
-0.0228762
-0.0234676
-0.0239685
-0.0243712
-0.0246691
-0.0248568
-0.0249317
-0.0248926
-0.0247411
-0.0244798
-0.0241142
-0.0236514
-0.0230997
-0.022469
-0.0217703
-0.0210163
-0.0202218
-0.0194035
-0.0185794
-0.0177756
-0.0169843
-0.016202
-0.0151635
-0.0137369
-0.0116631
-0.00633479
-0.00665069
-0.0074413
-0.00859131
-0.0101042
-0.011831
-0.0135471
-0.0151103
-0.0164928
-0.0177092
-0.0187923
-0.019772
-0.0206675
-0.021488
-0.0222354
-0.0229066
-0.0234955
-0.0239948
-0.0243967
-0.0246944
-0.0248824
-0.0249579
-0.0249196
-0.0247689
-0.0245088
-0.0241449
-0.0236845
-0.0231364
-0.0225107
-0.0218192
-0.0210755
-0.0202952
-0.0194962
-0.0186978
-0.0179311
-0.0171846
-0.0164898
-0.0156626
-0.0145372
-0.0128717
-0.0064784
-0.00678919
-0.00757236
-0.0087005
-0.010171
-0.0118544
-0.0135414
-0.0150841
-0.0164521
-0.0176587
-0.018735
-0.0197093
-0.0206002
-0.0214165
-0.0221602
-0.0228283
-0.0234148
-0.0239121
-0.0243127
-0.0246095
-0.0247967
-0.0248715
-0.0248322
-0.0246804
-0.0244191
-0.0240538
-0.0235924
-0.0230438
-0.0224187
-0.0217293
-0.02099
-0.0202169
-0.0194296
-0.018648
-0.0179073
-0.0171892
-0.0165616
-0.0158775
-0.0149546
-0.0137333
-0.00642736
-0.006734
-0.00750836
-0.00861835
-0.0100549
-0.0117008
-0.0133673
-0.0149042
-0.0162707
-0.0174781
-0.0185554
-0.0195299
-0.0204199
-0.0212347
-0.0219765
-0.0226426
-0.0232273
-0.023723
-0.0241221
-0.0244175
-0.0246033
-0.0246762
-0.0246346
-0.0244796
-0.0242144
-0.0238445
-0.0233779
-0.022824
-0.0221939
-0.0215004
-0.0207584
-0.0199846
-0.0191997
-0.0184246
-0.0176981
-0.0169899
-0.0164197
-0.0158243
-0.0150513
-0.0141919
-0.00622982
-0.00651948
-0.00727767
-0.00836899
-0.00976947
-0.0113793
-0.013028
-0.0145675
-0.0159442
-0.0171636
-0.0182509
-0.0192322
-0.0201262
-0.0209431
-0.0216856
-0.0223516
-0.0229357
-0.0234307
-0.0238288
-0.0241229
-0.0243069
-0.0243773
-0.024332
-0.024172
-0.0239003
-0.0235225
-0.0230464
-0.0224818
-0.0218403
-0.0211353
-0.0203821
-0.0195986
-0.0188055
-0.0180246
-0.0172959
-0.0165855
-0.0160624
-0.0155067
-0.0148763
-0.0142531
-0.00593792
-0.00619117
-0.00691712
-0.00797838
-0.00933219
-0.010901
-0.0125311
-0.0140761
-0.0154711
-0.0167116
-0.0178176
-0.0188133
-0.0197176
-0.0205414
-0.0212886
-0.0219577
-0.0225438
-0.0230399
-0.0234384
-0.0237318
-0.0239142
-0.0239815
-0.0239314
-0.0237645
-0.0234837
-0.0230943
-0.0226044
-0.0220235
-0.0213637
-0.020639
-0.0198653
-0.0190614
-0.0182488
-0.0174498
-0.0167063
-0.0159825
-0.0154809
-0.0149354
-0.0144445
-0.0139546
-0.00559883
-0.00579926
-0.0064661
-0.00747506
-0.00876949
-0.0102842
-0.0118859
-0.013433
-0.0148496
-0.0161182
-0.0172511
-0.0182695
-0.0191916
-0.0200291
-0.0207867
-0.0214637
-0.0220557
-0.022556
-0.0229571
-0.0232515
-0.0234329
-0.0234973
-0.0234417
-0.0232661
-0.0229736
-0.022569
-0.0220601
-0.0214568
-0.0207713
-0.0200179
-0.0192138
-0.0183782
-0.0175339
-0.0167042
-0.0159328
-0.0151805
-0.0146911
-0.0141287
-0.0137593
-0.0133396
-0.00525048
-0.00539174
-0.00596508
-0.00689515
-0.00811052
-0.00954986
-0.0111035
-0.0126408
-0.0140761
-0.015377
-0.0165447
-0.0175951
-0.0185444
-0.0194043
-0.02018
-0.0208716
-0.0214751
-0.0219841
-0.0223913
-0.0226893
-0.0228715
-0.0229335
-0.022872
-0.0226866
-0.0223798
-0.0219563
-0.0214235
-0.0207912
-0.0200718
-0.0192805
-0.0184351
-0.0175559
-0.016667
-0.015793
-0.0149805
-0.0141877
-0.013703
-0.0131069
-0.012839
-0.0124438
-0.00492225
-0.00500623
-0.00545516
-0.00627381
-0.00738332
-0.00871969
-0.0101973
-0.0117034
-0.0131466
-0.0144797
-0.0156893
-0.016782
-0.01777
-0.0186633
-0.0194673
-0.0201823
-0.0208049
-0.021329
-0.0217474
-0.0220527
-0.0222382
-0.0222994
-0.0222324
-0.0220363
-0.0217131
-0.0212671
-0.0207054
-0.0200376
-0.0192762
-0.0184371
-0.017539
-0.0166035
-0.0156567
-0.0147245
-0.0138573
-0.0130134
-0.0125281
-0.0118817
-0.0117124
-0.0112989
-0.00463157
-0.00466401
-0.0049741
-0.00564775
-0.00661562
-0.0078153
-0.00918271
-0.0106274
-0.0120595
-0.0134183
-0.0146742
-0.0158199
-0.0168598
-0.0178003
-0.0186454
-0.0193954
-0.020047
-0.0205944
-0.0210308
-0.0213486
-0.0215414
-0.021604
-0.0215327
-0.0213258
-0.0209846
-0.0205132
-0.0199178
-0.0192082
-0.0183968
-0.0175001
-0.0165378
-0.0155333
-0.014515
-0.0135105
-0.0125748
-0.01167
-0.0111735
-0.0104534
-0.010418
-0.00991742
-0.0043849
-0.00437246
-0.0045457
-0.00504914
-0.00583702
-0.00685985
-0.00807725
-0.00942333
-0.0108166
-0.0121873
-0.0134889
-0.0146969
-0.015803
-0.0168067
-0.0177088
-0.0185081
-0.0192013
-0.0197828
-0.0202458
-0.0205832
-0.0207883
-0.0208562
-0.0207827
-0.0205657
-0.020206
-0.0197067
-0.0190739
-0.0183169
-0.0174483
-0.0164847
-0.0154473
-0.0143614
-0.0132584
-0.0121676
-0.0111513
-0.0101784
-0.00966063
-0.00884773
-0.00895287
-0.00827509
-0.0041774
-0.00412267
-0.00418422
-0.00450214
-0.00507384
-0.00587604
-0.00689993
-0.00810549
-0.00942574
-0.0107871
-0.0121274
-0.0134033
-0.0145895
-0.0156739
-0.0166509
-0.0175167
-0.0182667
-0.0188952
-0.0193958
-0.0197615
-0.0199859
-0.020064
-0.0199918
-0.0197667
-0.019389
-0.0188611
-0.0181885
-0.0173802
-0.0164487
-0.0154111
-0.0142891
-0.0131106
-0.0119097
-0.0107185
-0.00960985
-0.00856685
-0.00802793
-0.00712628
-0.00729362
-0.00639295
-0.00398773
-0.00390587
-0.00389759
-0.00402517
-0.00434667
-0.00488656
-0.00567103
-0.00669268
-0.00790224
-0.0092274
-0.0105932
-0.0119371
-0.0132139
-0.0143957
-0.0154669
-0.0164181
-0.0172422
-0.017933
-0.0184839
-0.0188886
-0.0191408
-0.0192358
-0.0191698
-0.0189401
-0.0185467
-0.0179917
-0.0172797
-0.016419
-0.0154222
-0.0143063
-0.0130933
-0.0118131
-0.0105015
-0.00919563
-0.00798043
-0.00686057
-0.00628684
-0.00527453
-0.00555261
-0.00442739
-0.00380535
-0.00373326
-0.00367867
-0.00362473
-0.00367019
-0.00390846
-0.00441182
-0.00521001
-0.00627353
-0.00753435
-0.00890772
-0.0103126
-0.0116841
-0.0129759
-0.0141586
-0.015214
-0.0161306
-0.0169001
-0.0175158
-0.0179715
-0.0182615
-0.0183817
-0.0183286
-0.0181002
-0.017696
-0.0171182
-0.0163708
-0.0154612
-0.0144012
-0.0132076
-0.0119023
-0.0105157
-0.00908425
-0.00765113
-0.00631023
-0.00508686
-0.00441459
-0.00322687
-0.00369332
-0.00229672
-0.00364356
-0.00360633
-0.00350356
-0.00328009
-0.00304134
-0.00295115
-0.00314345
-0.00368899
-0.00458022
-0.00575262
-0.00711428
-0.00856858
-0.0100315
-0.0114384
-0.012744
-0.0139185
-0.0149438
-0.0158081
-0.0165033
-0.017023
-0.0173623
-0.0175176
-0.0174865
-0.017268
-0.0168613
-0.0162689
-0.0154945
-0.014545
-0.0134305
-0.0121667
-0.0107743
-0.00928322
-0.00772949
-0.0061615
-0.00467587
-0.00330333
-0.00241615
-0.000897782
-0.00135812
0.00096814
-0.00350322
-0.00349831
-0.00334069
-0.00295664
-0.00243766
-0.00201453
-0.00188897
-0.00217342
-0.00288292
-0.0039551
-0.00529008
-0.00677966
-0.00832382
-0.00984075
-0.01127
-0.0125699
-0.0137137
-0.0146843
-0.0154715
-0.0160677
-0.0164682
-0.0166704
-0.0166729
-0.0164755
-0.0160793
-0.0154855
-0.0146983
-0.0137236
-0.0125699
-0.0112504
-0.00978306
-0.00819376
-0.00651905
-0.00480952
-0.00316188
-0.00159309
-0.000389187
0.00164219
0.00182785
0.00650826
-0.00328452
-0.00334587
-0.00314063
-0.00258911
-0.00181421
-0.0010885
-0.000674953
-0.000722028
-0.00126383
-0.0022414
-0.00354733
-0.00506155
-0.00667207
-0.00828465
-0.00982617
-0.0112444
-0.0125039
-0.0135824
-0.0144661
-0.0151459
-0.0156172
-0.0158777
-0.0159265
-0.0157643
-0.0153928
-0.0148148
-0.0140335
-0.0130539
-0.011883
-0.0105306
-0.00900865
-0.00733465
-0.00554009
-0.00366751
-0.00180351
5.23558e-05
0.00167059
0.00439704
0.00562492
0.0124264
-0.00327204
-0.00326513
-0.00292377
-0.00215945
-0.00113632
-0.000161038
0.000487459
0.000626909
0.000214655
-0.000688565
-0.00197046
-0.00350445
-0.00517003
-0.0068642
-0.00850511
-0.0100316
-0.0114002
-0.0125829
-0.013562
-0.0143273
-0.0148745
-0.0152009
-0.0153058
-0.0151903
-0.0148566
-0.0143076
-0.0135471
-0.0125802
-0.0114127
-0.0100508
-0.00850127
-0.00677124
-0.00486229
-0.00277674
-0.00055036
0.00188436
0.0043887
0.00845456
0.00970055
0.0149698
-0.00258414
-0.00258577
-0.00230853
-0.00151674
-0.000354686
0.000804134
0.00161828
0.00189348
0.00156979
0.000713556
-0.000556939
-0.00211325
-0.00383126
-0.00560107
-0.00733338
-0.00896053
-0.0104335
-0.011717
-0.0127891
-0.0136385
-0.0142596
-0.0146498
-0.0148091
-0.0147394
-0.0144437
-0.0139256
-0.0131893
-0.0122401
-0.0110823
-0.00971835
-0.00815051
-0.00638307
-0.00437333
-0.00205384
0.000716704
0.004307
0.00893211
0.0161715
0.0171244
0.0219508
-0.00473671
-0.00448993
-0.00353229
-0.00187327
-0.000122142
0.00132453
0.00224936
0.00258097
0.0023006
0.00147743
0.000223485
-0.00133639
-0.00307813
-0.00488852
-0.006673
-0.00835789
-0.00989035
-0.0112337
-0.0123636
-0.0132659
-0.0139334
-0.0143635
-0.0145567
-0.0145155
-0.0142439
-0.0137458
-0.0130257
-0.0120878
-0.0109346
-0.00956532
-0.007967
-0.00609342
-0.00391041
-0.00125326
0.00220907
0.00727475
0.014784
0.0268134
0.0336398
0.0645836
-0.00319006
0.000380327
0.000986644
0.000875964
0.0014345
0.00230414
0.00291585
0.0030296
0.00260876
0.00170959
0.00042587
-0.00113744
-0.00287069
-0.00466942
-0.00644342
-0.00812107
-0.00964889
-0.0109909
-0.0121227
-0.0130291
-0.0137016
-0.0141369
-0.0143349
-0.0142975
-0.0140278
-0.0135295
-0.012806
-0.0118597
-0.0106899
-0.00928859
-0.00763418
-0.00568604
-0.00337533
-0.000491903
0.00328265
0.00866295
0.0161741
0.0304338
0.0541692
0.148572
)
;

boundaryField
{
    movingWall
    {
        type            zeroGradient;
    }
    fixedWalls
    {
        type            zeroGradient;
    }
    frontAndBack
    {
        type            empty;
    }
}


// ************************************************************************* //
