/*--------------------------------*- C++ -*----------------------------------*\
| =========                 |                                                 |
| \\      /  F ield         | OpenFOAM: The Open Source CFD Toolbox           |
|  \\    /   O peration     | Version:  2412                                  |
|   \\  /    A nd           | Website:  www.openfoam.com                      |
|    \\/     M anipulation  |                                                 |
\*---------------------------------------------------------------------------*/
FoamFile
{
    version     2.0;
    format      ascii;
    arch        "LSB;label=32;scalar=64";
    class       volScalarField;
    location    "4";
    object      nut;
}
// * * * * * * * * * * * * * * * * * * * * * * * * * * * * * * * * * * * * * //

dimensions      [0 2 -1 0 0 0 0];

internalField   nonuniform List<scalar> 
400
(
5.07758e-06
6.2599e-06
9.42282e-06
1.4313e-05
1.87205e-05
2.16076e-05
2.3102e-05
2.3766e-05
2.39796e-05
2.39814e-05
2.35193e-05
2.30139e-05
2.2293e-05
2.16521e-05
2.09444e-05
2.03383e-05
1.95527e-05
1.79559e-05
1.39053e-05
1.0176e-05
7.00991e-06
1.27213e-05
1.91965e-05
2.15998e-05
2.18732e-05
2.24042e-05
2.06538e-05
2.08259e-05
2.18532e-05
2.37922e-05
2.51718e-05
2.78435e-05
2.84984e-05
3.09043e-05
3.21882e-05
3.20426e-05
3.08153e-05
3.01582e-05
2.60272e-05
1.33559e-05
1.00137e-05
2.41235e-05
2.31854e-05
2.26265e-05
2.25661e-05
2.00157e-05
2.00931e-05
2.2432e-05
2.386e-05
2.45276e-05
2.51503e-05
2.42211e-05
2.38199e-05
2.31782e-05
2.38935e-05
2.6302e-05
2.93296e-05
2.9248e-05
2.78898e-05
1.99735e-05
1.26831e-05
2.48763e-05
2.42155e-05
2.34593e-05
2.01278e-05
2.21981e-05
2.4782e-05
2.75181e-05
2.91008e-05
2.9836e-05
2.99284e-05
2.87634e-05
2.72179e-05
2.48192e-05
2.27585e-05
2.1862e-05
2.37887e-05
2.92169e-05
2.84167e-05
2.56392e-05
1.43967e-05
2.75996e-05
2.51936e-05
2.09815e-05
2.26591e-05
2.64982e-05
3.0195e-05
3.3725e-05
3.62742e-05
3.77458e-05
3.83942e-05
3.79632e-05
3.56681e-05
3.19121e-05
2.70927e-05
2.28134e-05
2.14151e-05
2.3815e-05
2.93215e-05
2.92413e-05
1.54786e-05
2.81425e-05
2.39437e-05
2.1977e-05
2.6063e-05
3.11835e-05
3.57828e-05
4.06136e-05
4.38408e-05
4.57545e-05
4.67992e-05
4.69772e-05
4.52431e-05
4.15663e-05
3.5318e-05
2.78195e-05
2.28275e-05
2.31015e-05
2.76529e-05
3.14381e-05
1.63369e-05
2.91306e-05
2.30815e-05
2.39716e-05
2.95219e-05
3.55034e-05
4.1211e-05
4.65004e-05
4.93185e-05
5.04656e-05
5.0918e-05
5.07653e-05
4.93579e-05
4.67496e-05
4.16318e-05
3.33576e-05
2.48766e-05
2.29117e-05
2.76563e-05
3.28674e-05
1.71827e-05
2.86101e-05
2.27852e-05
2.57218e-05
3.24558e-05
3.92108e-05
4.55577e-05
5.04324e-05
5.23374e-05
5.22417e-05
5.20345e-05
5.17851e-05
5.05325e-05
4.91946e-05
4.58069e-05
3.83363e-05
2.76604e-05
2.28582e-05
2.74123e-05
3.38806e-05
1.79688e-05
2.76719e-05
2.31406e-05
2.72004e-05
3.47727e-05
4.1931e-05
4.82465e-05
5.24842e-05
5.37575e-05
5.27092e-05
5.19032e-05
5.13752e-05
5.00449e-05
4.87803e-05
4.67213e-05
4.18336e-05
3.05823e-05
2.30858e-05
2.76685e-05
3.47167e-05
1.87267e-05
2.59764e-05
2.34703e-05
2.77374e-05
3.56845e-05
4.32475e-05
4.95866e-05
5.3626e-05
5.47363e-05
5.3533e-05
5.2563e-05
5.17697e-05
5.05916e-05
4.93107e-05
4.76477e-05
4.44332e-05
3.28584e-05
2.31375e-05
2.77539e-05
3.54673e-05
1.93076e-05
2.47659e-05
2.3594e-05
2.7985e-05
3.59955e-05
4.34981e-05
4.94355e-05
5.30795e-05
5.45542e-05
5.42224e-05
5.3408e-05
5.23116e-05
5.10955e-05
4.98146e-05
4.81357e-05
4.6017e-05
3.42759e-05
2.31247e-05
2.78039e-05
3.62189e-05
1.97102e-05
2.31167e-05
2.34575e-05
2.67767e-05
3.44654e-05
4.19484e-05
4.80359e-05
5.20899e-05
5.40553e-05
5.42608e-05
5.365e-05
5.26943e-05
5.16352e-05
5.00643e-05
4.82773e-05
4.68691e-05
3.47134e-05
2.24275e-05
2.78057e-05
3.70172e-05
1.96721e-05
2.11158e-05
2.29568e-05
2.6112e-05
3.20787e-05
3.90212e-05
4.5539e-05
5.00943e-05
5.27373e-05
5.37677e-05
5.33061e-05
5.20102e-05
5.09635e-05
4.94597e-05
4.75807e-05
4.71065e-05
3.42624e-05
2.16202e-05
2.75863e-05
3.79134e-05
1.93863e-05
2.02606e-05
2.21707e-05
2.50044e-05
3.03437e-05
3.60057e-05
4.15517e-05
4.61727e-05
4.91189e-05
5.0704e-05
5.09499e-05
4.98046e-05
4.90792e-05
4.78127e-05
4.57769e-05
4.47885e-05
3.18746e-05
2.01196e-05
2.73319e-05
3.89555e-05
1.86042e-05
1.98926e-05
2.13094e-05
2.37291e-05
2.80192e-05
3.30026e-05
3.77826e-05
4.19804e-05
4.4798e-05
4.6646e-05
4.71869e-05
4.66794e-05
4.60344e-05
4.46868e-05
4.2011e-05
3.9226e-05
2.76821e-05
1.83175e-05
2.69383e-05
4.02154e-05
1.72059e-05
1.97368e-05
2.13701e-05
2.26619e-05
2.48511e-05
2.93274e-05
3.33214e-05
3.68236e-05
3.94508e-05
4.13507e-05
4.18317e-05
4.15798e-05
4.06918e-05
3.86898e-05
3.49183e-05
3.0554e-05
2.18641e-05
1.54484e-05
2.67e-05
4.1788e-05
1.46292e-05
1.86323e-05
2.19258e-05
2.36584e-05
2.55485e-05
2.72699e-05
2.94507e-05
3.14901e-05
3.27748e-05
3.38748e-05
3.31672e-05
3.23557e-05
3.07415e-05
2.779e-05
2.34155e-05
1.91375e-05
1.45618e-05
1.36046e-05
2.8008e-05
4.39353e-05
1.37209e-05
1.79254e-05
2.18451e-05
2.31816e-05
2.40371e-05
2.39944e-05
2.34115e-05
2.25524e-05
2.1252e-05
1.97634e-05
1.78409e-05
1.65503e-05
1.52249e-05
1.34628e-05
1.21981e-05
1.12596e-05
1.18455e-05
1.61017e-05
3.15181e-05
4.69539e-05
1.58347e-05
1.38146e-05
1.50031e-05
1.54471e-05
1.55062e-05
1.52873e-05
1.48542e-05
1.45384e-05
1.43243e-05
1.42116e-05
1.4342e-05
1.49482e-05
1.55965e-05
1.70531e-05
1.83e-05
2.07382e-05
2.31252e-05
2.95643e-05
3.796e-05
5.14606e-05
3.75541e-05
4.67699e-05
5.2096e-05
5.3993e-05
5.4482e-05
5.44544e-05
5.43579e-05
5.42159e-05
5.4139e-05
5.41589e-05
5.42345e-05
5.43843e-05
5.46886e-05
5.49517e-05
5.54932e-05
5.57632e-05
5.63459e-05
5.65881e-05
5.84611e-05
5.60585e-05
)
;

boundaryField
{
    movingWall
    {
        type            nutkWallFunction;
        blending        stepwise;
        value           nonuniform List<scalar> 
20
(
0
0
7.97697e-07
1.11058e-06
1.19273e-06
1.18866e-06
1.17359e-06
1.15061e-06
1.1382e-06
1.14146e-06
1.15382e-06
1.17821e-06
1.22767e-06
1.27028e-06
1.35775e-06
1.40155e-06
1.49597e-06
1.53498e-06
1.83761e-06
1.44781e-06
)
;
    }
    fixedWalls
    {
        type            nutkWallFunction;
        blending        stepwise;
        value           nonuniform List<scalar> 
60
(
0
0
0
0
0
0
0
0
0
0
0
0
0
0
0
0
0
0
0
0
0
0
0
0
0
0
0
0
0
0
0
0
0
0
0
0
0
0
6.95116e-07
1.44781e-06
0
0
0
0
0
0
0
0
0
0
0
0
0
0
0
0
0
0
0
0
)
;
    }
    frontAndBack
    {
        type            empty;
    }
}


// ************************************************************************* //
