/*--------------------------------*- C++ -*----------------------------------*\
| =========                 |                                                 |
| \\      /  F ield         | OpenFOAM: The Open Source CFD Toolbox           |
|  \\    /   O peration     | Version:  2412                                  |
|   \\  /    A nd           | Website:  www.openfoam.com                      |
|    \\/     M anipulation  |                                                 |
\*---------------------------------------------------------------------------*/
FoamFile
{
    version     2.0;
    format      ascii;
    arch        "LSB;label=32;scalar=64";
    class       volScalarField;
    location    "4";
    object      p;
}
// * * * * * * * * * * * * * * * * * * * * * * * * * * * * * * * * * * * * * //

dimensions      [0 2 -2 0 0 0 0];

internalField   nonuniform List<scalar> 
400
(
1.0409e-07
-9.69376e-05
-0.000245198
-0.000385654
-0.0007382
-0.00159671
-0.00302534
-0.00483966
-0.00666523
-0.00806207
-0.00867073
-0.0083163
-0.00698585
-0.00461261
-0.00127849
0.00247946
0.00547957
0.00670138
0.00639485
0.00591612
7.78236e-05
-1.95088e-05
-0.000129749
-0.000409738
-0.00105664
-0.00237211
-0.00426249
-0.00632517
-0.00812064
-0.00934546
-0.00987486
-0.00963562
-0.00854633
-0.00649436
-0.00349386
0.000107124
0.00345307
0.00550962
0.0059353
0.00552518
0.000309007
6.39386e-05
-0.00028813
-0.00106841
-0.00251586
-0.00451978
-0.0067366
-0.00877227
-0.0103944
-0.0114767
-0.0119402
-0.0117486
-0.0108554
-0.00924788
-0.00687138
-0.00376413
-0.000158884
0.00324884
0.00516269
0.00511596
0.000337522
-9.08456e-05
-0.000944661
-0.00253537
-0.0047449
-0.0071626
-0.00941806
-0.0112759
-0.0126202
-0.0134351
-0.0137443
-0.0135549
-0.0128402
-0.0116118
-0.00986555
-0.00754071
-0.00442455
-0.000396654
0.00327071
0.00412068
-0.000186079
-0.000862983
-0.0022587
-0.00447458
-0.00705949
-0.00950854
-0.0115511
-0.013115
-0.0142056
-0.0148561
-0.0150821
-0.0148834
-0.0142713
-0.0132771
-0.0119477
-0.0102661
-0.00798165
-0.00449814
-4.9519e-05
0.0021169
-0.00140651
-0.00227963
-0.00402661
-0.00651834
-0.00913264
-0.011404
-0.0131893
-0.0145313
-0.0154922
-0.0160881
-0.0163009
-0.016117
-0.0155521
-0.0146585
-0.013514
-0.0121729
-0.0105453
-0.00808153
-0.00409372
-0.000856391
-0.00311091
-0.00404446
-0.00590229
-0.00839869
-0.010868
-0.0129145
-0.0145059
-0.0157294
-0.016642
-0.0172346
-0.0174673
-0.0173173
-0.0167936
-0.0159472
-0.0148701
-0.0136717
-0.0123909
-0.0107575
-0.00776518
-0.00441991
-0.00485078
-0.00575393
-0.00757788
-0.00994113
-0.0122238
-0.0140834
-0.015556
-0.0167314
-0.0176414
-0.0182557
-0.0185218
-0.0184098
-0.0179235
-0.0171076
-0.0160582
-0.0149135
-0.0137735
-0.0125754
-0.010536
-0.00784663
-0.00625825
-0.00709772
-0.00883709
-0.0110493
-0.013177
-0.0149155
-0.0163297
-0.0174952
-0.0184213
-0.0190626
-0.0193613
-0.0192825
-0.0188265
-0.018032
-0.0169932
-0.0158605
-0.014764
-0.0137424
-0.0123631
-0.0104887
-0.00714566
-0.00791285
-0.00956255
-0.0116781
-0.0137101
-0.0153918
-0.0167904
-0.0179635
-0.0189073
-0.0195692
-0.0198903
-0.0198332
-0.019396
-0.018612
-0.0175706
-0.0164253
-0.0153217
-0.0143696
-0.0133371
-0.0121253
-0.00745439
-0.00817106
-0.00973716
-0.0117904
-0.0137996
-0.0154831
-0.0168965
-0.0180872
-0.0190464
-0.0197204
-0.0200516
-0.0200016
-0.0195668
-0.0187763
-0.0177144
-0.0165347
-0.0153786
-0.0144528
-0.0136015
-0.0128067
-0.0072125
-0.00789596
-0.00940155
-0.0113899
-0.0134337
-0.0151635
-0.0166176
-0.0178387
-0.0188162
-0.0194984
-0.0198297
-0.0197719
-0.0193178
-0.0184951
-0.0173876
-0.0161427
-0.014935
-0.0139833
-0.0132496
-0.0127172
-0.0065617
-0.00719404
-0.00862634
-0.0105253
-0.0125967
-0.014408
-0.0159362
-0.0172116
-0.0182208
-0.0189161
-0.0192442
-0.0191662
-0.0186713
-0.0177875
-0.0165997
-0.015253
-0.0139513
-0.0129549
-0.012311
-0.0119867
-0.0057312
-0.00623381
-0.00751577
-0.00927779
-0.0112998
-0.0131947
-0.014837
-0.0162072
-0.0172782
-0.0180035
-0.0183325
-0.0182265
-0.0176729
-0.0167005
-0.0153972
-0.0139076
-0.0124737
-0.011378
-0.0107198
-0.0104206
-0.00494941
-0.00524629
-0.00623295
-0.00774121
-0.00961472
-0.0115497
-0.0133254
-0.0148335
-0.0160091
-0.0167962
-0.0171448
-0.0170161
-0.0163933
-0.015312
-0.0138717
-0.012225
-0.0106589
-0.00939031
-0.00847808
-0.0076952
-0.00432445
-0.00437902
-0.00491783
-0.00602013
-0.00764684
-0.00955165
-0.0114425
-0.013113
-0.014434
-0.0153229
-0.0157213
-0.0155924
-0.0149272
-0.0137572
-0.0121961
-0.0104077
-0.00872995
-0.00722701
-0.00596459
-0.00462995
-0.00401028
-0.00379144
-0.00379452
-0.00437734
-0.00566631
-0.00746075
-0.00941533
-0.0112358
-0.0127239
-0.0137585
-0.0142627
-0.0141924
-0.0135334
-0.0123205
-0.0106657
-0.00870699
-0.00680935
-0.00486882
-0.0036356
-0.00325938
-0.00337694
-0.0029488
-0.00253525
-0.00266487
-0.00365397
-0.00534151
-0.00733759
-0.00929081
-0.0109534
-0.0121632
-0.0128173
-0.0128606
-0.0122902
-0.0111287
-0.00944379
-0.00728538
-0.00492184
-0.00185195
-0.000681346
-0.00125329
-0.00491
-0.0037162
-0.00243045
-0.00199729
-0.00264208
-0.004158
-0.00612155
-0.00813282
-0.00989466
-0.0112167
-0.0119845
-0.0121371
-0.0116535
-0.0105154
-0.00877996
-0.00632862
-0.00329901
0.00181783
0.00422116
0.0179516
-0.000985979
0.00128509
0.000979695
-9.85779e-05
-0.00140236
-0.00315531
-0.0052709
-0.00740243
-0.00925176
-0.0106363
-0.011448
-0.01162
-0.0111211
-0.00993341
-0.00810329
-0.00546063
-0.00229345
0.00442357
0.00812255
0.0642704
)
;

boundaryField
{
    movingWall
    {
        type            zeroGradient;
    }
    fixedWalls
    {
        type            zeroGradient;
    }
    frontAndBack
    {
        type            empty;
    }
}


// ************************************************************************* //
