/*--------------------------------*- C++ -*----------------------------------*\
| =========                 |                                                 |
| \\      /  F ield         | OpenFOAM: The Open Source CFD Toolbox           |
|  \\    /   O peration     | Version:  2412                                  |
|   \\  /    A nd           | Website:  www.openfoam.com                      |
|    \\/     M anipulation  |                                                 |
\*---------------------------------------------------------------------------*/
FoamFile
{
    version     2.0;
    format      ascii;
    arch        "LSB;label=32;scalar=64";
    class       surfaceScalarField;
    location    "1.25";
    object      phi;
}
// * * * * * * * * * * * * * * * * * * * * * * * * * * * * * * * * * * * * * //

dimensions      [0 3 -1 0 0 0 0];

oriented        oriented;

internalField   nonuniform List<scalar> 
3120
(
1.86181e-09
-1.86456e-09
-5.156e-09
7.01771e-09
-2.15739e-08
1.64178e-08
-4.46791e-08
2.3105e-08
-7.17447e-08
2.70655e-08
-1.00951e-07
2.92064e-08
-1.31251e-07
3.02998e-08
-1.62081e-07
3.08299e-08
-1.93151e-07
3.10701e-08
-2.24318e-07
3.11668e-08
-2.55506e-07
3.11878e-08
-2.86649e-07
3.1143e-08
-3.17644e-07
3.09953e-08
-3.48305e-07
3.06606e-08
-3.78322e-07
3.00171e-08
-4.07229e-07
2.89068e-08
-4.34374e-07
2.71452e-08
-4.58926e-07
2.45516e-08
-4.79888e-07
2.09624e-08
-4.96146e-07
1.62579e-08
-5.06591e-07
1.04446e-08
-5.10314e-07
3.72376e-09
-5.06452e-07
-3.86256e-09
-4.94365e-07
-1.20866e-08
-4.73869e-07
-2.04963e-08
-4.45178e-07
-2.86905e-08
-4.08982e-07
-3.61965e-08
-3.6648e-07
-4.2502e-08
-3.19244e-07
-4.72362e-08
-2.69075e-07
-5.0169e-08
-2.17853e-07
-5.12217e-08
-1.67484e-07
-5.03694e-08
-1.19847e-07
-4.76362e-08
-7.67496e-08
-4.30978e-08
-3.99313e-08
-3.68183e-08
-1.11511e-08
-2.87802e-08
7.79351e-09
-1.89446e-08
1.53607e-08
-7.56715e-09
1.10081e-08
4.35256e-09
1.10081e-08
-7.34484e-09
5.48024e-09
-2.79286e-08
2.76013e-08
-5.91019e-08
4.75911e-08
-9.74749e-08
6.14779e-08
-1.40519e-07
7.01098e-08
-1.86476e-07
7.51633e-08
-2.34185e-07
7.80083e-08
-2.82894e-07
7.95388e-08
-3.32096e-07
8.02718e-08
-3.81412e-07
8.04834e-08
-4.30506e-07
8.02818e-08
-4.79016e-07
7.96522e-08
-5.26504e-07
7.84838e-08
-5.72407e-07
7.6563e-08
-6.15988e-07
7.35985e-08
-6.56337e-07
6.92558e-08
-6.92375e-07
6.31835e-08
-7.22884e-07
5.50605e-08
-7.46579e-07
4.46568e-08
-7.62228e-07
3.19069e-08
-7.68785e-07
1.70022e-08
-7.65253e-07
1.91857e-10
-7.51323e-07
-1.7793e-08
-7.26858e-07
-3.65515e-08
-6.92174e-07
-5.518e-08
-6.48002e-07
-7.28632e-08
-5.95518e-07
-8.86805e-08
-5.3628e-07
-1.0174e-07
-4.72087e-07
-1.11428e-07
-4.04935e-07
-1.17321e-07
-3.36977e-07
-1.1918e-07
-2.70364e-07
-1.16983e-07
-2.07124e-07
-1.10876e-07
-1.49101e-07
-1.0112e-07
-9.79523e-08
-8.79674e-08
-5.52229e-08
-7.15095e-08
-2.25749e-08
-5.15926e-08
-2.00521e-09
-2.81369e-08
4.91494e-09
-2.56759e-09
1.5923e-08
-1.79262e-08
2.34065e-08
-4.96767e-08
5.93518e-08
-8.90412e-08
8.69556e-08
-1.33734e-07
1.0617e-07
-1.8234e-07
1.18716e-07
-2.33763e-07
1.26587e-07
-2.87147e-07
1.31392e-07
-3.41813e-07
1.34205e-07
-3.97209e-07
1.35667e-07
-4.52842e-07
1.36117e-07
-5.08229e-07
1.35669e-07
-5.62828e-07
1.34251e-07
-6.1597e-07
1.31626e-07
-6.66838e-07
1.27431e-07
-7.14467e-07
1.21228e-07
-7.57741e-07
1.1253e-07
-7.95426e-07
1.00868e-07
-8.26248e-07
8.58828e-08
-8.48991e-07
6.74001e-08
-8.62588e-07
4.55038e-08
-8.66158e-07
2.05718e-08
-8.59169e-07
-6.7971e-09
-8.41216e-07
-3.57452e-08
-8.12446e-07
-6.53223e-08
-7.73242e-07
-9.43837e-08
-7.2437e-07
-1.21735e-07
-6.67028e-07
-1.46022e-07
-6.02849e-07
-1.6592e-07
-5.33781e-07
-1.80496e-07
-4.61949e-07
-1.89153e-07
-3.89567e-07
-1.91562e-07
-3.18842e-07
-1.87708e-07
-2.51818e-07
-1.779e-07
-1.90237e-07
-1.62702e-07
-1.35461e-07
-1.42743e-07
-8.84975e-08
-1.18473e-07
-5.0145e-08
-8.99451e-08
-2.13641e-08
-5.69178e-08
-3.97668e-09
-1.99551e-08
1.19463e-08
-2.64648e-08
4.98714e-08
-6.6148e-08
9.90349e-08
-1.10959e-07
1.31767e-07
-1.59223e-07
1.54434e-07
-2.10381e-07
1.69874e-07
-2.63942e-07
1.80147e-07
-3.19375e-07
1.86825e-07
-3.76147e-07
1.90977e-07
-4.33763e-07
1.93283e-07
-4.91731e-07
1.94084e-07
-5.49512e-07
1.93451e-07
-6.06477e-07
1.91216e-07
-6.61864e-07
1.87013e-07
-7.14782e-07
1.80349e-07
-7.64188e-07
1.70634e-07
-8.08904e-07
1.57246e-07
-8.47681e-07
1.39645e-07
-8.79272e-07
1.17473e-07
-9.0251e-07
9.06386e-08
-9.16379e-07
5.93726e-08
-9.20043e-07
2.42358e-08
-9.12912e-07
-1.39285e-08
-8.94619e-07
-5.40381e-08
-8.6514e-07
-9.48013e-08
-8.24745e-07
-1.34778e-07
-7.74078e-07
-1.72403e-07
-7.14249e-07
-2.0585e-07
-6.46875e-07
-2.33295e-07
-5.74075e-07
-2.53296e-07
-4.98269e-07
-2.64959e-07
-4.21967e-07
-2.67864e-07
-3.47669e-07
-2.62006e-07
-2.77645e-07
-2.47924e-07
-2.13693e-07
-2.26654e-07
-1.56983e-07
-1.99454e-07
-1.08039e-07
-1.67417e-07
-6.6914e-08
-1.3107e-07
-3.37112e-08
-9.01206e-08
-9.81012e-09
-4.38561e-08
2.13622e-09
-3.23643e-08
8.22357e-08
-7.74988e-08
1.4417e-07
-1.26259e-07
1.80526e-07
-1.77168e-07
2.05343e-07
-2.30066e-07
2.22772e-07
-2.84833e-07
2.34914e-07
-3.41233e-07
2.43225e-07
-3.98952e-07
2.48696e-07
-4.57611e-07
2.51942e-07
-5.16771e-07
2.53244e-07
-5.75905e-07
2.52584e-07
-6.3437e-07
2.4968e-07
-6.91392e-07
2.44035e-07
-7.46066e-07
2.35022e-07
-7.97332e-07
2.219e-07
-8.44017e-07
2.0393e-07
-8.84879e-07
1.80508e-07
-9.18677e-07
1.51272e-07
-9.44233e-07
1.16194e-07
-9.60482e-07
7.56213e-08
-9.66503e-07
3.02576e-08
-9.61544e-07
-1.88878e-08
-9.45041e-07
-7.05416e-08
-9.16664e-07
-1.23178e-07
-8.76359e-07
-1.75083e-07
-8.24478e-07
-2.24284e-07
-7.61923e-07
-2.68405e-07
-6.90243e-07
-3.04974e-07
-6.11783e-07
-3.31756e-07
-5.29488e-07
-3.47253e-07
-4.46522e-07
-3.5083e-07
-3.66057e-07
-3.42471e-07
-2.90967e-07
-3.23014e-07
-2.23397e-07
-2.94224e-07
-1.64495e-07
-2.58355e-07
-1.14388e-07
-2.17523e-07
-7.24464e-08
-1.73012e-07
-3.79945e-08
-1.24572e-07
-1.19123e-08
-6.99383e-08
-9.77609e-09
-3.61165e-08
1.18352e-07
-8.48866e-08
1.9294e-07
-1.36496e-07
2.32136e-07
-1.89432e-07
2.58279e-07
-2.43694e-07
2.77035e-07
-2.9939e-07
2.9061e-07
-3.56506e-07
3.00341e-07
-4.14907e-07
3.07097e-07
-4.74345e-07
3.1138e-07
-5.34469e-07
3.13368e-07
-5.94817e-07
3.12932e-07
-6.54797e-07
3.09661e-07
-7.13683e-07
3.02921e-07
-7.70588e-07
2.91928e-07
-8.24471e-07
2.75783e-07
-8.74171e-07
2.5363e-07
-9.18458e-07
2.24795e-07
-9.5609e-07
1.88904e-07
-9.85862e-07
1.45966e-07
-1.00663e-06
9.63915e-08
-1.01733e-06
4.09597e-08
-1.01698e-06
-1.92445e-08
-1.00464e-06
-8.28746e-08
-9.79524e-07
-1.48298e-07
-9.40985e-07
-2.13622e-07
-8.88767e-07
-2.76503e-07
-8.2323e-07
-3.33942e-07
-7.45685e-07
-3.82519e-07
-6.5864e-07
-4.18801e-07
-5.65756e-07
-4.40137e-07
-4.71351e-07
-4.45236e-07
-3.79938e-07
-4.33883e-07
-2.95705e-07
-4.07248e-07
-2.21695e-07
-3.68234e-07
-1.59324e-07
-3.20726e-07
-1.08348e-07
-2.685e-07
-6.73781e-08
-2.13982e-07
-3.48241e-08
-1.57127e-07
-1.06793e-08
-9.4083e-08
-2.04554e-08
-3.83165e-08
1.56669e-07
-8.93895e-08
2.44013e-07
-1.4296e-07
2.85707e-07
-1.97397e-07
3.12716e-07
-2.52743e-07
3.32381e-07
-3.09227e-07
3.47095e-07
-3.66989e-07
3.58103e-07
-4.26041e-07
3.66149e-07
-4.86271e-07
3.7161e-07
-5.47446e-07
3.74543e-07
-6.09205e-07
3.74691e-07
-6.71038e-07
3.71494e-07
-7.3229e-07
3.64173e-07
-7.92125e-07
3.51763e-07
-8.49554e-07
3.33211e-07
-9.03462e-07
3.07539e-07
-9.52667e-07
2.74e-07
-9.95964e-07
2.32201e-07
-1.03217e-06
1.82167e-07
-1.06011e-06
1.24332e-07
-1.07862e-06
5.94779e-08
-1.08652e-06
-1.13495e-08
-1.08245e-06
-8.69442e-08
-1.06493e-06
-1.65818e-07
-1.03237e-06
-2.46179e-07
-9.83337e-07
-3.25538e-07
-9.16943e-07
-4.00335e-07
-8.33535e-07
-4.65928e-07
-7.35309e-07
-5.17026e-07
-6.26452e-07
-5.48994e-07
-5.12898e-07
-5.5879e-07
-4.01792e-07
-5.44989e-07
-3.00216e-07
-5.08823e-07
-2.13514e-07
-4.54936e-07
-1.44123e-07
-3.90117e-07
-9.13399e-08
-3.21283e-07
-5.25673e-08
-2.52754e-07
-2.48192e-08
-1.84875e-07
-6.43428e-09
-1.12468e-07
-2.68896e-08
-3.94195e-08
1.96088e-07
-9.17936e-08
2.96387e-07
-1.46582e-07
3.40495e-07
-2.02045e-07
3.68178e-07
-2.58197e-07
3.88533e-07
-3.15326e-07
4.04224e-07
-3.73681e-07
4.16458e-07
-4.33402e-07
4.25869e-07
-4.9451e-07
4.32718e-07
-5.56903e-07
4.36936e-07
-6.20335e-07
4.38123e-07
-6.84405e-07
4.35564e-07
-7.48553e-07
4.2832e-07
-8.12037e-07
4.15247e-07
-8.73966e-07
3.95141e-07
-9.33344e-07
3.66916e-07
-9.8912e-07
3.29775e-07
-1.04024e-06
2.83326e-07
-1.08571e-06
2.27628e-07
-1.12453e-06
1.63155e-07
-1.15571e-06
9.06586e-08
-1.1781e-06
1.104e-08
-1.19012e-06
-7.49206e-08
-1.18958e-06
-1.66363e-07
-1.1735e-06
-2.62255e-07
-1.13839e-06
-3.60649e-07
-1.08077e-06
-4.57955e-07
-9.98218e-07
-5.48482e-07
-8.90752e-07
-6.24492e-07
-7.61288e-07
-6.78458e-07
-6.16909e-07
-7.03169e-07
-4.68988e-07
-6.9291e-07
-3.31086e-07
-6.46724e-07
-2.15094e-07
-5.70928e-07
-1.27476e-07
-4.77736e-07
-6.75557e-08
-3.81203e-07
-2.99623e-08
-2.90348e-07
-8.80647e-09
-2.0603e-07
4.57938e-10
-1.21732e-07
-2.64317e-08
-3.97339e-08
2.35822e-07
-9.2621e-08
3.49274e-07
-1.48003e-07
3.95878e-07
-2.0404e-07
4.24216e-07
-2.60697e-07
4.4519e-07
-3.18287e-07
4.61814e-07
-3.7714e-07
4.7531e-07
-4.37507e-07
4.86236e-07
-4.99538e-07
4.94749e-07
-5.63259e-07
5.00657e-07
-6.28558e-07
5.03422e-07
-6.95162e-07
5.02169e-07
-7.62643e-07
4.95801e-07
-8.30409e-07
4.83013e-07
-8.97752e-07
4.62484e-07
-9.63907e-07
4.33071e-07
-1.02812e-06
3.93992e-07
-1.08975e-06
3.44948e-07
-1.14828e-06
2.86163e-07
-1.20343e-06
2.18299e-07
-1.255e-06
1.42234e-07
-1.30263e-06
5.86732e-08
-1.34532e-06
-3.22371e-08
-1.38046e-06
-1.31219e-07
-1.40343e-06
-2.3929e-07
-1.40727e-06
-3.56801e-07
-1.38334e-06
-4.81892e-07
-1.32301e-06
-6.08809e-07
-1.21952e-06
-7.27988e-07
-1.07098e-06
-8.26992e-07
-8.83966e-07
-8.90184e-07
-6.7404e-07
-9.02836e-07
-4.63371e-07
-8.57393e-07
-2.77643e-07
-7.56656e-07
-1.37717e-07
-6.17662e-07
-5.03203e-08
-4.686e-07
-5.4743e-09
-3.35194e-07
1.09303e-08
-2.22435e-07
9.71215e-09
-1.20514e-07
-1.67195e-08
-3.94619e-08
2.75284e-07
-9.22051e-08
4.02017e-07
-1.4764e-07
4.51313e-07
-2.03815e-07
4.8039e-07
-2.60642e-07
5.02017e-07
-3.18449e-07
5.19622e-07
-3.77629e-07
5.3449e-07
-4.38532e-07
5.47139e-07
-5.01423e-07
5.57641e-07
-5.66464e-07
5.65698e-07
-6.33682e-07
5.7064e-07
-7.02962e-07
5.71449e-07
-7.74052e-07
5.66891e-07
-8.46591e-07
5.55552e-07
-9.20174e-07
5.36067e-07
-9.94447e-07
5.07344e-07
-1.06923e-06
4.68775e-07
-1.14467e-06
4.20385e-07
-1.2214e-06
3.62896e-07
-1.30072e-06
2.97624e-07
-1.38454e-06
2.26047e-07
-1.47475e-06
1.48887e-07
-1.57197e-06
6.49789e-08
-1.67364e-06
-2.95483e-08
-1.77206e-06
-1.40871e-07
-1.85359e-06
-2.7527e-07
-1.89984e-06
-4.35636e-07
-1.89143e-06
-6.1722e-07
-1.8126e-06
-8.06815e-07
-1.65611e-06
-9.83487e-07
-1.42542e-06
-1.12087e-06
-1.13626e-06
-1.19199e-06
-8.17146e-07
-1.17651e-06
-5.07188e-07
-1.06661e-06
-2.48928e-07
-8.75921e-07
-7.69563e-08
-6.40572e-07
5.40162e-09
-4.17552e-07
2.8207e-08
-2.4524e-07
1.94303e-08
-1.11737e-07
2.71081e-09
-3.86946e-08
3.13979e-07
-9.07428e-08
4.54065e-07
-1.45744e-07
5.06314e-07
-2.01624e-07
5.3627e-07
-2.58252e-07
5.58646e-07
-3.15968e-07
5.77337e-07
-3.75214e-07
5.93736e-07
-4.36426e-07
6.08351e-07
-4.99982e-07
6.21196e-07
-5.6617e-07
6.31886e-07
-6.35174e-07
6.39644e-07
-7.07063e-07
6.43337e-07
-7.81822e-07
6.4165e-07
-8.5942e-07
6.3315e-07
-9.39913e-07
6.1656e-07
-1.0236e-06
5.91035e-07
-1.11127e-06
5.5644e-07
-1.20448e-06
5.13593e-07
-1.306e-06
4.64422e-07
-1.42019e-06
4.11812e-07
-1.55278e-06
3.58635e-07
-1.70943e-06
3.05542e-07
-1.89223e-06
2.47774e-07
-2.09575e-06
1.73971e-07
-2.30541e-06
6.87924e-08
-2.49469e-06
-8.59876e-08
-2.63442e-06
-2.9591e-07
-2.69648e-06
-5.55158e-07
-2.65976e-06
-8.43538e-07
-2.51312e-06
-1.13012e-06
-2.25523e-06
-1.37877e-06
-1.89651e-06
-1.55072e-06
-1.46363e-06
-1.60938e-06
-1.00046e-06
-1.52979e-06
-5.66107e-07
-1.31027e-06
-2.26375e-07
-9.80304e-07
-3.17123e-08
-6.12215e-07
3.06683e-08
-3.07621e-07
2.56955e-08
-1.06765e-07
2.84063e-08
-3.74597e-08
3.51438e-07
-8.83592e-08
5.04965e-07
-1.42459e-07
5.60413e-07
-1.97604e-07
5.91415e-07
-2.53626e-07
6.14668e-07
-3.10872e-07
6.34583e-07
-3.69828e-07
6.52693e-07
-4.31002e-07
6.69525e-07
-4.9487e-07
6.85065e-07
-5.61851e-07
6.98867e-07
-6.32289e-07
7.10082e-07
-7.06475e-07
7.17523e-07
-7.84694e-07
7.1987e-07
-8.67352e-07
7.15808e-07
-9.55141e-07
7.04349e-07
-1.04932e-06
6.85211e-07
-1.1521e-06
6.59227e-07
-1.26733e-06
6.28815e-07
-1.40119e-06
5.98285e-07
-1.56274e-06
5.7336e-07
-1.76271e-06
5.58606e-07
-2.00961e-06
5.52445e-07
-2.30308e-06
5.4124e-07
-2.62679e-06
4.97682e-07
-2.9484e-06
3.90404e-07
-3.23198e-06
1.97588e-07
-3.44482e-06
-8.30634e-08
-3.56347e-06
-4.36512e-07
-3.57207e-06
-8.34941e-07
-3.45978e-06
-1.2424e-06
-3.21751e-06
-1.62104e-06
-2.84089e-06
-1.92734e-06
-2.33955e-06
-2.11072e-06
-1.74787e-06
-2.12146e-06
-1.13105e-06
-1.92709e-06
-5.76519e-07
-1.53484e-06
-1.79332e-07
-1.0094e-06
3.99552e-10
-4.87353e-07
2.47002e-08
-1.31065e-07
5.31065e-08
-3.58042e-08
3.87243e-07
-8.51135e-08
5.54274e-07
-1.37856e-07
6.13156e-07
-1.91812e-07
6.45371e-07
-2.46781e-07
6.69637e-07
-3.0311e-07
6.90911e-07
-3.61314e-07
7.10897e-07
-4.21963e-07
7.30174e-07
-4.85622e-07
7.48724e-07
-5.52831e-07
7.66076e-07
-6.24108e-07
7.81359e-07
-6.99989e-07
7.93404e-07
-7.81118e-07
8.00999e-07
-8.68436e-07
8.03126e-07
-9.63439e-07
7.99352e-07
-1.0686e-06
7.90374e-07
-1.18807e-06
7.7869e-07
-1.32864e-06
7.69386e-07
-1.50085e-06
7.70499e-07
-1.71869e-06
7.91199e-07
-1.99609e-06
8.36012e-07
-2.33952e-06
8.95872e-07
-2.73556e-06
9.37277e-07
-3.14803e-06
9.10152e-07
-3.53224e-06
7.74613e-07
-3.84979e-06
5.15145e-07
-4.07754e-06
1.44687e-07
-4.20968e-06
-3.04379e-07
-4.24942e-06
-7.95201e-07
-4.19049e-06
-1.30133e-06
-4.01851e-06
-1.79302e-06
-3.71094e-06
-2.2349e-06
-3.2464e-06
-2.57527e-06
-2.62371e-06
-2.74415e-06
-1.88593e-06
-2.66488e-06
-1.13018e-06
-2.29058e-06
-4.88783e-07
-1.6508e-06
-9.57377e-08
-8.80398e-07
1.24155e-08
-2.39218e-07
6.5522e-08
-3.37584e-08
4.21001e-07
-8.10372e-08
6.01553e-07
-1.31964e-07
6.64082e-07
-1.84255e-07
6.97662e-07
-2.37679e-07
7.23061e-07
-2.92574e-07
7.45806e-07
-3.49475e-07
7.67798e-07
-4.08992e-07
7.89691e-07
-4.71764e-07
8.11495e-07
-5.38442e-07
8.32754e-07
-6.09713e-07
8.5263e-07
-6.86371e-07
8.70062e-07
-7.69448e-07
8.84077e-07
-8.60472e-07
8.9415e-07
-9.6183e-07
9.00709e-07
-1.07737e-06
9.05917e-07
-1.21336e-06
9.14679e-07
-1.37969e-06
9.35716e-07
-1.59065e-06
9.81455e-07
-1.86324e-06
1.06379e-06
-2.2105e-06
1.18327e-06
-2.624e-06
1.30937e-06
-3.06668e-06
1.37996e-06
-3.49052e-06
1.33398e-06
-3.84944e-06
1.13353e-06
-4.11539e-06
7.81101e-07
-4.28854e-06
3.17838e-07
-4.38643e-06
-2.06491e-07
-4.42866e-06
-7.52977e-07
-4.42192e-06
-1.30807e-06
-4.35548e-06
-1.85946e-06
-4.19573e-06
-2.39465e-06
-3.89126e-06
-2.87974e-06
-3.39142e-06
-3.24399e-06
-2.6797e-06
-3.37659e-06
-1.81621e-06
-3.15408e-06
-9.55692e-07
-2.51132e-06
-2.99948e-07
-1.53614e-06
-1.54735e-08
-5.23693e-07
5.00486e-08
-3.134e-08
4.52341e-07
-7.61468e-08
6.4636e-07
-1.24789e-07
7.12725e-07
-1.74923e-07
7.47796e-07
-2.26279e-07
7.74417e-07
-2.79174e-07
7.98701e-07
-3.34142e-07
8.22766e-07
-3.91816e-07
8.47365e-07
-4.52886e-07
8.72565e-07
-5.18093e-07
8.97961e-07
-5.88277e-07
9.22814e-07
-6.64477e-07
9.46262e-07
-7.48097e-07
9.67697e-07
-8.41225e-07
9.87278e-07
-9.47097e-07
1.00658e-06
-1.07084e-06
1.02966e-06
-1.22055e-06
1.06439e-06
-1.40841e-06
1.12358e-06
-1.65064e-06
1.22368e-06
-1.96369e-06
1.37684e-06
-2.34909e-06
1.56867e-06
-2.7769e-06
1.73719e-06
-3.19847e-06
1.80153e-06
-3.55891e-06
1.69442e-06
-3.81619e-06
1.39082e-06
-3.96744e-06
9.32351e-07
-4.04008e-06
3.90477e-07
-4.06932e-06
-1.77248e-07
-4.08201e-06
-7.40291e-07
-4.09724e-06
-1.29284e-06
-4.11513e-06
-1.84157e-06
-4.11248e-06
-2.3973e-06
-4.03219e-06
-2.96002e-06
-3.78544e-06
-3.49075e-06
-3.2819e-06
-3.88013e-06
-2.49196e-06
-3.94401e-06
-1.51753e-06
-3.48575e-06
-6.11265e-07
-2.44241e-06
-7.53591e-08
-1.0596e-06
-2.53106e-08
-2.8568e-08
4.80909e-07
-7.04623e-08
6.88254e-07
-1.16351e-07
7.58613e-07
-1.63828e-07
7.95273e-07
-2.12572e-07
8.23162e-07
-2.62864e-07
8.48992e-07
-3.15214e-07
8.75116e-07
-3.70255e-07
9.02407e-07
-4.287e-07
9.3101e-07
-4.91353e-07
9.60614e-07
-5.59171e-07
9.90632e-07
-6.33391e-07
1.02048e-06
-7.15722e-07
1.05003e-06
-8.0869e-07
1.08025e-06
-9.16171e-07
1.11406e-06
-1.04415e-06
1.15764e-06
-1.20174e-06
1.22197e-06
-1.40181e-06
1.32365e-06
-1.65994e-06
1.48182e-06
-1.98606e-06
1.70295e-06
-2.36481e-06
1.94742e-06
-2.75586e-06
2.12825e-06
-3.10537e-06
2.15104e-06
-3.35747e-06
1.94652e-06
-3.49312e-06
1.52646e-06
-3.53715e-06
9.76383e-07
-3.52934e-06
3.82667e-07
-3.50353e-06
-2.0306e-07
-3.4806e-06
-7.6322e-07
-3.47719e-06
-1.29625e-06
-3.50787e-06
-1.81089e-06
-3.57692e-06
-2.32825e-06
-3.65857e-06
-2.87837e-06
-3.67353e-06
-3.47579e-06
-3.48664e-06
-4.06702e-06
-2.96003e-06
-4.47062e-06
-2.06739e-06
-4.37838e-06
-1.01009e-06
-3.49971e-06
-1.99361e-07
-1.87033e-06
-2.24672e-07
-2.54698e-08
5.06379e-07
-6.40214e-08
7.26806e-07
-1.06695e-07
8.01287e-07
-1.5102e-07
8.39598e-07
-1.96605e-07
8.68748e-07
-2.43674e-07
8.96061e-07
-2.92694e-07
9.24136e-07
-3.44269e-07
9.53982e-07
-3.99106e-07
9.85847e-07
-4.5803e-07
1.01954e-06
-5.22066e-07
1.05467e-06
-5.92567e-07
1.09098e-06
-6.71426e-07
1.12889e-06
-7.61402e-07
1.17022e-06
-8.66632e-07
1.21929e-06
-9.93296e-07
1.28431e-06
-1.15031e-06
1.37898e-06
-1.34931e-06
1.52265e-06
-1.60228e-06
1.73479e-06
-1.90923e-06
2.0099e-06
-2.24462e-06
2.28281e-06
-2.56756e-06
2.45118e-06
-2.82375e-06
2.40723e-06
-2.97332e-06
2.0961e-06
-3.02602e-06
1.57916e-06
-3.01961e-06
9.69974e-07
-2.98752e-06
3.50577e-07
-2.94625e-06
-2.44332e-07
-2.90245e-06
-8.07015e-07
-2.86651e-06
-1.3322e-06
-2.85745e-06
-1.81995e-06
-2.90008e-06
-2.28562e-06
-3.01056e-06
-2.76789e-06
-3.16358e-06
-3.32276e-06
-3.24981e-06
-3.98079e-06
-3.07263e-06
-4.6478e-06
-2.45166e-06
-4.99936e-06
-1.4239e-06
-4.52747e-06
-3.92192e-07
-2.90204e-06
-6.16864e-07
-2.20854e-08
5.28464e-07
-5.68915e-08
7.61612e-07
-9.59093e-08
8.40305e-07
-1.36604e-07
8.80293e-07
-1.78498e-07
9.10642e-07
-2.21736e-07
9.39298e-07
-2.66719e-07
9.69119e-07
-3.13994e-07
1.00126e-06
-3.64227e-07
1.03608e-06
-4.18222e-07
1.07353e-06
-4.77002e-07
1.11345e-06
-5.41936e-07
1.15592e-06
-6.1494e-07
1.20189e-06
-6.98726e-07
1.25401e-06
-7.97228e-07
1.31779e-06
-9.16027e-07
1.40311e-06
-1.0626e-06
1.52556e-06
-1.24566e-06
1.70571e-06
-1.47179e-06
1.96092e-06
-1.73284e-06
2.27095e-06
-2.00328e-06
2.55324e-06
-2.24681e-06
2.69471e-06
-2.41883e-06
2.57925e-06
-2.50349e-06
2.18076e-06
-2.5265e-06
1.60217e-06
-2.52104e-06
9.64513e-07
-2.50363e-06
3.33169e-07
-2.47409e-06
-2.73878e-07
-2.4299e-06
-8.51204e-07
-2.37544e-06
-1.38665e-06
-2.32631e-06
-1.86908e-06
-2.30972e-06
-2.30221e-06
-2.36115e-06
-2.71647e-06
-2.50708e-06
-3.17683e-06
-2.71497e-06
-3.77291e-06
-2.82368e-06
-4.53909e-06
-2.55819e-06
-5.26485e-06
-1.74157e-06
-5.34409e-06
-6.23139e-07
-4.02047e-06
-1.24e-06
-1.84689e-08
5.46933e-07
-4.91699e-08
7.92313e-07
-8.41295e-08
8.75264e-07
-1.20754e-07
9.16917e-07
-1.5846e-07
9.48347e-07
-1.97296e-07
9.78135e-07
-2.37574e-07
1.0094e-06
-2.79758e-07
1.04344e-06
-3.24436e-07
1.08076e-06
-3.72346e-07
1.12144e-06
-4.24436e-07
1.16554e-06
-4.81981e-07
1.21346e-06
-5.46726e-07
1.26664e-06
-6.21074e-07
1.32836e-06
-7.08275e-07
1.40499e-06
-8.12599e-07
1.50743e-06
-9.39095e-07
1.65205e-06
-1.09254e-06
1.85916e-06
-1.27406e-06
2.14243e-06
-1.4724e-06
2.46929e-06
-1.66827e-06
2.74911e-06
-1.83547e-06
2.86191e-06
-1.94655e-06
2.69033e-06
-2.00311e-06
2.23733e-06
-2.03053e-06
1.62959e-06
-2.04801e-06
9.81998e-07
-2.05695e-06
3.4211e-07
-2.04832e-06
-2.82512e-07
-2.01531e-06
-8.84209e-07
-1.95928e-06
-1.44269e-06
-1.89294e-06
-1.93542e-06
-1.83912e-06
-2.35602e-06
-1.82919e-06
-2.7264e-06
-1.90411e-06
-3.10191e-06
-2.09439e-06
-3.58262e-06
-2.33775e-06
-4.29573e-06
-2.37978e-06
-5.22282e-06
-1.8791e-06
-5.84477e-06
-8.33238e-07
-5.06633e-06
-2.07324e-06
-1.46884e-08
5.61622e-07
-4.09845e-08
8.18609e-07
-7.15383e-08
9.05818e-07
-1.03706e-07
9.49085e-07
-1.36788e-07
9.81429e-07
-1.70719e-07
1.01207e-06
-2.05698e-07
1.04438e-06
-2.42082e-07
1.07983e-06
-2.80355e-07
1.11903e-06
-3.2114e-07
1.16223e-06
-3.65247e-07
1.20965e-06
-4.13746e-07
1.26196e-06
-4.68053e-07
1.32094e-06
-5.29996e-07
1.3903e-06
-6.01809e-07
1.47681e-06
-6.85978e-07
1.5916e-06
-7.84584e-07
1.75066e-06
-8.98247e-07
1.97283e-06
-1.02363e-06
2.26781e-06
-1.15099e-06
2.59665e-06
-1.26982e-06
2.86794e-06
-1.36859e-06
2.96069e-06
-1.43857e-06
2.76031e-06
-1.48736e-06
2.28611e-06
-1.52997e-06
1.6722e-06
-1.57133e-06
1.02336e-06
-1.60415e-06
3.74924e-07
-1.61656e-06
-2.70092e-07
-1.59987e-06
-9.00908e-07
-1.55366e-06
-1.48889e-06
-1.48971e-06
-1.99938e-06
-1.42835e-06
-2.41737e-06
-1.39271e-06
-2.76204e-06
-1.41312e-06
-3.0815e-06
-1.53475e-06
-3.461e-06
-1.77891e-06
-4.05157e-06
-2.00157e-06
-5.00016e-06
-1.81517e-06
-6.03117e-06
-9.57447e-07
-5.92405e-06
-3.03069e-06
-1.08339e-08
5.72456e-07
-3.25077e-08
8.40283e-07
-5.83772e-08
9.31688e-07
-8.57717e-08
9.76479e-07
-1.13868e-07
1.00953e-06
-1.42475e-07
1.04067e-06
-1.71666e-07
1.07357e-06
-2.01669e-07
1.10983e-06
-2.32836e-07
1.1502e-06
-2.6564e-07
1.19503e-06
-3.00702e-07
1.24471e-06
-3.38813e-07
1.30007e-06
-3.80945e-07
1.36308e-06
-4.282e-07
1.43755e-06
-4.81609e-07
1.53022e-06
-5.41662e-07
1.65165e-06
-6.07518e-07
1.81652e-06
-6.75932e-07
2.04124e-06
-7.40461e-07
2.33234e-06
-7.94711e-07
2.6509e-06
-8.37242e-07
2.91047e-06
-8.72206e-07
2.99565e-06
-9.09097e-07
2.79721e-06
-9.5365e-07
2.33066e-06
-1.00723e-06
1.72578e-06
-1.06396e-06
1.08008e-06
-1.11314e-06
4.24105e-07
-1.14346e-06
-2.39766e-07
-1.14621e-06
-8.98157e-07
-1.11946e-06
-1.51565e-06
-1.07389e-06
-2.04495e-06
-1.02827e-06
-2.463e-06
-9.99785e-07
-2.79053e-06
-1.00562e-06
-3.07567e-06
-1.07756e-06
-3.38905e-06
-1.26619e-06
-3.86294e-06
-1.5429e-06
-4.72345e-06
-1.59247e-06
-5.98161e-06
-9.79036e-07
-6.53748e-06
-4.00972e-06
-7.01287e-09
5.79469e-07
-2.39473e-08
8.57217e-07
-4.49503e-08
9.52691e-07
-6.73455e-08
9.98875e-07
-9.01856e-08
1.03237e-06
-1.13147e-07
1.06363e-06
-1.36172e-07
1.09659e-06
-1.59354e-07
1.13301e-06
-1.82898e-07
1.17374e-06
-2.07105e-07
1.21924e-06
-2.32371e-07
1.26997e-06
-2.59161e-07
1.32686e-06
-2.87945e-07
1.39186e-06
-3.19039e-07
1.46865e-06
-3.52264e-07
1.56344e-06
-3.86322e-07
1.68571e-06
-4.17893e-07
1.84809e-06
-4.40586e-07
2.06393e-06
-4.45815e-07
2.33757e-06
-4.29861e-07
2.63495e-06
-3.9877e-07
2.87938e-06
-3.69727e-07
2.96661e-06
-3.67868e-07
2.79535e-06
-3.99413e-07
2.36221e-06
-4.52885e-07
1.77925e-06
-5.14057e-07
1.14126e-06
-5.70925e-07
4.80973e-07
-6.14782e-07
-1.95909e-07
-6.38791e-07
-8.74148e-07
-6.40693e-07
-1.51374e-06
-6.28823e-07
-2.05682e-06
-6.18126e-07
-2.47369e-06
-6.20539e-07
-2.78811e-06
-6.44435e-07
-3.05177e-06
-7.05446e-07
-3.32804e-06
-8.45365e-07
-3.72302e-06
-1.10185e-06
-4.46696e-06
-1.2872e-06
-5.79626e-06
-9.19681e-07
-6.905e-06
-4.92941e-06
-3.34604e-09
5.82815e-07
-1.55334e-08
8.69405e-07
-3.15984e-08
9.68756e-07
-4.88764e-08
1.01615e-06
-6.63023e-08
1.04979e-06
-8.34182e-08
1.08075e-06
-1.00031e-07
1.11321e-06
-1.16097e-07
1.14908e-06
-1.31673e-07
1.18932e-06
-1.46887e-07
1.23445e-06
-1.61902e-07
1.28499e-06
-1.76851e-07
1.34181e-06
-1.91712e-07
1.40672e-06
-2.06062e-07
1.483e-06
-2.18662e-07
1.57604e-06
-2.26781e-07
1.69383e-06
-2.25327e-07
1.84663e-06
-2.06115e-07
2.04472e-06
-1.58817e-07
2.29027e-06
-8.09369e-08
2.55706e-06
1.76384e-08
2.78081e-06
1.1229e-07
2.87196e-06
1.66472e-07
2.74116e-06
1.65568e-07
2.36311e-06
1.26275e-07
1.81855e-06
7.07628e-08
1.19677e-06
1.37611e-08
5.37975e-07
-3.90178e-08
-1.4313e-07
-8.42074e-08
-8.28958e-07
-1.22794e-07
-1.47516e-06
-1.59092e-07
-2.02052e-06
-1.99504e-07
-2.43328e-06
-2.49056e-07
-2.73856e-06
-3.10919e-07
-2.98991e-06
-3.91504e-07
-3.24746e-06
-5.14706e-07
-3.59982e-06
-7.32415e-07
-4.24925e-06
-9.69592e-07
-5.55909e-06
-8.10948e-07
-7.06364e-06
-5.74035e-06
7.58358e-11
5.82739e-07
-7.5229e-09
8.77004e-07
-1.87065e-08
9.79939e-07
-3.08613e-08
1.02831e-06
-4.2828e-08
1.06176e-06
-5.40211e-08
1.09194e-06
-6.41166e-08
1.1233e-06
-7.29354e-08
1.1579e-06
-8.03938e-08
1.19678e-06
-8.64544e-08
1.24051e-06
-9.10696e-08
1.2896e-06
-9.40821e-08
1.34482e-06
-9.50549e-08
1.40769e-06
-9.29892e-08
1.48093e-06
-8.58613e-08
1.56891e-06
-6.99751e-08
1.67794e-06
-3.9099e-08
1.81576e-06
1.60952e-08
1.98953e-06
1.05281e-07
2.20109e-06
2.32924e-07
2.42942e-06
3.90059e-07
2.62367e-06
5.4936e-07
2.71265e-06
6.67791e-07
2.62273e-06
7.17415e-07
2.31349e-06
7.09494e-07
1.82647e-06
6.70401e-07
1.23586e-06
6.17979e-07
5.90397e-07
5.56287e-07
-8.14379e-08
4.87655e-07
-7.60326e-07
4.06301e-07
-1.3938e-06
3.1252e-07
-1.92674e-06
2.10748e-07
-2.33151e-06
1.04852e-07
-2.63266e-06
-4.3996e-09
-2.88066e-06
-1.20609e-07
-3.13125e-06
-2.56544e-07
-3.46388e-06
-4.49058e-07
-4.05673e-06
-6.86086e-07
-5.32206e-06
-6.78426e-07
-7.0713e-06
-6.41878e-06
3.0204e-09
5.79718e-07
-2.61751e-10
8.80286e-07
-6.7083e-09
9.86386e-07
-1.38495e-08
1.03545e-06
-2.04262e-08
1.06834e-06
-2.5736e-08
1.09725e-06
-2.93379e-08
1.1269e-06
-3.09259e-08
1.15948e-06
-3.03012e-08
1.19615e-06
-2.72867e-08
1.2375e-06
-2.16653e-08
1.28398e-06
-1.30588e-08
1.33622e-06
-7.34857e-10
1.39537e-06
1.66849e-08
1.46351e-06
4.16447e-08
1.54395e-06
7.82984e-08
1.64129e-06
1.33092e-07
1.76096e-06
2.15015e-07
1.9076e-06
3.34989e-07
2.08111e-06
4.97809e-07
2.2666e-06
6.95728e-07
2.42575e-06
9.06149e-07
2.50223e-06
1.08882e-06
2.44007e-06
1.20501e-06
2.1973e-06
1.24924e-06
1.78224e-06
1.24097e-06
1.24414e-06
1.19968e-06
6.31686e-07
1.12855e-06
-1.03075e-08
1.03273e-06
-6.64512e-07
9.04719e-07
-1.26579e-06
7.51373e-07
-1.7734e-06
5.8714e-07
-2.16728e-06
4.23994e-07
-2.46952e-06
2.66236e-07
-2.7229e-06
1.10803e-07
-2.97582e-06
-5.26005e-08
-3.30048e-06
-2.43796e-07
-3.86554e-06
-4.66336e-07
-5.09952e-06
-5.3578e-07
-7.00186e-06
-6.95456e-06
5.46604e-09
5.74252e-07
6.05275e-09
8.79699e-07
3.95366e-09
9.88485e-07
1.5745e-09
1.03783e-06
1.99878e-10
1.06971e-06
6.24094e-10
1.09683e-06
3.39344e-09
1.12413e-06
8.87606e-09
1.154e-06
1.73974e-08
1.18763e-06
2.92271e-08
1.22567e-06
4.46933e-08
1.26852e-06
6.43086e-08
1.3166e-06
8.89602e-08
1.37072e-06
1.20195e-07
1.43228e-06
1.60616e-07
1.50353e-06
2.14344e-07
1.58756e-06
2.87526e-07
1.68778e-06
3.88501e-07
1.80663e-06
5.26942e-07
1.94267e-06
7.0875e-07
2.08479e-06
9.28411e-07
2.20609e-06
1.1678e-06
2.26284e-06
1.39623e-06
2.21164e-06
1.5743e-06
2.01923e-06
1.67976e-06
1.67677e-06
1.71474e-06
1.20916e-06
1.69055e-06
6.55875e-07
1.61888e-06
6.13592e-08
1.49349e-06
-5.39117e-07
1.3224e-06
-1.09471e-06
1.11867e-06
-1.56966e-06
9.0301e-07
-1.95162e-06
6.9183e-07
-2.25834e-06
4.91508e-07
-2.52258e-06
2.99693e-07
-2.784e-06
1.0709e-07
-3.10787e-06
-9.88671e-08
-3.65958e-06
-3.17742e-07
-4.88064e-06
-4.03245e-07
-6.91635e-06
-7.3578e-06
7.2244e-09
5.67028e-07
1.09946e-08
8.75929e-07
1.27782e-08
9.86701e-07
1.47774e-08
1.03583e-06
1.83006e-08
1.06619e-06
2.42005e-08
1.09093e-06
3.30855e-08
1.11525e-06
4.54195e-08
1.14167e-06
6.15523e-08
1.1715e-06
8.18132e-08
1.20541e-06
1.06584e-07
1.24374e-06
1.36428e-07
1.28676e-06
1.72267e-07
1.33488e-06
2.15629e-07
1.38891e-06
2.68977e-07
1.45019e-06
3.36079e-07
1.52046e-06
4.22342e-07
1.60152e-06
5.34856e-07
1.69411e-06
6.81586e-07
1.79594e-06
8.6826e-07
1.89812e-06
1.09221e-06
1.98214e-06
1.33828e-06
2.01678e-06
1.58351e-06
1.96641e-06
1.79633e-06
1.80641e-06
1.94793e-06
1.52518e-06
2.02468e-06
1.13241e-06
2.02558e-06
6.5497e-07
1.95559e-06
1.31357e-07
1.81596e-06
-3.99496e-07
1.61962e-06
-8.98363e-07
1.38655e-06
-1.33659e-06
1.14024e-06
-1.70531e-06
8.98026e-07
-2.01612e-06
6.66803e-07
-2.29136e-06
4.45501e-07
-2.5627e-06
2.2723e-07
-2.8896e-06
2.62038e-09
-3.43497e-06
-2.1974e-07
-4.65828e-06
-3.07417e-07
-6.82868e-06
-7.66522e-06
8.10361e-09
5.58924e-07
1.41887e-08
8.69844e-07
1.91927e-08
9.81697e-07
2.50705e-08
1.02995e-06
3.30941e-08
1.05816e-06
4.41426e-08
1.07988e-06
5.88585e-08
1.10053e-06
7.77218e-08
1.1228e-06
1.01105e-07
1.14811e-06
1.2934e-07
1.17717e-06
1.628e-07
1.21028e-06
2.02016e-07
1.24754e-06
2.47835e-07
1.28906e-06
3.01624e-07
1.33512e-06
3.65526e-07
1.38628e-06
4.42718e-07
1.44327e-06
5.37617e-07
1.50662e-06
6.55787e-07
1.57594e-06
8.03279e-07
1.64845e-06
9.84597e-07
1.7168e-06
1.19913e-06
1.7676e-06
1.43563e-06
1.78028e-06
1.67397e-06
1.72807e-06
1.89036e-06
1.59002e-06
2.05852e-06
1.35702e-06
2.15813e-06
1.0328e-06
2.17881e-06
6.34286e-07
2.1192e-06
1.90965e-07
1.9842e-06
-2.64489e-07
1.7879e-06
-7.02062e-07
1.55145e-06
-1.10013e-06
1.29744e-06
-1.45131e-06
1.04187e-06
-1.76055e-06
7.92522e-07
-2.04201e-06
5.51153e-07
-2.32133e-06
3.13829e-07
-2.65228e-06
7.25916e-08
-3.19373e-06
-1.53478e-07
-4.43221e-06
-2.52005e-07
-6.73015e-06
-7.91723e-06
7.88936e-09
5.51035e-07
1.51925e-08
8.62541e-07
2.25739e-08
9.74316e-07
3.16955e-08
1.02083e-06
4.37357e-08
1.04612e-06
5.95484e-08
1.06407e-06
7.97581e-08
1.08032e-06
1.0482e-07
1.09774e-06
1.35075e-07
1.11786e-06
1.70808e-07
1.14144e-06
2.12329e-07
1.16876e-06
2.60073e-07
1.1998e-06
3.1473e-07
1.2344e-06
3.77411e-07
1.27244e-06
4.49824e-07
1.31387e-06
5.34451e-07
1.35864e-06
6.34617e-07
1.40645e-06
7.54412e-07
1.45615e-06
8.98068e-07
1.50479e-06
1.0685e-06
1.54637e-06
1.26526e-06
1.57084e-06
1.48123e-06
1.56431e-06
1.69998e-06
1.50931e-06
1.901e-06
1.389e-06
2.06293e-06
1.19509e-06
2.16626e-06
9.29464e-07
2.19728e-06
6.03268e-07
2.15179e-06
2.36454e-07
2.03352e-06
-1.46213e-07
1.85448e-06
-5.23031e-07
1.63274e-06
-8.78394e-07
1.38645e-06
-1.20501e-06
1.13031e-06
-1.50441e-06
8.74528e-07
-1.78623e-06
6.23423e-07
-2.07023e-06
3.74527e-07
-2.40338e-06
1.21222e-07
-2.94043e-06
-1.10436e-07
-4.20056e-06
-2.2603e-07
-6.61456e-06
-8.14325e-06
6.29541e-09
5.4474e-07
1.34476e-08
8.55388e-07
2.21727e-08
9.65591e-07
3.37891e-08
1.00921e-06
4.93055e-08
1.03061e-06
6.948e-08
1.04389e-06
9.48537e-08
1.05495e-06
1.25799e-07
1.0668e-06
1.62567e-07
1.08109e-06
2.0535e-07
1.09866e-06
2.54346e-07
1.11977e-06
3.09847e-07
1.1443e-06
3.72338e-07
1.17191e-06
4.42621e-07
1.20216e-06
5.2193e-07
1.23456e-06
6.12028e-07
1.26854e-06
7.15239e-07
1.30324e-06
8.34302e-07
1.33709e-06
9.7186e-07
1.36724e-06
1.12942e-06
1.38882e-06
1.3059e-06
1.39435e-06
1.49622e-06
1.37399e-06
1.68905e-06
1.31649e-06
1.86736e-06
1.21069e-06
2.01303e-06
1.04941e-06
2.10958e-06
8.32916e-07
2.14445e-06
5.68399e-07
2.11174e-06
2.69168e-07
2.01295e-06
-4.74302e-08
1.85635e-06
-3.66427e-07
1.65525e-06
-6.77296e-07
1.42417e-06
-9.7393e-07
1.17709e-06
-1.25733e-06
9.244e-07
-1.53354e-06
6.71066e-07
-1.81689e-06
4.165e-07
-2.14882e-06
1.56964e-07
-2.68089e-06
-8.10155e-08
-3.96258e-06
-2.18639e-07
-6.47693e-06
-8.36189e-06
2.88805e-09
5.41852e-07
8.21857e-09
8.50058e-07
1.70656e-08
9.56744e-07
3.03496e-08
9.95929e-07
4.87945e-08
1.01216e-06
7.29649e-08
1.01972e-06
1.03229e-07
1.02469e-06
1.39798e-07
1.03023e-06
1.8278e-07
1.03811e-06
2.32225e-07
1.04921e-06
2.88189e-07
1.0638e-06
3.50791e-07
1.0817e-06
4.2029e-07
1.10241e-06
4.97165e-07
1.12529e-06
5.82192e-07
1.14954e-06
6.76476e-07
1.17426e-06
7.81456e-07
1.19826e-06
8.98735e-07
1.21981e-06
1.02968e-06
1.23629e-06
1.17471e-06
1.24379e-06
1.33224e-06
1.23682e-06
1.49782e-06
1.20841e-06
1.66336e-06
1.15096e-06
1.81657e-06
1.05747e-06
1.94286e-06
9.23131e-07
2.02846e-06
7.47312e-07
2.06243e-06
5.34434e-07
2.03863e-06
2.92962e-07
1.95716e-06
3.40416e-08
1.8226e-06
-2.31867e-07
1.64383e-06
-4.98524e-07
1.43238e-06
-7.62478e-07
1.19952e-06
-1.02447e-06
9.54437e-07
-1.28846e-06
7.02877e-07
-1.56533e-06
4.46916e-07
-1.89286e-06
1.87146e-07
-2.42112e-06
-5.45887e-08
-3.72084e-06
-2.2046e-07
-6.31106e-06
-8.58235e-06
-2.92792e-09
5.4478e-07
-1.49638e-09
8.48626e-07
6.12925e-09
9.49118e-07
2.02072e-08
9.81851e-07
4.11132e-08
9.91256e-07
6.9032e-08
9.91803e-07
1.04033e-07
9.89685e-07
1.46077e-07
9.88183e-07
1.95063e-07
9.89123e-07
2.50871e-07
9.93406e-07
3.1339e-07
1.00128e-06
3.82562e-07
1.01252e-06
4.58427e-07
1.02655e-06
5.41171e-07
1.04254e-06
6.31151e-07
1.05956e-06
7.28913e-07
1.0765e-06
8.35164e-07
1.09201e-06
9.50607e-07
1.10437e-06
1.07565e-06
1.11125e-06
1.20989e-06
1.10955e-06
1.35148e-06
1.09523e-06
1.49644e-06
1.06344e-06
1.63834e-06
1.00906e-06
1.76826e-06
9.27556e-07
1.87543e-06
8.15963e-07
1.94904e-06
6.73701e-07
1.97999e-06
5.0348e-07
1.9625e-06
3.10456e-07
1.89516e-06
1.01384e-07
1.78034e-06
-1.17047e-07
1.62313e-06
-3.41315e-07
1.43134e-06
-5.70689e-07
1.21316e-06
-8.06292e-07
9.76413e-07
-1.05171e-06
7.27468e-07
-1.31639e-06
4.71681e-07
-1.63707e-06
2.15775e-07
-2.16522e-06
-2.70576e-08
-3.47801e-06
-2.24693e-07
-6.11343e-06
-8.80705e-06
-1.20572e-08
5.56837e-07
-1.72223e-08
8.53791e-07
-1.22545e-08
9.4415e-07
2.033e-09
9.67564e-07
2.51364e-08
9.68153e-07
5.68072e-08
9.60132e-07
9.6621e-08
9.49871e-07
1.44175e-07
9.40629e-07
1.99098e-07
9.34199e-07
2.61064e-07
9.3144e-07
3.29807e-07
9.32541e-07
4.05124e-07
9.37206e-07
4.86887e-07
9.44784e-07
5.75029e-07
9.54401e-07
6.69559e-07
9.65026e-07
7.70574e-07
9.7548e-07
8.78212e-07
9.84372e-07
9.92503e-07
9.90075e-07
1.11314e-06
9.90607e-07
1.23918e-06
9.83514e-07
1.36858e-06
9.65823e-07
1.49787e-06
9.34159e-07
1.62182e-06
8.85104e-07
1.73363e-06
8.15745e-07
1.82534e-06
7.24247e-07
1.88873e-06
6.10318e-07
1.91659e-06
4.75616e-07
1.90381e-06
3.23238e-07
1.8481e-06
1.57096e-07
1.74999e-06
-1.89427e-08
1.61169e-06
-2.03012e-07
1.43726e-06
-3.96255e-07
1.23203e-06
-6.01069e-07
1.00204e-06
-8.21726e-07
7.53933e-07
-1.06827e-06
4.97052e-07
-1.38019e-06
2.47417e-07
-1.91558e-06
1.21361e-08
-3.24273e-06
-2.27194e-07
-5.8741e-06
-9.03424e-06
-2.61913e-08
5.83028e-07
-4.08849e-08
8.68485e-07
-3.98756e-08
9.43141e-07
-2.58227e-08
9.53511e-07
-1.78658e-10
9.42509e-07
3.56972e-08
9.24256e-07
8.07482e-08
9.0482e-07
1.34108e-07
8.87269e-07
1.95104e-07
8.73204e-07
2.63205e-07
8.63338e-07
3.38006e-07
8.5774e-07
4.1919e-07
8.56022e-07
5.06499e-07
8.57475e-07
5.99715e-07
8.61184e-07
6.98645e-07
8.66096e-07
8.03075e-07
8.7105e-07
9.12694e-07
8.74753e-07
1.02702e-06
8.75749e-07
1.14526e-06
8.72362e-07
1.26611e-06
8.62664e-07
1.38747e-06
8.44465e-07
1.50623e-06
8.15406e-07
1.6181e-06
7.73229e-07
1.71776e-06
7.16082e-07
1.79915e-06
6.42861e-07
1.85597e-06
5.53501e-07
1.88258e-06
4.49002e-07
1.87452e-06
3.31299e-07
1.8289e-06
2.02714e-07
1.74481e-06
6.51463e-08
1.62262e-06
-8.08159e-08
1.46329e-06
-2.36926e-07
1.26914e-06
-4.0692e-07
1.04417e-06
-5.96761e-07
7.95436e-07
-8.19537e-07
5.37118e-07
-1.12187e-06
2.95985e-07
-1.67445e-06
7.24159e-08
-3.01916e-06
-2.23332e-07
-5.57835e-06
-9.25757e-06
-4.78999e-08
6.30928e-07
-7.56524e-08
8.96237e-07
-7.93246e-08
9.46813e-07
-6.47825e-08
9.38969e-07
-3.5558e-08
9.13284e-07
5.65964e-09
8.83039e-07
5.68601e-08
8.5362e-07
1.16691e-07
8.27438e-07
1.84182e-07
8.05713e-07
2.58632e-07
7.88888e-07
3.39554e-07
7.76819e-07
4.26582e-07
7.68994e-07
5.19412e-07
7.64646e-07
6.1774e-07
7.62856e-07
7.21234e-07
7.62603e-07
8.29468e-07
7.62815e-07
9.41879e-07
7.62343e-07
1.05769e-06
7.59941e-07
1.17581e-06
7.54242e-07
1.29472e-06
7.4375e-07
1.41231e-06
7.2688e-07
1.52567e-06
7.02043e-07
1.63116e-06
6.67736e-07
1.72448e-06
6.22769e-07
1.80087e-06
5.66465e-07
1.85552e-06
4.98848e-07
1.88384e-06
4.20686e-07
1.88171e-06
3.33426e-07
1.84596e-06
2.38467e-07
1.77484e-06
1.36268e-07
1.66742e-06
2.66071e-08
1.52284e-06
-9.23466e-08
1.34096e-06
-2.2504e-07
1.12394e-06
-3.79744e-07
8.80191e-07
-5.75788e-07
6.31013e-07
-8.72694e-07
4.10831e-07
-1.45427e-06
2.01227e-07
-2.80956e-06
-1.71696e-07
-5.20542e-06
-9.42927e-06
-8.19641e-08
7.12892e-07
-1.23895e-07
9.38168e-07
-1.3233e-07
9.55248e-07
-1.15972e-07
9.22611e-07
-8.11582e-08
8.7847e-07
-3.2628e-08
8.34508e-07
2.64486e-08
7.94543e-07
9.41528e-08
7.59734e-07
1.69226e-07
7.3064e-07
2.50829e-07
7.07285e-07
3.38472e-07
6.89176e-07
4.31842e-07
6.75624e-07
5.30697e-07
6.65791e-07
6.34748e-07
6.58805e-07
7.43625e-07
6.53726e-07
8.56808e-07
6.49632e-07
9.73582e-07
6.45569e-07
1.09299e-06
6.40534e-07
1.21375e-06
6.33477e-07
1.3342e-06
6.233e-07
1.45221e-06
6.08876e-07
1.56512e-06
5.89133e-07
1.66976e-06
5.63094e-07
1.76255e-06
5.29982e-07
1.83966e-06
4.89353e-07
1.89708e-06
4.41426e-07
1.93082e-06
3.86949e-07
1.93759e-06
3.26652e-07
1.91459e-06
2.61467e-07
1.85915e-06
1.91713e-07
1.76934e-06
1.16411e-07
1.64399e-06
3.30031e-08
1.48202e-06
-6.30654e-08
1.28514e-06
-1.82863e-07
1.06285e-06
-3.53505e-07
8.45035e-07
-6.54875e-07
6.68599e-07
-1.27783e-06
4.64264e-07
-2.60522e-06
1.33986e-08
-4.75456e-06
-9.41587e-06
-1.34528e-07
8.4742e-07
-2.03017e-07
1.00666e-06
-2.10831e-07
9.63062e-07
-1.8581e-07
8.97591e-07
-1.39508e-07
8.32167e-07
-7.82575e-08
7.73258e-07
-6.30429e-09
7.2259e-07
7.39526e-08
6.79477e-07
1.60771e-07
6.43822e-07
2.53159e-07
6.14897e-07
3.50706e-07
5.91629e-07
4.53286e-07
5.73044e-07
5.60876e-07
5.58202e-07
6.73344e-07
5.46336e-07
7.90408e-07
5.36662e-07
9.1158e-07
5.28459e-07
1.03612e-06
5.21031e-07
1.16301e-06
5.13648e-07
1.29091e-06
5.05572e-07
1.41816e-06
4.96051e-07
1.5427e-06
4.84339e-07
1.6621e-06
4.69735e-07
1.77355e-06
4.51637e-07
1.87395e-06
4.2959e-07
1.95991e-06
4.03392e-07
2.02809e-06
3.73243e-07
2.07552e-06
3.39513e-07
2.09961e-06
3.02568e-07
2.09818e-06
2.62896e-07
2.06919e-06
2.20707e-07
2.01032e-06
1.7528e-07
1.91964e-06
1.23683e-07
1.7969e-06
5.96744e-08
1.64573e-06
-3.16952e-08
1.47379e-06
-1.81571e-07
1.30299e-06
-4.84067e-07
1.14594e-06
-1.12078e-06
8.70052e-07
-2.32933e-06
2.86799e-07
-4.17131e-06
-9.12907e-06
-2.52884e-07
1.1003e-06
-3.14212e-07
1.06799e-06
-3.00348e-07
9.49198e-07
-2.60587e-07
8.5783e-07
-1.89236e-07
7.60816e-07
-9.28956e-08
6.76918e-07
1.92469e-08
6.10447e-07
1.39217e-07
5.59507e-07
2.62336e-07
5.20703e-07
3.87341e-07
4.89892e-07
5.14255e-07
4.64715e-07
6.43505e-07
4.43794e-07
7.75424e-07
4.26282e-07
9.10251e-07
4.1151e-07
1.04807e-06
3.98846e-07
1.1887e-06
3.87828e-07
1.33171e-06
3.78022e-07
1.47636e-06
3.68997e-07
1.6216e-06
3.60325e-07
1.76608e-06
3.51575e-07
1.9081e-06
3.4232e-07
2.04568e-06
3.32149e-07
2.17661e-06
3.20706e-07
2.2985e-06
3.07702e-07
2.40892e-06
2.92973e-07
2.50566e-06
2.76506e-07
2.58678e-06
2.58394e-07
2.65063e-06
2.38715e-07
2.69598e-06
2.17543e-07
2.72202e-06
1.9467e-07
2.72795e-06
1.69349e-07
2.7126e-06
1.3904e-07
2.67399e-06
9.82836e-08
2.60952e-06
3.27739e-08
2.51635e-06
-8.84063e-08
2.3672e-06
-3.34911e-07
2.0736e-06
-8.27183e-07
1.46293e-06
-1.71867e-06
6.42784e-07
-3.35116e-06
-8.48629e-06
-4.11314e-07
1.51162e-06
-3.8988e-07
1.04655e-06
-1.23701e-07
6.83018e-07
1.89092e-07
5.45037e-07
4.85328e-07
4.6458e-07
7.60424e-07
4.01822e-07
1.01538e-06
3.55493e-07
1.2517e-06
3.23181e-07
1.47352e-06
2.98882e-07
1.68439e-06
2.79024e-07
1.88677e-06
2.62335e-07
2.08243e-06
2.48139e-07
2.27278e-06
2.35929e-07
2.45898e-06
2.25315e-07
2.64182e-06
2.15997e-07
2.82191e-06
2.07743e-07
2.99959e-06
2.00343e-07
3.17499e-06
1.93596e-07
3.34801e-06
1.87305e-07
3.51831e-06
1.81274e-07
3.68532e-06
1.75308e-07
3.84825e-06
1.69218e-07
4.00612e-06
1.62836e-07
4.15781e-06
1.56017e-07
4.30212e-06
1.48662e-07
4.43791e-06
1.40715e-07
4.56415e-06
1.32158e-07
4.67992e-06
1.22938e-07
4.78449e-06
1.12982e-07
4.87713e-06
1.02023e-07
4.95708e-06
8.93978e-08
5.02276e-06
7.33663e-08
5.07008e-06
5.09603e-08
5.08486e-06
1.79955e-08
5.03615e-06
-3.96978e-08
4.83168e-06
-1.30439e-07
4.25427e-06
-2.49775e-07
3.04462e-06
-5.09024e-07
1.46915e-06
-1.77568e-06
-7.01714e-06
1.51162e-06
2.55817e-06
3.24119e-06
3.78622e-06
4.2508e-06
4.65263e-06
5.00812e-06
5.3313e-06
5.63018e-06
5.90921e-06
6.17154e-06
6.41968e-06
6.65561e-06
6.88092e-06
7.09692e-06
7.30466e-06
7.50501e-06
7.6986e-06
7.88591e-06
8.06718e-06
8.24249e-06
8.41171e-06
8.57454e-06
8.73056e-06
8.87922e-06
9.01994e-06
9.15209e-06
9.27503e-06
9.38801e-06
9.49004e-06
9.57943e-06
9.6528e-06
9.70376e-06
9.72176e-06
9.68206e-06
9.55162e-06
9.30184e-06
8.79282e-06
7.01714e-06
)
;

boundaryField
{
    movingWall
    {
        type            calculated;
        value           uniform 0;
    }
    fixedWalls
    {
        type            calculated;
        value           uniform 0;
    }
    frontAndBack
    {
        type            empty;
    }
}


// ************************************************************************* //
