/*--------------------------------*- C++ -*----------------------------------*\
| =========                 |                                                 |
| \\      /  F ield         | OpenFOAM: The Open Source CFD Toolbox           |
|  \\    /   O peration     | Version:  2412                                  |
|   \\  /    A nd           | Website:  www.openfoam.com                      |
|    \\/     M anipulation  |                                                 |
\*---------------------------------------------------------------------------*/
FoamFile
{
    version     2.0;
    format      ascii;
    arch        "LSB;label=32;scalar=64";
    class       volScalarField;
    location    "0.25";
    object      epsilon;
}
// * * * * * * * * * * * * * * * * * * * * * * * * * * * * * * * * * * * * * //

dimensions      [0 2 -3 0 0 0 0];

internalField   nonuniform List<scalar> 
1600
(
0.00240714
0.00347686
0.00449485
0.00520397
0.0056506
0.00592042
0.00608254
0.00618371
0.00625232
0.00630407
0.00634693
0.0063846
0.00641866
0.00644966
0.00647775
0.00650286
0.00652488
0.00654367
0.00655907
0.0065709
0.00657906
0.00658417
0.00658593
0.00658387
0.00657792
0.00656809
0.00655432
0.00653651
0.00651427
0.00648679
0.00645194
0.00640509
0.00633682
0.00622949
0.0060527
0.00575862
0.00527927
0.00453375
0.00348466
0.00240921
0.00348094
0.00328591
0.00363344
0.00389054
0.00404405
0.00412961
0.00417634
0.00420253
0.00421841
0.00422926
0.00423764
0.00424469
0.00425087
0.00425636
0.00426123
0.00426546
0.00426905
0.00427196
0.00427419
0.00427571
0.00427661
0.00427714
0.00427723
0.00427662
0.00427529
0.00427323
0.00427044
0.00426687
0.00426243
0.00425687
0.00424957
0.00423917
0.0042228
0.0041948
0.00414467
0.00405429
0.0038955
0.00363418
0.00328661
0.00348096
0.00452614
0.003634
0.00368953
0.00377487
0.00382658
0.00385324
0.00386647
0.00387335
0.00387741
0.00388021
0.00388239
0.00388419
0.00388572
0.00388703
0.00388813
0.00388902
0.00388972
0.0038902
0.00389047
0.00389055
0.00389046
0.00389025
0.0038899
0.00388936
0.00388862
0.00388769
0.00388655
0.00388521
0.00388363
0.00388176
0.00387951
0.00387665
0.00387252
0.00386556
0.00385224
0.00382551
0.00377401
0.00368951
0.00363467
0.00450202
0.00526868
0.00389515
0.00377417
0.00376007
0.00375291
0.00374505
0.00373846
0.00373418
0.00373195
0.00373103
0.00373078
0.00373081
0.0037309
0.00373095
0.00373095
0.00373087
0.00373071
0.00373048
0.00373019
0.00372984
0.00372944
0.003729
0.00372853
0.00372801
0.00372744
0.00372683
0.00372619
0.00372551
0.00372486
0.00372439
0.00372439
0.0037254
0.00372818
0.00373353
0.00374166
0.00375137
0.00376034
0.00377533
0.00389269
0.00521457
0.00574737
0.00405412
0.00382573
0.00375108
0.00370666
0.00367588
0.0036555
0.00364318
0.0036364
0.00363296
0.00363129
0.00363045
0.00362994
0.00362955
0.00362917
0.00362878
0.00362836
0.00362792
0.00362747
0.003627
0.00362654
0.00362607
0.00362561
0.00362515
0.00362471
0.00362428
0.00362388
0.00362354
0.00362342
0.00362385
0.00362545
0.00362934
0.00363725
0.00365144
0.00367425
0.00370758
0.00375379
0.0038277
0.00404732
0.00566529
0.00604431
0.00414539
0.00385271
0.00374143
0.00367338
0.00362724
0.00359712
0.00357885
0.00356861
0.00356327
0.0035606
0.00355923
0.00355845
0.00355789
0.00355741
0.00355695
0.0035565
0.00355604
0.0035556
0.00355516
0.00355473
0.00355433
0.00355395
0.0035536
0.00355329
0.00355301
0.00355278
0.0035527
0.00355301
0.00355416
0.00355705
0.00356324
0.00357511
0.00359577
0.00362876
0.00367754
0.00374673
0.00385524
0.00413432
0.00594037
0.00622837
0.00419731
0.00386654
0.00373345
0.00365069
0.00359447
0.00355762
0.00353508
0.00352229
0.00351552
0.00351211
0.0035104
0.00350948
0.00350888
0.00350841
0.00350799
0.00350758
0.00350719
0.00350682
0.00350647
0.00350614
0.00350584
0.00350557
0.00350535
0.00350516
0.00350501
0.00350494
0.0035051
0.00350577
0.00350752
0.00351146
0.00351944
0.00353426
0.00355954
0.00359943
0.00365809
0.00374116
0.00386961
0.004183
0.00610961
0.00634799
0.0042281
0.00387428
0.00372832
0.00363662
0.00357401
0.00353273
0.00350727
0.00349268
0.00348489
0.00348097
0.00347904
0.00347804
0.00347745
0.00347703
0.00347668
0.00347636
0.00347606
0.00347578
0.00347553
0.00347532
0.00347513
0.00347498
0.00347486
0.00347478
0.00347475
0.00347484
0.00347521
0.00347617
0.0034784
0.00348314
0.00349245
0.00350936
0.0035378
0.00358217
0.00364694
0.00373819
0.00387799
0.00421184
0.00622056
0.00643403
0.00424835
0.0038795
0.00372582
0.0036288
0.00356231
0.00351825
0.00349091
0.00347515
0.0034667
0.00346244
0.00346036
0.00345934
0.00345878
0.00345842
0.00345815
0.00345791
0.0034577
0.00345752
0.00345736
0.00345725
0.00345716
0.00345709
0.00345706
0.00345707
0.00345715
0.00345738
0.00345792
0.00345911
0.00346171
0.00346703
0.00347726
0.00349559
0.00352606
0.00357321
0.00364161
0.00373755
0.00388396
0.00423127
0.00630245
0.00650459
0.00426381
0.00388377
0.00372517
0.00362498
0.00355623
0.00351054
0.00348209
0.00346561
0.00345676
0.0034523
0.00345016
0.00344913
0.00344861
0.0034483
0.00344809
0.00344793
0.00344779
0.00344769
0.00344762
0.00344757
0.00344754
0.00344753
0.00344757
0.00344767
0.00344786
0.0034482
0.00344886
0.00345023
0.00345308
0.0034588
0.00346965
0.00348888
0.00352061
0.00356941
0.0036399
0.00373853
0.00388914
0.00424675
0.00637186
0.00656959
0.00427742
0.00388778
0.00372562
0.00362348
0.00355343
0.00350684
0.00347778
0.00346093
0.00345187
0.00344731
0.00344514
0.00344412
0.00344363
0.00344337
0.00344321
0.00344311
0.00344303
0.00344297
0.00344295
0.00344294
0.00344294
0.00344299
0.0034431
0.00344327
0.00344353
0.00344395
0.00344472
0.00344622
0.00344925
0.00345524
0.00346649
0.00348628
0.00351877
0.00356852
0.00364023
0.00374057
0.00389425
0.00426105
0.00643765
0.00663418
0.00429066
0.00389181
0.00372666
0.0036232
0.00355239
0.00350534
0.00347599
0.00345897
0.00344982
0.00344523
0.00344305
0.00344204
0.00344158
0.00344135
0.00344123
0.00344117
0.00344113
0.00344109
0.00344109
0.00344111
0.00344115
0.00344125
0.0034414
0.00344163
0.00344194
0.00344243
0.00344327
0.00344487
0.00344803
0.00345421
0.00346573
0.0034859
0.00351888
0.00356926
0.00364177
0.00374332
0.00389965
0.00427553
0.00650458
0.00670101
0.00430425
0.003896
0.00372804
0.00362349
0.00355223
0.00350496
0.0034755
0.00345843
0.00344925
0.00344466
0.00344249
0.0034415
0.00344106
0.00344086
0.00344077
0.00344073
0.00344068
0.00344066
0.00344069
0.00344073
0.00344081
0.00344094
0.00344114
0.0034414
0.00344177
0.00344231
0.00344322
0.00344491
0.0034482
0.00345455
0.0034663
0.00348677
0.00352012
0.00357095
0.00364406
0.00374663
0.00390551
0.00429089
0.00657516
0.00677155
0.00431856
0.00390042
0.00372961
0.00362407
0.00355245
0.00350507
0.00347559
0.00345853
0.00344938
0.00344481
0.00344266
0.0034417
0.00344128
0.0034411
0.00344102
0.00344099
0.00344094
0.00344096
0.00344101
0.00344109
0.0034412
0.00344138
0.00344162
0.00344193
0.00344236
0.00344296
0.00344395
0.00344574
0.00344916
0.00345568
0.00346765
0.00348839
0.00352207
0.00357331
0.00364695
0.0037505
0.00391202
0.00430758
0.00665114
0.00684674
0.00433381
0.00390516
0.00373136
0.00362482
0.00355288
0.00350543
0.00347597
0.00345897
0.00344987
0.00344534
0.00344322
0.00344228
0.00344188
0.00344173
0.00344165
0.00344164
0.0034416
0.00344164
0.00344172
0.00344183
0.00344198
0.0034422
0.0034425
0.00344288
0.00344337
0.00344406
0.00344514
0.00344705
0.00345062
0.00345734
0.00346955
0.00349058
0.00352461
0.00357625
0.00365044
0.003755
0.00391934
0.00432599
0.00673398
0.00692731
0.00435017
0.00391026
0.00373328
0.00362571
0.00355346
0.00350598
0.00347659
0.00345966
0.00345061
0.00344613
0.00344403
0.00344311
0.00344273
0.00344259
0.00344251
0.00344251
0.00344248
0.00344254
0.00344264
0.00344279
0.003443
0.00344327
0.00344363
0.00344409
0.00344467
0.00344547
0.00344667
0.00344873
0.00345249
0.00345944
0.00347194
0.00349332
0.00352774
0.00357983
0.00365462
0.00376028
0.00392766
0.00434651
0.00682518
0.00701397
0.0043678
0.00391578
0.00373539
0.00362674
0.00355419
0.00350669
0.00347737
0.00346052
0.00345154
0.00344709
0.00344502
0.00344411
0.00344373
0.0034436
0.00344354
0.00344354
0.00344352
0.00344359
0.00344373
0.00344392
0.00344418
0.00344453
0.00344497
0.00344552
0.00344622
0.00344715
0.00344852
0.00345077
0.00345477
0.00346202
0.00347488
0.00349668
0.00353158
0.00358421
0.00365967
0.00376653
0.00393725
0.00436961
0.00692643
0.00710747
0.00438687
0.00392178
0.00373774
0.00362792
0.00355506
0.00350756
0.00347832
0.00346156
0.00345264
0.00344822
0.00344616
0.00344525
0.00344488
0.00344475
0.00344469
0.00344469
0.00344468
0.00344477
0.00344495
0.00344519
0.00344552
0.00344595
0.0034465
0.00344717
0.00344801
0.00344912
0.0034507
0.00345321
0.00345752
0.00346515
0.00347847
0.00350081
0.00353631
0.00358959
0.00366583
0.00377403
0.00394843
0.00439589
0.00703979
0.00720865
0.00440754
0.00392834
0.00374035
0.0036293
0.00355611
0.0035086
0.00347945
0.00346278
0.00345392
0.00344952
0.00344746
0.00344654
0.00344615
0.00344602
0.00344596
0.00344595
0.00344596
0.00344608
0.00344629
0.0034466
0.003447
0.00344754
0.0034482
0.00344903
0.00345006
0.00345139
0.00345325
0.0034561
0.00346082
0.00346895
0.00348288
0.00350592
0.00354219
0.00359629
0.00367347
0.00378317
0.00396166
0.00442614
0.00716785
0.00731849
0.00443004
0.00393554
0.00374328
0.0036309
0.00355736
0.00350985
0.00348079
0.0034642
0.00345539
0.00345099
0.00344891
0.00344797
0.00344756
0.0034474
0.00344734
0.00344732
0.00344736
0.0034475
0.00344775
0.00344812
0.00344862
0.00344927
0.0034501
0.00345111
0.00345238
0.003454
0.00345622
0.00345951
0.00346479
0.00347359
0.00348832
0.00351229
0.00354958
0.00360475
0.00368308
0.00379452
0.0039776
0.00446146
0.00731394
0.00743813
0.00445461
0.00394348
0.00374659
0.00363278
0.00355887
0.00351135
0.00348238
0.00346586
0.00345708
0.00345267
0.00345055
0.00344955
0.0034491
0.0034489
0.00344885
0.00344882
0.00344886
0.00344902
0.00344931
0.00344975
0.00345036
0.00345115
0.00345216
0.00345341
0.00345498
0.00345698
0.00345967
0.00346355
0.00346956
0.00347927
0.00349509
0.00352033
0.003559
0.0036156
0.00369543
0.00380892
0.00399721
0.00450338
0.00748248
0.00756896
0.00448156
0.00395228
0.00375036
0.003635
0.00356069
0.00351315
0.00348426
0.0034678
0.00345902
0.00345456
0.00345237
0.0034513
0.00345077
0.00345053
0.00345045
0.00345043
0.00345045
0.00345062
0.00345095
0.00345147
0.00345219
0.00345315
0.00345438
0.00345592
0.00345786
0.00346033
0.00346364
0.0034683
0.0034753
0.00348625
0.00350358
0.00353058
0.0035712
0.00362981
0.00371166
0.00382768
0.00402197
0.00455412
0.0076795
0.00771264
0.00451124
0.0039621
0.00375469
0.00363765
0.0035629
0.00351533
0.0034865
0.00347007
0.00346125
0.00345671
0.0034544
0.00345321
0.00345258
0.00345226
0.00345213
0.00345209
0.00345209
0.00345226
0.00345263
0.00345323
0.00345408
0.00345523
0.00345671
0.0034586
0.003461
0.00346408
0.00346818
0.00347388
0.00348221
0.00349487
0.00351432
0.00354384
0.00358729
0.00364885
0.0037336
0.0038529
0.00405424
0.00461709
0.00791348
0.00787129
0.00454413
0.00397314
0.00375971
0.00364084
0.0035656
0.00351797
0.00348916
0.00347271
0.00346381
0.00345913
0.00345666
0.0034553
0.00345451
0.00345407
0.00345386
0.00345378
0.00345375
0.00345392
0.00345432
0.003455
0.00345599
0.00345735
0.00345913
0.00346143
0.00346439
0.00346823
0.00347334
0.0034804
0.00349055
0.00350558
0.00352805
0.00356128
0.00360899
0.00367508
0.00376426
0.00388812
0.00409798
0.00469762
0.00819674
0.00804755
0.00458081
0.00398566
0.0037656
0.00364472
0.00356893
0.00352119
0.00349235
0.00347581
0.00346675
0.00346186
0.00345916
0.00345758
0.00345658
0.00345597
0.00345563
0.00345548
0.00345543
0.00345557
0.00345599
0.00345675
0.00345788
0.00345947
0.00346159
0.00346437
0.003468
0.00347277
0.00347917
0.00348802
0.00350063
0.00351898
0.00354585
0.00358464
0.00363901
0.00371243
0.0038089
0.00393971
0.00416023
0.00480452
0.00854782
0.00824489
0.00462203
0.004
0.00377261
0.0036495
0.00357305
0.00352513
0.00349617
0.00347947
0.00347015
0.00346496
0.00346195
0.00346007
0.00345882
0.00345799
0.00345748
0.00345724
0.00345714
0.00345723
0.00345766
0.0034585
0.00345979
0.00346162
0.00346411
0.00346744
0.00347186
0.00347777
0.00348579
0.00349697
0.0035129
0.00353594
0.00356928
0.00361667
0.00368186
0.00376784
0.00387725
0.00401991
0.0042546
0.00495315
0.00899545
0.00846786
0.00466878
0.00401664
0.00378106
0.00365545
0.00357822
0.00353001
0.00350083
0.00348383
0.00347415
0.00346856
0.00346516
0.00346293
0.00346137
0.00346028
0.00345959
0.00345922
0.00345906
0.00345909
0.00345954
0.00346045
0.0034619
0.003464
0.00346691
0.00347086
0.00347619
0.00348345
0.0034935
0.00350768
0.00352809
0.00355777
0.00360078
0.00366183
0.00374538
0.0038542
0.0039888
0.00415473
0.00441044
0.00517268
0.00958642
0.00872262
0.00472241
0.00403622
0.00379144
0.00366299
0.00358482
0.00353619
0.00350665
0.00348923
0.00347907
0.003473
0.00346916
0.00346654
0.00346466
0.00346332
0.00346245
0.00346196
0.00346172
0.00346173
0.00346223
0.00346325
0.0034649
0.0034673
0.00347067
0.00347532
0.0034817
0.00349057
0.00350307
0.00352107
0.00354748
0.00358658
0.00364425
0.00372761
0.00384371
0.00399691
0.00418559
0.00440562
0.00470193
0.00553036
0.0104049
0.00901757
0.00478474
0.00405967
0.00380443
0.00367275
0.00359345
0.00354428
0.00351428
0.00349638
0.0034857
0.00347915
0.00347488
0.00347193
0.00346981
0.00346833
0.00346736
0.0034668
0.00346655
0.00346667
0.00346731
0.00346853
0.00347046
0.00347326
0.00347719
0.00348264
0.00349025
0.00350097
0.00351642
0.00353918
0.00357349
0.0036259
0.00370602
0.00382671
0.00400289
0.00424754
0.00456298
0.00493087
0.00534842
0.0062415
0.0116244
0.00936429
0.00485822
0.00408825
0.00382107
0.00368577
0.00360525
0.00355556
0.00352519
0.00350691
0.00349589
0.00348905
0.0034846
0.00348156
0.00347948
0.00347809
0.00347724
0.00347684
0.00347682
0.00347728
0.0034783
0.00347995
0.00348237
0.00348576
0.00349045
0.00349691
0.00350595
0.00351883
0.00353771
0.00356625
0.00361072
0.00368168
0.0037961
0.00397983
0.00426913
0.00470832
0.00533523
0.00614195
0.00703568
0.00814086
0.013736
0.00977853
0.00494619
0.00412381
0.00384305
0.00370396
0.00362252
0.00357277
0.00354257
0.00352452
0.00351377
0.00350727
0.00350327
0.00350076
0.00349924
0.00349849
0.00349829
0.00349861
0.00349941
0.00350071
0.00350258
0.00350511
0.00350845
0.00351284
0.00351866
0.00352648
0.00353726
0.00355262
0.00357536
0.00361056
0.00366753
0.00376337
0.00392871
0.00421662
0.00471524
0.00556154
0.00694041
0.00902487
0.0117388
0.0142112
0.0187191
0.0102812
0.00505293
0.00416901
0.00387346
0.00373123
0.00365018
0.0036019
0.00357345
0.00355715
0.00354814
0.00354337
0.00354112
0.00354039
0.00354065
0.00354172
0.00354337
0.00354551
0.00354811
0.00355119
0.00355479
0.00355903
0.00356407
0.00357018
0.00357779
0.00358755
0.00360057
0.00361876
0.00364563
0.0036879
0.0037589
0.00388544
0.00412081
0.00456881
0.00542743
0.00706066
0.01009
0.0154351
0.0237316
0.031816
0.0339046
0.0108978
0.00518366
0.00422818
0.00391859
0.00377612
0.00369913
0.00365603
0.0036328
0.00362148
0.00361725
0.00361692
0.00361907
0.0036227
0.00362723
0.00363239
0.003638
0.00364394
0.00365017
0.00365672
0.00366365
0.00367107
0.00367918
0.00368828
0.00369882
0.00371151
0.00372756
0.00374907
0.00378009
0.00382889
0.00391315
0.00407165
0.00438885
0.00504695
0.00643447
0.00934187
0.0152941
0.0270258
0.0475953
0.0699925
0.0778282
0.0116595
0.0053444
0.00430991
0.0039931
0.00385935
0.00379495
0.00376462
0.00375367
0.00375338
0.00375973
0.00376967
0.00378158
0.00379453
0.00380797
0.00382157
0.00383518
0.00384869
0.00386207
0.00387537
0.00388867
0.00390211
0.00391591
0.00393038
0.00394602
0.00396353
0.00398414
0.00400998
0.00404524
0.00409898
0.00419192
0.0043729
0.00475555
0.00560065
0.00749338
0.0115776
0.0196094
0.0347147
0.0634103
0.11871
0.164746
0.0125778
0.00554236
0.00443902
0.00413944
0.00403498
0.00400127
0.00399892
0.00401413
0.0040387
0.00406826
0.00410022
0.00413307
0.00416593
0.00419827
0.0042298
0.00426036
0.00428988
0.00431835
0.00434585
0.00437248
0.00439842
0.00442392
0.00444933
0.00447512
0.00450203
0.00453117
0.00456452
0.00460594
0.00466397
0.00475905
0.00494102
0.0053273
0.006177
0.00801682
0.0116697
0.0185286
0.0324278
0.0622358
0.136837
0.263769
0.0137725
0.00580963
0.00471399
0.00449294
0.00446724
0.0045052
0.00456932
0.00464565
0.00472742
0.0048112
0.00489518
0.00497819
0.00505942
0.00513832
0.00521453
0.00528781
0.005358
0.00542506
0.00548903
0.00555002
0.00560821
0.0056639
0.00571745
0.00576938
0.00582042
0.00587159
0.00592458
0.00598247
0.00605205
0.00614971
0.00631656
0.00664768
0.0073261
0.00860204
0.0107102
0.0140106
0.0205367
0.0430656
0.137643
0.339955
0.0148016
0.00640718
0.00558691
0.00562748
0.00583304
0.00607379
0.00632352
0.00657354
0.00682069
0.00706496
0.00730692
0.00754634
0.00778217
0.00801324
0.00823837
0.0084564
0.0086663
0.00886729
0.00905886
0.00924081
0.00941316
0.0095762
0.00973037
0.00987637
0.010015
0.0101473
0.0102745
0.0103985
0.0105233
0.0106578
0.0108252
0.0110787
0.011502
0.0121198
0.0127564
0.0133215
0.01553
0.0332741
0.127934
0.396954
0.0175837
0.00917303
0.0101016
0.0113785
0.0125178
0.0135835
0.0145932
0.015552
0.0164728
0.0173716
0.0182645
0.0191565
0.0200459
0.0209285
0.0217979
0.0226469
0.0234686
0.0242568
0.0250073
0.0257174
0.0263861
0.0270142
0.027603
0.0281542
0.0286694
0.02915
0.0295962
0.0300067
0.0303777
0.0306999
0.0309582
0.0311317
0.0311591
0.0309216
0.0299724
0.0281618
0.0315533
0.0502961
0.133234
0.449835
0.0281385
0.0390171
0.0552129
0.0654529
0.0720293
0.0771705
0.0814969
0.0852916
0.0887169
0.0918709
0.0949155
0.097913
0.100882
0.103819
0.106704
0.109508
0.112196
0.11474
0.117117
0.119315
0.121335
0.123186
0.124881
0.126435
0.127857
0.129157
0.130338
0.131395
0.132316
0.133065
0.133584
0.133652
0.133184
0.131885
0.129397
0.125659
0.131102
0.156974
0.248885
0.536507
0.270868
0.499615
0.658197
0.725619
0.753257
0.76494
0.767567
0.766138
0.762259
0.756105
0.749372
0.742559
0.735981
0.729831
0.724207
0.719135
0.714588
0.710503
0.706802
0.703409
0.700271
0.697354
0.694639
0.692115
0.689771
0.687586
0.685541
0.683587
0.681695
0.679747
0.677721
0.675345
0.672682
0.669384
0.665996
0.664219
0.665414
0.668754
0.710703
0.65555
)
;

boundaryField
{
    movingWall
    {
        type            epsilonWallFunction;
        blending        stepwise;
        value           nonuniform List<scalar> 
40
(
0.270868
0.499615
0.658197
0.725619
0.753257
0.76494
0.767567
0.766138
0.762259
0.756105
0.749372
0.742559
0.735981
0.729831
0.724207
0.719135
0.714588
0.710503
0.706802
0.703409
0.700271
0.697354
0.694639
0.692115
0.689771
0.687586
0.685541
0.683587
0.681695
0.679747
0.677721
0.675345
0.672682
0.669384
0.665996
0.664219
0.665414
0.668754
0.710703
0.65555
)
;
    }
    fixedWalls
    {
        type            epsilonWallFunction;
        blending        stepwise;
        value           nonuniform List<scalar> 
120
(
0.00240714
0.00348094
0.00452614
0.00526868
0.00574737
0.00604431
0.00622837
0.00634799
0.00643403
0.00650459
0.00656959
0.00663418
0.00670101
0.00677155
0.00684674
0.00692731
0.00701397
0.00710747
0.00720865
0.00731849
0.00743813
0.00756896
0.00771264
0.00787129
0.00804755
0.00824489
0.00846786
0.00872262
0.00901757
0.00936429
0.00977853
0.0102812
0.0108978
0.0116595
0.0125778
0.0137725
0.0148016
0.0175837
0.0281385
0.270868
0.00240921
0.00348096
0.00450202
0.00521457
0.00566529
0.00594037
0.00610961
0.00622056
0.00630245
0.00637186
0.00643765
0.00650458
0.00657516
0.00665114
0.00673398
0.00682518
0.00692643
0.00703979
0.00716785
0.00731394
0.00748248
0.0076795
0.00791348
0.00819674
0.00854782
0.00899545
0.00958642
0.0104049
0.0116244
0.013736
0.0187191
0.0339046
0.0778282
0.164746
0.263769
0.339955
0.396954
0.449835
0.536507
0.65555
0.00240714
0.00347686
0.00449485
0.00520397
0.0056506
0.00592042
0.00608254
0.00618371
0.00625232
0.00630407
0.00634693
0.0063846
0.00641866
0.00644966
0.00647775
0.00650286
0.00652488
0.00654367
0.00655907
0.0065709
0.00657906
0.00658417
0.00658593
0.00658387
0.00657792
0.00656809
0.00655432
0.00653651
0.00651427
0.00648679
0.00645194
0.00640509
0.00633682
0.00622949
0.0060527
0.00575862
0.00527927
0.00453375
0.00348466
0.00240921
)
;
    }
    frontAndBack
    {
        type            empty;
    }
}


// ************************************************************************* //
