/*--------------------------------*- C++ -*----------------------------------*\
| =========                 |                                                 |
| \\      /  F ield         | OpenFOAM: The Open Source CFD Toolbox           |
|  \\    /   O peration     | Version:  2412                                  |
|   \\  /    A nd           | Website:  www.openfoam.com                      |
|    \\/     M anipulation  |                                                 |
\*---------------------------------------------------------------------------*/
FoamFile
{
    version     2.0;
    format      ascii;
    arch        "LSB;label=32;scalar=64";
    class       volScalarField;
    location    "0.25";
    object      nut;
}
// * * * * * * * * * * * * * * * * * * * * * * * * * * * * * * * * * * * * * //

dimensions      [0 2 -1 0 0 0 0];

internalField   nonuniform List<scalar> 
1600
(
5.2389e-06
5.95505e-06
6.51736e-06
6.86689e-06
7.076e-06
7.20032e-06
7.27502e-06
7.3217e-06
7.35315e-06
7.37654e-06
7.3956e-06
7.41216e-06
7.427e-06
7.44046e-06
7.45264e-06
7.46354e-06
7.47311e-06
7.48132e-06
7.4881e-06
7.49338e-06
7.4971e-06
7.49948e-06
7.50048e-06
7.49989e-06
7.49765e-06
7.49374e-06
7.48814e-06
7.48075e-06
7.47136e-06
7.45952e-06
7.44415e-06
7.42301e-06
7.39175e-06
7.34245e-06
7.26161e-06
7.12725e-06
6.90447e-06
6.53883e-06
5.96044e-06
5.24084e-06
5.95771e-06
1.96093e-05
2.85313e-05
3.39279e-05
3.72407e-05
3.92308e-05
4.03731e-05
4.09933e-05
4.13125e-05
4.14711e-05
4.15515e-05
4.1598e-05
4.16325e-05
4.16655e-05
4.17013e-05
4.17419e-05
4.17879e-05
4.18396e-05
4.18966e-05
4.19583e-05
4.20219e-05
4.20817e-05
4.21394e-05
4.22003e-05
4.2265e-05
4.23327e-05
4.24023e-05
4.24709e-05
4.25313e-05
4.25715e-05
4.25625e-05
4.24511e-05
4.2143e-05
4.14838e-05
4.02406e-05
3.80802e-05
3.45263e-05
2.88318e-05
1.95928e-05
5.95805e-06
6.53403e-06
2.8842e-05
4.57565e-05
5.68722e-05
6.41249e-05
6.8716e-05
7.14884e-05
7.30752e-05
7.39386e-05
7.43927e-05
7.46326e-05
7.47695e-05
7.48614e-05
7.49371e-05
7.50093e-05
7.50835e-05
7.51618e-05
7.52449e-05
7.53327e-05
7.5424e-05
7.55173e-05
7.56106e-05
7.57047e-05
7.58006e-05
7.5898e-05
7.59951e-05
7.60881e-05
7.6168e-05
7.62171e-05
7.61991e-05
7.60404e-05
7.56108e-05
7.46924e-05
7.29509e-05
6.99145e-05
6.49591e-05
5.72726e-05
4.57149e-05
2.84847e-05
6.52179e-06
6.89823e-06
3.45415e-05
5.73193e-05
7.31142e-05
8.38624e-05
9.09258e-05
9.53473e-05
9.79688e-05
9.94434e-05
0.00010024
0.000100664
0.000100899
0.000101044
0.000101152
0.000101247
0.000101339
0.000101433
0.000101529
0.00010163
0.000101733
0.000101837
0.000101943
0.00010205
0.000102157
0.000102263
0.000102365
0.000102455
0.000102517
0.000102519
0.000102396
0.000102024
0.000101194
9.9574e-05
9.66762e-05
9.1851e-05
8.429e-05
7.30176e-05
5.67819e-05
3.38412e-05
6.87282e-06
7.1206e-06
3.81083e-05
6.50234e-05
8.44028e-05
9.80143e-05
0.000107222
0.000113148
0.000116756
0.000118837
0.000119981
0.000120592
0.000120923
0.000121115
0.000121244
0.000121348
0.000121443
0.000121538
0.000121634
0.000121732
0.000121832
0.000121934
0.000122038
0.000122141
0.000122245
0.000122345
0.000122436
0.000122508
0.000122536
0.000122472
0.000122219
0.000121609
0.000120359
0.000118039
0.000114048
0.000107617
9.78415e-05
8.36992e-05
6.39697e-05
3.7103e-05
7.08371e-06
7.256e-06
4.029e-05
7.00118e-05
9.19951e-05
0.000107809
0.000118747
0.00012594
0.000130411
0.000133037
0.000134502
0.000135288
0.000135705
0.000135936
0.000136078
0.000136182
0.000136271
0.000136356
0.000136441
0.000136528
0.000136617
0.000136706
0.000136797
0.000136888
0.000136977
0.000137061
0.000137133
0.000137178
0.000137164
0.000137024
0.000136637
0.000135792
0.000134147
0.000131198
0.000126261
0.0001185
0.000106974
9.06771e-05
6.84773e-05
3.90284e-05
7.21032e-06
7.3397e-06
4.15633e-05
7.30996e-05
9.68733e-05
0.000114278
0.000126521
0.000134703
0.000139868
0.000142945
0.00014468
0.000145614
0.000146104
0.000146363
0.000146512
0.00014661
0.000146688
0.000146759
0.000146828
0.000146898
0.000146969
0.000147042
0.000147114
0.000147187
0.000147257
0.000147321
0.00014737
0.000147385
0.000147325
0.000147111
0.000146601
0.000145548
0.000143565
0.000140096
0.000134405
0.000125622
0.000112805
9.49919e-05
7.11461e-05
4.00906e-05
7.28812e-06
7.39392e-06
4.22606e-05
7.49122e-05
9.985e-05
0.000118336
0.000131497
0.000140395
0.000146077
0.000149495
0.000151438
0.000152486
0.000153031
0.000153312
0.000153462
0.000153552
0.000153617
0.000153672
0.000153724
0.000153776
0.000153828
0.000153882
0.000153935
0.000153989
0.00015404
0.000154083
0.000154109
0.000154095
0.000153993
0.000153715
0.0001531
0.000151878
0.000149631
0.000145765
0.000139517
0.000130003
0.000116296
9.74829e-05
7.26073e-05
4.0613e-05
7.33903e-06
7.43239e-06
4.26133e-05
7.59202e-05
0.000101575
0.000120752
0.000134516
0.000143898
0.000149934
0.000153591
0.000155679
0.000156808
0.000157391
0.000157685
0.000157834
0.000157915
0.000157967
0.000158007
0.000158044
0.000158079
0.000158115
0.000158151
0.000158188
0.000158225
0.000158259
0.000158286
0.00015829
0.00015825
0.000158114
0.000157785
0.00015709
0.000155741
0.0001533
0.000149152
0.000142519
0.000132517
0.000118235
9.88031e-05
7.33215e-05
4.08158e-05
7.3762e-06
7.4632e-06
4.27738e-05
7.64548e-05
0.000102533
0.000122125
0.000136261
0.000145945
0.000152205
0.000156015
0.000158197
0.000159377
0.000159984
0.000160284
0.00016043
0.000160504
0.000160545
0.000160573
0.000160597
0.000160619
0.000160641
0.000160665
0.000160689
0.000160714
0.000160735
0.000160746
0.000160734
0.000160674
0.000160512
0.000160144
0.000159391
0.000157954
0.000155379
0.000151042
0.000144158
0.000133846
0.000119214
9.94209e-05
7.36028e-05
4.08385e-05
7.40714e-06
7.49087e-06
4.28345e-05
7.6731e-05
0.000103052
0.000122883
0.000137232
0.000147091
0.000153481
0.000157379
0.000159615
0.000160824
0.000161443
0.000161746
0.000161889
0.000161956
0.000161989
0.000162008
0.000162022
0.000162035
0.000162048
0.000162063
0.00016208
0.000162095
0.000162106
0.000162106
0.000162083
0.000162009
0.000161828
0.000161434
0.000160641
0.000159143
0.00015648
0.000152019
0.000144977
0.000134477
0.000119639
9.96411e-05
7.36443e-05
4.0761e-05
7.43597e-06
7.51781e-06
4.28475e-05
7.6877e-05
0.00010334
0.000123302
0.000137766
0.000147716
0.000154174
0.000158116
0.000160378
0.000161601
0.000162225
0.000162527
0.000162666
0.000162729
0.000162756
0.000162769
0.000162777
0.000162786
0.000162794
0.000162803
0.000162814
0.000162823
0.000162827
0.000162821
0.00016279
0.000162707
0.000162513
0.000162101
0.000161281
0.000159742
0.000157019
0.000152478
0.000145334
0.000134717
0.000119757
9.96464e-05
7.35585e-05
4.06279e-05
7.46492e-06
7.54528e-06
4.28393e-05
7.69631e-05
0.000103516
0.00012355
0.00013807
0.000148062
0.000154547
0.000158507
0.000160778
0.000162004
0.000162627
0.000162928
0.000163064
0.000163122
0.000163146
0.000163156
0.000163162
0.000163167
0.000163172
0.000163178
0.000163185
0.000163191
0.000163192
0.000163182
0.000163147
0.000163058
0.000162856
0.000162431
0.000161591
0.000160021
0.000157255
0.000152657
0.000145443
0.000134747
0.000119712
9.95357e-05
7.33977e-05
4.04564e-05
7.49518e-06
7.57393e-06
4.28228e-05
7.70259e-05
0.000103643
0.000123719
0.000138265
0.00014827
0.000154761
0.000158721
0.000160991
0.000162214
0.000162834
0.000163131
0.000163264
0.000163319
0.000163341
0.000163349
0.000163354
0.000163356
0.000163359
0.000163364
0.000163369
0.000163373
0.000163372
0.00016336
0.000163323
0.00016323
0.000163022
0.000162588
0.000161731
0.000160136
0.000157335
0.00015269
0.000145421
0.000134667
0.000119577
9.93544e-05
7.31868e-05
4.02541e-05
7.52752e-06
7.60415e-06
4.28039e-05
7.7083e-05
0.000103755
0.000123859
0.000138413
0.000148417
0.000154901
0.000158852
0.000161112
0.000162328
0.000162943
0.000163235
0.000163365
0.000163418
0.000163439
0.000163445
0.000163449
0.000163451
0.000163453
0.000163457
0.000163461
0.000163465
0.000163463
0.00016345
0.000163412
0.000163317
0.000163104
0.000162661
0.00016179
0.000160172
0.000157338
0.00015265
0.00014533
0.000134523
0.000119383
9.91234e-05
7.29348e-05
4.0022e-05
7.56259e-06
7.63623e-06
4.2785e-05
7.71428e-05
0.000103868
0.000123992
0.000138547
0.000148539
0.000155008
0.000158943
0.000161191
0.000162397
0.000163006
0.000163294
0.000163421
0.000163472
0.000163491
0.000163497
0.000163501
0.000163503
0.000163505
0.000163508
0.000163513
0.000163516
0.000163515
0.000163501
0.000163462
0.000163366
0.000163149
0.000162698
0.000161812
0.000160171
0.000157302
0.000152569
0.000145196
0.000134334
0.000119145
9.88485e-05
7.26418e-05
3.97576e-05
7.601e-06
7.6704e-06
4.27672e-05
7.72094e-05
0.000103989
0.000124131
0.000138681
0.000148657
0.000155105
0.000159022
0.000161254
0.000162449
0.00016305
0.000163333
0.000163457
0.000163506
0.000163524
0.000163529
0.000163534
0.000163536
0.000163538
0.000163542
0.000163547
0.00016355
0.00016355
0.000163537
0.000163498
0.0001634
0.00016318
0.00016272
0.000161819
0.000160152
0.000157246
0.000152463
0.000145031
0.000134108
0.000118864
9.85275e-05
7.23033e-05
3.94559e-05
7.64341e-06
7.70687e-06
4.27509e-05
7.72851e-05
0.000104122
0.000124283
0.000138826
0.000148781
0.000155205
0.000159099
0.000161313
0.000162495
0.000163087
0.000163365
0.000163486
0.000163533
0.00016355
0.000163555
0.00016356
0.000163562
0.000163565
0.000163569
0.000163575
0.000163579
0.00016358
0.000163568
0.00016353
0.000163431
0.000163207
0.000162739
0.00016182
0.000160125
0.000157177
0.000152337
0.000144837
0.000133843
0.000118536
9.81536e-05
7.19109e-05
3.91099e-05
7.69063e-06
7.74592e-06
4.27366e-05
7.73717e-05
0.000104272
0.000124452
0.000138985
0.000148916
0.000155312
0.00015918
0.000161375
0.000162543
0.000163125
0.000163397
0.000163514
0.000163559
0.000163575
0.00016358
0.000163584
0.000163587
0.00016359
0.000163595
0.000163602
0.000163608
0.00016361
0.0001636
0.000163562
0.000163463
0.000163236
0.000162758
0.000161821
0.000160094
0.000157096
0.00015219
0.000144611
0.000133533
0.000118151
9.7716e-05
7.14531e-05
3.87103e-05
7.74367e-06
7.78781e-06
4.27247e-05
7.74712e-05
0.000104441
0.00012464
0.000139161
0.000149065
0.00015543
0.000159269
0.000161442
0.000162594
0.000163166
0.000163431
0.000163544
0.000163586
0.0001636
0.000163605
0.000163609
0.000163612
0.000163616
0.000163622
0.000163629
0.000163637
0.000163641
0.000163635
0.000163598
0.000163499
0.000163269
0.000162781
0.000161822
0.000160058
0.000157003
0.00015202
0.000144347
0.000133169
0.000117698
9.7199e-05
7.09137e-05
3.82441e-05
7.8038e-06
7.83288e-06
4.27161e-05
7.75858e-05
0.000104632
0.000124852
0.000139359
0.000149232
0.000155561
0.000159368
0.000161516
0.00016265
0.00016321
0.000163468
0.000163576
0.000163616
0.000163626
0.00016363
0.000163633
0.000163637
0.000163642
0.000163649
0.000163658
0.000163668
0.000163675
0.000163672
0.000163637
0.000163539
0.000163306
0.000162807
0.000161825
0.000160018
0.000156897
0.000151822
0.000144036
0.00013274
0.000117159
9.65815e-05
7.02703e-05
3.76943e-05
7.8727e-06
7.8815e-06
4.27116e-05
7.77186e-05
0.000104849
0.000125092
0.000139582
0.000149419
0.000155707
0.000159479
0.000161598
0.000162712
0.000163259
0.000163508
0.000163611
0.000163646
0.000163654
0.000163655
0.000163658
0.000163662
0.000163668
0.000163677
0.000163688
0.0001637
0.00016371
0.000163711
0.000163681
0.000163583
0.000163348
0.000162837
0.000161829
0.000159973
0.000156774
0.000151588
0.000143667
0.000132222
0.000116507
9.58329e-05
6.94917e-05
3.70372e-05
7.95266e-06
7.93416e-06
4.27128e-05
7.78735e-05
0.000105098
0.000125364
0.000139835
0.00014963
0.000155872
0.000159602
0.000161689
0.00016278
0.000163312
0.000163551
0.000163647
0.000163678
0.000163682
0.00016368
0.000163682
0.000163686
0.000163693
0.000163703
0.000163716
0.000163731
0.000163745
0.00016375
0.000163726
0.00016363
0.000163392
0.000162869
0.000161831
0.000159917
0.000156625
0.000151307
0.000143219
0.000131591
0.000115704
9.49095e-05
6.85328e-05
3.62401e-05
8.04681e-06
7.99141e-06
4.27218e-05
7.80557e-05
0.000105386
0.000125677
0.000140122
0.000149869
0.000156057
0.000159739
0.000161789
0.000162853
0.000163366
0.000163594
0.000163683
0.000163709
0.000163709
0.000163703
0.000163703
0.000163706
0.000163713
0.000163725
0.00016374
0.000163758
0.000163776
0.000163785
0.000163768
0.000163674
0.000163433
0.000162897
0.000161823
0.000159842
0.000156438
0.000150958
0.000142662
0.000130804
0.000114702
9.37459e-05
6.73278e-05
3.52575e-05
8.15968e-06
8.054e-06
4.27414e-05
7.82725e-05
0.00010572
0.000126036
0.00014045
0.000150139
0.000156264
0.00015989
0.000161895
0.000162927
0.000163419
0.000163633
0.000163714
0.000163734
0.000163728
0.000163717
0.000163713
0.000163715
0.000163722
0.000163733
0.000163749
0.00016377
0.000163791
0.000163806
0.000163793
0.000163705
0.000163457
0.000162904
0.000161789
0.000159726
0.000156184
0.000150502
0.000141944
0.000129787
0.000113398
9.22343e-05
6.57757e-05
3.40267e-05
8.29788e-06
8.12285e-06
4.2776e-05
7.8533e-05
0.000106112
0.000126453
0.000140825
0.000150442
0.00015649
0.00016005
0.000162002
0.000162995
0.000163461
0.000163657
0.000163727
0.000163738
0.000163725
0.000163707
0.000163698
0.000163697
0.000163702
0.000163711
0.000163727
0.000163747
0.000163771
0.000163788
0.000163778
0.000163694
0.000163434
0.000162859
0.00016169
0.000159525
0.00015581
0.000149869
0.000140968
0.000128414
0.00011164
9.02061e-05
6.3713e-05
3.24608e-05
8.47125e-06
8.19917e-06
4.28312e-05
7.88494e-05
0.000106575
0.000126935
0.000141249
0.000150775
0.000156727
0.000160204
0.000162089
0.000163034
0.000163466
0.000163642
0.000163695
0.000163693
0.000163669
0.000163641
0.000163622
0.000163616
0.000163614
0.000163618
0.000163629
0.000163646
0.000163666
0.000163681
0.000163667
0.000163577
0.000163305
0.00016269
0.00016145
0.000159149
0.000155208
0.000148923
0.000139552
0.000126438
0.000109112
8.73022e-05
6.08411e-05
3.04402e-05
8.69524e-06
8.28457e-06
4.29146e-05
7.9236e-05
0.000107122
0.000127486
0.000141715
0.000151117
0.000156945
0.000160313
0.000162111
0.000162993
0.000163381
0.000163527
0.000163554
0.000163532
0.000163491
0.000163448
0.000163416
0.000163397
0.000163382
0.000163373
0.00016337
0.000163374
0.000163381
0.000163382
0.000163352
0.00016324
0.000162942
0.000162255
0.000160912
0.000158433
0.00015418
0.000147407
0.000137346
0.000123371
0.000105166
8.2776e-05
5.65319e-05
2.77775e-05
8.99663e-06
8.38118e-06
4.30356e-05
7.97068e-05
0.000107756
0.000128094
0.000142187
0.000151414
0.00015707
0.000160287
0.000161968
0.000162762
0.000163091
0.000163192
0.000163182
0.000163125
0.000163054
0.000162984
0.000162926
0.000162879
0.000162838
0.000162801
0.000162772
0.000162747
0.000162724
0.000162692
0.000162625
0.000162467
0.000162109
0.000161323
0.000159819
0.000157071
0.000152384
0.000144878
0.000133712
0.000118277
9.85093e-05
7.50943e-05
4.95294e-05
2.43456e-05
9.43154e-06
8.49181e-06
4.32034e-05
8.0269e-05
0.000108463
0.000128704
0.000142574
0.000151536
0.000156941
0.00015994
0.000161456
0.000162134
0.000162378
0.000162399
0.00016232
0.000162203
0.000162079
0.000161961
0.000161854
0.000161756
0.000161666
0.000161581
0.000161499
0.000161421
0.000161341
0.000161246
0.000161108
0.000160867
0.000160402
0.000159491
0.000157749
0.000154633
0.000149277
0.000140648
0.000127642
0.000109668
8.71467e-05
6.20044e-05
3.78254e-05
1.97382e-05
1.01676e-05
8.62002e-06
4.34223e-05
8.09051e-05
0.00010917
0.000129176
0.000142664
0.000151212
0.000156233
0.000158931
0.000160213
0.000160708
0.000160797
0.000160687
0.000160495
0.000160278
0.000160062
0.000159857
0.000159663
0.000159479
0.000159303
0.000159135
0.000158967
0.000158799
0.000158623
0.000158426
0.000158175
0.000157807
0.000157192
0.000156094
0.000154086
0.00015047
0.000144207
0.000133827
0.000117972
9.61065e-05
6.99262e-05
4.38824e-05
2.44414e-05
1.54634e-05
1.17493e-05
8.77009e-06
4.36801e-05
8.15413e-05
0.000109692
0.000129204
0.000142035
0.00014993
0.000154404
0.000156636
0.000157543
0.000157751
0.000157588
0.000157267
0.000156894
0.000156512
0.000156142
0.000155791
0.000155457
0.000155138
0.00015483
0.000154529
0.00015423
0.000153929
0.000153613
0.000153269
0.000152863
0.00015233
0.000151537
0.000150235
0.000147953
0.000143854
0.000136514
0.00012384
0.000104126
7.77302e-05
4.93569e-05
2.76877e-05
1.83468e-05
1.57248e-05
1.50883e-05
8.94653e-06
4.39277e-05
8.19872e-05
0.000109631
0.000128183
0.000139942
0.000146864
0.000150444
0.000151954
0.000152309
0.000152065
0.000151532
0.000150892
0.000150236
0.000149598
0.000148993
0.000148421
0.000147879
0.000147362
0.000146865
0.00014638
0.000145902
0.000145421
0.00014493
0.000144407
0.000143822
0.000143114
0.000142162
0.000140726
0.000138316
0.000133957
0.000125829
0.000111202
8.79255e-05
5.85697e-05
3.31534e-05
2.05213e-05
2.16596e-05
2.13789e-05
2.0058e-05
9.15387e-06
4.40456e-05
8.18339e-05
0.000108199
0.000125048
0.000135119
0.000140436
0.000142685
0.0001432
0.000142779
0.000141893
0.000140831
0.00013974
0.000138686
0.000137692
0.000136762
0.000135893
0.000135075
0.000134303
0.000133567
0.000132859
0.00013217
0.000131489
0.000130806
0.000130102
0.000129356
0.000128518
0.000127498
0.000126108
0.000123927
0.000119995
0.000112307
9.7607e-05
7.36015e-05
4.51511e-05
2.54454e-05
1.96666e-05
2.33509e-05
2.50433e-05
2.46297e-05
9.39004e-06
4.38024e-05
8.02208e-05
0.000103923
0.000117903
0.000125173
0.000128192
0.000128709
0.000127937
0.000126499
0.000124817
0.000123108
0.000121473
0.000119947
0.000118536
0.000117234
0.00011603
0.000114913
0.000113872
0.000112894
0.00011197
0.000111087
0.000110235
0.000109403
0.000108578
0.000107743
0.000106881
0.000105942
0.000104839
0.000103334
0.000100796
9.56849e-05
8.46848e-05
6.52429e-05
4.04994e-05
2.37577e-05
1.91463e-05
2.23675e-05
2.55564e-05
2.74621e-05
9.6801e-06
4.2627e-05
7.52134e-05
9.39107e-05
0.000103009
0.000106391
0.000106578
0.000105163
0.000103011
0.000100605
9.8219e-05
9.59727e-05
9.39062e-05
9.20229e-05
9.0311e-05
8.87543e-05
8.7336e-05
8.60403e-05
8.48522e-05
8.37608e-05
8.27512e-05
8.1809e-05
8.09245e-05
8.00861e-05
7.92871e-05
7.85202e-05
7.77872e-05
7.70883e-05
7.64312e-05
7.58029e-05
7.50517e-05
7.3564e-05
6.92969e-05
5.93346e-05
4.19221e-05
2.61278e-05
1.98884e-05
2.10988e-05
2.53818e-05
2.90656e-05
9.91509e-06
3.91391e-05
6.25107e-05
7.21799e-05
7.4864e-05
7.42828e-05
7.22482e-05
6.97321e-05
6.71618e-05
6.47268e-05
6.25071e-05
6.05146e-05
5.87334e-05
5.71443e-05
5.57252e-05
5.44564e-05
5.33204e-05
5.23014e-05
5.13851e-05
5.05564e-05
4.98017e-05
4.91141e-05
4.84852e-05
4.79101e-05
4.73832e-05
4.69052e-05
4.64811e-05
4.61281e-05
4.58833e-05
4.58202e-05
4.60474e-05
4.66364e-05
4.7218e-05
4.61448e-05
4.05839e-05
3.11923e-05
2.39555e-05
2.11023e-05
2.54494e-05
3.02321e-05
1.05142e-05
2.8622e-05
3.60952e-05
3.71534e-05
3.64911e-05
3.52372e-05
3.38913e-05
3.2676e-05
3.1637e-05
3.07727e-05
3.00581e-05
2.94699e-05
2.89861e-05
2.85892e-05
2.82658e-05
2.80047e-05
2.77965e-05
2.7633e-05
2.75067e-05
2.74109e-05
2.73408e-05
2.72904e-05
2.72549e-05
2.72312e-05
2.72175e-05
2.72134e-05
2.72201e-05
2.72419e-05
2.72881e-05
2.73788e-05
2.75514e-05
2.78882e-05
2.84745e-05
2.9077e-05
2.882e-05
2.66495e-05
2.35017e-05
2.13345e-05
2.54559e-05
3.13638e-05
1.23594e-05
1.44557e-05
1.5824e-05
1.67606e-05
1.7404e-05
1.79563e-05
1.85082e-05
1.90745e-05
1.9651e-05
2.02413e-05
2.08424e-05
2.14485e-05
2.20515e-05
2.26424e-05
2.32135e-05
2.37583e-05
2.42721e-05
2.47521e-05
2.51974e-05
2.56085e-05
2.59871e-05
2.63355e-05
2.6656e-05
2.69508e-05
2.72219e-05
2.74712e-05
2.77e-05
2.79097e-05
2.80996e-05
2.82712e-05
2.84077e-05
2.85424e-05
2.85527e-05
2.85139e-05
2.8367e-05
2.77238e-05
2.71742e-05
2.68977e-05
2.78016e-05
3.32731e-05
2.65174e-05
3.25317e-05
3.56699e-05
3.68501e-05
3.73122e-05
3.75054e-05
3.7546e-05
3.75216e-05
3.74555e-05
3.7349e-05
3.72291e-05
3.71035e-05
3.69774e-05
3.68547e-05
3.6738e-05
3.66294e-05
3.65297e-05
3.64392e-05
3.63576e-05
3.62836e-05
3.62159e-05
3.61532e-05
3.60948e-05
3.60399e-05
3.59884e-05
3.59395e-05
3.58931e-05
3.58481e-05
3.5804e-05
3.57586e-05
3.57112e-05
3.56579e-05
3.55975e-05
3.55318e-05
3.54611e-05
3.54412e-05
3.54657e-05
3.5534e-05
3.62838e-05
3.54025e-05
)
;

boundaryField
{
    movingWall
    {
        type            nutkWallFunction;
        blending        stepwise;
        value           uniform 0;
    }
    fixedWalls
    {
        type            nutkWallFunction;
        blending        stepwise;
        value           uniform 0;
    }
    frontAndBack
    {
        type            empty;
    }
}


// ************************************************************************* //
