/*--------------------------------*- C++ -*----------------------------------*\
| =========                 |                                                 |
| \\      /  F ield         | OpenFOAM: The Open Source CFD Toolbox           |
|  \\    /   O peration     | Version:  2412                                  |
|   \\  /    A nd           | Website:  www.openfoam.com                      |
|    \\/     M anipulation  |                                                 |
\*---------------------------------------------------------------------------*/
FoamFile
{
    version     2.0;
    format      ascii;
    arch        "LSB;label=32;scalar=64";
    class       volScalarField;
    location    "0.25";
    object      p;
}
// * * * * * * * * * * * * * * * * * * * * * * * * * * * * * * * * * * * * * //

dimensions      [0 2 -2 0 0 0 0];

internalField   nonuniform List<scalar> 
1600
(
2.31863e-08
-3.68547e-06
-6.58419e-06
-7.8539e-06
-6.62326e-06
-2.47098e-06
4.73852e-06
1.49747e-05
2.81219e-05
4.40301e-05
6.25433e-05
8.35114e-05
0.000106793
0.00013225
0.000159747
0.00018914
0.000220278
0.000252992
0.0002871
0.000322388
0.000358651
0.000395655
0.000433101
0.000470714
0.000508182
0.00054517
0.000581323
0.000616263
0.000649592
0.00068089
0.000709721
0.000735632
0.000758168
0.000776893
0.000791435
0.000801556
0.000807258
0.000808935
0.000807563
0.000804257
3.71344e-06
-3.85808e-08
-2.38012e-06
-2.69418e-06
-6.52304e-07
3.98949e-06
1.13872e-05
2.15761e-05
3.45047e-05
5.00744e-05
6.8166e-05
8.86539e-05
0.000111411
0.000136311
0.000163222
0.000192005
0.000222513
0.000254582
0.00028803
0.000322657
0.000358257
0.000394572
0.000431346
0.000468295
0.000505108
0.000541456
0.000576987
0.00061133
0.000644094
0.000674873
0.000703249
0.000728799
0.000751113
0.000769822
0.000784633
0.000795383
0.000802094
0.000804935
0.000804261
0.000800957
6.56196e-06
2.08609e-06
-3.79016e-07
-1.89109e-09
2.90647e-06
8.22479e-06
1.60287e-05
2.63732e-05
3.92524e-05
5.46158e-05
7.23861e-05
9.24698e-05
0.000114764
0.000139158
0.000165532
0.00019376
0.000223698
0.00025519
0.000288062
0.00032212
0.000357155
0.000392925
0.000429172
0.000465615
0.000501951
0.000537853
0.000572976
0.000606956
0.000639412
0.000669954
0.000698188
0.000723726
0.000746207
0.000765315
0.000780807
0.00079254
0.00080043
0.000804217
0.000803532
0.000799499
7.71181e-06
2.01004e-06
-1.48179e-06
-1.28111e-06
1.96152e-06
7.74688e-06
1.5968e-05
2.66075e-05
3.96411e-05
5.50293e-05
7.27185e-05
9.26418e-05
0.000114721
0.000138865
0.000164972
0.000192926
0.000222597
0.000253836
0.000286476
0.000320331
0.000355193
0.00039083
0.000426987
0.000463385
0.000499723
0.000535681
0.000570915
0.000605066
0.000637763
0.000668627
0.000697281
0.000723355
0.000746506
0.000766416
0.000782811
0.000795456
0.000804047
0.000807886
0.000806233
0.00080093
6.24551e-06
-6.4607e-07
-5.44625e-06
-5.97468e-06
-2.91196e-06
2.99865e-06
1.1473e-05
2.23857e-05
3.56533e-05
5.12125e-05
6.90095e-05
8.89901e-05
0.000111093
0.000135247
0.000161365
0.000189346
0.00021907
0.0002504
0.000283176
0.00031722
0.000352328
0.000388273
0.000424804
0.000461643
0.000498491
0.000535027
0.000570909
0.000605777
0.000639261
0.000670984
0.000700567
0.000727637
0.000751826
0.000772769
0.000790105
0.000803459
0.000812311
0.000815676
0.000812784
0.000806248
1.70696e-06
-6.15612e-06
-1.21825e-05
-1.36346e-05
-1.10532e-05
-5.28742e-06
3.25556e-06
1.43523e-05
2.78496e-05
4.36436e-05
6.16636e-05
8.18553e-05
0.000104167
0.00012854
0.000154902
0.000183166
0.000213223
0.000244947
0.000278187
0.000312771
0.000348502
0.000385156
0.000422484
0.00046021
0.000498033
0.000535628
0.000572649
0.000608731
0.000643495
0.000676551
0.000707503
0.000735947
0.000761462
0.000783609
0.000801918
0.000815874
0.000824796
0.00082756
0.000823548
0.000816002
-6.06269e-06
-1.4699e-05
-2.1789e-05
-2.41871e-05
-2.22312e-05
-1.67829e-05
-8.31631e-06
2.87224e-06
1.65669e-05
3.26191e-05
5.09335e-05
7.14472e-05
9.4111e-05
0.000118875
0.000145679
0.000174447
0.000205084
0.000237473
0.000271472
0.000306918
0.000343618
0.000381353
0.000419874
0.000458906
0.000498144
0.000537256
0.000575885
0.000613654
0.000650165
0.000685005
0.00071774
0.000747915
0.000775042
0.000798586
0.000817967
0.000832549
0.000841539
0.000843771
0.000838839
0.000830484
-1.70582e-05
-2.63343e-05
-3.43453e-05
-3.7644e-05
-3.63629e-05
-3.13258e-05
-2.30318e-05
-1.18238e-05
2.03263e-06
1.83483e-05
3.70013e-05
5.79165e-05
8.10432e-05
0.000106337
0.000133748
0.000163211
0.000194643
0.000227937
0.000262962
0.000299561
0.00033755
0.000376711
0.000416799
0.000457535
0.000498608
0.000539676
0.000580369
0.000620288
0.000659007
0.000696076
0.000731012
0.000763294
0.000792349
0.000817541
0.000838178
0.000853523
0.000862707
0.000864564
0.000858899
0.000849865
-3.11963e-05
-4.10413e-05
-4.98753e-05
-5.4012e-05
-5.34026e-05
-4.8815e-05
-4.07477e-05
-2.95691e-05
-1.55804e-05
9.95774e-07
2.00134e-05
4.13847e-05
6.50563e-05
9.09884e-05
0.000119139
0.000149455
0.000181863
0.000216271
0.000252556
0.000290572
0.000330139
0.000371047
0.00041305
0.000455866
0.000499178
0.000542632
0.000585836
0.000628365
0.000669758
0.000709516
0.000747094
0.000781894
0.000813246
0.000840407
0.000862575
0.000878917
0.000888507
0.000890184
0.000883939
0.000874293
-4.83699e-05
-5.87668e-05
-6.83708e-05
-7.32918e-05
-7.33295e-05
-6.91976e-05
-6.13818e-05
-5.02617e-05
-3.61628e-05
-1.93332e-05
6.175e-08
2.19237e-05
4.61972e-05
7.28469e-05
0.00010184
0.000133135
0.000166672
0.000202369
0.000240119
0.000279783
0.000321193
0.000364142
0.000408387
0.000453644
0.000499588
0.000545849
0.000592013
0.000637622
0.000682172
0.000725106
0.000765808
0.000803589
0.000837675
0.000867206
0.000891265
0.000908924
0.000919194
0.000920906
0.000914196
0.000903955
-6.84818e-05
-7.94521e-05
-8.98151e-05
-9.54882e-05
-9.61479e-05
-9.2465e-05
-8.49099e-05
-7.38661e-05
-5.96746e-05
-4.2602e-05
-2.2828e-05
-4.5799e-07
2.44527e-05
5.18749e-05
8.17865e-05
0.000114158
0.000148945
0.00018608
0.00022547
0.000266989
0.000310479
0.000355743
0.000402541
0.000450588
0.00049955
0.000549042
0.000598625
0.000647805
0.000696026
0.000742667
0.00078703
0.000828324
0.000865658
0.000898046
0.000924443
0.000943813
0.000955089
0.00095706
0.000949977
0.000939123
-9.1463e-05
-0.000103052
-0.000114197
-0.000120617
-0.000121885
-0.000118646
-0.000111358
-0.000100406
-8.61394e-05
-6.88397e-05
-4.86954e-05
-2.58154e-05
-2.51818e-07
2.79751e-05
5.88556e-05
9.23759e-05
0.000128508
0.000167201
0.000208379
0.000251934
0.000297722
0.000345556
0.000395203
0.000446381
0.000498748
0.000551905
0.000605386
0.000658657
0.000711107
0.000762044
0.000810675
0.000856098
0.000897289
0.000933116
0.00096239
0.000983944
0.000996601
0.000999071
0.00099169
0.000980181
-0.000117274
-0.000129543
-0.00014152
-0.000148707
-0.000150591
-0.000147802
-0.000140794
-0.000129951
-0.000115633
-9.81305e-05
-7.76367e-05
-5.42602e-05
-2.80467e-05
9.95326e-07
3.28717e-05
6.75864e-05
0.000105131
0.000145477
0.000188568
0.000234317
0.000282597
0.000333239
0.000386021
0.000440664
0.000496827
0.000554095
0.000611979
0.000669902
0.000727196
0.000783088
0.000836682
0.000886948
0.000932712
0.000972673
0.00100547
0.00102976
0.00104424
0.00104747
0.00103986
0.00102765
-0.000145904
-0.000158926
-0.000171807
-0.000179806
-0.000182332
-0.000180016
-0.000173311
-0.000162607
-0.000148272
-0.000130602
-0.000109793
-8.59502e-05
-5.91092e-05
-2.92636e-05
3.61103e-06
3.95403e-05
7.85394e-05
0.000120604
0.000165705
0.00021378
0.000264726
0.000318394
0.000374582
0.000433022
0.000493374
0.000555217
0.000618038
0.000681221
0.000744038
0.000805627
0.00086498
0.000920923
0.000972105
0.00101703
0.00105411
0.00108182
0.00109862
0.00110293
0.00109518
0.00108218
-0.000177365
-0.000191222
-0.000205095
-0.000213976
-0.000217192
-0.000215389
-0.000209028
-0.000198507
-0.000184201
-0.000166413
-0.00014534
-0.000121079
-9.36542e-05
-6.30403e-05
-2.91906e-05
7.94569e-06
4.84115e-05
9.22327e-05
0.00013941
0.000189914
0.000243671
0.000300561
0.000360409
0.000422965
0.000487901
0.000554796
0.000623119
0.000692221
0.00076131
0.000829435
0.000895463
0.000958055
0.00101566
0.00106653
0.00110883
0.00114076
0.00116052
0.00116627
0.00115848
0.00114463
-0.000211687
-0.000226471
-0.000241442
-0.000251291
-0.000255268
-0.000254039
-0.000248079
-0.000237799
-0.000223584
-0.000205745
-0.000184477
-0.000159868
-0.000131926
-0.000100605
-6.58316e-05
-2.75267e-05
1.43856e-05
5.99659e-05
0.000109252
0.000162252
0.000218933
0.000279213
0.000342947
0.000409922
0.000479829
0.000552259
0.000626677
0.000702403
0.00077859
0.000854194
0.000927948
0.000998327
0.00106354
0.00112156
0.00117021
0.00120735
0.00123083
0.00123849
0.00123081
0.00121604
-0.000248912
-0.000264725
-0.000280914
-0.000291841
-0.000296668
-0.00029609
-0.000290608
-0.000280644
-0.000266601
-0.000248795
-0.000227421
-0.000202557
-0.00017419
-0.000142252
-0.000106639
-6.72382e-05
-2.39374e-05
2.33648e-05
7.47502e-05
0.000130272
0.000189945
0.000253737
0.000321551
0.000393216
0.000468463
0.00054691
0.00062803
0.00071113
0.000795316
0.000879457
0.00096214
0.00104164
0.00111588
0.00118249
0.00123889
0.00128247
0.00131066
0.00132084
0.00131346
0.0012977
-0.000289094
-0.000306048
-0.000323593
-0.000335723
-0.000341508
-0.000341679
-0.000336766
-0.000327213
-0.000313439
-0.000295771
-0.000274403
-0.000249399
-0.00022073
-0.000188296
-0.000151962
-0.000111579
-6.69903e-05
-1.80497e-05
3.53751e-05
9.33914e-05
0.000156072
0.000223446
0.000295478
0.00037206
0.000452979
0.000537901
0.000626332
0.000717586
0.000810742
0.000904591
0.000997577
0.00108775
0.00117272
0.00124969
0.00131557
0.00136718
0.00140132
0.00141481
0.00140801
0.0013912
-0.000332292
-0.000350512
-0.000369568
-0.000383047
-0.000389916
-0.00039095
-0.000386713
-0.000377681
-0.000364293
-0.000346888
-0.00032566
-0.000300662
-0.00027184
-0.000239067
-0.000202172
-0.000160961
-0.000115235
-6.47929e-05
-9.4468e-06
5.09737e-05
0.000116611
0.000187565
0.000263885
0.00034554
0.000432401
0.000524209
0.000620535
0.000720733
0.000823883
0.000928721
0.00103356
0.00113623
0.00123396
0.00132346
0.001401
0.00146264
0.00150438
0.00152223
0.00151642
0.0014985
-0.000378574
-0.0003982
-0.000418942
-0.000433936
-0.000442031
-0.000444055
-0.00044062
-0.000432232
-0.000419363
-0.000402366
-0.000381436
-0.000356615
-0.000327825
-0.000294907
-0.000257651
-0.000215818
-0.000169157
-0.000117411
-6.03296e-05
2.32975e-06
7.07881e-05
0.000145236
0.000225815
0.000312606
0.000405587
0.000504611
0.000609355
0.000719257
0.000833447
0.000950652
0.00106909
0.00118634
0.00129927
0.00140398
0.00149593
0.00157022
0.00162173
0.00164536
0.00164113
0.00162207
-0.000428014
-0.000449204
-0.000471832
-0.000488528
-0.000498007
-0.000501162
-0.000498661
-0.000491056
-0.000478854
-0.000462428
-0.000441977
-0.000417533
-0.000388992
-0.000356162
-0.00031879
-0.000276591
-0.000229258
-0.000176474
-0.000117919
-5.32734e-05
1.77744e-05
9.55162e-05
0.000180211
0.00027207
0.000371216
0.000477657
0.000591226
0.000711513
0.000837763
0.000968763
0.00110269
0.00123694
0.00136797
0.00149119
0.00160108
0.00169144
0.00175562
0.00178702
0.00178519
0.001765
-0.000480696
-0.000503633
-0.000528375
-0.000546982
-0.000558017
-0.000562453
-0.000561026
-0.000554348
-0.00054297
-0.000527295
-0.000507527
-0.000483686
-0.000455645
-0.000423175
-0.000385981
-0.000343726
-0.000296047
-0.000242564
-0.000182882
-0.0001166
-4.3308e-05
3.73998e-05
0.000125918
0.000222609
0.000327784
0.000441654
0.000564274
0.000695465
0.000834686
0.000980893
0.00113233
0.00128628
0.00143884
0.00158466
0.001717
0.00182798
0.00190882
0.00195069
0.00195247
0.00193118
-0.000536723
-0.00056162
-0.000588736
-0.000609486
-0.00062226
-0.000628127
-0.000627915
-0.00062231
-0.000611921
-0.000597186
-0.000578321
-0.000555336
-0.000528078
-0.000496282
-0.000459606
-0.000417662
-0.000370029
-0.00031626
-0.000255889
-0.000188427
-0.000113364
-3.01708e-05
6.16952e-05
0.000162778
0.000273611
0.00039466
0.000526282
0.000668627
0.000821504
0.00098419
0.00115517
0.00133179
0.00150986
0.0016833
0.00184392
0.0019816
0.0020846
0.00214079
0.00214787
0.00212553
-0.000596226
-0.000623335
-0.000653125
-0.000676273
-0.000690972
-0.000698412
-0.000699543
-0.000695147
-0.000685908
-0.00067231
-0.000654584
-0.000632731
-0.000606572
-0.000575801
-0.00054003
-0.000498818
-0.000451686
-0.000398125
-0.000337594
-0.000269521
-0.000193296
-0.000108266
-1.3732e-05
9.10467e-05
0.00020687
0.000334502
0.000474682
0.000628019
0.000794834
0.000974945
0.00116733
0.0013697
0.00157783
0.00178499
0.00198139
0.00215404
0.00228693
0.00236297
0.00237765
0.0023542
-0.000659381
-0.000689002
-0.000721815
-0.000747639
-0.00076444
-0.000773573
-0.000776147
-0.000773072
-0.00076513
-0.000752861
-0.000736519
-0.000716094
-0.000691377
-0.000662021
-0.000627589
-0.000587584
-0.000541471
-0.000488682
-0.000428609
-0.000360605
-0.000283967
-0.000197925
-0.000101631
5.84029e-06
0.000125642
0.000258816
0.000406587
0.000570153
0.00075055
0.000948419
0.00116362
0.00139465
0.00163776
0.00188592
0.00212773
0.00234664
0.00252052
0.00262443
0.00264988
0.00262473
-0.000726439
-0.000758939
-0.00079518
-0.000823969
-0.000843023
-0.000853919
-0.000857983
-0.000856298
-0.000849771
-0.000839012
-0.000824301
-0.000805615
-0.000782713
-0.000755197
-0.000722578
-0.000684303
-0.000639784
-0.000588397
-0.000529482
-0.000462327
-0.000386157
-0.000300102
-0.00020317
-9.41989e-05
2.80319e-05
0.00016515
0.000318865
0.000491073
0.000683744
0.000898688
0.00113715
0.0013991
0.00168207
0.00197954
0.00227894
0.0025596
0.00279056
0.00293411
0.00297458
0.00294591
-0.000797771
-0.000833601
-0.000873736
-0.00090578
-0.000927174
-0.000939814
-0.00094533
-0.000945035
-0.000939992
-0.0009309
-0.000918063
-0.000901443
-0.000880752
-0.000855537
-0.000825244
-0.000789266
-0.000746961
-0.000697661
-0.000640664
-0.000575221
-0.00050051
-0.000415603
-0.000319417
-0.00021066
-8.77929e-05
5.1098e-05
0.000208292
0.000386487
0.000588793
0.000818563
0.00107904
0.00137264
0.00169946
0.00205495
0.00242676
0.00279021
0.00310195
0.00330312
0.00336415
0.00332572
-0.000873935
-0.000913657
-0.000958219
-0.000993769
-0.00101747
-0.00103169
-0.00103848
-0.00103947
-0.00103592
-0.00102861
-0.00101789
-0.00100367
-0.000985617
-0.000963195
-0.00093578
-0.000902702
-0.000863267
-0.000816771
-0.00076249
-0.000699666
-0.000627477
-0.000544988
-0.000451092
-0.000344422
-0.000223267
-8.5443e-05
7.18294e-05
0.000252055
0.000459592
0.000699668
0.000978196
0.00130123
0.00167336
0.00209447
0.00255526
0.0030293
0.00345754
0.00374482
0.00383161
0.00376679
-0.000955787
-0.0010001
-0.00104967
-0.00108887
-0.00111463
-0.00113004
-0.00113774
-0.00113976
-0.0011376
-0.00113217
-0.00112379
-0.00111234
-0.00109737
-0.00107827
-0.00105433
-0.00102478
-0.000988895
-0.000945929
-0.000895162
-0.000835865
-0.000767271
-0.000688513
-0.000598547
-0.000496055
-0.000379304
-0.000245986
-9.29947e-05
8.38292e-05
0.000289997
0.000532738
0.000821217
0.00116645
0.00158003
0.00207023
0.00263582
0.0032549
0.00385308
0.00427603
0.00438996
0.00426641
-0.00104465
-0.00109441
-0.00114956
-0.00119232
-0.00121954
-0.00123538
-0.00124335
-0.00124597
-0.00124502
-0.00124149
-0.00123569
-0.00122738
-0.00121602
-0.00120083
-0.00118098
-0.00115564
-0.00112398
-0.00108526
-0.00103876
-0.000983841
-0.000919845
-0.000846067
-0.000761652
-0.000665483
-0.000556019
-0.000431086
-0.00028758
-0.000121082
7.47033e-05
0.000308676
0.000593279
0.00094555
0.00138712
0.0019401
0.00262003
0.00342502
0.00427511
0.00491564
0.0050479
0.0047997
-0.00114257
-0.00119876
-0.00125993
-0.00130567
-0.00133316
-0.00134819
-0.00135542
-0.00135798
-0.00135794
-0.00135634
-0.00135338
-0.00134867
-0.00134148
-0.00133086
-0.00131582
-0.00129538
-0.00126864
-0.00123483
-0.00119328
-0.00114346
-0.0010849
-0.00101716
-0.000939724
-0.000851864
-0.000752499
-0.000639956
-0.000511642
-0.000363535
-0.000189425
2.01779e-05
0.000279904
0.000612628
0.00105252
0.00164204
0.00242651
0.0034531
0.00466339
0.00562745
0.00575976
0.00525726
-0.0012527
-0.00131637
-0.00138349
-0.00143078
-0.00145641
-0.00146871
-0.00147376
-0.0014754
-0.0014759
-0.00147625
-0.00147647
-0.00147592
-0.00147362
-0.00146838
-0.00145895
-0.00144417
-0.00142304
-0.00139474
-0.00135868
-0.00131447
-0.00126193
-0.00120095
-0.00113152
-0.00105352
-0.000966615
-0.000870088
-0.000762503
-0.000641198
-0.00050151
-0.000335499
-0.000129313
0.000142431
0.000525457
0.00108302
0.00188688
0.0030514
0.00459891
0.00599245
0.00630281
0.00552038
-0.00137997
-0.00145194
-0.00152373
-0.00156953
-0.00158984
-0.00159659
-0.00159759
-0.00159726
-0.00159795
-0.00160041
-0.00160431
-0.00160868
-0.00161219
-0.00161332
-0.00161045
-0.00160217
-0.00158734
-0.00156509
-0.00153489
-0.00149656
-0.00145021
-0.00139624
-0.00133523
-0.00126788
-0.0011949
-0.00111695
-0.00103446
-0.000947322
-0.000854357
-0.000752235
-0.000633665
-0.000479615
-0.000241847
0.000141426
0.000671738
0.00142048
0.00267239
0.00449227
0.00593022
0.00554171
-0.00153199
-0.00161203
-0.00168473
-0.00172339
-0.00173308
-0.00173054
-0.00172521
-0.00172184
-0.00172254
-0.0017275
-0.00173588
-0.00174624
-0.00175675
-0.0017653
-0.00176999
-0.00176913
-0.00176133
-0.0017456
-0.00172147
-0.00168896
-0.00164857
-0.00160126
-0.00154832
-0.0014914
-0.00143247
-0.00137387
-0.00131839
-0.00126945
-0.00123119
-0.00120869
-0.00120871
-0.00123346
-0.00125485
-0.00125579
-0.00148173
-0.00221673
-0.00269935
-0.00112019
0.00268351
0.00506301
-0.00172182
-0.00180629
-0.00187145
-0.00189305
-0.00188437
-0.00186776
-0.00185366
-0.00184634
-0.00184698
-0.0018551
-0.00186918
-0.00188705
-0.00190613
-0.00192382
-0.00193776
-0.00194569
-0.00194586
-0.00193712
-0.00191903
-0.00189187
-0.00185659
-0.00181474
-0.00176843
-0.00172029
-0.00167355
-0.00163226
-0.00160173
-0.00158921
-0.00160485
-0.00166378
-0.00179112
-0.00202368
-0.00239217
-0.0029726
-0.00424823
-0.00694717
-0.00994913
-0.00972785
-0.00448754
0.0039195
-0.00196726
-0.00204509
-0.00208516
-0.00207334
-0.00203588
-0.00199992
-0.00197498
-0.0019633
-0.00196476
-0.00197796
-0.00200014
-0.00202809
-0.00205845
-0.00208788
-0.00211312
-0.00213136
-0.00214041
-0.00213889
-0.0021264
-0.00210351
-0.00207169
-0.00203318
-0.00199089
-0.00194838
-0.00190999
-0.00188117
-0.00186923
-0.00188428
-0.00194075
-0.00206132
-0.00228396
-0.00267049
-0.00331224
-0.00437621
-0.00633482
-0.00979179
-0.0140135
-0.0147567
-0.011613
0.00188102
-0.00233323
-0.002355
-0.00231753
-0.00224054
-0.00216152
-0.0021022
-0.00206637
-0.00205289
-0.00205929
-0.00208186
-0.00211616
-0.0021581
-0.00220346
-0.00224797
-0.0022875
-0.00231837
-0.00233778
-0.00234404
-0.00233676
-0.00231686
-0.00228644
-0.00224855
-0.00220694
-0.00216598
-0.00213084
-0.00210789
-0.00210533
-0.00213484
-0.00221292
-0.00236444
-0.00262964
-0.00307664
-0.00382036
-0.00502325
-0.00701965
-0.00992814
-0.0131889
-0.0134997
-0.0140462
-0.00268009
-0.00268683
-0.00251165
-0.00234319
-0.00224776
-0.00217549
-0.00212288
-0.0020945
-0.00209021
-0.00210919
-0.00214764
-0.00219931
-0.00226003
-0.00232485
-0.00238856
-0.00244592
-0.0024922
-0.00252374
-0.00253843
-0.00253588
-0.00251747
-0.00248621
-0.00244618
-0.00240203
-0.00235889
-0.00232246
-0.00229959
-0.00229896
-0.00233261
-0.00241749
-0.00257843
-0.00285446
-0.00330738
-0.00403346
-0.00516245
-0.00681368
-0.00872617
-0.010146
-0.00835008
-0.0101789
-0.00372939
-0.00447483
-0.00401445
-0.0034849
-0.00295464
-0.00259434
-0.00237838
-0.00226325
-0.00221622
-0.00221425
-0.00224354
-0.00229543
-0.00236289
-0.00243876
-0.00251576
-0.00258663
-0.00264482
-0.00268527
-0.00270511
-0.00270379
-0.0026831
-0.00264718
-0.0026015
-0.00255174
-0.00250381
-0.00246369
-0.00243827
-0.00243675
-0.00247159
-0.00256005
-0.00272682
-0.00300841
-0.00345719
-0.00414491
-0.00513204
-0.00638291
-0.00733477
-0.00684827
-0.00131908
0.00119945
0.0268155
-0.0019358
0.00152053
0.00119535
-0.000167507
-0.000915611
-0.00121934
-0.00142259
-0.00159783
-0.0017413
-0.00186568
-0.00198488
-0.002103
-0.00221809
-0.00232621
-0.00242258
-0.00250229
-0.00256134
-0.0025973
-0.00261013
-0.00260277
-0.00257979
-0.00254618
-0.00250734
-0.00246903
-0.00243804
-0.00242255
-0.00243264
-0.00248173
-0.00258843
-0.00277892
-0.00308936
-0.00356613
-0.00425478
-0.00514288
-0.00609836
-0.00646435
-0.00548321
0.00129031
0.0159899
0.0979925
)
;

boundaryField
{
    movingWall
    {
        type            zeroGradient;
    }
    fixedWalls
    {
        type            zeroGradient;
    }
    frontAndBack
    {
        type            empty;
    }
}


// ************************************************************************* //
