/*--------------------------------*- C++ -*----------------------------------*\
| =========                 |                                                 |
| \\      /  F ield         | OpenFOAM: The Open Source CFD Toolbox           |
|  \\    /   O peration     | Version:  2412                                  |
|   \\  /    A nd           | Website:  www.openfoam.com                      |
|    \\/     M anipulation  |                                                 |
\*---------------------------------------------------------------------------*/
FoamFile
{
    version     2.0;
    format      ascii;
    arch        "LSB;label=32;scalar=64";
    class       surfaceScalarField;
    location    "0.25";
    object      phi;
}
// * * * * * * * * * * * * * * * * * * * * * * * * * * * * * * * * * * * * * //

dimensions      [0 3 -1 0 0 0 0];

oriented        oriented;

internalField   nonuniform List<scalar> 
3120
(
-1.1765e-09
1.17431e-09
-5.37947e-09
4.2029e-09
-1.16886e-08
6.30903e-09
-1.90362e-08
7.34756e-09
-2.67203e-08
7.684e-09
-3.43428e-08
7.62244e-09
-4.16912e-08
7.34832e-09
-4.86617e-08
6.97045e-09
-5.52107e-08
6.54897e-09
-6.13225e-08
6.11177e-09
-6.699e-08
5.66748e-09
-7.22054e-08
5.21536e-09
-7.69569e-08
4.7514e-09
-8.12284e-08
4.27149e-09
-8.5001e-08
3.77253e-09
-8.82537e-08
3.25265e-09
-9.09648e-08
2.7111e-09
-9.31127e-08
2.14783e-09
-9.46757e-08
1.56299e-09
-9.56311e-08
9.55398e-10
-9.59716e-08
3.40433e-10
-9.56722e-08
-2.9945e-10
-9.47229e-08
-9.4938e-10
-9.31122e-08
-1.61074e-09
-9.08323e-08
-2.27988e-09
-8.78784e-08
-2.95398e-09
-8.42479e-08
-3.63052e-09
-7.99404e-08
-4.30751e-09
-7.49569e-08
-4.98359e-09
-6.92993e-08
-5.65764e-09
-6.29721e-08
-6.32722e-09
-5.5987e-08
-6.98508e-09
-4.83732e-08
-7.6138e-09
-4.01978e-08
-8.17552e-09
-3.15986e-08
-8.59918e-09
-2.28336e-08
-8.76502e-09
-1.43591e-08
-8.47451e-09
-6.95761e-09
-7.40156e-09
-1.80961e-09
-5.14804e-09
-1.80962e-09
-4.20259e-09
5.37685e-09
-1.08883e-08
1.08886e-08
-1.87436e-08
1.41643e-08
-2.7246e-08
1.58499e-08
-3.60414e-08
1.64793e-08
-4.4862e-08
1.6443e-08
-5.351e-08
1.59962e-08
-6.18454e-08
1.53058e-08
-6.97743e-08
1.44778e-08
-7.72352e-08
1.35726e-08
-8.41863e-08
1.26185e-08
-9.05958e-08
1.16248e-08
-9.64356e-08
1.05912e-08
-1.01679e-07
9.51458e-09
-1.06298e-07
8.39155e-09
-1.10265e-07
7.22019e-09
-1.13554e-07
6.00005e-09
-1.16139e-07
4.73209e-09
-1.17994e-07
3.41816e-09
-1.191e-07
2.0615e-09
-1.1943e-07
6.70296e-10
-1.18974e-07
-7.55724e-10
-1.17714e-07
-2.20905e-09
-1.15642e-07
-3.68314e-09
-1.1275e-07
-5.17132e-09
-1.09038e-07
-6.6667e-09
-1.04506e-07
-8.16248e-09
-9.91612e-08
-9.65205e-09
-9.30162e-08
-1.11286e-08
-8.60903e-08
-1.25836e-08
-7.84146e-08
-1.40029e-08
-7.00385e-08
-1.53612e-08
-6.10409e-08
-1.66114e-08
-5.15424e-08
-1.76741e-08
-4.1716e-08
-1.84256e-08
-3.17986e-08
-1.86825e-08
-2.21017e-08
-1.81714e-08
-1.30292e-08
-1.64741e-08
-5.16862e-09
-1.30086e-08
-6.97827e-09
-6.35751e-09
1.17344e-08
-1.42651e-08
1.87962e-08
-2.25889e-08
2.2488e-08
-3.11921e-08
2.4453e-08
-3.99676e-08
2.52548e-08
-4.87797e-08
2.52551e-08
-5.74878e-08
2.47043e-08
-6.59636e-08
2.37816e-08
-7.40999e-08
2.26141e-08
-8.18122e-08
2.12849e-08
-8.9036e-08
1.98423e-08
-9.57209e-08
1.83096e-08
-1.01825e-07
1.66957e-08
-1.07313e-07
1.50024e-08
-1.12151e-07
1.32293e-08
-1.16307e-07
1.13764e-08
-1.19752e-07
9.4449e-09
-1.22458e-07
7.43747e-09
-1.24398e-07
5.35837e-09
-1.2555e-07
3.21352e-09
-1.25891e-07
1.01107e-09
-1.25404e-07
-1.24214e-09
-1.24077e-07
-3.53683e-09
-1.21898e-07
-5.86229e-09
-1.18862e-07
-8.20724e-09
-1.14969e-07
-1.05597e-08
-1.10224e-07
-1.29069e-08
-1.04641e-07
-1.52353e-08
-9.8241e-08
-1.75287e-08
-9.10583e-08
-1.97662e-08
-8.31447e-08
-2.19166e-08
-7.45743e-08
-2.39316e-08
-6.54491e-08
-2.57366e-08
-5.59006e-08
-2.72227e-08
-4.60856e-08
-2.82405e-08
-3.61768e-08
-2.85913e-08
-2.63435e-08
-2.80047e-08
-1.67267e-08
-2.6091e-08
-7.50794e-09
-2.22274e-08
-1.44862e-08
-7.52029e-09
1.92546e-08
-1.62118e-08
2.74877e-08
-2.4951e-08
3.12272e-08
-3.3704e-08
3.3206e-08
-4.24823e-08
3.40331e-08
-5.12425e-08
3.40152e-08
-5.99027e-08
3.33644e-08
-6.83647e-08
3.22436e-08
-7.65301e-08
3.07795e-08
-8.43104e-08
2.90651e-08
-9.16306e-08
2.71625e-08
-9.84292e-08
2.51082e-08
-1.04655e-07
2.29216e-08
-1.10265e-07
2.06118e-08
-1.15219e-07
1.81835e-08
-1.19482e-07
1.56401e-08
-1.23023e-07
1.29856e-08
-1.25811e-07
1.02252e-08
-1.27818e-07
7.36575e-09
-1.29021e-07
4.4158e-09
-1.29395e-07
1.38576e-09
-1.28924e-07
-1.71319e-09
-1.27593e-07
-4.86795e-09
-1.25392e-07
-8.0636e-09
-1.22316e-07
-1.12837e-08
-1.18365e-07
-1.45103e-08
-1.13549e-07
-1.77234e-08
-1.07884e-07
-2.09002e-08
-1.014e-07
-2.40129e-08
-9.41404e-08
-2.70255e-08
-8.61689e-08
-2.98882e-08
-7.75692e-08
-3.25313e-08
-6.84463e-08
-3.48595e-08
-5.89204e-08
-3.67487e-08
-4.91153e-08
-3.80456e-08
-3.91413e-08
-3.85654e-08
-2.90712e-08
-3.80748e-08
-1.89252e-08
-3.6237e-08
-8.78877e-09
-3.23638e-08
-2.3275e-08
-8.06287e-09
2.73175e-08
-1.72878e-08
3.67126e-08
-2.64396e-08
4.0379e-08
-3.54556e-08
4.22218e-08
-4.43754e-08
4.2953e-08
-5.32021e-08
4.28417e-08
-6.18956e-08
4.20578e-08
-7.03878e-08
4.07358e-08
-7.85974e-08
3.8989e-08
-8.64419e-08
3.69096e-08
-9.38455e-08
3.4566e-08
-1.00742e-07
3.20046e-08
-1.07074e-07
2.92541e-08
-1.12794e-07
2.63315e-08
-1.17858e-07
2.32474e-08
-1.22228e-07
2.00096e-08
-1.25868e-07
1.66257e-08
-1.28746e-07
1.31039e-08
-1.30834e-07
9.45374e-09
-1.32105e-07
5.68677e-09
-1.32536e-07
1.81629e-09
-1.32106e-07
-2.14272e-09
-1.30801e-07
-6.17304e-09
-1.2861e-07
-1.02551e-08
-1.25527e-07
-1.4367e-08
-1.21553e-07
-1.8484e-08
-1.16699e-07
-2.25777e-08
-1.10984e-07
-2.66151e-08
-1.04441e-07
-3.05553e-08
-9.71202e-08
-3.43467e-08
-8.90865e-08
-3.79218e-08
-8.04245e-08
-4.11934e-08
-7.12314e-08
-4.40526e-08
-6.16094e-08
-4.63708e-08
-5.16514e-08
-4.80036e-08
-4.14256e-08
-4.87912e-08
-3.09605e-08
-4.85399e-08
-2.02542e-08
-4.69434e-08
-9.43797e-09
-4.31801e-08
-3.2713e-08
-8.28971e-09
3.56072e-08
-1.78909e-08
4.63137e-08
-2.74348e-08
4.99229e-08
-3.6784e-08
5.15711e-08
-4.59591e-08
5.21281e-08
-5.49742e-08
5.18568e-08
-6.38113e-08
5.08949e-08
-7.24238e-08
4.93482e-08
-8.07466e-08
4.73118e-08
-8.8707e-08
4.487e-08
-9.6233e-08
4.2092e-08
-1.03258e-07
3.90298e-08
-1.09724e-07
3.57196e-08
-1.15578e-07
3.21855e-08
-1.20775e-07
2.84441e-08
-1.25273e-07
2.45079e-08
-1.29035e-07
2.03882e-08
-1.32028e-07
1.60965e-08
-1.3422e-07
1.16454e-08
-1.35582e-07
7.04935e-09
-1.36091e-07
2.3247e-09
-1.35724e-07
-2.50991e-09
-1.34464e-07
-7.43312e-09
-1.32298e-07
-1.24206e-08
-1.29221e-07
-1.74445e-08
-1.25232e-07
-2.2473e-08
-1.20341e-07
-2.74689e-08
-1.14568e-07
-3.23881e-08
-1.07946e-07
-3.71766e-08
-1.00526e-07
-4.17674e-08
-9.23703e-08
-4.60771e-08
-8.35592e-08
-5.00045e-08
-7.41794e-08
-5.34325e-08
-6.43166e-08
-5.62336e-08
-5.40438e-08
-5.82764e-08
-4.34103e-08
-5.94248e-08
-3.2439e-08
-5.95112e-08
-2.11582e-08
-5.82243e-08
-9.79244e-09
-5.45459e-08
-4.25055e-08
-8.38418e-09
4.39914e-08
-1.8276e-08
5.62055e-08
-2.81925e-08
5.98393e-08
-3.79158e-08
6.12943e-08
-4.74272e-08
6.16394e-08
-5.67309e-08
6.11605e-08
-6.58144e-08
5.99784e-08
-7.46424e-08
5.81762e-08
-8.31614e-08
5.58309e-08
-9.13079e-08
5.30164e-08
-9.90153e-08
4.97993e-08
-1.0622e-07
4.62342e-08
-1.12862e-07
4.23622e-08
-1.1889e-07
3.82135e-08
-1.24256e-07
3.381e-08
-1.28917e-07
2.91688e-08
-1.32834e-07
2.4305e-08
-1.35971e-07
1.92332e-08
-1.38294e-07
1.39689e-08
-1.39775e-07
8.52951e-09
-1.40384e-07
2.9343e-09
-1.40099e-07
-2.79463e-09
-1.38901e-07
-8.63194e-09
-1.36773e-07
-1.45485e-08
-1.33706e-07
-2.05107e-08
-1.297e-07
-2.64794e-08
-1.2476e-07
-3.24085e-08
-1.18906e-07
-3.82426e-08
-1.12168e-07
-4.39147e-08
-1.04592e-07
-4.93434e-08
-9.62383e-08
-5.44307e-08
-8.71791e-08
-5.90638e-08
-7.74923e-08
-6.31194e-08
-6.72535e-08
-6.64724e-08
-5.65275e-08
-6.90024e-08
-4.53635e-08
-7.05888e-08
-3.38027e-08
-7.10721e-08
-2.19252e-08
-7.01018e-08
-1.00546e-08
-6.64165e-08
-5.25601e-08
-8.45427e-09
5.24456e-08
-1.86079e-08
6.63591e-08
-2.8891e-08
7.01225e-08
-3.90168e-08
7.14201e-08
-4.89235e-08
7.1546e-08
-5.85947e-08
7.08317e-08
-6.80123e-08
6.93959e-08
-7.71436e-08
6.73075e-08
-8.59415e-08
6.46287e-08
-9.43485e-08
6.14235e-08
-1.02303e-07
5.77543e-08
-1.09746e-07
5.36762e-08
-1.16617e-07
4.92341e-08
-1.22867e-07
4.44627e-08
-1.28445e-07
3.93884e-08
-1.33309e-07
3.40324e-08
-1.37417e-07
2.84131e-08
-1.40732e-07
2.25483e-08
-1.43219e-07
1.6456e-08
-1.44846e-07
1.01561e-08
-1.45582e-07
3.67055e-09
-1.45401e-07
-2.97537e-09
-1.4428e-07
-9.75275e-09
-1.42201e-07
-1.6628e-08
-1.3915e-07
-2.35618e-08
-1.35121e-07
-3.0508e-08
-1.30118e-07
-3.74116e-08
-1.24154e-07
-4.42065e-08
-1.17256e-07
-5.08128e-08
-1.09465e-07
-5.71349e-08
-1.00834e-07
-6.30613e-08
-9.14302e-08
-6.84678e-08
-8.13246e-08
-7.32249e-08
-7.05896e-08
-7.72075e-08
-5.92919e-08
-8.03001e-08
-4.74936e-08
-8.23872e-08
-3.52662e-08
-8.32995e-08
-2.27463e-08
-8.26217e-08
-1.03451e-08
-7.88177e-08
-6.29053e-08
-8.56129e-09
6.10069e-08
-1.89905e-08
7.67883e-08
-2.96532e-08
8.07852e-08
-4.02092e-08
8.19761e-08
-5.05582e-08
8.1895e-08
-6.06603e-08
8.09337e-08
-7.04856e-08
7.92212e-08
-7.99977e-08
7.68197e-08
-8.91507e-08
7.37816e-08
-9.78905e-08
7.01633e-08
-1.06159e-07
6.60232e-08
-1.139e-07
6.14165e-08
-1.21056e-07
5.63906e-08
-1.27577e-07
5.09836e-08
-1.33415e-07
4.52258e-08
-1.38524e-07
3.91418e-08
-1.42864e-07
3.2753e-08
-1.46395e-07
2.60793e-08
-1.49081e-07
1.91413e-08
-1.50885e-07
1.19607e-08
-1.51776e-07
4.5617e-09
-1.51724e-07
-3.02794e-09
-1.507e-07
-1.07762e-08
-1.48683e-07
-1.86455e-08
-1.45653e-07
-2.65916e-08
-1.41599e-07
-3.45616e-08
-1.36519e-07
-4.2492e-08
-1.30419e-07
-5.03062e-08
-1.23321e-07
-5.79117e-08
-1.15256e-07
-6.51991e-08
-1.06275e-07
-7.20427e-08
-9.6437e-08
-7.83059e-08
-8.58116e-08
-8.38503e-08
-7.4473e-08
-8.85461e-08
-6.24973e-08
-9.22758e-08
-4.99666e-08
-9.49178e-08
-3.69874e-08
-9.62787e-08
-2.37488e-08
-9.58603e-08
-1.0735e-08
-9.18316e-08
-7.36403e-08
-8.73483e-09
6.97417e-08
-1.94837e-08
8.75371e-08
-3.05578e-08
9.18593e-08
-4.15779e-08
9.29962e-08
-5.24126e-08
9.27297e-08
-6.29998e-08
9.15209e-08
-7.32954e-08
8.95168e-08
-8.32559e-08
8.67801e-08
-9.28326e-08
8.33583e-08
-1.01972e-07
7.93028e-08
-1.10619e-07
7.46699e-08
-1.18717e-07
6.95148e-08
-1.26214e-07
6.3887e-08
-1.33058e-07
5.78278e-08
-1.39202e-07
5.13704e-08
-1.44603e-07
4.45421e-08
-1.49216e-07
3.73667e-08
-1.53003e-07
2.98661e-08
-1.55924e-07
2.20621e-08
-1.57941e-07
1.39779e-08
-1.59019e-07
5.63925e-09
-1.59122e-07
-2.92447e-09
-1.5822e-07
-1.16789e-08
-1.56282e-07
-2.05835e-08
-1.53284e-07
-2.95894e-08
-1.49207e-07
-3.86381e-08
-1.44041e-07
-4.7658e-08
-1.37785e-07
-5.65623e-08
-1.30451e-07
-6.52463e-08
-1.22064e-07
-7.35859e-08
-1.12666e-07
-8.14402e-08
-1.02315e-07
-8.86577e-08
-9.1078e-08
-9.5087e-08
-7.90364e-08
-1.00588e-07
-6.628e-08
-1.05032e-07
-5.29144e-08
-1.08283e-07
-3.90809e-08
-1.10112e-07
-2.50152e-08
-1.09926e-07
-1.12628e-08
-1.05584e-07
-8.49031e-08
-8.98458e-09
7.87262e-08
-2.01162e-08
9.86687e-08
-3.16495e-08
1.03393e-07
-4.31763e-08
1.04523e-07
-5.45417e-08
1.04095e-07
-6.56643e-08
1.02644e-07
-7.64864e-08
1.00339e-07
-8.69552e-08
9.72489e-08
-9.70174e-08
9.34205e-08
-1.06618e-07
8.89035e-08
-1.15702e-07
8.37536e-08
-1.24215e-07
7.80275e-08
-1.32104e-07
7.17769e-08
-1.39322e-07
6.50457e-08
-1.45822e-07
5.78697e-08
-1.51558e-07
5.02787e-08
-1.56489e-07
4.22977e-08
-1.60573e-07
3.39499e-08
-1.63769e-07
2.52579e-08
-1.66036e-07
1.62453e-08
-1.67336e-07
6.93848e-09
-1.67628e-07
-2.6325e-09
-1.66874e-07
-1.24321e-08
-1.6504e-07
-2.24177e-08
-1.62092e-07
-3.25375e-08
-1.58003e-07
-4.27276e-08
-1.52751e-07
-5.29095e-08
-1.46327e-07
-6.29868e-08
-1.38731e-07
-7.28419e-08
-1.29981e-07
-8.23357e-08
-1.20112e-07
-9.13097e-08
-1.09176e-07
-9.95941e-08
-9.7243e-08
-1.0702e-07
-8.44022e-08
-1.13429e-07
-7.07592e-08
-1.18675e-07
-5.64442e-08
-1.22598e-07
-4.16315e-08
-1.24925e-07
-2.6599e-08
-1.24958e-07
-1.19497e-08
-1.20233e-07
-9.68527e-08
-9.31072e-09
8.80369e-08
-2.08978e-08
1.10256e-07
-3.29497e-08
1.15444e-07
-4.50346e-08
1.16608e-07
-5.698e-08
1.1604e-07
-6.86887e-08
1.14352e-07
-8.00902e-08
1.1174e-07
-9.11226e-08
1.08281e-07
-1.01727e-07
1.04025e-07
-1.11845e-07
9.90215e-08
-1.21421e-07
9.33296e-08
-1.30401e-07
8.7008e-08
-1.38736e-07
8.01112e-08
-1.46376e-07
7.26861e-08
-1.53277e-07
6.47708e-08
-1.59395e-07
5.63965e-08
-1.64687e-07
4.75896e-08
-1.6911e-07
3.83734e-08
-1.72623e-07
2.87704e-08
-1.75181e-07
1.88038e-08
-1.76742e-07
8.49908e-09
-1.77261e-07
-2.11404e-09
-1.76692e-07
-1.30003e-08
-1.74994e-07
-2.41165e-08
-1.72122e-07
-3.54089e-08
-1.6804e-07
-4.68101e-08
-1.62714e-07
-5.82356e-08
-1.56121e-07
-6.95797e-08
-1.4825e-07
-8.07122e-08
-1.39109e-07
-9.14773e-08
-1.28722e-07
-1.01697e-07
-1.17138e-07
-1.11178e-07
-1.04429e-07
-1.19729e-07
-9.06907e-08
-1.27166e-07
-7.60466e-08
-1.33319e-07
-6.06507e-08
-1.37994e-07
-4.47096e-08
-1.40866e-07
-2.85419e-08
-1.41126e-07
-1.28098e-08
-1.35966e-07
-1.09663e-07
-9.70974e-09
9.77467e-08
-2.18285e-08
1.22375e-07
-3.44661e-08
1.28082e-07
-4.71686e-08
1.2931e-07
-5.97487e-08
1.28621e-07
-7.20966e-08
1.267e-07
-8.41305e-08
1.23774e-07
-9.57797e-08
1.1993e-07
-1.06979e-07
1.15224e-07
-1.17667e-07
1.0971e-07
-1.27787e-07
1.03449e-07
-1.37285e-07
9.65061e-08
-1.46112e-07
8.89382e-08
-1.54221e-07
8.07956e-08
-1.61569e-07
7.21187e-08
-1.68113e-07
6.29402e-08
-1.7381e-07
5.32864e-08
-1.78617e-07
4.31806e-08
-1.8249e-07
3.26438e-08
-1.85384e-07
2.16977e-08
-1.87251e-07
1.03657e-08
-1.8804e-07
-1.32464e-09
-1.87701e-07
-1.334e-08
-1.86179e-07
-2.56383e-08
-1.83422e-07
-3.81658e-08
-1.79379e-07
-5.08535e-08
-1.74002e-07
-6.3612e-08
-1.67255e-07
-7.63274e-08
-1.5911e-07
-8.88568e-08
-1.4956e-07
-1.01027e-07
-1.38621e-07
-1.12636e-07
-1.26333e-07
-1.23466e-07
-1.12769e-07
-1.33293e-07
-9.80317e-08
-1.41904e-07
-8.22597e-08
-1.49091e-07
-6.56315e-08
-1.54623e-07
-4.83863e-08
-1.58111e-07
-3.08853e-08
-1.58627e-07
-1.38588e-08
-1.52992e-07
-1.23521e-07
-1.01779e-08
1.07925e-07
-2.29059e-08
1.35102e-07
-3.62014e-08
1.41378e-07
-4.95871e-08
1.42696e-07
-6.28625e-08
1.41896e-07
-7.59065e-08
1.39744e-07
-8.86274e-08
1.36495e-07
-1.00946e-07
1.32249e-07
-1.12793e-07
1.2707e-07
-1.24101e-07
1.21018e-07
-1.34813e-07
1.14161e-07
-1.44876e-07
1.06569e-07
-1.54241e-07
9.83032e-08
-1.62864e-07
8.94185e-08
-1.70702e-07
7.99572e-08
-1.77715e-07
6.9953e-08
-1.83861e-07
5.94321e-08
-1.89097e-07
4.84163e-08
-1.93377e-07
3.69245e-08
-1.96655e-07
2.49752e-08
-1.98878e-07
1.25883e-08
-1.9999e-07
-2.1256e-10
-1.99931e-07
-1.33985e-08
-1.98639e-07
-2.69305e-08
-1.96047e-07
-4.07574e-08
-1.9209e-07
-5.48106e-08
-1.86704e-07
-6.89981e-08
-1.79832e-07
-8.31993e-08
-1.7143e-07
-9.7259e-08
-1.61472e-07
-1.10985e-07
-1.49957e-07
-1.24151e-07
-1.36918e-07
-1.36506e-07
-1.22421e-07
-1.4779e-07
-1.06577e-07
-1.57748e-07
-8.95352e-08
-1.66133e-07
-7.15004e-08
-1.72657e-07
-5.27459e-08
-1.76866e-07
-3.36813e-08
-1.77692e-07
-1.51178e-08
-1.71556e-07
-1.38639e-07
-1.07128e-08
1.18637e-07
-2.41285e-08
1.48518e-07
-3.81582e-08
1.55407e-07
-5.22982e-08
1.56836e-07
-6.63347e-08
1.55932e-07
-8.01361e-08
1.53546e-07
-9.36016e-08
1.49961e-07
-1.06645e-07
1.45293e-07
-1.19189e-07
1.39614e-07
-1.31167e-07
1.32996e-07
-1.42518e-07
1.25512e-07
-1.53189e-07
1.1724e-07
-1.63135e-07
1.08249e-07
-1.72313e-07
9.85965e-08
-1.80684e-07
8.83278e-08
-1.88208e-07
7.74772e-08
-1.94846e-07
6.60702e-08
-2.00556e-07
5.41264e-08
-2.05293e-07
4.16613e-08
-2.09006e-07
2.86887e-08
-2.11641e-07
1.5223e-08
-2.13136e-07
1.28195e-09
-2.13421e-07
-1.31126e-08
-2.12424e-07
-2.79276e-08
-2.10064e-07
-4.31174e-08
-2.06258e-07
-5.86168e-08
-2.00922e-07
-7.43342e-08
-1.93977e-07
-9.01444e-08
-1.85355e-07
-1.05881e-07
-1.75006e-07
-1.21334e-07
-1.62909e-07
-1.36247e-07
-1.4908e-07
-1.50335e-07
-1.33578e-07
-1.63292e-07
-1.16511e-07
-1.74816e-07
-9.80426e-08
-1.84601e-07
-7.84008e-08
-1.92299e-07
-5.78975e-08
-1.97369e-07
-3.69998e-08
-1.9859e-07
-1.66183e-08
-1.91937e-07
-1.55257e-07
-1.1314e-08
1.29951e-07
-2.54978e-08
1.62702e-07
-4.0342e-08
1.70251e-07
-5.53127e-08
1.71807e-07
-7.01816e-08
1.70801e-07
-8.48065e-08
1.68171e-07
-9.90775e-08
1.64232e-07
-1.12901e-07
1.59116e-07
-1.26195e-07
1.52909e-07
-1.3889e-07
1.4569e-07
-1.50924e-07
1.37546e-07
-1.62246e-07
1.28562e-07
-1.72812e-07
1.18815e-07
-1.82584e-07
1.08369e-07
-1.91526e-07
9.72694e-08
-1.99601e-07
8.55529e-08
-2.06774e-07
7.32433e-08
-2.13005e-07
6.03569e-08
-2.18248e-07
4.69047e-08
-2.22453e-07
3.2894e-08
-2.25562e-07
1.83318e-08
-2.27507e-07
3.22691e-09
-2.28212e-07
-1.2408e-08
-2.2759e-07
-2.85498e-08
-2.25545e-07
-4.51619e-08
-2.21975e-07
-6.21868e-08
-2.16772e-07
-7.9537e-08
-2.0983e-07
-9.70864e-08
-2.01051e-07
-1.14661e-07
-1.90355e-07
-1.3203e-07
-1.77691e-07
-1.48911e-07
-1.6305e-07
-1.64976e-07
-1.46474e-07
-1.79868e-07
-1.28066e-07
-1.93224e-07
-1.07997e-07
-2.0467e-07
-8.65186e-08
-2.13778e-07
-6.39863e-08
-2.19902e-07
-4.09369e-08
-2.21639e-07
-1.84035e-08
-2.14471e-07
-1.73661e-07
-1.19832e-08
1.41935e-07
-2.7019e-08
1.77738e-07
-4.2763e-08
1.85995e-07
-5.86466e-08
1.8769e-07
-7.4425e-08
1.8658e-07
-8.99443e-08
1.8369e-07
-1.05085e-07
1.79373e-07
-1.19747e-07
1.73778e-07
-1.33844e-07
1.67005e-07
-1.47301e-07
1.59148e-07
-1.6006e-07
1.50305e-07
-1.72071e-07
1.40573e-07
-1.83294e-07
1.30038e-07
-1.93695e-07
1.18769e-07
-2.03242e-07
1.06817e-07
-2.11907e-07
9.42173e-08
-2.19655e-07
8.09918e-08
-2.26452e-07
6.71532e-08
-2.32253e-07
5.27061e-08
-2.37009e-07
3.76501e-08
-2.4066e-07
2.19821e-08
-2.43132e-07
5.69948e-09
-2.44342e-07
-1.1198e-08
-2.44191e-07
-2.8701e-08
-2.42566e-07
-4.6787e-08
-2.39342e-07
-6.54108e-08
-2.34384e-07
-8.4495e-08
-2.27553e-07
-1.03918e-07
-2.18713e-07
-1.235e-07
-2.07745e-07
-1.42998e-07
-1.94559e-07
-1.62098e-07
-1.79108e-07
-1.80427e-07
-1.61406e-07
-1.9757e-07
-1.41538e-07
-2.13091e-07
-1.19678e-07
-2.2653e-07
-9.60986e-08
-2.37357e-07
-7.12058e-08
-2.44794e-07
-4.5622e-08
-2.47223e-07
-2.0534e-08
-2.39559e-07
-1.94195e-07
-1.27241e-08
1.54659e-07
-2.87017e-08
1.93715e-07
-4.54374e-08
2.02731e-07
-6.23229e-08
2.04576e-07
-7.90943e-08
2.03351e-07
-9.55842e-08
2.0018e-07
-1.11663e-07
1.95452e-07
-1.27223e-07
1.89338e-07
-1.42174e-07
1.81955e-07
-1.56439e-07
1.73413e-07
-1.69961e-07
1.63827e-07
-1.82695e-07
1.53306e-07
-1.94605e-07
1.41949e-07
-2.05664e-07
1.29829e-07
-2.15849e-07
1.17002e-07
-2.25135e-07
1.03503e-07
-2.33496e-07
8.9353e-08
-2.40902e-07
7.45586e-08
-2.47313e-07
5.91171e-08
-2.52681e-07
4.30183e-08
-2.56946e-07
2.62468e-08
-2.60031e-07
8.78528e-09
-2.61846e-07
-9.38318e-09
-2.62279e-07
-2.82679e-08
-2.61201e-07
-4.78657e-08
-2.58461e-07
-6.81508e-08
-2.53893e-07
-8.90627e-08
-2.47319e-07
-1.10491e-07
-2.38559e-07
-1.32261e-07
-2.27441e-07
-1.54116e-07
-2.13819e-07
-1.75719e-07
-1.97597e-07
-1.9665e-07
-1.7874e-07
-2.16427e-07
-1.57303e-07
-2.34528e-07
-1.33447e-07
-2.50386e-07
-1.07464e-07
-2.6334e-07
-7.98164e-08
-2.72442e-07
-5.12325e-08
-2.75807e-07
-2.30919e-08
-2.67699e-07
-2.17287e-07
-1.35431e-08
1.68202e-07
-3.05607e-08
2.10733e-07
-4.83888e-08
2.20559e-07
-6.63736e-08
2.2256e-07
-8.42285e-08
2.21206e-07
-1.01771e-07
2.17722e-07
-1.1886e-07
2.1254e-07
-1.35379e-07
2.05858e-07
-1.51233e-07
1.9781e-07
-1.66348e-07
1.88528e-07
-1.80667e-07
1.78146e-07
-1.94151e-07
1.66791e-07
-2.06773e-07
1.54571e-07
-2.18514e-07
1.4157e-07
-2.29359e-07
1.27847e-07
-2.39293e-07
1.13437e-07
-2.48299e-07
9.8359e-08
-2.56354e-07
8.26128e-08
-2.63424e-07
6.61874e-08
-2.69466e-07
4.90606e-08
-2.74422e-07
3.12024e-08
-2.78214e-07
1.25775e-08
-2.80745e-07
-6.85168e-09
-2.81895e-07
-2.71187e-08
-2.81514e-07
-4.82463e-08
-2.79429e-07
-7.0236e-08
-2.75438e-07
-9.30537e-08
-2.69318e-07
-1.16611e-07
-2.60832e-07
-1.40747e-07
-2.49743e-07
-1.65205e-07
-2.35836e-07
-1.89627e-07
-2.18934e-07
-2.13551e-07
-1.98937e-07
-2.36424e-07
-1.75842e-07
-2.57623e-07
-1.49778e-07
-2.7645e-07
-1.21046e-07
-2.92072e-07
-9.01699e-08
-3.03318e-07
-5.80093e-08
-3.07967e-07
-2.61917e-08
-2.99517e-07
-2.43478e-07
-1.44494e-08
1.82651e-07
-3.26165e-08
2.289e-07
-5.16493e-08
2.39592e-07
-7.08413e-08
2.41752e-07
-8.98792e-08
2.40244e-07
-1.08562e-07
2.36404e-07
-1.26735e-07
2.30714e-07
-1.44274e-07
2.23397e-07
-1.61081e-07
2.14616e-07
-1.77081e-07
2.04528e-07
-1.92224e-07
1.93289e-07
-2.06479e-07
1.81045e-07
-2.19828e-07
1.6792e-07
-2.32264e-07
1.54006e-07
-2.43784e-07
1.39367e-07
-2.54385e-07
1.24038e-07
-2.64061e-07
1.08034e-07
-2.72797e-07
9.13496e-08
-2.80572e-07
7.39624e-08
-2.87349e-07
5.58373e-08
-2.93074e-07
3.69271e-08
-2.97672e-07
1.71755e-08
-3.01043e-07
-3.4801e-09
-3.03059e-07
-2.51033e-08
-3.03555e-07
-4.77501e-08
-3.02332e-07
-7.1459e-08
-2.99152e-07
-9.6234e-08
-2.9374e-07
-1.22023e-07
-2.85794e-07
-1.48692e-07
-2.74996e-07
-1.76002e-07
-2.61035e-07
-2.03588e-07
-2.43632e-07
-2.30954e-07
-2.22578e-07
-2.57478e-07
-1.97779e-07
-2.82423e-07
-1.69299e-07
-3.04929e-07
-1.37426e-07
-3.23945e-07
-1.02747e-07
-3.37997e-07
-6.62863e-08
-3.44428e-07
-2.99902e-08
-3.35813e-07
-2.73469e-07
-1.54558e-08
1.98107e-07
-3.48974e-08
2.48342e-07
-5.52624e-08
2.59957e-07
-7.57828e-08
2.62273e-07
-9.61132e-08
2.60574e-07
-1.1603e-07
2.56322e-07
-1.35365e-07
2.50049e-07
-1.53985e-07
2.42016e-07
-1.71787e-07
2.32419e-07
-1.88702e-07
2.21443e-07
-2.04687e-07
2.09274e-07
-2.19721e-07
1.96079e-07
-2.33802e-07
1.82e-07
-2.46935e-07
1.67139e-07
-2.59133e-07
1.51565e-07
-2.70408e-07
1.35313e-07
-2.80767e-07
1.18394e-07
-2.90211e-07
1.00794e-07
-2.98729e-07
8.24805e-08
-3.06296e-07
6.3404e-08
-3.12867e-07
4.34979e-08
-3.18373e-07
2.26817e-08
-3.22717e-07
8.64156e-10
-3.25766e-07
-2.20546e-08
-3.27344e-07
-4.61716e-08
-3.2723e-07
-7.15732e-08
-3.25149e-07
-9.83155e-08
-3.20771e-07
-1.264e-07
-3.13721e-07
-1.55743e-07
-3.0358e-07
-1.86143e-07
-2.89915e-07
-2.17253e-07
-2.72306e-07
-2.48563e-07
-2.5039e-07
-2.79394e-07
-2.23921e-07
-3.08892e-07
-1.92845e-07
-3.36006e-07
-1.57395e-07
-3.59395e-07
-1.18213e-07
-3.77179e-07
-7.65276e-08
-3.86113e-07
-3.47091e-08
-3.77632e-07
-3.08178e-07
-1.65801e-08
2.14687e-07
-3.7442e-08
2.69203e-07
-5.92862e-08
2.81801e-07
-8.12732e-08
2.8426e-07
-1.03018e-07
2.82319e-07
-1.24272e-07
2.77575e-07
-1.44848e-07
2.70624e-07
-1.64604e-07
2.61772e-07
-1.83438e-07
2.51254e-07
-2.01287e-07
2.39292e-07
-2.18118e-07
2.26105e-07
-2.33926e-07
2.11888e-07
-2.48727e-07
1.968e-07
-2.62544e-07
1.80957e-07
-2.75409e-07
1.6443e-07
-2.87351e-07
1.47255e-07
-2.98395e-07
1.29438e-07
-3.08559e-07
1.10957e-07
-3.17847e-07
9.17692e-08
-3.26251e-07
7.18077e-08
-3.33739e-07
5.09858e-08
-3.40255e-07
2.91974e-08
-3.45709e-07
6.31822e-09
-3.49971e-07
-1.77921e-08
-3.52863e-07
-4.32803e-08
-3.54144e-07
-7.02916e-08
-3.53509e-07
-9.89505e-08
-3.50575e-07
-1.29334e-07
-3.44884e-07
-1.61435e-07
-3.35902e-07
-1.95124e-07
-3.23045e-07
-2.3011e-07
-3.05702e-07
-2.65907e-07
-2.83287e-07
-3.01808e-07
-2.55322e-07
-3.36858e-07
-2.21539e-07
-3.69788e-07
-1.82042e-07
-3.98892e-07
-1.37497e-07
-4.21724e-07
-8.93903e-08
-4.3422e-07
-4.0658e-08
-4.26364e-07
-3.48836e-07
-1.78464e-08
2.32533e-07
-4.03025e-08
2.9166e-07
-6.37994e-08
3.05298e-07
-8.74122e-08
3.07873e-07
-1.10708e-07
3.05615e-07
-1.33407e-07
3.00274e-07
-1.55303e-07
2.9252e-07
-1.76246e-07
2.82716e-07
-1.96137e-07
2.71145e-07
-2.14923e-07
2.58077e-07
-2.32587e-07
2.43769e-07
-2.49147e-07
2.28448e-07
-2.64638e-07
2.12291e-07
-2.79108e-07
1.95427e-07
-2.9261e-07
1.77931e-07
-3.05194e-07
1.59839e-07
-3.16907e-07
1.41151e-07
-3.27787e-07
1.21837e-07
-3.37859e-07
1.01841e-07
-3.47133e-07
8.10817e-08
-3.55598e-07
5.9451e-08
-3.63217e-07
3.68159e-08
-3.69916e-07
1.30174e-08
-3.75579e-07
-1.21287e-08
-3.80033e-07
-3.88264e-08
-3.83034e-07
-6.72905e-08
-3.84254e-07
-9.77306e-08
-3.83264e-07
-1.30324e-07
-3.79524e-07
-1.65175e-07
-3.72378e-07
-2.02271e-07
-3.61055e-07
-2.41433e-07
-3.44698e-07
-2.82263e-07
-3.22411e-07
-3.24095e-07
-2.93354e-07
-3.65914e-07
-2.56902e-07
-4.0624e-07
-2.12886e-07
-4.42908e-07
-1.61919e-07
-4.72691e-07
-1.05805e-07
-4.90334e-07
-4.82745e-08
-4.83894e-07
-3.9711e-07
-1.92887e-08
2.51822e-07
-4.35508e-08
3.15922e-07
-6.89081e-08
3.30656e-07
-9.43324e-08
3.33297e-07
-1.19333e-07
3.30616e-07
-1.43592e-07
3.24533e-07
-1.66883e-07
3.15811e-07
-1.89052e-07
3.04885e-07
-2.10007e-07
2.921e-07
-2.29712e-07
2.77782e-07
-2.48176e-07
2.62233e-07
-2.6544e-07
2.45712e-07
-2.81569e-07
2.28421e-07
-2.96638e-07
2.10496e-07
-3.10725e-07
1.92018e-07
-3.23906e-07
1.7302e-07
-3.36251e-07
1.53496e-07
-3.47822e-07
1.33408e-07
-3.5867e-07
1.12688e-07
-3.68827e-07
9.12396e-08
-3.78311e-07
6.89346e-08
-3.87109e-07
4.56142e-08
-3.95177e-07
2.10851e-08
-4.02424e-07
-4.88156e-09
-4.08698e-07
-3.25527e-08
-4.13769e-07
-6.22194e-08
-4.17307e-07
-9.41924e-08
-4.18856e-07
-1.28775e-07
-4.17809e-07
-1.66222e-07
-4.13382e-07
-2.06698e-07
-4.04601e-07
-2.50213e-07
-3.90302e-07
-2.96563e-07
-3.69162e-07
-3.45235e-07
-3.39802e-07
-3.95274e-07
-3.01001e-07
-4.45041e-07
-2.52061e-07
-4.91848e-07
-1.93372e-07
-5.3138e-07
-1.27099e-07
-5.56607e-07
-5.81615e-08
-5.52831e-07
-4.55272e-07
-2.09544e-08
2.72777e-07
-4.72866e-08
3.42254e-07
-7.47567e-08
3.58126e-07
-1.02211e-07
3.60751e-07
-1.29087e-07
3.57492e-07
-1.55023e-07
3.50469e-07
-1.79776e-07
3.40564e-07
-2.0319e-07
3.28299e-07
-2.25192e-07
3.14101e-07
-2.4577e-07
2.9836e-07
-2.64967e-07
2.8143e-07
-2.8286e-07
2.63605e-07
-2.99546e-07
2.45107e-07
-3.15133e-07
2.26082e-07
-3.29728e-07
2.06613e-07
-3.43435e-07
1.86727e-07
-3.56351e-07
1.66413e-07
-3.68565e-07
1.45622e-07
-3.80154e-07
1.24277e-07
-3.91182e-07
1.02268e-07
-4.01698e-07
7.94501e-08
-4.11726e-07
5.56417e-08
-4.21258e-07
3.06181e-08
-4.30252e-07
4.11208e-09
-4.38592e-07
-2.42131e-08
-4.46091e-07
-5.47202e-08
-4.52448e-07
-8.78352e-08
-4.57215e-07
-1.24008e-07
-4.5975e-07
-1.63687e-07
-4.5917e-07
-2.07278e-07
-4.54296e-07
-2.55087e-07
-4.43604e-07
-3.07255e-07
-4.25211e-07
-3.63628e-07
-3.96955e-07
-4.2353e-07
-3.56638e-07
-4.85358e-07
-3.02582e-07
-5.45904e-07
-2.34586e-07
-5.99377e-07
-1.55172e-07
-6.36021e-07
-7.11238e-08
-6.3688e-07
-5.26396e-07
-2.29115e-08
2.95688e-07
-5.16489e-08
3.70991e-07
-8.15429e-08
3.8802e-07
-1.11284e-07
3.90492e-07
-1.40221e-07
3.8643e-07
-1.67948e-07
3.78196e-07
-1.94206e-07
3.66822e-07
-2.18854e-07
3.52947e-07
-2.41846e-07
3.37094e-07
-2.63213e-07
3.19727e-07
-2.83041e-07
3.01258e-07
-3.0145e-07
2.82015e-07
-3.1858e-07
2.62237e-07
-3.34573e-07
2.42075e-07
-3.4957e-07
2.2161e-07
-3.63704e-07
2.00862e-07
-3.77102e-07
1.79811e-07
-3.8988e-07
1.584e-07
-4.02145e-07
1.36543e-07
-4.13996e-07
1.14119e-07
-4.25519e-07
9.09732e-08
-4.36784e-07
6.69066e-08
-4.47838e-07
4.16718e-08
-4.58689e-07
1.49628e-08
-4.69303e-07
-1.35987e-08
-4.79562e-07
-4.44613e-08
-4.8924e-07
-7.81571e-08
-4.97953e-07
-1.15295e-07
-5.05093e-07
-1.56547e-07
-5.09741e-07
-2.02629e-07
-5.10558e-07
-2.54271e-07
-5.05648e-07
-3.12165e-07
-4.92442e-07
-3.76834e-07
-4.67668e-07
-4.48304e-07
-4.27577e-07
-5.25449e-07
-3.68711e-07
-6.04771e-07
-2.89519e-07
-6.78569e-07
-1.92734e-07
-7.32806e-07
-8.81692e-08
-7.41444e-07
-6.14565e-07
-2.5258e-08
3.20946e-07
-5.68334e-08
4.02567e-07
-8.95353e-08
4.20722e-07
-1.21859e-07
4.22816e-07
-1.53052e-07
4.17622e-07
-1.82661e-07
4.07805e-07
-2.1043e-07
3.94591e-07
-2.3625e-07
3.78767e-07
-2.60124e-07
3.60968e-07
-2.82142e-07
3.41745e-07
-3.02449e-07
3.21564e-07
-3.2122e-07
3.00785e-07
-3.3864e-07
2.79657e-07
-3.54894e-07
2.58329e-07
-3.70155e-07
2.36871e-07
-3.84588e-07
2.15295e-07
-3.98347e-07
1.9357e-07
-4.11577e-07
1.7163e-07
-4.24417e-07
1.49383e-07
-4.37e-07
1.26703e-07
-4.49457e-07
1.03429e-07
-4.61908e-07
7.93579e-08
-4.74466e-07
5.42296e-08
-4.87221e-07
2.77182e-08
-5.00234e-07
-5.85823e-10
-5.13505e-07
-3.11903e-08
-5.26943e-07
-6.47186e-08
-5.40312e-07
-1.01925e-07
-5.53145e-07
-1.43715e-07
-5.64615e-07
-1.91159e-07
-5.73354e-07
-2.45532e-07
-5.77175e-07
-3.08344e-07
-5.72748e-07
-3.8126e-07
-5.5532e-07
-4.65732e-07
-5.18735e-07
-5.62034e-07
-4.56341e-07
-6.67164e-07
-3.63642e-07
-7.71268e-07
-2.43145e-07
-8.53304e-07
-1.09935e-07
-8.74654e-07
-7.245e-07
-2.81361e-08
3.49082e-07
-6.31141e-08
4.37545e-07
-9.90943e-08
4.56702e-07
-1.34332e-07
4.58054e-07
-1.67958e-07
4.51249e-07
-1.99494e-07
4.39341e-07
-2.28712e-07
4.23809e-07
-2.55565e-07
4.05621e-07
-2.80138e-07
3.8554e-07
-3.02601e-07
3.64208e-07
-3.23176e-07
3.42139e-07
-3.42103e-07
3.19712e-07
-3.5962e-07
2.97174e-07
-3.75953e-07
2.74662e-07
-3.91309e-07
2.52227e-07
-4.05881e-07
2.29867e-07
-4.19849e-07
2.07537e-07
-4.33383e-07
1.85165e-07
-4.46654e-07
1.62653e-07
-4.59829e-07
1.39878e-07
-4.73084e-07
1.16684e-07
-4.86596e-07
9.28706e-08
-5.00553e-07
6.8186e-08
-5.15141e-07
4.23068e-08
-5.30546e-07
1.48192e-08
-5.46932e-07
-1.48052e-08
-5.64412e-07
-4.7238e-08
-5.83006e-07
-8.33315e-08
-6.02545e-07
-1.24176e-07
-6.22513e-07
-1.7119e-07
-6.41779e-07
-2.26266e-07
-6.58129e-07
-2.91994e-07
-6.67584e-07
-3.71805e-07
-6.63577e-07
-4.69739e-07
-6.36333e-07
-5.89278e-07
-5.73443e-07
-7.30054e-07
-4.64105e-07
-8.80606e-07
-3.09436e-07
-1.00797e-06
-1.3492e-07
-1.04917e-06
-8.59419e-07
-3.17524e-08
3.80835e-07
-7.08687e-08
4.76661e-07
-1.10687e-07
4.9652e-07
-1.49174e-07
4.96541e-07
-1.85358e-07
4.87432e-07
-2.1877e-07
4.72753e-07
-2.49262e-07
4.54302e-07
-2.76901e-07
4.33259e-07
-3.01889e-07
4.10528e-07
-3.24507e-07
3.86827e-07
-3.45072e-07
3.62704e-07
-3.63895e-07
3.38536e-07
-3.81271e-07
3.1455e-07
-3.97465e-07
2.90856e-07
-4.12716e-07
2.67478e-07
-4.27238e-07
2.44389e-07
-4.41231e-07
2.2153e-07
-4.54888e-07
1.98822e-07
-4.68403e-07
1.76168e-07
-4.81977e-07
1.53452e-07
-4.95825e-07
1.30532e-07
-5.10185e-07
1.0723e-07
-5.25318e-07
8.33191e-08
-5.41519e-07
5.85082e-08
-5.59119e-07
3.24187e-08
-5.78481e-07
4.55745e-09
-5.99999e-07
-2.57203e-08
-6.24064e-07
-5.9266e-08
-6.51008e-07
-9.72323e-08
-6.80947e-07
-1.41252e-07
-7.13449e-07
-1.93764e-07
-7.46863e-07
-2.5858e-07
-7.771e-07
-3.41569e-07
-7.95833e-07
-4.51005e-07
-7.88249e-07
-5.96863e-07
-7.31753e-07
-7.8655e-07
-6.0189e-07
-1.01047e-06
-3.9401e-07
-1.21585e-06
-1.57123e-07
-1.28606e-06
-1.01654e-06
-3.64034e-08
4.17238e-07
-8.06013e-08
5.20859e-07
-1.24884e-07
5.40803e-07
-1.66903e-07
5.3856e-07
-2.05634e-07
5.26163e-07
-2.40707e-07
5.07825e-07
-2.72133e-07
4.85729e-07
-3.00159e-07
4.61285e-07
-3.25153e-07
4.35523e-07
-3.4754e-07
4.09213e-07
-3.6774e-07
3.82904e-07
-3.86145e-07
3.56941e-07
-4.03102e-07
3.31508e-07
-4.18912e-07
3.06665e-07
-4.33832e-07
2.82398e-07
-4.48092e-07
2.58649e-07
-4.61903e-07
2.35341e-07
-4.7547e-07
2.12389e-07
-4.89003e-07
1.89701e-07
-5.02727e-07
1.67177e-07
-5.16894e-07
1.44699e-07
-5.31789e-07
1.22124e-07
-5.47744e-07
9.92749e-08
-5.65159e-07
7.59227e-08
-5.84511e-07
5.17712e-08
-6.06386e-07
2.64325e-08
-6.31501e-07
-6.05969e-10
-6.60731e-07
-3.0036e-08
-6.95123e-07
-6.284e-08
-7.35825e-07
-1.0055e-07
-7.83805e-07
-1.45784e-07
-8.39053e-07
-2.03332e-07
-8.988e-07
-2.81822e-07
-9.54299e-07
-3.95506e-07
-9.85364e-07
-5.65798e-07
-9.53172e-07
-8.18742e-07
-8.04182e-07
-1.15946e-06
-5.12605e-07
-1.50743e-06
-1.71999e-07
-1.62666e-06
-1.18854e-06
-4.25036e-08
4.59742e-07
-9.29473e-08
5.71303e-07
-1.4231e-07
5.90166e-07
-1.87973e-07
5.84222e-07
-2.29e-07
5.67191e-07
-2.65261e-07
5.44086e-07
-2.9705e-07
5.17518e-07
-3.24874e-07
4.89109e-07
-3.49322e-07
4.5997e-07
-3.70981e-07
4.30873e-07
-3.90391e-07
4.02314e-07
-4.08018e-07
3.74568e-07
-4.24251e-07
3.4774e-07
-4.3941e-07
3.21825e-07
-4.53762e-07
2.96751e-07
-4.67535e-07
2.72423e-07
-4.80939e-07
2.48744e-07
-4.94179e-07
2.25629e-07
-5.07471e-07
2.02994e-07
-5.21054e-07
1.8076e-07
-5.35198e-07
1.58843e-07
-5.50224e-07
1.3715e-07
-5.66518e-07
1.15569e-07
-5.84558e-07
9.39626e-08
-6.0495e-07
7.21636e-08
-6.28481e-07
4.99632e-08
-6.56189e-07
2.71029e-08
-6.89477e-07
3.25206e-09
-7.30265e-07
-2.20529e-08
-7.81112e-07
-4.97023e-08
-8.45244e-07
-8.16516e-08
-9.25993e-07
-1.22584e-07
-1.02487e-06
-1.82944e-07
-1.13727e-06
-2.83111e-07
-1.24234e-06
-4.60718e-07
-1.28136e-06
-7.79722e-07
-1.14466e-06
-1.29616e-06
-7.47027e-07
-1.90506e-06
-2.24076e-07
-2.14961e-06
-1.41262e-06
-5.06043e-08
5.10346e-07
-1.08632e-07
6.2933e-07
-1.63523e-07
6.45057e-07
-2.12596e-07
6.33296e-07
-2.55276e-07
6.09871e-07
-2.91897e-07
5.80707e-07
-3.23184e-07
5.48805e-07
-3.49995e-07
5.1592e-07
-3.73184e-07
4.83159e-07
-3.93521e-07
4.5121e-07
-4.11655e-07
4.20447e-07
-4.28109e-07
3.91022e-07
-4.43294e-07
3.62926e-07
-4.57532e-07
3.36062e-07
-4.71073e-07
3.10292e-07
-4.84129e-07
2.85479e-07
-4.96892e-07
2.61507e-07
-5.09555e-07
2.38291e-07
-5.22325e-07
2.15764e-07
-5.35437e-07
1.93873e-07
-5.49168e-07
1.72574e-07
-5.63848e-07
1.5183e-07
-5.79886e-07
1.31606e-07
-5.97799e-07
1.11876e-07
-6.18266e-07
9.26307e-08
-6.42201e-07
7.3898e-08
-6.70884e-07
5.57857e-08
-7.06133e-07
3.85012e-08
-7.50715e-07
2.25296e-08
-8.0873e-07
8.31268e-09
-8.86315e-07
-4.06662e-09
-9.92063e-07
-1.68359e-08
-1.13623e-06
-3.87757e-08
-1.32752e-06
-9.18183e-08
-1.55966e-06
-2.28584e-07
-1.75868e-06
-5.80696e-07
-1.72419e-06
-1.33066e-06
-1.25554e-06
-2.37371e-06
-4.63964e-07
-2.94119e-06
-1.87658e-06
-6.13533e-08
5.71699e-07
-1.2837e-07
6.96347e-07
-1.88817e-07
7.05504e-07
-2.40481e-07
6.8496e-07
-2.83607e-07
6.52998e-07
-3.19295e-07
6.16394e-07
-3.48864e-07
5.78374e-07
-3.73606e-07
5.40662e-07
-3.94666e-07
5.04219e-07
-4.12985e-07
4.69529e-07
-4.29298e-07
4.3676e-07
-4.44154e-07
4.05878e-07
-4.57952e-07
3.76724e-07
-4.70982e-07
3.49093e-07
-4.83458e-07
3.22768e-07
-4.95552e-07
2.97572e-07
-5.07423e-07
2.73378e-07
-5.19236e-07
2.50104e-07
-5.31176e-07
2.27704e-07
-5.43461e-07
2.06157e-07
-5.56348e-07
1.85462e-07
-5.70154e-07
1.65636e-07
-5.85269e-07
1.46722e-07
-6.02195e-07
1.28802e-07
-6.21593e-07
1.12029e-07
-6.44375e-07
9.668e-08
-6.71851e-07
8.32616e-08
-7.06029e-07
7.26786e-08
-7.50008e-07
6.65092e-08
-8.08973e-07
6.72777e-08
-8.91527e-07
7.84872e-08
-1.01211e-06
1.03744e-07
-1.19327e-06
1.4239e-07
-1.46602e-06
1.80931e-07
-1.85285e-06
1.58247e-07
-2.27131e-06
-1.62243e-07
-2.42781e-06
-1.17415e-06
-2.01249e-06
-2.78904e-06
-9.8772e-07
-3.96596e-06
-2.8643e-06
-7.5569e-08
6.47268e-07
-1.5277e-07
7.73548e-07
-2.17967e-07
7.70701e-07
-2.70496e-07
7.37488e-07
-3.12099e-07
6.94601e-07
-3.44987e-07
6.49282e-07
-3.71217e-07
6.04605e-07
-3.92544e-07
5.61989e-07
-4.10387e-07
5.22062e-07
-4.25829e-07
4.84971e-07
-4.39655e-07
4.50586e-07
-4.52397e-07
4.1862e-07
-4.64392e-07
3.88719e-07
-4.75844e-07
3.60545e-07
-4.86907e-07
3.33831e-07
-4.97704e-07
3.08369e-07
-5.08349e-07
2.84024e-07
-5.18965e-07
2.60719e-07
-5.29695e-07
2.38435e-07
-5.40723e-07
2.17185e-07
-5.52272e-07
1.97011e-07
-5.64617e-07
1.77981e-07
-5.78093e-07
1.60198e-07
-5.9312e-07
1.43829e-07
-6.10241e-07
1.2915e-07
-6.30195e-07
1.16634e-07
-6.54044e-07
1.07111e-07
-6.83432e-07
1.02066e-07
-7.21033e-07
1.0411e-07
-7.7156e-07
1.17805e-07
-8.43604e-07
1.50532e-07
-9.53379e-07
2.13519e-07
-1.13116e-06
3.20175e-07
-1.42495e-06
4.74717e-07
-1.8722e-06
6.05492e-07
-2.38626e-06
3.51819e-07
-2.71519e-06
-8.45216e-07
-2.54772e-06
-2.95651e-06
-1.56152e-06
-4.95216e-06
-4.42582e-06
-9.43424e-08
7.41611e-07
-1.82224e-07
8.6143e-07
-2.49863e-07
8.38339e-07
-3.00199e-07
7.87824e-07
-3.3731e-07
7.31712e-07
-3.6478e-07
6.76752e-07
-3.85438e-07
6.25263e-07
-4.01459e-07
5.7801e-07
-4.14475e-07
5.35078e-07
-4.2571e-07
4.96206e-07
-4.35975e-07
4.60851e-07
-4.4573e-07
4.28375e-07
-4.55214e-07
3.98203e-07
-4.64522e-07
3.69853e-07
-4.73671e-07
3.4298e-07
-4.8267e-07
3.17368e-07
-4.91547e-07
2.92901e-07
-5.00363e-07
2.69536e-07
-5.09219e-07
2.47291e-07
-5.18261e-07
2.26226e-07
-5.27673e-07
2.06423e-07
-5.37679e-07
1.87987e-07
-5.48536e-07
1.71055e-07
-5.60539e-07
1.55832e-07
-5.74034e-07
1.42645e-07
-5.89442e-07
1.32042e-07
-6.07311e-07
1.24979e-07
-6.28401e-07
1.23157e-07
-6.53895e-07
1.29603e-07
-6.85924e-07
1.49835e-07
-7.2867e-07
1.93277e-07
-7.90691e-07
2.75541e-07
-8.89752e-07
4.19235e-07
-1.05431e-06
6.3928e-07
-1.30343e-06
8.54603e-07
-1.63676e-06
6.8515e-07
-2.01268e-06
-4.69292e-07
-2.24543e-06
-2.72376e-06
-1.77974e-06
-5.41785e-06
-6.20555e-06
-1.19357e-07
8.60967e-07
-2.16311e-07
9.58385e-07
-2.81852e-07
9.0388e-07
-3.2497e-07
8.30942e-07
-3.53e-07
7.59743e-07
-3.70913e-07
6.94665e-07
-3.82215e-07
6.36565e-07
-3.89582e-07
5.85377e-07
-3.94982e-07
5.40478e-07
-3.99613e-07
5.00837e-07
-4.0412e-07
4.65358e-07
-4.08795e-07
4.3305e-07
-4.13715e-07
4.03124e-07
-4.18845e-07
3.74983e-07
-4.24092e-07
3.48227e-07
-4.29358e-07
3.22634e-07
-4.34585e-07
2.98128e-07
-4.39769e-07
2.7472e-07
-4.44965e-07
2.52486e-07
-4.50276e-07
2.31537e-07
-4.55847e-07
2.11994e-07
-4.61839e-07
1.93979e-07
-4.68413e-07
1.77629e-07
-4.75707e-07
1.63126e-07
-4.83818e-07
1.50756e-07
-4.92763e-07
1.40987e-07
-5.0242e-07
1.34637e-07
-5.1247e-07
1.33207e-07
-5.22125e-07
1.39258e-07
-5.29894e-07
1.57604e-07
-5.33051e-07
1.96434e-07
-5.27115e-07
2.69605e-07
-5.04964e-07
3.97085e-07
-4.54373e-07
5.88689e-07
-3.63972e-07
7.64203e-07
-2.90706e-07
6.11884e-07
-4.55212e-07
-3.04786e-07
-9.36254e-07
-2.24272e-06
-1.38689e-06
-4.96721e-06
-7.59245e-06
-1.61825e-07
1.02279e-06
-2.63513e-07
1.06007e-06
-3.11713e-07
9.5208e-07
-3.3543e-07
8.54659e-07
-3.44248e-07
7.6856e-07
-3.43008e-07
6.93425e-07
-3.35562e-07
6.29119e-07
-3.25232e-07
5.75047e-07
-3.14358e-07
5.29604e-07
-3.0413e-07
4.90608e-07
-2.95015e-07
4.56244e-07
-2.87064e-07
4.25098e-07
-2.80173e-07
3.96233e-07
-2.74147e-07
3.68957e-07
-2.68757e-07
3.42838e-07
-2.63803e-07
3.1768e-07
-2.59141e-07
2.93466e-07
-2.54711e-07
2.70289e-07
-2.50523e-07
2.48298e-07
-2.46645e-07
2.2766e-07
-2.43184e-07
2.08533e-07
-2.4024e-07
1.91035e-07
-2.3787e-07
1.75259e-07
-2.36055e-07
1.61311e-07
-2.34652e-07
1.49353e-07
-2.33326e-07
1.39661e-07
-2.31436e-07
1.32747e-07
-2.27751e-07
1.29522e-07
-2.19991e-07
1.31498e-07
-2.03956e-07
1.41569e-07
-1.722e-07
1.64678e-07
-1.11408e-07
2.08813e-07
2.60854e-09
2.83068e-07
2.05819e-07
3.85478e-07
5.07157e-07
4.62865e-07
8.2272e-07
2.96321e-07
9.10561e-07
-3.92626e-07
4.70913e-07
-1.80307e-06
-5.23687e-07
-3.97261e-06
-8.11613e-06
-2.37957e-07
1.26075e-06
-3.07052e-07
1.12917e-06
-3.01347e-07
9.46376e-07
-2.77993e-07
8.31304e-07
-2.36668e-07
7.27236e-07
-1.81479e-07
6.38236e-07
-1.19814e-07
5.67453e-07
-5.80414e-08
5.13275e-07
9.40276e-10
4.70623e-07
5.64491e-08
4.351e-07
1.0853e-07
4.04163e-07
1.57314e-07
3.76314e-07
2.03086e-07
3.50461e-07
2.46174e-07
3.25869e-07
2.86883e-07
3.02129e-07
3.25468e-07
2.79095e-07
3.62112e-07
2.56822e-07
3.9692e-07
2.35481e-07
4.29933e-07
2.15285e-07
4.61142e-07
1.96452e-07
4.90514e-07
1.79161e-07
5.18052e-07
1.63497e-07
5.43839e-07
1.49473e-07
5.68065e-07
1.37085e-07
5.91061e-07
1.26357e-07
6.13355e-07
1.17368e-07
6.35771e-07
1.1033e-07
6.59643e-07
1.0565e-07
6.87151e-07
1.03989e-07
7.22252e-07
1.06469e-07
7.72125e-07
1.14804e-07
8.49768e-07
1.3117e-07
9.75709e-07
1.57128e-07
1.17572e-06
1.85471e-07
1.45496e-06
1.83617e-07
1.70643e-06
4.48548e-08
1.73717e-06
-4.23362e-07
1.28148e-06
-1.34739e-06
2.79627e-07
-2.97076e-06
-7.83651e-06
-2.91278e-07
1.55203e-06
-2.3863e-07
1.07652e-06
1.72235e-08
6.90522e-07
3.05597e-07
5.42931e-07
5.73818e-07
4.59014e-07
8.18316e-07
3.93738e-07
1.04042e-06
3.45348e-07
1.24231e-06
3.11391e-07
1.4274e-06
2.85534e-07
1.59861e-06
2.63883e-07
1.75787e-06
2.4491e-07
1.90646e-06
2.27719e-07
2.04531e-06
2.11607e-07
2.17511e-06
1.96073e-07
2.29638e-06
1.80856e-07
2.40958e-06
1.65898e-07
2.5151e-06
1.51298e-07
2.61334e-06
1.37248e-07
2.7046e-06
1.24024e-07
2.78914e-06
1.1191e-07
2.86725e-06
1.01047e-07
2.93932e-06
9.1427e-08
3.00582e-06
8.29766e-08
3.06731e-06
7.55996e-08
3.12443e-06
6.9237e-08
3.17789e-06
6.39055e-08
3.22854e-06
5.96806e-08
3.27747e-06
5.67173e-08
3.32617e-06
5.52902e-08
3.37681e-06
5.58248e-08
3.43273e-06
5.8884e-08
3.49925e-06
6.46565e-08
3.58447e-06
7.19063e-08
3.69527e-06
7.46717e-08
3.81981e-06
5.90699e-08
3.86779e-06
-3.12184e-09
3.58165e-06
-1.3722e-07
2.62553e-06
-3.91272e-07
1.17686e-06
-1.52208e-06
-6.65965e-06
1.55203e-06
2.62855e-06
3.31907e-06
3.862e-06
4.32102e-06
4.71475e-06
5.0601e-06
5.37149e-06
5.65703e-06
5.92091e-06
6.16582e-06
6.39354e-06
6.60514e-06
6.80122e-06
6.98207e-06
7.14797e-06
7.29927e-06
7.43652e-06
7.56054e-06
7.67245e-06
7.7735e-06
7.86493e-06
7.9479e-06
8.0235e-06
8.09274e-06
8.15664e-06
8.21632e-06
8.27304e-06
8.32833e-06
8.38416e-06
8.44304e-06
8.5077e-06
8.5796e-06
8.65428e-06
8.71335e-06
8.71022e-06
8.573e-06
8.18173e-06
6.65965e-06
)
;

boundaryField
{
    movingWall
    {
        type            calculated;
        value           uniform 0;
    }
    fixedWalls
    {
        type            calculated;
        value           uniform 0;
    }
    frontAndBack
    {
        type            empty;
    }
}


// ************************************************************************* //
