/*--------------------------------*- C++ -*----------------------------------*\
| =========                 |                                                 |
| \\      /  F ield         | OpenFOAM: The Open Source CFD Toolbox           |
|  \\    /   O peration     | Version:  2412                                  |
|   \\  /    A nd           | Website:  www.openfoam.com                      |
|    \\/     M anipulation  |                                                 |
\*---------------------------------------------------------------------------*/
FoamFile
{
    version     2.0;
    format      ascii;
    arch        "LSB;label=32;scalar=64";
    class       volVectorField;
    location    "0.25";
    object      U;
}
// * * * * * * * * * * * * * * * * * * * * * * * * * * * * * * * * * * * * * //

dimensions      [0 1 -1 0 0 0 0];

internalField   nonuniform List<vector> 
1600
(
(-5.60376e-06 5.64733e-06 0)
(-0.000107562 7.60554e-05 0)
(-0.000332715 0.000131975 0)
(-0.000611609 0.000158975 0)
(-0.000915147 0.000166489 0)
(-0.00122282 0.000163807 0)
(-0.00152307 0.000156347 0)
(-0.00180986 0.000147025 0)
(-0.00208046 0.000137264 0)
(-0.0023338 0.000127589 0)
(-0.00256949 0.000118055 0)
(-0.00278727 0.000108534 0)
(-0.00298674 9.88649e-05 0)
(-0.00316734 8.89167e-05 0)
(-0.00332836 7.85985e-05 0)
(-0.00346901 6.78576e-05 0)
(-0.00358841 5.66696e-05 0)
(-0.00368569 4.50193e-05 0)
(-0.00376001 3.28746e-05 0)
(-0.00381079 2.01427e-05 0)
(-0.00383622 7.70135e-06 0)
(-0.00383745 -5.66369e-06 0)
(-0.00381241 -1.92055e-05 0)
(-0.00376121 -3.29947e-05 0)
(-0.00368339 -4.69652e-05 0)
(-0.00357868 -6.10659e-05 0)
(-0.00344694 -7.52522e-05 0)
(-0.00328811 -8.94955e-05 0)
(-0.00310221 -0.000103792 0)
(-0.00288929 -0.000118167 0)
(-0.00264948 -0.000132644 0)
(-0.00238303 -0.000147186 0)
(-0.00209076 -0.000161588 0)
(-0.00177442 -0.000175077 0)
(-0.00143792 -0.000185899 0)
(-0.00108893 -0.000190796 0)
(-0.000741124 -0.000183932 0)
(-0.000417586 -0.000155381 0)
(-0.000151104 -9.50684e-05 0)
(-1.77806e-05 -1.7756e-05 0)
(-7.59488e-05 0.000107331 0)
(-0.000291231 0.000291148 0)
(-0.000585259 0.00041033 0)
(-0.000915974 0.000471256 0)
(-0.00126484 0.000493034 0)
(-0.00161907 0.000491169 0)
(-0.0019698 0.000475751 0)
(-0.00231045 0.000453078 0)
(-0.00263641 0.000426874 0)
(-0.00294468 0.000399044 0)
(-0.00323326 0.000370326 0)
(-0.00350076 0.000340832 0)
(-0.00374601 0.000310414 0)
(-0.00396793 0.000278874 0)
(-0.00416542 0.000246051 0)
(-0.00433739 0.00021185 0)
(-0.00448274 0.000176234 0)
(-0.00460041 0.000139217 0)
(-0.00468939 0.000100837 0)
(-0.00474879 6.11456e-05 0)
(-0.00477761 2.04722e-05 0)
(-0.00477523 -2.11631e-05 0)
(-0.00474095 -6.37094e-05 0)
(-0.00467435 -0.000106903 0)
(-0.00457507 -0.000150552 0)
(-0.00444295 -0.000194465 0)
(-0.00427797 -0.000238469 0)
(-0.00408031 -0.000282413 0)
(-0.00385034 -0.000326173 0)
(-0.00358866 -0.000369609 0)
(-0.00329625 -0.000412458 0)
(-0.00297465 -0.000454106 0)
(-0.00262632 -0.000493213 0)
(-0.00225519 -0.000527247 0)
(-0.00186708 -0.00055186 0)
(-0.00147001 -0.000560145 0)
(-0.00107447 -0.00054132 0)
(-0.000695294 -0.000478833 0)
(-0.000353753 -0.000352019 0)
(-9.52436e-05 -0.000150877 0)
(-0.000133184 0.000333008 0)
(-0.000413444 0.000585636 0)
(-0.000732634 0.000727934 0)
(-0.00107242 0.000803815 0)
(-0.00142212 0.000834291 0)
(-0.00177538 0.000834416 0)
(-0.00212705 0.000814617 0)
(-0.00247183 0.00078213 0)
(-0.00280498 0.000741858 0)
(-0.00312265 0.000696824 0)
(-0.00342192 0.000648629 0)
(-0.00370053 0.000597939 0)
(-0.00395668 0.000544912 0)
(-0.00418886 0.000489498 0)
(-0.00439568 0.000431604 0)
(-0.00457584 0.000371175 0)
(-0.00472812 0.000308218 0)
(-0.00485137 0.000242801 0)
(-0.0049445 0.000175046 0)
(-0.00500653 0.000105136 0)
(-0.00503654 3.33657e-05 0)
(-0.00503376 -4.00865e-05 0)
(-0.00499756 -0.000114914 0)
(-0.00492747 -0.000190772 0)
(-0.00482317 -0.000267302 0)
(-0.00468454 -0.000344137 0)
(-0.00451168 -0.000420897 0)
(-0.00430494 -0.000497195 0)
(-0.00406499 -0.000572597 0)
(-0.00379292 -0.000646533 0)
(-0.0034904 -0.000718114 0)
(-0.00315989 -0.000785841 0)
(-0.0028049 -0.000847204 0)
(-0.00243009 -0.000898273 0)
(-0.00204129 -0.000933324 0)
(-0.001645 -0.000944401 0)
(-0.00124765 -0.000920332 0)
(-0.00085727 -0.000844984 0)
(-0.000486768 -0.000695351 0)
(-0.000156619 -0.000419135 0)
(-0.000163181 0.000615619 0)
(-0.000482335 0.000920129 0)
(-0.000821693 0.00106934 0)
(-0.00117115 0.0011495 0)
(-0.00152314 0.00118326 0)
(-0.00187492 0.00118367 0)
(-0.0022243 0.00116001 0)
(-0.00256776 0.00111922 0)
(-0.00290125 0.00106649 0)
(-0.00322097 0.00100548 0)
(-0.00352364 0.000938458 0)
(-0.00380656 0.000866654 0)
(-0.0040675 0.000790641 0)
(-0.00430459 0.000710631 0)
(-0.00451621 0.000626701 0)
(-0.00470089 0.000538905 0)
(-0.00485726 0.000447342 0)
(-0.0049841 0.000352164 0)
(-0.00508023 0.000253589 0)
(-0.00514464 0.000151907 0)
(-0.00517635 4.74816e-05 0)
(-0.00517456 -5.93262e-05 0)
(-0.00513861 -0.000168067 0)
(-0.00506802 -0.000278235 0)
(-0.00496246 -0.000389281 0)
(-0.00482185 -0.000500613 0)
(-0.00464637 -0.000611588 0)
(-0.00443651 -0.00072149 0)
(-0.00419317 -0.000829458 0)
(-0.00391778 -0.000934358 0)
(-0.00361246 -0.00103457 0)
(-0.00328011 -0.00112768 0)
(-0.00292454 -0.00121024 0)
(-0.00255033 -0.00127746 0)
(-0.00216248 -0.00132317 0)
(-0.00176557 -0.00133959 0)
(-0.00136292 -0.00131669 0)
(-0.000958908 -0.00124028 0)
(-0.000563309 -0.00108505 0)
(-0.00018892 -0.000750389 0)
(-0.00017529 0.000929405 0)
(-0.00051757 0.00128027 0)
(-0.000874913 0.00142815 0)
(-0.00123711 0.00150511 0)
(-0.00159674 0.00153702 0)
(-0.00195231 0.00153508 0)
(-0.0023034 0.00150681 0)
(-0.00264795 0.00145816 0)
(-0.00298286 0.00139399 0)
(-0.00330476 0.00131808 0)
(-0.00361043 0.0012331 0)
(-0.00389703 0.00114074 0)
(-0.00416212 0.00104199 0)
(-0.0044036 0.000937366 0)
(-0.00461966 0.000827176 0)
(-0.00480867 0.00071164 0)
(-0.00496918 0.000590982 0)
(-0.00509984 0.000465468 0)
(-0.00519943 0.000335426 0)
(-0.00526683 0.000201254 0)
(-0.00530105 6.34246e-05 0)
(-0.00530122 -7.75383e-05 0)
(-0.00526664 -0.000221029 0)
(-0.00519677 -0.000366361 0)
(-0.00509127 -0.000512771 0)
(-0.00495006 -0.000659409 0)
(-0.00477335 -0.000805317 0)
(-0.0045617 -0.000949384 0)
(-0.00431615 -0.00109025 0)
(-0.0040383 -0.00122615 0)
(-0.00373045 -0.00135472 0)
(-0.00339561 -0.0014728 0)
(-0.00303746 -0.00157624 0)
(-0.0026601 -0.00165992 0)
(-0.00226755 -0.00171785 0)
(-0.00186289 -0.00174314 0)
(-0.00144771 -0.00172741 0)
(-0.00102533 -0.00165817 0)
(-0.00060575 -0.00150587 0)
(-0.000202976 -0.00111712 0)
(-0.000178748 0.0012573 0)
(-0.000534708 0.00165759 0)
(-0.00090784 0.00180238 0)
(-0.00128435 0.00187222 0)
(-0.00165561 0.00189837 0)
(-0.00201987 0.0018912 0)
(-0.00237741 0.00185669 0)
(-0.00272708 0.0017996 0)
(-0.00306656 0.0017241 0)
(-0.00339299 0.00163376 0)
(-0.00370343 0.00153136 0)
(-0.00399508 0.00141891 0)
(-0.00426543 0.00129773 0)
(-0.00451229 0.00116864 0)
(-0.00473372 0.0010322 0)
(-0.00492799 0.000888806 0)
(-0.00509354 0.000738844 0)
(-0.00522895 0.000582702 0)
(-0.00533291 0.000420826 0)
(-0.00540424 0.000253731 0)
(-0.00544186 8.20139e-05 0)
(-0.00544486 -9.36533e-05 0)
(-0.00541244 -0.000272499 0)
(-0.00534401 -0.000453645 0)
(-0.00523916 -0.000636099 0)
(-0.00509777 -0.000818731 0)
(-0.00492001 -0.00100024 0)
(-0.00470645 -0.00117907 0)
(-0.00445815 -0.00135334 0)
(-0.00417673 -0.00152066 0)
(-0.00386447 -0.00167801 0)
(-0.00352427 -0.00182158 0)
(-0.0031595 -0.00194683 0)
(-0.00277373 -0.00204861 0)
(-0.00237024 -0.00212143 0)
(-0.00195126 -0.00215945 0)
(-0.00151786 -0.00215562 0)
(-0.001074 -0.00209794 0)
(-0.000631428 -0.00195007 0)
(-0.000208862 -0.00150244 0)
(-0.000178923 0.00159096 0)
(-0.000543729 0.00204772 0)
(-0.000930969 0.00219164 0)
(-0.00132252 0.00225339 0)
(-0.00170804 0.00227153 0)
(-0.00208477 0.00225683 0)
(-0.00245291 0.00221428 0)
(-0.0028117 0.00214761 0)
(-0.00315933 0.0020602 0)
(-0.00349336 0.00195524 0)
(-0.00381113 0.00183546 0)
(-0.00410998 0.00170301 0)
(-0.00438748 0.00155945 0)
(-0.00464137 0.00140589 0)
(-0.00486969 0.00124309 0)
(-0.00507061 0.00107166 0)
(-0.00524252 0.00089212 0)
(-0.00538391 0.000705001 0)
(-0.00549341 0.000510864 0)
(-0.00556974 0.000310345 0)
(-0.00561177 0.000104161 0)
(-0.00561846 -0.000106872 0)
(-0.00558894 -0.000321817 0)
(-0.0055225 -0.000539604 0)
(-0.00541866 -0.000759005 0)
(-0.00527716 -0.000978598 0)
(-0.0050981 -0.00119672 0)
(-0.00488196 -0.00141138 0)
(-0.00462971 -0.00162015 0)
(-0.00434288 -0.00182006 0)
(-0.00402358 -0.00200748 0)
(-0.00367451 -0.00217811 0)
(-0.00329871 -0.00232714 0)
(-0.00289937 -0.00244954 0)
(-0.00247933 -0.00254032 0)
(-0.00204064 -0.00259445 0)
(-0.00158469 -0.00260559 0)
(-0.00111693 -0.00256077 0)
(-0.000651476 -0.00241471 0)
(-0.00021238 -0.00189931 0)
(-0.000178755 0.00192753 0)
(-0.000550846 0.00244856 0)
(-0.000951432 0.00259554 0)
(-0.00135857 0.00265012 0)
(-0.00176021 0.00265944 0)
(-0.00215226 0.00263571 0)
(-0.00253442 0.0025836 0)
(-0.00290592 0.00250606 0)
(-0.00326514 0.00240583 0)
(-0.00360991 0.00228566 0)
(-0.00393781 0.00214811 0)
(-0.00424636 0.0019954 0)
(-0.00453318 0.00182926 0)
(-0.0047961 0.00165099 0)
(-0.00503309 0.00146157 0)
(-0.00524233 0.00126178 0)
(-0.00542213 0.00105227 0)
(-0.00557094 0.000833716 0)
(-0.00568729 0.000606781 0)
(-0.00576985 0.000372211 0)
(-0.00581736 0.000130841 0)
(-0.0058287 -0.000116382 0)
(-0.00580285 -0.000368366 0)
(-0.00573898 -0.000623855 0)
(-0.00563644 -0.000881389 0)
(-0.00549485 -0.00113926 0)
(-0.00531411 -0.00139543 0)
(-0.00509455 -0.00164749 0)
(-0.00483696 -0.00189248 0)
(-0.00454265 -0.00212687 0)
(-0.00421355 -0.00234647 0)
(-0.00385208 -0.00254653 0)
(-0.00346105 -0.00272204 0)
(-0.00304342 -0.00286801 0)
(-0.00260197 -0.00297981 0)
(-0.002139 -0.00305283 0)
(-0.00165675 -0.00308065 0)
(-0.00116254 -0.00304814 0)
(-0.00067293 -0.00289961 0)
(-0.000216695 -0.00230678 0)
(-0.000179758 0.00226742 0)
(-0.00055978 0.00285991 0)
(-0.000973993 0.00301422 0)
(-0.00139751 0.00306347 0)
(-0.00181681 0.00306416 0)
(-0.00222645 0.00303067 0)
(-0.00262544 0.00296787 0)
(-0.00301271 0.0028783 0)
(-0.00338662 0.00276421 0)
(-0.00374512 0.00262798 0)
(-0.00408593 0.00247201 0)
(-0.00440671 0.00229851 0)
(-0.00470519 0.00210934 0)
(-0.00497922 0.00190594 0)
(-0.00522684 0.00168947 0)
(-0.00544619 0.00146085 0)
(-0.00563556 0.00122087 0)
(-0.00579333 0.0009703 0)
(-0.00591799 0.000709911 0)
(-0.0060081 0.000440542 0)
(-0.00606231 0.000163125 0)
(-0.00607934 -0.000121278 0)
(-0.00605804 -0.00041144 0)
(-0.0059974 -0.000705933 0)
(-0.00589657 -0.00100308 0)
(-0.00575495 -0.00130089 0)
(-0.00557223 -0.001597 0)
(-0.00534846 -0.00188854 0)
(-0.00508419 -0.00217207 0)
(-0.00478047 -0.0024435 0)
(-0.00443894 -0.00269808 0)
(-0.0040618 -0.00293062 0)
(-0.0036517 -0.0031358 0)
(-0.00321154 -0.00330857 0)
(-0.00274433 -0.00344437 0)
(-0.00225293 -0.00353854 0)
(-0.00174067 -0.00358395 0)
(-0.00121678 -0.00356248 0)
(-0.000700176 -0.003407 0)
(-0.000223482 -0.00272761 0)
(-0.000182585 0.00261286 0)
(-0.000572465 0.00328295 0)
(-0.00100158 0.00344856 0)
(-0.00144272 0.00349464 0)
(-0.00188121 0.00348745 0)
(-0.00231041 0.003444 0)
(-0.0027286 0.00336977 0)
(-0.00313429 0.00326719 0)
(-0.00352565 0.00313823 0)
(-0.00390061 0.002985 0)
(-0.00425696 0.00280978 0)
(-0.00459243 0.00261477 0)
(-0.00490485 0.00240191 0)
(-0.00519215 0.0021728 0)
(-0.00545237 0.00192869 0)
(-0.00568368 0.00167065 0)
(-0.00588435 0.00139957 0)
(-0.00605274 0.0011163 0)
(-0.00618724 0.000821695 0)
(-0.00628634 0.00051666 0)
(-0.00634856 0.000202203 0)
(-0.00637248 -0.000120528 0)
(-0.00635677 -0.000450196 0)
(-0.00630019 -0.000785228 0)
(-0.00620166 -0.00112376 0)
(-0.00606029 -0.00146354 0)
(-0.00587547 -0.00180189 0)
(-0.00564694 -0.00213551 0)
(-0.00537489 -0.00246047 0)
(-0.00506007 -0.00277211 0)
(-0.0047038 -0.00306511 0)
(-0.00430808 -0.00333374 0)
(-0.00387543 -0.00357225 0)
(-0.0034089 -0.00377531 0)
(-0.00291185 -0.00393808 0)
(-0.00238787 -0.0040555 0)
(-0.00184148 -0.00411919 0)
(-0.00128378 -0.00410746 0)
(-0.000735802 -0.00394113 0)
(-0.000233486 -0.00316665 0)
(-0.000187306 0.00296674 0)
(-0.000589721 0.00371994 0)
(-0.00103574 0.00390019 0)
(-0.00149625 0.00394513 0)
(-0.00195565 0.00393101 0)
(-0.00240632 0.00387774 0)
(-0.00284584 0.00379163 0)
(-0.00327229 0.00367527 0)
(-0.00368356 0.00353048 0)
(-0.00407746 0.00335928 0)
(-0.00445176 0.00316388 0)
(-0.00480426 0.00294651 0)
(-0.00513283 0.00270918 0)
(-0.00543546 0.0024536 0)
(-0.00571025 0.00218115 0)
(-0.00595539 0.00189298 0)
(-0.00616913 0.00159008 0)
(-0.00634982 0.00127334 0)
(-0.00649578 0.000943665 0)
(-0.00660542 0.000602005 0)
(-0.00667711 0.000249405 0)
(-0.00670928 -0.000112932 0)
(-0.00670039 -0.000483599 0)
(-0.00664895 -0.000860918 0)
(-0.00655356 -0.00124287 0)
(-0.00641302 -0.00162699 0)
(-0.00622631 -0.00201027 0)
(-0.0059928 -0.00238905 0)
(-0.00571225 -0.00275888 0)
(-0.00538501 -0.00311451 0)
(-0.00501209 -0.00344998 0)
(-0.00459524 -0.00375889 0)
(-0.00413692 -0.00403489 0)
(-0.00364037 -0.00427208 0)
(-0.00310941 -0.00446507 0)
(-0.00254844 -0.00460799 0)
(-0.00196313 -0.00469088 0)
(-0.00136638 -0.00468806 0)
(-0.000781331 -0.00450776 0)
(-0.000247032 -0.0036299 0)
(-0.000193799 0.00333214 0)
(-0.00061172 0.00417365 0)
(-0.00107712 0.00437129 0)
(-0.00155915 0.00441683 0)
(-0.00204146 0.00439673 0)
(-0.00251559 0.00433389 0)
(-0.00297852 0.00423562 0)
(-0.00342789 0.00410479 0)
(-0.00386132 0.00394331 0)
(-0.00427643 0.00375316 0)
(-0.00467093 0.00353659 0)
(-0.00504262 0.00329591 0)
(-0.00538942 0.00303322 0)
(-0.00570938 0.00275033 0)
(-0.00600065 0.00244875 0)
(-0.00626144 0.00212967 0)
(-0.00649004 0.00179414 0)
(-0.00668475 0.0014431 0)
(-0.00684386 0.00107745 0)
(-0.00696568 0.000698141 0)
(-0.00704847 0.000306226 0)
(-0.00709045 -9.70904e-05 0)
(-0.00708986 -0.000510377 0)
(-0.00704491 -0.000931901 0)
(-0.00695386 -0.00135954 0)
(-0.00681509 -0.00179065 0)
(-0.00662714 -0.00222197 0)
(-0.00638887 -0.00264944 0)
(-0.00609956 -0.00306812 0)
(-0.00575908 -0.00347211 0)
(-0.00536802 -0.00385472 0)
(-0.00492786 -0.00420874 0)
(-0.00444101 -0.00452698 0)
(-0.00391085 -0.00480272 0)
(-0.00334173 -0.0050297 0)
(-0.00273883 -0.00520091 0)
(-0.00210897 -0.00530448 0)
(-0.00146688 -0.00531045 0)
(-0.000837845 -0.00511376 0)
(-0.000264275 -0.00412402 0)
(-0.00020191 0.00371205 0)
(-0.000638342 0.00464707 0)
(-0.00112589 0.00486442 0)
(-0.00163193 0.00491197 0)
(-0.00213941 0.00488669 0)
(-0.00263913 0.0048145 0)
(-0.00312759 0.00470382 0)
(-0.00360202 0.00455793 0)
(-0.00405974 0.00437889 0)
(-0.00449818 0.00416881 0)
(-0.00491496 0.00393005 0)
(-0.00530788 0.00366503 0)
(-0.00567487 0.00337601 0)
(-0.00601406 0.00306492 0)
(-0.00632363 0.00273332 0)
(-0.00660187 0.0023825 0)
(-0.00684708 0.00201352 0)
(-0.00705757 0.00162731 0)
(-0.0072316 0.00122476 0)
(-0.00736737 0.000806771 0)
(-0.00746303 0.000374345 0)
(-0.00751661 -7.13625e-05 0)
(-0.00752608 -0.00052896 0)
(-0.00748933 -0.000996725 0)
(-0.00740422 -0.00147249 0)
(-0.00726865 -0.00195351 0)
(-0.00708062 -0.00243629 0)
(-0.00683839 -0.00291642 0)
(-0.00654062 -0.00338846 0)
(-0.0061866 -0.00384581 0)
(-0.00577641 -0.00428094 0)
(-0.00531114 -0.00468565 0)
(-0.00479306 -0.00505169 0)
(-0.00422569 -0.00537121 0)
(-0.00361382 -0.00563676 0)
(-0.00296341 -0.00583989 0)
(-0.00228244 -0.00596648 0)
(-0.00158752 -0.00598194 0)
(-0.000906441 -0.00576708 0)
(-0.000285451 -0.0046562 0)
(-0.000211506 0.0041093 0)
(-0.000669417 0.00514328 0)
(-0.00118204 0.00538237 0)
(-0.00171481 0.00543307 0)
(-0.00224999 0.00540318 0)
(-0.00277764 0.00532176 0)
(-0.00329385 0.00519837 0)
(-0.00379549 0.00503678 0)
(-0.00427959 0.00483931 0)
(-0.00474341 0.00460827 0)
(-0.00518446 0.00434624 0)
(-0.0056005 0.00405582 0)
(-0.00598954 0.00373944 0)
(-0.00634973 0.00339917 0)
(-0.00667937 0.00303666 0)
(-0.00697679 0.00265324 0)
(-0.00724036 0.00224997 0)
(-0.0074684 0.00182775 0)
(-0.00765916 0.00138741 0)
(-0.00781079 0.000929747 0)
(-0.00792129 0.000455653 0)
(-0.00798851 -3.38341e-05 0)
(-0.00801014 -0.000537438 0)
(-0.00798372 -0.00105352 0)
(-0.00790663 -0.00157997 0)
(-0.00777624 -0.002114 0)
(-0.0075899 -0.00265195 0)
(-0.00734516 -0.00318914 0)
(-0.00703993 -0.00371959 0)
(-0.00667273 -0.00423599 0)
(-0.00624296 -0.00472982 0)
(-0.0057512 -0.00519174 0)
(-0.00519941 -0.00561215 0)
(-0.00459113 -0.00598177 0)
(-0.00393152 -0.00629161 0)
(-0.00322728 -0.00653141 0)
(-0.00248753 -0.00668445 0)
(-0.0017311 -0.00671105 0)
(-0.000988571 -0.00647675 0)
(-0.000310901 -0.00523438 0)
(-0.000222506 0.00452661 0)
(-0.000704829 0.00566541 0)
(-0.00124558 0.00592812 0)
(-0.00180801 0.00598286 0)
(-0.00237362 0.00594875 0)
(-0.00293176 0.00585805 0)
(-0.00347809 0.00572152 0)
(-0.00400917 0.00554348 0)
(-0.00452177 0.00532662 0)
(-0.00501296 0.00507353 0)
(-0.00548017 0.00478706 0)
(-0.00592116 0.00447009 0)
(-0.00633398 0.00412527 0)
(-0.00671687 0.00375481 0)
(-0.00706822 0.00336046 0)
(-0.0073865 0.00294359 0)
(-0.00767013 0.00250525 0)
(-0.0079175 0.00204625 0)
(-0.00812688 0.00156731 0)
(-0.00829637 0.00106908 0)
(-0.00842387 0.000552266 0)
(-0.00850705 1.77136e-05 0)
(-0.0085433 -0.000533506 0)
(-0.00852978 -0.00109996 0)
(-0.00846338 -0.00167966 0)
(-0.0083408 -0.00226991 0)
(-0.00815868 -0.00286701 0)
(-0.00791369 -0.003466 0)
(-0.0076028 -0.00406047 0)
(-0.00722359 -0.00464233 0)
(-0.00677453 -0.00520199 0)
(-0.00625543 -0.00572874 0)
(-0.00566774 -0.00621138 0)
(-0.00501481 -0.00663886 0)
(-0.00430202 -0.00700021 0)
(-0.00353674 -0.00728293 0)
(-0.00272937 -0.00746724 0)
(-0.00190118 -0.00750772 0)
(-0.00108627 -0.00725316 0)
(-0.000341229 -0.00586752 0)
(-0.000234879 0.00496661 0)
(-0.000744574 0.00621662 0)
(-0.00131663 0.0065048 0)
(-0.00191186 0.0065643 0)
(-0.00251086 0.00652613 0)
(-0.00310222 0.0064259 0)
(-0.00368122 0.00627563 0)
(-0.00424409 0.00608026 0)
(-0.00478734 0.00584288 0)
(-0.00530789 0.00556651 0)
(-0.0058031 0.00525433 0)
(-0.00627075 0.00490958 0)
(-0.00670895 0.00453515 0)
(-0.0071161 0.00413346 0)
(-0.00749072 0.00370636 0)
(-0.00783141 0.00325523 0)
(-0.00813674 0.00278108 0)
(-0.00840521 0.00228464 0)
(-0.00863513 0.00176644 0)
(-0.0088246 0.00122692 0)
(-0.00897146 0.000666545 0)
(-0.0090732 8.58413e-05 0)
(-0.00912693 -0.000514423 0)
(-0.00912941 -0.00113313 0)
(-0.00907698 -0.00176858 0)
(-0.00896565 -0.00241829 0)
(-0.00879115 -0.00307862 0)
(-0.00854914 -0.00374452 0)
(-0.00823546 -0.00440914 0)
(-0.00784642 -0.00506367 0)
(-0.0073793 -0.00569736 0)
(-0.00683278 -0.00629793 0)
(-0.00620746 -0.00685228 0)
(-0.0055062 -0.00734716 0)
(-0.00473438 -0.00776919 0)
(-0.00389995 -0.00810303 0)
(-0.00301463 -0.00832518 0)
(-0.0021027 -0.00838359 0)
(-0.00120235 -0.00810847 0)
(-0.000377234 -0.00656606 0)
(-0.000248643 0.00543199 0)
(-0.000788774 0.00680019 0)
(-0.00139552 0.0071157 0)
(-0.00202686 0.00718055 0)
(-0.00266247 0.00713829 0)
(-0.00329003 0.00702806 0)
(-0.0039044 0.00686322 0)
(-0.0045015 0.00664939 0)
(-0.00507761 0.00639019 0)
(-0.00562949 0.0060891 0)
(-0.00615445 0.00574979 0)
(-0.00665035 0.00537588 0)
(-0.00711542 0.00497061 0)
(-0.00754822 0.0045366 0)
(-0.0079475 0.00407583 0)
(-0.00831204 0.0035897 0)
(-0.00864062 0.00307915 0)
(-0.00893188 0.00254476 0)
(-0.00918427 0.00198686 0)
(-0.00939593 0.0014056 0)
(-0.00956467 0.000801082 0)
(-0.00968785 0.000173454 0)
(-0.00976234 -0.000476975 0)
(-0.00978449 -0.00114954 0)
(-0.00975005 -0.00184301 0)
(-0.00965425 -0.00255526 0)
(-0.00949185 -0.00328296 0)
(-0.00925728 -0.00402108 0)
(-0.00894496 -0.0047625 0)
(-0.00854964 -0.00549774 0)
(-0.00806697 -0.00621483 0)
(-0.00749408 -0.0068998 0)
(-0.00683019 -0.00753731 0)
(-0.00607722 -0.00811147 0)
(-0.00524023 -0.00860585 0)
(-0.00432751 -0.00900155 0)
(-0.00335223 -0.00927039 0)
(-0.00234218 -0.00935255 0)
(-0.0013407 -0.00905728 0)
(-0.000420126 -0.00734246 0)
(-0.000263865 0.00592551 0)
(-0.000837695 0.00741956 0)
(-0.00148274 0.00776436 0)
(-0.00215383 0.00783502 0)
(-0.0028295 0.00778843 0)
(-0.00349646 0.00766747 0)
(-0.0041491 0.00748693 0)
(-0.004783 0.00725323 0)
(-0.00539419 0.00697061 0)
(-0.0059793 0.00664314 0)
(-0.00653568 0.00627505 0)
(-0.00706125 0.00587046 0)
(-0.00755447 0.00543301 0)
(-0.00801413 0.00496556 0)
(-0.00843924 0.00447022 0)
(-0.00882889 0.00394843 0)
(-0.0091821 0.00340102 0)
(-0.00949775 0.0028284 0)
(-0.00977448 0.00223063 0)
(-0.0100106 0.00160751 0)
(-0.0102039 0.000958692 0)
(-0.0103516 0.000283797 0)
(-0.0104506 -0.000417447 0)
(-0.0104967 -0.00114502 0)
(-0.010485 -0.00189834 0)
(-0.0104101 -0.00267593 0)
(-0.0102655 -0.00347494 0)
(-0.0100443 -0.00429066 0)
(-0.00973915 -0.00511593 0)
(-0.00934288 -0.0059407 0)
(-0.00884897 -0.00675189 0)
(-0.00825237 -0.00753368 0)
(-0.00755026 -0.00826823 0)
(-0.00674294 -0.00893645 0)
(-0.00583452 -0.0095181 0)
(-0.00483335 -0.00998974 0)
(-0.003754 -0.0103173 0)
(-0.00262857 -0.0104314 0)
(-0.00150661 -0.0101173 0)
(-0.000471454 -0.00821203 0)
(-0.000280673 0.00645015 0)
(-0.000891754 0.00807847 0)
(-0.00157908 0.0084546 0)
(-0.00229386 0.00853142 0)
(-0.00301339 0.00848002 0)
(-0.00372322 0.00834728 0)
(-0.00441721 0.00814956 0)
(-0.00509055 0.00789422 0)
(-0.00573904 0.00758621 0)
(-0.00635922 0.00723035 0)
(-0.00694849 0.00683157 0)
(-0.00750495 0.00639458 0)
(-0.00802734 0.00592345 0)
(-0.00851478 0.00542139 0)
(-0.00896664 0.00489063 0)
(-0.00938238 0.00433262 0)
(-0.00976137 0.0037481 0)
(-0.0101028 0.00313725 0)
(-0.0104057 0.00249981 0)
(-0.0106684 0.00183515 0)
(-0.010889 0.00114237 0)
(-0.0110647 0.000420463 0)
(-0.0111922 -0.000331611 0)
(-0.0112671 -0.00111467 0)
(-0.0112839 -0.00192903 0)
(-0.0112364 -0.00277414 0)
(-0.0111168 -0.00364798 0)
(-0.0109166 -0.00454651 0)
(-0.0106266 -0.00546285 0)
(-0.010237 -0.0063867 0)
(-0.00973865 -0.00730401 0)
(-0.00912338 -0.00819715 0)
(-0.00838542 -0.00904549 0)
(-0.00752245 -0.00982622 0)
(-0.00653669 -0.0105144 0)
(-0.00543589 -0.0110805 0)
(-0.00423593 -0.011483 0)
(-0.00297392 -0.0116406 0)
(-0.00170735 -0.0113108 0)
(-0.000533478 -0.00919389 0)
(-0.000299248 0.00700921 0)
(-0.000951557 0.00878104 0)
(-0.0016856 0.00919066 0)
(-0.00244848 0.00927385 0)
(-0.00321604 0.00921685 0)
(-0.00397252 0.00907087 0)
(-0.00471111 0.00885405 0)
(-0.00542662 0.00857479 0)
(-0.00611458 0.00823898 0)
(-0.0067715 0.00785232 0)
(-0.0073949 0.00742059 0)
(-0.00798317 0.0069492 0)
(-0.0085354 0.00644278 0)
(-0.00905118 0.00590485 0)
(-0.00953033 0.00533784 0)
(-0.00997279 0.0047432 0)
(-0.0103784 0.00412154 0)
(-0.0107468 0.00347279 0)
(-0.0110773 0.00279632 0)
(-0.0113688 0.00209097 0)
(-0.0116194 0.00135524 0)
(-0.0118266 0.000587318 0)
(-0.0119871 -0.000214751 0)
(-0.0120962 -0.00105285 0)
(-0.0121481 -0.00192849 0)
(-0.0121356 -0.00284237 0)
(-0.0120499 -0.00379377 0)
(-0.0118807 -0.00477973 0)
(-0.0116163 -0.0057942 0)
(-0.0112441 -0.0068271 0)
(-0.0107514 -0.00786382 0)
(-0.0101259 -0.00888508 0)
(-0.00935763 -0.00986741 0)
(-0.00844008 -0.0107837 0)
(-0.00737214 -0.0116031 0)
(-0.00615974 -0.0122886 0)
(-0.00481962 -0.0127883 0)
(-0.00339498 -0.0130059 0)
(-0.00195299 -0.0126657 0)
(-0.000609163 -0.0103125 0)
(-0.000319853 0.0076064 0)
(-0.00101793 0.00953192 0)
(-0.00180376 0.0099773 0)
(-0.0026197 0.0100668 0)
(-0.00343996 0.0100031 0)
(-0.00424719 0.00984191 0)
(-0.00503385 0.00960344 0)
(-0.00579426 0.00929738 0)
(-0.00652375 0.00893076 0)
(-0.00721884 0.00851039 0)
(-0.00787728 0.00804302 0)
(-0.00849785 0.00753495 0)
(-0.00908016 0.00699139 0)
(-0.00962436 0.00641629 0)
(-0.0101309 0.00581224 0)
(-0.0106002 0.0051807 0)
(-0.0110329 0.00452215 0)
(-0.011429 0.00383622 0)
(-0.0117884 0.00312185 0)
(-0.0121104 0.00237734 0)
(-0.0123937 0.00160043 0)
(-0.012636 0.000788426 0)
(-0.0128341 -6.1729e-05 0)
(-0.0129834 -0.000953213 0)
(-0.0130778 -0.00188904 0)
(-0.0131094 -0.00287159 0)
(-0.0130682 -0.00390191 0)
(-0.0129423 -0.00497882 0)
(-0.0127173 -0.00609775 0)
(-0.0123772 -0.00724964 0)
(-0.0119047 -0.00841999 0)
(-0.0112824 -0.00958845 0)
(-0.010494 -0.0107289 0)
(-0.00952692 -0.0118095 0)
(-0.00837429 -0.0127925 0)
(-0.00703809 -0.0136307 0)
(-0.0055349 -0.0142584 0)
(-0.00391481 -0.0145597 0)
(-0.0022576 -0.0142182 0)
(-0.000702811 -0.0115996 0)
(-0.000342842 0.00824605 0)
(-0.00109202 0.0103365 0)
(-0.00193552 0.01082 0)
(-0.00281024 0.0109156 0)
(-0.00368844 0.0108433 0)
(-0.00455095 0.0106643 0)
(-0.00538929 0.0104009 0)
(-0.00619732 0.0100644 0)
(-0.00697017 0.00966319 0)
(-0.00770449 0.00920553 0)
(-0.00839839 0.00869936 0)
(-0.00905122 0.00815193 0)
(-0.00966325 0.00756919 0)
(-0.0102354 0.00695551 0)
(-0.0107687 0.00631369 0)
(-0.0112646 0.00564518 0)
(-0.0117241 0.00495028 0)
(-0.0121481 0.00422832 0)
(-0.0125372 0.00347778 0)
(-0.0128912 0.00269634 0)
(-0.0132094 0.00188095 0)
(-0.0134902 0.0010279 0)
(-0.0137306 0.0001329 0)
(-0.0139264 -0.00080876 0)
(-0.0140715 -0.00180193 0)
(-0.0141575 -0.00285111 0)
(-0.0141736 -0.00395975 0)
(-0.0141061 -0.00512919 0)
(-0.013938 -0.00635736 0)
(-0.0136496 -0.00763727 0)
(-0.013218 -0.00895575 0)
(-0.0126189 -0.0102925 0)
(-0.0118279 -0.0116194 0)
(-0.0108228 -0.0129001 0)
(-0.0095874 -0.0140886 0)
(-0.00811622 -0.0151249 0)
(-0.00642314 -0.0159242 0)
(-0.00456618 -0.0163435 0)
(-0.00264104 -0.016016 0)
(-0.000820211 -0.0130975 0)
(-0.000368719 0.00893329 0)
(-0.00117539 0.0112011 0)
(-0.00208354 0.011725 0)
(-0.0030237 0.0118259 0)
(-0.00396584 0.0117428 0)
(-0.00488856 0.0115423 0)
(-0.00578236 0.0112495 0)
(-0.00664057 0.0108779 0)
(-0.00745825 0.0104375 0)
(-0.00823232 0.00993825 0)
(-0.00896145 0.00938948 0)
(-0.00964578 0.00879962 0)
(-0.0102864 0.00817541 0)
(-0.0108852 0.00752167 0)
(-0.0114441 0.0068414 0)
(-0.0119653 0.00613603 0)
(-0.0124509 0.00540566 0)
(-0.0129024 0.0046493 0)
(-0.0133213 0.00386494 0)
(-0.0137082 0.00304963 0)
(-0.0140632 0.00219948 0)
(-0.0143854 0.00130971 0)
(-0.0146727 0.000374667 0)
(-0.0149213 -0.00061207 0)
(-0.0151256 -0.00165749 0)
(-0.0152774 -0.00276868 0)
(-0.0153653 -0.00395216 0)
(-0.0153744 -0.00521274 0)
(-0.0152853 -0.00655206 0)
(-0.0150739 -0.00796679 0)
(-0.0147117 -0.00944691 0)
(-0.0141655 -0.0109741 0)
(-0.0133997 -0.0125201 0)
(-0.0123784 -0.014045 0)
(-0.0110704 -0.0154939 0)
(-0.00945637 -0.0167904 0)
(-0.00754282 -0.0178236 0)
(-0.00539554 -0.0184119 0)
(-0.00313139 -0.0181229 0)
(-0.000969563 -0.0148625 0)
(-0.000398183 0.00967442 0)
(-0.0012702 0.0121333 0)
(-0.00225147 0.0126999 0)
(-0.00326496 0.0128047 0)
(-0.0042779 0.0127072 0)
(-0.00526623 0.0124803 0)
(-0.00621928 0.0121526 0)
(-0.00712993 0.0117398 0)
(-0.00799331 0.0112545 0)
(-0.00880686 0.0107083 0)
(-0.00957012 0.0101125 0)
(-0.0102842 0.00947669 0)
(-0.0109515 0.00880845 0)
(-0.0115747 0.00811309 0)
(-0.012157 0.00739378 0)
(-0.0127017 0.00665188 0)
(-0.0132115 0.00588729 0)
(-0.0136893 0.00509864 0)
(-0.0141373 0.00428348 0)
(-0.0145572 0.0034382 0)
(-0.01495 0.00255811 0)
(-0.0153159 0.00163734 0)
(-0.0156539 0.000668844 0)
(-0.0159614 -0.000355633 0)
(-0.0162336 -0.00144547 0)
(-0.0164632 -0.00261072 0)
(-0.0166391 -0.00386164 0)
(-0.0167457 -0.00520758 0)
(-0.0167621 -0.00665537 0)
(-0.0166606 -0.0082074 0)
(-0.0164059 -0.00985949 0)
(-0.015955 -0.0115985 0)
(-0.0152576 -0.0133995 0)
(-0.014258 -0.0152218 0)
(-0.0129017 -0.0170025 0)
(-0.0111448 -0.0186454 0)
(-0.00897708 -0.0200032 0)
(-0.00646988 -0.0208373 0)
(-0.00376817 -0.0206263 0)
(-0.00116153 -0.0169715 0)
(-0.000432233 0.0104773 0)
(-0.00137947 0.0131425 0)
(-0.0024443 0.0137539 0)
(-0.00354057 0.0138601 0)
(-0.00463218 0.013743 0)
(-0.00569193 0.013483 0)
(-0.00670786 0.0131129 0)
(-0.00767258 0.0126514 0)
(-0.0085816 0.0121139 0)
(-0.00943327 0.0115146 0)
(-0.0102284 0.0108665 0)
(-0.0109694 0.0101807 0)
(-0.01166 0.00946569 0)
(-0.0123044 0.00872712 0)
(-0.012907 0.00796829 0)
(-0.0134721 0.00719045 0)
(-0.0140036 0.00639323 0)
(-0.0145054 0.00557492 0)
(-0.0149808 0.00473262 0)
(-0.0154326 0.00386214 0)
(-0.0158631 0.00295804 0)
(-0.0162739 0.00201345 0)
(-0.0166655 0.00101996 0)
(-0.0170368 -3.24814e-05 0)
(-0.0173849 -0.0011556 0)
(-0.0177041 -0.00236284 0)
(-0.0179848 -0.00366872 0)
(-0.0182124 -0.00508809 0)
(-0.0183654 -0.00663468 0)
(-0.0184139 -0.00831913 0)
(-0.0183169 -0.0101468 0)
(-0.0180204 -0.0121146 0)
(-0.0174559 -0.0142072 0)
(-0.0165411 -0.0163893 0)
(-0.0151849 -0.0185939 0)
(-0.0133014 -0.0207034 0)
(-0.0108455 -0.0225199 0)
(-0.00788607 -0.023719 0)
(-0.00460657 -0.0236472 0)
(-0.00140935 -0.0195287 0)
(-0.000472315 0.0113522 0)
(-0.00150751 0.0142405 0)
(-0.00266895 0.014898 0)
(-0.00385939 0.0150014 0)
(-0.00503863 0.0148574 0)
(-0.00617577 0.0145553 0)
(-0.00725766 0.0141328 0)
(-0.00827699 0.013613 0)
(-0.00923018 0.0130146 0)
(-0.010117 0.0123546 0)
(-0.0109401 0.0116482 0)
(-0.0117036 0.0109081 0)
(-0.0124131 0.0101433 0)
(-0.0130741 0.00935996 0)
(-0.0136926 0.0085613 0)
(-0.0142739 0.00774837 0)
(-0.0148234 0.0069205 0)
(-0.0153458 0.00607564 0)
(-0.0158456 0.00521045 0)
(-0.0163271 0.0043203 0)
(-0.0167939 0.00339915 0)
(-0.0172491 0.00243931 0)
(-0.0176953 0.00143127 0)
(-0.0181336 0.000363348 0)
(-0.0185638 -0.000778468 0)
(-0.018983 -0.00201087 0)
(-0.0193847 -0.00335292 0)
(-0.0197573 -0.00482573 0)
(-0.0200814 -0.00645147 0)
(-0.0203275 -0.00825185 0)
(-0.0204512 -0.0102464 0)
(-0.0203889 -0.0124495 0)
(-0.0200518 -0.0148651 0)
(-0.0193221 -0.0174753 0)
(-0.0180544 -0.0202207 0)
(-0.0160916 -0.0229646 0)
(-0.0133196 -0.0254424 0)
(-0.00978521 -0.0271964 0)
(-0.00572242 -0.027361 0)
(-0.001727 -0.0226695 0)
(-0.000520555 0.0123123 0)
(-0.00166044 0.0154425 0)
(-0.00293504 0.0161461 0)
(-0.00423328 0.0162398 0)
(-0.00551002 0.0160582 0)
(-0.0067302 0.0157013 0)
(-0.00787987 0.0152136 0)
(-0.00895249 0.0146232 0)
(-0.00994625 0.0139532 0)
(-0.0108632 0.0132239 0)
(-0.0117083 0.0124527 0)
(-0.0124882 0.0116534 0)
(-0.0132102 0.010836 0)
(-0.0138819 0.0100065 0)
(-0.0145106 0.00916797 0)
(-0.0151029 0.00832113 0)
(-0.0156652 0.00746495 0)
(-0.0162036 0.00659701 0)
(-0.0167237 0.00571367 0)
(-0.0172309 0.00481 0)
(-0.0177305 0.00387958 0)
(-0.0182276 0.00291426 0)
(-0.0187269 0.00190379 0)
(-0.0192326 0.000835348 0)
(-0.0197479 -0.00030698 0)
(-0.0202742 -0.00154257 0)
(-0.0208101 -0.00289474 0)
(-0.0213498 -0.00439094 0)
(-0.0218799 -0.00606275 0)
(-0.0223761 -0.00794551 0)
(-0.0227962 -0.0100781 0)
(-0.0230716 -0.012502 0)
(-0.0230946 -0.0152557 0)
(-0.0227045 -0.0183606 0)
(-0.0216783 -0.0217886 0)
(-0.0197398 -0.025401 0)
(-0.0166405 -0.028851 0)
(-0.0123557 -0.0314685 0)
(-0.00719316 -0.0320214 0)
(-0.0021134 -0.0265696 0)
(-0.000580125 0.0133759 0)
(-0.00184708 0.0167681 0)
(-0.00325579 0.0175151 0)
(-0.00467779 0.0175879 0)
(-0.00606219 0.0173531 0)
(-0.0073697 0.0169241 0)
(-0.00858648 0.0163543 0)
(-0.00970811 0.0156785 0)
(-0.0107357 0.0149244 0)
(-0.0116748 0.0141159 0)
(-0.0125335 0.0132727 0)
(-0.0133213 0.0124096 0)
(-0.0140479 0.0115369 0)
(-0.0147228 0.0106602 0)
(-0.0153545 0.00978216 0)
(-0.0159513 0.00890296 0)
(-0.0165203 0.00802112 0)
(-0.0170687 0.00713388 0)
(-0.0176031 0.00623742 0)
(-0.0181304 0.0053267 0)
(-0.0186573 0.00439527 0)
(-0.019191 0.00343494 0)
(-0.0197387 0.00243531 0)
(-0.0203081 0.00138317 0)
(-0.0209065 0.000261747 0)
(-0.0215413 -0.00095007 0)
(-0.0222184 -0.00227867 0)
(-0.022941 -0.00375677 0)
(-0.0237071 -0.00542484 0)
(-0.0245049 -0.00733296 0)
(-0.0253046 -0.00954398 0)
(-0.0260439 -0.0121374 0)
(-0.0266056 -0.0152085 0)
(-0.0267856 -0.0188539 0)
(-0.0262558 -0.0231268 0)
(-0.024545 -0.0279332 0)
(-0.0211354 -0.0328441 0)
(-0.0158222 -0.0368445 0)
(-0.00902996 -0.0380252 0)
(-0.00249197 -0.0314468 0)
(-0.000655807 0.0145679 0)
(-0.00208002 0.018243 0)
(-0.00364894 0.0190258 0)
(-0.00521238 0.0190595 0)
(-0.00671341 0.0187487 0)
(-0.00810928 0.0182242 0)
(-0.00938824 0.0175509 0)
(-0.01055 0.0167714 0)
(-0.0116006 0.0159189 0)
(-0.0125501 0.0150208 0)
(-0.0134108 0.0140985 0)
(-0.0141957 0.0131675 0)
(-0.014917 0.0122373 0)
(-0.0155859 0.011313 0)
(-0.0162125 0.0103964 0)
(-0.0168059 0.00948686 0)
(-0.0173742 0.00858229 0)
(-0.0179253 0.00767967 0)
(-0.0184668 0.00677513 0)
(-0.0190066 0.00586377 0)
(-0.0195529 0.00493952 0)
(-0.0201147 0.00399471 0)
(-0.020702 0.00301955 0)
(-0.021326 0.00200148 0)
(-0.021999 0.000924237 0)
(-0.0227351 -0.000233163 0)
(-0.0235496 -0.00149784 0)
(-0.0244585 -0.00290492 0)
(-0.0254773 -0.00450075 0)
(-0.0266167 -0.006348 0)
(-0.0278749 -0.0085344 0)
(-0.0292178 -0.0111871 0)
(-0.0305434 -0.0144855 0)
(-0.0316221 -0.0186581 0)
(-0.0320074 -0.0239353 0)
(-0.0309225 -0.0303947 0)
(-0.0273144 -0.0375727 0)
(-0.0204996 -0.0438503 0)
(-0.0111213 -0.0459897 0)
(-0.00255461 -0.0373308 0)
(-0.000754823 0.0159232 0)
(-0.00237684 0.0199007 0)
(-0.00413727 0.0207022 0)
(-0.00585956 0.0206676 0)
(-0.0074821 0.020248 0)
(-0.00896113 0.019597 0)
(-0.0102905 0.0187935 0)
(-0.011477 0.0178893 0)
(-0.012534 0.0169232 0)
(-0.0134779 0.0159252 0)
(-0.0143258 0.0149176 0)
(-0.0150944 0.0139154 0)
(-0.0157985 0.0129269 0)
(-0.0164511 0.0119557 0)
(-0.0170632 0.0110022 0)
(-0.0176446 0.0100647 0)
(-0.0182039 0.00914058 0)
(-0.0187493 0.00822643 0)
(-0.0192891 0.0073185 0)
(-0.019832 0.00641238 0)
(-0.0203872 0.00550276 0)
(-0.0209656 0.0045831 0)
(-0.0215792 0.00364512 0)
(-0.0222427 0.00267814 0)
(-0.0229734 0.00166819 0)
(-0.0237923 0.000596985 0)
(-0.0247254 -0.000559676 0)
(-0.0258042 -0.00183435 0)
(-0.0270676 -0.00327214 0)
(-0.0285608 -0.00493994 0)
(-0.0303305 -0.00694342 0)
(-0.0324062 -0.0094584 0)
(-0.034752 -0.0127733 0)
(-0.0371765 -0.0173222 0)
(-0.0391618 -0.0236786 0)
(-0.0395286 -0.0323784 0)
(-0.036243 -0.043163 0)
(-0.0273857 -0.0534 0)
(-0.0137632 -0.0568818 0)
(-0.00171025 -0.043737 0)
(-0.000888017 0.0174907 0)
(-0.0027612 0.0217833 0)
(-0.00474775 0.0225703 0)
(-0.00664177 0.0224215 0)
(-0.00838187 0.021847 0)
(-0.00992848 0.0210295 0)
(-0.0112864 0.0200645 0)
(-0.012474 0.0190129 0)
(-0.0135143 0.017918 0)
(-0.0144313 0.0168113 0)
(-0.015248 0.0157143 0)
(-0.0159847 0.0146398 0)
(-0.0166584 0.0135938 0)
(-0.0172834 0.0125779 0)
(-0.0178711 0.0115902 0)
(-0.0184313 0.0106278 0)
(-0.0189727 0.00968727 0)
(-0.0195033 0.00876509 0)
(-0.0200317 0.00785777 0)
(-0.0205666 0.00696163 0)
(-0.0211183 0.00607256 0)
(-0.0216983 0.00518572 0)
(-0.0223207 0.00429518 0)
(-0.0230024 0.00339338 0)
(-0.0237649 0.00247064 0)
(-0.0246353 0.00151436 0)
(-0.0256496 0.000507949 0)
(-0.0268553 -0.000570943 0)
(-0.0283178 -0.00175476 0)
(-0.030126 -0.00309769 0)
(-0.0323979 -0.0047006 0)
(-0.0352742 -0.00676574 0)
(-0.0388732 -0.00968843 0)
(-0.043192 -0.0141647 0)
(-0.0478674 -0.0213134 0)
(-0.0514256 -0.032669 0)
(-0.0502777 -0.0489438 0)
(-0.0399135 -0.0665114 0)
(-0.0200168 -0.0727945 0)
(-0.000652199 -0.0507504 0)
(-0.00107125 0.0193389 0)
(-0.00326274 0.0239425 0)
(-0.00550813 0.0246533 0)
(-0.00757502 0.0243206 0)
(-0.00941325 0.0235293 0)
(-0.0109965 0.0224968 0)
(-0.0123482 0.0213357 0)
(-0.0135027 0.0201143 0)
(-0.0144955 0.0188782 0)
(-0.0153596 0.0176574 0)
(-0.0161235 0.0164701 0)
(-0.0168108 0.0153254 0)
(-0.0174401 0.0142255 0)
(-0.0180256 0.0131686 0)
(-0.0185788 0.0121505 0)
(-0.0191086 0.0111667 0)
(-0.0196229 0.010213 0)
(-0.0201292 0.00928571 0)
(-0.0206355 0.0083819 0)
(-0.0211506 0.00749886 0)
(-0.0216844 0.006634 0)
(-0.022249 0.00578461 0)
(-0.022859 0.00494772 0)
(-0.0235325 0.00411997 0)
(-0.0242928 0.00329754 0)
(-0.0251711 0.00247643 0)
(-0.0262098 0.00165273 0)
(-0.0274686 0.000822953 0)
(-0.0290359 -1.80436e-05 0)
(-0.0310442 -0.000884276 0)
(-0.033695 -0.00182734 0)
(-0.037284 -0.00301016 0)
(-0.0421909 -0.00485759 0)
(-0.0488477 -0.00826381 0)
(-0.0575812 -0.0149681 0)
(-0.0672633 -0.0283243 0)
(-0.0723001 -0.0521896 0)
(-0.0634116 -0.0829519 0)
(-0.0367803 -0.0975018 0)
(-0.00468299 -0.0620308 0)
(-0.00132596 0.0215602 0)
(-0.00391462 0.0264329 0)
(-0.0064409 0.0269631 0)
(-0.00865902 0.0263463 0)
(-0.0105524 0.0252597 0)
(-0.0121207 0.0239574 0)
(-0.0134149 0.0225659 0)
(-0.0144904 0.0211565 0)
(-0.0153972 0.0197722 0)
(-0.0161771 0.0184376 0)
(-0.0168638 0.0171645 0)
(-0.0174827 0.0159558 0)
(-0.0180525 0.0148085 0)
(-0.0185865 0.0137165 0)
(-0.0190945 0.012673 0)
(-0.019584 0.0116717 0)
(-0.0200614 0.0107076 0)
(-0.020533 0.00977744 0)
(-0.0210058 0.00887871 0)
(-0.0214878 0.00800995 0)
(-0.0219882 0.00717021 0)
(-0.0225185 0.00635913 0)
(-0.0230926 0.0055769 0)
(-0.0237279 0.00482473 0)
(-0.024447 0.00410554 0)
(-0.0252803 0.00342548 0)
(-0.0262707 0.00279669 0)
(-0.0274811 0.00224158 0)
(-0.0290082 0.00179777 0)
(-0.0310076 0.00152177 0)
(-0.0337441 0.00147381 0)
(-0.0376625 0.00164824 0)
(-0.0434368 0.00179359 0)
(-0.0521115 0.00110554 0)
(-0.0654074 -0.00265438 0)
(-0.0833814 -0.0161319 0)
(-0.0979915 -0.050439 0)
(-0.0938813 -0.102201 0)
(-0.064742 -0.134009 0)
(-0.019161 -0.0878363 0)
(-0.0016824 0.0242858 0)
(-0.00475328 0.0293157 0)
(-0.0075545 0.0294911 0)
(-0.00986499 0.028452 0)
(-0.0117371 0.0269766 0)
(-0.013212 0.025349 0)
(-0.0143783 0.0236989 0)
(-0.0153157 0.0220917 0)
(-0.0160881 0.0205609 0)
(-0.0167452 0.0191208 0)
(-0.0173245 0.0177733 0)
(-0.0178518 0.0165124 0)
(-0.0183441 0.0153282 0)
(-0.018811 0.0142109 0)
(-0.0192595 0.0131496 0)
(-0.0196951 0.0121361 0)
(-0.0201224 0.011165 0)
(-0.0205458 0.0102332 0)
(-0.0209707 0.00933947 0)
(-0.0214035 0.00848362 0)
(-0.0218523 0.00766653 0)
(-0.0223269 0.00689002 0)
(-0.0228395 0.00615718 0)
(-0.0234047 0.00547326 0)
(-0.0240412 0.00484727 0)
(-0.0247739 0.00429483 0)
(-0.025637 0.00384385 0)
(-0.0266813 0.00354378 0)
(-0.0279871 0.00348063 0)
(-0.0296889 0.00379783 0)
(-0.0320388 0.00471632 0)
(-0.0355092 0.00651941 0)
(-0.0408452 0.00943962 0)
(-0.0493405 0.013252 0)
(-0.0641746 0.0150832 0)
(-0.0871085 0.00246654 0)
(-0.10703 -0.0446602 0)
(-0.109622 -0.121144 0)
(-0.0886523 -0.180768 0)
(-0.0357353 -0.140638 0)
(-0.00217782 0.0276337 0)
(-0.00582268 0.0326101 0)
(-0.00883116 0.0321679 0)
(-0.0111181 0.0305349 0)
(-0.012847 0.0285753 0)
(-0.0141164 0.0265773 0)
(-0.015058 0.0246543 0)
(-0.0157754 0.0228534 0)
(-0.0163433 0.021192 0)
(-0.0168188 0.0196673 0)
(-0.0172434 0.0182666 0)
(-0.0176407 0.0169727 0)
(-0.0180236 0.015767 0)
(-0.0183986 0.0146326 0)
(-0.0187672 0.0135578 0)
(-0.0191293 0.0125346 0)
(-0.0194856 0.0115576 0)
(-0.0198379 0.0106242 0)
(-0.0201895 0.00973403 0)
(-0.0205453 0.00888835 0)
(-0.0209118 0.00808974 0)
(-0.0212974 0.00734174 0)
(-0.0217115 0.00664949 0)
(-0.022165 0.00602083 0)
(-0.0226704 0.00546847 0)
(-0.0232424 0.00501388 0)
(-0.0238997 0.00469451 0)
(-0.024667 0.00457746 0)
(-0.0255786 0.00478269 0)
(-0.0266891 0.00552131 0)
(-0.0281191 0.00715058 0)
(-0.0301271 0.0102352 0)
(-0.0330438 0.015555 0)
(-0.0372643 0.0235646 0)
(-0.0453382 0.0308741 0)
(-0.061247 0.020578 0)
(-0.0778245 -0.0322249 0)
(-0.0863241 -0.125541 0)
(-0.0890328 -0.219919 0)
(-0.0387926 -0.21214 0)
(-0.00290702 0.032129 0)
(-0.0071437 0.036405 0)
(-0.0102035 0.0348724 0)
(-0.0122681 0.0324324 0)
(-0.0136636 0.0299027 0)
(-0.014555 0.0275083 0)
(-0.0151138 0.0253168 0)
(-0.0154649 0.0233436 0)
(-0.0157067 0.021578 0)
(-0.0159001 0.0199988 0)
(-0.0160788 0.0185752 0)
(-0.0162607 0.0172745 0)
(-0.0164521 0.0160693 0)
(-0.0166531 0.0149377 0)
(-0.0168606 0.0138642 0)
(-0.0170704 0.0128397 0)
(-0.0172793 0.0118598 0)
(-0.017486 0.010924 0)
(-0.0176918 0.010034 0)
(-0.0178999 0.00919319 0)
(-0.0181154 0.0084059 0)
(-0.0183444 0.00767693 0)
(-0.0185935 0.00701211 0)
(-0.0188686 0.00641975 0)
(-0.0191745 0.00591288 0)
(-0.0195133 0.00551326 0)
(-0.0198832 0.00525853 0)
(-0.0202757 0.00521608 0)
(-0.0206678 0.00550715 0)
(-0.0210117 0.00635133 0)
(-0.0212276 0.00813379 0)
(-0.0211932 0.0114983 0)
(-0.0205958 0.0173701 0)
(-0.0186651 0.0262455 0)
(-0.0156033 0.0348855 0)
(-0.0150678 0.0298713 0)
(-0.0179046 -0.0117048 0)
(-0.0205225 -0.10158 0)
(-0.0622498 -0.221151 0)
(-0.0223231 -0.281916 0)
(-0.00406647 0.0359531 0)
(-0.00926053 0.0394117 0)
(-0.0117487 0.0367625 0)
(-0.0130689 0.0336431 0)
(-0.013703 0.0306466 0)
(-0.0138269 0.0279227 0)
(-0.0136187 0.0255127 0)
(-0.0132367 0.0234123 0)
(-0.0127981 0.0215955 0)
(-0.0123694 0.0200093 0)
(-0.0119803 0.0185995 0)
(-0.0116388 0.0173194 0)
(-0.0113423 0.0161337 0)
(-0.0110843 0.0150166 0)
(-0.0108559 0.0139512 0)
(-0.0106482 0.0129289 0)
(-0.0104546 0.0119476 0)
(-0.010271 0.0110093 0)
(-0.0100968 0.0101187 0)
(-0.00993356 0.00928134 0)
(-0.00978505 0.00850308 0)
(-0.00965542 0.00778904 0)
(-0.00954792 0.00714421 0)
(-0.00946331 0.00657483 0)
(-0.00939855 0.00609056 0)
(-0.00934438 0.00570702 0)
(-0.00928154 0.00545302 0)
(-0.00917507 0.00538059 0)
(-0.00895509 0.00557427 0)
(-0.00849837 0.00620191 0)
(-0.00757143 0.00754907 0)
(-0.00578342 0.010091 0)
(-0.00246882 0.0144712 0)
(0.00354742 0.0208834 0)
(0.0134891 0.0267041 0)
(0.0260878 0.0216341 0)
(0.0305132 -0.00766255 0)
(0.0510014 -0.0749296 0)
(-0.0265292 -0.182303 0)
(0.00645144 -0.33414 0)
(-0.00648976 0.0519167 0)
(-0.0117898 0.050573 0)
(-0.0124897 0.0435411 0)
(-0.0118203 0.0374433 0)
(-0.0104408 0.0325405 0)
(-0.00847776 0.0286436 0)
(-0.00604689 0.0255503 0)
(-0.00355218 0.023116 0)
(-0.00112655 0.0211508 0)
(0.00116876 0.0195014 0)
(0.00331985 0.0180699 0)
(0.00533453 0.0167887 0)
(0.007226 0.0156097 0)
(0.00900468 0.0145 0)
(0.0106824 0.0134406 0)
(0.0122702 0.0124228 0)
(0.0137765 0.0114462 0)
(0.0152072 0.010515 0)
(0.0165649 0.00963569 0)
(0.01785 0.00881541 0)
(0.0190618 0.00806055 0)
(0.0201998 0.00737497 0)
(0.0212659 0.00676058 0)
(0.0222653 0.00621932 0)
(0.0232087 0.00575471 0)
(0.0241133 0.00537369 0)
(0.0250057 0.00509004 0)
(0.0259286 0.00492833 0)
(0.0269507 0.00493061 0)
(0.0281909 0.00517097 0)
(0.0298625 0.00576967 0)
(0.0323515 0.00690491 0)
(0.0362808 0.00875852 0)
(0.0425384 0.0111074 0)
(0.0513733 0.012242 0)
(0.0630347 0.00537735 0)
(0.0647884 -0.0186188 0)
(0.0901704 -0.0633601 0)
(-0.00789906 -0.138321 0)
(0.0426657 -0.349706 0)
(-0.00798616 0.0324132 0)
(-0.0138729 0.0198433 0)
(-0.00482899 0.0153801 0)
(0.0066126 0.0174942 0)
(0.0176869 0.017954 0)
(0.0279721 0.0170383 0)
(0.0373209 0.0158966 0)
(0.0457926 0.014948 0)
(0.0535172 0.014138 0)
(0.0606264 0.0133745 0)
(0.0672236 0.0126263 0)
(0.0733729 0.011886 0)
(0.0791174 0.0111477 0)
(0.0844881 0.0104074 0)
(0.0895086 0.00966703 0)
(0.0941977 0.00893386 0)
(0.0985714 0.0082178 0)
(0.102645 0.00752966 0)
(0.106434 0.00688027 0)
(0.109948 0.00627873 0)
(0.113197 0.00572942 0)
(0.116196 0.00523251 0)
(0.118963 0.00478653 0)
(0.121517 0.00439019 0)
(0.123884 0.00404367 0)
(0.126091 0.00374979 0)
(0.128169 0.00351461 0)
(0.130155 0.00334813 0)
(0.132101 0.00326609 0)
(0.134079 0.00329105 0)
(0.136193 0.00345505 0)
(0.138609 0.00376769 0)
(0.141517 0.00418899 0)
(0.145266 0.00442103 0)
(0.149251 0.00361826 0)
(0.154044 -0.00049478 0)
(0.147126 -0.0107887 0)
(0.155795 -0.0316909 0)
(0.0134047 -0.0895406 0)
(0.125968 -0.289725 0)
(0.056199 0.110921 0)
(0.0857235 0.0901444 0)
(0.117164 0.0578188 0)
(0.144412 0.0375432 0)
(0.16496 0.0262932 0)
(0.181446 0.0197163 0)
(0.195879 0.0155713 0)
(0.208922 0.0128347 0)
(0.220818 0.0109316 0)
(0.231765 0.00953522 0)
(0.241912 0.0084695 0)
(0.251348 0.00762235 0)
(0.260127 0.00691653 0)
(0.268277 0.00629682 0)
(0.275814 0.00572568 0)
(0.282748 0.00518152 0)
(0.289089 0.00465637 0)
(0.294855 0.00415228 0)
(0.300072 0.0036783 0)
(0.304778 0.00324652 0)
(0.309025 0.00286557 0)
(0.312862 0.00253732 0)
(0.316339 0.00225823 0)
(0.319501 0.00202202 0)
(0.322389 0.00182224 0)
(0.325043 0.00165417 0)
(0.327505 0.00151503 0)
(0.329823 0.00140467 0)
(0.332052 0.00132528 0)
(0.334259 0.00128251 0)
(0.336532 0.00128291 0)
(0.338973 0.00133126 0)
(0.341641 0.00141054 0)
(0.344594 0.00143869 0)
(0.346994 0.00119265 0)
(0.34919 0.000388176 0)
(0.342183 -0.0015197 0)
(0.340998 -0.00326633 0)
(0.246023 -0.0106078 0)
(0.438376 -0.120436 0)
)
;

boundaryField
{
    movingWall
    {
        type            fixedValue;
        value           uniform (1 0 0);
    }
    fixedWalls
    {
        type            noSlip;
    }
    frontAndBack
    {
        type            empty;
    }
}


// ************************************************************************* //
