/*--------------------------------*- C++ -*----------------------------------*\
| =========                 |                                                 |
| \\      /  F ield         | OpenFOAM: The Open Source CFD Toolbox           |
|  \\    /   O peration     | Version:  2412                                  |
|   \\  /    A nd           | Website:  www.openfoam.com                      |
|    \\/     M anipulation  |                                                 |
\*---------------------------------------------------------------------------*/
FoamFile
{
    version     2.0;
    format      ascii;
    arch        "LSB;label=32;scalar=64";
    class       volScalarField;
    location    "18";
    object      epsilon;
}
// * * * * * * * * * * * * * * * * * * * * * * * * * * * * * * * * * * * * * //

dimensions      [0 2 -3 0 0 0 0];

internalField   nonuniform List<scalar> 
400
(
0.000757683
0.000827174
0.00100184
0.00149459
0.00323827
0.00720362
0.0111803
0.0133313
0.0142215
0.0144291
0.0139432
0.0131193
0.0124454
0.0118104
0.010872
0.00959575
0.00741237
0.0050485
0.00276941
0.00133686
0.00154648
0.00115727
0.00230725
0.00530354
0.0076306
0.00865404
0.00899697
0.00785408
0.0065684
0.00595929
0.00574314
0.00625828
0.00722526
0.00849925
0.00956521
0.0100108
0.00959492
0.00698992
0.0026463
0.00147447
0.00265352
0.00314817
0.00547914
0.00676993
0.0070298
0.00632065
0.00417445
0.00310043
0.00258938
0.0023703
0.00233882
0.00269019
0.00337251
0.00462877
0.00663444
0.00901488
0.0104576
0.0108173
0.00629419
0.00192205
0.00445666
0.00531738
0.00617986
0.00619876
0.00496484
0.00278095
0.00175204
0.00119572
0.000948252
0.000813127
0.000783768
0.000896571
0.00119461
0.00179981
0.00310202
0.00586488
0.0101235
0.0124746
0.0125347
0.00331425
0.00631126
0.00624288
0.00594395
0.00469723
0.00247729
0.00124478
0.000738808
0.000460381
0.000338808
0.000273335
0.000257167
0.000294013
0.000411413
0.000669901
0.00128148
0.00276779
0.0063491
0.0130133
0.0162368
0.00940862
0.00791174
0.00644127
0.00521073
0.00288796
0.00127464
0.00058564
0.000324215
0.000181111
0.000123408
9.44825e-05
8.69929e-05
9.9428e-05
0.000146268
0.000256333
0.000547112
0.00135342
0.00368635
0.0098887
0.0183248
0.0196745
0.00901459
0.00622345
0.00413047
0.00176103
0.000709728
0.00030016
0.000152279
7.74818e-05
4.97512e-05
3.69041e-05
3.33605e-05
3.74085e-05
5.49547e-05
9.69609e-05
0.000216871
0.000604321
0.00197804
0.00641295
0.0189843
0.0289916
0.0099528
0.0056926
0.0031705
0.00116221
0.000430419
0.000172191
7.95884e-05
3.93445e-05
2.3882e-05
1.74901e-05
1.56221e-05
1.70644e-05
2.5271e-05
4.62585e-05
0.000107953
0.000315923
0.00114255
0.00477429
0.0167209
0.03581
0.0107086
0.00513958
0.00258092
0.000881346
0.000306873
0.00011744
5.06833e-05
2.44907e-05
1.43923e-05
1.05367e-05
9.44863e-06
1.03257e-05
1.47441e-05
2.56452e-05
5.67203e-05
0.000164428
0.000627062
0.00305812
0.0152975
0.0409421
0.0113725
0.00465029
0.00218586
0.000701909
0.000232575
8.62366e-05
3.60366e-05
1.73715e-05
1.03101e-05
7.7685e-06
7.08951e-06
7.96764e-06
1.10519e-05
1.90053e-05
4.25057e-05
0.000123504
0.000440352
0.00218907
0.0131937
0.0446587
0.0121325
0.0046708
0.00209505
0.000701997
0.000232676
8.6109e-05
3.60105e-05
1.74261e-05
1.03257e-05
7.52828e-06
6.4495e-06
7.30516e-06
9.94596e-06
1.6674e-05
3.64038e-05
0.000105963
0.000367966
0.00174597
0.0117086
0.0477052
0.0124189
0.00496296
0.00216734
0.0007553
0.000256007
9.59668e-05
4.0472e-05
1.97526e-05
1.16852e-05
8.43308e-06
7.50347e-06
8.10097e-06
1.02703e-05
1.65412e-05
3.57505e-05
0.000104055
0.000357222
0.00161789
0.0106322
0.0503538
0.012178
0.00564697
0.00240689
0.000899314
0.000322895
0.000123107
5.32489e-05
2.67275e-05
1.59686e-05
1.13779e-05
1.01972e-05
1.09859e-05
1.39545e-05
2.22568e-05
4.65537e-05
0.000130732
0.000427017
0.00171636
0.0102433
0.0531026
0.0113015
0.00667028
0.00298077
0.00123158
0.000474058
0.000194398
8.75951e-05
4.47784e-05
2.70833e-05
1.92655e-05
1.70565e-05
1.82306e-05
2.26426e-05
3.46263e-05
6.83709e-05
0.000180726
0.000544655
0.00204089
0.0111276
0.0563262
0.0093293
0.00731347
0.00369585
0.00171662
0.00075712
0.000334578
0.000161443
8.82265e-05
5.57533e-05
4.06024e-05
3.53649e-05
3.72952e-05
4.48801e-05
6.61945e-05
0.00012155
0.000297422
0.00078901
0.00255638
0.0129784
0.0610715
0.00618202
0.00689573
0.00516248
0.00279073
0.00135488
0.000681039
0.000363094
0.000211479
0.000138841
0.000104412
8.91275e-05
9.2291e-05
0.000106358
0.000152221
0.000254303
0.000563608
0.00127232
0.00355594
0.0158198
0.0678881
0.00293952
0.00564893
0.00522525
0.00392217
0.00250169
0.00146384
0.000893746
0.000580833
0.000408469
0.000322579
0.000274277
0.000278513
0.000310535
0.000425992
0.000651488
0.00126688
0.00239699
0.00569367
0.0210871
0.0780793
0.00241786
0.00440033
0.00543981
0.00507703
0.00417828
0.00316237
0.00233887
0.00178139
0.00142177
0.00122094
0.00112474
0.00114515
0.00126814
0.0016248
0.00230123
0.00379636
0.00572788
0.0112251
0.0307861
0.0934991
0.00652591
0.0100715
0.0123983
0.0128326
0.0124777
0.011661
0.0107172
0.00995796
0.00946699
0.00933214
0.00945998
0.00987081
0.0105024
0.0120478
0.014702
0.0186526
0.0221865
0.0308013
0.0505493
0.118539
0.0638185
0.125752
0.158645
0.157302
0.150949
0.142097
0.13516
0.129949
0.126644
0.124869
0.125136
0.126282
0.129242
0.132203
0.136284
0.138762
0.143817
0.146719
0.161014
0.145708
)
;

boundaryField
{
    movingWall
    {
        type            epsilonWallFunction;
        blending        stepwise;
        value           nonuniform List<scalar> 
20
(
0.0638185
0.125752
0.158645
0.157302
0.150949
0.142097
0.13516
0.129949
0.126644
0.124869
0.125136
0.126282
0.129242
0.132203
0.136284
0.138762
0.143817
0.146719
0.161014
0.145708
)
;
    }
    fixedWalls
    {
        type            epsilonWallFunction;
        blending        stepwise;
        value           nonuniform List<scalar> 
60
(
0.000757683
0.00154648
0.00265352
0.00445666
0.00631126
0.00791174
0.00901459
0.0099528
0.0107086
0.0113725
0.0121325
0.0124189
0.012178
0.0113015
0.0093293
0.00618202
0.00293952
0.00241786
0.00652591
0.0638185
0.00133686
0.00147447
0.00192205
0.00331425
0.00940862
0.0196745
0.0289916
0.03581
0.0409421
0.0446587
0.0477052
0.0503538
0.0531026
0.0563262
0.0610715
0.0678881
0.0780793
0.0934991
0.118539
0.145708
0.000757683
0.000827174
0.00100184
0.00149459
0.00323827
0.00720362
0.0111803
0.0133313
0.0142215
0.0144291
0.0139432
0.0131193
0.0124454
0.0118104
0.010872
0.00959575
0.00741237
0.0050485
0.00276941
0.00133686
)
;
    }
    frontAndBack
    {
        type            empty;
    }
}


// ************************************************************************* //
