/*--------------------------------*- C++ -*----------------------------------*\
| =========                 |                                                 |
| \\      /  F ield         | OpenFOAM: The Open Source CFD Toolbox           |
|  \\    /   O peration     | Version:  2412                                  |
|   \\  /    A nd           | Website:  www.openfoam.com                      |
|    \\/     M anipulation  |                                                 |
\*---------------------------------------------------------------------------*/
FoamFile
{
    version     2.0;
    format      ascii;
    arch        "LSB;label=32;scalar=64";
    class       volScalarField;
    location    "18";
    object      p;
}
// * * * * * * * * * * * * * * * * * * * * * * * * * * * * * * * * * * * * * //

dimensions      [0 2 -2 0 0 0 0];

internalField   nonuniform List<scalar> 
400
(
4.58053e-08
-0.000257674
-0.000486939
-0.000650099
-0.000820121
-0.00126025
-0.00214105
-0.00351827
-0.00511368
-0.00642669
-0.0069057
-0.00592339
-0.00332146
0.000162297
0.0032773
0.00482064
0.00457811
0.0031589
0.00244418
0.00247287
-4.22008e-05
-0.000363604
-0.000419356
-0.000464868
-0.000727549
-0.00147649
-0.00303799
-0.00530801
-0.00766145
-0.00929681
-0.0095779
-0.00843392
-0.00595829
-0.00254733
0.000814308
0.00297066
0.00336325
0.00252228
0.00190441
0.002044
0.000372699
-3.82308e-05
-0.000284424
-0.00075448
-0.00193517
-0.00402988
-0.00681939
-0.00975517
-0.0122661
-0.0138862
-0.014263
-0.0133369
-0.0110797
-0.00774541
-0.00396488
-0.000655158
0.00135914
0.00194718
0.00183867
0.00170219
0.00123251
0.000556057
-0.000343457
-0.00203368
-0.00480711
-0.0083532
-0.0120305
-0.015315
-0.0178683
-0.0194499
-0.0199085
-0.0191397
-0.0172018
-0.0142036
-0.0104034
-0.0062302
-0.00226175
0.000667197
0.0017033
0.00150611
0.00171272
0.000634942
-0.00122772
-0.00437605
-0.0085844
-0.0130857
-0.0171869
-0.0205198
-0.0229115
-0.0242777
-0.0246159
-0.0239733
-0.0223823
-0.0198633
-0.0164925
-0.0123361
-0.00736534
-0.00214919
0.000994554
0.00115347
0.00110865
-0.000418843
-0.00320529
-0.00749596
-0.0125855
-0.0174687
-0.0215595
-0.0246714
-0.0268046
-0.0279989
-0.0282888
-0.0277685
-0.0264064
-0.0242188
-0.0212536
-0.0175268
-0.0127131
-0.00645193
-0.000968459
0.000130552
-0.000778438
-0.00260255
-0.00598848
-0.0109078
-0.0163205
-0.0211767
-0.0250486
-0.0279181
-0.0298966
-0.0310472
-0.0313774
-0.0309375
-0.0296972
-0.0276696
-0.0249012
-0.0214845
-0.0172493
-0.0113516
-0.00464099
-0.00205311
-0.00342783
-0.00533258
-0.00895328
-0.0140626
-0.0194423
-0.0240909
-0.0277222
-0.0304256
-0.032328
-0.0334586
-0.0338154
-0.0334348
-0.0323042
-0.0304097
-0.0277568
-0.0244658
-0.0206755
-0.0157529
-0.00943121
-0.00537781
-0.00596833
-0.00783518
-0.0114656
-0.0165238
-0.0217329
-0.026152
-0.0295875
-0.0321741
-0.0340123
-0.0351009
-0.0354495
-0.0351239
-0.0341037
-0.0323599
-0.0298555
-0.0266525
-0.0231139
-0.0190317
-0.0141041
-0.00917796
-0.00768325
-0.00953252
-0.0130909
-0.0180182
-0.0230737
-0.0273297
-0.03064
-0.0331503
-0.034939
-0.035994
-0.0363367
-0.0360423
-0.0350907
-0.0334544
-0.0310932
-0.0280024
-0.0246454
-0.0210455
-0.0176174
-0.0125664
-0.00817945
-0.0102041
-0.0136569
-0.0184336
-0.0234087
-0.0276175
-0.0308914
-0.0333761
-0.0351506
-0.0362005
-0.0365446
-0.0362543
-0.0353122
-0.0336962
-0.0313966
-0.0283837
-0.0251649
-0.0217736
-0.019542
-0.0149081
-0.0076409
-0.00977515
-0.0131538
-0.0177754
-0.0227155
-0.0269978
-0.0303434
-0.0328751
-0.0346856
-0.0357667
-0.036122
-0.035814
-0.0348256
-0.0331456
-0.0307753
-0.0277335
-0.0245165
-0.021179
-0.0197694
-0.0159624
-0.00656211
-0.00836812
-0.0116821
-0.0161242
-0.0209883
-0.0253885
-0.0289182
-0.0315996
-0.0335105
-0.0346575
-0.0350384
-0.0346996
-0.0336169
-0.0317781
-0.0292055
-0.0259706
-0.0226092
-0.0193404
-0.0180501
-0.0154929
-0.00532118
-0.00649711
-0.00954467
-0.0136665
-0.0183083
-0.0227793
-0.0265642
-0.029507
-0.0316099
-0.0328767
-0.0333041
-0.0329181
-0.0316856
-0.0295903
-0.0266894
-0.0231155
-0.0194834
-0.0160674
-0.0147532
-0.0129027
-0.00425574
-0.00474934
-0.00711134
-0.010634
-0.0148396
-0.0192398
-0.0232594
-0.0265361
-0.0289293
-0.0303905
-0.0308953
-0.0304479
-0.0290163
-0.0265935
-0.0232969
-0.0193357
-0.0154234
-0.0117543
-0.0102202
-0.00782488
-0.00352075
-0.00348476
-0.00472348
-0.00723553
-0.0107834
-0.0149607
-0.0191167
-0.0227133
-0.0254464
-0.0271661
-0.0277924
-0.0272973
-0.0256677
-0.0229244
-0.0192605
-0.0149714
-0.0109128
-0.00705285
-0.00531539
-0.00213234
-0.00315593
-0.00281671
-0.00271461
-0.00382831
-0.00652343
-0.0103604
-0.0145483
-0.0183976
-0.0214566
-0.0234612
-0.0242632
-0.0237951
-0.0220421
-0.019068
-0.0151232
-0.0105477
-0.0063151
-0.00216872
-0.00125511
0.000413084
-0.00233058
-0.00205808
-0.000749236
-0.000531159
-0.00239247
-0.00587809
-0.0100639
-0.0141359
-0.0175146
-0.0198322
-0.0208785
-0.02055
-0.0188547
-0.0158322
-0.0117379
-0.00684173
-0.00198943
0.00331764
0.00279033
0.00261694
-0.00367941
-0.00212329
0.000539513
0.00164184
0.000475839
-0.00259659
-0.006687
-0.0108947
-0.0145244
-0.0171254
-0.018441
-0.0183575
-0.0168884
-0.0140284
-0.00992243
-0.00476397
0.000916092
0.00826255
0.00951211
0.0244935
0.000357105
0.00307138
0.00416892
0.00387056
0.00218164
-0.000985443
-0.00511907
-0.00940143
-0.0131313
-0.0158447
-0.0172778
-0.0173152
-0.0159488
-0.0132673
-0.00944871
-0.00454376
0.000823495
0.00853029
0.016835
0.0747301
)
;

boundaryField
{
    movingWall
    {
        type            zeroGradient;
    }
    fixedWalls
    {
        type            zeroGradient;
    }
    frontAndBack
    {
        type            empty;
    }
}


// ************************************************************************* //
