/*--------------------------------*- C++ -*----------------------------------*\
| =========                 |                                                 |
| \\      /  F ield         | OpenFOAM: The Open Source CFD Toolbox           |
|  \\    /   O peration     | Version:  2412                                  |
|   \\  /    A nd           | Website:  www.openfoam.com                      |
|    \\/     M anipulation  |                                                 |
\*---------------------------------------------------------------------------*/
FoamFile
{
    version     2.0;
    format      ascii;
    arch        "LSB;label=32;scalar=64";
    class       surfaceScalarField;
    location    "18";
    object      phi;
}
// * * * * * * * * * * * * * * * * * * * * * * * * * * * * * * * * * * * * * //

dimensions      [0 3 -1 0 0 0 0];

oriented        oriented;

internalField   nonuniform List<scalar> 
760
(
6.17399e-07
-6.17416e-07
8.25629e-07
-2.08231e-07
6.04056e-07
2.21573e-07
-2.55804e-08
6.29635e-07
-1.15749e-06
1.13191e-06
-2.76552e-06
1.60803e-06
-4.60614e-06
1.84062e-06
-6.35409e-06
1.74795e-06
-7.73619e-06
1.38211e-06
-8.56183e-06
8.25633e-07
-8.73255e-06
1.70718e-07
-8.28446e-06
-4.48084e-07
-7.26884e-06
-1.01562e-06
-5.72693e-06
-1.54191e-06
-3.77291e-06
-1.95402e-06
-1.6794e-06
-2.0935e-06
6.26854e-08
-1.74209e-06
9.94045e-07
-9.31359e-07
8.1291e-07
1.81134e-07
8.1291e-07
2.49347e-07
-8.66763e-07
-1.50924e-07
1.9204e-07
-1.20775e-06
1.27839e-06
-2.9128e-06
2.33469e-06
-5.00539e-06
3.22451e-06
-7.069e-06
3.67164e-06
-8.76823e-06
3.53985e-06
-9.95495e-06
2.93467e-06
-1.06403e-05
2.0675e-06
-1.09198e-05
1.10505e-06
-1.08769e-05
1.2786e-07
-1.04821e-05
-8.42851e-07
-9.64451e-06
-1.85325e-06
-8.33347e-06
-2.85295e-06
-6.56422e-06
-3.72328e-06
-4.44794e-06
-4.20978e-06
-2.24357e-06
-3.94645e-06
-5.28633e-07
-2.6463e-06
2.07212e-07
-5.54712e-07
1.02012e-06
-5.22335e-07
-3.44428e-07
-1.67328e-06
1.34299e-06
-3.37548e-06
2.98059e-06
-5.4031e-06
4.36231e-06
-7.35151e-06
5.17291e-06
-8.89566e-06
5.21579e-06
-9.97146e-06
4.61565e-06
-1.06767e-05
3.63994e-06
-1.11182e-05
2.50899e-06
-1.13532e-05
1.33999e-06
-1.13605e-05
1.35157e-07
-1.113e-05
-1.07332e-06
-1.06286e-05
-2.35466e-06
-9.79516e-06
-3.68638e-06
-8.53753e-06
-4.98091e-06
-6.7662e-06
-5.98112e-06
-4.51036e-06
-6.20229e-06
-2.13726e-06
-5.0194e-06
-4.37101e-07
-2.25487e-06
5.8302e-07
-1.22897e-06
8.84541e-07
-2.871e-06
2.98502e-06
-4.75596e-06
4.86555e-06
-6.58268e-06
6.18903e-06
-8.03171e-06
6.62195e-06
-9.01254e-06
6.19662e-06
-9.61479e-06
5.2179e-06
-9.96265e-06
3.98781e-06
-1.01414e-05
2.68774e-06
-1.01935e-05
1.39203e-06
-1.01635e-05
1.05185e-07
-1.00484e-05
-1.18837e-06
-9.86227e-06
-2.54082e-06
-9.55214e-06
-3.99651e-06
-8.99074e-06
-5.54231e-06
-7.95284e-06
-7.01902e-06
-6.1845e-06
-7.97063e-06
-3.66424e-06
-7.53966e-06
-1.08958e-06
-4.82953e-06
-5.06558e-07
-1.63994e-06
2.52448e-06
-3.4232e-06
4.76827e-06
-5.16223e-06
6.60458e-06
-6.59667e-06
7.62347e-06
-7.56136e-06
7.58664e-06
-8.09721e-06
6.73248e-06
-8.3294e-06
5.45008e-06
-8.38015e-06
4.03857e-06
-8.34002e-06
2.64761e-06
-8.26522e-06
1.31724e-06
-8.19618e-06
3.61448e-08
-8.12204e-06
-1.26251e-06
-8.0578e-06
-2.60506e-06
-8.01574e-06
-4.03857e-06
-7.95226e-06
-5.60579e-06
-7.67265e-06
-7.29862e-06
-6.76194e-06
-8.88135e-06
-4.76337e-06
-9.53822e-06
-1.88646e-06
-7.70645e-06
-2.39301e-06
-1.69808e-06
4.22256e-06
-3.36372e-06
6.43392e-06
-4.80938e-06
8.05024e-06
-5.85501e-06
8.6691e-06
-6.44957e-06
8.1812e-06
-6.68922e-06
6.97213e-06
-6.72288e-06
5.48374e-06
-6.68119e-06
3.99687e-06
-6.63756e-06
2.60398e-06
-6.60494e-06
1.28461e-06
-6.55161e-06
-1.71869e-08
-6.47561e-06
-1.33851e-06
-6.3764e-06
-2.70426e-06
-6.29556e-06
-4.11941e-06
-6.29311e-06
-5.60824e-06
-6.35672e-06
-7.23502e-06
-6.18618e-06
-9.05189e-06
-5.06857e-06
-1.06558e-05
-2.52122e-06
-1.02538e-05
-4.91424e-06
-1.49729e-06
5.71985e-06
-2.88782e-06
7.82446e-06
-3.99781e-06
9.16022e-06
-4.72199e-06
9.39328e-06
-5.07079e-06
8.53e-06
-5.16405e-06
7.06538e-06
-5.15587e-06
5.47556e-06
-5.1517e-06
3.99271e-06
-5.17453e-06
2.62681e-06
-5.19634e-06
1.30641e-06
-5.18444e-06
-2.9079e-08
-5.14095e-06
-1.382e-06
-5.05518e-06
-2.79003e-06
-4.92512e-06
-4.24948e-06
-4.79652e-06
-5.73684e-06
-4.78172e-06
-7.24982e-06
-4.89488e-06
-8.93873e-06
-4.56713e-06
-1.09836e-05
-2.73991e-06
-1.2081e-05
-7.65415e-06
-1.14995e-06
6.8698e-06
-2.18341e-06
8.85792e-06
-2.96376e-06
9.94057e-06
-3.4398e-06
9.86932e-06
-3.64248e-06
8.73268e-06
-3.68626e-06
7.10916e-06
-3.69476e-06
5.48405e-06
-3.72325e-06
4.0212e-06
-3.75664e-06
2.66021e-06
-3.77115e-06
1.32092e-06
-3.7809e-06
-1.93362e-08
-3.78647e-06
-1.37643e-06
-3.77938e-06
-2.79711e-06
-3.72163e-06
-4.30723e-06
-3.58548e-06
-5.87299e-06
-3.43188e-06
-7.40343e-06
-3.46135e-06
-8.90925e-06
-3.56543e-06
-1.08795e-05
-2.5661e-06
-1.30803e-05
-1.02203e-05
-7.25587e-07
7.59539e-06
-1.37943e-06
9.51176e-06
-1.85298e-06
1.04141e-05
-2.13473e-06
1.01511e-05
-2.25351e-06
8.85147e-06
-2.28816e-06
7.14381e-06
-2.31283e-06
5.50872e-06
-2.34462e-06
4.05299e-06
-2.36315e-06
2.67874e-06
-2.36627e-06
1.32404e-06
-2.38151e-06
-4.09423e-09
-2.42047e-06
-1.33747e-06
-2.47187e-06
-2.74571e-06
-2.50466e-06
-4.27444e-06
-2.46545e-06
-5.9122e-06
-2.32535e-06
-7.54353e-06
-2.22671e-06
-9.00789e-06
-2.42355e-06
-1.06827e-05
-2.14146e-06
-1.33624e-05
-1.23617e-05
-2.60414e-07
7.8558e-06
-5.46218e-07
9.79756e-06
-7.36632e-07
1.06045e-05
-8.53103e-07
1.02675e-05
-9.17655e-07
8.91602e-06
-9.52061e-07
7.17821e-06
-9.81843e-07
5.53851e-06
-1.0081e-06
4.07924e-06
-1.02486e-06
2.6955e-06
-1.04145e-06
1.34063e-06
-1.07582e-06
3.02774e-08
-1.13451e-06
-1.27877e-06
-1.21273e-06
-2.6675e-06
-1.29568e-06
-4.19149e-06
-1.34857e-06
-5.85931e-06
-1.32099e-06
-7.57111e-06
-1.2361e-06
-9.09278e-06
-1.38507e-06
-1.05337e-05
-1.61493e-06
-1.31326e-05
-1.39766e-05
2.57125e-07
7.59867e-06
2.7645e-07
9.77824e-06
3.51135e-07
1.05298e-05
3.96709e-07
1.0222e-05
3.8661e-07
8.92612e-06
3.53179e-07
7.21164e-06
3.2361e-07
5.56807e-06
3.03556e-07
4.09929e-06
2.79479e-07
2.71957e-06
2.36862e-07
1.38325e-06
1.76184e-07
9.09552e-08
9.97179e-08
-1.20231e-06
1.32427e-09
-2.5691e-06
-1.1874e-07
-4.07143e-06
-2.39138e-07
-5.73891e-06
-3.41693e-07
-7.46855e-06
-4.01543e-07
-9.03293e-06
-5.52066e-07
-1.03832e-05
-1.08697e-06
-1.25977e-05
-1.50636e-05
7.92057e-07
6.80662e-06
1.09146e-06
9.47883e-06
1.40032e-06
1.0221e-05
1.61897e-06
1.00033e-05
1.68766e-06
8.85742e-06
1.66818e-06
7.23112e-06
1.63845e-06
5.5978e-06
1.62023e-06
4.11752e-06
1.59181e-06
2.74799e-06
1.5346e-06
1.44047e-06
1.45272e-06
1.72831e-07
1.34919e-06
-1.09878e-06
1.21833e-06
-2.43823e-06
1.05871e-06
-3.91181e-06
8.61477e-07
-5.54168e-06
6.28617e-07
-7.23569e-06
3.59922e-07
-8.76423e-06
4.10374e-08
-1.00643e-05
-6.00457e-07
-1.19562e-05
-1.56641e-05
1.22959e-06
5.57703e-06
1.8772e-06
8.83122e-06
2.38957e-06
9.70863e-06
2.79176e-06
9.60113e-06
2.99253e-06
8.65665e-06
3.03154e-06
7.19211e-06
3.01327e-06
5.61607e-06
2.99205e-06
4.13875e-06
2.96e-06
2.78003e-06
2.89792e-06
1.50255e-06
2.80305e-06
2.677e-07
2.67383e-06
-9.69556e-07
2.50679e-06
-2.27119e-06
2.28899e-06
-3.69402e-06
1.99371e-06
-5.24639e-06
1.5983e-06
-6.84028e-06
1.09843e-06
-8.26436e-06
5.73861e-07
-9.53973e-06
-1.63074e-07
-1.12192e-05
-1.58271e-05
1.49295e-06
4.08407e-06
2.54242e-06
7.78175e-06
3.27961e-06
8.97143e-06
3.87504e-06
9.0057e-06
4.26461e-06
8.26708e-06
4.44114e-06
7.01558e-06
4.48876e-06
5.56844e-06
4.48434e-06
4.14317e-06
4.45169e-06
2.81269e-06
4.38552e-06
1.56872e-06
4.27922e-06
3.74004e-07
4.12698e-06
-8.17321e-07
3.91536e-06
-2.05957e-06
3.61651e-06
-3.39517e-06
3.18666e-06
-4.81654e-06
2.58881e-06
-6.24243e-06
1.82907e-06
-7.50462e-06
1.00426e-06
-8.71491e-06
1.11703e-07
-1.03267e-05
-1.57154e-05
1.52935e-06
2.55472e-06
2.94897e-06
6.36213e-06
3.96227e-06
7.95814e-06
4.77998e-06
8.18799e-06
5.40952e-06
7.63754e-06
5.81349e-06
6.61161e-06
6.02633e-06
5.3556e-06
6.11433e-06
4.05517e-06
6.12287e-06
2.80414e-06
6.06864e-06
1.62295e-06
5.95143e-06
4.91219e-07
5.76192e-06
-6.27812e-07
5.47617e-06
-1.77382e-06
5.05293e-06
-2.97193e-06
4.44012e-06
-4.20373e-06
3.60378e-06
-5.40609e-06
2.56568e-06
-6.46653e-06
1.44562e-06
-7.59485e-06
2.72193e-07
-9.15324e-06
-1.54433e-05
1.29531e-06
1.25941e-06
2.9331e-06
4.72434e-06
4.27362e-06
6.61762e-06
5.37844e-06
7.08317e-06
6.2918e-06
6.72419e-06
6.98734e-06
5.91606e-06
7.46057e-06
4.88237e-06
7.74371e-06
3.77204e-06
7.87573e-06
2.67212e-06
7.88219e-06
1.61649e-06
7.76836e-06
6.05044e-07
7.52435e-06
-3.83801e-07
7.12615e-06
-1.37561e-06
6.52743e-06
-2.37322e-06
5.68517e-06
-3.36146e-06
4.59082e-06
-4.31174e-06
3.30352e-06
-5.17923e-06
1.93896e-06
-6.23029e-06
4.73117e-07
-7.6874e-06
-1.49701e-05
8.20393e-07
4.39014e-07
2.36639e-06
3.17835e-06
3.99709e-06
4.98691e-06
5.47606e-06
5.6042e-06
6.739e-06
5.46125e-06
7.76451e-06
4.89056e-06
8.54399e-06
4.10289e-06
9.08582e-06
3.23021e-06
9.40873e-06
2.34922e-06
9.52998e-06
1.49524e-06
9.45621e-06
6.78811e-07
9.17146e-06
-9.90551e-08
8.65881e-06
-8.62963e-07
7.87832e-06
-1.59272e-06
6.80898e-06
-2.29213e-06
5.47125e-06
-2.97401e-06
3.97274e-06
-3.68072e-06
2.41868e-06
-4.67622e-06
8.09107e-07
-6.07783e-06
-1.4161e-05
2.64399e-07
1.74615e-07
1.32834e-06
2.11441e-06
3.06475e-06
3.25051e-06
4.90417e-06
3.76478e-06
6.56723e-06
3.79819e-06
7.96589e-06
3.4919e-06
9.07446e-06
2.99433e-06
9.89063e-06
2.41404e-06
1.04248e-05
1.815e-06
1.06888e-05
1.23125e-06
1.06894e-05
6.78263e-07
1.04246e-05
1.65684e-07
9.8656e-06
-3.03924e-07
9.00518e-06
-7.3229e-07
7.84393e-06
-1.13088e-06
6.38584e-06
-1.51592e-06
4.68322e-06
-1.9781e-06
2.78056e-06
-2.77356e-06
1.10354e-06
-4.40082e-06
-1.30575e-05
-1.33194e-06
1.50655e-06
-5.33893e-07
1.31637e-06
1.38691e-06
1.32971e-06
3.55431e-06
1.59737e-06
5.59345e-06
1.75905e-06
7.3699e-06
1.71545e-06
8.8228e-06
1.54142e-06
9.93761e-06
1.29923e-06
1.07232e-05
1.0294e-06
1.11968e-05
7.57651e-07
1.13765e-05
4.98569e-07
1.12807e-05
2.61498e-07
1.09301e-05
4.66224e-08
1.03247e-05
-1.2688e-07
9.43975e-06
-2.45896e-07
8.246e-06
-3.22159e-07
6.63329e-06
-3.65393e-07
4.32196e-06
-4.62227e-07
1.74437e-06
-1.82323e-06
-1.13131e-05
1.50655e-06
2.82292e-06
4.15263e-06
5.75e-06
7.50905e-06
9.2245e-06
1.07659e-05
1.20652e-05
1.30946e-05
1.38522e-05
1.43508e-05
1.46123e-05
1.46589e-05
1.4532e-05
1.42861e-05
1.3964e-05
1.35986e-05
1.31363e-05
1.13131e-05
)
;

boundaryField
{
    movingWall
    {
        type            calculated;
        value           uniform 0;
    }
    fixedWalls
    {
        type            calculated;
        value           uniform 0;
    }
    frontAndBack
    {
        type            empty;
    }
}


// ************************************************************************* //
