/*--------------------------------*- C++ -*----------------------------------*\
| =========                 |                                                 |
| \\      /  F ield         | OpenFOAM: The Open Source CFD Toolbox           |
|  \\    /   O peration     | Version:  2412                                  |
|   \\  /    A nd           | Website:  www.openfoam.com                      |
|    \\/     M anipulation  |                                                 |
\*---------------------------------------------------------------------------*/
FoamFile
{
    version     2.0;
    format      ascii;
    arch        "LSB;label=32;scalar=64";
    class       volVectorField;
    location    "18";
    object      U;
}
// * * * * * * * * * * * * * * * * * * * * * * * * * * * * * * * * * * * * * //

dimensions      [0 1 -1 0 0 0 0];

internalField   nonuniform List<vector> 
400
(
(0.00655514 -0.00870718 0)
(0.0155711 -0.00581548 0)
(0.016946 -0.00180203 0)
(0.00808718 0.0011416 0)
(-0.00845705 0.00660444 0)
(-0.0368398 0.0153095 0)
(-0.0737556 0.0215955 0)
(-0.111646 0.0223174 0)
(-0.144003 0.0179427 0)
(-0.16684 0.0107182 0)
(-0.177192 0.00268511 0)
(-0.172499 -0.00466185 0)
(-0.157069 -0.0111909 0)
(-0.130325 -0.0171772 0)
(-0.094751 -0.0215959 0)
(-0.054552 -0.0226832 0)
(-0.0150275 -0.0185279 0)
(0.0144203 -0.0105911 0)
(0.0248268 0.00162233 0)
(0.0127604 0.00828101 0)
(0.00268856 -0.0196049 0)
(0.00443683 -0.00505725 0)
(-0.00909717 0.0107182 0)
(-0.0379187 0.0273513 0)
(-0.0777263 0.0437714 0)
(-0.121793 0.0546038 0)
(-0.16134 0.0559084 0)
(-0.190645 0.0483653 0)
(-0.20902 0.0353088 0)
(-0.217773 0.0193578 0)
(-0.219236 0.00251331 0)
(-0.215614 -0.014166 0)
(-0.202906 -0.0306259 0)
(-0.181035 -0.0461595 0)
(-0.149998 -0.0584169 0)
(-0.111133 -0.0629108 0)
(-0.0677377 -0.0542932 0)
(-0.0268628 -0.0306197 0)
(0.00266017 0.00231889 0)
(0.00889925 0.0202803 0)
(-0.00607605 -0.0149008 0)
(-0.0180871 0.0139554 0)
(-0.0469831 0.0417403 0)
(-0.0867259 0.0672562 0)
(-0.129153 0.0853631 0)
(-0.165438 0.0904168 0)
(-0.191344 0.0826199 0)
(-0.208454 0.0661455 0)
(-0.219421 0.0454743 0)
(-0.225983 0.0234903 0)
(-0.228355 0.00101448 0)
(-0.22604 -0.0221956 0)
(-0.218635 -0.0462049 0)
(-0.205406 -0.0703381 0)
(-0.184885 -0.0921097 0)
(-0.1552 -0.105718 0)
(-0.115015 -0.102118 0)
(-0.0667202 -0.0727545 0)
(-0.0209514 -0.0214693 0)
(0.00234304 0.0198501 0)
(-0.0137627 0.00491456 0)
(-0.038346 0.0432459 0)
(-0.0749848 0.0791771 0)
(-0.114867 0.10708 0)
(-0.14914 0.11992 0)
(-0.173191 0.115869 0)
(-0.188149 0.0996039 0)
(-0.197032 0.0770319 0)
(-0.201959 0.0521986 0)
(-0.204083 0.0270217 0)
(-0.204013 0.00175285 0)
(-0.202295 -0.0241376 0)
(-0.19932 -0.051384 0)
(-0.194627 -0.0805334 0)
(-0.186708 -0.110359 0)
(-0.172019 -0.135936 0)
(-0.144781 -0.146543 0)
(-0.100842 -0.126543 0)
(-0.046451 -0.0668626 0)
(-0.00248695 0.00577571 0)
(-0.0182884 0.0341875 0)
(-0.0494483 0.0779127 0)
(-0.0866521 0.115842 0)
(-0.120477 0.139842 0)
(-0.144699 0.143823 0)
(-0.158864 0.130786 0)
(-0.165676 0.107873 0)
(-0.167894 0.0811565 0)
(-0.167593 0.0540268 0)
(-0.166155 0.0276784 0)
(-0.164502 0.00202028 0)
(-0.163124 -0.0237518 0)
(-0.161584 -0.0508536 0)
(-0.16046 -0.080381 0)
(-0.159953 -0.113019 0)
(-0.158106 -0.147048 0)
(-0.147912 -0.174218 0)
(-0.119027 -0.175423 0)
(-0.0689796 -0.124905 0)
(-0.0135766 -0.0233602 0)
(-0.0191575 0.06721 0)
(-0.0506442 0.112557 0)
(-0.0837619 0.147676 0)
(-0.109971 0.164263 0)
(-0.12588 0.158852 0)
(-0.133123 0.137929 0)
(-0.134878 0.109855 0)
(-0.134165 0.0805453 0)
(-0.133132 0.0525049 0)
(-0.132436 0.0259513 0)
(-0.131641 0.000113081 0)
(-0.130362 -0.0258168 0)
(-0.128479 -0.0525078 0)
(-0.126346 -0.0804885 0)
(-0.125338 -0.110972 0)
(-0.126871 -0.145524 0)
(-0.127844 -0.182626 0)
(-0.116294 -0.207515 0)
(-0.0804522 -0.182826 0)
(-0.0259969 -0.0706305 0)
(-0.0170034 0.0993275 0)
(-0.0445236 0.143367 0)
(-0.0713419 0.173179 0)
(-0.090416 0.181585 0)
(-0.10026 0.167779 0)
(-0.103437 0.140662 0)
(-0.103297 0.109519 0)
(-0.102822 0.0795853 0)
(-0.103224 0.0518979 0)
(-0.103906 0.0253972 0)
(-0.103963 -0.0010547 0)
(-0.103317 -0.0280056 0)
(-0.102108 -0.05564 0)
(-0.0998394 -0.0839292 0)
(-0.0968412 -0.112797 0)
(-0.0952774 -0.143533 0)
(-0.0973541 -0.180019 0)
(-0.0969522 -0.220327 0)
(-0.0784798 -0.228451 0)
(-0.0322568 -0.126535 0)
(-0.0130995 0.126587 0)
(-0.0341302 0.167978 0)
(-0.0538464 0.192097 0)
(-0.0668529 0.193367 0)
(-0.0725872 0.172958 0)
(-0.0738162 0.141729 0)
(-0.0735868 0.109393 0)
(-0.0740151 0.079927 0)
(-0.0749905 0.0527318 0)
(-0.0754959 0.0261459 0)
(-0.0754491 -0.000615194 0)
(-0.075556 -0.0279994 0)
(-0.0757372 -0.0565079 0)
(-0.0752456 -0.086374 0)
(-0.0731726 -0.11668 0)
(-0.0698419 -0.146175 0)
(-0.0686006 -0.177421 0)
(-0.0701243 -0.220037 0)
(-0.0670662 -0.256643 0)
(-0.0314441 -0.181451 0)
(-0.00822218 0.146175 0)
(-0.0216658 0.185176 0)
(-0.0342852 0.204717 0)
(-0.0421409 0.200847 0)
(-0.0451398 0.176017 0)
(-0.045597 0.142444 0)
(-0.0457515 0.109811 0)
(-0.0466186 0.0807066 0)
(-0.0473826 0.0534186 0)
(-0.0473824 0.02649 0)
(-0.0472087 -0.000210979 0)
(-0.047789 -0.0271819 0)
(-0.048883 -0.0556188 0)
(-0.0499019 -0.0862806 0)
(-0.049919 -0.118619 0)
(-0.0476824 -0.150137 0)
(-0.0457325 -0.178876 0)
(-0.043803 -0.215488 0)
(-0.0517158 -0.268101 0)
(-0.0260639 -0.229096 0)
(-0.00281184 0.156578 0)
(-0.00841346 0.194822 0)
(-0.014184 0.211472 0)
(-0.0175518 0.204888 0)
(-0.0185577 0.177799 0)
(-0.0187088 0.143148 0)
(-0.0191353 0.110405 0)
(-0.0200548 0.0812892 0)
(-0.0206074 0.0536655 0)
(-0.0206436 0.0265051 0)
(-0.0208423 7.65761e-05 0)
(-0.0217883 -0.0262923 0)
(-0.0233746 -0.054271 0)
(-0.025026 -0.0849013 0)
(-0.026583 -0.118239 0)
(-0.0259476 -0.152032 0)
(-0.0267933 -0.181746 0)
(-0.021792 -0.211967 0)
(-0.0364425 -0.2671 0)
(-0.0186608 -0.266378 0)
(0.00342124 0.158155 0)
(0.00523268 0.196905 0)
(0.00555058 0.21266 0)
(0.0065044 0.205785 0)
(0.00736107 0.178722 0)
(0.00744932 0.143834 0)
(0.00691932 0.111016 0)
(0.00610366 0.0818222 0)
(0.00562226 0.054156 0)
(0.00519155 0.0271692 0)
(0.00436265 0.00113495 0)
(0.0031632 -0.0248412 0)
(0.00110346 -0.0524258 0)
(-0.000970815 -0.082768 0)
(-0.00362529 -0.116332 0)
(-0.0044467 -0.151158 0)
(-0.00908931 -0.182458 0)
(-0.00444388 -0.209575 0)
(-0.0229714 -0.25848 0)
(-0.0110983 -0.292991 0)
(0.0101571 0.147142 0)
(0.0190316 0.194528 0)
(0.0245451 0.208796 0)
(0.0297774 0.203354 0)
(0.032989 0.178458 0)
(0.0337037 0.144594 0)
(0.0331741 0.111666 0)
(0.0324844 0.0822218 0)
(0.0320416 0.0548093 0)
(0.031308 0.0284362 0)
(0.0300431 0.00286648 0)
(0.0283418 -0.0229067 0)
(0.0258945 -0.0500913 0)
(0.023104 -0.0799879 0)
(0.0195223 -0.113173 0)
(0.0164974 -0.147752 0)
(0.00881552 -0.179079 0)
(0.0092099 -0.205638 0)
(-0.0118565 -0.245976 0)
(-0.00435329 -0.309858 0)
(0.0159486 0.12619 0)
(0.0317525 0.185651 0)
(0.0424958 0.20063 0)
(0.051828 0.197191 0)
(0.0581644 0.176111 0)
(0.0605745 0.144772 0)
(0.0605834 0.112272 0)
(0.060005 0.0825308 0)
(0.0595048 0.0552888 0)
(0.0586362 0.029534 0)
(0.0571594 0.00452585 0)
(0.0550585 -0.0206725 0)
(0.052088 -0.0472003 0)
(0.0484789 -0.076311 0)
(0.0434788 -0.108342 0)
(0.0378293 -0.141513 0)
(0.0266448 -0.171316 0)
(0.0210828 -0.197312 0)
(-0.00345527 -0.231674 0)
(0.000982683 -0.317548 0)
(0.0190203 0.0980184 0)
(0.0415959 0.168782 0)
(0.0583711 0.188384 0)
(0.0718286 0.187299 0)
(0.0819438 0.170537 0)
(0.0875967 0.143178 0)
(0.0896008 0.112471 0)
(0.0898155 0.0830188 0)
(0.0894075 0.0559262 0)
(0.0884532 0.0306743 0)
(0.0867871 0.00639411 0)
(0.0843647 -0.0179646 0)
(0.0808502 -0.043513 0)
(0.0761246 -0.0712536 0)
(0.069047 -0.101193 0)
(0.0600506 -0.131598 0)
(0.0441454 -0.158569 0)
(0.0329215 -0.183431 0)
(0.00235412 -0.216506 0)
(0.00468715 -0.316065 0)
(0.0178402 0.06607 0)
(0.0464757 0.1433 0)
(0.0697146 0.171084 0)
(0.0878922 0.173301 0)
(0.102472 0.160544 0)
(0.11286 0.137892 0)
(0.118913 0.110632 0)
(0.121736 0.0829283 0)
(0.122591 0.0567002 0)
(0.122099 0.0321789 0)
(0.120437 0.00876511 0)
(0.117559 -0.0144866 0)
(0.113051 -0.0385087 0)
(0.106459 -0.0640281 0)
(0.0962864 -0.0907776 0)
(0.083065 -0.117242 0)
(0.0615326 -0.140507 0)
(0.0451636 -0.163761 0)
(0.00680728 -0.194877 0)
(0.0081441 -0.309874 0)
(0.0120997 0.0365249 0)
(0.0437464 0.11157 0)
(0.0731366 0.147888 0)
(0.0972378 0.154833 0)
(0.117185 0.145633 0)
(0.133363 0.127365 0)
(0.145131 0.104463 0)
(0.152643 0.0801461 0)
(0.156701 0.0562942 0)
(0.158025 0.0335746 0)
(0.157028 0.011848 0)
(0.153634 -0.00953267 0)
(0.14752 -0.0312369 0)
(0.138087 -0.0535453 0)
(0.123753 -0.0760304 0)
(0.105635 -0.0977741 0)
(0.0779276 -0.117319 0)
(0.0585743 -0.139579 0)
(0.0115948 -0.168645 0)
(0.0135151 -0.302419 0)
(0.00339525 0.00886459 0)
(0.0321645 0.0753884 0)
(0.0648499 0.116137 0)
(0.0955299 0.128716 0)
(0.1226 0.123914 0)
(0.145562 0.110051 0)
(0.163804 0.0917733 0)
(0.177111 0.071813 0)
(0.185767 0.0517673 0)
(0.190205 0.0323578 0)
(0.190739 0.0137314 0)
(0.18738 -0.00437619 0)
(0.179712 -0.0221052 0)
(0.167234 -0.0395426 0)
(0.148661 -0.0564988 0)
(0.12592 -0.0729013 0)
(0.0923273 -0.0889822 0)
(0.0740987 -0.110689 0)
(0.0136759 -0.140731 0)
(0.0226392 -0.300474 0)
(-0.00712781 0.0172289 0)
(0.0151035 0.0555991 0)
(0.0447818 0.0851391 0)
(0.0799461 0.0977269 0)
(0.114931 0.0967602 0)
(0.145874 0.0875618 0)
(0.171252 0.0741825 0)
(0.190674 0.0591414 0)
(0.204262 0.0438698 0)
(0.212298 0.0290597 0)
(0.214986 0.0149752 0)
(0.212507 0.00168601 0)
(0.204569 -0.0108113 0)
(0.1906 -0.0224675 0)
(0.170161 -0.0333823 0)
(0.145531 -0.0438952 0)
(0.108626 -0.0553105 0)
(0.0943907 -0.0733497 0)
(0.00212125 -0.109302 0)
(0.0425409 -0.295684 0)
(-0.0276598 -0.0230337 0)
(-0.0222067 0.00831269 0)
(0.00836327 0.0341193 0)
(0.0490931 0.0497761 0)
(0.0912582 0.0553222 0)
(0.130001 0.05338 0)
(0.162776 0.0471254 0)
(0.188754 0.0388671 0)
(0.20791 0.0299465 0)
(0.220546 0.0211062 0)
(0.227096 0.0127195 0)
(0.227943 0.00503589 0)
(0.223246 -0.00181238 0)
(0.214234 -0.00769283 0)
(0.199108 -0.0124402 0)
(0.179587 -0.0163368 0)
(0.147446 -0.0201297 0)
(0.137083 -0.0271869 0)
(-0.00719116 -0.0611561 0)
(0.116222 -0.241634 0)
(0.0322557 0.110971 0)
(0.0437017 0.0695529 0)
(0.0676725 0.0350729 0)
(0.097999 0.0206066 0)
(0.131913 0.0163831 0)
(0.167006 0.0150392 0)
(0.200204 0.0139512 0)
(0.229144 0.0124904 0)
(0.252714 0.0106926 0)
(0.270689 0.00874433 0)
(0.283253 0.00680606 0)
(0.290783 0.00499028 0)
(0.293848 0.00332425 0)
(0.292774 0.00195148 0)
(0.288575 0.000997541 0)
(0.283819 0.000597497 0)
(0.271799 0.000458682 0)
(0.274879 0.00112559 0)
(0.178618 0.00115473 0)
(0.422093 -0.0953827 0)
)
;

boundaryField
{
    movingWall
    {
        type            fixedValue;
        value           uniform (1 0 0);
    }
    fixedWalls
    {
        type            noSlip;
    }
    frontAndBack
    {
        type            empty;
    }
}


// ************************************************************************* //
