/*--------------------------------*- C++ -*----------------------------------*\
| =========                 |                                                 |
| \\      /  F ield         | OpenFOAM: The Open Source CFD Toolbox           |
|  \\    /   O peration     | Version:  2412                                  |
|   \\  /    A nd           | Website:  www.openfoam.com                      |
|    \\/     M anipulation  |                                                 |
\*---------------------------------------------------------------------------*/
FoamFile
{
    version     2.0;
    format      ascii;
    arch        "LSB;label=32;scalar=64";
    class       volScalarField;
    location    "14";
    object      k;
}
// * * * * * * * * * * * * * * * * * * * * * * * * * * * * * * * * * * * * * //

dimensions      [0 2 -2 0 0 0 0];

internalField   nonuniform List<scalar> 
400
(
0.000281984
0.000299075
0.000340022
0.000442974
0.000741871
0.00126393
0.0016921
0.00190131
0.0019842
0.00200298
0.00195623
0.00187739
0.00181113
0.00174899
0.00165523
0.00152338
0.00128479
0.0009954
0.000666982
0.000411002
0.000453036
0.000506618
0.000767747
0.00131358
0.0015773
0.00166586
0.00168763
0.00169307
0.00159493
0.0015554
0.00155367
0.00168494
0.00181157
0.00199821
0.00212061
0.00216893
0.00203835
0.00178951
0.000852238
0.000439014
0.000648297
0.00112022
0.00145782
0.00159802
0.00156229
0.00149337
0.00127756
0.000973026
0.000815335
0.000763174
0.000742573
0.000781043
0.000923962
0.00114902
0.00151212
0.00187616
0.00205474
0.00207433
0.0014904
0.000525124
0.0009148
0.00156297
0.00165909
0.00153457
0.00135138
0.000966306
0.000608504
0.00044484
0.000350558
0.000308099
0.000291796
0.000302609
0.000374389
0.000499145
0.000766329
0.001268
0.00185933
0.00213234
0.00212598
0.000756489
0.00115385
0.00174521
0.00162865
0.00131894
0.000889172
0.000487729
0.00029641
0.000209516
0.000160054
0.000139854
0.000132594
0.000138962
0.000170416
0.000231463
0.000366414
0.000661077
0.00132203
0.00210489
0.0024015
0.00151779
0.00133803
0.00185185
0.001505
0.00097612
0.000500045
0.000266024
0.000158573
0.000114057
9.02392e-05
8.14981e-05
7.87897e-05
8.32332e-05
9.73603e-05
0.00012684
0.000193593
0.000354713
0.000756122
0.00172803
0.00252646
0.00247372
0.00145896
0.00182967
0.00129957
0.000674189
0.000308523
0.000162189
9.99431e-05
7.57199e-05
6.44167e-05
6.03328e-05
5.91969e-05
6.19506e-05
6.98446e-05
8.66033e-05
0.000124417
0.000219609
0.00047938
0.00115307
0.00257452
0.00319707
0.00155802
0.00176895
0.00108526
0.000481419
0.000211636
0.000112612
7.45335e-05
5.9959e-05
5.37703e-05
5.13298e-05
5.06188e-05
5.22511e-05
5.74775e-05
6.80773e-05
9.11523e-05
0.000149035
0.000325139
0.000893952
0.00227605
0.00367796
0.00163583
0.00165173
0.000949065
0.000386618
0.000167054
9.08526e-05
6.32973e-05
5.2847e-05
4.85154e-05
4.66847e-05
4.61393e-05
4.74382e-05
5.1419e-05
5.93525e-05
7.63144e-05
0.000119192
0.000240199
0.000677499
0.00212694
0.00402099
0.00170366
0.00157078
0.000848619
0.000333312
0.000141705
7.87593e-05
5.72152e-05
4.93193e-05
4.5875e-05
4.43139e-05
4.38677e-05
4.50379e-05
4.79714e-05
5.43791e-05
6.82998e-05
0.000103553
0.000199879
0.000546287
0.00192041
0.00426117
0.00177954
0.00148771
0.000847363
0.000338008
0.000143336
7.914e-05
5.70619e-05
4.86141e-05
4.50177e-05
4.33936e-05
4.31269e-05
4.41156e-05
4.64327e-05
5.20205e-05
6.47818e-05
9.82641e-05
0.000185859
0.000490119
0.00181602
0.00445397
0.00180839
0.0014915
0.000871502
0.000364885
0.000155762
8.4121e-05
5.90463e-05
4.94685e-05
4.54387e-05
4.36284e-05
4.34311e-05
4.39912e-05
4.59857e-05
5.12199e-05
6.37419e-05
9.70962e-05
0.000183121
0.000469609
0.00174614
0.0046186
0.00178517
0.00151881
0.000939756
0.000428404
0.000187545
9.82904e-05
6.53869e-05
5.25322e-05
4.72151e-05
4.483e-05
4.4823e-05
4.55164e-05
4.76659e-05
5.31791e-05
6.74093e-05
0.000106517
0.000202121
0.000481296
0.00172593
0.00478649
0.00169892
0.00155896
0.00105509
0.000545335
0.000257765
0.000130542
8.11064e-05
6.08764e-05
5.24661e-05
4.86934e-05
4.88029e-05
4.99831e-05
5.32075e-05
6.09236e-05
7.9516e-05
0.000127348
0.000233836
0.000536445
0.00184303
0.00497893
0.00149572
0.00153721
0.00129198
0.000725753
0.000372189
0.0001982
0.00011868
8.2754e-05
6.71264e-05
5.93593e-05
5.91394e-05
6.08977e-05
6.60442e-05
7.79124e-05
0.000104188
0.000168603
0.000290878
0.000610829
0.00201414
0.00525413
0.00113713
0.00148211
0.00138671
0.00107192
0.000605701
0.0003437
0.000210208
0.000142158
0.000109384
9.21541e-05
8.75328e-05
8.99445e-05
9.84049e-05
0.000118014
0.000157308
0.000249197
0.000383376
0.000747893
0.00230935
0.0056381
0.000692717
0.00132568
0.0013813
0.00127836
0.00101721
0.000700893
0.000467568
0.000320362
0.000241139
0.000200507
0.000178711
0.000180213
0.000191393
0.000220012
0.000273724
0.000388483
0.000548218
0.0010074
0.00279519
0.00618933
0.000608653
0.00114855
0.00142689
0.0014345
0.00133881
0.00111622
0.000883794
0.000702171
0.000569682
0.000489472
0.000438096
0.000423322
0.000434719
0.00047055
0.000548933
0.000705983
0.000937178
0.00160092
0.00358235
0.00697946
0.00118047
0.00156805
0.00189374
0.00200766
0.00200702
0.0019427
0.00179499
0.00163218
0.00150728
0.00141776
0.00138514
0.00139924
0.00144329
0.00155999
0.00175801
0.00210511
0.0024429
0.00327812
0.00467983
0.00817648
0.00540866
0.00849932
0.00992295
0.00986614
0.00959768
0.00922126
0.00892077
0.00869163
0.00854517
0.00846678
0.00847894
0.00853017
0.00866063
0.00879358
0.00897402
0.00908216
0.00930097
0.00942515
0.010027
0.00938142
)
;

boundaryField
{
    movingWall
    {
        type            kqRWallFunction;
        value           nonuniform List<scalar> 
20
(
0.00540866
0.00849932
0.00992295
0.00986614
0.00959768
0.00922126
0.00892077
0.00869163
0.00854517
0.00846678
0.00847894
0.00853017
0.00866063
0.00879358
0.00897402
0.00908216
0.00930097
0.00942515
0.010027
0.00938142
)
;
    }
    fixedWalls
    {
        type            kqRWallFunction;
        value           nonuniform List<scalar> 
60
(
0.000281984
0.000453036
0.000648297
0.0009148
0.00115385
0.00133803
0.00145896
0.00155802
0.00163583
0.00170366
0.00177954
0.00180839
0.00178517
0.00169892
0.00149572
0.00113713
0.000692717
0.000608653
0.00118047
0.00540866
0.000411002
0.000439014
0.000525124
0.000756489
0.00151779
0.00247372
0.00319707
0.00367796
0.00402099
0.00426117
0.00445397
0.0046186
0.00478649
0.00497893
0.00525413
0.0056381
0.00618933
0.00697946
0.00817648
0.00938142
0.000281984
0.000299075
0.000340022
0.000442974
0.000741871
0.00126393
0.0016921
0.00190131
0.0019842
0.00200298
0.00195623
0.00187739
0.00181113
0.00174899
0.00165523
0.00152338
0.00128479
0.0009954
0.000666982
0.000411002
)
;
    }
    frontAndBack
    {
        type            empty;
    }
}


// ************************************************************************* //
