/*--------------------------------*- C++ -*----------------------------------*\
| =========                 |                                                 |
| \\      /  F ield         | OpenFOAM: The Open Source CFD Toolbox           |
|  \\    /   O peration     | Version:  2412                                  |
|   \\  /    A nd           | Website:  www.openfoam.com                      |
|    \\/     M anipulation  |                                                 |
\*---------------------------------------------------------------------------*/
FoamFile
{
    version     2.0;
    format      ascii;
    arch        "LSB;label=32;scalar=64";
    class       volScalarField;
    location    "14";
    object      nut;
}
// * * * * * * * * * * * * * * * * * * * * * * * * * * * * * * * * * * * * * //

dimensions      [0 2 -1 0 0 0 0];

internalField   nonuniform List<scalar> 
400
(
9.42612e-06
9.70752e-06
1.03507e-05
1.18149e-05
1.52901e-05
1.99577e-05
2.30931e-05
2.44789e-05
2.50079e-05
2.51256e-05
2.4831e-05
2.43257e-05
2.38928e-05
2.34795e-05
2.28411e-05
2.19126e-05
2.01228e-05
1.77118e-05
1.44982e-05
1.13808e-05
1.19481e-05
1.99296e-05
2.29493e-05
2.93102e-05
2.94752e-05
2.90234e-05
2.86598e-05
3.31828e-05
3.52869e-05
3.7054e-05
3.83946e-05
4.14625e-05
4.14214e-05
4.27879e-05
4.2698e-05
4.26211e-05
3.91335e-05
4.12037e-05
2.45647e-05
1.17622e-05
1.42933e-05
3.5912e-05
3.5007e-05
3.41682e-05
3.14897e-05
3.21739e-05
3.60501e-05
2.81461e-05
2.37419e-05
2.2699e-05
2.17861e-05
2.09281e-05
2.33636e-05
2.62141e-05
3.15455e-05
3.55382e-05
3.65554e-05
3.59115e-05
3.14803e-05
1.28638e-05
1.69794e-05
4.15395e-05
4.03891e-05
3.45071e-05
3.37137e-05
3.10881e-05
1.95443e-05
1.52724e-05
1.18908e-05
1.06465e-05
9.89229e-06
9.30688e-06
1.0751e-05
1.27309e-05
1.74414e-05
2.51639e-05
3.11345e-05
3.29704e-05
3.2473e-05
1.54399e-05
1.90689e-05
4.41281e-05
4.05601e-05
3.39359e-05
2.96904e-05
1.7737e-05
1.08403e-05
8.54602e-06
6.6294e-06
6.1666e-06
5.8619e-06
5.6962e-06
6.25937e-06
7.22607e-06
9.60114e-06
1.45165e-05
2.5243e-05
3.08533e-05
3.2054e-05
2.18702e-05
2.05356e-05
4.83778e-05
3.97235e-05
3.06116e-05
1.81964e-05
1.10367e-05
6.82341e-06
6.00711e-06
5.28826e-06
5.42818e-06
5.45385e-06
5.46664e-06
5.32154e-06
5.41137e-06
6.14123e-06
8.49672e-06
1.42407e-05
2.76104e-05
3.14803e-05
2.79215e-05
2.14439e-05
4.89433e-05
3.76223e-05
2.40241e-05
1.23355e-05
7.73573e-06
5.44678e-06
5.59071e-06
5.86739e-06
6.51337e-06
6.7893e-06
6.82379e-06
6.32768e-06
6.02373e-06
6.07384e-06
7.18054e-06
1.06193e-05
1.8902e-05
3.16076e-05
3.17431e-05
2.21603e-05
5.01432e-05
3.43776e-05
1.85419e-05
9.41815e-06
6.23094e-06
5.36776e-06
6.1826e-06
7.30551e-06
8.33149e-06
8.7734e-06
8.76963e-06
7.83846e-06
6.83623e-06
6.07145e-06
6.17035e-06
8.43743e-06
1.52532e-05
2.80604e-05
3.40474e-05
2.27071e-05
4.85074e-05
3.24256e-05
1.57421e-05
8.09802e-06
5.71814e-06
5.6683e-06
7.00767e-06
8.71337e-06
1.00126e-05
1.05362e-05
1.04101e-05
9.30354e-06
8.0941e-06
7.18251e-06
7.13907e-06
8.29477e-06
1.36698e-05
2.67329e-05
3.55998e-05
2.3173e-05
4.85427e-05
3.06876e-05
1.46361e-05
7.54874e-06
5.61103e-06
6.08921e-06
7.92277e-06
9.93785e-06
1.12785e-05
1.1789e-05
1.13779e-05
1.00417e-05
8.53974e-06
7.24859e-06
6.97979e-06
8.17798e-06
1.24735e-05
2.52474e-05
3.66478e-05
2.36833e-05
4.3337e-05
3.19329e-05
1.51163e-05
7.74491e-06
5.66072e-06
6.04677e-06
7.67895e-06
9.62148e-06
1.12021e-05
1.22232e-05
1.16818e-05
1.02383e-05
8.7296e-06
7.41551e-06
7.1861e-06
8.4181e-06
1.26486e-05
2.53978e-05
3.74677e-05
2.38745e-05
4.09504e-05
3.26259e-05
1.64175e-05
8.39337e-06
5.85267e-06
5.90705e-06
7.26181e-06
9.02305e-06
1.05134e-05
1.12743e-05
1.09503e-05
1.00556e-05
8.62768e-06
7.35419e-06
7.1568e-06
8.42994e-06
1.25762e-05
2.58944e-05
3.81538e-05
2.37207e-05
3.72619e-05
3.40982e-05
1.90423e-05
9.8362e-06
6.40233e-06
5.77545e-06
6.52531e-06
7.82168e-06
9.05028e-06
9.66581e-06
9.41147e-06
8.639e-06
7.58656e-06
6.87081e-06
7.20729e-06
8.74544e-06
1.25537e-05
2.62889e-05
3.8841e-05
2.31405e-05
3.31589e-05
3.45716e-05
2.26378e-05
1.29439e-05
7.72474e-06
6.0276e-06
5.92763e-06
6.53398e-06
7.30569e-06
7.80574e-06
7.7392e-06
7.42512e-06
7.0414e-06
6.96459e-06
7.73009e-06
9.29401e-06
1.31455e-05
2.77901e-05
3.96142e-05
2.17124e-05
2.93545e-05
4.15874e-05
2.8663e-05
1.71289e-05
1.05812e-05
7.43563e-06
6.21721e-06
6.02398e-06
6.12426e-06
6.55465e-06
6.6186e-06
6.70683e-06
6.85503e-06
7.37359e-06
8.65355e-06
1.00866e-05
1.36332e-05
2.83911e-05
4.06944e-05
1.89316e-05
2.89424e-05
3.40323e-05
3.82252e-05
2.55592e-05
1.63603e-05
1.12548e-05
8.5449e-06
7.37402e-06
6.74721e-06
6.85634e-06
7.00375e-06
7.41725e-06
7.81023e-06
8.72915e-06
1.03076e-05
1.09212e-05
1.46464e-05
3.0649e-05
4.21553e-05
1.47762e-05
2.82638e-05
3.32939e-05
3.83105e-05
3.85609e-05
3.14903e-05
2.30029e-05
1.65593e-05
1.31891e-05
1.14367e-05
1.05543e-05
1.05849e-05
1.07812e-05
1.05258e-05
1.08109e-05
1.12821e-05
1.17992e-05
1.64699e-05
3.36023e-05
4.4168e-05
1.38507e-05
2.71792e-05
3.40851e-05
3.70758e-05
3.95504e-05
3.66969e-05
3.12707e-05
2.60102e-05
2.14417e-05
1.84144e-05
1.59656e-05
1.4636e-05
1.39758e-05
1.27434e-05
1.22828e-05
1.22623e-05
1.41821e-05
2.08686e-05
3.76965e-05
4.69028e-05
1.92887e-05
2.20604e-05
2.62048e-05
2.85362e-05
2.93628e-05
2.94922e-05
2.74134e-05
2.44223e-05
2.18987e-05
1.96438e-05
1.84871e-05
1.80677e-05
1.80656e-05
1.84417e-05
1.91955e-05
2.16378e-05
2.44303e-05
3.15915e-05
3.90645e-05
5.07659e-05
4.12881e-05
5.17573e-05
5.59247e-05
5.57647e-05
5.50012e-05
5.39118e-05
5.3026e-05
5.23406e-05
5.18976e-05
5.16591e-05
5.16964e-05
5.18516e-05
5.2248e-05
5.26471e-05
5.31848e-05
5.35024e-05
5.41458e-05
5.45045e-05
5.62187e-05
5.43783e-05
)
;

boundaryField
{
    movingWall
    {
        type            nutkWallFunction;
        blending        stepwise;
        value           nonuniform List<scalar> 
20
(
0
7.4267e-07
1.42395e-06
1.39789e-06
1.27353e-06
1.09574e-06
9.50791e-07
8.38361e-07
7.65595e-07
7.26357e-07
7.3246e-07
7.58106e-07
8.23016e-07
8.88591e-07
9.76684e-07
1.02899e-06
1.13374e-06
1.19255e-06
1.47147e-06
1.17189e-06
)
;
    }
    fixedWalls
    {
        type            nutkWallFunction;
        blending        stepwise;
        value           nonuniform List<scalar> 
60
(
0
0
0
0
0
0
0
0
0
0
0
0
0
0
0
0
0
0
0
0
0
0
0
0
0
0
0
0
0
0
0
0
0
0
0
0
0
0
5.79187e-07
1.17189e-06
0
0
0
0
0
0
0
0
0
0
0
0
0
0
0
0
0
0
0
0
)
;
    }
    frontAndBack
    {
        type            empty;
    }
}


// ************************************************************************* //
