/*--------------------------------*- C++ -*----------------------------------*\
| =========                 |                                                 |
| \\      /  F ield         | OpenFOAM: The Open Source CFD Toolbox           |
|  \\    /   O peration     | Version:  2412                                  |
|   \\  /    A nd           | Website:  www.openfoam.com                      |
|    \\/     M anipulation  |                                                 |
\*---------------------------------------------------------------------------*/
FoamFile
{
    version     2.0;
    format      ascii;
    arch        "LSB;label=32;scalar=64";
    class       volScalarField;
    location    "14";
    object      p;
}
// * * * * * * * * * * * * * * * * * * * * * * * * * * * * * * * * * * * * * //

dimensions      [0 2 -2 0 0 0 0];

internalField   nonuniform List<scalar> 
400
(
5.30096e-08
-0.00025768
-0.000486948
-0.000649534
-0.000820502
-0.00126093
-0.00214203
-0.00351854
-0.00511106
-0.00642231
-0.00690672
-0.00593791
-0.00334891
0.000135237
0.00326954
0.00484125
0.00461792
0.0032018
0.00248494
0.00251058
-4.20812e-05
-0.000363736
-0.000419317
-0.000464731
-0.000729349
-0.00148131
-0.00304398
-0.00530938
-0.0076549
-0.00928513
-0.00957045
-0.00844059
-0.00598198
-0.00257762
0.000797166
0.00298036
0.00339644
0.00256497
0.00194516
0.00208214
0.000372862
-3.77148e-05
-0.000284999
-0.000758205
-0.00194531
-0.00404398
-0.00682951
-0.00975066
-0.0122415
-0.0138471
-0.0142251
-0.0133174
-0.0110894
-0.00777882
-0.00400177
-0.000673138
0.00137029
0.00198132
0.00187893
0.00174068
0.001233
0.000556195
-0.000347691
-0.00204662
-0.00482757
-0.00837083
-0.0120269
-0.0152722
-0.017779
-0.0193266
-0.0197786
-0.0190327
-0.0171406
-0.0141941
-0.0104308
-0.00626609
-0.00227888
0.000681598
0.00173869
0.00154554
0.00171011
0.000631881
-0.00123784
-0.00439686
-0.00860572
-0.013081
-0.017124
-0.0203755
-0.0226845
-0.0239937
-0.0243178
-0.023703
-0.0221764
-0.0197407
-0.0164476
-0.012343
-0.00738864
-0.0021549
0.00101988
0.00118856
0.00110148
-0.000425435
-0.00321829
-0.00751389
-0.0125828
-0.0174
-0.0213832
-0.0243658
-0.0263797
-0.0274936
-0.0277612
-0.0272722
-0.0259939
-0.0239237
-0.0210801
-0.0174513
-0.0126982
-0.0064572
-0.000958434
0.000157189
-0.000786976
-0.00260757
-0.0059944
-0.0109041
-0.0162637
-0.0210073
-0.0247196
-0.0274136
-0.0292359
-0.0302807
-0.0305766
-0.0301712
-0.0290345
-0.0271604
-0.024561
-0.0212906
-0.0171573
-0.0113191
-0.00462853
-0.00202974
-0.00342934
-0.00532639
-0.00894011
-0.0140197
-0.0193111
-0.023802
-0.0272269
-0.0297133
-0.0314272
-0.0324323
-0.0327453
-0.0324036
-0.0313904
-0.0296768
-0.0272353
-0.024138
-0.0204882
-0.0156533
-0.00938323
-0.00534111
-0.0059554
-0.00781073
-0.0114251
-0.0164347
-0.0215265
-0.0257524
-0.0289472
-0.0312875
-0.0329173
-0.033873
-0.0341783
-0.0338894
-0.0329886
-0.0314374
-0.0291705
-0.0261986
-0.0228344
-0.0188592
-0.0139971
-0.00911038
-0.00765477
-0.00949026
-0.0130246
-0.0178921
-0.0228128
-0.0268552
-0.0299064
-0.0321558
-0.0337278
-0.0346475
-0.0349454
-0.0346861
-0.0338529
-0.0324125
-0.0302991
-0.0274597
-0.0242995
-0.0208186
-0.0174561
-0.012463
-0.00814239
-0.0101518
-0.0135767
-0.0182915
-0.0231296
-0.0271209
-0.030132
-0.0323532
-0.0339086
-0.0348215
-0.0351197
-0.034864
-0.0340414
-0.0326261
-0.0305736
-0.0278167
-0.0248012
-0.0215302
-0.01936
-0.014781
-0.00760521
-0.00972428
-0.0130764
-0.0176415
-0.0224577
-0.0265348
-0.0296273
-0.0319021
-0.0334955
-0.034437
-0.0347451
-0.0344743
-0.0336098
-0.0321305
-0.0300071
-0.0272147
-0.0241938
-0.0209669
-0.0196162
-0.01584
-0.00653464
-0.00832917
-0.0116211
-0.0160196
-0.0207851
-0.0250094
-0.0283104
-0.0307525
-0.0324565
-0.0334662
-0.0338001
-0.0335
-0.0325434
-0.0309042
-0.0285719
-0.0255695
-0.0223815
-0.0192042
-0.0179624
-0.0154152
-0.00530333
-0.00647424
-0.00950601
-0.0135997
-0.0181754
-0.022513
-0.0261083
-0.0288414
-0.0307565
-0.0318948
-0.032277
-0.0319319
-0.0308252
-0.0289232
-0.0262464
-0.0228764
-0.0193838
-0.0160336
-0.0147471
-0.012892
-0.00424507
-0.0047389
-0.00709311
-0.010601
-0.0147704
-0.0190844
-0.0229649
-0.0260733
-0.0283071
-0.0296555
-0.0301208
-0.0297152
-0.0284042
-0.0261594
-0.0230582
-0.0192613
-0.0154487
-0.0118168
-0.010288
-0.00788705
-0.00351423
-0.00348029
-0.00471831
-0.00722562
-0.0107578
-0.0148877
-0.0189539
-0.02243
-0.025041
-0.026671
-0.0272673
-0.0268121
-0.0252884
-0.0226963
-0.0191888
-0.0150205
-0.0110245
-0.00717921
-0.00543461
-0.00224708
-0.00315124
-0.00281409
-0.00271549
-0.0038305
-0.00651957
-0.0103324
-0.0144661
-0.0182353
-0.0212081
-0.0231477
-0.02393
-0.0234988
-0.0218302
-0.0189746
-0.0151469
-0.0106557
-0.00646075
-0.00231699
-0.00139201
0.000276071
-0.00232795
-0.00205653
-0.000752534
-0.000538305
-0.00239734
-0.00586817
-0.0100192
-0.0140366
-0.0173536
-0.0196234
-0.0206548
-0.0203536
-0.0187298
-0.0157989
-0.011792
-0.00695659
-0.00212964
0.0031791
0.00266403
0.00248917
-0.00367626
-0.00212241
0.00053403
0.001631
0.000464853
-0.00259741
-0.00666208
-0.0108275
-0.0144079
-0.0169693
-0.0182716
-0.0182096
-0.0167954
-0.0140109
-0.00997816
-0.00486798
0.000793889
0.00814507
0.00940888
0.0243956
0.000354203
0.00306617
0.00415884
0.00385519
0.00216483
-0.00099518
-0.00510704
-0.00935183
-0.0130366
-0.0157129
-0.0171315
-0.0171846
-0.0158622
-0.0132412
-0.00948454
-0.00463053
0.000710908
0.0084199
0.0167423
0.0746583
)
;

boundaryField
{
    movingWall
    {
        type            zeroGradient;
    }
    fixedWalls
    {
        type            zeroGradient;
    }
    frontAndBack
    {
        type            empty;
    }
}


// ************************************************************************* //
