/*--------------------------------*- C++ -*----------------------------------*\
| =========                 |                                                 |
| \\      /  F ield         | OpenFOAM: The Open Source CFD Toolbox           |
|  \\    /   O peration     | Version:  2412                                  |
|   \\  /    A nd           | Website:  www.openfoam.com                      |
|    \\/     M anipulation  |                                                 |
\*---------------------------------------------------------------------------*/
FoamFile
{
    version     2.0;
    format      ascii;
    arch        "LSB;label=32;scalar=64";
    class       volVectorField;
    location    "14";
    object      U;
}
// * * * * * * * * * * * * * * * * * * * * * * * * * * * * * * * * * * * * * //

dimensions      [0 1 -1 0 0 0 0];

internalField   nonuniform List<vector> 
400
(
(0.00655768 -0.00871603 0)
(0.0155731 -0.00582009 0)
(0.0169243 -0.00177984 0)
(0.00805555 0.0011452 0)
(-0.00852988 0.00661942 0)
(-0.0369668 0.0153373 0)
(-0.0738889 0.0216025 0)
(-0.111751 0.0223043 0)
(-0.144064 0.0179327 0)
(-0.166891 0.0107337 0)
(-0.177294 0.00273104 0)
(-0.172706 -0.0045903 0)
(-0.157401 -0.0111042 0)
(-0.130781 -0.0170993 0)
(-0.0952708 -0.0215508 0)
(-0.0550505 -0.0226885 0)
(-0.0154396 -0.0185839 0)
(0.0141725 -0.0106663 0)
(0.0247498 0.00158144 0)
(0.0127869 0.00827035 0)
(0.00268321 -0.0196017 0)
(0.00439589 -0.00503524 0)
(-0.00914839 0.0107655 0)
(-0.0380397 0.027424 0)
(-0.0779154 0.0438346 0)
(-0.121979 0.0546233 0)
(-0.161457 0.0558682 0)
(-0.190663 0.0483043 0)
(-0.208938 0.0352559 0)
(-0.217627 0.0193519 0)
(-0.219084 0.00257927 0)
(-0.215536 -0.014031 0)
(-0.20298 -0.0304554 0)
(-0.181282 -0.0460118 0)
(-0.150397 -0.0583659 0)
(-0.111616 -0.0630087 0)
(-0.0682025 -0.0545294 0)
(-0.0271962 -0.030888 0)
(0.00249599 0.00217011 0)
(0.00891733 0.0202566 0)
(-0.00608556 -0.014865 0)
(-0.0181436 0.0140143 0)
(-0.047089 0.0418444 0)
(-0.0868851 0.067374 0)
(-0.129297 0.0854138 0)
(-0.165472 0.0903551 0)
(-0.191201 0.0824556 0)
(-0.208056 0.0659118 0)
(-0.218763 0.045261 0)
(-0.225132 0.0233823 0)
(-0.227434 0.00107307 0)
(-0.225199 -0.0219673 0)
(-0.217988 -0.045861 0)
(-0.205038 -0.0699845 0)
(-0.184816 -0.0918774 0)
(-0.155398 -0.105727 0)
(-0.115375 -0.102404 0)
(-0.067086 -0.0732123 0)
(-0.0211923 -0.0218735 0)
(0.00230871 0.0197117 0)
(-0.013764 0.00499092 0)
(-0.0384055 0.0433591 0)
(-0.0750757 0.0793143 0)
(-0.114932 0.10716 0)
(-0.149071 0.119855 0)
(-0.172865 0.115591 0)
(-0.187394 0.0991186 0)
(-0.195745 0.0764423 0)
(-0.200179 0.0516824 0)
(-0.201951 0.0267454 0)
(-0.201749 0.00181977 0)
(-0.200132 -0.0237226 0)
(-0.197476 -0.050709 0)
(-0.193242 -0.0797702 0)
(-0.185834 -0.109719 0)
(-0.171621 -0.135604 0)
(-0.144771 -0.146626 0)
(-0.101062 -0.126998 0)
(-0.0467071 -0.0674117 0)
(-0.00256589 0.00555574 0)
(-0.0182809 0.0342923 0)
(-0.0494608 0.0780313 0)
(-0.0866395 0.115934 0)
(-0.120359 0.139794 0)
(-0.144305 0.143477 0)
(-0.157959 0.130052 0)
(-0.164048 0.106789 0)
(-0.165479 0.0799638 0)
(-0.164482 0.0530227 0)
(-0.162569 0.0271282 0)
(-0.160746 0.0020836 0)
(-0.159517 -0.0230635 0)
(-0.158405 -0.049677 0)
(-0.157918 -0.0789856 0)
(-0.158142 -0.111729 0)
(-0.156991 -0.146142 0)
(-0.147366 -0.173861 0)
(-0.118898 -0.175632 0)
(-0.0690896 -0.125493 0)
(-0.013717 -0.0238229 0)
(-0.0191164 0.0672953 0)
(-0.0505825 0.112631 0)
(-0.0836262 0.147664 0)
(-0.109635 0.163956 0)
(-0.125107 0.158027 0)
(-0.131617 0.136471 0)
(-0.132445 0.107928 0)
(-0.130801 0.0785423 0)
(-0.128986 0.0508639 0)
(-0.127785 0.0250461 0)
(-0.12683 0.00016134 0)
(-0.125716 -0.0248016 0)
(-0.12431 -0.0507203 0)
(-0.122908 -0.078301 0)
(-0.122766 -0.108846 0)
(-0.125146 -0.143868 0)
(-0.126819 -0.181668 0)
(-0.115786 -0.207284 0)
(-0.0803102 -0.183197 0)
(-0.0260468 -0.0711581 0)
(-0.0169357 0.0993569 0)
(-0.0443987 0.143353 0)
(-0.0710911 0.172978 0)
(-0.0899092 0.180915 0)
(-0.0992058 0.166316 0)
(-0.101536 0.138328 0)
(-0.100418 0.106643 0)
(-0.0990064 0.076726 0)
(-0.0986535 0.0496408 0)
(-0.098879 0.0242014 0)
(-0.0988168 -0.000954725 0)
(-0.0983382 -0.0266137 0)
(-0.0975711 -0.0531929 0)
(-0.0960132 -0.0808749 0)
(-0.0939013 -0.109737 0)
(-0.0932357 -0.141034 0)
(-0.0960617 -0.178395 0)
(-0.0961956 -0.2196 0)
(-0.0781341 -0.22846 0)
(-0.0321621 -0.126935 0)
(-0.0130182 0.126522 0)
(-0.0339674 0.167833 0)
(-0.0535529 0.191676 0)
(-0.0662867 0.19229 0)
(-0.0714691 0.170809 0)
(-0.0718975 0.138524 0)
(-0.0708033 0.105618 0)
(-0.0704433 0.0762942 0)
(-0.0708345 0.0499378 0)
(-0.0710406 0.0246896 0)
(-0.0709367 -0.00051586 0)
(-0.0711417 -0.0263631 0)
(-0.0716197 -0.0535417 0)
(-0.0716672 -0.0825405 0)
(-0.0703399 -0.112702 0)
(-0.0678249 -0.142815 0)
(-0.067299 -0.175134 0)
(-0.0693091 -0.218836 0)
(-0.0666507 -0.256279 0)
(-0.0312545 -0.181574 0)
(-0.00814478 0.145997 0)
(-0.0215079 0.184894 0)
(-0.0340255 0.204093 0)
(-0.0416661 0.199395 0)
(-0.0442227 0.173277 0)
(-0.044072 0.138522 0)
(-0.0436056 0.105327 0)
(-0.0439291 0.0764915 0)
(-0.044339 0.0502372 0)
(-0.0442342 0.0248337 0)
(-0.0440929 -0.000185348 0)
(-0.044676 -0.0254912 0)
(-0.0458809 -0.052392 0)
(-0.0472061 -0.0819357 0)
(-0.0477017 -0.113928 0)
(-0.046039 -0.146028 0)
(-0.0446565 -0.175994 0)
(-0.0430936 -0.213885 0)
(-0.0513617 -0.267443 0)
(-0.0258632 -0.228907 0)
(-0.00275403 0.156303 0)
(-0.00830047 0.194425 0)
(-0.0140225 0.21071 0)
(-0.0172947 0.203187 0)
(-0.0180617 0.174679 0)
(-0.0178962 0.138776 0)
(-0.0180178 0.105489 0)
(-0.0186636 0.0767375 0)
(-0.0190602 0.0502905 0)
(-0.0191085 0.0247777 0)
(-0.0193565 7.05474e-05 0)
(-0.0202598 -0.0246161 0)
(-0.0218373 -0.0509611 0)
(-0.0236217 -0.0803237 0)
(-0.0253839 -0.113155 0)
(-0.0249874 -0.14745 0)
(-0.0261397 -0.178443 0)
(-0.0213 -0.210066 0)
(-0.0362416 -0.266276 0)
(-0.0185114 -0.265928 0)
(0.00344757 0.157808 0)
(0.00527616 0.196455 0)
(0.0055799 0.211847 0)
(0.00648567 0.204031 0)
(0.00733087 0.175498 0)
(0.00739922 0.139336 0)
(0.00682528 0.105967 0)
(0.00600563 0.0771416 0)
(0.00552358 0.0506757 0)
(0.00505204 0.0253732 0)
(0.00423057 0.00107323 0)
(0.00299749 -0.0232516 0)
(0.00102287 -0.0491692 0)
(-0.00103046 -0.0782078 0)
(-0.00364088 -0.11118 0)
(-0.00434952 -0.146455 0)
(-0.00898513 -0.179015 0)
(-0.00422989 -0.207538 0)
(-0.0229604 -0.257614 0)
(-0.0110271 -0.292403 0)
(0.0101446 0.146787 0)
(0.0189972 0.194075 0)
(0.024446 0.208039 0)
(0.029504 0.201737 0)
(0.0324631 0.175442 0)
(0.0328287 0.140325 0)
(0.031907 0.106807 0)
(0.0309065 0.0776413 0)
(0.0302669 0.0513073 0)
(0.0294426 0.0265003 0)
(0.0281816 0.00261586 0)
(0.0264936 -0.0214315 0)
(0.0241493 -0.0469759 0)
(0.0215675 -0.0756234 0)
(0.018297 -0.10826 0)
(0.0157127 -0.143281 0)
(0.00836119 -0.175805 0)
(0.00912734 -0.203681 0)
(-0.0120228 -0.245153 0)
(-0.0043455 -0.309293 0)
(0.0159011 0.125891 0)
(0.0316536 0.18524 0)
(0.0423019 0.200002 0)
(0.0513953 0.195872 0)
(0.0573048 0.173578 0)
(0.0591005 0.141067 0)
(0.0584149 0.107938 0)
(0.0572211 0.0783366 0)
(0.0562789 0.0519741 0)
(0.0551839 0.0275992 0)
(0.0536402 0.00419037 0)
(0.0515917 -0.0193558 0)
(0.0488427 -0.0443661 0)
(0.0456355 -0.0723519 0)
(0.0412175 -0.103948 0)
(0.0363026 -0.137577 0)
(0.0257382 -0.168481 0)
(0.0207395 -0.195646 0)
(-0.00374777 -0.230904 0)
(0.000965775 -0.317185 0)
(0.0189606 0.0978181 0)
(0.0414571 0.168448 0)
(0.0581387 0.187913 0)
(0.0713562 0.186354 0)
(0.0809814 0.168653 0)
(0.085884 0.140284 0)
(0.0869979 0.108951 0)
(0.08636 0.0794986 0)
(0.0852758 0.0530505 0)
(0.083908 0.0289295 0)
(0.0820791 0.00603566 0)
(0.0797327 -0.0168703 0)
(0.0765463 -0.0411049 0)
(0.0724036 -0.0679195 0)
(0.066139 -0.0975682 0)
(0.0581012 -0.12844 0)
(0.0429883 -0.156359 0)
(0.0324226 -0.182204 0)
(0.00200987 -0.215928 0)
(0.00467579 -0.315898 0)
(0.0177911 0.065972 0)
(0.0463343 0.14307 0)
(0.0694802 0.170748 0)
(0.0874753 0.172706 0)
(0.10164 0.159333 0)
(0.111305 0.135913 0)
(0.116434 0.108096 0)
(0.118307 0.0802881 0)
(0.118347 0.0544702 0)
(0.117292 0.0307862 0)
(0.115372 0.00846336 0)
(0.112551 -0.0136292 0)
(0.108433 -0.0366255 0)
(0.102537 -0.0614696 0)
(0.0933025 -0.0880786 0)
(0.0811158 -0.114978 0)
(0.0603939 -0.138998 0)
(0.0446769 -0.163009 0)
(0.00649607 -0.194584 0)
(0.00815434 -0.309863 0)
(0.0120706 0.0365073 0)
(0.0436428 0.111444 0)
(0.0729406 0.147673 0)
(0.0969075 0.154469 0)
(0.116585 0.144944 0)
(0.132237 0.126208 0)
(0.143243 0.102914 0)
(0.149896 0.0784678 0)
(0.153166 0.0548377 0)
(0.153905 0.0326633 0)
(0.152613 0.0116911 0)
(0.149245 -0.00887241 0)
(0.143501 -0.0298789 0)
(0.134749 -0.0517744 0)
(0.1213 -0.0742437 0)
(0.1041 -0.0963484 0)
(0.0770651 -0.116446 0)
(0.058252 -0.139237 0)
(0.0113814 -0.168573 0)
(0.0135426 -0.302531 0)
(0.00339293 0.00889564 0)
(0.0321103 0.075332 0)
(0.0647266 0.11602 0)
(0.0953041 0.128502 0)
(0.122197 0.123523 0)
(0.144843 0.109431 0)
(0.162609 0.0909481 0)
(0.175333 0.0709169 0)
(0.183404 0.0510016 0)
(0.187384 0.0319198 0)
(0.187683 0.0137525 0)
(0.184354 -0.00387299 0)
(0.176985 -0.0212023 0)
(0.165046 -0.038434 0)
(0.147132 -0.0554382 0)
(0.125034 -0.0721046 0)
(0.0918791 -0.0885616 0)
(0.0740081 -0.110611 0)
(0.0135777 -0.140794 0)
(0.0226786 -0.300632 0)
(-0.00711974 0.0172644 0)
(0.0150891 0.0555943 0)
(0.0447222 0.0851014 0)
(0.0798245 0.0976409 0)
(0.114687 0.0965662 0)
(0.145439 0.0872401 0)
(0.170546 0.0737545 0)
(0.189636 0.0586969 0)
(0.202885 0.0435178 0)
(0.210653 0.0289014 0)
(0.213212 0.0150715 0)
(0.21079 0.00203584 0)
(0.20311 -0.010262 0)
(0.189515 -0.0218305 0)
(0.169484 -0.0327982 0)
(0.145233 -0.0434841 0)
(0.108565 -0.055135 0)
(0.0944981 -0.0733639 0)
(0.00211869 -0.109385 0)
(0.0425874 -0.295809 0)
(-0.0276316 -0.0229831 0)
(-0.0222041 0.00831273 0)
(0.00832705 0.0340875 0)
(0.04901 0.0497139 0)
(0.0911022 0.0552132 0)
(0.129715 0.0531982 0)
(0.162308 0.0468916 0)
(0.188072 0.0386284 0)
(0.207023 0.0297629 0)
(0.219511 0.0210285 0)
(0.226013 0.0127749 0)
(0.226931 0.00521805 0)
(0.222418 -0.00154766 0)
(0.21365 -0.00741217 0)
(0.198862 -0.0122136 0)
(0.179631 -0.0162008 0)
(0.147629 -0.0200883 0)
(0.137283 -0.0271966 0)
(-0.00710072 -0.0611878 0)
(0.116271 -0.241698 0)
(0.0322703 0.110952 0)
(0.0437358 0.0695914 0)
(0.0677224 0.0351202 0)
(0.0980492 0.0206242 0)
(0.13193 0.0163706 0)
(0.166951 0.0150027 0)
(0.200035 0.013897 0)
(0.228836 0.0124311 0)
(0.252271 0.0106472 0)
(0.270154 0.00872782 0)
(0.282699 0.00682539 0)
(0.290296 0.0050421 0)
(0.29349 0.00339463 0)
(0.292597 0.00201921 0)
(0.28852 0.0010393 0)
(0.28385 0.000610216 0)
(0.271879 0.000452555 0)
(0.274969 0.00111345 0)
(0.178696 0.00113352 0)
(0.42213 -0.0954045 0)
)
;

boundaryField
{
    movingWall
    {
        type            fixedValue;
        value           uniform (1 0 0);
    }
    fixedWalls
    {
        type            noSlip;
    }
    frontAndBack
    {
        type            empty;
    }
}


// ************************************************************************* //
