/*--------------------------------*- C++ -*----------------------------------*\
| =========                 |                                                 |
| \\      /  F ield         | OpenFOAM: The Open Source CFD Toolbox           |
|  \\    /   O peration     | Version:  2412                                  |
|   \\  /    A nd           | Website:  www.openfoam.com                      |
|    \\/     M anipulation  |                                                 |
\*---------------------------------------------------------------------------*/
FoamFile
{
    version     2.0;
    format      ascii;
    arch        "LSB;label=32;scalar=64";
    class       volScalarField;
    location    "9.5";
    object      epsilon;
}
// * * * * * * * * * * * * * * * * * * * * * * * * * * * * * * * * * * * * * //

dimensions      [0 2 -3 0 0 0 0];

internalField   nonuniform List<scalar> 
1600
(
0.000674884
0.000851015
0.00116517
0.00148608
0.00169475
0.00181018
0.00197978
0.0022298
0.0025291
0.00299726
0.00427966
0.00886056
0.017199
0.0293338
0.0432773
0.0568594
0.0684747
0.0770138
0.0814762
0.0832562
0.0834625
0.0805956
0.0765432
0.0711288
0.0655322
0.0594787
0.0535244
0.0477037
0.0419646
0.0360871
0.030079
0.0239022
0.0190573
0.0166826
0.0149651
0.0135673
0.0117101
0.00857059
0.00456285
0.00196584
0.00151987
0.000873227
0.000633634
0.000575907
0.000617001
0.000803463
0.00131472
0.00234157
0.00391707
0.00658424
0.0111402
0.0166197
0.0214921
0.0264934
0.0291823
0.0299526
0.0295611
0.0273458
0.0247691
0.0221359
0.0199565
0.0186748
0.0182006
0.0181612
0.0185331
0.0191148
0.0199517
0.0208335
0.0214096
0.0216089
0.0209682
0.0192796
0.0163892
0.0129202
0.00928524
0.00637594
0.00498071
0.00399761
0.0026157
0.0023634
0.00313167
0.0014502
0.000866101
0.000721599
0.00088832
0.0015659
0.00306613
0.00566608
0.00931872
0.0128355
0.0150206
0.0167103
0.0176174
0.0166737
0.0144301
0.013065
0.0111229
0.00969316
0.00851438
0.00785475
0.00754932
0.00746866
0.0077055
0.00824379
0.00912378
0.010368
0.0120338
0.0140825
0.0162583
0.0182664
0.0192825
0.0195624
0.018291
0.0155516
0.0109722
0.00656296
0.00367113
0.0023493
0.00173151
0.00299498
0.00478333
0.00195547
0.00128696
0.00133481
0.00206408
0.00390263
0.0068991
0.0101464
0.0122201
0.0131437
0.0134955
0.0126943
0.00984762
0.00842597
0.00655543
0.00549982
0.00436953
0.00380681
0.0033274
0.00310318
0.00299975
0.00297309
0.00308769
0.00331989
0.00369776
0.00428774
0.00519349
0.00659942
0.00882882
0.0119086
0.0153438
0.0179366
0.0190135
0.0190556
0.0158124
0.0098472
0.00463075
0.00213466
0.00146082
0.00360481
0.00589019
0.00242015
0.00206293
0.00265025
0.00433637
0.00716742
0.0100125
0.0113238
0.011689
0.0112811
0.00906086
0.00674751
0.00503059
0.00392662
0.00291599
0.00241489
0.00196518
0.00175646
0.00160086
0.00153135
0.00150256
0.00149823
0.00156306
0.00165674
0.00182368
0.00207698
0.00247997
0.00311932
0.00416605
0.0059354
0.00907005
0.0137941
0.0182479
0.0203754
0.0208879
0.0170244
0.00879761
0.00321142
0.00165154
0.00395156
0.00653391
0.00321933
0.00335261
0.00459925
0.00695813
0.00941182
0.0104558
0.0106537
0.00960167
0.00704613
0.00489554
0.00348099
0.00253677
0.00194737
0.00154105
0.00134398
0.00118919
0.0011175
0.00106163
0.00103582
0.00102462
0.00102309
0.00105231
0.00109943
0.00118756
0.00132337
0.00153497
0.00186175
0.00238304
0.00324783
0.00475942
0.0075623
0.0130379
0.0195123
0.0226061
0.0233192
0.01744
0.00710204
0.00262857
0.00422057
0.00702865
0.0044197
0.00504333
0.00669394
0.00878287
0.00971661
0.00985524
0.00858809
0.00589911
0.00392967
0.00263954
0.00190426
0.00144054
0.00118558
0.00101778
0.000929998
0.000847418
0.000806242
0.000765562
0.000746962
0.000739368
0.000739145
0.000765421
0.000803206
0.000869799
0.000964982
0.0011087
0.00132034
0.00164105
0.00214357
0.0029943
0.00449746
0.00742202
0.0135076
0.0217949
0.0254445
0.0257525
0.0149671
0.00534251
0.00482922
0.0077186
0.00586293
0.0068173
0.008383
0.00921785
0.00930815
0.00815786
0.00551099
0.00338832
0.0022454
0.00154595
0.0011981
0.000966974
0.000845599
0.000743238
0.000679893
0.00061839
0.00058426
0.00055379
0.000539841
0.000534293
0.000534184
0.000552901
0.000579864
0.000626783
0.000695497
0.000800416
0.000961505
0.00121227
0.00159013
0.00216371
0.00309567
0.00478402
0.00819453
0.0156069
0.0255211
0.0293685
0.0253989
0.0100275
0.00581759
0.00938492
0.0074472
0.00842016
0.00904697
0.00905159
0.00813695
0.00564646
0.00326193
0.00202912
0.00139798
0.00103689
0.000858736
0.000718757
0.000637633
0.00055848
0.000511407
0.000467496
0.000444331
0.000425943
0.000417973
0.000415322
0.000419095
0.000433202
0.000453684
0.000485256
0.000529447
0.000593766
0.000688663
0.000838941
0.00110296
0.00156277
0.00231254
0.00351223
0.00565396
0.0101293
0.0201265
0.0304342
0.0331219
0.01876
0.00765209
0.0127806
0.0089893
0.00929313
0.00922569
0.00839779
0.00617255
0.00356605
0.00203334
0.00132484
0.000975563
0.000774983
0.000660927
0.000556952
0.000495404
0.000436285
0.000403955
0.000373554
0.000358162
0.000346421
0.000341542
0.000340273
0.000345948
0.000358584
0.000377888
0.00040591
0.000443687
0.000494023
0.000561668
0.000657612
0.000808772
0.00107376
0.00159009
0.00258378
0.00430156
0.00744337
0.0140731
0.0289233
0.0369785
0.0313549
0.00928568
0.0168482
0.0102639
0.00990469
0.00897179
0.00706153
0.00437434
0.00229637
0.00137179
0.000953097
0.000747577
0.000616461
0.000525502
0.000445982
0.000399549
0.000356356
0.000332443
0.000309253
0.000296445
0.000285947
0.000281181
0.000279628
0.000283082
0.000293492
0.000309832
0.000334539
0.000368632
0.000414691
0.000475668
0.000556788
0.000668877
0.000840514
0.00114656
0.00176892
0.00310393
0.00571728
0.0109272
0.022324
0.0390477
0.0431289
0.0156273
0.0211657
0.0111147
0.00993405
0.00834397
0.00565458
0.00294747
0.00158483
0.00100425
0.000742012
0.000608727
0.000505491
0.000429974
0.000370181
0.000333785
0.000300335
0.000279674
0.000259624
0.000246869
0.000236094
0.000230828
0.000228804
0.000230146
0.000238856
0.000252623
0.000274066
0.000303888
0.000344344
0.000398088
0.000469566
0.0005667
0.000706117
0.000928897
0.00134368
0.00222109
0.0041817
0.00839198
0.0178038
0.0394442
0.0528914
0.0320834
0.0255898
0.0116943
0.00975508
0.0073921
0.00434925
0.00210488
0.00117266
0.000788955
0.00061381
0.000512717
0.000424534
0.000363129
0.000316862
0.000285868
0.000257556
0.000237705
0.000219012
0.0002058
0.000194912
0.000189204
0.000186879
0.00018692
0.00019427
0.000206305
0.000225433
0.000252484
0.000289366
0.000338149
0.00040169
0.000484712
0.000597527
0.000766819
0.00106724
0.0017053
0.00320193
0.00666843
0.0146586
0.0346499
0.0630453
0.0590413
0.0299412
0.0120072
0.00932526
0.00644549
0.00330431
0.00158847
0.00092456
0.000655409
0.000528611
0.000442072
0.000365779
0.000315649
0.000277261
0.000248893
0.00022319
0.000203441
0.000185543
0.000172126
0.000161464
0.000155318
0.000152628
0.000152234
0.000157851
0.000168227
0.000184877
0.000209064
0.000242741
0.000288291
0.00034861
0.000427346
0.000530297
0.000670856
0.000889088
0.00131719
0.002347
0.00507121
0.0118171
0.0288054
0.0703332
0.0919934
0.0344719
0.0121703
0.00871997
0.00556065
0.0025947
0.0012643
0.000769255
0.000567557
0.000468387
0.000389305
0.000323242
0.000280676
0.000246526
0.000219488
0.000195225
0.000175595
0.000158396
0.00014513
0.000134867
0.000128601
0.00012577
0.000125178
0.000129428
0.000138276
0.000152605
0.000173816
0.000203816
0.000245074
0.000300609
0.000374103
0.000470758
0.000600891
0.000792116
0.00112982
0.00191526
0.00409179
0.0101711
0.0264765
0.0720102
0.125973
0.0392149
0.0122657
0.00808915
0.00480553
0.00212931
0.00105401
0.000667788
0.000508486
0.00042423
0.000350182
0.000292203
0.000254075
0.000222237
0.000196014
0.00017272
0.000153415
0.00013695
0.000124116
0.000114379
0.00010825
0.00010543
0.000104747
0.000107985
0.000115486
0.000127822
0.000146409
0.000173203
0.000210845
0.000262602
0.000332155
0.000423506
0.000542469
0.00070485
0.000968187
0.00152761
0.00310899
0.00813697
0.0235282
0.0720931
0.157928
0.0438965
0.0123605
0.00752252
0.00422972
0.00182739
0.000919218
0.000601625
0.000468815
0.000391739
0.000321526
0.000269201
0.000233522
0.00020312
0.000177544
0.000155053
0.000136253
0.000120545
0.000108285
9.91157e-05
9.32294e-05
9.04817e-05
8.97646e-05
9.22537e-05
9.85716e-05
0.000109153
0.000125291
0.000148893
0.000182671
0.000230222
0.000295937
0.000384755
0.000502462
0.000659616
0.000891281
0.00134648
0.00262505
0.00686183
0.0209915
0.0710221
0.186725
0.0483248
0.0124892
0.00703068
0.00379685
0.00162061
0.000826975
0.00055666
0.000441305
0.000367853
0.000300907
0.000252364
0.000217965
0.000188495
0.000163466
0.000141685
0.000123467
0.00010848
9.68128e-05
8.8171e-05
8.25291e-05
7.98544e-05
7.91305e-05
8.1099e-05
8.64669e-05
9.56491e-05
0.000109799
0.00013073
0.000161115
0.000204634
0.000265923
0.000350204
0.000462967
0.000611901
0.000820124
0.00118453
0.0021473
0.00566506
0.0186505
0.0687839
0.211213
0.0523719
0.0127218
0.00669739
0.00352289
0.00150428
0.000774812
0.000529909
0.000424168
0.000351804
0.000286923
0.000240172
0.000206296
0.000177608
0.000153156
0.000132057
0.000114438
0.000100089
8.89508e-05
8.07488e-05
7.52976e-05
7.26442e-05
7.19062e-05
7.35015e-05
7.81178e-05
8.61826e-05
9.8705e-05
0.00011738
0.000144802
0.000184732
0.000242225
0.000323412
0.000434864
0.000583717
0.000785209
0.00110794
0.0019131
0.00486401
0.0166408
0.0664622
0.231788
0.0560194
0.0130271
0.00643587
0.00333542
0.00142408
0.000736031
0.000512022
0.000412772
0.000341078
0.000277825
0.000232321
0.000198809
0.000170552
0.00014647
0.000125856
0.000108691
9.48155e-05
8.40847e-05
7.62131e-05
7.09173e-05
6.82128e-05
6.74513e-05
6.88424e-05
7.28798e-05
8.00246e-05
9.12615e-05
0.000108156
0.000133131
0.000169853
0.00022345
0.000300465
0.000408282
0.000554439
0.000750647
0.00104219
0.00169456
0.00422152
0.0150107
0.0633965
0.248473
0.0586917
0.013747
0.00642733
0.00329437
0.00142739
0.000730116
0.000506722
0.000409268
0.000336911
0.000274105
0.000227904
0.000193717
0.000165804
0.000142216
0.000122188
0.000105582
9.21901e-05
8.18106e-05
7.41675e-05
6.89874e-05
6.61513e-05
6.53973e-05
6.67325e-05
7.03987e-05
7.69889e-05
8.72948e-05
0.000102757
0.00012566
0.000159594
0.000210067
0.000283835
0.000389396
0.000535577
0.000733379
0.00101113
0.00158602
0.0037634
0.013764
0.0607449
0.261897
0.0596746
0.0149933
0.00652641
0.0033297
0.00145929
0.000739828
0.000509481
0.000410751
0.000338028
0.000275108
0.000228362
0.000193726
0.00016558
0.000142092
0.000122267
0.000105768
9.24497e-05
8.2101e-05
7.44428e-05
6.91923e-05
6.61478e-05
6.52203e-05
6.63098e-05
6.96474e-05
7.59261e-05
8.57336e-05
0.000100365
0.000122095
0.000154208
0.000201749
0.000271814
0.000373926
0.000518526
0.000719692
0.000994348
0.0014998
0.00340979
0.0128396
0.0584342
0.272482
0.059113
0.0164686
0.00679252
0.00343634
0.00153529
0.000767281
0.000518184
0.000415407
0.000341942
0.000278682
0.000230845
0.000195302
0.000166907
0.000143377
0.00012364
0.000107266
9.40322e-05
8.37127e-05
7.60362e-05
7.07353e-05
6.76347e-05
6.67637e-05
6.76627e-05
7.05404e-05
7.63267e-05
8.56205e-05
9.9797e-05
0.000120932
0.000152165
0.000198034
0.000265994
0.00036591
0.0005095
0.000713986
0.000989078
0.00146067
0.00314435
0.0121124
0.0573111
0.2814
0.0571691
0.0179957
0.00732741
0.00366309
0.0016838
0.000824067
0.000536133
0.000424944
0.000350556
0.000286708
0.000236836
0.000199514
0.000170425
0.000146711
0.000127025
0.000110782
9.7634e-05
8.73217e-05
7.95891e-05
7.4199e-05
7.0993e-05
7.011e-05
7.09561e-05
7.36788e-05
7.93106e-05
8.84036e-05
0.000102067
0.000122263
0.000152158
0.00019713
0.000263961
0.0003627
0.000505646
0.00071262
0.000989236
0.00144632
0.00295988
0.0115498
0.0568441
0.288969
0.0530121
0.0193397
0.00807156
0.00403094
0.00190659
0.000924948
0.000572487
0.000441179
0.000362652
0.000297765
0.000246184
0.000207177
0.000177096
0.00015295
0.0001331
0.000116771
0.00010354
9.31155e-05
8.52456e-05
7.97104e-05
7.63265e-05
7.53989e-05
7.62407e-05
7.893e-05
8.45574e-05
9.37176e-05
0.000107468
0.000127754
0.000157431
0.000201081
0.000265438
0.000362591
0.000505232
0.000717858
0.00100604
0.00144571
0.0028423
0.011077
0.0567993
0.295781
0.0465408
0.0199729
0.0089554
0.00455054
0.00221995
0.00107175
0.000626237
0.000465316
0.000381613
0.000315443
0.000261283
0.00021942
0.000187318
0.000162047
0.000141641
0.00012502
0.000111596
0.000101004
9.29743e-05
8.73052e-05
8.37577e-05
8.28415e-05
8.37305e-05
8.65029e-05
9.23117e-05
0.000101767
0.000115861
0.000136487
0.000166372
0.000210291
0.000274603
0.000371319
0.000513515
0.000732468
0.00103099
0.00147032
0.00278779
0.0107398
0.0573798
0.301984
0.0383744
0.0197315
0.00982867
0.00521612
0.00266344
0.0013074
0.000722839
0.000501271
0.000401778
0.000333535
0.000278234
0.000234456
0.000200554
0.000174033
0.000152865
0.000135784
0.000122058
0.000111245
0.000103038
9.72722e-05
9.36014e-05
9.28134e-05
9.3818e-05
9.68149e-05
0.000103046
0.000113089
0.000127899
0.000149385
0.000180047
0.000224613
0.000288826
0.000386057
0.000528959
0.000755122
0.00106875
0.0015052
0.00275898
0.0105655
0.0583451
0.307851
0.0292751
0.0187644
0.0106178
0.0059791
0.00320858
0.00162541
0.000871543
0.000566671
0.000437114
0.000360883
0.000302124
0.000255058
0.000218259
0.000189677
0.000167237
0.000149421
0.00013527
0.000124208
0.000115842
0.000110065
0.000106349
0.0001059
0.000107122
0.000110539
0.000117519
0.000128507
0.000144445
0.00016728
0.000199233
0.000245229
0.000310349
0.00040916
0.000553418
0.000789181
0.00111964
0.00155906
0.00275057
0.0104947
0.059473
0.313494
0.020145
0.0165894
0.01108
0.00686205
0.00394715
0.00210191
0.00111133
0.000665769
0.00048146
0.000389777
0.00032796
0.000279221
0.000240371
0.000209827
0.000185867
0.000167012
0.0001522
0.000140776
0.000132213
0.000126512
0.000122851
0.00012296
0.000124599
0.000128749
0.000136887
0.000149246
0.000166753
0.000191442
0.00022516
0.000273183
0.000339686
0.000441226
0.000588115
0.000835594
0.00118531
0.00162775
0.00275749
0.0104779
0.0610097
0.319104
0.0123022
0.0131968
0.0110416
0.00749306
0.00468114
0.00269509
0.00148221
0.000857825
0.000571693
0.000437855
0.000362165
0.000308607
0.000266882
0.000234094
0.000208536
0.000188688
0.000173323
0.000161689
0.00015313
0.000147631
0.000144644
0.000145197
0.000147638
0.00015315
0.000162774
0.000176965
0.000196437
0.000223403
0.000259193
0.000309731
0.000378142
0.000483661
0.000634471
0.000897073
0.00126755
0.00171326
0.00279673
0.0104993
0.0626465
0.324804
0.00662917
0.00997586
0.0103225
0.00843521
0.00558914
0.00343186
0.00198689
0.00114509
0.00071822
0.000515358
0.000409775
0.000345689
0.000300227
0.000265321
0.000238014
0.000216862
0.000200713
0.000188775
0.000180448
0.000175171
0.000173576
0.000174765
0.000178326
0.000185735
0.0001972
0.00021355
0.000235157
0.000264589
0.000302457
0.000355819
0.000426504
0.000537409
0.000694195
0.000976066
0.00136616
0.00181228
0.00285603
0.0106085
0.0645106
0.330791
0.0033011
0.00677643
0.00906757
0.00836615
0.00641857
0.00429577
0.00268914
0.00162323
0.000993388
0.000660369
0.000492307
0.000397988
0.000339574
0.000300022
0.000271606
0.000250399
0.000234695
0.000223123
0.000215803
0.000211061
0.000211319
0.000213464
0.000218561
0.000228111
0.000241504
0.00026004
0.000283581
0.000315363
0.000355017
0.000411494
0.000484947
0.000603305
0.000769833
0.00107565
0.00148081
0.00192532
0.00295515
0.0108081
0.066429
0.337202
0.00193638
0.00419971
0.007548
0.00792471
0.00700558
0.0051325
0.00348809
0.00226847
0.00145357
0.000947466
0.00066137
0.000503448
0.000410913
0.000352628
0.000313992
0.000288514
0.000271899
0.00026134
0.000255183
0.000253727
0.000255155
0.000259081
0.000266939
0.000278727
0.000294063
0.000314729
0.000339891
0.000373958
0.000415347
0.000476027
0.000554301
0.000684819
0.000866739
0.00119717
0.00160984
0.0020569
0.00311776
0.0112087
0.0686162
0.344196
0.00179913
0.00267071
0.00560961
0.00703665
0.00683183
0.00591147
0.00441162
0.00310916
0.00212616
0.00144586
0.000989918
0.000721889
0.000561178
0.000461542
0.000397914
0.000356362
0.000329611
0.000313572
0.000303787
0.000302897
0.00030496
0.000310327
0.000320213
0.000334351
0.000351661
0.000374803
0.000401868
0.000439544
0.000484675
0.000553869
0.000642317
0.000792916
0.000994962
0.0013522
0.0017658
0.0022414
0.00342459
0.0119554
0.0710432
0.352124
0.0018802
0.00182542
0.00374181
0.00568307
0.00634854
0.0060311
0.00522886
0.00412153
0.0030938
0.00226324
0.00164154
0.00118451
0.000894938
0.000708869
0.000587706
0.000507446
0.000454399
0.000420328
0.000399581
0.00038766
0.000386119
0.000388615
0.000395321
0.000408904
0.000426738
0.000452853
0.000483714
0.000529418
0.000584325
0.000671254
0.000780031
0.000964043
0.00119584
0.00159276
0.00202063
0.00260095
0.00408955
0.0135414
0.0752298
0.362091
0.00201713
0.00141473
0.00255531
0.00422452
0.00538492
0.00587052
0.00564339
0.00506581
0.00425622
0.003443
0.00272322
0.00212881
0.0016313
0.00129061
0.00105498
0.000890227
0.000775153
0.000694547
0.000640424
0.000603832
0.000582712
0.000573612
0.000575628
0.000583213
0.00059881
0.000629776
0.000670609
0.00073615
0.000817388
0.000944082
0.00110139
0.00134938
0.0016506
0.0021347
0.00264773
0.00351541
0.00581759
0.0174612
0.0840763
0.376862
0.00291084
0.00186554
0.00261341
0.00388769
0.00519189
0.00605024
0.00628692
0.00611565
0.00564176
0.0049806
0.00429581
0.00366227
0.00310054
0.00261346
0.00222496
0.00192527
0.00169984
0.00153136
0.00141175
0.00132547
0.00127409
0.00124111
0.00124184
0.00125323
0.00128307
0.00132977
0.00141196
0.00154374
0.00170517
0.00194347
0.00222691
0.00263525
0.00312282
0.00385432
0.00477644
0.0066183
0.0110252
0.0276194
0.102955
0.400114
0.00531363
0.00471394
0.00634294
0.00765232
0.00883774
0.00973792
0.0102291
0.0102468
0.010001
0.00946661
0.0088113
0.00813155
0.0074977
0.00691897
0.00642147
0.00602318
0.00571613
0.00549541
0.00535525
0.0052695
0.00526983
0.00529696
0.00536434
0.00549762
0.00566829
0.00589079
0.00616862
0.0064609
0.00690227
0.0075761
0.00835998
0.00951979
0.0108816
0.0129482
0.0157275
0.0204668
0.0296296
0.0559659
0.142313
0.435127
0.0190163
0.0421033
0.0589877
0.0663057
0.0686171
0.0682912
0.0667829
0.0643293
0.0614617
0.0587594
0.0564035
0.0543756
0.0526769
0.0513248
0.0502505
0.0494899
0.0489436
0.0486584
0.0485925
0.0486936
0.0489572
0.0494363
0.0500497
0.0508976
0.0518776
0.053142
0.0545565
0.0563305
0.0583587
0.0604075
0.063407
0.067867
0.0729782
0.0799968
0.0878913
0.0999718
0.115053
0.152433
0.242631
0.496612
0.286458
0.554204
0.735738
0.813129
0.841111
0.839578
0.828462
0.80406
0.773596
0.742604
0.713342
0.686788
0.663125
0.642279
0.623939
0.607855
0.593692
0.581252
0.570283
0.560655
0.552204
0.54486
0.538503
0.533137
0.528637
0.525087
0.522315
0.520548
0.519457
0.519551
0.519832
0.520458
0.521692
0.523519
0.527262
0.531539
0.541154
0.551661
0.604664
0.57934
)
;

boundaryField
{
    movingWall
    {
        type            epsilonWallFunction;
        blending        stepwise;
        value           nonuniform List<scalar> 
40
(
0.286458
0.554204
0.735738
0.813129
0.841111
0.839578
0.828462
0.80406
0.773596
0.742604
0.713342
0.686788
0.663125
0.642279
0.623939
0.607855
0.593692
0.581252
0.570283
0.560655
0.552204
0.54486
0.538503
0.533137
0.528637
0.525087
0.522315
0.520548
0.519457
0.519551
0.519832
0.520458
0.521692
0.523519
0.527262
0.531539
0.541154
0.551661
0.604664
0.57934
)
;
    }
    fixedWalls
    {
        type            epsilonWallFunction;
        blending        stepwise;
        value           nonuniform List<scalar> 
120
(
0.000674884
0.00151987
0.00313167
0.00478333
0.00589019
0.00653391
0.00702865
0.0077186
0.00938492
0.0127806
0.0168482
0.0211657
0.0255898
0.0299412
0.0344719
0.0392149
0.0438965
0.0483248
0.0523719
0.0560194
0.0586917
0.0596746
0.059113
0.0571691
0.0530121
0.0465408
0.0383744
0.0292751
0.020145
0.0123022
0.00662917
0.0033011
0.00193638
0.00179913
0.0018802
0.00201713
0.00291084
0.00531363
0.0190163
0.286458
0.00196584
0.0023634
0.00299498
0.00360481
0.00395156
0.00422057
0.00482922
0.00581759
0.00765209
0.00928568
0.0156273
0.0320834
0.0590413
0.0919934
0.125973
0.157928
0.186725
0.211213
0.231788
0.248473
0.261897
0.272482
0.2814
0.288969
0.295781
0.301984
0.307851
0.313494
0.319104
0.324804
0.330791
0.337202
0.344196
0.352124
0.362091
0.376862
0.400114
0.435127
0.496612
0.57934
0.000674884
0.000851015
0.00116517
0.00148608
0.00169475
0.00181018
0.00197978
0.0022298
0.0025291
0.00299726
0.00427966
0.00886056
0.017199
0.0293338
0.0432773
0.0568594
0.0684747
0.0770138
0.0814762
0.0832562
0.0834625
0.0805956
0.0765432
0.0711288
0.0655322
0.0594787
0.0535244
0.0477037
0.0419646
0.0360871
0.030079
0.0239022
0.0190573
0.0166826
0.0149651
0.0135673
0.0117101
0.00857059
0.00456285
0.00196584
)
;
    }
    frontAndBack
    {
        type            empty;
    }
}


// ************************************************************************* //
