/*--------------------------------*- C++ -*----------------------------------*\
| =========                 |                                                 |
| \\      /  F ield         | OpenFOAM: The Open Source CFD Toolbox           |
|  \\    /   O peration     | Version:  2412                                  |
|   \\  /    A nd           | Website:  www.openfoam.com                      |
|    \\/     M anipulation  |                                                 |
\*---------------------------------------------------------------------------*/
FoamFile
{
    version     2.0;
    format      ascii;
    arch        "LSB;label=32;scalar=64";
    class       volScalarField;
    location    "9.5";
    object      nut;
}
// * * * * * * * * * * * * * * * * * * * * * * * * * * * * * * * * * * * * * //

dimensions      [0 2 -1 0 0 0 0];

internalField   nonuniform List<scalar> 
1600
(
3.59833e-06
3.88749e-06
4.31668e-06
4.68126e-06
4.89085e-06
4.99951e-06
5.15106e-06
5.35929e-06
5.58896e-06
5.91436e-06
6.65987e-06
8.48818e-06
1.05883e-05
1.26504e-05
1.44009e-05
1.57722e-05
1.67799e-05
1.74499e-05
1.77803e-05
1.79086e-05
1.79232e-05
1.77153e-05
1.74131e-05
1.69923e-05
1.65343e-05
1.60086e-05
1.54554e-05
1.48735e-05
1.42513e-05
1.35521e-05
1.27537e-05
1.18129e-05
1.09543e-05
1.04791e-05
1.01067e-05
9.78186e-06
9.31341e-06
8.39299e-06
6.80219e-06
5.13755e-06
4.71676e-06
5.40793e-06
6.46508e-06
7.00202e-06
7.25184e-06
8.18558e-06
1.00962e-05
1.11441e-05
1.24156e-05
1.47523e-05
1.58252e-05
1.68162e-05
1.70779e-05
1.676e-05
1.71831e-05
1.72459e-05
1.73797e-05
1.78953e-05
1.88897e-05
2.05373e-05
2.25304e-05
2.42066e-05
2.64955e-05
2.87017e-05
3.12268e-05
3.38118e-05
3.62429e-05
3.80498e-05
3.89754e-05
3.93313e-05
3.92818e-05
3.86036e-05
3.77283e-05
3.50119e-05
2.96044e-05
2.34089e-05
1.55211e-05
1.0534e-05
7.91474e-06
5.46287e-06
6.00209e-06
7.16522e-06
1.01633e-05
1.23668e-05
1.29821e-05
1.43633e-05
1.77738e-05
2.05523e-05
2.14525e-05
2.0854e-05
2.02008e-05
1.91772e-05
1.87338e-05
1.98184e-05
1.90577e-05
1.93155e-05
2.01755e-05
2.13264e-05
2.26811e-05
2.37972e-05
2.4486e-05
2.52556e-05
2.61079e-05
2.67917e-05
2.78316e-05
2.91593e-05
3.09847e-05
3.33295e-05
3.59483e-05
3.79942e-05
3.91538e-05
3.94435e-05
3.80584e-05
3.75501e-05
3.4721e-05
2.95351e-05
2.22009e-05
1.43286e-05
9.0993e-06
5.91158e-06
6.91215e-06
1.00293e-05
1.57891e-05
1.87405e-05
2.05743e-05
2.29271e-05
2.52214e-05
2.45983e-05
2.31108e-05
2.1856e-05
2.06407e-05
2.00214e-05
2.07178e-05
1.77325e-05
1.86108e-05
1.73739e-05
1.80568e-05
1.70712e-05
1.70194e-05
1.61628e-05
1.57059e-05
1.54116e-05
1.47901e-05
1.47907e-05
1.47665e-05
1.52437e-05
1.60492e-05
1.76168e-05
2.01899e-05
2.44596e-05
2.89704e-05
3.23045e-05
3.37327e-05
3.3581e-05
3.39642e-05
3.0311e-05
2.46153e-05
1.61974e-05
9.60081e-06
6.28827e-06
7.40868e-06
1.49656e-05
2.24676e-05
2.45083e-05
2.58765e-05
2.77802e-05
2.63589e-05
2.50695e-05
2.32813e-05
2.15401e-05
2.09396e-05
1.83492e-05
1.68761e-05
1.50144e-05
1.54875e-05
1.37572e-05
1.42625e-05
1.3251e-05
1.32524e-05
1.28768e-05
1.27219e-05
1.26291e-05
1.23022e-05
1.21698e-05
1.18185e-05
1.16465e-05
1.15335e-05
1.17748e-05
1.25543e-05
1.43462e-05
1.78358e-05
2.38033e-05
2.89749e-05
3.1294e-05
3.13696e-05
3.19986e-05
2.72467e-05
1.72322e-05
1.01483e-05
6.48368e-06
7.66928e-06
2.07889e-05
2.82759e-05
2.90825e-05
2.97702e-05
2.8286e-05
2.70258e-05
2.47672e-05
2.24268e-05
2.00128e-05
1.69307e-05
1.50662e-05
1.40067e-05
1.32948e-05
1.37175e-05
1.33915e-05
1.40378e-05
1.42028e-05
1.46539e-05
1.48871e-05
1.5019e-05
1.51187e-05
1.4909e-05
1.45796e-05
1.39675e-05
1.32282e-05
1.23822e-05
1.16088e-05
1.10453e-05
1.09947e-05
1.18975e-05
1.4493e-05
1.99862e-05
2.66484e-05
2.961e-05
2.98476e-05
3.06776e-05
2.2019e-05
1.21525e-05
6.62749e-06
7.85821e-06
2.62524e-05
3.29316e-05
3.2433e-05
3.03516e-05
2.90482e-05
2.64701e-05
2.33439e-05
1.9524e-05
1.61812e-05
1.40603e-05
1.33535e-05
1.32541e-05
1.3754e-05
1.47145e-05
1.54183e-05
1.66152e-05
1.73231e-05
1.82102e-05
1.87099e-05
1.91191e-05
1.94091e-05
1.91341e-05
1.87359e-05
1.78865e-05
1.68171e-05
1.54437e-05
1.39729e-05
1.2518e-05
1.13141e-05
1.05821e-05
1.09092e-05
1.29907e-05
1.79873e-05
2.50619e-05
2.80911e-05
2.82243e-05
2.80402e-05
1.47897e-05
6.93184e-06
8.10744e-06
3.10165e-05
3.61407e-05
3.32334e-05
3.1569e-05
2.84255e-05
2.45375e-05
1.96782e-05
1.60351e-05
1.35341e-05
1.31502e-05
1.34314e-05
1.46561e-05
1.57823e-05
1.74553e-05
1.88294e-05
2.05988e-05
2.17778e-05
2.31744e-05
2.41081e-05
2.48947e-05
2.55664e-05
2.54994e-05
2.52297e-05
2.43013e-05
2.29155e-05
2.09427e-05
1.84797e-05
1.57643e-05
1.32962e-05
1.14158e-05
1.03518e-05
1.04922e-05
1.25427e-05
1.76616e-05
2.39063e-05
2.62089e-05
2.71027e-05
1.65849e-05
7.37596e-06
8.65325e-06
3.43784e-05
3.7313e-05
3.55352e-05
3.10574e-05
2.65593e-05
2.09004e-05
1.61965e-05
1.36151e-05
1.30087e-05
1.39338e-05
1.50391e-05
1.70472e-05
1.87324e-05
2.11256e-05
2.2952e-05
2.50931e-05
2.65992e-05
2.81551e-05
2.92641e-05
3.02669e-05
3.10189e-05
3.12676e-05
3.13159e-05
3.0858e-05
2.98934e-05
2.81906e-05
2.57369e-05
2.25112e-05
1.84422e-05
1.43969e-05
1.14146e-05
9.99622e-06
1.03486e-05
1.28711e-05
1.89827e-05
2.3379e-05
2.42759e-05
2.10374e-05
8.08172e-06
9.59124e-06
3.58281e-05
3.93601e-05
3.52285e-05
2.96156e-05
2.31931e-05
1.7307e-05
1.39533e-05
1.32105e-05
1.39183e-05
1.55775e-05
1.73113e-05
2.00159e-05
2.21485e-05
2.49728e-05
2.68989e-05
2.90834e-05
3.04969e-05
3.18474e-05
3.2818e-05
3.37606e-05
3.43504e-05
3.46787e-05
3.48229e-05
3.46577e-05
3.41473e-05
3.31242e-05
3.13955e-05
2.87367e-05
2.50263e-05
2.04069e-05
1.53455e-05
1.13336e-05
9.72589e-06
1.05549e-05
1.40557e-05
2.02102e-05
2.24539e-05
2.16965e-05
8.62023e-06
1.05165e-05
3.64974e-05
4.04269e-05
3.45645e-05
2.68671e-05
1.98619e-05
1.47923e-05
1.33493e-05
1.39498e-05
1.54177e-05
1.75696e-05
1.99979e-05
2.31364e-05
2.54868e-05
2.83703e-05
3.01204e-05
3.21217e-05
3.3339e-05
3.45067e-05
3.5267e-05
3.61012e-05
3.67704e-05
3.7154e-05
3.74795e-05
3.75488e-05
3.73532e-05
3.67165e-05
3.54757e-05
3.3399e-05
3.02648e-05
2.59816e-05
2.07562e-05
1.52113e-05
1.09779e-05
9.82928e-06
1.16358e-05
1.7025e-05
2.12819e-05
2.1498e-05
1.02521e-05
1.13472e-05
3.63478e-05
4.10393e-05
3.30555e-05
2.40633e-05
1.68972e-05
1.37411e-05
1.3739e-05
1.52095e-05
1.7071e-05
1.98011e-05
2.27699e-05
2.60156e-05
2.84189e-05
3.10668e-05
3.25999e-05
3.4324e-05
3.53054e-05
3.64221e-05
3.70696e-05
3.76033e-05
3.84336e-05
3.87823e-05
3.92468e-05
3.95304e-05
3.96877e-05
3.95481e-05
3.89268e-05
3.75229e-05
3.4972e-05
3.09547e-05
2.55488e-05
1.94258e-05
1.37299e-05
1.02529e-05
1.00309e-05
1.33154e-05
1.95037e-05
2.0855e-05
1.30304e-05
1.20882e-05
3.5949e-05
4.0846e-05
3.10784e-05
2.13271e-05
1.51499e-05
1.36042e-05
1.46173e-05
1.65449e-05
1.87906e-05
2.21112e-05
2.53268e-05
2.8484e-05
3.08141e-05
3.31279e-05
3.44906e-05
3.59566e-05
3.68134e-05
3.77643e-05
3.83748e-05
3.87344e-05
3.95323e-05
3.98472e-05
4.02942e-05
4.06373e-05
4.09341e-05
4.10827e-05
4.09591e-05
4.03343e-05
3.88458e-05
3.596e-05
3.10855e-05
2.43686e-05
1.70959e-05
1.16247e-05
9.95038e-06
1.17429e-05
1.7467e-05
2.03136e-05
1.5969e-05
1.27378e-05
3.49303e-05
4.03008e-05
2.92228e-05
1.90287e-05
1.43114e-05
1.39611e-05
1.56528e-05
1.78316e-05
2.05402e-05
2.42886e-05
2.75207e-05
3.05153e-05
3.27159e-05
3.47352e-05
3.59979e-05
3.72808e-05
3.80923e-05
3.89122e-05
3.95325e-05
3.99129e-05
4.04883e-05
4.08792e-05
4.12637e-05
4.1626e-05
4.19722e-05
4.2236e-05
4.23034e-05
4.19834e-05
4.09954e-05
3.89487e-05
3.53157e-05
2.95163e-05
2.18702e-05
1.44333e-05
1.01855e-05
1.04974e-05
1.54135e-05
2.01563e-05
1.8514e-05
1.33503e-05
3.38377e-05
3.92801e-05
2.74421e-05
1.74621e-05
1.4002e-05
1.45392e-05
1.66982e-05
1.90334e-05
2.22338e-05
2.61904e-05
2.93334e-05
3.21665e-05
3.42483e-05
3.60716e-05
3.73097e-05
3.85046e-05
3.93393e-05
4.01284e-05
4.0786e-05
4.121e-05
4.15681e-05
4.19514e-05
4.22358e-05
4.25463e-05
4.28929e-05
4.3254e-05
4.35463e-05
4.35963e-05
4.31073e-05
4.16291e-05
3.8555e-05
3.32453e-05
2.56025e-05
1.70659e-05
1.11137e-05
9.86294e-06
1.27416e-05
2.02865e-05
2.05598e-05
1.39364e-05
3.21671e-05
3.81716e-05
2.60309e-05
1.6578e-05
1.40166e-05
1.51963e-05
1.76352e-05
2.0144e-05
2.37676e-05
2.77599e-05
3.08092e-05
3.35202e-05
3.55367e-05
3.72732e-05
3.85612e-05
3.97654e-05
4.06893e-05
4.15124e-05
4.21847e-05
4.2628e-05
4.28812e-05
4.31414e-05
4.32831e-05
4.34557e-05
4.3687e-05
4.3982e-05
4.42906e-05
4.44905e-05
4.43603e-05
4.3543e-05
4.14874e-05
3.73894e-05
3.03821e-05
2.11689e-05
1.30614e-05
1.02144e-05
1.24758e-05
1.85505e-05
2.21693e-05
1.44702e-05
3.00814e-05
3.68887e-05
2.49531e-05
1.60234e-05
1.41636e-05
1.58044e-05
1.84105e-05
2.11444e-05
2.50609e-05
2.90155e-05
3.20136e-05
3.46531e-05
3.66709e-05
3.84152e-05
3.98154e-05
4.11071e-05
4.21648e-05
4.30645e-05
4.37448e-05
4.41743e-05
4.43951e-05
4.44956e-05
4.44763e-05
4.4493e-05
4.45994e-05
4.48221e-05
4.51283e-05
4.5405e-05
4.54282e-05
4.4836e-05
4.30961e-05
3.95077e-05
3.32792e-05
2.40263e-05
1.46055e-05
1.00756e-05
1.15455e-05
1.80456e-05
2.34425e-05
1.49413e-05
2.80518e-05
3.57188e-05
2.44054e-05
1.59143e-05
1.43967e-05
1.63533e-05
1.90527e-05
2.20065e-05
2.6093e-05
2.99769e-05
3.29698e-05
3.55978e-05
3.76822e-05
3.95093e-05
4.10675e-05
4.2499e-05
4.37149e-05
4.47172e-05
4.54074e-05
4.58135e-05
4.59991e-05
4.59433e-05
4.57398e-05
4.55605e-05
4.54881e-05
4.55697e-05
4.57998e-05
4.61076e-05
4.63186e-05
4.61223e-05
4.49956e-05
4.2166e-05
3.66404e-05
2.78402e-05
1.73669e-05
1.10594e-05
1.1474e-05
1.71537e-05
2.44256e-05
1.53472e-05
2.61341e-05
3.42907e-05
2.41196e-05
1.57443e-05
1.45832e-05
1.67234e-05
1.95129e-05
2.26563e-05
2.68058e-05
3.0683e-05
3.37437e-05
3.64051e-05
3.85984e-05
4.05467e-05
4.22739e-05
4.38618e-05
4.52369e-05
4.63503e-05
4.70919e-05
4.74596e-05
4.75981e-05
4.74177e-05
4.70439e-05
4.66727e-05
4.64249e-05
4.63611e-05
4.64792e-05
4.67246e-05
4.69317e-05
4.6822e-05
4.59013e-05
4.34488e-05
3.85054e-05
3.01029e-05
1.91796e-05
1.14034e-05
1.11587e-05
1.68808e-05
2.51943e-05
1.56955e-05
2.43426e-05
3.31667e-05
2.42392e-05
1.61866e-05
1.47452e-05
1.7022e-05
1.98791e-05
2.31373e-05
2.7308e-05
3.11358e-05
3.42387e-05
3.69707e-05
3.92863e-05
4.13779e-05
4.32957e-05
4.50697e-05
4.66154e-05
4.7842e-05
4.86629e-05
4.90199e-05
4.914e-05
4.89336e-05
4.8471e-05
4.79307e-05
4.7443e-05
4.71275e-05
4.71228e-05
4.73129e-05
4.75539e-05
4.76271e-05
4.7045e-05
4.50606e-05
4.06447e-05
3.26804e-05
2.15826e-05
1.23869e-05
1.12463e-05
1.64879e-05
2.57847e-05
1.59413e-05
2.24691e-05
3.14319e-05
2.46187e-05
1.6417e-05
1.48748e-05
1.70364e-05
1.99883e-05
2.33148e-05
2.74078e-05
3.13283e-05
3.46193e-05
3.74574e-05
3.99642e-05
4.22578e-05
4.43529e-05
4.62545e-05
4.78845e-05
4.91472e-05
4.99663e-05
5.02964e-05
5.02794e-05
4.99799e-05
4.94851e-05
4.88415e-05
4.82864e-05
4.79279e-05
4.77777e-05
4.78019e-05
4.79469e-05
4.80271e-05
4.75676e-05
4.5839e-05
4.17956e-05
3.42023e-05
2.30526e-05
1.29392e-05
1.11722e-05
1.65054e-05
2.62409e-05
1.60298e-05
2.05379e-05
2.98232e-05
2.48412e-05
1.69029e-05
1.49249e-05
1.69689e-05
1.99275e-05
2.32491e-05
2.72511e-05
3.11071e-05
3.44528e-05
3.74546e-05
4.0059e-05
4.23965e-05
4.45579e-05
4.65265e-05
4.82313e-05
4.95852e-05
5.05239e-05
5.10249e-05
5.1085e-05
5.07954e-05
5.01648e-05
4.93793e-05
4.87797e-05
4.84502e-05
4.82111e-05
4.81833e-05
4.82638e-05
4.83827e-05
4.81505e-05
4.67176e-05
4.29093e-05
3.54978e-05
2.46941e-05
1.37852e-05
1.12649e-05
1.66479e-05
2.65897e-05
1.59793e-05
1.87817e-05
2.82988e-05
2.51502e-05
1.75076e-05
1.50197e-05
1.68031e-05
1.97416e-05
2.30367e-05
2.69452e-05
3.08086e-05
3.42366e-05
3.72947e-05
3.99958e-05
4.2437e-05
4.47017e-05
4.67697e-05
4.85742e-05
5.00297e-05
5.10602e-05
5.16016e-05
5.15957e-05
5.13913e-05
5.09042e-05
5.01573e-05
4.94361e-05
4.88055e-05
4.84515e-05
4.83666e-05
4.84173e-05
4.84782e-05
4.82505e-05
4.70861e-05
4.3495e-05
3.63359e-05
2.55836e-05
1.42796e-05
1.11935e-05
1.67905e-05
2.68765e-05
1.58022e-05
1.74052e-05
2.6344e-05
2.55755e-05
1.87219e-05
1.54037e-05
1.6552e-05
1.93754e-05
2.25839e-05
2.63052e-05
3.01573e-05
3.37039e-05
3.68748e-05
3.97208e-05
4.22947e-05
4.46207e-05
4.67184e-05
4.85459e-05
5.00311e-05
5.10984e-05
5.1685e-05
5.16934e-05
5.15353e-05
5.11299e-05
5.04494e-05
4.97811e-05
4.92471e-05
4.88674e-05
4.86238e-05
4.84671e-05
4.84908e-05
4.82478e-05
4.72567e-05
4.40102e-05
3.70714e-05
2.63051e-05
1.48317e-05
1.12321e-05
1.69199e-05
2.71153e-05
1.54095e-05
1.63619e-05
2.42299e-05
2.54201e-05
1.9379e-05
1.53974e-05
1.6092e-05
1.87772e-05
2.19673e-05
2.55568e-05
2.92853e-05
3.28373e-05
3.60666e-05
3.89732e-05
4.15973e-05
4.39615e-05
4.6075e-05
4.79102e-05
4.94132e-05
5.05225e-05
5.12114e-05
5.13327e-05
5.12398e-05
5.09479e-05
5.04107e-05
4.98082e-05
4.92736e-05
4.88292e-05
4.85422e-05
4.83438e-05
4.83379e-05
4.81635e-05
4.72633e-05
4.4187e-05
3.71391e-05
2.668e-05
1.50436e-05
1.11435e-05
1.74041e-05
2.73267e-05
1.47551e-05
1.57383e-05
2.22919e-05
2.52319e-05
2.09917e-05
1.65514e-05
1.59993e-05
1.80704e-05
2.09881e-05
2.43346e-05
2.79159e-05
3.14607e-05
3.47639e-05
3.77563e-05
4.04429e-05
4.28421e-05
4.49649e-05
4.67992e-05
4.83128e-05
4.94579e-05
5.02529e-05
5.05372e-05
5.05224e-05
5.03675e-05
5.0021e-05
4.95304e-05
4.90618e-05
4.86166e-05
4.82838e-05
4.7953e-05
4.78742e-05
4.76216e-05
4.69e-05
4.40059e-05
3.6992e-05
2.66471e-05
1.51504e-05
1.10561e-05
1.7648e-05
2.75163e-05
1.38359e-05
1.55095e-05
2.08387e-05
2.42213e-05
2.13172e-05
1.67828e-05
1.55413e-05
1.73242e-05
2.00791e-05
2.32345e-05
2.65679e-05
2.99312e-05
3.31605e-05
3.61455e-05
3.88463e-05
4.1259e-05
4.33869e-05
4.52238e-05
4.67563e-05
4.79389e-05
4.88468e-05
4.9306e-05
4.93855e-05
4.94012e-05
4.92531e-05
4.88955e-05
4.8514e-05
4.80743e-05
4.77338e-05
4.73367e-05
4.72714e-05
4.69756e-05
4.62782e-05
4.35312e-05
3.63478e-05
2.63238e-05
1.49462e-05
1.08846e-05
1.81145e-05
2.76933e-05
1.26422e-05
1.52374e-05
1.96806e-05
2.39213e-05
2.2944e-05
1.86468e-05
1.60567e-05
1.64769e-05
1.87781e-05
2.16083e-05
2.47577e-05
2.79753e-05
3.11218e-05
3.40891e-05
3.6803e-05
3.92313e-05
4.13687e-05
4.32127e-05
4.47739e-05
4.59854e-05
4.70889e-05
4.75309e-05
4.7816e-05
4.80861e-05
4.80764e-05
4.78555e-05
4.75822e-05
4.71724e-05
4.68694e-05
4.64227e-05
4.63779e-05
4.60031e-05
4.52969e-05
4.2631e-05
3.52534e-05
2.55552e-05
1.46779e-05
1.07251e-05
1.84479e-05
2.78615e-05
1.1161e-05
1.45096e-05
1.89281e-05
2.2208e-05
2.24482e-05
1.94152e-05
1.64275e-05
1.60531e-05
1.78058e-05
2.02816e-05
2.29807e-05
2.58908e-05
2.88149e-05
3.16299e-05
3.42652e-05
3.6672e-05
3.88232e-05
4.06945e-05
4.23189e-05
4.3568e-05
4.49214e-05
4.5309e-05
4.57835e-05
4.63242e-05
4.64484e-05
4.63605e-05
4.6214e-05
4.58592e-05
4.56464e-05
4.51975e-05
4.52349e-05
4.47467e-05
4.39243e-05
4.12747e-05
3.35474e-05
2.45016e-05
1.41336e-05
1.05349e-05
1.89191e-05
2.80267e-05
9.46873e-06
1.47705e-05
1.82727e-05
2.3028e-05
2.36404e-05
2.1124e-05
1.78035e-05
1.6059e-05
1.66205e-05
1.87123e-05
2.11287e-05
2.36518e-05
2.6299e-05
2.89545e-05
3.14848e-05
3.38176e-05
3.59294e-05
3.77959e-05
3.94121e-05
4.08902e-05
4.20382e-05
4.26487e-05
4.34266e-05
4.40196e-05
4.43122e-05
4.43593e-05
4.43685e-05
4.41065e-05
4.40438e-05
4.36365e-05
4.37698e-05
4.30732e-05
4.20375e-05
3.91957e-05
3.14165e-05
2.29413e-05
1.3342e-05
1.03322e-05
1.93213e-05
2.81925e-05
7.70494e-06
1.42732e-05
1.79267e-05
2.04589e-05
2.39761e-05
2.2159e-05
1.92295e-05
1.67843e-05
1.61317e-05
1.73867e-05
1.94151e-05
2.1549e-05
2.37071e-05
2.5918e-05
2.81894e-05
3.04119e-05
3.24799e-05
3.43836e-05
3.6076e-05
3.7526e-05
3.86375e-05
3.95717e-05
4.05222e-05
4.11672e-05
4.16401e-05
4.18296e-05
4.20331e-05
4.19124e-05
4.20436e-05
4.17005e-05
4.18759e-05
4.07746e-05
3.92838e-05
3.63099e-05
2.85861e-05
2.08718e-05
1.23509e-05
1.01246e-05
1.98005e-05
2.83646e-05
6.10697e-06
1.3417e-05
1.8584e-05
2.02423e-05
2.33809e-05
2.38628e-05
2.11791e-05
1.84265e-05
1.65273e-05
1.65327e-05
1.78908e-05
1.97543e-05
2.16529e-05
2.34798e-05
2.52417e-05
2.70057e-05
2.88505e-05
3.05651e-05
3.2106e-05
3.36833e-05
3.48052e-05
3.59538e-05
3.70558e-05
3.7793e-05
3.84628e-05
3.87912e-05
3.92458e-05
3.92997e-05
3.96052e-05
3.91191e-05
3.88636e-05
3.71942e-05
3.57106e-05
3.28964e-05
2.51625e-05
1.82427e-05
1.12104e-05
9.90056e-06
2.02282e-05
2.85466e-05
5.113e-06
1.25313e-05
1.84725e-05
2.05021e-05
2.19243e-05
2.47872e-05
2.30731e-05
2.05015e-05
1.82202e-05
1.65188e-05
1.67541e-05
1.79636e-05
1.95278e-05
2.11835e-05
2.28398e-05
2.43453e-05
2.58932e-05
2.72471e-05
2.8613e-05
2.98552e-05
3.1085e-05
3.22714e-05
3.33257e-05
3.41069e-05
3.49027e-05
3.53396e-05
3.59066e-05
3.57767e-05
3.58979e-05
3.50579e-05
3.46546e-05
3.29649e-05
3.16803e-05
2.80542e-05
2.10505e-05
1.52444e-05
9.96339e-06
9.68611e-06
2.06694e-05
2.87426e-05
4.9895e-06
1.08765e-05
1.83289e-05
2.1103e-05
2.21004e-05
2.36974e-05
2.51549e-05
2.30173e-05
2.07899e-05
1.88203e-05
1.72339e-05
1.71457e-05
1.78466e-05
1.89248e-05
2.02107e-05
2.14846e-05
2.28977e-05
2.41923e-05
2.53991e-05
2.63516e-05
2.7448e-05
2.84885e-05
2.94451e-05
3.01213e-05
3.08534e-05
3.11108e-05
3.15046e-05
3.11979e-05
3.12615e-05
3.03191e-05
2.9877e-05
2.78667e-05
2.60607e-05
2.18935e-05
1.65803e-05
1.23062e-05
8.79589e-06
9.60998e-06
2.10319e-05
2.89616e-05
5.06349e-06
1.03115e-05
1.75523e-05
2.11749e-05
2.26441e-05
2.3627e-05
2.51573e-05
2.56405e-05
2.37513e-05
2.1925e-05
2.0221e-05
1.88713e-05
1.79984e-05
1.79491e-05
1.84057e-05
1.90598e-05
1.99346e-05
2.08013e-05
2.18366e-05
2.27232e-05
2.33634e-05
2.40946e-05
2.49122e-05
2.53647e-05
2.58976e-05
2.59666e-05
2.61715e-05
2.5722e-05
2.5457e-05
2.41841e-05
2.31387e-05
2.0882e-05
1.86999e-05
1.55036e-05
1.24112e-05
9.96744e-06
7.53045e-06
9.63671e-06
2.13727e-05
2.92323e-05
5.18366e-06
1.12004e-05
1.73483e-05
2.14208e-05
2.39438e-05
2.49147e-05
2.5863e-05
2.70856e-05
2.73685e-05
2.56999e-05
2.38674e-05
2.18648e-05
2.06622e-05
1.97371e-05
1.92142e-05
1.89583e-05
1.8943e-05
1.9036e-05
1.92379e-05
1.95505e-05
1.97034e-05
1.99482e-05
1.99953e-05
2.00196e-05
2.00737e-05
1.97084e-05
1.94247e-05
1.85608e-05
1.78364e-05
1.65039e-05
1.54066e-05
1.37554e-05
1.2382e-05
1.06092e-05
8.93056e-06
7.37146e-06
6.80615e-06
1.03629e-05
2.20101e-05
2.96245e-05
5.85749e-06
1.07014e-05
1.56968e-05
1.97802e-05
2.32308e-05
2.54738e-05
2.71847e-05
2.89387e-05
3.0561e-05
3.19926e-05
3.17983e-05
3.08893e-05
2.94944e-05
2.76953e-05
2.57638e-05
2.38639e-05
2.20942e-05
2.05096e-05
1.90569e-05
1.78267e-05
1.6684e-05
1.58104e-05
1.491e-05
1.41421e-05
1.34761e-05
1.27762e-05
1.20581e-05
1.11305e-05
1.02871e-05
9.34832e-06
8.57582e-06
7.74193e-06
7.14862e-06
6.52311e-06
6.28949e-06
6.42911e-06
7.66611e-06
1.23005e-05
2.34469e-05
3.02217e-05
7.15792e-06
6.80782e-06
9.50723e-06
1.28083e-05
1.60852e-05
1.88066e-05
2.06967e-05
2.19802e-05
2.23311e-05
2.27486e-05
2.24435e-05
2.1469e-05
2.01515e-05
1.86621e-05
1.71107e-05
1.56112e-05
1.41838e-05
1.29279e-05
1.1757e-05
1.08036e-05
9.8863e-06
9.1496e-06
8.50195e-06
7.97483e-06
7.49501e-06
7.16825e-06
6.88539e-06
6.69937e-06
6.54065e-06
6.4908e-06
6.49696e-06
6.6953e-06
6.93961e-06
7.4682e-06
8.1342e-06
9.34863e-06
1.13367e-05
1.62479e-05
2.54928e-05
3.10787e-05
1.09478e-05
8.63811e-06
1.07812e-05
1.18039e-05
1.23792e-05
1.27675e-05
1.30196e-05
1.32169e-05
1.317e-05
1.30984e-05
1.29776e-05
1.2752e-05
1.24634e-05
1.21649e-05
1.18619e-05
1.16075e-05
1.13683e-05
1.12238e-05
1.10741e-05
1.1058e-05
1.10588e-05
1.1098e-05
1.11991e-05
1.13755e-05
1.15814e-05
1.18778e-05
1.21953e-05
1.26343e-05
1.30789e-05
1.36563e-05
1.4209e-05
1.49202e-05
1.55935e-05
1.65318e-05
1.74114e-05
1.88108e-05
2.03484e-05
2.38228e-05
2.77295e-05
3.24786e-05
2.70363e-05
3.36887e-05
3.70257e-05
3.82809e-05
3.87151e-05
3.86916e-05
3.85201e-05
3.8138e-05
3.76501e-05
3.71404e-05
3.66459e-05
3.61853e-05
3.57648e-05
3.53859e-05
3.50457e-05
3.47419e-05
3.44698e-05
3.42273e-05
3.40106e-05
3.38181e-05
3.36473e-05
3.34975e-05
3.33667e-05
3.32556e-05
3.31618e-05
3.30874e-05
3.30292e-05
3.29919e-05
3.2969e-05
3.29707e-05
3.29785e-05
3.29872e-05
3.30181e-05
3.30531e-05
3.31351e-05
3.32218e-05
3.34231e-05
3.36367e-05
3.46818e-05
3.41904e-05
)
;

boundaryField
{
    movingWall
    {
        type            nutkWallFunction;
        blending        stepwise;
        value           uniform 0;
    }
    fixedWalls
    {
        type            nutkWallFunction;
        blending        stepwise;
        value           uniform 0;
    }
    frontAndBack
    {
        type            empty;
    }
}


// ************************************************************************* //
