/*--------------------------------*- C++ -*----------------------------------*\
| =========                 |                                                 |
| \\      /  F ield         | OpenFOAM: The Open Source CFD Toolbox           |
|  \\    /   O peration     | Version:  2412                                  |
|   \\  /    A nd           | Website:  www.openfoam.com                      |
|    \\/     M anipulation  |                                                 |
\*---------------------------------------------------------------------------*/
FoamFile
{
    version     2.0;
    format      ascii;
    arch        "LSB;label=32;scalar=64";
    class       volScalarField;
    location    "9.5";
    object      p;
}
// * * * * * * * * * * * * * * * * * * * * * * * * * * * * * * * * * * * * * //

dimensions      [0 2 -2 0 0 0 0];

internalField   nonuniform List<scalar> 
1600
(
2.54337e-08
-2.88891e-05
-0.000118096
-0.000234175
-0.000339344
-0.000429006
-0.000527601
-0.000657458
-0.000827534
-0.00106601
-0.00140208
-0.00180117
-0.00224194
-0.00278401
-0.00347526
-0.00429052
-0.00519894
-0.00616453
-0.0071088
-0.00789159
-0.00832486
-0.00823272
-0.00752997
-0.00621802
-0.00434898
-0.00202761
0.00057561
0.00321295
0.00556587
0.00728868
0.00811922
0.00801235
0.00715835
0.00594168
0.00474613
0.003917
0.00351766
0.00348794
0.00358491
0.00366739
-2.0788e-05
-6.48446e-05
-0.000160611
-0.000267281
-0.000343031
-0.000395374
-0.000465124
-0.000569012
-0.00070048
-0.000870253
-0.00114156
-0.00156348
-0.0021161
-0.0028078
-0.00369124
-0.00476927
-0.00597255
-0.00716291
-0.0081894
-0.00892308
-0.00925509
-0.00910446
-0.00842757
-0.00720323
-0.00545481
-0.003262
-0.00077031
0.00179814
0.00414407
0.0059369
0.00691077
0.00698288
0.00630948
0.00525245
0.00415473
0.00341743
0.00315796
0.00325598
0.0034532
0.00357424
-3.48075e-05
-0.000112356
-0.000229806
-0.000325091
-0.000366435
-0.000370436
-0.000393576
-0.000470107
-0.000620315
-0.000862491
-0.00126408
-0.00190483
-0.00280745
-0.003928
-0.00520562
-0.00657072
-0.00792855
-0.00916773
-0.0101766
-0.0108551
-0.0111337
-0.0109637
-0.0103095
-0.00915632
-0.00752171
-0.00545392
-0.00305716
-0.000514327
0.00191765
0.00392958
0.00523834
0.00569844
0.00539844
0.00463205
0.00376112
0.00313694
0.00289439
0.00297194
0.00319495
0.00333297
-7.07709e-06
-0.000128988
-0.000269081
-0.000352463
-0.000364153
-0.000356453
-0.000380313
-0.00048682
-0.000756377
-0.00127764
-0.00209748
-0.00322278
-0.0045909
-0.00610511
-0.00766592
-0.00918887
-0.0105921
-0.011813
-0.0127796
-0.0134211
-0.0136871
-0.013554
-0.0130026
-0.011996
-0.0105396
-0.00866824
-0.00644739
-0.00399375
-0.00148733
0.000826128
0.00266574
0.00379704
0.00415886
0.00392996
0.00343404
0.00299827
0.00280192
0.00283696
0.00299851
0.00308109
0.000146584
-3.25115e-05
-0.000186287
-0.000273895
-0.000303122
-0.000338624
-0.000468077
-0.000789154
-0.00141235
-0.00240806
-0.00375672
-0.00537125
-0.00712835
-0.00892096
-0.0106529
-0.0122544
-0.0136692
-0.0148511
-0.015756
-0.0163458
-0.0165992
-0.0164992
-0.0160203
-0.015171
-0.0139467
-0.0123594
-0.0104381
-0.00823096
-0.00582796
-0.00337243
-0.00106639
0.000848513
0.00216261
0.00282398
0.0029947
0.00292962
0.00285247
0.00287355
0.00291074
0.00290069
0.000489487
0.000243174
6.03701e-05
-6.95306e-05
-0.000185824
-0.000385964
-0.000791726
-0.00152967
-0.00267842
-0.00422474
-0.00606696
-0.00806615
-0.0100865
-0.0120214
-0.0137984
-0.0153659
-0.0166935
-0.0177571
-0.0185403
-0.0190253
-0.0192045
-0.0190912
-0.0186786
-0.0179728
-0.0169734
-0.015686
-0.0141174
-0.0122746
-0.0101735
-0.00785354
-0.00539986
-0.00296001
-0.000748664
0.000997585
0.00213896
0.00271644
0.00290303
0.00293232
0.00285757
0.00275958
0.00100711
0.000694358
0.000446423
0.000219442
-8.3528e-05
-0.000593512
-0.00144587
-0.00273909
-0.00446872
-0.00652618
-0.00874954
-0.0109798
-0.0130956
-0.0150162
-0.0166994
-0.0181245
-0.0192896
-0.0201968
-0.0208495
-0.0212451
-0.0213822
-0.0212645
-0.0209014
-0.0202953
-0.0194542
-0.0183862
-0.0170985
-0.0155911
-0.0138512
-0.0118541
-0.00957807
-0.00703707
-0.0043292
-0.0016798
0.00056487
0.00208625
0.00278689
0.0028833
0.00274052
0.0025741
0.00161199
0.00122763
0.000875795
0.000482183
-0.000111474
-0.00106203
-0.00247628
-0.00436739
-0.00662407
-0.00906432
-0.0115021
-0.013796
-0.0158602
-0.0176578
-0.0191837
-0.0204487
-0.0214702
-0.022261
-0.0228291
-0.0231761
-0.0232999
-0.0231968
-0.0228716
-0.0223317
-0.0215864
-0.0206473
-0.0195274
-0.0182344
-0.0167606
-0.0150734
-0.0131104
-0.0107905
-0.00805841
-0.00497723
-0.00185094
0.000756373
0.00229582
0.00268393
0.00254253
0.00230509
0.00216787
0.00168872
0.00119278
0.000573333
-0.000400152
-0.00187358
-0.00387612
-0.00630258
-0.00895129
-0.0116058
-0.0140969
-0.0163275
-0.0182629
-0.0199095
-0.0212924
-0.0224385
-0.0233689
-0.0240945
-0.0246198
-0.0249452
-0.0250679
-0.024984
-0.0246944
-0.0242062
-0.0235263
-0.0226658
-0.0216388
-0.0204587
-0.0191303
-0.0176374
-0.0159292
-0.0139105
-0.0114465
-0.00842048
-0.00490469
-0.00140639
0.00118005
0.00227025
0.00227957
0.00189953
0.00247966
0.00190507
0.00124126
0.00035087
-0.00105229
-0.00305375
-0.00557459
-0.00839995
-0.0112753
-0.0139896
-0.0164198
-0.0185254
-0.02032
-0.0218395
-0.0231218
-0.0241944
-0.0250731
-0.0257642
-0.0262685
-0.026585
-0.0267115
-0.0266459
-0.026389
-0.0259452
-0.0253192
-0.0245192
-0.0235554
-0.0224398
-0.0211825
-0.0197842
-0.0182215
-0.0164277
-0.0142737
-0.011569
-0.00816131
-0.00423768
-0.000642974
0.00149219
0.00186743
0.00131626
0.00241624
0.00174171
0.000901756
-0.000276908
-0.002094
-0.00455398
-0.00746149
-0.0105248
-0.0134748
-0.0161369
-0.0184478
-0.0204188
-0.0220952
-0.0235246
-0.024743
-0.0257713
-0.026619
-0.0272888
-0.0277804
-0.0280926
-0.0282244
-0.0281756
-0.0279473
-0.0275424
-0.0269636
-0.0262164
-0.0253069
-0.0242427
-0.0230319
-0.0216806
-0.0201855
-0.0185164
-0.0165887
-0.0142332
-0.0112033
-0.00735319
-0.00311485
0.000144207
0.00113256
0.000581649
0.00188354
0.00113195
0.000129109
-0.00131491
-0.0034788
-0.00627874
-0.00942182
-0.0125742
-0.0154834
-0.0180298
-0.0202063
-0.0220598
-0.0236479
-0.0250165
-0.0261932
-0.0271915
-0.0280164
-0.0286694
-0.0291507
-0.0294597
-0.0295967
-0.0295627
-0.0293591
-0.0289881
-0.0284511
-0.0277512
-0.0268919
-0.0258766
-0.0247098
-0.0233963
-0.0219395
-0.0203328
-0.0185362
-0.0164408
-0.0138241
-0.0103672
-0.00600581
-0.00182279
7.25148e-05
-0.000252619
0.000888247
9.20023e-05
-0.00104012
-0.00269532
-0.00510945
-0.0081167
-0.011355
-0.0144795
-0.0172758
-0.0196825
-0.0217339
-0.0234932
-0.025017
-0.0263421
-0.0274875
-0.0284612
-0.0292661
-0.0299038
-0.0303754
-0.0306812
-0.0308226
-0.0308013
-0.0306188
-0.0302768
-0.0297763
-0.0291189
-0.028306
-0.0273388
-0.0262183
-0.0249464
-0.0235264
-0.0219612
-0.0202399
-0.0183077
-0.0160172
-0.0130486
-0.00899575
-0.00429062
-0.00131447
-0.00127696
-0.00047673
-0.00128455
-0.00250467
-0.00430355
-0.00686506
-0.00995881
-0.0131816
-0.0162004
-0.0188505
-0.021119
-0.0230632
-0.0247483
-0.0262226
-0.0275128
-0.0286309
-0.0295818
-0.0303679
-0.0309911
-0.0314534
-0.0317561
-0.0319011
-0.0318903
-0.0317256
-0.0314084
-0.0309394
-0.0303194
-0.0295489
-0.0286274
-0.0275544
-0.0263295
-0.0249537
-0.0234315
-0.0217657
-0.0199375
-0.0178686
-0.0153321
-0.011813
-0.00707012
-0.00315024
-0.0026562
-0.00207048
-0.00286077
-0.00412857
-0.00600599
-0.00862504
-0.0117114
-0.014844
-0.0177174
-0.0202159
-0.0223599
-0.0242148
-0.0258401
-0.0272731
-0.0285322
-0.0296248
-0.030554
-0.0313222
-0.031932
-0.0323859
-0.0326857
-0.0328335
-0.0328315
-0.0326816
-0.0323854
-0.0319432
-0.0313557
-0.0306229
-0.0297439
-0.0287172
-0.0275415
-0.0262164
-0.0247454
-0.0231357
-0.0213877
-0.0194704
-0.0172599
-0.0143092
-0.0099368
-0.00547389
-0.00445971
-0.00373843
-0.00448919
-0.00577279
-0.00767425
-0.010284
-0.0133015
-0.0163042
-0.0190222
-0.0213804
-0.0234178
-0.0251991
-0.0267742
-0.0281709
-0.0294012
-0.0304696
-0.0313787
-0.0321308
-0.0327287
-0.0331752
-0.0334723
-0.0336224
-0.0336276
-0.0334899
-0.0332109
-0.032791
-0.0322311
-0.0315311
-0.0306903
-0.0297072
-0.0285802
-0.0273085
-0.0258948
-0.0243472
-0.0226758
-0.0208777
-0.018902
-0.0164452
-0.0126775
-0.00817198
-0.00663552
-0.00533828
-0.00603454
-0.00730947
-0.00919946
-0.0117586
-0.0146764
-0.0175388
-0.0201114
-0.0223489
-0.0242983
-0.0260189
-0.0275512
-0.0289156
-0.0301196
-0.0311662
-0.0320574
-0.0327955
-0.0333834
-0.0338237
-0.0341186
-0.0342705
-0.0342815
-0.0341534
-0.0338881
-0.0334863
-0.032949
-0.0322765
-0.0314688
-0.0305247
-0.0294433
-0.0282241
-0.0268699
-0.0253891
-0.0237961
-0.0221048
-0.0203063
-0.0182368
-0.0151251
-0.0110093
-0.00903077
-0.00675031
-0.00738591
-0.00863833
-0.0104966
-0.0129875
-0.015802
-0.018534
-0.0209829
-0.0231225
-0.0250017
-0.026673
-0.0281695
-0.0295058
-0.0306869
-0.0317148
-0.0325911
-0.0333179
-0.0338978
-0.0343335
-0.0346267
-0.03478
-0.0347954
-0.0346746
-0.0344198
-0.0340317
-0.033512
-0.0328615
-0.032081
-0.0311703
-0.0301292
-0.0289584
-0.0276614
-0.0262473
-0.0247328
-0.0231437
-0.02149
-0.0197141
-0.0171943
-0.013742
-0.0114143
-0.00788189
-0.00846137
-0.00969041
-0.0115117
-0.0139333
-0.016653
-0.0192793
-0.0216334
-0.0236997
-0.0255258
-0.0271588
-0.0286264
-0.0299398
-0.0311026
-0.0321157
-0.0329807
-0.0336992
-0.0342736
-0.034706
-0.0349984
-0.0351528
-0.0351712
-0.0350555
-0.0348078
-0.0344292
-0.033922
-0.0332876
-0.0325277
-0.0316433
-0.0306356
-0.0295064
-0.0282605
-0.0269083
-0.0254679
-0.023975
-0.022444
-0.020897
-0.0188792
-0.0161799
-0.0135499
-0.00867142
-0.0092087
-0.0104265
-0.0122145
-0.0145728
-0.0172195
-0.01977
-0.0220606
-0.0240785
-0.0258681
-0.0274735
-0.0289196
-0.030216
-0.0313654
-0.0323685
-0.0332261
-0.0339397
-0.034511
-0.0349421
-0.0352342
-0.0353895
-0.0354099
-0.035297
-0.0350532
-0.0346798
-0.0341797
-0.033555
-0.0328085
-0.0319423
-0.0309591
-0.0298622
-0.0286581
-0.0273592
-0.0259838
-0.0245775
-0.0231491
-0.0217818
-0.0201761
-0.0181544
-0.0153628
-0.00908477
-0.00961119
-0.0108296
-0.0125934
-0.0148983
-0.017499
-0.0200082
-0.0222647
-0.0242562
-0.026025
-0.0276138
-0.0290467
-0.030333
-0.031475
-0.0324731
-0.0333279
-0.0340402
-0.0346115
-0.035043
-0.035336
-0.0354922
-0.0355134
-0.0354011
-0.0351578
-0.0347852
-0.0342865
-0.0336648
-0.0329235
-0.0320663
-0.0310971
-0.0300212
-0.0288464
-0.0275878
-0.0262648
-0.0249313
-0.0235844
-0.0223533
-0.0210505
-0.0195002
-0.0169404
-0.00913081
-0.00967327
-0.0109034
-0.012653
-0.014922
-0.017491
-0.0199936
-0.0222438
-0.0242287
-0.0259916
-0.0275752
-0.029004
-0.0302877
-0.0314288
-0.0324278
-0.0332846
-0.0339998
-0.0345741
-0.0350085
-0.0353037
-0.0354611
-0.0354822
-0.0353685
-0.0351225
-0.0347461
-0.0342431
-0.0336172
-0.0328726
-0.0320143
-0.0310475
-0.0299793
-0.0288192
-0.0275846
-0.0262964
-0.0250168
-0.0237283
-0.0226014
-0.0214955
-0.0202195
-0.018219
-0.0088637
-0.00942735
-0.0106732
-0.0124162
-0.0146599
-0.0172075
-0.0197232
-0.0219916
-0.0239912
-0.0257645
-0.0273551
-0.0287894
-0.0300784
-0.0312256
-0.0322314
-0.0330956
-0.0338182
-0.0343993
-0.0348392
-0.0351383
-0.0352974
-0.0353178
-0.0352007
-0.0349487
-0.0345638
-0.0340502
-0.0334123
-0.0326551
-0.0317846
-0.0308075
-0.0297324
-0.0285707
-0.0273416
-0.0260668
-0.0248167
-0.0235583
-0.0225181
-0.0215273
-0.0204407
-0.0189992
-0.00837504
-0.00892881
-0.0101841
-0.0119187
-0.0141311
-0.0166617
-0.0191963
-0.0215014
-0.0235373
-0.0253391
-0.02695
-0.0283996
-0.0297022
-0.0308626
-0.0318817
-0.0327592
-0.0334942
-0.0340862
-0.034535
-0.0348402
-0.0350021
-0.0350217
-0.0348998
-0.0346388
-0.0342409
-0.0337105
-0.0330525
-0.0322726
-0.0313776
-0.0303758
-0.0292772
-0.0280952
-0.0268505
-0.0255682
-0.0243164
-0.0230567
-0.0220964
-0.0211461
-0.0202406
-0.0192014
-0.00776389
-0.00825854
-0.00948851
-0.0112013
-0.0133694
-0.0158712
-0.0184219
-0.0207753
-0.0228641
-0.0247101
-0.0263547
-0.0278306
-0.0291558
-0.0303374
-0.0313771
-0.0322742
-0.0330274
-0.0336353
-0.0340967
-0.0344107
-0.0345769
-0.0345959
-0.0344678
-0.034195
-0.0337796
-0.0332261
-0.0325398
-0.0317268
-0.0307949
-0.0297532
-0.0286133
-0.0273904
-0.0261078
-0.0247926
-0.0235137
-0.0222445
-0.0213057
-0.0203571
-0.0196338
-0.0188361
-0.00711566
-0.00750385
-0.00865184
-0.0103164
-0.012418
-0.0148637
-0.0174124
-0.0198131
-0.0219649
-0.0238693
-0.0255615
-0.0270761
-0.0284346
-0.0296467
-0.0307153
-0.0316395
-0.0324175
-0.0330468
-0.0335256
-0.0338518
-0.0340243
-0.0340432
-0.0339084
-0.0336212
-0.033184
-0.0326012
-0.031878
-0.0310211
-0.0300386
-0.0289407
-0.0277405
-0.0264554
-0.0251108
-0.0237367
-0.0224051
-0.0210961
-0.0201538
-0.019194
-0.018628
-0.017964
-0.00649094
-0.00674737
-0.00775554
-0.00932522
-0.0113239
-0.0136724
-0.016182
-0.0186125
-0.0208288
-0.0228034
-0.0245584
-0.0261264
-0.0275311
-0.0287852
-0.0298927
-0.030853
-0.0316637
-0.0323214
-0.032823
-0.0331659
-0.0333477
-0.0333681
-0.0332261
-0.0329225
-0.0324595
-0.0318409
-0.0310723
-0.0301601
-0.0291129
-0.0279416
-0.0266612
-0.0252907
-0.0238591
-0.0223996
-0.0209889
-0.0196148
-0.0186505
-0.017657
-0.0172515
-0.0166466
-0.00592866
-0.00606073
-0.00687217
-0.00828237
-0.0101314
-0.0123346
-0.0147531
-0.0171759
-0.0194439
-0.0214948
-0.023328
-0.0249669
-0.0264345
-0.0277452
-0.0289044
-0.0299121
-0.0307653
-0.0314597
-0.0319913
-0.0323563
-0.0325513
-0.0325754
-0.0324267
-0.0321053
-0.0316129
-0.0309526
-0.0301299
-0.0291509
-0.0280243
-0.0267618
-0.0253799
-0.0238998
-0.0223549
-0.0207827
-0.0192668
-0.0178066
-0.0168074
-0.0157731
-0.0154958
-0.0149143
-0.00545583
-0.00548557
-0.00605646
-0.00724334
-0.00888496
-0.0108879
-0.0131521
-0.0155111
-0.0178004
-0.019923
-0.021847
-0.0235769
-0.0251285
-0.0265151
-0.0277431
-0.0288128
-0.0297209
-0.0304627
-0.031033
-0.031427
-0.0316404
-0.0316716
-0.0315177
-0.0311777
-0.0306528
-0.0299452
-0.0290599
-0.0280027
-0.0267818
-0.0254097
-0.0239044
-0.0222898
-0.0206051
-0.0188931
-0.0172475
-0.0156828
-0.0146383
-0.0135485
-0.013373
-0.0127648
-0.00508036
-0.00502356
-0.00534718
-0.00626273
-0.0076363
-0.00937404
-0.0114137
-0.0136377
-0.0158966
-0.0180695
-0.0200886
-0.0219291
-0.0235901
-0.0250779
-0.0263973
-0.0275484
-0.0285279
-0.0293307
-0.0299508
-0.0303827
-0.0306213
-0.0306642
-0.0305075
-0.0301492
-0.0295895
-0.0288298
-0.0278741
-0.0267274
-0.0253976
-0.0238976
-0.0222471
-0.0204737
-0.0186236
-0.0167472
-0.0149508
-0.0132675
-0.0121691
-0.0109994
-0.0109093
-0.010193
-0.0047739
-0.00464416
-0.00477521
-0.00538953
-0.00643355
-0.00783548
-0.00957587
-0.011585
-0.0137447
-0.0159268
-0.0180305
-0.019995
-0.0217915
-0.0234106
-0.02485
-0.026108
-0.0271804
-0.0280619
-0.0287464
-0.0292278
-0.0295005
-0.0295612
-0.0294055
-0.0290305
-0.0284352
-0.0276198
-0.0265868
-0.0253405
-0.0238884
-0.0222439
-0.0204286
-0.0184742
-0.0164354
-0.0143721
-0.0124079
-0.0105996
-0.00944401
-0.00817085
-0.00816262
-0.00727115
-0.00449378
-0.00433246
-0.00435719
-0.00466487
-0.00531689
-0.00631502
-0.00767938
-0.00939392
-0.011377
-0.0135094
-0.0156682
-0.0177556
-0.0197077
-0.0214889
-0.0230818
-0.0244775
-0.0256698
-0.0266526
-0.0274198
-0.0279655
-0.0282837
-0.0283703
-0.0282212
-0.0278329
-0.0272031
-0.0263306
-0.0252158
-0.0238629
-0.0222793
-0.0204784
-0.0184833
-0.0163304
-0.0140831
-0.0118129
-0.00966445
-0.00772364
-0.00649659
-0.00509364
-0.00522868
-0.00415998
-0.00423342
-0.004117
-0.00408254
-0.00410715
-0.00432576
-0.00485168
-0.0057681
-0.00711475
-0.0088486
-0.0108657
-0.013033
-0.0152226
-0.0173341
-0.0192992
-0.0210768
-0.0226438
-0.0239873
-0.0250985
-0.0259708
-0.0265988
-0.0269766
-0.0271001
-0.0269656
-0.0265698
-0.0259095
-0.0249822
-0.0237869
-0.0223268
-0.020609
-0.0186471
-0.0164657
-0.0141068
-0.0116397
-0.00914896
-0.00679822
-0.00469618
-0.00333236
-0.00173311
-0.00207408
-0.000734082
-0.00404368
-0.00399399
-0.00390196
-0.0036822
-0.00346654
-0.00347161
-0.00388381
-0.00480745
-0.00623808
-0.00808428
-0.0102096
-0.012465
-0.0147183
-0.0168689
-0.018848
-0.020612
-0.0221352
-0.0234027
-0.0244054
-0.0251368
-0.0255913
-0.025766
-0.0256577
-0.0252638
-0.0245807
-0.0236069
-0.0223401
-0.020781
-0.0189363
-0.016821
-0.0144615
-0.0119035
-0.00922052
-0.00650938
-0.00394375
-0.00163029
-6.09396e-06
0.00194868
0.0016427
0.00395308
-0.003873
-0.00390795
-0.0037601
-0.00332664
-0.0026971
-0.00217803
-0.00206825
-0.00254575
-0.00364768
-0.00529184
-0.0073347
-0.00961435
-0.0119762
-0.0142924
-0.0164673
-0.0184348
-0.0201528
-0.0215961
-0.0227501
-0.023606
-0.0241572
-0.0244005
-0.0243345
-0.0239582
-0.0232662
-0.0222599
-0.020937
-0.0192977
-0.0173478
-0.0151027
-0.0125896
-0.00985548
-0.0069766
-0.00405784
-0.00127342
0.00129748
0.00329354
0.00583032
0.00626815
0.0107776
-0.00362086
-0.00375845
-0.00358111
-0.00292881
-0.00192661
-0.000941763
-0.000358059
-0.000422612
-0.0012118
-0.00265697
-0.00460751
-0.00688522
-0.00932067
-0.0117673
-0.0141087
-0.0162594
-0.0181613
-0.0197775
-0.0210862
-0.0220743
-0.0227332
-0.0230594
-0.0230515
-0.0227086
-0.0220323
-0.0210169
-0.0196632
-0.0179757
-0.0159596
-0.0136265
-0.0110017
-0.0081294
-0.00508094
-0.0019567
0.00108885
0.00401297
0.00649852
0.00984321
0.0113457
0.0178443
-0.00358365
-0.0036867
-0.00333907
-0.00241554
-0.00107534
0.000271081
0.00122411
0.00147897
0.000934186
-0.000347583
-0.00221417
-0.00448081
-0.00696594
-0.00950995
-0.011983
-0.0142858
-0.0163474
-0.0181196
-0.019573
-0.0206885
-0.0214565
-0.0218739
-0.0219388
-0.0216498
-0.0210074
-0.0200112
-0.0186609
-0.0169655
-0.0149313
-0.0125596
-0.00987219
-0.006903
-0.00369973
-0.000321779
0.00314793
0.00675193
0.0102267
0.0149658
0.0163563
0.0214032
-0.00258721
-0.00273179
-0.00253738
-0.00160794
-8.6739e-05
0.00152339
0.00272577
0.0032031
0.00282546
0.00165539
-0.00015073
-0.00240969
-0.0049359
-0.00756136
-0.0101461
-0.01258
-0.0147819
-0.0166949
-0.0182811
-0.0195176
-0.0203929
-0.0209019
-0.021042
-0.0208125
-0.0202149
-0.0192514
-0.0179299
-0.0162517
-0.0142441
-0.0118884
-0.00919724
-0.00618512
-0.00285376
0.000846749
0.00499881
0.00987191
0.0155098
0.0233322
0.0242585
0.0288193
-0.0049472
-0.0048798
-0.00387532
-0.00192457
0.000305566
0.0022721
0.00363033
0.00420987
0.0039286
0.00284472
0.00109815
-0.00113823
-0.00368132
-0.00635728
-0.00901643
-0.0115393
-0.0138363
-0.0158438
-0.0175198
-0.0188389
-0.0197874
-0.0203587
-0.0205506
-0.0203645
-0.019804
-0.0188748
-0.0175828
-0.0159287
-0.0138942
-0.0115255
-0.00880662
-0.00572329
-0.00223004
0.00181025
0.00665799
0.0129885
0.021441
0.0339212
0.040649
0.0711394
-0.00344236
4.90493e-05
0.000769428
0.000965677
0.00198497
0.00335521
0.00437572
0.00471066
0.0042702
0.00311621
0.00136289
-0.000849578
-0.0033608
-0.00600895
-0.00864937
-0.0111637
-0.0134607
-0.0154743
-0.0171604
-0.0184919
-0.0194536
-0.020037
-0.0202388
-0.0200598
-0.0195027
-0.0185705
-0.0172658
-0.0155904
-0.0135483
-0.0111573
-0.00841988
-0.00527618
-0.00166105
0.00256263
0.00762901
0.0141771
0.0225971
0.0373135
0.0608625
0.154577
)
;

boundaryField
{
    movingWall
    {
        type            zeroGradient;
    }
    fixedWalls
    {
        type            zeroGradient;
    }
    frontAndBack
    {
        type            empty;
    }
}


// ************************************************************************* //
