/*--------------------------------*- C++ -*----------------------------------*\
| =========                 |                                                 |
| \\      /  F ield         | OpenFOAM: The Open Source CFD Toolbox           |
|  \\    /   O peration     | Version:  2412                                  |
|   \\  /    A nd           | Website:  www.openfoam.com                      |
|    \\/     M anipulation  |                                                 |
\*---------------------------------------------------------------------------*/
FoamFile
{
    version     2.0;
    format      ascii;
    arch        "LSB;label=32;scalar=64";
    class       volScalarField;
    location    "1";
    object      p;
}
// * * * * * * * * * * * * * * * * * * * * * * * * * * * * * * * * * * * * * //

dimensions      [0 2 -2 0 0 0 0];

internalField   nonuniform List<scalar> 
1600
(
-1.41719e-08
-5.24193e-06
-1.01933e-05
-1.25258e-05
-1.05888e-05
-3.54638e-06
9.00432e-06
2.72549e-05
5.1304e-05
8.12198e-05
0.000117068
0.000158922
0.000206869
0.000261002
0.000321414
0.000388174
0.000461308
0.000540764
0.000626377
0.000717765
0.000814204
0.00091497
0.0010191
0.0011249
0.00123037
0.0013335
0.00143195
0.00152328
0.00160518
0.00167569
0.00173332
0.00177714
0.00180691
0.00182324
0.00182746
0.00182175
0.00180905
0.00179304
0.00177837
0.00176939
5.13847e-06
-9.21509e-08
-3.72138e-06
-4.16669e-06
-3.95713e-07
8.09408e-06
2.16491e-05
4.05054e-05
6.48228e-05
9.47219e-05
0.000130307
0.000171676
0.000218932
0.000272171
0.000331486
0.000396939
0.000468548
0.000546251
0.000629865
0.000719006
0.000813051
0.000911269
0.00101261
0.00111537
0.00121787
0.00131807
0.00141372
0.00150253
0.00158229
0.00165116
0.00170771
0.00175118
0.0017815
0.00179925
0.00180578
0.00180313
0.00179395
0.00178142
0.00176926
0.00176031
1.00659e-05
3.14774e-06
-7.72671e-07
1.15372e-07
5.90493e-06
1.63166e-05
3.14298e-05
5.14348e-05
7.65032e-05
0.00010678
0.000142391
0.000183453
0.000230072
0.000282348
0.000340366
0.000404187
0.000473825
0.000549221
0.000630207
0.000716437
0.000807369
0.000902296
0.00100018
0.00109954
0.00119868
0.00129571
0.00138854
0.001475
0.00155302
0.00162085
0.00167719
0.00172134
0.00175324
0.00177348
0.0017833
0.00178447
0.001779
0.00176897
0.00175713
0.00174611
1.14914e-05
2.04077e-06
-4.10812e-06
-3.71704e-06
2.88749e-06
1.45628e-05
3.09292e-05
5.19897e-05
7.78415e-05
0.0001086
0.000144382
0.000185296
0.000231449
0.000282943
0.00033987
0.000402304
0.000470279
0.000543769
0.000622652
0.000706661
0.000795337
0.000888012
0.000983717
0.00108111
0.00117859
0.00127435
0.00136635
0.00145239
0.00153044
0.0015987
0.00165587
0.00170121
0.00173463
0.00175668
0.0017685
0.00177158
0.00176732
0.00175697
0.00174304
0.00172956
6.53104e-06
-5.65483e-06
-1.51186e-05
-1.67882e-05
-1.08359e-05
9.40208e-07
1.76999e-05
3.92077e-05
6.54306e-05
9.64085e-05
0.000132216
0.000172949
0.00021871
0.000269613
0.00032577
0.000387288
0.000454253
0.000526709
0.000604612
0.000687782
0.000775854
0.000868232
0.000964005
0.00106189
0.0011603
0.00125742
0.00135113
0.00143906
0.00151896
0.00158888
0.00164738
0.00169363
0.00172756
0.00174973
0.00176129
0.00176362
0.00175783
0.00174487
0.00172777
0.00171208
-6.77644e-06
-2.14381e-05
-3.43937e-05
-3.886e-05
-3.45273e-05
-2.35837e-05
-7.23542e-06
1.40594e-05
4.01284e-05
7.09275e-05
0.000106485
0.000146875
0.000192202
0.000242598
0.000298209
0.000359196
0.000425718
0.00049791
0.000575829
0.000659396
0.000748348
0.000842171
0.000940005
0.00104058
0.00114226
0.00124311
0.00134082
0.00143271
0.00151607
0.00158861
0.00164866
0.00169531
0.00172851
0.001749
0.00175815
0.00175751
0.00174828
0.00173156
0.00171121
0.00169378
-2.96136e-05
-4.63265e-05
-6.25107e-05
-6.99578e-05
-6.77441e-05
-5.8246e-05
-4.29315e-05
-2.24291e-05
2.97706e-06
3.31667e-05
6.81251e-05
0.000107911
0.000152636
0.000202458
0.000257574
0.000318214
0.00038463
0.00045706
0.000535688
0.000620569
0.000711566
0.000808265
0.000909873
0.00101512
0.00112228
0.00122921
0.00133329
0.00143134
0.00151998
0.00159623
0.00165804
0.00170442
0.00173546
0.0017523
0.00175685
0.00175121
0.00173704
0.00171596
0.00169265
0.00167409
-6.25958e-05
-8.09233e-05
-9.99376e-05
-0.000110298
-0.00011043
-0.000102765
-8.89402e-05
-6.97101e-05
-4.54443e-05
-1.63179e-05
1.7625e-05
5.64362e-05
0.000100245
0.000149246
0.000203698
0.000263918
0.000330259
0.000403101
0.000482779
0.000569535
0.000663428
0.00076421
0.000871209
0.000983184
0.00109827
0.00121407
0.00132743
0.00143451
0.00153092
0.00161246
0.00167638
0.00172163
0.00174861
0.00175916
0.00175627
0.0017432
0.00172252
0.00169661
0.00167077
0.0016518
-0.000105953
-0.000125488
-0.000146919
-0.000160021
-0.000162585
-0.000157015
-0.000145046
-0.000127521
-0.000104867
-7.72959e-05
-4.48664e-05
-7.5228e-06
3.4888e-05
8.26069e-05
0.000135961
0.000195369
0.000261303
0.000334325
0.000414986
0.000503794
0.00060112
0.000707028
0.00082109
0.000942167
0.00106823
0.00119652
0.00132312
0.0014432
0.001551
0.00164045
0.00170727
0.00175037
0.00177058
0.00177086
0.00175622
0.0017321
0.0017027
0.00167133
0.00164347
0.00162491
-0.000159639
-0.00018003
-0.00020349
-0.000219131
-0.000224147
-0.000220868
-0.000211079
-0.000195678
-0.000175131
-0.00014967
-0.000119361
-8.41366e-05
-4.38165e-05
1.89032e-06
5.33866e-05
0.000111187
0.00017594
0.000248427
0.000329512
0.000420107
0.000521073
0.000633027
0.000756004
0.000889056
0.00102994
0.00117535
0.00132038
0.00145876
0.00158304
0.00168431
0.00175597
0.00179626
0.00180662
0.00179127
0.00175829
0.00171719
0.0016753
0.0016372
0.00160785
0.00159084
-0.00022339
-0.000244375
-0.000269512
-0.00028749
-0.000294961
-0.000294144
-0.000286847
-0.000274004
-0.000256103
-0.000233392
-0.000205939
-0.00017367
-0.000136378
-9.37269e-05
-4.52399e-05
9.69978e-06
7.19588e-05
0.000142613
0.000222967
0.000314538
0.000418939
0.000537626
0.000671385
0.000819621
0.000979723
0.00114725
0.00131624
0.00147856
0.0016248
0.00174243
0.00182152
0.00185989
0.00185918
0.00182424
0.00176626
0.00169971
0.00163866
0.0015909
0.00156004
0.00154599
-0.000296805
-0.000318177
-0.000344689
-0.000364823
-0.000374753
-0.000376574
-0.000372093
-0.00036227
-0.000347614
-0.000328389
-0.000304673
-0.000276393
-0.000243334
-0.000205127
-0.00016124
-0.000110936
-5.31033e-05
1.37278e-05
9.14686e-05
0.000182481
0.000289423
0.000414863
0.000560563
0.000726316
0.000908975
0.00110201
0.0012982
0.00148776
0.00165828
0.00179572
0.00188701
0.0019281
0.00191933
0.00186448
0.00177841
0.00168078
0.00159205
0.001529
0.00149531
0.00148524
-0.000379372
-0.000400939
-0.000428572
-0.000450708
-0.000463118
-0.000467765
-0.000466447
-0.000460146
-0.000449398
-0.000434491
-0.000415534
-0.00039248
-0.00036513
-0.000333116
-0.000295879
-0.000252562
-0.000201778
-0.000141569
-6.92558e-05
1.85864e-05
0.000125852
0.000256276
0.000412441
0.000594253
0.000797428
0.00101342
0.00123279
0.00144531
0.00163823
0.00179919
0.00191224
0.00196667
0.00195847
0.00188976
0.00177859
0.00165228
0.00153431
0.00144917
0.00141019
0.00140382
-0.000470453
-0.000492037
-0.000520571
-0.000544576
-0.000559503
-0.000567182
-0.000569395
-0.000567152
-0.000561027
-0.000551358
-0.000538308
-0.000521895
-0.000501985
-0.000478255
-0.000450173
-0.00041678
-0.000376412
-0.000326571
-0.000263724
-0.000183332
-8.04017e-05
4.93935e-05
0.00020816
0.00039451
0.000601842
0.00081928
0.00103456
0.00124573
0.00143813
0.00160803
0.00175222
0.0018554
0.0018954
0.00186026
0.00175308
0.00160679
0.00146559
0.00135304
0.00130372
0.00129846
-0.000569285
-0.000590727
-0.00061996
-0.000645716
-0.000663206
-0.000674128
-0.00068025
-0.000682618
-0.000681865
-0.000678405
-0.000672501
-0.00066429
-0.000653763
-0.000640716
-0.000624712
-0.000604755
-0.000578951
-0.00054429
-0.000496491
-0.000430265
-0.000340229
-0.000223068
-8.04105e-05
8.00519e-05
0.000245186
0.000395902
0.00051266
0.000624317
0.000718427
0.000836192
0.00101022
0.00122814
0.00144348
0.00159945
0.00163715
0.00154962
0.00139857
0.00126455
0.00118215
0.00117355
-0.000674986
-0.00069614
-0.000725885
-0.000753276
-0.00077337
-0.00078774
-0.000798137
-0.000805657
-0.00081102
-0.000814757
-0.000817282
-0.000818908
-0.000819832
-0.000820064
-0.000819361
-0.000816834
-0.000810538
-0.000797197
-0.000772209
-0.000730234
-0.000666953
-0.000582729
-0.000488005
-0.000408484
-0.000381434
-0.000442094
-0.000604671
-0.000859176
-0.00106392
-0.00112719
-0.000959655
-0.000562026
4.93808e-06
0.000615453
0.00110939
0.00135512
0.00134214
0.001211
0.00106927
0.00103543
-0.000786564
-0.000807296
-0.000837368
-0.000866271
-0.000888991
-0.000906978
-0.000921981
-0.000935155
-0.000947331
-0.000959195
-0.000971362
-0.000984399
-0.000998809
-0.00101494
-0.00103287
-0.00105207
-0.00107089
-0.00108631
-0.00109434
-0.0010914
-0.00107739
-0.00106118
-0.00107188
-0.00117325
-0.00144997
-0.00197237
-0.00272253
-0.00356071
-0.00424237
-0.00465009
-0.00458569
-0.00401982
-0.00301606
-0.00173464
-0.000421682
0.000615615
0.00113252
0.00116444
0.00103724
0.000898959
-0.000902926
-0.00092311
-0.000953323
-0.000983592
-0.00100892
-0.00103065
-0.00105051
-0.00106973
-0.0010893
-0.00111008
-0.00113294
-0.00115878
-0.00118851
-0.00122295
-0.00126268
-0.00130784
-0.00135755
-0.0014099
-0.00146307
-0.00151788
-0.00158183
-0.00167843
-0.00187576
-0.00229332
-0.00306672
-0.00427254
-0.00579386
-0.00734821
-0.00861748
-0.00928966
-0.00930792
-0.00864476
-0.00734734
-0.00551738
-0.00334805
-0.00120935
0.000363816
0.0010164
0.00102653
0.000711014
-0.00102289
-0.00104241
-0.00107257
-0.00110403
-0.0011319
-0.0011574
-0.00118226
-0.0012078
-0.00123516
-0.00126543
-0.00129978
-0.00133949
-0.00138598
-0.00144068
-0.0015049
-0.00157968
-0.00166553
-0.00176265
-0.001873
-0.0020039
-0.00217302
-0.00242995
-0.00289282
-0.00372865
-0.00512792
-0.00711299
-0.00938456
-0.0114799
-0.0130094
-0.0137824
-0.0137961
-0.0131058
-0.0117588
-0.00978243
-0.00721688
-0.00423551
-0.0013733
0.000476134
0.00087759
0.000460286
-0.00114523
-0.00116398
-0.00119387
-0.00122631
-0.00125658
-0.00128578
-0.00131565
-0.00134759
-0.00138291
-0.00142295
-0.00146922
-0.00152342
-0.00158752
-0.0016637
-0.0017542
-0.00186121
-0.00198703
-0.00213487
-0.00231158
-0.00253213
-0.00282671
-0.00327792
-0.00403948
-0.00533287
-0.00737118
-0.0100333
-0.0128267
-0.01516
-0.0166713
-0.017346
-0.0172669
-0.0165349
-0.0152356
-0.0133898
-0.0109458
-0.0078104
-0.00409811
-0.000787915
0.000540992
0.000254534
-0.00126867
-0.00128654
-0.00131596
-0.00134913
-0.00138157
-0.00141429
-0.001449
-0.00148721
-0.00153039
-0.00158013
-0.00163829
-0.00170701
-0.00178886
-0.00188679
-0.0020041
-0.00214441
-0.00231194
-0.00251314
-0.00276025
-0.00307575
-0.00350336
-0.00415142
-0.00519988
-0.00691309
-0.00946957
-0.0126052
-0.015676
-0.0180584
-0.0194924
-0.0200377
-0.0198092
-0.0189582
-0.0176365
-0.0159173
-0.0137651
-0.0109964
-0.00726493
-0.0028674
-2.85102e-05
5.32175e-05
-0.00139193
-0.00140884
-0.00143759
-0.00147118
-0.00150547
-0.00154137
-0.00158057
-0.00162467
-0.0016753
-0.00173431
-0.00180385
-0.00188651
-0.00198542
-0.00210429
-0.00224748
-0.0024201
-0.00262843
-0.00288172
-0.00319666
-0.0036027
-0.00415493
-0.00497417
-0.00625886
-0.00828027
-0.011175
-0.0145984
-0.0178127
-0.0202128
-0.0216109
-0.0220736
-0.0217032
-0.0206851
-0.0192467
-0.0175381
-0.015586
-0.0132712
-0.0101102
-0.00548824
-0.00114577
-0.000405362
-0.00151382
-0.00152969
-0.00155754
-0.00159122
-0.00162694
-0.00166552
-0.00170867
-0.00175804
-0.00181541
-0.00188284
-0.00196276
-0.00205815
-0.00217263
-0.00231057
-0.00247724
-0.00267898
-0.00292391
-0.00322378
-0.00359841
-0.00408242
-0.00473645
-0.00568079
-0.00711916
-0.00930093
-0.0123421
-0.0158962
-0.0191902
-0.0216309
-0.0230473
-0.0234869
-0.0230213
-0.0218459
-0.0202624
-0.0184947
-0.0166291
-0.0146305
-0.0121518
-0.00811837
-0.00301173
-0.00135788
-0.00163321
-0.00164799
-0.00167472
-0.00170809
-0.00174471
-0.00178534
-0.00183168
-0.00188546
-0.00194857
-0.00202324
-0.00211212
-0.00221848
-0.00234632
-0.00250054
-0.00268708
-0.00291325
-0.00318853
-0.00352635
-0.00394818
-0.00449043
-0.0052133
-0.00622531
-0.00772073
-0.00991837
-0.0129085
-0.0164244
-0.0197302
-0.0222163
-0.0236815
-0.0241417
-0.0236393
-0.0223452
-0.0206641
-0.0188635
-0.017061
-0.0152619
-0.0133082
-0.0102108
-0.00535468
-0.0028242
-0.00174912
-0.00176278
-0.00178817
-0.00182081
-0.00185769
-0.00189958
-0.00194817
-0.00200525
-0.00207283
-0.00215324
-0.00224932
-0.00236451
-0.00250305
-0.00267019
-0.00287232
-0.00311737
-0.00341552
-0.00378072
-0.00423426
-0.00481084
-0.005566
-0.006592
-0.00805452
-0.0101368
-0.0129001
-0.0161861
-0.0193897
-0.0218754
-0.0233694
-0.023853
-0.0233789
-0.0219977
-0.0203479
-0.0186192
-0.016938
-0.0153149
-0.0137033
-0.0114742
-0.00761973
-0.00449557
-0.00186075
-0.00187329
-0.00189714
-0.00192856
-0.00196496
-0.00200716
-0.00205688
-0.00211596
-0.00218651
-0.00227095
-0.0023722
-0.00249381
-0.00264014
-0.00281657
-0.00302966
-0.00328747
-0.00360012
-0.00398112
-0.0044503
-0.00503913
-0.00579087
-0.00678645
-0.00814476
-0.010008
-0.0124297
-0.0153108
-0.0182302
-0.0206014
-0.0220693
-0.0225516
-0.022097
-0.0208765
-0.0193409
-0.0177817
-0.0162984
-0.0148805
-0.0135212
-0.011926
-0.00931369
-0.00592398
-0.00196755
-0.00197898
-0.0020011
-0.00203075
-0.00206581
-0.00210722
-0.00215676
-0.00221638
-0.00228823
-0.00237482
-0.0024791
-0.00260462
-0.00275573
-0.00293774
-0.00315711
-0.00342161
-0.00374083
-0.00412703
-0.00459726
-0.00517687
-0.00590343
-0.00683233
-0.00804377
-0.00963827
-0.0116593
-0.0140318
-0.0164844
-0.0185609
-0.0199
-0.0203684
-0.0200113
-0.0190191
-0.0177446
-0.0164512
-0.015218
-0.0140284
-0.012916
-0.011734
-0.0101512
-0.00688691
-0.00206926
-0.00207961
-0.00209978
-0.00212706
-0.00215978
-0.00219912
-0.00224701
-0.00230554
-0.00237693
-0.00246372
-0.00256886
-0.00269583
-0.00284883
-0.00303299
-0.0032544
-0.00352035
-0.00383949
-0.0042224
-0.00468302
-0.00524065
-0.00592263
-0.00676657
-0.00782312
-0.0091499
-0.0107748
-0.0126342
-0.014551
-0.0162152
-0.0173316
-0.0177586
-0.0175291
-0.0167979
-0.015831
-0.0148255
-0.0138362
-0.012852
-0.0119605
-0.0109991
-0.0100856
-0.00748621
-0.00216599
-0.00217533
-0.00219328
-0.00221745
-0.00224664
-0.00228244
-0.00232706
-0.00238273
-0.0024518
-0.00253684
-0.00264073
-0.00276685
-0.0029192
-0.00310255
-0.00332253
-0.0035857
-0.00389959
-0.00427302
-0.00471678
-0.00524467
-0.00587482
-0.00663144
-0.00754438
-0.00863937
-0.00992353
-0.011346
-0.0127816
-0.0140343
-0.0149
-0.0152612
-0.0151293
-0.0146129
-0.0138964
-0.0131173
-0.0123178
-0.0114902
-0.0107555
-0.00987122
-0.00938053
-0.00763481
-0.0022583
-0.00226668
-0.00228208
-0.0023022
-0.00232643
-0.002357
-0.00239651
-0.00244745
-0.0025123
-0.00259365
-0.00269433
-0.00281754
-0.00296704
-0.00314718
-0.00336303
-0.00362035
-0.00392554
-0.00428566
-0.00470868
-0.00520394
-0.005783
-0.00645963
-0.00724836
-0.0081571
-0.00917733
-0.0102678
-0.0113363
-0.0122562
-0.0128976
-0.0131719
-0.0130765
-0.012687
-0.0121248
-0.0114893
-0.0108138
-0.010085
-0.00944952
-0.00856404
-0.00836217
-0.00715511
-0.00234743
-0.00235483
-0.00236713
-0.00238196
-0.00239947
-0.00242277
-0.00245511
-0.00249933
-0.00255805
-0.00263387
-0.00272952
-0.00284801
-0.00299277
-0.00316776
-0.00337752
-0.00362702
-0.00392155
-0.00426661
-0.00466788
-0.00513145
-0.00566381
-0.00627109
-0.0069576
-0.00772165
-0.00854734
-0.00939797
-0.0102066
-0.0108845
-0.0113452
-0.0115275
-0.0114259
-0.0110903
-0.010605
-0.0100408
-0.00942085
-0.008733
-0.00816008
-0.00721608
-0.00724906
-0.00620554
-0.00243546
-0.00244169
-0.00244995
-0.00245777
-0.00246624
-0.00247979
-0.0025026
-0.00253793
-0.00258857
-0.0026571
-0.00274608
-0.00285828
-0.00299678
-0.00316511
-0.00336725
-0.00360755
-0.00389043
-0.00422013
-0.0046006
-0.00503535
-0.00552698
-0.00607656
-0.00668229
-0.00733655
-0.00802079
-0.00870133
-0.00932745
-0.00983504
-0.0101627
-0.0102674
-0.0101418
-0.00982004
-0.00935703
-0.0088035
-0.00818119
-0.00748981
-0.0069517
-0.00590087
-0.00624982
-0.00509793
-0.00252594
-0.00253036
-0.0025329
-0.00253115
-0.0025272
-0.00252787
-0.00253836
-0.00256239
-0.00260288
-0.00266231
-0.00274304
-0.00284752
-0.00297844
-0.00313886
-0.00333227
-0.00356239
-0.00383292
-0.00414725
-0.00450833
-0.00491777
-0.00537539
-0.00587898
-0.00642289
-0.006996
-0.00757907
-0.00814181
-0.00864257
-0.0090331
-0.0092678
-0.00931426
-0.00916247
-0.00883211
-0.00835863
-0.00777884
-0.00711482
-0.00637974
-0.00583324
-0.00464239
-0.00538762
-0.00392538
-0.00262457
-0.00262562
-0.00261936
-0.00260356
-0.00258244
-0.00256604
-0.00256071
-0.00257058
-0.00259854
-0.00264685
-0.00271754
-0.00281264
-0.00293443
-0.00308558
-0.00326907
-0.00348807
-0.00374571
-0.00404492
-0.00438777
-0.00477471
-0.00520411
-0.00567183
-0.00616995
-0.00668543
-0.00719872
-0.00768265
-0.0081021
-0.00841768
-0.00859193
-0.00859863
-0.00842619
-0.00808227
-0.00758738
-0.0069637
-0.00623408
-0.00542035
-0.00479392
-0.00340253
-0.00434199
-0.00197891
-0.00274215
-0.00273584
-0.00271469
-0.00267622
-0.00263052
-0.00259075
-0.00256482
-0.00255689
-0.00256945
-0.00260422
-0.00266265
-0.00274622
-0.00285669
-0.00299632
-0.00316775
-0.00337384
-0.00361739
-0.00390097
-0.00422618
-0.00459292
-0.00499902
-0.00543942
-0.00590512
-0.00638232
-0.0068517
-0.00728817
-0.0076613
-0.0079371
-0.00808201
-0.00807029
-0.00789124
-0.00754275
-0.00703091
-0.00636359
-0.0055602
-0.0046485
-0.0038752
-0.0021855
-0.00273505
0.00176695
-0.00289244
-0.00286915
-0.00282015
-0.00274479
-0.0026619
-0.00258998
-0.00253784
-0.00250849
-0.00250329
-0.00252288
-0.00256762
-0.00263806
-0.00273526
-0.00286094
-0.00301744
-0.0032075
-0.00343399
-0.00369965
-0.0040062
-0.00435363
-0.00473987
-0.0051598
-0.0056044
-0.00606007
-0.00650812
-0.00692488
-0.00728229
-0.00754865
-0.00769417
-0.00769348
-0.00752907
-0.00719177
-0.00667664
-0.00597974
-0.00509973
-0.00405162
-0.0030689
-0.00098765
-0.000764895
0.00584491
-0.00315053
-0.00308002
-0.00295676
-0.00280727
-0.00266429
-0.00254933
-0.00246713
-0.00241627
-0.00239532
-0.00240274
-0.00243682
-0.00249672
-0.00258258
-0.00269545
-0.00283735
-0.00301098
-0.00321953
-0.00346611
-0.00375295
-0.00408094
-0.00444886
-0.00485248
-0.00528367
-0.00572963
-0.00617249
-0.00658929
-0.00695238
-0.00723216
-0.00740023
-0.00743
-0.00729665
-0.00698119
-0.00646876
-0.005736
-0.00474302
-0.00340103
-0.00188414
0.0010906
0.00135276
0.0063225
-0.00332133
-0.00306863
-0.00284773
-0.00269537
-0.00255396
-0.00243521
-0.0023496
-0.00229583
-0.00227153
-0.00227586
-0.00230648
-0.00236185
-0.00244169
-0.00254712
-0.00268014
-0.00284326
-0.00303973
-0.00327283
-0.00354529
-0.0038587
-0.00421264
-0.00460382
-0.00502513
-0.00546482
-0.00590604
-0.00632679
-0.00670057
-0.00699812
-0.00718998
-0.00724677
-0.00713907
-0.00683668
-0.00630442
-0.00547814
-0.00423455
-0.00222568
0.000772469
0.00635803
0.00636129
0.010581
-0.00504865
-0.00448361
-0.00390486
-0.00333282
-0.00290525
-0.00262447
-0.00244886
-0.00234436
-0.00229012
-0.00227446
-0.00229109
-0.00233597
-0.00240707
-0.00250424
-0.00262886
-0.0027835
-0.0029712
-0.00319511
-0.00345799
-0.00376154
-0.00410558
-0.00448712
-0.00489949
-0.00533153
-0.005767
-0.00618457
-0.00655837
-0.00685917
-0.00705577
-0.00711542
-0.00700292
-0.0066757
-0.0060706
-0.00505728
-0.00337262
-0.000330759
0.00494857
0.0148532
0.0201364
0.0491227
-0.00293563
0.00062373
0.000489348
-0.000701317
-0.0013343
-0.00155029
-0.00167408
-0.00177809
-0.00186029
-0.0019329
-0.00201032
-0.00209951
-0.00220383
-0.00232667
-0.00247189
-0.00264349
-0.0028453
-0.00308089
-0.00335318
-0.00366381
-0.00401238
-0.00439564
-0.00480665
-0.00523407
-0.00566167
-0.00606834
-0.0064284
-0.0067126
-0.00688881
-0.00692209
-0.00677055
-0.00637628
-0.00564763
-0.00442005
-0.00245848
0.000923953
0.00627498
0.0179168
0.0384717
0.128861
)
;

boundaryField
{
    movingWall
    {
        type            zeroGradient;
    }
    fixedWalls
    {
        type            zeroGradient;
    }
    frontAndBack
    {
        type            empty;
    }
}


// ************************************************************************* //
