/*--------------------------------*- C++ -*----------------------------------*\
| =========                 |                                                 |
| \\      /  F ield         | OpenFOAM: The Open Source CFD Toolbox           |
|  \\    /   O peration     | Version:  2412                                  |
|   \\  /    A nd           | Website:  www.openfoam.com                      |
|    \\/     M anipulation  |                                                 |
\*---------------------------------------------------------------------------*/
FoamFile
{
    version     2.0;
    format      ascii;
    arch        "LSB;label=32;scalar=64";
    class       surfaceScalarField;
    location    "1";
    object      phi;
}
// * * * * * * * * * * * * * * * * * * * * * * * * * * * * * * * * * * * * * //

dimensions      [0 3 -1 0 0 0 0];

oriented        oriented;

internalField   nonuniform List<scalar> 
3120
(
6.60457e-10
-6.59105e-10
-5.86996e-09
6.53044e-09
-1.974e-08
1.38701e-08
-3.86964e-08
1.89564e-08
-6.06532e-08
2.19569e-08
-8.42191e-08
2.35659e-08
-1.08547e-07
2.43277e-08
-1.33127e-07
2.45801e-08
-1.57649e-07
2.45219e-08
-1.81914e-07
2.42653e-08
-2.05782e-07
2.38682e-08
-2.29136e-07
2.33538e-08
-2.51855e-07
2.2719e-08
-2.73795e-07
2.19402e-08
-2.94772e-07
2.09767e-08
-3.14546e-07
1.9774e-08
-3.32813e-07
1.82675e-08
-3.49201e-07
1.63877e-08
-3.63266e-07
1.40651e-08
-3.74493e-07
1.12267e-08
-3.82301e-07
7.80827e-09
-3.8619e-07
3.88899e-09
-3.85766e-07
-4.23732e-10
-3.80479e-07
-5.28665e-09
-3.70032e-07
-1.04476e-08
-3.54296e-07
-1.57354e-08
-3.33361e-07
-2.09353e-08
-3.07565e-07
-2.57954e-08
-2.77492e-07
-3.00733e-08
-2.43945e-07
-3.35474e-08
-2.07918e-07
-3.60265e-08
-1.70515e-07
-3.7403e-08
-1.32923e-07
-3.75922e-08
-9.64496e-08
-3.64732e-08
-6.25789e-08
-3.38706e-08
-3.30823e-08
-2.94965e-08
-1.01712e-08
-2.29112e-08
3.60937e-09
-1.37805e-08
6.48065e-09
-2.87125e-09
6.48067e-09
-6.68657e-09
6.02748e-09
-2.34772e-08
2.33211e-08
-4.75732e-08
3.79661e-08
-7.65296e-08
4.79128e-08
-1.08603e-07
5.40306e-08
-1.42576e-07
5.75386e-08
-1.77608e-07
5.93595e-08
-2.13118e-07
6.00903e-08
-2.48691e-07
6.0095e-08
-2.84006e-07
5.95806e-08
-3.18791e-07
5.86524e-08
-3.52782e-07
5.73451e-08
-3.85703e-07
5.56402e-08
-4.17241e-07
5.34778e-08
-4.47027e-07
5.07636e-08
-4.74632e-07
4.73783e-08
-4.99552e-07
4.31873e-08
-5.21218e-07
3.80542e-08
-5.39008e-07
3.18552e-08
-5.52276e-07
2.4495e-08
-5.60408e-07
1.594e-08
-5.628e-07
6.28116e-09
-5.58882e-07
-4.34135e-09
-5.48399e-07
-1.577e-08
-5.31184e-07
-2.7663e-08
-5.07317e-07
-3.96024e-08
-4.77131e-07
-5.11208e-08
-4.41224e-07
-6.17021e-08
-4.00421e-07
-7.08767e-08
-3.55731e-07
-7.8237e-08
-3.08305e-07
-8.34528e-08
-2.59431e-07
-8.62766e-08
-2.10475e-07
-8.65486e-08
-1.62826e-07
-8.4122e-08
-1.17922e-07
-7.87744e-08
-7.73209e-08
-7.0098e-08
-4.28335e-08
-5.73985e-08
-1.67642e-08
-3.98498e-08
-2.16503e-09
-1.74704e-08
4.31565e-09
-1.45422e-08
2.05697e-08
-3.88413e-08
4.76203e-08
-6.8022e-08
6.71468e-08
-1.00539e-07
8.04297e-08
-1.35489e-07
8.89804e-08
-1.72142e-07
9.41917e-08
-2.09903e-07
9.71205e-08
-2.48286e-07
9.84734e-08
-2.86886e-07
9.86948e-08
-3.25348e-07
9.80435e-08
-3.63344e-07
9.66477e-08
-4.00538e-07
9.4539e-08
-4.36572e-07
9.16749e-08
-4.71048e-07
8.79531e-08
-5.03509e-07
8.3225e-08
-5.3344e-07
7.73094e-08
-5.60263e-07
7.00101e-08
-5.83346e-07
6.11373e-08
-6.02024e-07
5.05333e-08
-6.15631e-07
3.81017e-08
-6.23537e-07
2.38461e-08
-6.25158e-07
7.90247e-09
-6.2002e-07
-9.47892e-09
-6.07856e-07
-2.79342e-08
-5.88584e-07
-4.69347e-08
-5.6235e-07
-6.58372e-08
-5.29564e-07
-8.39059e-08
-4.90913e-07
-1.00354e-07
-4.47313e-07
-1.14477e-07
-3.99875e-07
-1.25675e-07
-3.49848e-07
-1.33479e-07
-2.98549e-07
-1.37575e-07
-2.47312e-07
-1.37786e-07
-1.97434e-07
-1.34e-07
-1.50142e-07
-1.26066e-07
-1.06584e-07
-1.13657e-07
-6.78648e-08
-9.61176e-08
-3.52577e-08
-7.24569e-08
-1.09552e-08
-4.17729e-08
-6.63952e-09
-2.04004e-08
4.09701e-08
-4.98051e-08
7.70249e-08
-8.23241e-08
9.96659e-08
-1.16864e-07
1.1497e-07
-1.53079e-07
1.25196e-07
-1.9065e-07
1.31762e-07
-2.29228e-07
1.35699e-07
-2.6846e-07
1.37705e-07
-3.07999e-07
1.38234e-07
-3.47512e-07
1.37557e-07
-3.86666e-07
1.35801e-07
-4.25108e-07
1.32981e-07
-4.62451e-07
1.29018e-07
-4.98263e-07
1.23765e-07
-5.32055e-07
1.17017e-07
-5.63278e-07
1.08532e-07
-5.91323e-07
9.8055e-08
-6.15529e-07
8.53438e-08
-6.35205e-07
7.0209e-08
-6.49657e-07
5.25536e-08
-6.58219e-07
3.24082e-08
-6.6028e-07
9.9634e-09
-6.55342e-07
-1.4417e-08
-6.43089e-07
-4.01871e-08
-6.23417e-07
-6.66069e-08
-5.96463e-07
-9.27912e-08
-5.62648e-07
-1.1772e-07
-5.2269e-07
-1.40312e-07
-4.77573e-07
-1.59594e-07
-4.28503e-07
-1.74745e-07
-3.7683e-07
-1.85152e-07
-3.23958e-07
-1.90448e-07
-2.71251e-07
-1.90493e-07
-2.19954e-07
-1.85297e-07
-1.71125e-07
-1.74895e-07
-1.25608e-07
-1.59174e-07
-8.4051e-08
-1.37675e-07
-4.715e-08
-1.09358e-07
-1.68079e-08
-7.2115e-08
-2.34474e-08
-2.41903e-08
6.51604e-08
-5.6995e-08
1.0983e-07
-9.19482e-08
1.34619e-07
-1.28064e-07
1.51086e-07
-1.65241e-07
1.62372e-07
-2.03402e-07
1.69923e-07
-2.42392e-07
1.74688e-07
-2.81996e-07
1.77309e-07
-3.21964e-07
1.78202e-07
-3.62018e-07
1.77612e-07
-4.01853e-07
1.75636e-07
-4.41129e-07
1.72257e-07
-4.79466e-07
1.67354e-07
-5.16427e-07
1.60727e-07
-5.51518e-07
1.52108e-07
-5.84176e-07
1.41191e-07
-6.13773e-07
1.27652e-07
-6.39618e-07
1.11189e-07
-6.60981e-07
9.15727e-08
-6.77111e-07
6.8683e-08
-6.87257e-07
4.25542e-08
-6.90717e-07
1.34237e-08
-6.86893e-07
-1.82409e-08
-6.75356e-07
-5.17242e-08
-6.55896e-07
-8.60661e-08
-6.28575e-07
-1.20112e-07
-5.93788e-07
-1.52508e-07
-5.52276e-07
-1.81823e-07
-5.05115e-07
-2.06755e-07
-4.53659e-07
-2.26201e-07
-3.99441e-07
-2.3937e-07
-3.4404e-07
-2.45848e-07
-2.88953e-07
-2.45579e-07
-2.35471e-07
-2.3878e-07
-1.84585e-07
-2.2578e-07
-1.36962e-07
-2.06797e-07
-9.3004e-08
-1.81632e-07
-5.32062e-08
-1.49156e-07
-1.96016e-08
-1.0572e-07
-4.3049e-08
-2.64647e-08
9.16252e-08
-6.14808e-08
1.44846e-07
-9.82104e-08
1.71349e-07
-1.35612e-07
1.88487e-07
-1.73647e-07
2.00408e-07
-2.12369e-07
2.08645e-07
-2.51756e-07
2.14075e-07
-2.91711e-07
2.17265e-07
-3.32078e-07
2.18569e-07
-3.72649e-07
2.18182e-07
-4.13168e-07
2.16155e-07
-4.53335e-07
2.12424e-07
-4.92796e-07
2.06816e-07
-5.31138e-07
1.99069e-07
-5.67878e-07
1.88848e-07
-6.02454e-07
1.75766e-07
-6.3422e-07
1.59418e-07
-6.62454e-07
1.39424e-07
-6.86365e-07
1.15484e-07
-7.05099e-07
8.74165e-08
-7.17775e-07
5.52304e-08
-7.23533e-07
1.91813e-08
-7.21594e-07
-2.01796e-08
-7.11341e-07
-6.19767e-08
-6.92388e-07
-1.05019e-07
-6.64655e-07
-1.47846e-07
-6.28462e-07
-1.887e-07
-5.84574e-07
-2.25711e-07
-5.342e-07
-2.57129e-07
-4.78936e-07
-2.81465e-07
-4.20624e-07
-2.97682e-07
-3.61168e-07
-3.05304e-07
-3.02343e-07
-3.04404e-07
-2.45623e-07
-2.955e-07
-1.92051e-07
-2.79352e-07
-1.42207e-07
-2.56641e-07
-9.63583e-08
-2.27481e-07
-5.49449e-08
-1.90569e-07
-2.01291e-08
-1.40535e-07
-6.3178e-08
-2.77304e-08
1.19356e-07
-6.41283e-08
1.81244e-07
-1.0211e-07
2.09331e-07
-1.40526e-07
2.26903e-07
-1.79326e-07
2.39208e-07
-2.18616e-07
2.47935e-07
-2.58461e-07
2.53921e-07
-2.98855e-07
2.57659e-07
-3.39725e-07
2.59439e-07
-3.80937e-07
2.59394e-07
-4.22303e-07
2.57521e-07
-4.63579e-07
2.537e-07
-5.04462e-07
2.47698e-07
-5.44577e-07
2.39184e-07
-5.83468e-07
2.27739e-07
-6.20585e-07
2.12883e-07
-6.55269e-07
1.94103e-07
-6.8676e-07
1.70914e-07
-7.14173e-07
1.42897e-07
-7.36521e-07
1.09765e-07
-7.52741e-07
7.14505e-08
-7.61746e-07
2.81855e-08
-7.62497e-07
-1.94281e-08
-7.54103e-07
-7.03708e-08
-7.35911e-07
-1.23211e-07
-7.0762e-07
-1.76136e-07
-6.69414e-07
-2.26907e-07
-6.22048e-07
-2.73077e-07
-5.66899e-07
-3.12279e-07
-5.05936e-07
-3.42428e-07
-4.41496e-07
-3.62122e-07
-3.76024e-07
-3.70776e-07
-3.11797e-07
-3.68632e-07
-2.50666e-07
-3.56631e-07
-1.93858e-07
-3.3616e-07
-1.41925e-07
-3.08574e-07
-9.4967e-08
-2.74439e-07
-5.32912e-08
-2.32245e-07
-1.90206e-08
-1.74806e-07
-8.21986e-08
-2.83336e-08
1.47689e-07
-6.55195e-08
2.18429e-07
-1.04329e-07
2.48141e-07
-1.43504e-07
2.66078e-07
-1.82953e-07
2.78656e-07
-2.22793e-07
2.87775e-07
-2.63142e-07
2.9427e-07
-3.04064e-07
2.98581e-07
-3.45561e-07
3.00936e-07
-3.87577e-07
3.01409e-07
-4.29998e-07
2.99943e-07
-4.72654e-07
2.96356e-07
-5.15306e-07
2.9035e-07
-5.57639e-07
2.81516e-07
-5.9924e-07
2.69341e-07
-6.39581e-07
2.53224e-07
-6.78e-07
2.32522e-07
-7.13685e-07
2.06598e-07
-7.45644e-07
1.74857e-07
-7.72725e-07
1.36846e-07
-7.93633e-07
9.23584e-08
-8.0699e-07
4.15426e-08
-8.11421e-07
-1.4997e-08
-8.05659e-07
-7.61331e-08
-7.88677e-07
-1.40193e-07
-7.59825e-07
-2.04988e-07
-7.19032e-07
-2.677e-07
-6.66972e-07
-3.25137e-07
-6.05176e-07
-3.74074e-07
-5.36103e-07
-4.11501e-07
-4.62862e-07
-4.35363e-07
-3.88756e-07
-4.44881e-07
-3.1691e-07
-4.40478e-07
-2.49866e-07
-4.23674e-07
-1.89232e-07
-3.96794e-07
-1.35555e-07
-3.62251e-07
-8.86319e-08
-3.21363e-07
-4.83659e-08
-2.72511e-07
-1.64874e-08
-2.06684e-07
-9.8686e-08
-2.84941e-08
1.76183e-07
-6.60266e-08
2.55962e-07
-1.05315e-07
2.87429e-07
-1.4501e-07
3.05773e-07
-1.84967e-07
3.18613e-07
-2.253e-07
3.28108e-07
-2.66159e-07
3.35129e-07
-3.07664e-07
3.40085e-07
-3.49886e-07
3.43158e-07
-3.92848e-07
3.44371e-07
-4.36519e-07
3.43615e-07
-4.80813e-07
3.4065e-07
-5.25575e-07
3.35112e-07
-5.70566e-07
3.26507e-07
-6.15436e-07
3.14211e-07
-6.59697e-07
2.97484e-07
-7.02694e-07
2.7552e-07
-7.43563e-07
2.47467e-07
-7.81202e-07
2.12496e-07
-8.14275e-07
1.69918e-07
-8.41227e-07
1.1931e-07
-8.60343e-07
6.06588e-08
-8.69844e-07
-5.49558e-09
-8.67985e-07
-7.79924e-08
-8.53226e-07
-1.54952e-07
-8.24374e-07
-2.3384e-07
-7.80874e-07
-3.112e-07
-7.23105e-07
-3.82905e-07
-6.52658e-07
-4.44522e-07
-5.72499e-07
-4.91659e-07
-4.86836e-07
-5.21026e-07
-4.00313e-07
-5.31405e-07
-3.17475e-07
-5.23316e-07
-2.4213e-07
-4.99019e-07
-1.76633e-07
-4.62291e-07
-1.21561e-07
-4.17323e-07
-7.61737e-08
-3.6675e-07
-3.95235e-08
-3.09161e-07
-1.23423e-08
-2.33866e-07
-1.11028e-07
-2.83416e-08
2.04525e-07
-6.5876e-08
2.93496e-07
-1.05352e-07
3.26905e-07
-1.45339e-07
3.4576e-07
-1.85644e-07
3.58918e-07
-2.26373e-07
3.68838e-07
-2.67699e-07
3.76455e-07
-3.0979e-07
3.82176e-07
-3.52784e-07
3.86153e-07
-3.96784e-07
3.88371e-07
-4.41849e-07
3.88679e-07
-4.87989e-07
3.8679e-07
-5.3515e-07
3.82273e-07
-5.8319e-07
3.74548e-07
-6.31846e-07
3.62867e-07
-6.80692e-07
3.4633e-07
-7.291e-07
3.23927e-07
-7.76172e-07
2.94539e-07
-8.20715e-07
2.5704e-07
-8.61225e-07
2.10428e-07
-8.95902e-07
1.53987e-07
-9.22702e-07
8.74585e-08
-9.39406e-07
1.12086e-08
-9.4374e-07
-7.36581e-08
-9.33484e-07
-1.65208e-07
-9.06635e-07
-2.60689e-07
-8.61751e-07
-3.56085e-07
-7.98455e-07
-4.462e-07
-7.18007e-07
-5.2497e-07
-6.23722e-07
-5.85945e-07
-5.20927e-07
-6.23821e-07
-4.1622e-07
-6.36112e-07
-3.16527e-07
-6.23009e-07
-2.28138e-07
-5.87407e-07
-1.55117e-07
-5.35312e-07
-9.82954e-08
-4.74144e-07
-5.59362e-08
-4.09109e-07
-2.55825e-08
-3.39514e-07
-6.08481e-09
-2.53363e-07
-1.17113e-07
-2.79368e-08
2.32462e-07
-6.52006e-08
3.3076e-07
-1.0461e-07
3.66314e-07
-1.44665e-07
3.85815e-07
-1.85137e-07
3.99391e-07
-2.26127e-07
4.09827e-07
-2.67826e-07
4.18154e-07
-3.10447e-07
4.24797e-07
-3.54194e-07
4.299e-07
-3.9925e-07
4.33428e-07
-4.45774e-07
4.35203e-07
-4.93885e-07
4.349e-07
-5.43646e-07
4.32034e-07
-5.95036e-07
4.25938e-07
-6.47902e-07
4.15733e-07
-7.01916e-07
4.00344e-07
-7.56506e-07
3.78517e-07
-8.10793e-07
3.48826e-07
-8.63551e-07
3.09797e-07
-9.13188e-07
2.60065e-07
-9.57758e-07
1.98557e-07
-9.94993e-07
1.24694e-07
-1.02235e-06
3.85626e-08
-1.03705e-06
-5.89527e-08
-1.03616e-06
-1.66105e-07
-1.01662e-06
-2.80225e-07
-9.75576e-07
-3.97129e-07
-9.11101e-07
-5.10676e-07
-8.23269e-07
-6.12802e-07
-7.14643e-07
-6.94571e-07
-5.90402e-07
-7.48061e-07
-4.58918e-07
-7.67596e-07
-3.30968e-07
-7.50959e-07
-2.18081e-07
-7.00294e-07
-1.29071e-07
-6.24322e-07
-6.66945e-08
-5.36521e-07
-2.7362e-08
-4.48442e-07
-5.68353e-09
-3.61193e-07
2.52117e-09
-2.61568e-07
-1.14592e-07
-2.73096e-08
2.59771e-07
-6.40753e-08
3.67526e-07
-1.03179e-07
4.05418e-07
-1.43076e-07
4.25712e-07
-1.83514e-07
4.39829e-07
-2.24588e-07
4.50901e-07
-2.66513e-07
4.60079e-07
-3.09542e-07
4.67827e-07
-3.53945e-07
4.74302e-07
-3.99989e-07
4.79473e-07
-4.47937e-07
4.83151e-07
-4.98028e-07
4.84991e-07
-5.50462e-07
4.84468e-07
-6.05359e-07
4.80835e-07
-6.62711e-07
4.73085e-07
-7.22325e-07
4.59958e-07
-7.83747e-07
4.39939e-07
-8.46202e-07
4.11282e-07
-9.0856e-07
3.72155e-07
-9.69319e-07
3.20824e-07
-1.02662e-06
2.55862e-07
-1.07829e-06
1.76358e-07
-1.12181e-06
8.20819e-08
-1.15436e-06
-2.63989e-08
-1.17265e-06
-1.47818e-07
-1.17285e-06
-2.80019e-07
-1.15049e-06
-4.19497e-07
-1.10107e-06
-5.60096e-07
-1.02096e-06
-6.92905e-07
-9.07861e-07
-8.07672e-07
-7.63073e-07
-8.9285e-07
-5.94539e-07
-9.36129e-07
-4.1783e-07
-9.27669e-07
-2.54032e-07
-8.64091e-07
-1.23501e-07
-7.54853e-07
-3.81512e-08
-6.21871e-07
5.13867e-09
-4.91732e-07
1.90309e-08
-3.75085e-07
1.37757e-08
-2.56313e-07
-1.00816e-07
-2.64853e-08
2.86257e-07
-6.25327e-08
4.03573e-07
-1.01097e-07
4.43983e-07
-1.40603e-07
4.65218e-07
-1.8078e-07
4.80006e-07
-2.21726e-07
4.91847e-07
-2.63673e-07
5.02026e-07
-3.06919e-07
5.11072e-07
-3.51795e-07
5.19178e-07
-3.98655e-07
5.26333e-07
-4.47869e-07
5.32364e-07
-4.99807e-07
5.36929e-07
-5.54817e-07
5.39478e-07
-6.13185e-07
5.39203e-07
-6.7508e-07
5.34981e-07
-7.40498e-07
5.25376e-07
-8.09192e-07
5.08632e-07
-8.8063e-07
4.8272e-07
-9.53992e-07
4.45516e-07
-1.02818e-06
3.95012e-07
-1.10188e-06
3.2956e-07
-1.17363e-06
2.48106e-07
-1.24188e-06
1.5034e-07
-1.30501e-06
3.67325e-08
-1.36107e-06
-9.17643e-08
-1.40683e-06
-2.34257e-07
-1.43676e-06
-3.89569e-07
-1.44118e-06
-5.55674e-07
-1.40671e-06
-7.27375e-07
-1.31887e-06
-8.95512e-07
-1.16836e-06
-1.04336e-06
-9.57474e-07
-1.14702e-06
-7.04674e-07
-1.18047e-06
-4.43124e-07
-1.12564e-06
-2.14243e-07
-9.83734e-07
-5.42371e-08
-7.81877e-07
2.42562e-08
-5.70225e-07
4.14929e-08
-3.92322e-07
2.57606e-08
-2.4058e-07
-7.50555e-08
-2.54754e-08
3.11732e-07
-6.05827e-08
4.38681e-07
-9.83708e-08
4.81771e-07
-1.37239e-07
5.04086e-07
-1.76905e-07
5.19672e-07
-2.17468e-07
5.3241e-07
-2.59181e-07
5.43739e-07
-3.02379e-07
5.5427e-07
-3.47454e-07
5.64253e-07
-3.94844e-07
5.73723e-07
-4.45028e-07
5.82548e-07
-4.98507e-07
5.90409e-07
-5.55789e-07
5.96761e-07
-6.17344e-07
6.00758e-07
-6.83553e-07
6.0119e-07
-7.54663e-07
5.96486e-07
-8.30749e-07
5.84718e-07
-9.11719e-07
5.63691e-07
-9.97368e-07
5.31165e-07
-1.08748e-06
4.85126e-07
-1.18202e-06
4.24099e-07
-1.2814e-06
3.47481e-07
-1.38685e-06
2.55794e-07
-1.50048e-06
1.50359e-07
-1.62497e-06
3.27284e-08
-1.75921e-06
-1.00014e-07
-1.89565e-06
-2.53133e-07
-2.01105e-06
-4.40275e-07
-2.07331e-06
-6.65118e-07
-2.04955e-06
-9.19272e-07
-1.91765e-06
-1.17525e-06
-1.67288e-06
-1.39179e-06
-1.33145e-06
-1.5219e-06
-9.31906e-07
-1.52518e-06
-5.33722e-07
-1.38192e-06
-2.08048e-07
-1.10755e-06
-1.45381e-08
-7.63735e-07
4.58166e-08
-4.52676e-07
3.35686e-08
-2.28332e-07
-4.14869e-08
-2.42839e-08
3.36016e-07
-5.82246e-08
4.72621e-07
-9.49908e-08
5.18537e-07
-1.32962e-07
5.42057e-07
-1.71841e-07
5.58551e-07
-2.1173e-07
5.72299e-07
-2.52898e-07
5.84906e-07
-2.95712e-07
5.97085e-07
-3.40619e-07
6.0916e-07
-3.88135e-07
6.21239e-07
-4.38839e-07
6.33252e-07
-4.93365e-07
6.44935e-07
-5.52378e-07
6.55774e-07
-6.16543e-07
6.64922e-07
-6.86484e-07
6.71131e-07
-7.62765e-07
6.72767e-07
-8.45913e-07
6.67866e-07
-9.36501e-07
6.54279e-07
-1.03532e-06
6.29988e-07
-1.14369e-06
5.93493e-07
-1.2639e-06
5.44305e-07
-1.4e-06
4.83581e-07
-1.55875e-06
4.14553e-07
-1.74965e-06
3.41258e-07
-1.98084e-06
2.63912e-07
-2.25139e-06
1.70534e-07
-2.54064e-06
3.61231e-08
-2.79843e-06
-1.82482e-07
-2.97517e-06
-4.88382e-07
-3.02856e-06
-8.65878e-07
-2.93385e-06
-1.26996e-06
-2.68179e-06
-1.64386e-06
-2.27894e-06
-1.92475e-06
-1.75398e-06
-2.05015e-06
-1.16628e-06
-1.96961e-06
-6.07803e-07
-1.66603e-06
-1.88892e-07
-1.18265e-06
8.91463e-09
-6.50483e-07
3.10568e-08
-2.50475e-07
-1.04301e-08
-2.29124e-08
3.58929e-07
-5.54562e-08
5.05165e-07
-9.09481e-08
5.54029e-07
-1.27748e-07
5.78857e-07
-1.65544e-07
5.96348e-07
-2.04435e-07
6.11189e-07
-2.44697e-07
6.25168e-07
-2.86724e-07
6.39112e-07
-3.31007e-07
6.53443e-07
-3.78125e-07
6.68358e-07
-4.28746e-07
6.83873e-07
-4.8362e-07
6.99808e-07
-5.43559e-07
7.15714e-07
-6.09425e-07
7.30788e-07
-6.82107e-07
7.43812e-07
-7.62543e-07
7.53203e-07
-8.51828e-07
7.57151e-07
-9.51413e-07
7.53864e-07
-1.06347e-06
7.42045e-07
-1.1915e-06
7.21527e-07
-1.34136e-06
6.9416e-07
-1.52278e-06
6.65001e-07
-1.7507e-06
6.42475e-07
-2.04334e-06
6.33897e-07
-2.41031e-06
6.30878e-07
-2.83117e-06
5.914e-07
-3.24908e-06
4.54029e-07
-3.60588e-06
1.7432e-07
-3.84776e-06
-2.46501e-07
-3.9552e-06
-7.58442e-07
-3.91282e-06
-1.31234e-06
-3.70647e-06
-1.85021e-06
-3.3218e-06
-2.30941e-06
-2.75619e-06
-2.61576e-06
-2.04221e-06
-2.68359e-06
-1.26691e-06
-2.44133e-06
-5.70794e-07
-1.87876e-06
-1.18691e-07
-1.10259e-06
1.41035e-08
-3.83269e-07
3.67351e-09
-2.13661e-08
3.80295e-07
-5.2282e-08
5.36081e-07
-8.62433e-08
5.8799e-07
-1.2159e-07
6.14204e-07
-1.57991e-07
6.32749e-07
-1.95531e-07
6.48729e-07
-2.34486e-07
6.64123e-07
-2.75262e-07
6.79888e-07
-3.18375e-07
6.96557e-07
-3.64453e-07
7.14435e-07
-4.1423e-07
7.3365e-07
-4.68547e-07
7.54125e-07
-5.28344e-07
7.75511e-07
-5.94656e-07
7.971e-07
-6.68633e-07
8.17789e-07
-7.5161e-07
8.36181e-07
-8.45314e-07
8.50855e-07
-9.52209e-07
8.60759e-07
-1.07609e-06
8.65925e-07
-1.22306e-06
8.68499e-07
-1.40314e-06
8.74235e-07
-1.63225e-06
8.94119e-07
-1.93278e-06
9.43001e-07
-2.32512e-06
1.02624e-06
-2.79949e-06
1.10524e-06
-3.30187e-06
1.09378e-06
-3.76001e-06
9.12167e-07
-4.11953e-06
5.33843e-07
-4.35027e-06
-1.57616e-08
-4.47208e-06
-6.36635e-07
-4.48254e-06
-1.30188e-06
-4.37245e-06
-1.9603e-06
-4.10976e-06
-2.57211e-06
-3.64904e-06
-3.07648e-06
-2.9615e-06
-3.37113e-06
-2.08227e-06
-3.32056e-06
-1.14836e-06
-2.81267e-06
-3.84175e-07
-1.86677e-06
-2.08369e-08
-7.46607e-07
-1.71634e-08
-1.96559e-08
3.99951e-07
-4.87194e-08
5.65145e-07
-8.08975e-08
6.20169e-07
-1.14508e-07
6.47815e-07
-1.49192e-07
6.67433e-07
-1.8501e-07
6.84546e-07
-2.22222e-07
7.01336e-07
-2.61232e-07
7.18898e-07
-3.02565e-07
7.37889e-07
-3.46867e-07
7.58738e-07
-3.94912e-07
7.81695e-07
-4.47597e-07
8.0681e-07
-5.05947e-07
8.33861e-07
-5.71131e-07
8.62284e-07
-6.44519e-07
8.91178e-07
-7.27811e-07
9.19472e-07
-8.23313e-07
9.46358e-07
-9.34444e-07
9.7189e-07
-1.06651e-06
9.97992e-07
-1.22798e-06
1.02997e-06
-1.43238e-06
1.07863e-06
-1.70009e-06
1.16183e-06
-2.05531e-06
1.29822e-06
-2.50289e-06
1.47382e-06
-3.00176e-06
1.60412e-06
-3.48193e-06
1.57395e-06
-3.87209e-06
1.30233e-06
-4.13563e-06
7.97375e-07
-4.29513e-06
1.43739e-07
-4.37267e-06
-5.59091e-07
-4.40549e-06
-1.26907e-06
-4.39834e-06
-1.96744e-06
-4.31904e-06
-2.6514e-06
-4.09414e-06
-3.30139e-06
-3.62659e-06
-3.83867e-06
-2.85227e-06
-4.09488e-06
-1.82701e-06
-3.83794e-06
-7.91326e-07
-2.90245e-06
-1.12018e-07
-1.42592e-06
-1.29181e-07
-1.78014e-08
4.17752e-07
-4.48039e-08
5.92147e-07
-7.4958e-08
6.50323e-07
-1.06557e-07
6.79413e-07
-1.39202e-07
7.00078e-07
-1.72919e-07
7.18263e-07
-2.0794e-07
7.36356e-07
-2.44644e-07
7.55602e-07
-2.83541e-07
7.76786e-07
-3.2527e-07
8.00467e-07
-3.70605e-07
8.2703e-07
-4.20454e-07
8.5666e-07
-4.75877e-07
8.89284e-07
-5.38114e-07
9.24521e-07
-6.08674e-07
9.61738e-07
-6.89512e-07
1.00031e-06
-7.83348e-07
1.04019e-06
-8.94247e-07
1.08279e-06
-1.02849e-06
1.13223e-06
-1.19584e-06
1.19733e-06
-1.4112e-06
1.294e-06
-1.69511e-06
1.44574e-06
-2.06357e-06
1.66668e-06
-2.49889e-06
1.90913e-06
-2.94579e-06
2.05102e-06
-3.32996e-06
1.95812e-06
-3.58987e-06
1.56224e-06
-3.72225e-06
9.29754e-07
-3.77109e-06
1.92581e-07
-3.78186e-06
-5.48327e-07
-3.79443e-06
-1.25649e-06
-3.83118e-06
-1.9307e-06
-3.88821e-06
-2.59437e-06
-3.91132e-06
-3.27827e-06
-3.77623e-06
-3.97377e-06
-3.31842e-06
-4.55269e-06
-2.44406e-06
-4.71229e-06
-1.28916e-06
-4.05736e-06
-2.92853e-07
-2.42222e-06
-4.22034e-07
-1.58326e-08
4.33585e-07
-4.05932e-08
6.16908e-07
-6.85045e-08
6.78234e-07
-9.78348e-08
7.08744e-07
-1.28137e-07
7.3038e-07
-1.59386e-07
7.49513e-07
-1.91771e-07
7.68741e-07
-2.25625e-07
7.89456e-07
-2.61419e-07
8.1258e-07
-2.99752e-07
8.388e-07
-3.41358e-07
8.68635e-07
-3.87111e-07
9.02413e-07
-4.38042e-07
9.40215e-07
-4.95382e-07
9.81861e-07
-5.60667e-07
1.02702e-06
-6.35937e-07
1.07558e-06
-7.24044e-07
1.1283e-06
-8.29199e-07
1.18794e-06
-9.57745e-07
1.26078e-06
-1.11912e-06
1.3587e-06
-1.32663e-06
1.5015e-06
-1.59596e-06
1.71507e-06
-1.93019e-06
2.00092e-06
-2.2997e-06
2.27864e-06
-2.65077e-06
2.40209e-06
-2.91504e-06
2.22238e-06
-3.05601e-06
1.70321e-06
-3.09781e-06
9.71556e-07
-3.08715e-06
1.81924e-07
-3.05751e-06
-5.77968e-07
-3.03218e-06
-1.28182e-06
-3.03927e-06
-1.9236e-06
-3.10976e-06
-2.52389e-06
-3.2478e-06
-3.14024e-06
-3.37831e-06
-3.84325e-06
-3.3091e-06
-4.6219e-06
-2.79533e-06
-5.22606e-06
-1.75965e-06
-5.09303e-06
-5.56677e-07
-3.62519e-06
-9.78711e-07
-1.37915e-08
4.47376e-07
-3.61705e-08
6.39287e-07
-6.16569e-08
7.0372e-07
-8.84962e-08
7.35583e-07
-1.16181e-07
7.58064e-07
-1.44624e-07
7.77957e-07
-1.73951e-07
7.98068e-07
-2.04434e-07
8.1994e-07
-2.36477e-07
8.44623e-07
-2.7061e-07
8.72933e-07
-3.0749e-07
9.05516e-07
-3.47909e-07
9.42832e-07
-3.92807e-07
9.85113e-07
-4.4332e-07
1.03237e-06
-5.00879e-07
1.08458e-06
-5.67395e-07
1.14209e-06
-6.4552e-07
1.20643e-06
-7.39016e-07
1.28144e-06
-8.53277e-07
1.37504e-06
-9.95696e-07
1.50112e-06
-1.17541e-06
1.68121e-06
-1.40046e-06
1.94013e-06
-1.66416e-06
2.26462e-06
-1.93921e-06
2.55368e-06
-2.18424e-06
2.64712e-06
-2.35166e-06
2.38981e-06
-2.43159e-06
1.78313e-06
-2.45371e-06
9.9368e-07
-2.44603e-06
1.74246e-07
-2.41711e-06
-6.06889e-07
-2.37263e-06
-1.3263e-06
-2.33392e-06
-1.96231e-06
-2.34324e-06
-2.51456e-06
-2.44847e-06
-3.03501e-06
-2.66002e-06
-3.6317e-06
-2.86372e-06
-4.41821e-06
-2.76376e-06
-5.32602e-06
-2.05142e-06
-5.80537e-06
-8.3715e-07
-4.83947e-06
-1.81586e-06
-1.17332e-08
4.59109e-07
-3.16461e-08
6.592e-07
-5.45786e-08
7.26653e-07
-7.87531e-08
7.59758e-07
-1.03592e-07
7.82903e-07
-1.28935e-07
8.03299e-07
-1.54828e-07
8.23961e-07
-1.81465e-07
8.46577e-07
-2.09163e-07
8.72321e-07
-2.38358e-07
9.02127e-07
-2.69598e-07
9.36756e-07
-3.03549e-07
9.76784e-07
-3.41008e-07
1.02257e-06
-3.82935e-07
1.0743e-06
-4.30536e-07
1.13218e-06
-4.85387e-07
1.19694e-06
-5.49594e-07
1.27063e-06
-6.25967e-07
1.35781e-06
-7.18098e-07
1.46717e-06
-8.3011e-07
1.61313e-06
-9.65601e-07
1.81671e-06
-1.12479e-06
2.09932e-06
-1.2976e-06
2.43743e-06
-1.46721e-06
2.72329e-06
-1.61352e-06
2.79343e-06
-1.71709e-06
2.49338e-06
-1.78101e-06
1.84706e-06
-1.82265e-06
1.03532e-06
-1.84706e-06
1.98652e-07
-1.84388e-06
-6.10066e-07
-1.80861e-06
-1.36157e-06
-1.75547e-06
-2.01545e-06
-1.72053e-06
-2.5495e-06
-1.75376e-06
-3.00178e-06
-1.91062e-06
-3.47484e-06
-2.19177e-06
-4.13706e-06
-2.39284e-06
-5.12495e-06
-2.07908e-06
-6.11913e-06
-1.03922e-06
-5.87932e-06
-2.85508e-06
-9.72708e-09
4.68836e-07
-2.71624e-08
6.76635e-07
-4.74812e-08
7.46972e-07
-6.88816e-08
7.81158e-07
-9.07084e-08
8.0473e-07
-1.12715e-07
8.25305e-07
-1.34859e-07
8.46105e-07
-1.57243e-07
8.68961e-07
-1.80085e-07
8.95163e-07
-2.03708e-07
9.2575e-07
-2.2853e-07
9.61577e-07
-2.55061e-07
1.00331e-06
-2.83911e-07
1.05142e-06
-3.1581e-07
1.1062e-06
-3.51647e-07
1.16802e-06
-3.92521e-07
1.23782e-06
-4.3977e-07
1.31788e-06
-4.94899e-07
1.41294e-06
-5.59252e-07
1.53152e-06
-6.33287e-07
1.68716e-06
-7.14951e-07
1.89837e-06
-7.97798e-07
2.18217e-06
-8.72532e-07
2.51216e-06
-9.34594e-07
2.78535e-06
-9.88584e-07
2.84742e-06
-1.04425e-06
2.54904e-06
-1.10565e-06
1.90846e-06
-1.17048e-06
1.10015e-06
-1.22628e-06
2.54448e-07
-1.25514e-06
-5.81198e-07
-1.24782e-06
-1.36889e-06
-1.21427e-06
-2.049e-06
-1.18382e-06
-2.57995e-06
-1.19068e-06
-2.99492e-06
-1.28154e-06
-3.38398e-06
-1.51516e-06
-3.90344e-06
-1.8394e-06
-4.80071e-06
-1.86292e-06
-6.09561e-06
-1.10944e-06
-6.6328e-06
-3.96453e-06
-7.85663e-09
4.76693e-07
-2.28953e-08
6.91673e-07
-4.06231e-08
7.647e-07
-5.92169e-08
7.99752e-07
-7.79386e-08
8.23452e-07
-9.64484e-08
8.43815e-07
-1.1461e-07
8.64267e-07
-1.32425e-07
8.86776e-07
-1.50005e-07
9.12743e-07
-1.67552e-07
9.43297e-07
-1.85346e-07
9.79371e-07
-2.03731e-07
1.0217e-06
-2.23112e-07
1.0708e-06
-2.43958e-07
1.12704e-06
-2.66789e-07
1.19085e-06
-2.92153e-07
1.26318e-06
-3.2052e-07
1.34625e-06
-3.52014e-07
1.44444e-06
-3.8583e-07
1.56534e-06
-4.19125e-07
1.72046e-06
-4.45227e-07
1.92447e-06
-4.52716e-07
2.18966e-06
-4.33103e-07
2.49255e-06
-3.92102e-07
2.74435e-06
-3.5276e-07
2.80808e-06
-3.52294e-07
2.54858e-06
-3.98137e-07
1.9543e-06
-4.70264e-07
1.17228e-06
-5.45181e-07
3.29365e-07
-6.04203e-07
-5.22176e-07
-6.37703e-07
-1.33539e-06
-6.49776e-07
-2.03693e-06
-6.64225e-07
-2.5655e-06
-6.9878e-07
-2.96037e-06
-7.76397e-07
-3.30636e-06
-9.50386e-07
-3.72945e-06
-1.26905e-06
-4.48205e-06
-1.50007e-06
-5.86459e-06
-1.05664e-06
-7.07623e-06
-5.02116e-06
-6.22088e-09
4.82914e-07
-1.90542e-08
7.04507e-07
-3.43113e-08
7.79957e-07
-5.01549e-08
8.15595e-07
-6.57613e-08
8.39058e-07
-8.06956e-08
8.58749e-07
-9.47257e-08
8.78297e-07
-1.07755e-07
8.99805e-07
-1.1979e-07
9.24778e-07
-1.30912e-07
9.5442e-07
-1.41263e-07
9.89722e-07
-1.51025e-07
1.03146e-06
-1.60401e-07
1.08018e-06
-1.69598e-07
1.13624e-06
-1.78773e-07
1.20003e-06
-1.87937e-07
1.27235e-06
-1.9674e-07
1.35505e-06
-2.04085e-07
1.45178e-06
-2.07405e-07
1.56866e-06
-2.01518e-07
1.71457e-06
-1.76935e-07
1.89989e-06
-1.1941e-07
2.13213e-06
-1.97078e-08
2.39285e-06
1.13029e-07
2.61161e-06
2.45317e-07
2.67579e-06
3.21976e-07
2.47192e-06
3.20345e-07
1.95593e-06
2.63988e-07
1.22863e-06
1.86044e-07
4.07308e-07
1.06445e-07
-4.42577e-07
2.7851e-08
-1.2568e-06
-5.86019e-08
-1.95048e-06
-1.47454e-07
-2.47665e-06
-2.43912e-07
-2.86391e-06
-3.56139e-07
-3.19414e-06
-5.12637e-07
-3.57295e-06
-7.84172e-07
-4.21051e-06
-1.09954e-06
-5.54923e-06
-9.27104e-07
-7.24866e-06
-5.94827e-06
-4.93858e-09
4.87852e-07
-1.58849e-08
7.15453e-07
-2.89057e-08
7.92978e-07
-4.21539e-08
8.28843e-07
-5.47226e-08
8.51627e-07
-6.60857e-08
8.70113e-07
-7.59221e-08
8.88133e-07
-8.40464e-08
9.0793e-07
-9.03693e-08
9.31101e-07
-9.48673e-08
9.58918e-07
-9.75577e-08
9.92412e-07
-9.84744e-08
1.03238e-06
-9.76418e-08
1.07935e-06
-9.50344e-08
1.13363e-06
-9.0501e-08
1.19549e-06
-8.36202e-08
1.26547e-06
-7.34046e-08
1.34484e-06
-5.7906e-08
1.43628e-06
-3.34001e-08
1.54415e-06
6.69045e-09
1.67448e-06
7.26005e-08
1.83398e-06
1.7906e-07
2.02567e-06
3.36966e-07
2.23494e-06
5.39019e-07
2.40956e-06
7.52743e-07
2.46207e-06
9.19058e-07
2.3056e-06
9.91531e-07
1.88346e-06
9.77924e-07
1.24224e-06
9.0948e-07
4.75752e-07
8.0352e-07
-3.36618e-07
6.67521e-07
-1.1208e-06
5.08444e-07
-1.7914e-06
3.38038e-07
-2.30624e-06
1.68973e-07
-2.69485e-06
1.54588e-09
-3.02671e-06
-1.78106e-07
-3.3933e-06
-4.18237e-07
-3.97038e-06
-7.38429e-07
-5.22903e-06
-7.66748e-07
-7.22034e-06
-6.71501e-06
-4.15166e-09
4.92004e-07
-1.36781e-08
7.24979e-07
-2.48263e-08
8.04126e-07
-3.57379e-08
8.39755e-07
-4.54332e-08
8.61322e-07
-5.33074e-08
8.77987e-07
-5.89659e-08
8.93792e-07
-6.21529e-08
9.11117e-07
-6.27053e-08
9.31653e-07
-6.05164e-08
9.56729e-07
-5.55055e-08
9.87401e-07
-4.75897e-08
1.02446e-06
-3.66521e-08
1.06841e-06
-2.24926e-08
1.11947e-06
-4.73511e-09
1.17774e-06
1.73414e-08
1.24339e-06
4.50246e-08
1.31715e-06
8.0765e-08
1.40054e-06
1.28679e-07
1.49624e-06
1.9543e-07
1.60773e-06
2.91198e-07
1.73821e-06
4.2954e-07
1.88733e-06
6.21345e-07
2.04314e-06
8.61786e-07
2.16912e-06
1.12401e-06
2.19985e-06
1.36042e-06
2.06919e-06
1.51372e-06
1.73016e-06
1.5636e-06
1.19236e-06
1.5231e-06
5.16258e-07
1.40436e-06
-2.17883e-07
1.22124e-06
-9.37676e-07
9.92951e-07
-1.56311e-06
7.5025e-07
-2.06354e-06
5.15643e-07
-2.46024e-06
2.94562e-07
-2.80563e-06
7.68551e-08
-3.17559e-06
-1.62291e-07
-3.73124e-06
-4.56279e-07
-4.93505e-06
-6.02655e-07
-7.07397e-06
-7.31767e-06
-4.0331e-09
4.96037e-07
-1.27839e-08
7.3373e-07
-2.25619e-08
8.13904e-07
-3.15005e-08
8.48694e-07
-3.85648e-08
8.68386e-07
-4.30952e-08
8.82517e-07
-4.46517e-08
8.95348e-07
-4.29378e-08
9.09403e-07
-3.77478e-08
9.26463e-07
-2.8924e-08
9.47905e-07
-1.63217e-08
9.74799e-07
2.21568e-10
1.00792e-06
2.09132e-08
1.04772e-06
4.60596e-08
1.09433e-06
7.61554e-08
1.14764e-06
1.1204e-07
1.20751e-06
1.55188e-07
1.274e-06
2.08034e-07
1.3477e-06
2.74554e-07
1.42972e-06
3.60838e-07
1.52145e-06
4.75584e-07
1.62346e-06
6.29689e-07
1.73323e-06
8.32659e-07
1.84017e-06
1.08252e-06
1.91926e-06
1.35729e-06
1.92508e-06
1.62035e-06
1.80612e-06
1.82153e-06
1.52898e-06
1.92363e-06
1.09026e-06
1.91578e-06
5.24112e-07
1.80258e-06
-1.04682e-07
1.59891e-06
-7.34012e-07
1.33649e-06
-1.30069e-06
1.05355e-06
-1.78061e-06
7.76837e-07
-2.18353e-06
5.15254e-07
-2.54404e-06
2.63724e-07
-2.92406e-06
7.60207e-09
-3.47511e-06
-2.67943e-07
-4.6595e-06
-4.49353e-07
-6.89256e-06
-7.76702e-06
-4.80216e-09
5.00839e-07
-1.36298e-08
7.42558e-07
-2.26893e-08
8.22963e-07
-3.0114e-08
8.56118e-07
-3.48459e-08
8.73118e-07
-3.62134e-08
8.83885e-07
-3.37741e-08
8.92909e-07
-2.72342e-08
9.02863e-07
-1.63869e-08
9.15616e-07
-1.06213e-09
9.3258e-07
1.89095e-08
9.54827e-07
4.37245e-08
9.83103e-07
7.36398e-08
1.0178e-06
1.09006e-07
1.05896e-06
1.50349e-07
1.1063e-06
1.98504e-07
1.15935e-06
2.5484e-07
1.21767e-06
3.21557e-07
1.28098e-06
4.02065e-07
1.34921e-06
5.0134e-07
1.42217e-06
6.26054e-07
1.49875e-06
7.84099e-07
1.57518e-06
9.8219e-07
1.64208e-06
1.22e-06
1.68145e-06
1.48086e-06
1.66422e-06
1.73362e-06
1.55336e-06
1.93961e-06
1.32299e-06
2.06121e-06
9.68664e-07
2.07546e-06
5.09858e-07
1.98082e-06
-1.0033e-08
1.78857e-06
-5.4177e-07
1.53098e-06
-1.04309e-06
1.24314e-06
-1.49276e-06
9.50586e-07
-1.89098e-06
6.65504e-07
-2.25896e-06
3.89596e-07
-2.64816e-06
1.1451e-07
-3.20003e-06
-1.53834e-07
-4.39116e-06
-3.326e-07
-6.71379e-06
-8.09962e-06
-6.74912e-09
5.07588e-07
-1.67527e-08
7.52561e-07
-2.58996e-08
8.3211e-07
-3.23402e-08
8.62559e-07
-3.50546e-08
8.75833e-07
-3.34323e-08
8.82262e-07
-2.70902e-08
8.86567e-07
-1.57967e-08
8.91569e-07
6.03537e-10
8.99216e-07
2.22462e-08
9.10938e-07
4.92865e-08
9.27787e-07
8.19254e-08
9.50464e-07
1.20421e-07
9.79307e-07
1.65118e-07
1.01426e-06
2.16501e-07
1.05492e-06
2.75297e-07
1.10055e-06
3.42646e-07
1.15032e-06
4.20307e-07
1.20332e-06
5.10905e-07
1.25861e-06
6.18086e-07
1.31499e-06
7.4651e-07
1.37033e-06
9.01283e-07
1.42041e-06
1.0861e-06
1.45726e-06
1.30003e-06
1.46753e-06
1.53186e-06
1.43238e-06
1.75665e-06
1.32857e-06
1.94311e-06
1.13653e-06
2.06019e-06
8.51585e-07
2.08501e-06
4.85037e-07
2.01054e-06
6.44369e-08
1.84553e-06
-3.76763e-07
1.61301e-06
-8.10563e-07
1.3398e-06
-1.21956e-06
1.04924e-06
-1.60042e-06
7.57403e-07
-1.96712e-06
4.7031e-07
-2.36106e-06
1.83368e-07
-2.91309e-06
-8.50321e-08
-4.12276e-06
-2.65458e-07
-6.53337e-06
-8.36508e-06
-1.02815e-08
5.1787e-07
-2.28605e-08
7.6514e-07
-3.30339e-08
8.42283e-07
-3.90272e-08
8.68552e-07
-3.99981e-08
8.76803e-07
-3.54871e-08
8.77751e-07
-2.5263e-08
8.76343e-07
-9.23691e-09
8.75543e-07
1.2632e-08
8.77347e-07
4.03986e-08
8.83171e-07
7.41705e-08
8.94015e-07
1.14119e-07
9.10516e-07
1.60479e-07
9.32946e-07
2.13562e-07
9.61182e-07
2.73771e-07
9.94707e-07
3.41668e-07
1.03266e-06
4.18087e-07
1.0739e-06
5.04272e-07
1.11713e-06
6.01996e-07
1.16089e-06
7.13637e-07
1.20335e-06
8.42059e-07
1.2419e-06
9.90037e-07
1.27243e-06
1.15889e-06
1.2884e-06
1.34637e-06
1.28005e-06
1.54416e-06
1.2346e-06
1.73481e-06
1.13791e-06
1.89386e-06
9.77483e-07
1.99662e-06
7.4882e-07
2.02338e-06
4.58282e-07
1.96581e-06
1.22005e-07
1.8277e-06
-2.38654e-07
1.62317e-06
-6.06025e-07
1.37236e-06
-9.68748e-07
1.09597e-06
-1.32404e-06
8.09439e-07
-1.68059e-06
5.20368e-07
-2.07199e-06
2.29744e-07
-2.62246e-06
-4.10541e-08
-3.85196e-06
-2.3358e-07
-6.34084e-06
-8.59866e-06
-1.59926e-08
5.33862e-07
-3.28962e-08
7.82044e-07
-4.51012e-08
8.54488e-07
-5.1118e-08
8.74569e-07
-5.04781e-08
8.76163e-07
-4.30061e-08
8.70279e-07
-2.87687e-08
8.62105e-07
-7.92095e-09
8.54695e-07
1.93957e-08
8.5003e-07
5.31126e-08
8.49454e-07
9.32587e-08
8.53869e-07
1.39962e-07
8.63813e-07
1.93433e-07
8.79475e-07
2.53944e-07
9.0067e-07
3.21811e-07
9.2684e-07
3.9742e-07
9.57047e-07
4.81293e-07
9.90028e-07
5.74155e-07
1.02427e-06
6.76989e-07
1.05805e-06
7.91072e-07
1.08927e-06
9.17784e-07
1.11519e-06
1.05812e-06
1.13209e-06
1.21176e-06
1.13476e-06
1.37566e-06
1.11615e-06
1.54263e-06
1.06763e-06
1.70028e-06
9.80269e-07
1.8311e-06
8.46658e-07
1.91628e-06
6.63644e-07
1.94e-06
4.34557e-07
1.89374e-06
1.68267e-07
1.77791e-06
-1.22822e-07
1.60028e-06
-4.28397e-07
1.37458e-06
-7.43048e-07
1.11634e-06
-1.0658e-06
8.38933e-07
-1.40318e-06
5.52032e-07
-1.78509e-06
2.63772e-07
-2.3342e-06
-5.95272e-09
-3.58223e-06
-2.20937e-07
-6.12586e-06
-8.8196e-06
-2.47802e-08
5.58643e-07
-4.81522e-08
8.05416e-07
-6.33122e-08
8.69648e-07
-6.96302e-08
8.80887e-07
-6.71876e-08
8.73721e-07
-5.6374e-08
8.59466e-07
-3.77495e-08
8.43481e-07
-1.18232e-08
8.28769e-07
2.10222e-08
8.17185e-07
6.05645e-08
8.09912e-07
1.06747e-07
8.07686e-07
1.59656e-07
8.10904e-07
2.19481e-07
8.1965e-07
2.86467e-07
8.33684e-07
3.60879e-07
8.52428e-07
4.42978e-07
8.74949e-07
5.33013e-07
8.99993e-07
6.31247e-07
9.26037e-07
7.38013e-07
9.51286e-07
8.53694e-07
9.73588e-07
9.78518e-07
9.90368e-07
1.1122e-06
9.98415e-07
1.25332e-06
9.93635e-07
1.39852e-06
9.70952e-07
1.54155e-06
9.24595e-07
1.67292e-06
8.48895e-07
1.78015e-06
7.39432e-07
1.84948e-06
5.94307e-07
1.86884e-06
4.15201e-07
1.8304e-06
2.06706e-07
1.7324e-06
-2.48223e-08
1.57775e-06
-2.7375e-07
1.37414e-06
-5.39438e-07
1.13193e-06
-8.23581e-07
8.62191e-07
-1.13345e-06
5.77157e-07
-1.50006e-06
2.94662e-07
-2.05171e-06
3.34743e-08
-3.32105e-06
-2.16246e-07
-5.87614e-06
-9.03584e-06
-3.80677e-08
5.9671e-07
-7.03071e-08
8.37655e-07
-8.91676e-08
8.88509e-07
-9.55049e-08
8.87224e-07
-9.04987e-08
8.68715e-07
-7.55115e-08
8.44478e-07
-5.17922e-08
8.19762e-07
-2.02989e-08
7.97276e-07
1.83072e-08
7.78578e-07
6.36444e-08
7.64575e-07
1.15582e-07
7.55749e-07
1.7419e-07
7.52296e-07
2.39672e-07
7.54168e-07
3.12284e-07
7.61071e-07
3.92269e-07
7.72444e-07
4.79796e-07
7.87421e-07
5.74946e-07
8.04843e-07
6.77696e-07
8.23288e-07
7.87902e-07
8.4108e-07
9.05224e-07
8.56267e-07
1.02903e-06
8.66559e-07
1.15818e-06
8.69269e-07
1.29059e-06
8.61223e-07
1.42278e-06
8.38759e-07
1.54935e-06
7.98028e-07
1.66279e-06
7.3545e-07
1.75385e-06
6.48373e-07
1.8124e-06
5.35759e-07
1.82926e-06
3.98343e-07
1.79742e-06
2.38549e-07
1.71345e-06
5.9146e-08
1.57745e-06
-1.37755e-07
1.39179e-06
-3.53778e-07
1.16222e-06
-5.94009e-07
8.9748e-07
-8.68708e-07
6.13338e-07
-1.21591e-06
3.40252e-07
-1.77862e-06
9.43909e-08
-3.07519e-06
-2.10454e-07
-5.57129e-06
-9.2463e-06
-5.81143e-08
6.54824e-07
-1.01839e-07
8.8138e-07
-1.24433e-07
9.11102e-07
-1.29504e-07
8.92296e-07
-1.20302e-07
8.59513e-07
-9.96529e-08
8.23829e-07
-6.96494e-08
7.89758e-07
-3.17325e-08
7.59359e-07
1.31583e-08
7.33688e-07
6.44939e-08
7.13239e-07
1.22098e-07
6.98145e-07
1.86066e-07
6.88328e-07
2.5667e-07
6.83563e-07
3.34247e-07
6.83495e-07
4.19086e-07
6.87604e-07
5.11353e-07
6.95154e-07
6.11029e-07
7.05167e-07
7.17884e-07
7.16433e-07
8.31446e-07
7.27518e-07
9.50949e-07
7.36763e-07
1.07525e-06
7.42262e-07
1.20266e-06
7.41853e-07
1.33074e-06
7.33146e-07
1.45591e-06
7.13593e-07
1.57333e-06
6.80602e-07
1.67691e-06
6.31873e-07
1.7595e-06
5.65777e-07
1.81357e-06
4.81688e-07
1.83162e-06
3.80295e-07
1.80722e-06
2.62948e-07
1.73603e-06
1.30336e-07
1.61638e-06
-1.8105e-08
1.44722e-06
-1.84612e-07
1.23031e-06
-3.771e-07
9.73994e-07
-6.12393e-07
7.00386e-07
-9.42306e-07
4.48776e-07
-1.52701e-06
2.15235e-07
-2.84164e-06
-1.61286e-07
-5.19477e-06
-9.40758e-06
-8.86562e-08
7.43481e-07
-1.44708e-07
9.37432e-07
-1.70056e-07
9.3645e-07
-1.71692e-07
8.93931e-07
-1.55769e-07
8.4359e-07
-1.27049e-07
7.95109e-07
-8.86607e-08
7.5137e-07
-4.25597e-08
7.13258e-07
1.0013e-08
6.81115e-07
6.83773e-08
6.54875e-07
1.32323e-07
6.34199e-07
2.02013e-07
6.18638e-07
2.77846e-07
6.0773e-07
3.60311e-07
6.0103e-07
4.49844e-07
5.98072e-07
5.46707e-07
5.98291e-07
6.50916e-07
6.00958e-07
7.62187e-07
6.05161e-07
8.79892e-07
6.09813e-07
1.00301e-06
6.13646e-07
1.13006e-06
6.15215e-07
1.259e-06
6.12907e-07
1.38715e-06
6.04993e-07
1.51103e-06
5.89715e-07
1.62628e-06
5.65358e-07
1.72773e-06
5.30418e-07
1.80967e-06
4.8384e-07
1.86583e-06
4.25532e-07
1.89001e-06
3.56106e-07
1.87705e-06
2.75914e-07
1.82206e-06
1.85329e-07
1.72147e-06
8.24827e-08
1.57392e-06
-3.70589e-08
1.37934e-06
-1.82527e-07
1.14629e-06
-3.79343e-07
9.04863e-07
-7.00878e-07
6.98174e-07
-1.32032e-06
4.72636e-07
-2.61611e-06
1.78348e-08
-4.73997e-06
-9.38975e-06
-1.37225e-07
8.80705e-07
-2.14986e-07
1.01519e-06
-2.35524e-07
9.56988e-07
-2.25959e-07
8.84365e-07
-1.96715e-07
8.14346e-07
-1.53734e-07
7.52128e-07
-1.00951e-07
6.98587e-07
-4.09206e-08
6.53227e-07
2.46383e-08
6.15556e-07
9.47877e-08
5.84725e-07
1.69314e-07
5.59673e-07
2.48479e-07
5.39473e-07
3.32789e-07
5.2342e-07
4.22898e-07
5.10921e-07
5.19427e-07
5.01543e-07
6.22833e-07
4.94884e-07
7.33347e-07
4.90444e-07
8.50857e-07
4.87652e-07
9.74815e-07
4.85855e-07
1.1042e-06
4.84258e-07
1.23748e-06
4.81934e-07
1.37255e-06
4.77842e-07
1.50669e-06
4.70853e-07
1.63659e-06
4.59817e-07
1.75829e-06
4.43657e-07
1.86723e-06
4.21472e-07
1.95836e-06
3.9271e-07
2.02655e-06
3.57347e-07
2.06711e-06
3.15546e-07
2.0757e-06
2.67325e-07
2.04839e-06
2.12642e-07
1.9813e-06
1.49563e-07
1.87198e-06
7.22635e-08
1.72278e-06
-3.33248e-08
1.5397e-06
-1.96266e-07
1.34603e-06
-5.07199e-07
1.16316e-06
-1.13746e-06
8.72784e-07
-2.32573e-06
2.86612e-07
-4.1538e-06
-9.10314e-06
-2.47819e-07
1.12852e-06
-3.11595e-07
1.07897e-06
-3.02767e-07
9.48159e-07
-2.71588e-07
8.53187e-07
-2.11815e-07
7.54572e-07
-1.28886e-07
6.69199e-07
-3.16986e-08
6.014e-07
7.1957e-08
5.49572e-07
1.77672e-07
5.09841e-07
2.84301e-07
4.78097e-07
3.92074e-07
4.519e-07
5.01558e-07
4.29989e-07
6.13473e-07
4.11505e-07
7.28526e-07
3.95868e-07
8.47403e-07
3.82666e-07
9.70755e-07
3.71532e-07
1.09903e-06
3.62166e-07
1.23241e-06
3.5427e-07
1.37075e-06
3.47518e-07
1.51348e-06
3.41532e-07
1.65954e-06
3.35869e-07
1.80737e-06
3.30015e-07
1.95483e-06
3.23396e-07
2.09924e-06
3.15401e-07
2.23746e-06
3.05443e-07
2.36594e-06
2.92993e-07
2.48096e-06
2.77683e-07
2.579e-06
2.59313e-07
2.65677e-06
2.37771e-07
2.71136e-06
2.12733e-07
2.7404e-06
1.83605e-07
2.74165e-06
1.48312e-07
2.71204e-06
1.01876e-07
2.64802e-06
3.06963e-08
2.54709e-06
-9.53358e-08
2.38245e-06
-3.42562e-07
2.07338e-06
-8.28394e-07
1.45747e-06
-1.70982e-06
6.38359e-07
-3.33468e-06
-8.46478e-06
-3.91028e-07
1.51955e-06
-3.6456e-07
1.0525e-06
-1.01534e-07
6.85133e-07
2.05723e-07
5.4593e-07
4.95623e-07
4.64672e-07
7.63686e-07
4.01136e-07
1.01096e-06
3.54121e-07
1.23938e-06
3.2116e-07
1.45293e-06
2.96285e-07
1.65514e-06
2.75888e-07
1.84838e-06
2.58658e-07
2.03445e-06
2.43927e-07
2.21476e-06
2.31193e-07
2.39052e-06
2.20099e-07
2.56279e-06
2.10397e-07
2.73243e-06
2.01896e-07
2.90016e-06
1.94438e-07
3.06656e-06
1.87873e-07
3.23203e-06
1.82046e-07
3.39677e-06
1.76788e-07
3.56073e-06
1.71906e-07
3.72357e-06
1.67183e-07
3.88458e-06
1.6238e-07
4.04274e-06
1.57239e-07
4.19667e-06
1.51512e-07
4.34471e-06
1.44962e-07
4.48499e-06
1.37401e-07
4.61564e-06
1.28656e-07
4.73485e-06
1.18568e-07
4.84075e-06
1.06832e-07
4.93151e-06
9.28416e-08
5.00476e-06
7.50647e-08
5.05587e-06
5.07668e-08
5.07029e-06
1.62691e-08
5.01785e-06
-4.28941e-08
4.80839e-06
-1.33097e-07
4.23033e-06
-2.50337e-07
3.02672e-06
-5.06205e-07
1.45946e-06
-1.76742e-06
-7.00532e-06
1.51955e-06
2.57205e-06
3.25719e-06
3.80312e-06
4.26779e-06
4.66893e-06
5.02305e-06
5.34421e-06
5.64049e-06
5.91638e-06
6.17504e-06
6.41896e-06
6.65016e-06
6.87026e-06
7.08065e-06
7.28255e-06
7.47699e-06
7.66486e-06
7.84691e-06
8.02369e-06
8.1956e-06
8.36278e-06
8.52516e-06
8.6824e-06
8.83391e-06
8.97888e-06
9.11628e-06
9.24493e-06
9.3635e-06
9.47033e-06
9.56318e-06
9.63824e-06
9.68901e-06
9.70528e-06
9.66238e-06
9.52929e-06
9.27895e-06
8.77274e-06
7.00532e-06
)
;

boundaryField
{
    movingWall
    {
        type            calculated;
        value           uniform 0;
    }
    fixedWalls
    {
        type            calculated;
        value           uniform 0;
    }
    frontAndBack
    {
        type            empty;
    }
}


// ************************************************************************* //
