/*--------------------------------*- C++ -*----------------------------------*\
| =========                 |                                                 |
| \\      /  F ield         | OpenFOAM: The Open Source CFD Toolbox           |
|  \\    /   O peration     | Version:  2412                                  |
|   \\  /    A nd           | Website:  www.openfoam.com                      |
|    \\/     M anipulation  |                                                 |
\*---------------------------------------------------------------------------*/
FoamFile
{
    version     2.0;
    format      ascii;
    arch        "LSB;label=32;scalar=64";
    class       volScalarField;
    location    "3.25";
    object      epsilon;
}
// * * * * * * * * * * * * * * * * * * * * * * * * * * * * * * * * * * * * * //

dimensions      [0 2 -3 0 0 0 0];

internalField   nonuniform List<scalar> 
1600
(
0.000171505
0.000243649
0.000385818
0.000549647
0.000687815
0.000779837
0.000841482
0.000881015
0.000916305
0.00102092
0.00148449
0.00329594
0.00681031
0.0125665
0.0202033
0.0286623
0.0369155
0.0440696
0.0494951
0.0525332
0.0537842
0.0539592
0.0520519
0.0490537
0.0450663
0.0408824
0.0362763
0.0316388
0.0271119
0.0230034
0.0189685
0.0148977
0.0110435
0.00828327
0.00709597
0.00635876
0.00544486
0.0039418
0.00201783
0.000854077
0.000351541
0.000206035
0.000189368
0.000213807
0.000265295
0.000345323
0.000481003
0.00072975
0.001171
0.00196136
0.00349876
0.00598121
0.00890396
0.0118991
0.0148538
0.0163212
0.0168986
0.0169415
0.0159639
0.01465
0.0132285
0.0119228
0.0109514
0.0105199
0.0104004
0.0103861
0.010544
0.0107787
0.0110102
0.0111102
0.0110006
0.0103223
0.00914136
0.00728469
0.0053404
0.00359281
0.00243107
0.00175249
0.00108133
0.00104903
0.000721378
0.000331733
0.00024517
0.000261001
0.000346504
0.000538439
0.000913478
0.00160089
0.00280397
0.00446824
0.00612475
0.00737403
0.00838812
0.00880775
0.00853489
0.00789307
0.00715918
0.00635293
0.00561502
0.00505555
0.0047223
0.00457806
0.004548
0.00472844
0.00503065
0.00549184
0.00615077
0.00700953
0.00801777
0.00905263
0.00985176
0.0101884
0.0100855
0.00913662
0.00702613
0.00451639
0.00239774
0.00123574
0.000774721
0.00141776
0.00115928
0.000489615
0.000392883
0.000467968
0.00069117
0.001161
0.00201731
0.00328098
0.00464514
0.00564085
0.00620149
0.00646501
0.00611317
0.00513443
0.00459393
0.00385399
0.00338944
0.002956
0.00272217
0.00259537
0.0025482
0.00254371
0.00263295
0.00277009
0.00297154
0.00325404
0.00365208
0.0042137
0.00501664
0.00617378
0.00765592
0.00922643
0.0102158
0.0105652
0.00982009
0.00714944
0.00381705
0.0015195
0.000799549
0.00178605
0.00151934
0.000667964
0.000645308
0.000866983
0.00134717
0.00218603
0.00335967
0.0045282
0.00512276
0.00534934
0.00529868
0.0043508
0.00363483
0.00297024
0.00257247
0.00219936
0.00202079
0.00190945
0.00186805
0.00185809
0.00188092
0.00192857
0.00199647
0.00208791
0.00221169
0.00238381
0.00262523
0.00296766
0.00345662
0.00416383
0.00521774
0.00689235
0.0091309
0.0109645
0.0117351
0.0110407
0.00721419
0.00294655
0.00116871
0.00212428
0.00178926
0.000925418
0.00104026
0.00146674
0.00221335
0.00325882
0.00423213
0.00466119
0.00477723
0.00437534
0.00346631
0.00273875
0.00226522
0.00190858
0.00173024
0.00161918
0.00157761
0.00156497
0.00156994
0.00159494
0.00162526
0.00166702
0.00172064
0.00179334
0.00189097
0.0020253
0.00220961
0.00246387
0.00281664
0.00331409
0.00402669
0.00508974
0.00681675
0.00966339
0.0123408
0.0134555
0.0120209
0.00629354
0.00236068
0.00257408
0.00198997
0.00128167
0.00157374
0.00219648
0.00308619
0.00394013
0.0042998
0.00436646
0.00386398
0.00294973
0.00228359
0.00185146
0.00160232
0.00145702
0.00138951
0.00135598
0.00134095
0.00133407
0.00133185
0.0013362
0.00134879
0.00137396
0.00141407
0.00147524
0.00156386
0.00169079
0.00186985
0.00211936
0.00245875
0.00290597
0.00348768
0.00427305
0.00545904
0.00741053
0.0109888
0.0142978
0.0154425
0.0118233
0.00467278
0.0031919
0.0022637
0.00173494
0.0021949
0.0029332
0.00370824
0.00405073
0.00409337
0.00362345
0.00271193
0.00202837
0.00163087
0.00140231
0.001286
0.00122128
0.00118491
0.00115453
0.00112975
0.0011085
0.00109564
0.00109044
0.00109179
0.00110935
0.00113832
0.00118395
0.00124976
0.00134454
0.00148274
0.00168838
0.00199611
0.00244563
0.00306243
0.0038482
0.00483584
0.00627215
0.00878077
0.0136332
0.0170068
0.017295
0.00863393
0.00409065
0.00311706
0.00230215
0.00282678
0.00355157
0.00390981
0.00394153
0.00355917
0.00268115
0.00192523
0.00150244
0.00128073
0.00116133
0.00109952
0.0010527
0.00101404
0.000977905
0.000948305
0.000926319
0.00091549
0.000911668
0.000917055
0.000935457
0.000963192
0.00100265
0.00105526
0.00112545
0.00122179
0.00136125
0.00157544
0.00191826
0.00246559
0.00328276
0.00436812
0.00571515
0.00765036
0.011196
0.0175785
0.0205341
0.0156353
0.00522795
0.00466297
0.0029454
0.00339239
0.00382404
0.0038944
0.00362406
0.00281703
0.00197035
0.00145577
0.00120529
0.00107873
0.00100747
0.000958708
0.00091243
0.000872372
0.000838366
0.000813155
0.000798401
0.000792166
0.000791079
0.000801817
0.000821269
0.00084938
0.00088682
0.00093458
0.000995062
0.00107311
0.00117836
0.0013299
0.00156574
0.00195858
0.00262683
0.003696
0.00518753
0.00710146
0.0100641
0.0160713
0.0230819
0.0236529
0.00928102
0.00657037
0.0035777
0.00378769
0.00397185
0.00376431
0.00309194
0.00217753
0.00150504
0.0011808
0.0010252
0.000945459
0.000890618
0.00084363
0.00079969
0.00076388
0.000735878
0.000716191
0.000705452
0.00070106
0.000700685
0.000711336
0.000729178
0.00075536
0.00079033
0.000835004
0.000890959
0.000961231
0.00105181
0.00117467
0.00135419
0.00164041
0.00213381
0.00300827
0.00445403
0.00650153
0.00925659
0.0142082
0.0244238
0.0306832
0.0191401
0.00871358
0.00412464
0.00400514
0.00395919
0.0034751
0.00256586
0.00169781
0.00122469
0.0010085
0.000904927
0.00084595
0.00079644
0.000752024
0.000713285
0.000682756
0.000658924
0.000641203
0.000629217
0.000623311
0.000621523
0.000627363
0.000641468
0.000663978
0.000695758
0.000737751
0.000791178
0.000858057
0.000942223
0.0010515
0.00120224
0.00142922
0.00180728
0.00249172
0.00375093
0.00585362
0.00885151
0.0134895
0.0240486
0.0381774
0.0362398
0.0110277
0.00458188
0.00411374
0.00387444
0.0031088
0.00211053
0.00138199
0.00104492
0.000892096
0.000817319
0.00076726
0.000721289
0.000681052
0.000647197
0.000619568
0.000596304
0.000576847
0.00056122
0.000550658
0.000545969
0.000545441
0.00055443
0.000572737
0.000601066
0.000640571
0.000692382
0.000757974
0.000839813
0.00094298
0.00107863
0.00127138
0.0015758
0.00211352
0.00313811
0.00505087
0.00815543
0.0127874
0.0222818
0.0454582
0.0584242
0.013539
0.00494044
0.00410282
0.00369268
0.00275107
0.00175966
0.00117685
0.000923303
0.000808432
0.000750015
0.000704468
0.000662198
0.000625877
0.000594631
0.000567071
0.000541726
0.000518465
0.000498043
0.000481734
0.000472012
0.000468334
0.000471143
0.000485334
0.000510134
0.000546958
0.000597155
0.000662123
0.00074359
0.000844744
0.000973068
0.00114651
0.00140699
0.00185201
0.00270516
0.00441277
0.00754102
0.0124688
0.0218368
0.0486609
0.0827541
0.0160571
0.00524339
0.00404979
0.0034657
0.00244288
0.00150214
0.00103697
0.000837253
0.000746383
0.000696903
0.00065454
0.000615616
0.000581646
0.000550804
0.000521483
0.000492762
0.000465161
0.000440079
0.000419209
0.00040497
0.000398544
0.000397449
0.000407376
0.000428616
0.000462149
0.000509856
0.000573564
0.000654953
0.000756036
0.000881316
0.0010431
0.00127301
0.00164833
0.002356
0.00382285
0.0067863
0.0119216
0.0214011
0.0507304
0.106947
0.0185336
0.00549466
0.00394245
0.00323861
0.0021863
0.00132894
0.00093897
0.000774434
0.000698911
0.000654552
0.000614733
0.000578126
0.000544985
0.000513253
0.000481438
0.000449312
0.000418053
0.000389559
0.000365796
0.000348559
0.000340063
0.000337528
0.000343797
0.000361478
0.000391023
0.000434907
0.000495837
0.000576195
0.000677754
0.000802963
0.000959567
0.00117117
0.00150103
0.00211009
0.00339507
0.00617648
0.0114498
0.0210391
0.0517185
0.129563
0.0209462
0.0057284
0.00382495
0.00303297
0.00199055
0.00120977
0.000869501
0.000727608
0.000661815
0.000620498
0.0005826
0.000547282
0.000514066
0.000480972
0.000446856
0.000412138
0.000378528
0.00034824
0.000323304
0.000305158
0.000295923
0.00029286
0.000296831
0.000311186
0.000336367
0.000375275
0.000431694
0.000509312
0.000610609
0.000736934
0.000892103
0.0010921
0.00138722
0.00191473
0.00303565
0.00560361
0.0109316
0.0207463
0.0520937
0.149823
0.0232336
0.0059591
0.00371404
0.00285762
0.00184857
0.00112918
0.000819053
0.000692116
0.000632338
0.000592865
0.000556296
0.000521597
0.000487996
0.000453726
0.000418071
0.000381955
0.000347436
0.000316878
0.000292236
0.000274656
0.000265694
0.000262689
0.000265531
0.0002771
0.000298081
0.000331551
0.000382265
0.000455529
0.000555384
0.000683232
0.000839993
0.00103494
0.00130727
0.00177477
0.00276656
0.00514096
0.0104894
0.0206091
0.0521496
0.167525
0.0252797
0.00620751
0.00363315
0.00272038
0.00175825
0.00107669
0.000785785
0.000665175
0.000608748
0.00057027
0.000534581
0.000500239
0.000466377
0.000431515
0.000395314
0.000359008
0.000324818
0.000295108
0.000271673
0.000255369
0.000247176
0.000244549
0.000247099
0.000256512
0.000273743
0.00030207
0.000346769
0.000414713
0.000512054
0.000641279
0.00080143
0.000995705
0.00125321
0.00167267
0.00255213
0.00473799
0.0100669
0.0205665
0.0520577
0.182714
0.0269719
0.00645047
0.00356796
0.00261876
0.00169862
0.00105057
0.000760007
0.000645507
0.000589795
0.000551774
0.000516742
0.000482764
0.000449008
0.000414283
0.000378506
0.000343025
0.000310049
0.000281846
0.000260004
0.000245095
0.000237605
0.000235462
0.000238233
0.000246405
0.000260735
0.000284201
0.000323167
0.000385666
0.000479993
0.000610549
0.000775473
0.000975263
0.00122636
0.00160727
0.00239294
0.00440359
0.00968938
0.020704
0.0520837
0.195798
0.0279999
0.00690616
0.00357573
0.00255267
0.00169378
0.00105353
0.000752673
0.000630015
0.000574781
0.000536676
0.000502236
0.000468854
0.00043567
0.000401777
0.000367226
0.000333294
0.000302226
0.000276215
0.000255988
0.000242072
0.000234596
0.000232496
0.000235252
0.000242628
0.000255068
0.000275461
0.000309468
0.000366631
0.00045809
0.000590484
0.000761991
0.000967077
0.00121634
0.00157493
0.00227759
0.00412069
0.00932606
0.0209818
0.0527712
0.207458
0.0279462
0.00740457
0.00362221
0.00253962
0.00170556
0.00106898
0.000756401
0.000623746
0.000563104
0.00052478
0.000490754
0.000458126
0.000425989
0.000393571
0.000360901
0.000329819
0.000301287
0.000276586
0.000257062
0.000243586
0.00023614
0.000234014
0.00023612
0.000242237
0.000253485
0.000272167
0.000303056
0.000356864
0.000446331
0.000580619
0.000756949
0.000967634
0.00121828
0.00156328
0.00220097
0.00388806
0.00897424
0.0213272
0.0540187
0.218141
0.0273837
0.00788146
0.00372842
0.0025549
0.00173791
0.00110466
0.000769659
0.000625237
0.000556176
0.000515379
0.000482193
0.000450644
0.000419805
0.0003891
0.000359524
0.00033047
0.000303256
0.000279801
0.000261398
0.000248622
0.000241314
0.000239152
0.000240741
0.000245779
0.000255488
0.000271843
0.000300938
0.000353002
0.000441586
0.000577374
0.000761727
0.000985506
0.00124201
0.00157004
0.00216297
0.00369895
0.00862338
0.0216944
0.0558937
0.228282
0.0259785
0.00828713
0.00390665
0.00259993
0.00180325
0.001169
0.000799134
0.00063269
0.000556441
0.000510095
0.000475433
0.000444921
0.000415802
0.000388283
0.000360519
0.000333311
0.000308434
0.000286987
0.000269838
0.000257398
0.000249766
0.000247017
0.000248081
0.000252176
0.000260783
0.000275958
0.000303118
0.000353422
0.000442514
0.000583823
0.000778343
0.00101362
0.00127856
0.00159993
0.00214856
0.00355232
0.00827315
0.0220387
0.0583143
0.238156
0.0235297
0.00836625
0.00408922
0.00268917
0.00189404
0.00126009
0.000853712
0.000651319
0.0005606
0.000510348
0.000473624
0.000443089
0.000415619
0.000389167
0.000363444
0.000339147
0.000316636
0.000296884
0.000280672
0.000268463
0.000260404
0.000256838
0.00025741
0.000260665
0.000268276
0.00028287
0.000309961
0.000361327
0.000453378
0.000600468
0.000804516
0.00105214
0.00132696
0.0016433
0.00214677
0.00344373
0.00792392
0.0222963
0.0612073
0.247995
0.0204226
0.0082371
0.0042675
0.00281005
0.00200966
0.00137826
0.000935107
0.000689808
0.000573299
0.000513905
0.000474741
0.000443749
0.000416625
0.000391584
0.000368389
0.000346536
0.00032625
0.000308177
0.00029294
0.000281
0.000272556
0.00026805
0.000268212
0.000270818
0.000277819
0.000292291
0.00032052
0.000374721
0.000471731
0.000626307
0.000840406
0.0011
0.00138529
0.00169994
0.00216696
0.00335576
0.00759009
0.0224077
0.0645061
0.257919
0.0168691
0.00783495
0.00437398
0.00293857
0.00214246
0.00152202
0.00104947
0.000755923
0.000601386
0.00052492
0.000479511
0.00044659
0.000419401
0.000395815
0.000374446
0.000354716
0.000336486
0.000320039
0.000305824
0.000294269
0.000285619
0.000280123
0.000280106
0.000282454
0.000289454
0.000304721
0.0003356
0.000394919
0.000499108
0.000662314
0.000885968
0.0011561
0.00145111
0.00176514
0.00219662
0.00328397
0.00728433
0.0224187
0.06817
0.268042
0.0131817
0.00701677
0.00435037
0.00305328
0.0022811
0.00168564
0.0011995
0.000858426
0.000657439
0.000550545
0.000492148
0.000454039
0.000425223
0.000401709
0.000381434
0.000363303
0.000346817
0.000331899
0.000318747
0.000307764
0.00029912
0.000293436
0.000293426
0.000295934
0.000303714
0.000321151
0.000356893
0.000423665
0.000536885
0.000709109
0.000940821
0.0012189
0.00152183
0.00183584
0.00223239
0.00321883
0.00695503
0.0222579
0.0721007
0.278418
0.00971344
0.00597047
0.00422943
0.00311848
0.00240166
0.00185149
0.0013774
0.00100496
0.000753307
0.0006034
0.000520593
0.000471057
0.000437192
0.000411314
0.000390539
0.000372981
0.000357573
0.000343857
0.000331726
0.000321541
0.000313135
0.000308365
0.000308698
0.000312174
0.000322073
0.000343743
0.000387244
0.000463486
0.000586727
0.000767039
0.00100396
0.00128626
0.00159431
0.00190838
0.00227108
0.00315738
0.00660052
0.0218516
0.0761833
0.289091
0.00676859
0.00485333
0.00394311
0.0031045
0.002498
0.00200585
0.00157055
0.00119325
0.000902649
0.000703759
0.000579844
0.000507943
0.000462339
0.000430371
0.000406156
0.000386926
0.00037117
0.000357819
0.000346372
0.000337038
0.000329195
0.000326668
0.000328075
0.000333836
0.000347887
0.000377182
0.000430258
0.000517306
0.000650026
0.0008357
0.00107357
0.00135549
0.00166526
0.00197916
0.0023083
0.00309612
0.00622435
0.0212476
0.0802273
0.300096
0.00446854
0.00372645
0.00350041
0.0030277
0.00252636
0.00212004
0.00175087
0.00140634
0.00110618
0.000870221
0.00069989
0.000586066
0.000516413
0.000470395
0.000437902
0.000413696
0.000394951
0.000379976
0.000368248
0.000358781
0.000353382
0.000353636
0.000357098
0.000366946
0.000388215
0.000427468
0.000491167
0.000588261
0.000727471
0.000913783
0.00114731
0.00142396
0.0017318
0.00204432
0.00234101
0.00303261
0.00582312
0.0203999
0.0839511
0.311478
0.00285227
0.00273731
0.00293931
0.00283577
0.00250955
0.00219521
0.0019006
0.00161648
0.00134454
0.00110199
0.000902235
0.000747159
0.000633225
0.000557754
0.000506781
0.000470694
0.000444404
0.000424747
0.000410977
0.000399903
0.000397909
0.000400086
0.000407409
0.000423741
0.000454271
0.000502862
0.000575425
0.000678629
0.000818782
0.000999675
0.0012234
0.00149029
0.00179111
0.00210108
0.00236849
0.00296774
0.00541785
0.0194114
0.0868097
0.32324
0.00183057
0.00194897
0.0023764
0.00251031
0.00242442
0.00220995
0.00200649
0.00179769
0.00158427
0.00137244
0.00117504
0.00100253
0.000859837
0.000745549
0.000659417
0.000596781
0.000553013
0.000521874
0.000501259
0.000486605
0.000486488
0.000490098
0.000500469
0.000522117
0.00055815
0.000611756
0.00068729
0.000789809
0.000924197
0.0010939
0.00130423
0.00155623
0.00184589
0.00215105
0.00239358
0.00292051
0.00507674
0.0183964
0.0881588
0.33536
0.00128108
0.0013866
0.00184905
0.00214531
0.00223021
0.00218181
0.00208309
0.00195953
0.00181494
0.00165642
0.00149146
0.00132965
0.00118043
0.00104954
0.000939799
0.000851303
0.000781541
0.00072852
0.000690771
0.000664496
0.000652509
0.000653425
0.000660046
0.000676538
0.000709436
0.000759942
0.000831096
0.000926949
0.0010509
0.00120773
0.00140207
0.00163689
0.00191129
0.00220851
0.00243307
0.00290643
0.00492746
0.0176602
0.0885323
0.348052
0.00110817
0.00101803
0.00141192
0.00177064
0.00198846
0.0020933
0.00211243
0.00208955
0.00203384
0.00194407
0.0018303
0.00170299
0.00157021
0.00144063
0.00132037
0.00121327
0.0011212
0.00104447
0.000983098
0.000936045
0.000902933
0.000886886
0.000888428
0.000897835
0.000920489
0.00096477
0.00103035
0.00111967
0.00123604
0.00138294
0.00156423
0.00178396
0.00204291
0.00233644
0.0025702
0.00306308
0.00505895
0.0174163
0.08789
0.362221
0.00125759
0.000815727
0.00106626
0.00141878
0.00174737
0.00201562
0.00217751
0.00225193
0.00226601
0.00224017
0.00217663
0.00208116
0.00197116
0.0018543
0.00173815
0.00162855
0.00152971
0.00144388
0.0013729
0.00131639
0.00127717
0.00125409
0.00125474
0.00126388
0.00128774
0.00133493
0.00140629
0.00150238
0.00162528
0.00177761
0.00196238
0.00218755
0.00245661
0.00279606
0.00313637
0.00386795
0.00639638
0.0195584
0.0903489
0.379699
0.00159832
0.000920048
0.0011184
0.00148451
0.00187792
0.00223129
0.00251135
0.00271268
0.00283272
0.00289029
0.00289272
0.00286218
0.00279618
0.00271294
0.00262266
0.00253246
0.00244889
0.00237612
0.00231913
0.0022766
0.00226139
0.00226573
0.00228493
0.00232742
0.00239632
0.0024924
0.00261134
0.00275669
0.00292773
0.00314355
0.00340894
0.00374344
0.00415547
0.00471452
0.00547612
0.00709943
0.0115827
0.0292713
0.108526
0.403743
0.00356166
0.00254444
0.00340498
0.00415378
0.0048671
0.00550319
0.00603323
0.00643566
0.00671409
0.00690026
0.00702037
0.00709929
0.00713798
0.00716541
0.00719332
0.00722266
0.00726404
0.00732451
0.00741414
0.00752868
0.00767938
0.00786299
0.00808982
0.00835161
0.0086677
0.00904126
0.00946092
0.0099582
0.0105271
0.0112052
0.0119804
0.012941
0.0140369
0.0156065
0.0181067
0.0224005
0.0313767
0.0579482
0.145699
0.439901
0.0150376
0.032466
0.0462559
0.0531101
0.0568599
0.0588898
0.0600501
0.0604501
0.0603377
0.060022
0.0596354
0.0593188
0.0590544
0.0588852
0.0588765
0.0589395
0.0591242
0.0594713
0.0599535
0.0605701
0.0613299
0.06224
0.0633017
0.0645414
0.065929
0.0675354
0.0692871
0.0712963
0.0734424
0.0759103
0.0785305
0.0815717
0.0849193
0.0888626
0.0954097
0.106607
0.121194
0.157946
0.247592
0.502475
0.274353
0.525288
0.693299
0.761154
0.785507
0.787706
0.78339
0.772722
0.757318
0.740703
0.723948
0.707689
0.692231
0.677722
0.66422
0.651733
0.640244
0.629714
0.620087
0.611315
0.603328
0.596084
0.589505
0.583566
0.578174
0.573326
0.56892
0.564992
0.561414
0.55832
0.555569
0.55353
0.552067
0.552142
0.55269
0.55432
0.559306
0.567542
0.616201
0.58777
)
;

boundaryField
{
    movingWall
    {
        type            epsilonWallFunction;
        blending        stepwise;
        value           nonuniform List<scalar> 
40
(
0.274353
0.525288
0.693299
0.761154
0.785507
0.787706
0.78339
0.772722
0.757318
0.740703
0.723948
0.707689
0.692231
0.677722
0.66422
0.651733
0.640244
0.629714
0.620087
0.611315
0.603328
0.596084
0.589505
0.583566
0.578174
0.573326
0.56892
0.564992
0.561414
0.55832
0.555569
0.55353
0.552067
0.552142
0.55269
0.55432
0.559306
0.567542
0.616201
0.58777
)
;
    }
    fixedWalls
    {
        type            epsilonWallFunction;
        blending        stepwise;
        value           nonuniform List<scalar> 
120
(
0.000171505
0.000351541
0.000721378
0.00115928
0.00151934
0.00178926
0.00198997
0.0022637
0.00311706
0.00466297
0.00657037
0.00871358
0.0110277
0.013539
0.0160571
0.0185336
0.0209462
0.0232336
0.0252797
0.0269719
0.0279999
0.0279462
0.0273837
0.0259785
0.0235297
0.0204226
0.0168691
0.0131817
0.00971344
0.00676859
0.00446854
0.00285227
0.00183057
0.00128108
0.00110817
0.00125759
0.00159832
0.00356166
0.0150376
0.274353
0.000854077
0.00104903
0.00141776
0.00178605
0.00212428
0.00257408
0.0031919
0.00409065
0.00522795
0.00928102
0.0191401
0.0362398
0.0584242
0.0827541
0.106947
0.129563
0.149823
0.167525
0.182714
0.195798
0.207458
0.218141
0.228282
0.238156
0.247995
0.257919
0.268042
0.278418
0.289091
0.300096
0.311478
0.32324
0.33536
0.348052
0.362221
0.379699
0.403743
0.439901
0.502475
0.58777
0.000171505
0.000243649
0.000385818
0.000549647
0.000687815
0.000779837
0.000841482
0.000881015
0.000916305
0.00102092
0.00148449
0.00329594
0.00681031
0.0125665
0.0202033
0.0286623
0.0369155
0.0440696
0.0494951
0.0525332
0.0537842
0.0539592
0.0520519
0.0490537
0.0450663
0.0408824
0.0362763
0.0316388
0.0271119
0.0230034
0.0189685
0.0148977
0.0110435
0.00828327
0.00709597
0.00635876
0.00544486
0.0039418
0.00201783
0.000854077
)
;
    }
    frontAndBack
    {
        type            empty;
    }
}


// ************************************************************************* //
