/*--------------------------------*- C++ -*----------------------------------*\
| =========                 |                                                 |
| \\      /  F ield         | OpenFOAM: The Open Source CFD Toolbox           |
|  \\    /   O peration     | Version:  2412                                  |
|   \\  /    A nd           | Website:  www.openfoam.com                      |
|    \\/     M anipulation  |                                                 |
\*---------------------------------------------------------------------------*/
FoamFile
{
    version     2.0;
    format      ascii;
    arch        "LSB;label=32;scalar=64";
    class       volScalarField;
    location    "3.25";
    object      k;
}
// * * * * * * * * * * * * * * * * * * * * * * * * * * * * * * * * * * * * * //

dimensions      [0 2 -2 0 0 0 0];

internalField   nonuniform List<scalar> 
1600
(
6.60491e-05
8.34368e-05
0.000113316
0.000143438
0.000166534
0.000181041
0.000190473
0.00019646
0.000201771
0.000216968
0.000278619
0.000474132
0.00076897
0.00115645
0.00158655
0.00200248
0.0023699
0.00266647
0.00288066
0.00299704
0.00304425
0.00305077
0.00297826
0.00286275
0.00270541
0.00253528
0.00234108
0.00213711
0.00192812
0.00172812
0.0015197
0.00129379
0.00105984
0.000875098
0.00078942
0.000733836
0.000661883
0.000533864
0.000341839
0.00019282
0.000106618
9.61108e-05
0.000106012
0.000123748
0.000141732
0.000166259
0.000203283
0.000256841
0.00033252
0.000454581
0.000660121
0.000906243
0.00114108
0.00132544
0.00149344
0.00157597
0.00160346
0.00160668
0.001581
0.00154898
0.00152731
0.00151754
0.00151577
0.00154821
0.00159996
0.00166671
0.00174912
0.0018358
0.00190034
0.0019281
0.0019317
0.00186727
0.00175185
0.00153226
0.00122288
0.000889771
0.000605825
0.000411229
0.000268905
0.000221095
0.000172239
0.000146176
0.000162012
0.000187754
0.000220347
0.000270837
0.000360651
0.000504507
0.00068918
0.000888508
0.00104004
0.00113073
0.00118625
0.00121618
0.00120253
0.00114731
0.00112268
0.00108921
0.00107274
0.0010648
0.00106338
0.0010794
0.00110523
0.00114497
0.00119955
0.00127157
0.00136214
0.00147384
0.00160529
0.00174647
0.00184366
0.00188331
0.00185595
0.00173311
0.00150618
0.00112461
0.000719688
0.000415335
0.000253071
0.000270154
0.000236381
0.000211193
0.000247734
0.000295505
0.000364231
0.000474889
0.000636953
0.000830281
0.000986282
0.0010563
0.0010793
0.00108576
0.00105966
0.000963446
0.000917256
0.000867955
0.000843629
0.00082105
0.000810849
0.000806685
0.000806217
0.000815471
0.00082676
0.000846866
0.00087184
0.000907123
0.000953886
0.00101795
0.00110457
0.00122558
0.00140333
0.00161408
0.0017389
0.00178151
0.00171658
0.00145268
0.0009603
0.00048648
0.000266141
0.00031501
0.000283075
0.000293235
0.000365925
0.00044476
0.000556532
0.000714949
0.000896795
0.00100671
0.00104166
0.00104092
0.00100474
0.000922376
0.000821691
0.000772572
0.000737747
0.000720788
0.000713712
0.000712043
0.000717962
0.000726306
0.000735617
0.000745969
0.000756462
0.000769561
0.000783567
0.000802849
0.000829174
0.000866291
0.000917416
0.000988448
0.00108958
0.00124286
0.00150041
0.00171307
0.00179303
0.00176446
0.00139685
0.000724363
0.000346375
0.000353453
0.000315602
0.000399508
0.000513815
0.000624432
0.000764067
0.000923704
0.00101299
0.00103542
0.00101324
0.00095113
0.000823334
0.000738782
0.000694962
0.000676743
0.000670631
0.000674415
0.000688343
0.000701384
0.000716735
0.000729181
0.000741255
0.000750678
0.000759333
0.000767566
0.000777158
0.000790158
0.000808588
0.000834849
0.000871142
0.000918904
0.000981987
0.00107054
0.00121437
0.00147915
0.00176805
0.00186956
0.00180688
0.00118955
0.000539549
0.000401563
0.00033863
0.000527705
0.000681298
0.000808733
0.000941629
0.00101929
0.0010374
0.00100208
0.000914201
0.000767488
0.000689799
0.000654586
0.00064314
0.0006422
0.00065748
0.000672972
0.000690385
0.000705045
0.000719057
0.000729926
0.000739893
0.000748403
0.000756704
0.000765222
0.000774952
0.000786939
0.000803141
0.000826419
0.000860012
0.000902775
0.000956326
0.0010204
0.00110551
0.00124962
0.0015371
0.00187055
0.00196507
0.00172031
0.000823514
0.000463347
0.000368773
0.00067142
0.00085114
0.000971813
0.00103816
0.0010546
0.00100819
0.000905336
0.000745195
0.000662769
0.000629154
0.000620098
0.000621901
0.000640266
0.000657678
0.000674129
0.000689428
0.000702007
0.000713107
0.000722504
0.000732412
0.000742436
0.000753052
0.000763752
0.000774659
0.000786456
0.00080107
0.000820817
0.000848587
0.000891792
0.000947959
0.00101051
0.0010817
0.00117334
0.00133696
0.00168527
0.00198937
0.0020197
0.00125121
0.000546583
0.000455968
0.000821807
0.00100318
0.00107642
0.00109286
0.00103644
0.000926185
0.000754585
0.00065234
0.000612651
0.000602281
0.000603623
0.000621611
0.000640485
0.000656772
0.000671324
0.000683236
0.00069317
0.000703654
0.000714935
0.000727116
0.000739988
0.000753404
0.000766869
0.000780361
0.000793696
0.000806903
0.000821913
0.00084323
0.000875385
0.000926862
0.0010013
0.00107909
0.00116073
0.00127212
0.00148832
0.00194256
0.00214249
0.00175718
0.000643534
0.00059644
0.000958907
0.00111384
0.00114388
0.00109335
0.000980816
0.000800533
0.000660766
0.000604408
0.000588099
0.000586924
0.000601637
0.000621838
0.000638938
0.000652786
0.000664068
0.000674088
0.000684342
0.000695296
0.000707216
0.000720216
0.000734535
0.000749794
0.000765686
0.000781632
0.000797171
0.000812375
0.000828289
0.000846269
0.000870213
0.00090795
0.000971356
0.00106645
0.00116378
0.00126213
0.00141289
0.00175201
0.00219177
0.00220626
0.00094299
0.000749671
0.00106977
0.00119153
0.00119091
0.00107011
0.000886254
0.000696688
0.000608286
0.000578275
0.000573017
0.000581451
0.000601703
0.000620395
0.000634602
0.000645786
0.000655679
0.000664616
0.000673404
0.000682567
0.000692694
0.000704284
0.000717744
0.000733366
0.000750948
0.000770059
0.00079004
0.000810102
0.000829579
0.000849059
0.000871316
0.000901763
0.000950002
0.00103388
0.00115611
0.0012748
0.0013987
0.00164498
0.0022275
0.00249588
0.00152772
0.000904897
0.00115103
0.00124715
0.00119397
0.00101595
0.000789698
0.000635346
0.000577815
0.000563156
0.000563379
0.000580278
0.000600741
0.000616726
0.000628475
0.000638048
0.000645527
0.000651339
0.000656266
0.000661223
0.000667241
0.000675297
0.000686246
0.000700678
0.000718703
0.000740127
0.000764385
0.000790577
0.000817607
0.000844523
0.00087128
0.000900562
0.000940931
0.00100755
0.00112138
0.00127729
0.00142268
0.00161098
0.00212991
0.00276277
0.00233821
0.00105871
0.00120771
0.00128047
0.00118149
0.000949468
0.000710702
0.000596786
0.000558615
0.00055159
0.000558833
0.000579373
0.000598226
0.000611698
0.000621808
0.000628226
0.000631162
0.000631978
0.000631487
0.000630925
0.000631377
0.000634787
0.000642008
0.000654207
0.000671705
0.000694568
0.000722439
0.000754455
0.000789264
0.000825254
0.000861131
0.000897115
0.000937435
0.000995072
0.00109405
0.00125214
0.00143566
0.00160907
0.00203344
0.00300215
0.00321501
0.00121393
0.00123512
0.0012861
0.00115186
0.000880876
0.000659861
0.000570984
0.000545467
0.000543271
0.000556376
0.000577569
0.000594468
0.000606364
0.000612476
0.000614419
0.000612863
0.000607532
0.000600449
0.000593311
0.0005889
0.000587558
0.000590374
0.000599774
0.000616012
0.00063937
0.00066984
0.000706815
0.000748936
0.00079416
0.000840234
0.000885762
0.00093222
0.000987925
0.00107467
0.001226
0.00143985
0.00165376
0.0019882
0.0031117
0.00405513
0.00136019
0.00124655
0.00127852
0.00111288
0.000823911
0.000625562
0.000553127
0.000535895
0.000537202
0.00055435
0.000574938
0.000590364
0.000598296
0.000600697
0.000598693
0.000591152
0.000579616
0.000566354
0.000553564
0.000543728
0.000539105
0.000538296
0.000544515
0.000558909
0.000581656
0.000613242
0.000653601
0.000701724
0.000755437
0.000811728
0.000867812
0.000923078
0.000982526
0.00106316
0.00120141
0.00142605
0.00168003
0.00199377
0.00313892
0.00481147
0.00149679
0.0012451
0.00125963
0.00107484
0.000780495
0.000601504
0.00054014
0.000527842
0.000532961
0.000552132
0.000571757
0.000583951
0.000588319
0.000588081
0.000581045
0.000568051
0.000551142
0.00053289
0.000515792
0.000502069
0.000494455
0.000491901
0.000495097
0.000507239
0.000528264
0.000559198
0.000600808
0.000652864
0.000713497
0.000779186
0.000845815
0.000910787
0.000976397
0.00105569
0.00118239
0.0014055
0.00170163
0.00203118
0.00314986
0.00546812
0.00162422
0.00123891
0.00123101
0.00104115
0.000750529
0.000584674
0.000530316
0.000521185
0.000529342
0.000548995
0.000567097
0.000576003
0.000578127
0.000574393
0.000563068
0.000545743
0.00052486
0.000503234
0.000483488
0.000467722
0.00045837
0.000454859
0.000456005
0.000465786
0.000484257
0.000512921
0.000553534
0.000607066
0.000672488
0.000746193
0.000822857
0.000897835
0.000970924
0.00105218
0.00117081
0.00138668
0.00171039
0.00206397
0.00315453
0.00602446
0.0017406
0.00122616
0.00119938
0.00101337
0.000731719
0.000573508
0.000522485
0.000515301
0.000525569
0.000544917
0.000560753
0.000567213
0.000567589
0.000560718
0.000546249
0.000526042
0.000502809
0.000479508
0.000458757
0.000442462
0.000432528
0.00042863
0.000428703
0.000436335
0.000451913
0.000477249
0.000515052
0.000567746
0.00063566
0.000715631
0.000801385
0.000886045
0.000967696
0.00105099
0.00116429
0.00136836
0.00171333
0.00210875
0.00316126
0.00649031
0.00184158
0.00120967
0.00116698
0.000991713
0.000723231
0.00056583
0.000516122
0.000509972
0.000521166
0.000539511
0.000553262
0.000558187
0.000556954
0.000547967
0.000531673
0.000510088
0.000486049
0.00046253
0.000442048
0.000426271
0.00041653
0.000412573
0.000412411
0.000418233
0.000430808
0.000452489
0.000486466
0.000536658
0.0006051
0.000689644
0.000783481
0.000877933
0.000966734
0.0010532
0.00116206
0.00135459
0.0017123
0.00214923
0.00318122
0.00687712
0.00192306
0.00119205
0.00113686
0.000976193
0.000725173
0.000565836
0.000511112
0.000504549
0.000515779
0.000532774
0.000544999
0.000549059
0.000546685
0.000536719
0.000519899
0.000498294
0.000474717
0.000452045
0.000432621
0.000417872
0.000408647
0.000404856
0.000404841
0.000409519
0.000419553
0.000437224
0.000467101
0.000513992
0.000581649
0.000669382
0.000770123
0.00087449
0.000970225
0.00106032
0.00116342
0.00134263
0.00170272
0.00219298
0.00322102
0.00720171
0.00197199
0.00118096
0.00110999
0.000966747
0.000731694
0.000568628
0.000507294
0.000498876
0.000509377
0.000524932
0.000536156
0.000539957
0.000537107
0.000527164
0.000510966
0.000490455
0.000468285
0.000447153
0.00042925
0.00041563
0.000406798
0.000402779
0.000402708
0.000406609
0.000414828
0.000429649
0.000455521
0.000498929
0.000565251
0.000655552
0.000763304
0.000874127
0.000978634
0.00107243
0.00117125
0.0013355
0.00169112
0.00223136
0.00328422
0.00748488
0.0019696
0.00116784
0.00108567
0.000961237
0.000745311
0.000576337
0.000507606
0.000494174
0.000501956
0.000516189
0.000526777
0.000530649
0.000528173
0.000519324
0.000504552
0.000485934
0.000465877
0.000446827
0.000430084
0.000417213
0.000408777
0.000404588
0.000404059
0.000406789
0.00041367
0.000426707
0.000449937
0.000490793
0.000556259
0.000648699
0.000761188
0.000880267
0.000992252
0.00108929
0.00118297
0.00133185
0.0016749
0.00226706
0.00337222
0.00773961
0.00194329
0.0011568
0.00106585
0.000960066
0.00076505
0.000592369
0.000510539
0.000489186
0.000493838
0.000506498
0.00051678
0.000521086
0.000519551
0.000512701
0.000499971
0.000483778
0.000466165
0.000448608
0.000433418
0.000421623
0.000413549
0.000409049
0.000407936
0.000409747
0.000415073
0.000426241
0.000447958
0.000487257
0.000552508
0.000646495
0.000764024
0.000891357
0.00101056
0.00111057
0.0011986
0.00133059
0.00165501
0.00229407
0.00347972
0.00797755
0.00187654
0.00113889
0.00104591
0.000960553
0.000790172
0.00061628
0.000518436
0.000488174
0.000487612
0.000495796
0.000506127
0.000511265
0.00051081
0.000506372
0.000496463
0.000482964
0.000467675
0.000452542
0.000438975
0.000427941
0.000419907
0.000414897
0.000413005
0.000414132
0.000418374
0.00042811
0.000447995
0.000486519
0.000552013
0.000649327
0.000773115
0.000907553
0.00103311
0.00113541
0.00121729
0.0013309
0.0016312
0.0023097
0.00360582
0.00820579
0.00175686
0.00111473
0.00102551
0.000960111
0.000818896
0.000649451
0.000535256
0.000490511
0.000481181
0.000485552
0.000494909
0.000500865
0.000501759
0.00049946
0.000492918
0.000482317
0.000469881
0.00045699
0.000444934
0.00043464
0.000426634
0.000421106
0.000418364
0.000418985
0.000422514
0.000431602
0.000451109
0.000490219
0.000557809
0.000658668
0.000787507
0.000928043
0.00105893
0.00116264
0.00123757
0.00133253
0.00160364
0.00231586
0.00374492
0.00843004
0.00159869
0.00108066
0.00100345
0.000957367
0.000848264
0.000689668
0.00056262
0.000498618
0.000480529
0.000477968
0.000482641
0.00048953
0.000492158
0.000491424
0.000488011
0.000480732
0.000470858
0.000460382
0.00044998
0.000440548
0.000432707
0.000426817
0.0004234
0.000423732
0.000426958
0.000436078
0.00045634
0.000497535
0.000568318
0.000673195
0.000806663
0.000952003
0.00108668
0.0011905
0.00125733
0.0013331
0.00157136
0.00231515
0.00389544
0.00865319
0.00140744
0.00102545
0.000974764
0.00095007
0.000877107
0.000735498
0.000602116
0.000516896
0.000484316
0.000474917
0.000473938
0.000477108
0.000481097
0.000482016
0.000480799
0.000477094
0.000470009
0.000461599
0.000453002
0.000444673
0.000437304
0.000431395
0.000427818
0.00042817
0.000431648
0.000441658
0.000464005
0.000508988
0.000584007
0.000693047
0.000830064
0.000978278
0.00111468
0.00121696
0.00127445
0.00133066
0.00153343
0.00228453
0.00405372
0.00887782
0.00119392
0.000951381
0.000941242
0.000934109
0.000893478
0.000787646
0.00065549
0.00055261
0.000497563
0.000477878
0.000471494
0.000469254
0.000470244
0.000471523
0.000471349
0.000469926
0.000466499
0.00046051
0.000453481
0.000446558
0.000440094
0.000434649
0.000431771
0.000432558
0.000437029
0.000449056
0.000475345
0.000525308
0.000605254
0.000717956
0.000856742
0.00100522
0.00114065
0.00123932
0.00128367
0.0013219
0.00148996
0.00224901
0.0042171
0.0091051
0.000973748
0.000863547
0.000894785
0.000912434
0.000893723
0.000831896
0.000714629
0.000606078
0.000527738
0.000490385
0.000475374
0.000469369
0.000466296
0.000464694
0.000463518
0.000462311
0.000460196
0.000456757
0.000452076
0.000446773
0.000441606
0.000437236
0.000436031
0.000437764
0.000444204
0.000459748
0.000491978
0.000547716
0.000632412
0.000747265
0.00088513
0.00103056
0.00116137
0.00125231
0.00128652
0.00130504
0.00143468
0.00218635
0.00437959
0.00933594
0.000764935
0.000772287
0.000833383
0.000885956
0.000887601
0.000858616
0.00078006
0.000674913
0.000585208
0.00052202
0.0004913
0.00047656
0.000469328
0.000465389
0.00046272
0.000460327
0.000457886
0.000455008
0.000451576
0.000447544
0.000443722
0.000441305
0.000441886
0.000445547
0.000455489
0.000476877
0.000515832
0.000577248
0.000665272
0.000779529
0.000912805
0.00105008
0.00117149
0.00125658
0.00127854
0.00127618
0.00136892
0.002111
0.00453586
0.00957097
0.000579468
0.000661472
0.000768309
0.000848153
0.000874485
0.000865721
0.00082888
0.000751277
0.000664087
0.000588613
0.000532152
0.000501815
0.000484812
0.000474862
0.000468649
0.000464374
0.000460949
0.000457792
0.000454623
0.000451648
0.000449623
0.000449887
0.000452456
0.000459749
0.000475511
0.000503978
0.000548983
0.00061445
0.000702681
0.000812247
0.000935752
0.00105875
0.00117349
0.00124853
0.00125377
0.00123112
0.00128964
0.00201576
0.00467592
0.00981102
0.000429026
0.00055176
0.000696908
0.000799341
0.000853332
0.000864322
0.000853497
0.000818209
0.00075227
0.000681662
0.000617535
0.000564534
0.000529042
0.000507289
0.000493082
0.000483524
0.000476823
0.000472027
0.000468374
0.000466376
0.00046671
0.000469094
0.000475309
0.000488359
0.000510471
0.000544383
0.000592976
0.000658398
0.000741937
0.000841673
0.000946795
0.00105859
0.00115886
0.00121843
0.00121157
0.00116676
0.00119519
0.00191014
0.00478705
0.010056
0.000318681
0.000453112
0.000619656
0.000741393
0.00081806
0.000858535
0.000870931
0.000862434
0.000835515
0.000786008
0.000730207
0.000676039
0.000627781
0.000588373
0.000558807
0.00053844
0.000524554
0.000515375
0.000509281
0.000507318
0.000508701
0.000513298
0.000523306
0.000540165
0.000565121
0.000600075
0.000646445
0.000705457
0.000778579
0.000858428
0.000947923
0.0010393
0.00112167
0.00116336
0.00114671
0.00108125
0.00108945
0.00180046
0.00484186
0.0103054
0.000250767
0.000376642
0.000544531
0.00067831
0.000776299
0.000844977
0.000883859
0.000902288
0.000899123
0.000883965
0.000852333
0.00081017
0.000766592
0.000725366
0.000689343
0.00065886
0.000634512
0.000616619
0.000604246
0.000597031
0.000596079
0.000598334
0.00060477
0.000617978
0.000638199
0.000666315
0.000702673
0.000749086
0.000802191
0.000862625
0.00092947
0.000996764
0.00105802
0.0010799
0.00105633
0.000979095
0.000994875
0.00171239
0.00486144
0.0105634
0.000227443
0.000325603
0.000474057
0.000610259
0.000727375
0.000822197
0.00089533
0.000942264
0.000968058
0.000975922
0.000969382
0.0009517
0.00092242
0.000889267
0.00085539
0.000822992
0.000793396
0.000767614
0.000745984
0.000728732
0.000716256
0.000708305
0.00070612
0.000708532
0.000715597
0.000730046
0.000751169
0.000777962
0.000809995
0.000847536
0.000888818
0.000929354
0.000966685
0.000970937
0.000947645
0.00089619
0.000952984
0.00167561
0.00485789
0.0108478
0.00024767
0.00029564
0.000425429
0.000563542
0.000697918
0.000822066
0.000922015
0.00100357
0.00106024
0.00109445
0.00110699
0.00110287
0.00108923
0.00106288
0.00103043
0.000994718
0.000958164
0.000922704
0.000889562
0.000859863
0.000834216
0.000813168
0.0007969
0.000785785
0.000779129
0.000779529
0.000782572
0.000789722
0.000802531
0.00081915
0.000838121
0.000858518
0.000881127
0.00089614
0.000888751
0.000867403
0.000951028
0.00172019
0.00495854
0.0111936
0.00029102
0.00029856
0.000403062
0.000538964
0.000689896
0.000829532
0.000946208
0.00103949
0.00111107
0.00115861
0.00118436
0.00118504
0.00117748
0.0011586
0.00112859
0.00109314
0.0010549
0.00101606
0.000977731
0.000942827
0.00091198
0.00088487
0.000862219
0.000843363
0.000828809
0.000818199
0.000811401
0.000807786
0.000808857
0.000813118
0.000822527
0.000838102
0.00086059
0.000889218
0.000919819
0.000989716
0.00123152
0.00221917
0.00551508
0.0116612
0.000497504
0.000355273
0.000474426
0.000612573
0.000757799
0.000894172
0.00101227
0.00110511
0.00117335
0.00122045
0.00125009
0.00126129
0.00125951
0.00125251
0.00123764
0.00121674
0.00119316
0.00116846
0.0011449
0.00112191
0.00110181
0.00108402
0.00107222
0.00106254
0.0010627
0.00106617
0.00107517
0.00109358
0.00112072
0.0011591
0.00120815
0.00127229
0.00135265
0.00145898
0.00161899
0.00183441
0.00226897
0.00347023
0.0065703
0.0123471
0.00130087
0.00150183
0.00202217
0.00229333
0.00246932
0.00259131
0.00268006
0.00273798
0.00277266
0.00279331
0.00280804
0.00282089
0.00282964
0.00283981
0.00285155
0.0028662
0.00288549
0.00290855
0.00293731
0.00297152
0.00301236
0.00306009
0.00311575
0.00318018
0.0032527
0.00333683
0.00342821
0.00353364
0.00364567
0.00377569
0.00391167
0.00407264
0.0042426
0.00445235
0.00471222
0.0051028
0.00557398
0.00672087
0.00886753
0.0134917
0.00901443
0.0139
0.0167252
0.0177996
0.0181773
0.0182106
0.0181437
0.0179778
0.0177372
0.017476
0.0172106
0.0169513
0.016703
0.0164683
0.0162485
0.0160439
0.0158546
0.0156801
0.0155197
0.0153729
0.0152387
0.0151164
0.015005
0.014904
0.0148121
0.0147293
0.0146538
0.0145864
0.0145249
0.0144716
0.0144242
0.014389
0.014364
0.0143653
0.0143749
0.0144033
0.0144897
0.0146318
0.0154569
0.014978
)
;

boundaryField
{
    movingWall
    {
        type            kqRWallFunction;
        value           nonuniform List<scalar> 
40
(
0.00901443
0.0139
0.0167252
0.0177996
0.0181773
0.0182106
0.0181437
0.0179778
0.0177372
0.017476
0.0172106
0.0169513
0.016703
0.0164683
0.0162485
0.0160439
0.0158546
0.0156801
0.0155197
0.0153729
0.0152387
0.0151164
0.015005
0.014904
0.0148121
0.0147293
0.0146538
0.0145864
0.0145249
0.0144716
0.0144242
0.014389
0.014364
0.0143653
0.0143749
0.0144033
0.0144897
0.0146318
0.0154569
0.014978
)
;
    }
    fixedWalls
    {
        type            kqRWallFunction;
        value           nonuniform List<scalar> 
120
(
6.60491e-05
0.000106618
0.000172239
0.000236381
0.000283075
0.000315602
0.00033863
0.000368773
0.000455968
0.00059644
0.000749671
0.000904897
0.00105871
0.00121393
0.00136019
0.00149679
0.00162422
0.0017406
0.00184158
0.00192306
0.00197199
0.0019696
0.00194329
0.00187654
0.00175686
0.00159869
0.00140744
0.00119392
0.000973748
0.000764935
0.000579468
0.000429026
0.000318681
0.000250767
0.000227443
0.00024767
0.00029102
0.000497504
0.00130087
0.00901443
0.00019282
0.000221095
0.000270154
0.00031501
0.000353453
0.000401563
0.000463347
0.000546583
0.000643534
0.00094299
0.00152772
0.00233821
0.00321501
0.00405513
0.00481147
0.00546812
0.00602446
0.00649031
0.00687712
0.00720171
0.00748488
0.00773961
0.00797755
0.00820579
0.00843004
0.00865319
0.00887782
0.0091051
0.00933594
0.00957097
0.00981102
0.010056
0.0103054
0.0105634
0.0108478
0.0111936
0.0116612
0.0123471
0.0134917
0.014978
6.60491e-05
8.34368e-05
0.000113316
0.000143438
0.000166534
0.000181041
0.000190473
0.00019646
0.000201771
0.000216968
0.000278619
0.000474132
0.00076897
0.00115645
0.00158655
0.00200248
0.0023699
0.00266647
0.00288066
0.00299704
0.00304425
0.00305077
0.00297826
0.00286275
0.00270541
0.00253528
0.00234108
0.00213711
0.00192812
0.00172812
0.0015197
0.00129379
0.00105984
0.000875098
0.00078942
0.000733836
0.000661883
0.000533864
0.000341839
0.00019282
)
;
    }
    frontAndBack
    {
        type            empty;
    }
}


// ************************************************************************* //
