/*--------------------------------*- C++ -*----------------------------------*\
| =========                 |                                                 |
| \\      /  F ield         | OpenFOAM: The Open Source CFD Toolbox           |
|  \\    /   O peration     | Version:  2412                                  |
|   \\  /    A nd           | Website:  www.openfoam.com                      |
|    \\/     M anipulation  |                                                 |
\*---------------------------------------------------------------------------*/
FoamFile
{
    version     2.0;
    format      ascii;
    arch        "LSB;label=32;scalar=64";
    class       volScalarField;
    location    "3.25";
    object      nut;
}
// * * * * * * * * * * * * * * * * * * * * * * * * * * * * * * * * * * * * * //

dimensions      [0 2 -1 0 0 0 0];

internalField   nonuniform List<scalar> 
1600
(
2.28928e-06
2.57154e-06
2.99534e-06
3.3689e-06
3.62893e-06
3.7826e-06
3.88027e-06
3.94282e-06
3.99869e-06
4.14995e-06
4.70637e-06
6.1385e-06
7.81438e-06
9.57821e-06
1.12132e-05
1.25912e-05
1.36929e-05
1.45204e-05
1.50891e-05
1.53884e-05
1.55078e-05
1.55237e-05
1.53367e-05
1.50362e-05
1.46169e-05
1.415e-05
1.35973e-05
1.29921e-05
1.2341e-05
1.16842e-05
1.09578e-05
1.01123e-05
9.15407e-06
8.32059e-06
7.904e-06
7.62199e-06
7.24134e-06
6.50743e-06
5.21196e-06
3.91787e-06
2.91024e-06
4.03502e-06
5.34131e-06
6.44607e-06
6.81474e-06
7.20425e-06
7.73211e-06
8.13575e-06
8.49808e-06
9.48215e-06
1.12092e-05
1.23578e-05
1.3161e-05
1.32875e-05
1.35139e-05
1.36958e-05
1.36933e-05
1.37135e-05
1.40919e-05
1.474e-05
1.58703e-05
1.73838e-05
1.88817e-05
2.05066e-05
2.21519e-05
2.40718e-05
2.61142e-05
2.81402e-05
2.95194e-05
3.01148e-05
3.05284e-05
3.04006e-05
3.02151e-05
2.90066e-05
2.5202e-05
1.98319e-05
1.35875e-05
8.6847e-06
6.01842e-06
4.19383e-06
3.70121e-06
5.79701e-06
9.63539e-06
1.21557e-05
1.2611e-05
1.22609e-05
1.2815e-05
1.43092e-05
1.52453e-05
1.59012e-05
1.58947e-05
1.56048e-05
1.50983e-05
1.51137e-05
1.52488e-05
1.50093e-05
1.58448e-05
1.6807e-05
1.84452e-05
2.01843e-05
2.15508e-05
2.29048e-05
2.41729e-05
2.49524e-05
2.57427e-05
2.64977e-05
2.71493e-05
2.78903e-05
2.89265e-05
3.03243e-05
3.10521e-05
3.13314e-05
3.07382e-05
2.95874e-05
2.9059e-05
2.52032e-05
1.94414e-05
1.25636e-05
7.44016e-06
4.63299e-06
4.3379e-06
8.19875e-06
1.40589e-05
1.67941e-05
1.72747e-05
1.74822e-05
1.81002e-05
1.89099e-05
1.88471e-05
1.78022e-05
1.69057e-05
1.64113e-05
1.65315e-05
1.62706e-05
1.64831e-05
1.75925e-05
1.88981e-05
2.05247e-05
2.17373e-05
2.25658e-05
2.29569e-05
2.35283e-05
2.33647e-05
2.33012e-05
2.30215e-05
2.2759e-05
2.24231e-05
2.21324e-05
2.18883e-05
2.18965e-05
2.31509e-05
2.54131e-05
2.66392e-05
2.70359e-05
2.70056e-05
2.6565e-05
2.17435e-05
1.40176e-05
7.97299e-06
5.0003e-06
4.7467e-06
1.15857e-05
1.8675e-05
2.05345e-05
2.06919e-05
2.10444e-05
2.15443e-05
2.0143e-05
1.90631e-05
1.82294e-05
1.71468e-05
1.75991e-05
1.67177e-05
1.80854e-05
1.90418e-05
2.12599e-05
2.26865e-05
2.38972e-05
2.48346e-05
2.55514e-05
2.58926e-05
2.59686e-05
2.5796e-05
2.5528e-05
2.49845e-05
2.43354e-05
2.35704e-05
2.27592e-05
2.19141e-05
2.11182e-05
2.04778e-05
2.01706e-05
2.21894e-05
2.40883e-05
2.46565e-05
2.53787e-05
2.4342e-05
1.60266e-05
9.23904e-06
5.29289e-06
5.01013e-06
1.55223e-05
2.28411e-05
2.39255e-05
2.37386e-05
2.35639e-05
2.1822e-05
2.07003e-05
1.93416e-05
1.86084e-05
1.76006e-05
1.79359e-05
1.91891e-05
2.15963e-05
2.33939e-05
2.52814e-05
2.70303e-05
2.8291e-05
2.94494e-05
3.00033e-05
3.04268e-05
3.04235e-05
3.01589e-05
2.95673e-05
2.87459e-05
2.77448e-05
2.66306e-05
2.5459e-05
2.42487e-05
2.29308e-05
2.15529e-05
2.02654e-05
1.94702e-05
2.03769e-05
2.27975e-05
2.33787e-05
2.44436e-05
2.02356e-05
1.10986e-05
5.63803e-06
5.18617e-06
1.95545e-05
2.6545e-05
2.67994e-05
2.58571e-05
2.37317e-05
2.25259e-05
2.06974e-05
1.94666e-05
1.79723e-05
1.8753e-05
2.08287e-05
2.3233e-05
2.54752e-05
2.79992e-05
3.00597e-05
3.199e-05
3.3535e-05
3.49394e-05
3.58862e-05
3.65288e-05
3.66892e-05
3.64437e-05
3.57236e-05
3.45617e-05
3.29637e-05
3.1047e-05
2.90027e-05
2.70731e-05
2.52412e-05
2.36003e-05
2.19302e-05
2.01489e-05
1.89649e-05
1.93508e-05
2.20248e-05
2.25051e-05
2.25277e-05
1.3062e-05
6.05349e-06
5.40684e-06
2.33855e-05
2.9705e-05
2.89778e-05
2.61579e-05
2.47105e-05
2.23483e-05
2.03582e-05
1.84291e-05
1.94904e-05
2.18443e-05
2.46785e-05
2.70672e-05
3.02097e-05
3.28537e-05
3.54262e-05
3.7865e-05
4.0012e-05
4.17718e-05
4.30846e-05
4.42195e-05
4.47191e-05
4.4836e-05
4.43419e-05
4.32154e-05
4.14015e-05
3.89511e-05
3.59141e-05
3.24676e-05
2.9267e-05
2.64092e-05
2.38817e-05
2.17762e-05
1.97548e-05
1.8321e-05
1.87492e-05
2.09436e-05
2.12273e-05
1.6319e-05
6.57297e-06
6.00297e-06
2.64027e-05
3.20414e-05
2.93621e-05
2.74926e-05
2.45284e-05
2.16915e-05
1.91134e-05
1.98934e-05
2.24839e-05
2.54908e-05
2.8237e-05
3.16283e-05
3.50716e-05
3.82839e-05
4.14773e-05
4.43032e-05
4.66833e-05
4.86751e-05
5.0459e-05
5.18866e-05
5.26827e-05
5.30378e-05
5.27881e-05
5.19369e-05
5.03761e-05
4.7961e-05
4.46639e-05
4.06194e-05
3.59528e-05
3.13583e-05
2.74873e-05
2.39917e-05
2.12167e-05
1.90377e-05
1.78064e-05
1.93201e-05
2.01189e-05
1.77734e-05
7.12942e-06
6.86616e-06
2.80965e-05
3.29144e-05
3.0795e-05
2.76264e-05
2.38903e-05
2.04743e-05
1.99432e-05
2.25845e-05
2.58257e-05
2.87403e-05
3.23356e-05
3.63003e-05
4.02681e-05
4.39626e-05
4.73406e-05
5.02924e-05
5.2792e-05
5.49244e-05
5.69019e-05
5.82227e-05
5.91265e-05
5.95695e-05
5.94988e-05
5.88343e-05
5.74773e-05
5.53494e-05
5.23995e-05
4.84664e-05
4.35284e-05
3.78813e-05
3.23272e-05
2.76943e-05
2.34974e-05
2.01885e-05
1.78519e-05
1.71897e-05
1.8731e-05
1.85212e-05
8.62305e-06
7.6983e-06
2.87886e-05
3.37348e-05
3.21369e-05
2.73785e-05
2.28627e-05
2.00612e-05
2.21263e-05
2.54879e-05
2.88249e-05
3.21829e-05
3.6586e-05
4.10607e-05
4.53236e-05
4.91354e-05
5.25799e-05
5.5508e-05
5.7853e-05
5.98106e-05
6.16314e-05
6.27572e-05
6.35841e-05
6.40812e-05
6.42175e-05
6.39148e-05
6.30497e-05
6.14462e-05
5.88874e-05
5.52333e-05
5.04561e-05
4.46145e-05
3.80659e-05
3.19791e-05
2.70078e-05
2.24962e-05
1.90214e-05
1.71405e-05
1.82837e-05
1.82721e-05
1.09745e-05
8.45754e-06
2.89087e-05
3.49511e-05
3.24055e-05
2.67314e-05
2.18742e-05
2.13981e-05
2.45355e-05
2.83025e-05
3.15668e-05
3.58237e-05
4.07815e-05
4.55193e-05
4.98374e-05
5.36641e-05
5.69163e-05
5.95471e-05
6.1603e-05
6.31297e-05
6.44689e-05
6.54204e-05
6.60735e-05
6.65466e-05
6.68165e-05
6.6826e-05
6.64649e-05
6.55563e-05
6.38525e-05
6.1046e-05
5.68288e-05
5.10705e-05
4.40893e-05
3.66673e-05
3.01724e-05
2.50839e-05
2.05797e-05
1.73152e-05
1.69776e-05
1.79939e-05
1.35777e-05
9.14771e-06
2.86502e-05
3.58711e-05
3.24261e-05
2.60982e-05
2.1539e-05
2.31939e-05
2.68773e-05
3.06948e-05
3.43887e-05
3.93747e-05
4.46544e-05
4.94465e-05
5.37673e-05
5.73304e-05
6.01251e-05
6.23139e-05
6.39497e-05
6.50602e-05
6.57131e-05
6.64892e-05
6.69078e-05
6.7254e-05
6.7558e-05
6.77805e-05
6.78421e-05
6.75857e-05
6.67582e-05
6.50003e-05
6.18739e-05
5.69725e-05
5.01909e-05
4.21643e-05
3.43281e-05
2.79372e-05
2.27458e-05
1.82226e-05
1.67014e-05
1.78441e-05
1.59226e-05
9.79596e-06
2.77902e-05
3.62834e-05
3.23367e-05
2.53846e-05
2.227e-05
2.49328e-05
2.90025e-05
3.28573e-05
3.71457e-05
4.26176e-05
4.80299e-05
5.28713e-05
5.67771e-05
5.99148e-05
6.24007e-05
6.40709e-05
6.51519e-05
6.57657e-05
6.61261e-05
6.63419e-05
6.65801e-05
6.67078e-05
6.69478e-05
6.72655e-05
6.76234e-05
6.79071e-05
6.78889e-05
6.71945e-05
6.5298e-05
6.15884e-05
5.55888e-05
4.74292e-05
3.84241e-05
3.06557e-05
2.47425e-05
1.97407e-05
1.6292e-05
1.79084e-05
1.78839e-05
1.03698e-05
2.66718e-05
3.63267e-05
3.21624e-05
2.50093e-05
2.34463e-05
2.65536e-05
3.08706e-05
3.47982e-05
3.9686e-05
4.54515e-05
5.09534e-05
5.53881e-05
5.89598e-05
6.18602e-05
6.3827e-05
6.5001e-05
6.55977e-05
6.5788e-05
6.57026e-05
6.56317e-05
6.56151e-05
6.55039e-05
6.55927e-05
6.5886e-05
6.63832e-05
6.70327e-05
6.76651e-05
6.79355e-05
6.72872e-05
6.49781e-05
6.02403e-05
5.27092e-05
4.31782e-05
3.39812e-05
2.69699e-05
2.1308e-05
1.6717e-05
1.74797e-05
1.94818e-05
1.08793e-05
2.53927e-05
3.62212e-05
3.21052e-05
2.50768e-05
2.45027e-05
2.79643e-05
3.23792e-05
3.65773e-05
4.19165e-05
4.78607e-05
5.3085e-05
5.71588e-05
6.06436e-05
6.31134e-05
6.46352e-05
6.5394e-05
6.5606e-05
6.54566e-05
6.50868e-05
6.47048e-05
6.45191e-05
6.41685e-05
6.40597e-05
6.42306e-05
6.4711e-05
6.55202e-05
6.65761e-05
6.76012e-05
6.80502e-05
6.70992e-05
6.37466e-05
5.71619e-05
4.75352e-05
3.70612e-05
2.87848e-05
2.27601e-05
1.76486e-05
1.72655e-05
2.077e-05
1.1335e-05
2.41151e-05
3.56566e-05
3.21663e-05
2.54685e-05
2.54312e-05
2.911e-05
3.35991e-05
3.81046e-05
4.37159e-05
4.96805e-05
5.45609e-05
5.85154e-05
6.17364e-05
6.38553e-05
6.50393e-05
6.54986e-05
6.54491e-05
6.50733e-05
6.452e-05
6.38994e-05
6.35822e-05
6.30483e-05
6.27473e-05
6.27454e-05
6.30948e-05
6.38786e-05
6.51224e-05
6.66575e-05
6.80011e-05
6.83088e-05
6.64314e-05
6.11601e-05
5.20377e-05
4.06412e-05
3.08834e-05
2.4085e-05
1.84803e-05
1.7192e-05
2.18022e-05
1.17362e-05
2.27068e-05
3.48584e-05
3.23424e-05
2.60672e-05
2.62155e-05
2.99971e-05
3.45292e-05
3.93145e-05
4.50761e-05
5.08722e-05
5.55137e-05
5.94146e-05
6.23646e-05
6.42352e-05
6.52036e-05
6.549e-05
6.53043e-05
6.4815e-05
6.41514e-05
6.33706e-05
6.29455e-05
6.22932e-05
6.18368e-05
6.1662e-05
6.18275e-05
6.24568e-05
6.36846e-05
6.54784e-05
6.7461e-05
6.88096e-05
6.82715e-05
6.44696e-05
5.60141e-05
4.40988e-05
3.27792e-05
2.51866e-05
1.94194e-05
1.72469e-05
2.26305e-05
1.2074e-05
2.12159e-05
3.37357e-05
3.25375e-05
2.67741e-05
2.67622e-05
3.05101e-05
3.51884e-05
4.01566e-05
4.5937e-05
5.15337e-05
5.60564e-05
5.9861e-05
6.26261e-05
6.4356e-05
6.52272e-05
6.54578e-05
6.52441e-05
6.47344e-05
6.40392e-05
6.31726e-05
6.26438e-05
6.19487e-05
6.13722e-05
6.10193e-05
6.10028e-05
6.14196e-05
6.25013e-05
6.43549e-05
6.67491e-05
6.89339e-05
6.96682e-05
6.71171e-05
5.96831e-05
4.76211e-05
3.48548e-05
2.62124e-05
2.02138e-05
1.74962e-05
2.32961e-05
1.234e-05
1.98264e-05
3.26014e-05
3.27506e-05
2.78632e-05
2.74284e-05
3.09355e-05
3.54935e-05
4.05947e-05
4.62986e-05
5.1732e-05
5.62012e-05
5.99051e-05
6.25806e-05
6.427e-05
6.5146e-05
6.54156e-05
6.52518e-05
6.47855e-05
6.41203e-05
6.32533e-05
6.26504e-05
6.1917e-05
6.1255e-05
6.07598e-05
6.05376e-05
6.07627e-05
6.16517e-05
6.3435e-05
6.60497e-05
6.88328e-05
7.05716e-05
6.90825e-05
6.29544e-05
5.09075e-05
3.68426e-05
2.69299e-05
2.09055e-05
1.79278e-05
2.38399e-05
1.24995e-05
1.81749e-05
3.1011e-05
3.29513e-05
2.84476e-05
2.76219e-05
3.0772e-05
3.55531e-05
4.06274e-05
4.62101e-05
5.1513e-05
5.59659e-05
5.95947e-05
6.22513e-05
6.39872e-05
6.49553e-05
6.53027e-05
6.51491e-05
6.47802e-05
6.42262e-05
6.34861e-05
6.28001e-05
6.20426e-05
6.13275e-05
6.07187e-05
6.03128e-05
6.03453e-05
6.11069e-05
6.27732e-05
6.55012e-05
6.88157e-05
7.11099e-05
7.08646e-05
6.57234e-05
5.42079e-05
3.89544e-05
2.7599e-05
2.13571e-05
1.83954e-05
2.43042e-05
1.24932e-05
1.6577e-05
2.92864e-05
3.27442e-05
2.93124e-05
2.79659e-05
3.0658e-05
3.52366e-05
4.02703e-05
4.56964e-05
5.08901e-05
5.53187e-05
5.89382e-05
6.16731e-05
6.34843e-05
6.4435e-05
6.48343e-05
6.49668e-05
6.47606e-05
6.4314e-05
6.36865e-05
6.29545e-05
6.22301e-05
6.1481e-05
6.07573e-05
6.02097e-05
6.01207e-05
6.07486e-05
6.23936e-05
6.52285e-05
6.88905e-05
7.2071e-05
7.27346e-05
6.8311e-05
5.72238e-05
4.10601e-05
2.81333e-05
2.16888e-05
1.89466e-05
2.4714e-05
1.24115e-05
1.52811e-05
2.74227e-05
3.24691e-05
3.03106e-05
2.85888e-05
3.04792e-05
3.44466e-05
3.94638e-05
4.47993e-05
4.98464e-05
5.42285e-05
5.78696e-05
6.08008e-05
6.25754e-05
6.37386e-05
6.44928e-05
6.4733e-05
6.46779e-05
6.43505e-05
6.37844e-05
6.29677e-05
6.22124e-05
6.14794e-05
6.06905e-05
6.015e-05
6.00124e-05
6.05315e-05
6.22163e-05
6.51502e-05
6.89695e-05
7.25583e-05
7.4002e-05
7.07009e-05
5.97781e-05
4.30775e-05
2.85869e-05
2.18326e-05
1.9497e-05
2.50905e-05
1.21996e-05
1.40865e-05
2.52015e-05
3.19391e-05
3.11623e-05
2.92404e-05
3.02701e-05
3.39001e-05
3.84566e-05
4.33708e-05
4.84923e-05
5.28752e-05
5.64773e-05
5.94339e-05
6.15303e-05
6.2983e-05
6.38217e-05
6.42241e-05
6.42714e-05
6.40333e-05
6.35353e-05
6.27188e-05
6.18814e-05
6.12093e-05
6.04076e-05
5.97738e-05
5.95904e-05
6.02765e-05
6.19747e-05
6.49962e-05
6.9113e-05
7.31323e-05
7.51306e-05
7.25183e-05
6.20706e-05
4.48767e-05
2.89459e-05
2.17855e-05
2.00667e-05
2.54461e-05
1.1806e-05
1.33675e-05
2.31465e-05
3.08509e-05
3.18648e-05
3.01255e-05
3.02033e-05
3.32465e-05
3.71712e-05
4.15764e-05
4.65436e-05
5.09556e-05
5.45177e-05
5.7691e-05
6.01664e-05
6.17332e-05
6.27563e-05
6.33096e-05
6.34798e-05
6.3331e-05
6.29079e-05
6.21393e-05
6.11963e-05
6.06119e-05
5.98884e-05
5.92684e-05
5.90878e-05
5.9858e-05
6.17664e-05
6.50257e-05
6.93771e-05
7.36722e-05
7.60528e-05
7.40316e-05
6.42097e-05
4.64056e-05
2.9209e-05
2.16488e-05
2.06217e-05
2.57904e-05
1.12632e-05
1.276e-05
2.12354e-05
2.93552e-05
3.22241e-05
3.10594e-05
3.04657e-05
3.24376e-05
3.62494e-05
4.0009e-05
4.41606e-05
4.8603e-05
5.23245e-05
5.55048e-05
5.81829e-05
6.00206e-05
6.11606e-05
6.18985e-05
6.22084e-05
6.21616e-05
6.18267e-05
6.11661e-05
6.01542e-05
5.96688e-05
5.90542e-05
5.8554e-05
5.84742e-05
5.94541e-05
6.16214e-05
6.51235e-05
6.96847e-05
7.41525e-05
7.67198e-05
7.50357e-05
6.56589e-05
4.76627e-05
2.92786e-05
2.1528e-05
2.11717e-05
2.61283e-05
1.05685e-05
1.2079e-05
1.95508e-05
2.76451e-05
3.23174e-05
3.19879e-05
3.10909e-05
3.18105e-05
3.51032e-05
3.86709e-05
4.21586e-05
4.58741e-05
4.96681e-05
5.28291e-05
5.55623e-05
5.77524e-05
5.90864e-05
5.99195e-05
6.03908e-05
6.04754e-05
6.02592e-05
5.9792e-05
5.88083e-05
5.84155e-05
5.79326e-05
5.76121e-05
5.77386e-05
5.90405e-05
6.15013e-05
6.52686e-05
6.99919e-05
7.45027e-05
7.70624e-05
7.55126e-05
6.65474e-05
4.85267e-05
2.90523e-05
2.09521e-05
2.16948e-05
2.64638e-05
9.73245e-06
1.16095e-05
1.83282e-05
2.572e-05
3.14967e-05
3.31238e-05
3.22386e-05
3.20167e-05
3.38909e-05
3.73322e-05
4.06537e-05
4.3648e-05
4.68028e-05
4.98123e-05
5.24215e-05
5.47058e-05
5.64733e-05
5.75062e-05
5.8065e-05
5.8315e-05
5.82756e-05
5.79438e-05
5.71809e-05
5.69032e-05
5.65976e-05
5.65113e-05
5.698e-05
5.86202e-05
6.14095e-05
6.54222e-05
7.02159e-05
7.46107e-05
7.69451e-05
7.5296e-05
6.6432e-05
4.88587e-05
2.87271e-05
2.04523e-05
2.21989e-05
2.67988e-05
8.78542e-06
1.1241e-05
1.70372e-05
2.40272e-05
2.99321e-05
3.36402e-05
3.33692e-05
3.28968e-05
3.32741e-05
3.58683e-05
3.90674e-05
4.20919e-05
4.47605e-05
4.72501e-05
4.95121e-05
5.15733e-05
5.33045e-05
5.46053e-05
5.54482e-05
5.58702e-05
5.60507e-05
5.57968e-05
5.54298e-05
5.52492e-05
5.51384e-05
5.53412e-05
5.62536e-05
5.82527e-05
6.13489e-05
6.55201e-05
7.0233e-05
7.4312e-05
7.61396e-05
7.39614e-05
6.5591e-05
4.85472e-05
2.80657e-05
1.96879e-05
2.26595e-05
2.71346e-05
7.78024e-06
1.10601e-05
1.58523e-05
2.27549e-05
2.83848e-05
3.30782e-05
3.48696e-05
3.43562e-05
3.41464e-05
3.48492e-05
3.74649e-05
4.02404e-05
4.2878e-05
4.52931e-05
4.74445e-05
4.92887e-05
5.08377e-05
5.20736e-05
5.29859e-05
5.34855e-05
5.38283e-05
5.36554e-05
5.3566e-05
5.35176e-05
5.36736e-05
5.4263e-05
5.56582e-05
5.79721e-05
6.12789e-05
6.54421e-05
6.98501e-05
7.32139e-05
7.41721e-05
7.18033e-05
6.37351e-05
4.73424e-05
2.70958e-05
1.88759e-05
2.30802e-05
2.74722e-05
6.76295e-06
1.05675e-05
1.51773e-05
2.13835e-05
2.72428e-05
3.18166e-05
3.53159e-05
3.61203e-05
3.58812e-05
3.58321e-05
3.64154e-05
3.86708e-05
4.09631e-05
4.31436e-05
4.514e-05
4.69134e-05
4.84179e-05
4.9639e-05
5.05132e-05
5.11697e-05
5.14866e-05
5.15101e-05
5.1595e-05
5.18422e-05
5.24193e-05
5.34764e-05
5.52244e-05
5.77625e-05
6.10862e-05
6.49794e-05
6.86883e-05
7.08488e-05
7.15648e-05
6.86259e-05
6.04331e-05
4.49806e-05
2.57053e-05
1.79263e-05
2.34395e-05
2.78127e-05
5.80789e-06
1.00097e-05
1.48713e-05
2.02784e-05
2.61146e-05
3.0628e-05
3.44951e-05
3.72736e-05
3.78805e-05
3.79492e-05
3.80405e-05
3.83893e-05
3.978e-05
4.15251e-05
4.31778e-05
4.47033e-05
4.60446e-05
4.72113e-05
4.80409e-05
4.89509e-05
4.92666e-05
4.95004e-05
4.99072e-05
5.06547e-05
5.16261e-05
5.30399e-05
5.49956e-05
5.74893e-05
6.05073e-05
6.37779e-05
6.59457e-05
6.76744e-05
6.74807e-05
6.3592e-05
5.5779e-05
4.12841e-05
2.37296e-05
1.69167e-05
2.3758e-05
2.8156e-05
4.99306e-06
9.4809e-06
1.4542e-05
1.97066e-05
2.48431e-05
3.00176e-05
3.40229e-05
3.72374e-05
3.96571e-05
4.05138e-05
4.08397e-05
4.10288e-05
4.12517e-05
4.179e-05
4.26193e-05
4.37223e-05
4.47804e-05
4.58061e-05
4.65688e-05
4.76021e-05
4.78736e-05
4.83836e-05
4.92467e-05
5.02954e-05
5.1496e-05
5.29754e-05
5.47226e-05
5.67103e-05
5.90314e-05
6.06277e-05
6.2006e-05
6.24666e-05
6.13434e-05
5.66265e-05
4.94427e-05
3.60278e-05
2.10411e-05
1.5859e-05
2.39332e-05
2.85011e-05
4.4178e-06
9.20762e-06
1.44324e-05
1.93023e-05
2.43195e-05
2.9452e-05
3.3752e-05
3.73922e-05
4.00883e-05
4.24563e-05
4.38377e-05
4.44279e-05
4.48053e-05
4.51187e-05
4.5507e-05
4.58929e-05
4.63628e-05
4.69715e-05
4.75703e-05
4.82774e-05
4.90076e-05
4.93099e-05
4.98711e-05
5.08038e-05
5.16703e-05
5.258e-05
5.34685e-05
5.44815e-05
5.51107e-05
5.54519e-05
5.54555e-05
5.46269e-05
5.27112e-05
4.75237e-05
4.12754e-05
2.96847e-05
1.80782e-05
1.49435e-05
2.40254e-05
2.88539e-05
4.20128e-06
9.37253e-06
1.43249e-05
1.89296e-05
2.39465e-05
2.90645e-05
3.41527e-05
3.82414e-05
4.14694e-05
4.40921e-05
4.62073e-05
4.78664e-05
4.87687e-05
4.94031e-05
4.9874e-05
5.02433e-05
5.05288e-05
5.07731e-05
5.09453e-05
5.10601e-05
5.11356e-05
5.09114e-05
5.05099e-05
5.03228e-05
5.00681e-05
4.97186e-05
4.92869e-05
4.86486e-05
4.77721e-05
4.67471e-05
4.54536e-05
4.35732e-05
4.11684e-05
3.63136e-05
3.14461e-05
2.35985e-05
1.61567e-05
1.45089e-05
2.41656e-05
2.92381e-05
4.38985e-06
9.64327e-06
1.52769e-05
2.01456e-05
2.50881e-05
3.01749e-05
3.51364e-05
4.02515e-05
4.46465e-05
4.81227e-05
5.06691e-05
5.25998e-05
5.41701e-05
5.48318e-05
5.49787e-05
5.46817e-05
5.40148e-05
5.30684e-05
5.18746e-05
5.05494e-05
4.904e-05
4.74544e-05
4.5551e-05
4.39687e-05
4.2426e-05
4.09684e-05
3.91937e-05
3.73604e-05
3.56646e-05
3.39728e-05
3.22162e-05
3.03238e-05
2.84436e-05
2.58492e-05
2.2666e-05
1.75067e-05
1.27261e-05
1.36164e-05
2.44921e-05
2.96991e-05
4.76897e-06
8.7196e-06
1.30734e-05
1.76109e-05
2.28104e-05
2.77557e-05
3.20854e-05
3.58499e-05
3.92215e-05
4.18001e-05
4.36417e-05
4.4158e-05
4.46256e-05
4.45319e-05
4.37094e-05
4.24668e-05
4.08976e-05
3.91035e-05
3.70986e-05
3.51415e-05
3.31007e-05
3.11023e-05
2.92823e-05
2.7504e-05
2.57992e-05
2.41737e-05
2.26908e-05
2.13034e-05
2.0112e-05
1.89291e-05
1.78617e-05
1.68875e-05
1.60404e-05
1.50946e-05
1.39051e-05
1.24177e-05
1.17846e-05
1.5142e-05
2.52239e-05
3.03124e-05
6.25435e-06
4.46453e-06
5.94929e-06
8.13046e-06
1.06189e-05
1.30759e-05
1.52858e-05
1.70791e-05
1.84547e-05
1.94275e-05
2.00338e-05
2.01677e-05
2.0002e-05
1.97044e-05
1.91648e-05
1.84475e-05
1.76385e-05
1.6776e-05
1.59118e-05
1.50467e-05
1.42276e-05
1.34503e-05
1.27899e-05
1.21663e-05
1.17262e-05
1.13153e-05
1.09968e-05
1.08085e-05
1.07382e-05
1.07911e-05
1.09652e-05
1.12576e-05
1.17312e-05
1.22754e-05
1.30284e-05
1.352e-05
1.4767e-05
1.87033e-05
2.66659e-05
3.11904e-05
1.01282e-05
6.25257e-06
7.95633e-06
8.91248e-06
9.65144e-06
1.02622e-05
1.07651e-05
1.1161e-05
1.1467e-05
1.16996e-05
1.18999e-05
1.20732e-05
1.22026e-05
1.23258e-05
1.24298e-05
1.25444e-05
1.2674e-05
1.28023e-05
1.29517e-05
1.31202e-05
1.33163e-05
1.35407e-05
1.38024e-05
1.41029e-05
1.44429e-05
1.48382e-05
1.5266e-05
1.57623e-05
1.62874e-05
1.69019e-05
1.75359e-05
1.83002e-05
1.90766e-05
2.00772e-05
2.0946e-05
2.19824e-05
2.30724e-05
2.57385e-05
2.85832e-05
3.26034e-05
2.66569e-05
3.31038e-05
3.63133e-05
3.74622e-05
3.78575e-05
3.78903e-05
3.78194e-05
3.76437e-05
3.73882e-05
3.71092e-05
3.68239e-05
3.65433e-05
3.62728e-05
3.60155e-05
3.57732e-05
3.55463e-05
3.53352e-05
3.51396e-05
3.4959e-05
3.47929e-05
3.46404e-05
3.4501e-05
3.43736e-05
3.42579e-05
3.41522e-05
3.40567e-05
3.39697e-05
3.38918e-05
3.38208e-05
3.37591e-05
3.37045e-05
3.36637e-05
3.36355e-05
3.36373e-05
3.36488e-05
3.36825e-05
3.37843e-05
3.395e-05
3.48953e-05
3.43515e-05
)
;

boundaryField
{
    movingWall
    {
        type            nutkWallFunction;
        blending        stepwise;
        value           uniform 0;
    }
    fixedWalls
    {
        type            nutkWallFunction;
        blending        stepwise;
        value           uniform 0;
    }
    frontAndBack
    {
        type            empty;
    }
}


// ************************************************************************* //
