/*--------------------------------*- C++ -*----------------------------------*\
| =========                 |                                                 |
| \\      /  F ield         | OpenFOAM: The Open Source CFD Toolbox           |
|  \\    /   O peration     | Version:  2412                                  |
|   \\  /    A nd           | Website:  www.openfoam.com                      |
|    \\/     M anipulation  |                                                 |
\*---------------------------------------------------------------------------*/
FoamFile
{
    version     2.0;
    format      ascii;
    arch        "LSB;label=32;scalar=64";
    class       volVectorField;
    location    "3.25";
    object      U;
}
// * * * * * * * * * * * * * * * * * * * * * * * * * * * * * * * * * * * * * //

dimensions      [0 1 -1 0 0 0 0];

internalField   nonuniform List<vector> 
1600
(
(0.000747434 -0.000703522 0)
(0.00312696 -0.000969344 0)
(0.00552063 -0.0008452 0)
(0.00714911 -0.00048125 0)
(0.00786141 -0.000191665 0)
(0.00783826 -8.81224e-05 0)
(0.00746689 -9.61419e-05 0)
(0.00666899 -6.70862e-05 0)
(0.00533475 5.61947e-05 0)
(0.00322607 0.000194088 0)
(-0.000670718 0.000406889 0)
(-0.00630286 0.000827819 0)
(-0.0143545 0.00216431 0)
(-0.0264574 0.00443933 0)
(-0.0410323 0.00659614 0)
(-0.0572477 0.0082503 0)
(-0.0740487 0.0091486 0)
(-0.0903419 0.00921993 0)
(-0.105117 0.00855025 0)
(-0.117591 0.00734393 0)
(-0.127297 0.00584981 0)
(-0.133999 0.00427082 0)
(-0.137655 0.00267226 0)
(-0.138424 0.00101904 0)
(-0.13612 -0.000752751 0)
(-0.130602 -0.00266622 0)
(-0.121737 -0.00470681 0)
(-0.109365 -0.00678135 0)
(-0.0935787 -0.0087191 0)
(-0.07485 -0.0103063 0)
(-0.0541481 -0.0112893 0)
(-0.0328786 -0.0113769 0)
(-0.0126631 -0.0103979 0)
(0.00465927 -0.00836432 0)
(0.0167248 -0.00493101 0)
(0.0232879 -0.000953934 0)
(0.0233821 0.00239726 0)
(0.0180008 0.00419182 0)
(0.00933765 0.00369288 0)
(0.00231049 0.00259395 0)
(0.00115677 -0.00318059 0)
(0.00467436 -0.00433635 0)
(0.00742794 -0.00343297 0)
(0.00896516 -0.00185643 0)
(0.00912613 -0.000401111 0)
(0.00788305 0.000623615 0)
(0.00542021 0.00137479 0)
(0.00147392 0.00235665 0)
(-0.00464208 0.00382919 0)
(-0.0136844 0.0061636 0)
(-0.0269493 0.0100258 0)
(-0.0439188 0.0148976 0)
(-0.0632274 0.0197295 0)
(-0.0835658 0.0234789 0)
(-0.103792 0.0256432 0)
(-0.122641 0.026123 0)
(-0.139259 0.0249901 0)
(-0.153131 0.0224841 0)
(-0.164214 0.019023 0)
(-0.172626 0.0150022 0)
(-0.178526 0.0107482 0)
(-0.18211 0.00644982 0)
(-0.183359 0.00211763 0)
(-0.182071 -0.00233169 0)
(-0.178085 -0.00695513 0)
(-0.171203 -0.0117633 0)
(-0.161274 -0.0167541 0)
(-0.148172 -0.0217992 0)
(-0.13177 -0.0265344 0)
(-0.112246 -0.0304306 0)
(-0.0901463 -0.032729 0)
(-0.066537 -0.0326344 0)
(-0.0429954 -0.0295487 0)
(-0.0215463 -0.0235356 0)
(-0.00371544 -0.0152904 0)
(0.00867018 -0.00593173 0)
(0.0152692 0.00295745 0)
(0.0152753 0.00912626 0)
(0.00975454 0.0112784 0)
(0.00237653 0.00871343 0)
(0.00139916 -0.00634285 0)
(0.00458015 -0.00748847 0)
(0.00607897 -0.00526739 0)
(0.00610129 -0.0020814 0)
(0.00447563 0.000912708 0)
(0.00102212 0.00350886 0)
(-0.00504256 0.00626358 0)
(-0.0142794 0.0101921 0)
(-0.0274979 0.0157605 0)
(-0.0444926 0.0224286 0)
(-0.0645268 0.0295322 0)
(-0.0864646 0.0361233 0)
(-0.108465 0.0411395 0)
(-0.128846 0.0438065 0)
(-0.146667 0.0439607 0)
(-0.161516 0.0418114 0)
(-0.173414 0.0378785 0)
(-0.182708 0.0327617 0)
(-0.189807 0.0269589 0)
(-0.195103 0.0208444 0)
(-0.198794 0.0146068 0)
(-0.200832 0.00830325 0)
(-0.201232 0.00187259 0)
(-0.199945 -0.00482703 0)
(-0.196927 -0.0119143 0)
(-0.191878 -0.0194473 0)
(-0.184378 -0.0274094 0)
(-0.174119 -0.0356109 0)
(-0.160796 -0.0436045 0)
(-0.14411 -0.0505817 0)
(-0.124036 -0.05541 0)
(-0.100984 -0.0567387 0)
(-0.0759978 -0.0533772 0)
(-0.0509592 -0.0449925 0)
(-0.0285147 -0.032382 0)
(-0.0108242 -0.0175136 0)
(0.00103373 -0.00266885 0)
(0.00653749 0.009789 0)
(0.00538018 0.0156539 0)
(0.00142689 0.0133673 0)
(0.00135551 -0.00929657 0)
(0.00303323 -0.00911924 0)
(0.00257249 -0.00506609 0)
(0.000287366 -8.81556e-05 0)
(-0.00405623 0.00492951 0)
(-0.0111453 0.0103492 0)
(-0.0218403 0.0167604 0)
(-0.0365302 0.0245845 0)
(-0.0550216 0.0338088 0)
(-0.0765274 0.0434364 0)
(-0.0991362 0.0519781 0)
(-0.120862 0.058126 0)
(-0.140102 0.0610789 0)
(-0.156123 0.0608284 0)
(-0.168823 0.0577913 0)
(-0.178564 0.0527033 0)
(-0.185915 0.0462857 0)
(-0.191457 0.0391725 0)
(-0.195583 0.0317644 0)
(-0.198541 0.0242777 0)
(-0.200516 0.0167783 0)
(-0.201698 0.00920615 0)
(-0.20201 0.00146718 0)
(-0.201287 -0.00660823 0)
(-0.199599 -0.0152406 0)
(-0.196858 -0.02464 0)
(-0.192818 -0.0348501 0)
(-0.18707 -0.0457808 0)
(-0.178961 -0.0570666 0)
(-0.167707 -0.0678252 0)
(-0.152534 -0.0765703 0)
(-0.132973 -0.0813061 0)
(-0.10919 -0.0800214 0)
(-0.0823296 -0.0712788 0)
(-0.0549835 -0.0553094 0)
(-0.0309165 -0.0347202 0)
(-0.0130105 -0.0132136 0)
(-0.0020821 0.00561696 0)
(0.00130508 0.0165128 0)
(0.00049937 0.0155148 0)
(0.000899625 -0.0107734 0)
(0.000438813 -0.00859537 0)
(-0.00252704 -0.00231197 0)
(-0.00743162 0.00474958 0)
(-0.0149877 0.0125541 0)
(-0.0260264 0.0214816 0)
(-0.0409826 0.0317823 0)
(-0.0598112 0.0434718 0)
(-0.0813507 0.0554321 0)
(-0.103584 0.0659124 0)
(-0.124401 0.0732616 0)
(-0.142191 0.0766952 0)
(-0.156321 0.0762154 0)
(-0.166872 0.0725012 0)
(-0.174384 0.0664818 0)
(-0.179577 0.0590477 0)
(-0.18308 0.0509005 0)
(-0.185352 0.0424894 0)
(-0.186689 0.0340798 0)
(-0.187305 0.0257829 0)
(-0.187344 0.0175999 0)
(-0.186815 0.00945769 0)
(-0.185961 0.00120411 0)
(-0.185043 -0.0073374 0)
(-0.184004 -0.0163975 0)
(-0.182933 -0.0263021 0)
(-0.181835 -0.0373645 0)
(-0.18038 -0.0497554 0)
(-0.178051 -0.0633754 0)
(-0.173901 -0.0775867 0)
(-0.166547 -0.0909565 0)
(-0.154368 -0.101139 0)
(-0.136104 -0.105067 0)
(-0.111583 -0.0998405 0)
(-0.0823516 -0.0840604 0)
(-0.0523277 -0.0592336 0)
(-0.0268973 -0.0305336 0)
(-0.00919968 -0.00398144 0)
(-0.00111513 0.0134008 0)
(0.000376626 0.0157228 0)
(-0.000181875 -0.0105727 0)
(-0.00305364 -0.00543999 0)
(-0.00853484 0.00303757 0)
(-0.0162014 0.0126779 0)
(-0.0270558 0.023762 0)
(-0.0415537 0.0363875 0)
(-0.0597473 0.0504322 0)
(-0.0805964 0.0647232 0)
(-0.101995 0.0772517 0)
(-0.121732 0.0861317 0)
(-0.138206 0.0903693 0)
(-0.150684 0.0899721 0)
(-0.159341 0.0858148 0)
(-0.164836 0.0790082 0)
(-0.167988 0.0706539 0)
(-0.169474 0.0615308 0)
(-0.169797 0.0521748 0)
(-0.169315 0.0428891 0)
(-0.168281 0.0338401 0)
(-0.166881 0.0250898 0)
(-0.165261 0.0166223 0)
(-0.163641 0.00837897 0)
(-0.162099 0.000215471 0)
(-0.160675 -0.00808616 0)
(-0.159498 -0.0168003 0)
(-0.158777 -0.0262481 0)
(-0.158714 -0.0368479 0)
(-0.159392 -0.0490323 0)
(-0.160704 -0.0631176 0)
(-0.162089 -0.0790579 0)
(-0.162297 -0.0960285 0)
(-0.159251 -0.111966 0)
(-0.150288 -0.123345 0)
(-0.133102 -0.125692 0)
(-0.107208 -0.115088 0)
(-0.0751127 -0.0904996 0)
(-0.0427805 -0.055784 0)
(-0.0172721 -0.0200056 0)
(-0.0031463 0.0066757 0)
(0.000533854 0.0150484 0)
(-0.00164092 -0.00782522 0)
(-0.00691269 0.000319075 0)
(-0.0147434 0.0110759 0)
(-0.0251104 0.0235247 0)
(-0.0387983 0.0379799 0)
(-0.0558669 0.0541305 0)
(-0.0755331 0.0706799 0)
(-0.0958961 0.0854897 0)
(-0.114718 0.0963801 0)
(-0.130226 0.102 0)
(-0.141557 0.102199 0)
(-0.148836 0.0978998 0)
(-0.152855 0.0905168 0)
(-0.15451 0.0813314 0)
(-0.154577 0.071312 0)
(-0.153637 0.0610711 0)
(-0.152109 0.0509867 0)
(-0.150283 0.0412602 0)
(-0.148339 0.0319778 0)
(-0.146361 0.0231409 0)
(-0.144393 0.0146895 0)
(-0.142437 0.00650818 0)
(-0.140467 -0.00155283 0)
(-0.138536 -0.00963588 0)
(-0.136789 -0.0179256 0)
(-0.13543 -0.0266761 0)
(-0.134751 -0.0362583 0)
(-0.135149 -0.0471765 0)
(-0.13697 -0.0600293 0)
(-0.140313 -0.0753684 0)
(-0.144675 -0.0933128 0)
(-0.148504 -0.112885 0)
(-0.148926 -0.131234 0)
(-0.142081 -0.143275 0)
(-0.124608 -0.14262 0)
(-0.096136 -0.12432 0)
(-0.0610525 -0.0885902 0)
(-0.0281942 -0.043792 0)
(-0.00598869 -0.00452971 0)
(0.000516124 0.0135334 0)
(-0.00315271 -0.00269894 0)
(-0.0106185 0.00853547 0)
(-0.0204985 0.021499 0)
(-0.0332201 0.0367797 0)
(-0.0489617 0.0544424 0)
(-0.0672034 0.0730377 0)
(-0.0864212 0.090285 0)
(-0.104512 0.103714 0)
(-0.119521 0.111452 0)
(-0.130314 0.112952 0)
(-0.136892 0.109064 0)
(-0.140082 0.101437 0)
(-0.1409 0.091659 0)
(-0.140225 0.0809041 0)
(-0.138736 0.0699451 0)
(-0.136902 0.0592242 0)
(-0.135022 0.0489637 0)
(-0.133238 0.0392325 0)
(-0.131568 0.0300064 0)
(-0.129951 0.0212092 0)
(-0.1283 0.0127392 0)
(-0.126509 0.00448209 0)
(-0.12453 -0.00365585 0)
(-0.122394 -0.011754 0)
(-0.120189 -0.0199093 0)
(-0.118066 -0.0282692 0)
(-0.116281 -0.0370623 0)
(-0.115268 -0.046669 0)
(-0.115577 -0.0576813 0)
(-0.117806 -0.0709308 0)
(-0.122317 -0.0873104 0)
(-0.128692 -0.1072 0)
(-0.135017 -0.1294 0)
(-0.137435 -0.149873 0)
(-0.130761 -0.161294 0)
(-0.110924 -0.154833 0)
(-0.0786769 -0.124934 0)
(-0.0415169 -0.0750529 0)
(-0.0111598 -0.0215015 0)
(1.59745e-05 0.010398 0)
(-0.00434533 0.0048545 0)
(-0.0136762 0.0188059 0)
(-0.0252937 0.0338542 0)
(-0.0397382 0.0518418 0)
(-0.0564596 0.0718585 0)
(-0.0744211 0.0914218 0)
(-0.0918553 0.10778 0)
(-0.106752 0.118434 0)
(-0.117624 0.122155 0)
(-0.124179 0.11945 0)
(-0.127181 0.112109 0)
(-0.127742 0.102062 0)
(-0.126857 0.0907966 0)
(-0.125299 0.0792841 0)
(-0.123591 0.0680753 0)
(-0.122031 0.0574124 0)
(-0.120725 0.0473394 0)
(-0.119639 0.0377895 0)
(-0.118659 0.0286523 0)
(-0.117642 0.0198148 0)
(-0.116452 0.0111814 0)
(-0.114981 0.00268333 0)
(-0.113185 -0.00571608 0)
(-0.11107 -0.0140474 0)
(-0.10868 -0.0223497 0)
(-0.106117 -0.0306844 0)
(-0.103563 -0.0391565 0)
(-0.101334 -0.0479759 0)
(-0.0998961 -0.0575448 0)
(-0.0999167 -0.068582 0)
(-0.102207 -0.0822161 0)
(-0.10738 -0.0997876 0)
(-0.115057 -0.121966 0)
(-0.12277 -0.147016 0)
(-0.125373 -0.168864 0)
(-0.116357 -0.176845 0)
(-0.0918732 -0.159331 0)
(-0.055407 -0.111893 0)
(-0.0189748 -0.0463054 0)
(-0.000513839 0.00360841 0)
(-0.00520957 0.0142712 0)
(-0.0159414 0.0306075 0)
(-0.0288066 0.0476681 0)
(-0.0440576 0.0677497 0)
(-0.0606753 0.0889391 0)
(-0.0773292 0.108205 0)
(-0.0922599 0.122425 0)
(-0.103689 0.129432 0)
(-0.110848 0.128943 0)
(-0.114244 0.122629 0)
(-0.115031 0.112762 0)
(-0.114311 0.101229 0)
(-0.112957 0.0892993 0)
(-0.111556 0.0776872 0)
(-0.110421 0.0666909 0)
(-0.109646 0.0563434 0)
(-0.109169 0.0465378 0)
(-0.108848 0.0371235 0)
(-0.108518 0.0279624 0)
(-0.108026 0.0189522 0)
(-0.107241 0.010031 0)
(-0.10608 0.00117609 0)
(-0.1045 -0.00760861 0)
(-0.102496 -0.0163143 0)
(-0.100094 -0.0249342 0)
(-0.0973649 -0.0334702 0)
(-0.0944411 -0.0419507 0)
(-0.09153 -0.0504688 0)
(-0.0889482 -0.0592466 0)
(-0.0871907 -0.0687545 0)
(-0.0870114 -0.0799092 0)
(-0.0894017 -0.0942495 0)
(-0.0951586 -0.11366 0)
(-0.103749 -0.138941 0)
(-0.111739 -0.167001 0)
(-0.112278 -0.188134 0)
(-0.0978807 -0.186866 0)
(-0.0668432 -0.149601 0)
(-0.0284864 -0.0786353 0)
(-0.00123785 -0.00677451 0)
(-0.00561903 0.0247509 0)
(-0.0172691 0.0434869 0)
(-0.0307537 0.062184 0)
(-0.0459452 0.0834575 0)
(-0.061599 0.104839 0)
(-0.0763678 0.122782 0)
(-0.0885387 0.134036 0)
(-0.0967805 0.137055 0)
(-0.101099 0.132807 0)
(-0.102527 0.123761 0)
(-0.102259 0.112283 0)
(-0.101266 0.100059 0)
(-0.100223 0.088073 0)
(-0.0994911 0.0767485 0)
(-0.0991775 0.0661428 0)
(-0.0992216 0.0561251 0)
(-0.0994757 0.0465035 0)
(-0.0997671 0.0371026 0)
(-0.0999348 0.027795 0)
(-0.099845 0.0185076 0)
(-0.0993872 0.00921357 0)
(-0.0984908 -7.42087e-05 0)
(-0.097117 -0.00932077 0)
(-0.0952556 -0.0184833 0)
(-0.0929273 -0.0275168 0)
(-0.0901882 -0.03638 0)
(-0.0871399 -0.0450523 0)
(-0.0839263 -0.0535588 0)
(-0.0807585 -0.0620091 0)
(-0.0779608 -0.0706773 0)
(-0.0760591 -0.0801765 0)
(-0.0759045 -0.0917559 0)
(-0.0786623 -0.107553 0)
(-0.0851945 -0.130044 0)
(-0.0943957 -0.159554 0)
(-0.10109 -0.189802 0)
(-0.0963608 -0.204853 0)
(-0.0736736 -0.183553 0)
(-0.0375564 -0.1152 0)
(-0.00406679 -0.0214884 0)
(-0.00563678 0.0358088 0)
(-0.0176575 0.0568162 0)
(-0.0310469 0.0765842 0)
(-0.0454878 0.0982503 0)
(-0.0596641 0.119056 0)
(-0.0722979 0.134955 0)
(-0.0818029 0.142816 0)
(-0.0874799 0.142061 0)
(-0.0899331 0.134814 0)
(-0.0903768 0.123905 0)
(-0.0898739 0.111573 0)
(-0.089201 0.0992237 0)
(-0.0888052 0.0875219 0)
(-0.0888428 0.0766188 0)
(-0.0892786 0.0663891 0)
(-0.0899778 0.0566071 0)
(-0.0907741 0.0470522 0)
(-0.0915072 0.0375567 0)
(-0.0920383 0.0280162 0)
(-0.0922535 0.0183854 0)
(-0.0920591 0.00866651 0)
(-0.0913906 -0.0011007 0)
(-0.0902119 -0.0108543 0)
(-0.0885108 -0.0205208 0)
(-0.0863025 -0.0300215 0)
(-0.0836364 -0.0392814 0)
(-0.0805949 -0.0482456 0)
(-0.077293 -0.0568979 0)
(-0.0738854 -0.0652842 0)
(-0.0705879 -0.0735629 0)
(-0.0677355 -0.082121 0)
(-0.0659073 -0.0918321 0)
(-0.0660942 -0.104499 0)
(-0.0696405 -0.123114 0)
(-0.0772193 -0.150539 0)
(-0.0862829 -0.184948 0)
(-0.0888394 -0.213385 0)
(-0.0750169 -0.210546 0)
(-0.043886 -0.152115 0)
(-0.0089509 -0.0440289 0)
(-0.00531097 0.0468698 0)
(-0.017155 0.0699306 0)
(-0.0298474 0.0902319 0)
(-0.0430375 0.111694 0)
(-0.0554723 0.131344 0)
(-0.0659414 0.144795 0)
(-0.0731491 0.149245 0)
(-0.0769767 0.145289 0)
(-0.0783882 0.13584 0)
(-0.0785246 0.123792 0)
(-0.078255 0.111148 0)
(-0.0781391 0.0989945 0)
(-0.0784195 0.087696 0)
(-0.0791114 0.0771928 0)
(-0.0801105 0.0672469 0)
(-0.0812679 0.0575924 0)
(-0.0824318 0.0480093 0)
(-0.0834663 0.0383476 0)
(-0.0842554 0.0285245 0)
(-0.0847013 0.0185155 0)
(-0.0847202 0.00834525 0)
(-0.084254 -0.00192388 0)
(-0.083268 -0.0122071 0)
(-0.0817478 -0.0224033 0)
(-0.0797011 -0.0324029 0)
(-0.07717 -0.0421016 0)
(-0.0742229 -0.0514149 0)
(-0.0709585 -0.060296 0)
(-0.0675047 -0.0687553 0)
(-0.0640243 -0.0768914 0)
(-0.0607412 -0.0849609 0)
(-0.0580202 -0.0935562 0)
(-0.0565398 -0.104015 0)
(-0.0574962 -0.119054 0)
(-0.0623451 -0.142713 0)
(-0.0708892 -0.1771 0)
(-0.0775797 -0.214403 0)
(-0.0715269 -0.2295 0)
(-0.0469386 -0.186752 0)
(-0.0131891 -0.0708135 0)
(-0.00469254 0.0573316 0)
(-0.0158696 0.0822771 0)
(-0.0274347 0.102693 0)
(-0.0390543 0.123508 0)
(-0.0496535 0.141664 0)
(-0.0580844 0.152553 0)
(-0.0634619 0.153913 0)
(-0.0660881 0.147443 0)
(-0.0670338 0.136488 0)
(-0.0672512 0.123834 0)
(-0.067402 0.111206 0)
(-0.0678457 0.099378 0)
(-0.0686762 0.0884694 0)
(-0.0698357 0.0782816 0)
(-0.0712036 0.0685193 0)
(-0.0726437 0.0589059 0)
(-0.0740294 0.0492325 0)
(-0.0752493 0.0393652 0)
(-0.0762066 0.0292375 0)
(-0.0768161 0.018841 0)
(-0.0770044 0.00821677 0)
(-0.0767195 -0.002554 0)
(-0.0759291 -0.0133663 0)
(-0.0746163 -0.0240968 0)
(-0.0727802 -0.034609 0)
(-0.0704504 -0.0447715 0)
(-0.0676809 -0.0544717 0)
(-0.0645557 -0.0636347 0)
(-0.0611874 -0.0722438 0)
(-0.0577142 -0.0803654 0)
(-0.054306 -0.0881915 0)
(-0.051204 -0.0961491 0)
(-0.0488365 -0.105204 0)
(-0.0480605 -0.11753 0)
(-0.0503563 -0.137257 0)
(-0.0569111 -0.169049 0)
(-0.0649284 -0.210636 0)
(-0.0645679 -0.240765 0)
(-0.0468005 -0.216807 0)
(-0.0162615 -0.100619 0)
(-0.00385792 0.0667082 0)
(-0.0139553 0.0934319 0)
(-0.0241065 0.113678 0)
(-0.033992 0.133563 0)
(-0.042758 0.150099 0)
(-0.0493821 0.158557 0)
(-0.0533719 0.157347 0)
(-0.0552839 0.149021 0)
(-0.0561044 0.137107 0)
(-0.0565689 0.124201 0)
(-0.0571446 0.111747 0)
(-0.0580323 0.100252 0)
(-0.0592381 0.089661 0)
(-0.0606799 0.0796952 0)
(-0.062244 0.0700329 0)
(-0.0638179 0.0604003 0)
(-0.0653012 0.0506009 0)
(-0.0666033 0.0405125 0)
(-0.0676438 0.03008 0)
(-0.0683511 0.0193071 0)
(-0.0686639 0.0082489 0)
(-0.0685381 -0.00299822 0)
(-0.0679458 -0.0143143 0)
(-0.0668681 -0.0255591 0)
(-0.0652974 -0.0365769 0)
(-0.0632432 -0.0472114 0)
(-0.0607418 -0.0573226 0)
(-0.0578591 -0.0668055 0)
(-0.0546932 -0.0756165 0)
(-0.0513688 -0.0837988 0)
(-0.0480324 -0.091513 0)
(-0.0448642 -0.0991019 0)
(-0.0421415 -0.107293 0)
(-0.0404197 -0.117757 0)
(-0.0408711 -0.134163 0)
(-0.0451616 -0.162334 0)
(-0.0526593 -0.204697 0)
(-0.0557393 -0.245884 0)
(-0.0441487 -0.241143 0)
(-0.0178607 -0.131282 0)
(-0.00288289 0.0746377 0)
(-0.0115889 0.103094 0)
(-0.0201451 0.123014 0)
(-0.0282352 0.141835 0)
(-0.0352349 0.156791 0)
(-0.0403065 0.163144 0)
(-0.0432695 0.159949 0)
(-0.0447784 0.150333 0)
(-0.0456348 0.137855 0)
(-0.0463675 0.124902 0)
(-0.0472777 0.112668 0)
(-0.0484557 0.101453 0)
(-0.0498671 0.0910938 0)
(-0.0514278 0.0812661 0)
(-0.0530424 0.0716397 0)
(-0.0546248 0.0619491 0)
(-0.0560965 0.0520067 0)
(-0.0573857 0.0416984 0)
(-0.058429 0.0309778 0)
(-0.0591696 0.0198592 0)
(-0.0595608 0.00840842 0)
(-0.0595697 -0.00326626 0)
(-0.0591742 -0.0150348 0)
(-0.0583557 -0.0267483 0)
(-0.057099 -0.0382394 0)
(-0.0553938 -0.0493343 0)
(-0.0532537 -0.0598661 0)
(-0.0507208 -0.0696969 0)
(-0.0478745 -0.0787505 0)
(-0.0448277 -0.087046 0)
(-0.0417153 -0.0947249 0)
(-0.0386904 -0.102092 0)
(-0.0359503 -0.10974 0)
(-0.0338495 -0.118976 0)
(-0.0332159 -0.132863 0)
(-0.0356474 -0.157412 0)
(-0.0418104 -0.198415 0)
(-0.0464668 -0.246777 0)
(-0.0399055 -0.259475 0)
(-0.0180887 -0.161196 0)
(-0.0018355 0.0808775 0)
(-0.00892594 0.111052 0)
(-0.0157834 0.130605 0)
(-0.0220977 0.14838 0)
(-0.0274224 0.161905 0)
(-0.0311646 0.166593 0)
(-0.0333544 0.161976 0)
(-0.0346269 0.151532 0)
(-0.0355615 0.138763 0)
(-0.0365047 0.125864 0)
(-0.0376257 0.113831 0)
(-0.0389459 0.102823 0)
(-0.0404156 0.0926127 0)
(-0.0419598 0.0828529 0)
(-0.0435062 0.073216 0)
(-0.0449918 0.0634436 0)
(-0.0463578 0.053354 0)
(-0.0475513 0.0428394 0)
(-0.0485266 0.0318613 0)
(-0.0492432 0.0204435 0)
(-0.0496705 0.00866079 0)
(-0.0497887 -0.00337142 0)
(-0.049583 -0.0155185 0)
(-0.0490371 -0.0276304 0)
(-0.0481296 -0.0395379 0)
(-0.0468327 -0.0510579 0)
(-0.045136 -0.0620012 0)
(-0.0430538 -0.0721949 0)
(-0.0406415 -0.0815236 0)
(-0.0379959 -0.0899747 0)
(-0.0352428 -0.0976716 0)
(-0.0325224 -0.104901 0)
(-0.0299953 -0.112192 0)
(-0.0279026 -0.120613 0)
(-0.0268017 -0.132689 0)
(-0.0279864 -0.154074 0)
(-0.0327357 -0.192715 0)
(-0.0377747 -0.245276 0)
(-0.0349159 -0.272266 0)
(-0.0171497 -0.189205 0)
(-0.00076409 0.085285 0)
(-0.00609855 0.117186 0)
(-0.0112144 0.136457 0)
(-0.0158187 0.153254 0)
(-0.0195657 0.16559 0)
(-0.0221117 0.169094 0)
(-0.0237008 0.163584 0)
(-0.0247999 0.152668 0)
(-0.0257879 0.139788 0)
(-0.0268526 0.126982 0)
(-0.0280626 0.115103 0)
(-0.0293987 0.104227 0)
(-0.0308078 0.0940904 0)
(-0.0322296 0.0843423 0)
(-0.0336143 0.0746606 0)
(-0.0349193 0.064793 0)
(-0.0361052 0.0545622 0)
(-0.037138 0.0438658 0)
(-0.0379907 0.0326728 0)
(-0.0386405 0.0210153 0)
(-0.0390719 0.00897464 0)
(-0.0392779 -0.00333091 0)
(-0.0392511 -0.0157673 0)
(-0.0389788 -0.0281897 0)
(-0.0384356 -0.0404357 0)
(-0.0375812 -0.052322 0)
(-0.0363848 -0.0636445 0)
(-0.0348336 -0.0741972 0)
(-0.0329548 -0.0838196 0)
(-0.0308245 -0.0924594 0)
(-0.0285553 -0.100216 0)
(-0.0262773 -0.107364 0)
(-0.0241333 -0.114402 0)
(-0.0223096 -0.122263 0)
(-0.0211926 -0.133055 0)
(-0.0217282 -0.151855 0)
(-0.0253735 -0.187828 0)
(-0.030254 -0.242727 0)
(-0.0297641 -0.280404 0)
(-0.0153023 -0.21472 0)
(0.000294808 0.0877841 0)
(-0.00319491 0.121443 0)
(-0.00657431 0.14061 0)
(-0.00954782 0.156546 0)
(-0.0118048 0.167937 0)
(-0.0132592 0.17075 0)
(-0.0143146 0.164844 0)
(-0.0152336 0.153743 0)
(-0.016216 0.140867 0)
(-0.0173099 0.128153 0)
(-0.0185066 0.11637 0)
(-0.0197607 0.105553 0)
(-0.0210207 0.0954279 0)
(-0.022243 0.0856472 0)
(-0.0233978 0.0758966 0)
(-0.0244619 0.0659288 0)
(-0.0254155 0.0555708 0)
(-0.0262445 0.0447261 0)
(-0.0269407 0.0333701 0)
(-0.0274982 0.021541 0)
(-0.0279145 0.0093242 0)
(-0.0281933 -0.0031636 0)
(-0.0283332 -0.0157931 0)
(-0.0283253 -0.0284292 0)
(-0.0281423 -0.0409227 0)
(-0.027737 -0.0530974 0)
(-0.0270658 -0.0647431 0)
(-0.0260944 -0.0756264 0)
(-0.0248231 -0.0855404 0)
(-0.0233034 -0.0943868 0)
(-0.0216295 -0.102234 0)
(-0.0199183 -0.109343 0)
(-0.0182958 -0.11619 0)
(-0.0169218 -0.123622 0)
(-0.0160952 -0.13347 0)
(-0.0164888 -0.150289 0)
(-0.0194524 -0.183593 0)
(-0.0241079 -0.239882 0)
(-0.024927 -0.285308 0)
(-0.0129322 -0.237088 0)
(0.00130291 0.0883527 0)
(-0.000294398 0.123832 0)
(-0.00196054 0.143113 0)
(-0.0033837 0.158312 0)
(-0.0042401 0.169066 0)
(-0.00467688 0.171625 0)
(-0.00517021 0.165721 0)
(-0.00586224 0.154696 0)
(-0.00676457 0.14192 0)
(-0.00780605 0.12929 0)
(-0.00891205 0.117549 0)
(-0.0100149 0.106727 0)
(-0.0110666 0.0965585 0)
(-0.0120391 0.0867084 0)
(-0.0129211 0.0768715 0)
(-0.0137079 0.0668065 0)
(-0.0144004 0.0563453 0)
(-0.0150037 0.0453953 0)
(-0.015528 0.0339365 0)
(-0.0159831 0.0220107 0)
(-0.0163758 0.00970309 0)
(-0.0167177 -0.00287545 0)
(-0.0170119 -0.0156036 0)
(-0.0172525 -0.0283579 0)
(-0.0174119 -0.0410045 0)
(-0.0174408 -0.0533794 0)
(-0.0172907 -0.0652732 0)
(-0.0169155 -0.0764343 0)
(-0.0162952 -0.0866152 0)
(-0.0154566 -0.0956645 0)
(-0.0144705 -0.103615 0)
(-0.0134339 -0.110712 0)
(-0.0124547 -0.117417 0)
(-0.0116678 -0.124507 0)
(-0.0113271 -0.133611 0)
(-0.0119231 -0.148857 0)
(-0.0146478 -0.179802 0)
(-0.0192069 -0.236895 0)
(-0.0208078 -0.288684 0)
(-0.0105874 -0.255663 0)
(0.00224631 0.087016 0)
(0.0025449 0.124377 0)
(0.00254633 0.144026 0)
(0.00257847 0.158648 0)
(0.00304187 0.169044 0)
(0.00362302 0.171681 0)
(0.00376039 0.166189 0)
(0.00336659 0.155445 0)
(0.00261941 0.142865 0)
(0.00169991 0.130322 0)
(0.000741763 0.118579 0)
(-0.000164839 0.107699 0)
(-0.000973858 0.0974428 0)
(-0.00167074 0.0874946 0)
(-0.00226014 0.0775609 0)
(-0.00275614 0.0674077 0)
(-0.00317879 0.0568718 0)
(-0.00355213 0.0458642 0)
(-0.00390309 0.034366 0)
(-0.00425515 0.0224188 0)
(-0.00462246 0.0101039 0)
(-0.00502098 -0.00247735 0)
(-0.00545723 -0.0152153 0)
(-0.00592677 -0.0279982 0)
(-0.00640327 -0.0407068 0)
(-0.00683936 -0.0531905 0)
(-0.00718814 -0.0652452 0)
(-0.00740071 -0.0766077 0)
(-0.00744712 -0.0869981 0)
(-0.00733355 -0.0962193 0)
(-0.00710483 -0.104267 0)
(-0.00683111 -0.111369 0)
(-0.00659655 -0.117966 0)
(-0.00650916 -0.124784 0)
(-0.00679264 -0.133285 0)
(-0.00780392 -0.147244 0)
(-0.0106484 -0.176104 0)
(-0.0153022 -0.233588 0)
(-0.0175488 -0.291262 0)
(-0.00867811 -0.271 0)
(0.00309845 0.0838628 0)
(0.00528393 0.123103 0)
(0.00690099 0.143409 0)
(0.0082771 0.157677 0)
(0.00998857 0.167867 0)
(0.0116216 0.170855 0)
(0.0124648 0.166148 0)
(0.0124896 0.155942 0)
(0.0119686 0.143636 0)
(0.0112286 0.131189 0)
(0.01046 0.119415 0)
(0.00977628 0.108438 0)
(0.0092245 0.0980596 0)
(0.00880982 0.0879921 0)
(0.00851341 0.0779569 0)
(0.00830428 0.0677292 0)
(0.00814454 0.0571508 0)
(0.00799322 0.0461341 0)
(0.00780889 0.0346589 0)
(0.00755603 0.0227623 0)
(0.00721437 0.010518 0)
(0.00676533 -0.00198509 0)
(0.00620059 -0.0146507 0)
(0.00552351 -0.0273784 0)
(0.00475774 -0.0400621 0)
(0.00394488 -0.0525632 0)
(0.00312644 -0.0646845 0)
(0.00234624 -0.0761563 0)
(0.00163582 -0.0866753 0)
(0.00100265 -0.0960101 0)
(0.000427435 -0.104124 0)
(-0.000128791 -0.111228 0)
(-0.000720166 -0.117742 0)
(-0.00142356 -0.124342 0)
(-0.00243482 -0.132345 0)
(-0.00399476 -0.145225 0)
(-0.00723769 -0.172251 0)
(-0.0120977 -0.229772 0)
(-0.0151165 -0.293329 0)
(-0.00729297 -0.283779 0)
(0.00383227 0.0790075 0)
(0.00785947 0.120052 0)
(0.0110335 0.141339 0)
(0.0136642 0.155477 0)
(0.0165411 0.165548 0)
(0.0192424 0.169134 0)
(0.0209025 0.165435 0)
(0.0214948 0.156081 0)
(0.0213016 0.144179 0)
(0.0207951 0.131853 0)
(0.0202457 0.120033 0)
(0.0197966 0.10893 0)
(0.0195014 0.0984041 0)
(0.01936 0.0882023 0)
(0.0193424 0.0780656 0)
(0.0194032 0.0677797 0)
(0.0194888 0.057191 0)
(0.0195437 0.0462123 0)
(0.0195145 0.0348193 0)
(0.019356 0.02304 0)
(0.0190415 0.010937 0)
(0.0185508 -0.00141381 0)
(0.0178738 -0.013931 0)
(0.0170117 -0.0265252 0)
(0.015984 -0.0391004 0)
(0.0148246 -0.0515287 0)
(0.0135662 -0.0636186 0)
(0.0122415 -0.0750969 0)
(0.0108776 -0.0856469 0)
(0.009489 -0.0950148 0)
(0.00808012 -0.103143 0)
(0.00664489 -0.110227 0)
(0.0051633 -0.116671 0)
(0.00359603 -0.123097 0)
(0.00177227 -0.13069 0)
(-0.000423686 -0.14264 0)
(-0.00428419 -0.168058 0)
(-0.00936003 -0.22531 0)
(-0.0133714 -0.294886 0)
(-0.006366 -0.294685 0)
(0.00437879 0.0725651 0)
(0.010185 0.115317 0)
(0.014863 0.13788 0)
(0.0186805 0.152136 0)
(0.0226227 0.162125 0)
(0.0263646 0.16645 0)
(0.0289981 0.163942 0)
(0.0303156 0.155689 0)
(0.0305971 0.144399 0)
(0.0304018 0.132271 0)
(0.030103 0.120417 0)
(0.0298934 0.109176 0)
(0.0298444 0.0984878 0)
(0.0299569 0.088143 0)
(0.030194 0.0779077 0)
(0.0304988 0.0675798 0)
(0.0308055 0.057011 0)
(0.0310469 0.0461128 0)
(0.0311595 0.0348537 0)
(0.0310904 0.02325 0)
(0.0308064 0.0113503 0)
(0.0302847 -0.00078253 0)
(0.0295125 -0.0130811 0)
(0.0284874 -0.0254674 0)
(0.0272235 -0.0378533 0)
(0.0257448 -0.0501184 0)
(0.0240716 -0.0620751 0)
(0.0222226 -0.073448 0)
(0.0202156 -0.0839163 0)
(0.0180678 -0.0932188 0)
(0.0158052 -0.101291 0)
(0.0134564 -0.108319 0)
(0.0110384 -0.114693 0)
(0.00854993 -0.120981 0)
(0.00584741 -0.128238 0)
(0.00294281 -0.139398 0)
(-0.00170555 -0.163371 0)
(-0.00692451 -0.220128 0)
(-0.0121691 -0.295847 0)
(-0.00576415 -0.304282 0)
(0.00467865 0.0648344 0)
(0.0121405 0.10896 0)
(0.0182788 0.133059 0)
(0.0232449 0.147726 0)
(0.0281479 0.157719 0)
(0.0328859 0.162714 0)
(0.0365918 0.161515 0)
(0.0388238 0.154596 0)
(0.0397702 0.144158 0)
(0.040012 0.132374 0)
(0.0400225 0.120546 0)
(0.0400672 0.109182 0)
(0.0402556 0.0983307 0)
(0.0406009 0.0878422 0)
(0.0410652 0.0775143 0)
(0.0415851 0.0671606 0)
(0.0420863 0.0566383 0)
(0.0424927 0.0458566 0)
(0.0427332 0.0347754 0)
(0.0427481 0.0233976 0)
(0.0424978 0.0117562 0)
(0.0419556 -0.000100573 0)
(0.0411041 -0.012116 0)
(0.0399353 -0.0242239 0)
(0.0384557 -0.0363435 0)
(0.0366776 -0.0483563 0)
(0.0346061 -0.0600743 0)
(0.0322435 -0.0712231 0)
(0.0295967 -0.0814861 0)
(0.0266854 -0.0906117 0)
(0.0235554 -0.0985459 0)
(0.0202699 -0.105472 0)
(0.0168847 -0.111765 0)
(0.0134349 -0.117941 0)
(0.00980786 -0.12493 0)
(0.00613258 -0.135415 0)
(0.00056434 -0.158102 0)
(-0.00470635 -0.214376 0)
(-0.0114347 -0.295895 0)
(-0.0053005 -0.313074 0)
(0.00469167 0.0561863 0)
(0.013567 0.101092 0)
(0.0211216 0.126887 0)
(0.0272387 0.142322 0)
(0.0330202 0.152395 0)
(0.0386761 0.157929 0)
(0.0434945 0.158012 0)
(0.0468267 0.152602 0)
(0.0486666 0.143276 0)
(0.0495301 0.132053 0)
(0.0499607 0.120372 0)
(0.050309 0.10894 0)
(0.0507442 0.0979462 0)
(0.0513107 0.0873243 0)
(0.0519802 0.0769148 0)
(0.0526892 0.0665513 0)
(0.0533598 0.0560985 0)
(0.0539108 0.0454634 0)
(0.0542652 0.0345969 0)
(0.0543577 0.0234878 0)
(0.0541417 0.0121533 0)
(0.0535875 0.000627186 0)
(0.0526701 -0.0110452 0)
(0.0513717 -0.0228073 0)
(0.0496887 -0.0345821 0)
(0.0476196 -0.04625 0)
(0.0451523 -0.0576208 0)
(0.0422715 -0.0684231 0)
(0.0389753 -0.0783545 0)
(0.0352882 -0.0871868 0)
(0.0312785 -0.0948889 0)
(0.0270452 -0.101661 0)
(0.0226767 -0.107859 0)
(0.018241 -0.113941 0)
(0.0136515 -0.12072 0)
(0.00917824 -0.130641 0)
(0.00258835 -0.152208 0)
(-0.00263107 -0.208018 0)
(-0.0110134 -0.294992 0)
(-0.00495259 -0.321362 0)
(0.00439234 0.0470518 0)
(0.0143502 0.0918972 0)
(0.0232229 0.11941 0)
(0.030498 0.135918 0)
(0.0371225 0.146229 0)
(0.0436031 0.152151 0)
(0.0494928 0.153344 0)
(0.0540598 0.149491 0)
(0.0570416 0.14152 0)
(0.0587751 0.131124 0)
(0.0598089 0.11979 0)
(0.0605716 0.108404 0)
(0.0613063 0.0973258 0)
(0.0621086 0.0866004 0)
(0.0629781 0.0761295 0)
(0.0638616 0.0657752 0)
(0.0646837 0.0554125 0)
(0.0653625 0.0449492 0)
(0.0658184 0.0343276 0)
(0.0659814 0.0235232 0)
(0.0657988 0.0125378 0)
(0.0652336 0.00139171 0)
(0.0642523 -0.00988032 0)
(0.0628281 -0.0212279 0)
(0.0609422 -0.0325751 0)
(0.0585745 -0.0437986 0)
(0.0556948 -0.0547044 0)
(0.0522734 -0.0650305 0)
(0.0483038 -0.0745003 0)
(0.0438217 -0.0829261 0)
(0.0389231 -0.0903156 0)
(0.0337395 -0.0968821 0)
(0.0283843 -0.10296 0)
(0.022951 -0.108959 0)
(0.0173716 -0.115577 0)
(0.012085 -0.125033 0)
(0.00439862 -0.145653 0)
(-0.000635079 -0.201104 0)
(-0.0108751 -0.293097 0)
(-0.00464392 -0.329385 0)
(0.00381255 0.037939 0)
(0.0144284 0.0816699 0)
(0.0243978 0.110684 0)
(0.0328231 0.128489 0)
(0.0403123 0.139278 0)
(0.0475385 0.145485 0)
(0.0543822 0.147513 0)
(0.0602142 0.145086 0)
(0.06455 0.138621 0)
(0.0674506 0.129333 0)
(0.0693536 0.11861 0)
(0.0707248 0.107459 0)
(0.0718822 0.0964136 0)
(0.0729871 0.0856515 0)
(0.074086 0.0751591 0)
(0.0751527 0.0648431 0)
(0.0761238 0.0545959 0)
(0.0769223 0.0443283 0)
(0.0774704 0.0339782 0)
(0.0776954 0.0235103 0)
(0.0775391 0.0129127 0)
(0.0769551 0.00219316 0)
(0.0759002 -0.00861931 0)
(0.0743364 -0.019479 0)
(0.0722273 -0.0303087 0)
(0.0695308 -0.0409793 0)
(0.0662004 -0.0512958 0)
(0.0621981 -0.0610149 0)
(0.0575214 -0.0698994 0)
(0.0522258 -0.0778163 0)
(0.0464365 -0.0848199 0)
(0.0403113 -0.0911345 0)
(0.0339783 -0.0970687 0)
(0.0275471 -0.102985 0)
(0.0209641 -0.10948 0)
(0.014871 -0.118566 0)
(0.00599631 -0.138389 0)
(0.00133629 -0.193697 0)
(-0.0109803 -0.290143 0)
(-0.00431264 -0.337317 0)
(0.00304702 0.0293242 0)
(0.0137815 0.0708099 0)
(0.024517 0.100862 0)
(0.0340172 0.120034 0)
(0.0424001 0.131532 0)
(0.0503377 0.138037 0)
(0.0580053 0.14061 0)
(0.0650079 0.139324 0)
(0.0707885 0.134328 0)
(0.0751301 0.12637 0)
(0.0782328 0.116557 0)
(0.0805015 0.105905 0)
(0.0822972 0.0950801 0)
(0.0838498 0.0844038 0)
(0.0852669 0.0739665 0)
(0.0865662 0.0637389 0)
(0.0877109 0.0536449 0)
(0.0886385 0.0436057 0)
(0.0892771 0.0335582 0)
(0.089555 0.023461 0)
(0.0894105 0.0132923 0)
(0.0887872 0.00305117 0)
(0.0876312 -0.00723844 0)
(0.0858915 -0.0175314 0)
(0.0835137 -0.0277452 0)
(0.0804335 -0.0377455 0)
(0.0765944 -0.0473461 0)
(0.0719611 -0.0563342 0)
(0.0665453 -0.0645252 0)
(0.0604288 -0.0718511 0)
(0.0537643 -0.0784121 0)
(0.046722 -0.0844347 0)
(0.0394308 -0.0901939 0)
(0.0320097 -0.0960156 0)
(0.0244252 -0.102427 0)
(0.0175418 -0.11124 0)
(0.00739094 -0.130442 0)
(0.00338657 -0.185822 0)
(-0.0113075 -0.28605 0)
(-0.00388464 -0.345252 0)
(0.00224434 0.0215974 0)
(0.012439 0.0598299 0)
(0.0235408 0.0901996 0)
(0.0339025 0.110623 0)
(0.0431618 0.122962 0)
(0.0518339 0.129861 0)
(0.0602353 0.132786 0)
(0.068237 0.132276 0)
(0.0753873 0.128514 0)
(0.0813048 0.121931 0)
(0.0859172 0.113285 0)
(0.0894357 0.103438 0)
(0.0921832 0.0930987 0)
(0.0944269 0.0827043 0)
(0.096334 0.0724576 0)
(0.0979782 0.0624094 0)
(0.0993648 0.0525324 0)
(0.100458 0.0427713 0)
(0.1012 0.033071 0)
(0.101527 0.0233893 0)
(0.101375 0.0137002 0)
(0.10068 0.00399829 0)
(0.0993772 -0.00569483 0)
(0.0974021 -0.015331 0)
(0.0946847 -0.0248204 0)
(0.0911502 -0.0340316 0)
(0.0867397 -0.0427979 0)
(0.0814335 -0.0509496 0)
(0.0752676 -0.0583658 0)
(0.068352 -0.0650443 0)
(0.0608557 -0.0711218 0)
(0.0529369 -0.0768105 0)
(0.0447164 -0.0823523 0)
(0.0363355 -0.088068 0)
(0.0277656 -0.0944253 0)
(0.0200998 -0.103067 0)
(0.00857285 -0.121896 0)
(0.00567456 -0.177439 0)
(-0.0117872 -0.280789 0)
(-0.00325046 -0.35325 0)
(0.00149075 0.0150628 0)
(0.0105271 0.0493066 0)
(0.0215027 0.0790998 0)
(0.0323658 0.100414 0)
(0.0423877 0.113588 0)
(0.0518056 0.120945 0)
(0.0609383 0.124166 0)
(0.0698002 0.124128 0)
(0.078132 0.12125 0)
(0.0855458 0.115862 0)
(0.0918 0.108466 0)
(0.0968711 0.0996859 0)
(0.10092 0.0901393 0)
(0.104178 0.0802972 0)
(0.10684 0.0704507 0)
(0.109024 0.0607363 0)
(0.110786 0.0511888 0)
(0.112127 0.041791 0)
(0.113015 0.0325085 0)
(0.1134 0.0233076 0)
(0.113225 0.0141659 0)
(0.112422 0.00508017 0)
(0.110917 -0.00392704 0)
(0.108635 -0.0128029 0)
(0.1055 -0.0214574 0)
(0.101447 -0.0297709 0)
(0.0964266 -0.0376073 0)
(0.0904451 -0.0448503 0)
(0.0835667 -0.051445 0)
(0.0759219 -0.0574452 0)
(0.0676691 -0.0630043 0)
(0.0589309 -0.0683008 0)
(0.0498398 -0.0735847 0)
(0.0405449 -0.0791725 0)
(0.0309962 -0.0854743 0)
(0.0225493 -0.0940675 0)
(0.00957012 -0.112878 0)
(0.00837982 -0.168667 0)
(-0.0123126 -0.274371 0)
(-0.00224773 -0.361466 0)
(0.000836754 0.00990669 0)
(0.00824194 0.0397524 0)
(0.0184903 0.068148 0)
(0.0293641 0.0896745 0)
(0.0399206 0.103504 0)
(0.0500416 0.111274 0)
(0.0599387 0.114758 0)
(0.0696325 0.11504 0)
(0.0789719 0.112739 0)
(0.0876788 0.108259 0)
(0.0954577 0.101981 0)
(0.102146 0.094354 0)
(0.107729 0.0858338 0)
(0.112306 0.0768334 0)
(0.116022 0.0676618 0)
(0.119007 0.0585098 0)
(0.121345 0.0494721 0)
(0.123075 0.0405794 0)
(0.124198 0.0318304 0)
(0.124685 0.0232114 0)
(0.124493 0.0147135 0)
(0.12356 0.00634288 0)
(0.12181 -0.00187301 0)
(0.119172 -0.0098795 0)
(0.115583 -0.0175981 0)
(0.110995 -0.0249295 0)
(0.105396 -0.0317802 0)
(0.0988154 -0.0380855 0)
(0.0913354 -0.0438454 0)
(0.0830882 -0.0491525 0)
(0.0741848 -0.0541364 0)
(0.0647264 -0.0589825 0)
(0.0548561 -0.0639484 0)
(0.0446769 -0.0693407 0)
(0.0341554 -0.075568 0)
(0.0249106 -0.0842511 0)
(0.010497 -0.103504 0)
(0.0115336 -0.159714 0)
(-0.012867 -0.266799 0)
(-0.000697432 -0.370123 0)
(0.000249696 0.00616579 0)
(0.00568568 0.0316367 0)
(0.0146141 0.0579862 0)
(0.0249267 0.0788332 0)
(0.0356857 0.0928572 0)
(0.046414 0.100874 0)
(0.0570624 0.104533 0)
(0.0676202 0.105053 0)
(0.0779231 0.103169 0)
(0.0877398 0.0993561 0)
(0.0968231 0.0939904 0)
(0.10496 0.087424 0)
(0.112034 0.0799975 0)
(0.118025 0.0720282 0)
(0.122985 0.0637794 0)
(0.12699 0.0554467 0)
(0.130115 0.0471551 0)
(0.13241 0.0389725 0)
(0.133899 0.0309311 0)
(0.134577 0.0230449 0)
(0.134421 0.0153267 0)
(0.133384 0.00779717 0)
(0.131414 0.000487488 0)
(0.128458 -0.00655204 0)
(0.124478 -0.0132595 0)
(0.119458 -0.0195668 0)
(0.113421 -0.0254183 0)
(0.106413 -0.0307899 0)
(0.0985231 -0.0357215 0)
(0.0898407 -0.040299 0)
(0.0804435 -0.0446453 0)
(0.0704155 -0.0489681 0)
(0.059868 -0.053507 0)
(0.0488677 -0.0585886 0)
(0.0374091 -0.0646997 0)
(0.0273171 -0.0735976 0)
(0.0116557 -0.0937995 0)
(0.0151034 -0.150728 0)
(-0.0135622 -0.25773 0)
(0.00153349 -0.378927 0)
(-0.000337203 0.00394717 0)
(0.00283389 0.0254597 0)
(0.00986742 0.0491861 0)
(0.0191099 0.0684629 0)
(0.0296742 0.0819221 0)
(0.0408465 0.0898317 0)
(0.0522392 0.0934982 0)
(0.0636764 0.0941494 0)
(0.0749577 0.0926005 0)
(0.0858309 0.0893481 0)
(0.096046 0.0847654 0)
(0.105405 0.0791516 0)
(0.113761 0.0727803 0)
(0.121029 0.0658964 0)
(0.127188 0.0587111 0)
(0.132252 0.0513928 0)
(0.136257 0.0440638 0)
(0.139237 0.0368065 0)
(0.141217 0.0296735 0)
(0.142206 0.0227012 0)
(0.142197 0.0159206 0)
(0.141177 0.00936432 0)
(0.139124 0.00306493 0)
(0.136018 -0.00293757 0)
(0.131853 -0.00859743 0)
(0.126641 -0.0138738 0)
(0.120415 -0.0187366 0)
(0.113233 -0.0231896 0)
(0.105166 -0.0272785 0)
(0.0962646 -0.0310737 0)
(0.0865897 -0.0347155 0)
(0.0761813 -0.0383992 0)
(0.0651212 -0.0423758 0)
(0.0534599 -0.0470063 0)
(0.0412114 -0.0529498 0)
(0.0303454 -0.0622454 0)
(0.0139624 -0.0838908 0)
(0.0195585 -0.141783 0)
(-0.014095 -0.246247 0)
(0.00475557 -0.386287 0)
(-0.00121026 0.00347517 0)
(-0.000607373 0.0216236 0)
(0.00405248 0.0421213 0)
(0.0118761 0.0589514 0)
(0.0219714 0.0709063 0)
(0.0334082 0.0781789 0)
(0.0455299 0.0816071 0)
(0.0578708 0.0822649 0)
(0.0701268 0.0809569 0)
(0.0820186 0.0782075 0)
(0.0932882 0.0743562 0)
(0.103719 0.0696527 0)
(0.113154 0.0643136 0)
(0.121498 0.0585368 0)
(0.12869 0.0524912 0)
(0.134708 0.0463139 0)
(0.139555 0.04011 0)
(0.143245 0.0339584 0)
(0.145794 0.0279158 0)
(0.147218 0.0220259 0)
(0.147522 0.0163257 0)
(0.146718 0.010851 0)
(0.144814 0.00563419 0)
(0.141819 0.00070732 0)
(0.13775 -0.00389509 0)
(0.132639 -0.00814717 0)
(0.126524 -0.0120319 0)
(0.119451 -0.0155652 0)
(0.111471 -0.0187796 0)
(0.102627 -0.0217476 0)
(0.092952 -0.0245949 0)
(0.0824544 -0.0275106 0)
(0.0711818 -0.0307802 0)
(0.0592328 -0.034832 0)
(0.0466165 -0.040663 0)
(0.03551 -0.0508335 0)
(0.0194735 -0.0746558 0)
(0.0267781 -0.133419 0)
(-0.0125304 -0.231506 0)
(0.0100667 -0.390353 0)
(-0.00270357 0.00630039 0)
(-0.00516745 0.0213869 0)
(-0.00309047 0.0374916 0)
(0.00314319 0.0507837 0)
(0.0127233 0.0601823 0)
(0.024354 0.0659719 0)
(0.0372024 0.0687896 0)
(0.0505363 0.0693312 0)
(0.0638202 0.0682512 0)
(0.0767148 0.0660061 0)
(0.0889635 0.0628919 0)
(0.100372 0.0591257 0)
(0.110766 0.0548562 0)
(0.120035 0.0502337 0)
(0.128117 0.0453896 0)
(0.134977 0.040431 0)
(0.140604 0.0354431 0)
(0.145001 0.0304943 0)
(0.148181 0.0256392 0)
(0.150155 0.0209216 0)
(0.150941 0.0163768 0)
(0.150563 0.0120359 0)
(0.149044 0.00793086 0)
(0.146412 0.00409146 0)
(0.142697 0.000544428 0)
(0.13795 -0.00268799 0)
(0.132224 -0.00560844 0)
(0.125557 -0.00822174 0)
(0.117996 -0.0105534 0)
(0.109587 -0.0126697 0)
(0.100363 -0.0146855 0)
(0.0903375 -0.0167842 0)
(0.0795401 -0.0192964 0)
(0.0680948 -0.0227926 0)
(0.0559943 -0.0286954 0)
(0.0456338 -0.0403868 0)
(0.0308184 -0.0673702 0)
(0.0403993 -0.126367 0)
(-0.00580665 -0.215151 0)
(0.0191901 -0.39282 0)
(-0.00545617 0.00747059 0)
(-0.0128425 0.0194063 0)
(-0.012739 0.0324638 0)
(-0.00754033 0.0426526 0)
(0.00183516 0.049379 0)
(0.0139546 0.0533135 0)
(0.0276213 0.0552081 0)
(0.0420043 0.0555498 0)
(0.0564188 0.0547359 0)
(0.0704032 0.053063 0)
(0.083662 0.0507333 0)
(0.0960239 0.0479072 0)
(0.107355 0.0447125 0)
(0.117523 0.0412541 0)
(0.126462 0.0376281 0)
(0.134143 0.0339126 0)
(0.140557 0.0301714 0)
(0.145704 0.0264597 0)
(0.149591 0.0228241 0)
(0.152247 0.0192956 0)
(0.153699 0.015913 0)
(0.153969 0.0127108 0)
(0.153092 0.00971691 0)
(0.151114 0.00695371 0)
(0.14809 0.00444024 0)
(0.144074 0.00219172 0)
(0.139136 0.000203354 0)
(0.133353 -0.00152828 0)
(0.126801 -0.00302988 0)
(0.119557 -0.00436367 0)
(0.111683 -0.0056348 0)
(0.103236 -0.00703274 0)
(0.0942596 -0.00891287 0)
(0.0848806 -0.0120141 0)
(0.0750761 -0.0180362 0)
(0.0665671 -0.0312645 0)
(0.0530245 -0.0607105 0)
(0.0648931 -0.116455 0)
(0.00404154 -0.197915 0)
(0.0334185 -0.397639 0)
(-0.0110132 0.0336821 0)
(-0.0219789 0.0402187 0)
(-0.024053 0.041069 0)
(-0.0200272 0.0411969 0)
(-0.0109577 0.0416024 0)
(0.0018399 0.0421657 0)
(0.0167942 0.0423792 0)
(0.0325243 0.0421144 0)
(0.0483329 0.0413503 0)
(0.0636665 0.0401272 0)
(0.0782052 0.0385049 0)
(0.0917604 0.0365454 0)
(0.104227 0.0343489 0)
(0.115519 0.0319896 0)
(0.12561 0.0294884 0)
(0.134476 0.0269119 0)
(0.142098 0.0243343 0)
(0.148478 0.0218101 0)
(0.153639 0.0193732 0)
(0.157602 0.0170554 0)
(0.160407 0.0148718 0)
(0.162111 0.0128378 0)
(0.162781 0.010967 0)
(0.162487 0.00927185 0)
(0.161313 0.00775827 0)
(0.159346 0.00642196 0)
(0.156681 0.00526475 0)
(0.153429 0.00427008 0)
(0.149685 0.00340211 0)
(0.145541 0.00260253 0)
(0.141059 0.00177653 0)
(0.1363 0.000751995 0)
(0.131187 -0.000824814 0)
(0.125865 -0.00370142 0)
(0.119667 -0.00949454 0)
(0.114387 -0.0218593 0)
(0.099868 -0.0470305 0)
(0.105636 -0.0910589 0)
(0.00853499 -0.168171 0)
(0.0595473 -0.389881 0)
(-0.0161658 0.0171272 0)
(-0.0331805 0.00561751 0)
(-0.0270554 0.0081704 0)
(-0.0145091 0.0137344 0)
(-2.6909e-05 0.0169519 0)
(0.0164228 0.0184922 0)
(0.0334331 0.0196136 0)
(0.0505793 0.0204887 0)
(0.0675408 0.0210155 0)
(0.0840494 0.0211499 0)
(0.0999061 0.0209265 0)
(0.114958 0.020397 0)
(0.129086 0.0196277 0)
(0.142216 0.0186778 0)
(0.154276 0.0176195 0)
(0.165237 0.0164929 0)
(0.175103 0.0153255 0)
(0.183897 0.0141444 0)
(0.191659 0.0129744 0)
(0.198441 0.011836 0)
(0.204302 0.0107455 0)
(0.209308 0.00971485 0)
(0.213527 0.00875392 0)
(0.217036 0.00786855 0)
(0.219908 0.00706285 0)
(0.222227 0.00633541 0)
(0.224068 0.00568331 0)
(0.225505 0.00509331 0)
(0.226595 0.00454616 0)
(0.227388 0.00400515 0)
(0.227896 0.00340691 0)
(0.228124 0.00262249 0)
(0.227886 0.0014254 0)
(0.226814 -0.000640391 0)
(0.223501 -0.00427324 0)
(0.217492 -0.0108696 0)
(0.198108 -0.0221019 0)
(0.182875 -0.0432651 0)
(0.033586 -0.105938 0)
(0.142133 -0.31407 0)
(0.0540796 0.114377 0)
(0.0786346 0.0920256 0)
(0.106107 0.0574405 0)
(0.130366 0.03563 0)
(0.149056 0.0237543 0)
(0.164933 0.017126 0)
(0.180085 0.0132755 0)
(0.195175 0.0109603 0)
(0.210243 0.00954128 0)
(0.225202 0.00865541 0)
(0.239936 0.00807501 0)
(0.254314 0.00766111 0)
(0.268207 0.00732877 0)
(0.281505 0.00702799 0)
(0.294124 0.00673032 0)
(0.306007 0.00642171 0)
(0.317117 0.00609871 0)
(0.327435 0.00576317 0)
(0.336958 0.00541903 0)
(0.345698 0.00507088 0)
(0.353679 0.00472303 0)
(0.360933 0.00437915 0)
(0.3675 0.00404247 0)
(0.373423 0.00371579 0)
(0.37875 0.00340119 0)
(0.38353 0.00309983 0)
(0.387811 0.00281221 0)
(0.391637 0.00253719 0)
(0.395043 0.00227095 0)
(0.398041 0.00200432 0)
(0.400614 0.00171626 0)
(0.402664 0.00136598 0)
(0.403979 0.000884545 0)
(0.404274 0.000162732 0)
(0.402383 -0.000932222 0)
(0.398459 -0.00248463 0)
(0.384592 -0.00439264 0)
(0.377273 -0.00638753 0)
(0.278047 -0.0169159 0)
(0.452633 -0.126504 0)
)
;

boundaryField
{
    movingWall
    {
        type            fixedValue;
        value           uniform (1 0 0);
    }
    fixedWalls
    {
        type            noSlip;
    }
    frontAndBack
    {
        type            empty;
    }
}


// ************************************************************************* //
