/*--------------------------------*- C++ -*----------------------------------*\
| =========                 |                                                 |
| \\      /  F ield         | OpenFOAM: The Open Source CFD Toolbox           |
|  \\    /   O peration     | Version:  2412                                  |
|   \\  /    A nd           | Website:  www.openfoam.com                      |
|    \\/     M anipulation  |                                                 |
\*---------------------------------------------------------------------------*/
FoamFile
{
    version     2.0;
    format      ascii;
    arch        "LSB;label=32;scalar=64";
    class       volScalarField;
    location    "5.5";
    object      epsilon;
}
// * * * * * * * * * * * * * * * * * * * * * * * * * * * * * * * * * * * * * //

dimensions      [0 2 -3 0 0 0 0];

internalField   nonuniform List<scalar> 
1600
(
0.000459754
0.000587551
0.000824852
0.00107713
0.00125728
0.00137092
0.00152601
0.00174058
0.00198869
0.00237289
0.00344169
0.00723811
0.0142014
0.0246355
0.0370092
0.0494692
0.0605513
0.0691217
0.0743396
0.0766906
0.0772939
0.075656
0.0720857
0.0672815
0.0619546
0.056254
0.0504443
0.0447173
0.0393447
0.033867
0.0284804
0.0227112
0.0174868
0.0146935
0.0129885
0.0117191
0.0101752
0.00756454
0.00409051
0.00178557
0.00103254
0.000591073
0.000437867
0.000410122
0.000445055
0.000588818
0.000972898
0.0017595
0.0029845
0.00505499
0.00875027
0.0134391
0.0178627
0.0224363
0.025318
0.0262951
0.0263862
0.0247802
0.0226598
0.0202896
0.018203
0.0166623
0.0159739
0.0158311
0.0159471
0.01639
0.0170071
0.0177911
0.0184369
0.018709
0.0185878
0.0173132
0.015158
0.0120204
0.00872472
0.00594663
0.00439274
0.00345928
0.00228419
0.00213341
0.00219013
0.00100597
0.000603914
0.000510624
0.000637385
0.00113775
0.00225787
0.00423789
0.00716633
0.0102308
0.0122992
0.0139363
0.0148192
0.0144161
0.0125551
0.0114807
0.00983786
0.00856126
0.00746903
0.00677916
0.00644227
0.00632734
0.00640339
0.00681398
0.00740981
0.00838478
0.00968395
0.0113793
0.0133561
0.015246
0.0165838
0.0170983
0.0164983
0.0145447
0.0106916
0.00660314
0.00359948
0.00213354
0.0015227
0.00270949
0.00346497
0.00140094
0.000917778
0.000960878
0.00150305
0.00287652
0.00518314
0.00785824
0.0098166
0.0107621
0.0111563
0.0107518
0.00846733
0.00730757
0.00576297
0.00487903
0.00391708
0.00342907
0.00301508
0.00281991
0.00272906
0.00270323
0.00277473
0.00295795
0.00322999
0.00367141
0.0043297
0.00534235
0.0069145
0.00937279
0.0123841
0.0152741
0.0167147
0.0170694
0.0151202
0.0101424
0.0050177
0.00217864
0.00136908
0.00327355
0.00434668
0.0017544
0.00148696
0.0019388
0.00321079
0.00537457
0.0077964
0.00904748
0.00945763
0.00933318
0.00767142
0.00579244
0.00442308
0.0035149
0.00270003
0.0022931
0.00193344
0.00176815
0.00164929
0.00159582
0.00157275
0.00156784
0.00160709
0.00168152
0.00180462
0.00200439
0.00231393
0.00279865
0.00356695
0.00483167
0.00699388
0.0106971
0.0151226
0.017824
0.0187428
0.0165826
0.00958751
0.00365621
0.00167296
0.00361531
0.00483703
0.00231809
0.00243825
0.00340233
0.00521205
0.00731362
0.00831784
0.00857156
0.00794165
0.00597866
0.00422843
0.00311068
0.00236389
0.00189678
0.00158663
0.00143616
0.00131967
0.00126528
0.00121532
0.00119041
0.00117426
0.00116904
0.001182
0.00122186
0.00129008
0.00140395
0.0015805
0.00185826
0.00228745
0.0029632
0.00409079
0.00610128
0.00994066
0.016038
0.0198423
0.0210814
0.0174918
0.00790662
0.00293383
0.0039861
0.00513714
0.0031865
0.00370351
0.00500486
0.00678976
0.0076874
0.00788378
0.00706109
0.00500287
0.00341634
0.00240146
0.00183394
0.00147789
0.00128426
0.00115452
0.00107631
0.000998125
0.0009457
0.000892538
0.000860746
0.0008428
0.000836882
0.000847933
0.000886625
0.000948361
0.00104811
0.00119299
0.0014056
0.00171285
0.0021621
0.00284766
0.00401615
0.00611565
0.0102858
0.0180991
0.022462
0.0234941
0.0159308
0.00588466
0.00465231
0.00554124
0.00425735
0.00508413
0.00640395
0.00723557
0.0073937
0.0066438
0.00464933
0.0029563
0.00206116
0.00152853
0.00126352
0.00108663
0.000980212
0.000879994
0.000801442
0.000725979
0.000672292
0.000626527
0.000599525
0.000585527
0.000580716
0.000587076
0.000612066
0.000652155
0.000718016
0.000821392
0.00098428
0.00124372
0.00164434
0.00221562
0.00305028
0.0043937
0.00692115
0.0121696
0.0216539
0.0259439
0.0247984
0.0108293
0.00570706
0.00676529
0.00545459
0.00633719
0.00700691
0.00712153
0.00654756
0.00470978
0.00283601
0.0018689
0.00138809
0.00111355
0.000974797
0.000847764
0.000753511
0.000658833
0.000589923
0.000531542
0.000493578
0.000465645
0.000452032
0.000446336
0.000445607
0.000457213
0.000476449
0.000506381
0.000549234
0.00061165
0.000704815
0.00085062
0.00109965
0.00156229
0.00231779
0.00345913
0.00527047
0.00872193
0.0161548
0.0266746
0.030258
0.0200043
0.00727465
0.00944498
0.00665906
0.00707749
0.00717717
0.00665459
0.00506666
0.00305102
0.00185687
0.00131009
0.00104435
0.0008868
0.000777705
0.000662221
0.000576912
0.000500659
0.000451224
0.000412192
0.000388617
0.000373422
0.000366587
0.000364435
0.000368082
0.000380139
0.000398133
0.00042466
0.000460776
0.000509629
0.000576436
0.000672556
0.000823195
0.00108748
0.00158345
0.002535
0.00412234
0.00679893
0.0121783
0.0242294
0.0333727
0.0313094
0.00932608
0.0126939
0.00768748
0.00756145
0.00700934
0.00568204
0.00365558
0.00204498
0.0013287
0.0010063
0.000847668
0.000727492
0.000621384
0.000521086
0.000453091
0.000398161
0.000364219
0.000337824
0.000321863
0.000311566
0.000306877
0.000305492
0.000309255
0.000319295
0.000334852
0.000357805
0.000389457
0.000432314
0.000490028
0.000569076
0.000682704
0.000861732
0.00118256
0.00181493
0.00308611
0.00539235
0.00960785
0.0186831
0.0350789
0.0411866
0.0185141
0.0162319
0.00840548
0.00762913
0.00657104
0.00460101
0.00253906
0.00147893
0.00102956
0.000826692
0.000712364
0.000600008
0.000501399
0.00042194
0.000370854
0.000331436
0.000306283
0.000286409
0.000273444
0.000264357
0.000259946
0.000258443
0.000260779
0.000268951
0.000282137
0.000301957
0.000329548
0.000366843
0.000416545
0.000483133
0.000575087
0.000711023
0.000936775
0.00137111
0.00229074
0.00423162
0.008053
0.0159605
0.0344201
0.0500104
0.0370294
0.0199938
0.00891255
0.00750467
0.00585742
0.00359233
0.00187097
0.00114696
0.000847817
0.000708072
0.000606724
0.000499335
0.000415158
0.000354487
0.000315276
0.000285059
0.000264228
0.000247375
0.000235332
0.000226391
0.000221664
0.000219851
0.000220773
0.000227465
0.000238817
0.000256361
0.000281244
0.000315226
0.000360601
0.000420698
0.000501106
0.000613201
0.000784382
0.00108834
0.00172834
0.00318718
0.0063837
0.013268
0.0300943
0.059314
0.0638227
0.0236761
0.00921054
0.00719703
0.00513505
0.0027835
0.00145978
0.00094192
0.000727704
0.000621627
0.00052211
0.000423965
0.000355062
0.000307715
0.000275703
0.000250521
0.000231741
0.000216264
0.000204467
0.000195538
0.000190364
0.000188204
0.000188051
0.000193305
0.000202971
0.000218309
0.000240514
0.000271276
0.000312772
0.000367916
0.000441076
0.000540335
0.000684344
0.000923061
0.00140119
0.00252905
0.00525178
0.0114101
0.0261101
0.0644467
0.0945566
0.0276941
0.00940102
0.00674505
0.00445752
0.00222218
0.00119648
0.000808472
0.000646463
0.000554724
0.00045627
0.000369612
0.000312889
0.000273942
0.000246096
0.000223656
0.000205937
0.000191189
0.000179555
0.000170676
0.000165032
0.000162454
0.000161928
0.000165791
0.000173999
0.000187375
0.000207181
0.000235128
0.000273421
0.00032483
0.000392931
0.000483233
0.000607313
0.000796705
0.00114884
0.00197706
0.00420002
0.00995211
0.0244751
0.0658281
0.125408
0.0318412
0.00954188
0.00626849
0.00387238
0.00185316
0.00102373
0.000719382
0.000589533
0.000502493
0.000406948
0.000330933
0.000282563
0.000248674
0.000223271
0.000202415
0.000185369
0.000171127
0.000159708
0.000150941
0.000145028
0.000142191
0.000141432
0.000144201
0.000151094
0.000162671
0.000180181
0.000205364
0.000240546
0.000288681
0.000353433
0.000439724
0.000556317
0.00072553
0.00101656
0.00165879
0.00339775
0.00834602
0.0221553
0.0660433
0.154225
0.0358717
0.0096852
0.00583797
0.00341876
0.00160925
0.00090904
0.000658652
0.000548489
0.000462628
0.000371189
0.000303379
0.00026027
0.000229413
0.000205519
0.000185677
0.000169167
0.000155371
0.000144239
0.000135665
0.000129668
0.000126679
0.000125768
0.000127741
0.000133498
0.000143498
0.000158919
0.000181489
0.000213599
0.00025835
0.000319502
0.000401515
0.000510716
0.000661634
0.000902924
0.00141558
0.00285521
0.00728408
0.0204291
0.0654825
0.180008
0.0397212
0.00985826
0.00546392
0.00307757
0.00144205
0.000832122
0.00061798
0.000519583
0.000433381
0.000346045
0.000283875
0.000243844
0.000214767
0.000191847
0.000172729
0.000156703
0.000143337
0.000132534
0.000124197
0.000118275
0.000115167
0.000114148
0.00011557
0.000120389
0.000129054
0.000142655
0.000162879
0.000192158
0.000233795
0.000291958
0.00037156
0.000478597
0.000623689
0.000839558
0.00125558
0.00239515
0.00619534
0.0185771
0.0639581
0.202107
0.04328
0.01011
0.00521527
0.00284889
0.00134191
0.000783017
0.00059068
0.000499293
0.000413261
0.000329394
0.00027038
0.000231869
0.000203836
0.000181593
0.00016304
0.000147463
0.000134506
0.000124041
0.000115959
0.000110179
0.000106965
0.000105845
0.000106894
0.000110964
0.000118536
0.00013061
0.000148789
0.000175468
0.000214025
0.000268879
0.000345303
0.000449218
0.000588972
0.000788078
0.00114824
0.00212094
0.00551863
0.0172093
0.0623224
0.220832
0.0464188
0.0104187
0.00502126
0.00269865
0.00127272
0.000751173
0.000574972
0.00048725
0.000400759
0.000319069
0.000261818
0.000223959
0.000196268
0.00017437
0.00015622
0.000141027
0.000128435
0.000118281
0.000110443
0.000104818
0.000101504
0.000100264
0.000101044
0.000104529
0.000111241
0.000122097
0.000138603
0.000163079
0.000198946
0.000250883
0.000324743
0.000427114
0.000565491
0.000755478
0.00106716
0.00186597
0.00484288
0.0159638
0.0602898
0.236289
0.0486879
0.0111002
0.00502422
0.00263854
0.00126121
0.000736559
0.000565816
0.000480323
0.000395257
0.000315393
0.000257644
0.000218815
0.00019124
0.000169643
0.000151844
0.000136997
0.000124735
0.000114865
0.000107244
0.000101759
9.8373e-05
9.70061e-05
9.76716e-05
0.000100722
0.000106756
0.000116611
0.000131719
0.000154372
0.000187883
0.000237029
0.000308061
0.000408346
0.00054566
0.000732414
0.00102035
0.00172158
0.0044086
0.0151441
0.0587754
0.248951
0.0493703
0.0121346
0.00510943
0.00265704
0.00127769
0.000740814
0.000566487
0.00048081
0.000396406
0.000316854
0.000258415
0.00021865
0.000189881
0.000167837
0.000150066
0.000135431
0.000123406
0.000113721
0.000106203
0.00010073
9.72496e-05
9.57815e-05
9.63859e-05
9.91138e-05
0.000104706
0.00011396
0.000128167
0.000149391
0.000180839
0.000227386
0.000295941
0.000394525
0.000531633
0.000717935
0.000985657
0.00158456
0.00396616
0.0144194
0.0580421
0.259692
0.0488292
0.0132988
0.0053279
0.00272528
0.00132318
0.000756177
0.000570619
0.000483661
0.000400603
0.000321486
0.000261677
0.000220336
0.000190838
0.000168451
0.000150567
0.000135928
0.000123937
0.000114286
0.00010678
0.000101286
9.77389e-05
9.61945e-05
9.66273e-05
9.89502e-05
0.000104182
0.000113099
0.000126848
0.000147281
0.000177524
0.000222386
0.000288552
0.00038505
0.000522056
0.000711075
0.000969699
0.00151463
0.00366743
0.0138898
0.0578304
0.269056
0.0470904
0.0144563
0.00574844
0.00287771
0.00141697
0.000789606
0.000580412
0.000490006
0.000409595
0.000331267
0.000269047
0.000224866
0.000193843
0.000170702
0.00015251
0.00013779
0.000125811
0.00011619
0.000108702
0.000103203
9.96339e-05
9.81329e-05
9.85446e-05
0.000100649
0.000105505
0.000113993
0.00012711
0.000146941
0.000176543
0.000220538
0.000285344
0.000380564
0.00051756
0.000708769
0.000963306
0.00146133
0.00337852
0.0133875
0.0582786
0.277551
0.0434678
0.0154204
0.006319
0.0031392
0.00156424
0.000853655
0.000600973
0.000500969
0.00042208
0.00034491
0.00028078
0.000233708
0.000200167
0.000175594
0.000156743
0.000141774
0.000129723
0.000120081
0.000112564
0.000107007
0.00010334
0.000101784
0.000102206
0.000104253
0.000109009
0.000117473
0.00013054
0.000150038
0.00017879
0.000221288
0.00028478
0.000379249
0.000516282
0.000710724
0.000962873
0.0014383
0.00318536
0.0129671
0.0592684
0.28544
0.0380979
0.0157476
0.00697143
0.0035167
0.0017777
0.000949225
0.000633387
0.000516076
0.000438607
0.00036358
0.000297718
0.000247141
0.000210478
0.000183806
0.000163747
0.00014814
0.000135759
0.000125933
0.000118295
0.000112645
0.000108876
0.000107314
0.000107791
0.000109901
0.000114751
0.000123402
0.000136687
0.000156387
0.000185246
0.000227618
0.000290109
0.000383266
0.000520535
0.000721714
0.000976695
0.00142921
0.00304049
0.0125541
0.0605961
0.292929
0.0314704
0.0154978
0.00759717
0.00399006
0.0020792
0.00110387
0.000693053
0.000538081
0.000455494
0.00038323
0.000317547
0.000264412
0.000224621
0.000195443
0.000173724
0.000157122
0.000144172
0.000134022
0.000126193
0.000120444
0.000116588
0.000115111
0.000115697
0.000117996
0.000123162
0.00013225
0.000146063
0.000166328
0.00019565
0.000238249
0.000300643
0.000393888
0.000531753
0.000738515
0.000997609
0.00142842
0.00292904
0.0122299
0.0621963
0.300164
0.0241776
0.014659
0.00816529
0.00454546
0.00245631
0.00131422
0.000787013
0.000577031
0.00048013
0.000408033
0.000342565
0.000286952
0.000243632
0.000211333
0.000187378
0.000169346
0.000155538
0.000144898
0.000136805
0.000130966
0.000127059
0.000125827
0.000126602
0.000129247
0.000135007
0.000144825
0.000159511
0.000180744
0.000211007
0.000254437
0.000317235
0.000410977
0.000549687
0.000763943
0.00103027
0.00144796
0.00283818
0.0119624
0.0640159
0.307259
0.0169162
0.0128804
0.00841902
0.00516227
0.002965
0.00163032
0.000939559
0.000637527
0.000507865
0.000431651
0.000368346
0.000312864
0.000267361
0.000232171
0.000205687
0.000185821
0.000170827
0.000159495
0.000151039
0.000145139
0.000141235
0.000140499
0.000141571
0.000144769
0.000151477
0.000162363
0.000178277
0.000200868
0.000232471
0.000277207
0.000340929
0.000436016
0.000576169
0.000798547
0.00107292
0.00147779
0.00277113
0.0117894
0.0658642
0.314304
0.0106133
0.0103019
0.00834201
0.00560713
0.00347631
0.00202673
0.00117819
0.000755688
0.000563398
0.000465388
0.000398018
0.000342053
0.000295209
0.000257799
0.000229035
0.000207331
0.000191064
0.000178986
0.000170172
0.000164308
0.000160581
0.000160624
0.000162164
0.000166202
0.000174289
0.00018657
0.000204022
0.000228276
0.000261484
0.000307868
0.000372874
0.000470022
0.000612164
0.000843764
0.00112702
0.00152165
0.00272953
0.0116441
0.067735
0.321418
0.00587746
0.007776
0.00774425
0.0062404
0.0040983
0.00252133
0.0015041
0.000934632
0.000652409
0.000513538
0.000433
0.000374735
0.000327427
0.000288863
0.000258424
0.000235121
0.000217676
0.000204933
0.000195954
0.0001902
0.000187332
0.000187906
0.000190362
0.000195885
0.000205467
0.000219383
0.000238525
0.000264544
0.000299357
0.000347512
0.00041398
0.000513916
0.000658926
0.000901029
0.00119222
0.00157598
0.00271314
0.0115568
0.069569
0.328735
0.00299086
0.0053376
0.00675181
0.00617417
0.00466063
0.00310162
0.0019636
0.00123555
0.000821771
0.00060413
0.000486172
0.000413234
0.000361939
0.000322816
0.000292317
0.000268844
0.000251227
0.000238437
0.000229912
0.000224463
0.000223192
0.000224435
0.000228027
0.000235394
0.000246571
0.000262103
0.000282768
0.000310344
0.000346456
0.000396368
0.000464371
0.000568081
0.000717609
0.000970551
0.00126709
0.00163972
0.00271474
0.0115267
0.0712776
0.336384
0.00151974
0.00333426
0.00561203
0.00580535
0.00507127
0.00366486
0.00248833
0.00164872
0.00110424
0.000778749
0.000593425
0.000482632
0.000411645
0.000363449
0.000329575
0.000305375
0.000288458
0.000276802
0.000269714
0.000265978
0.000266511
0.000268966
0.000274455
0.000283671
0.000296402
0.000313396
0.000335254
0.000364111
0.000401285
0.000453301
0.00052383
0.000634033
0.000790068
0.00105347
0.00135042
0.00171845
0.00279415
0.0116274
0.0728455
0.344468
0.00126558
0.00209081
0.00423248
0.00513377
0.00494217
0.00420021
0.00310707
0.00219635
0.00153356
0.00108467
0.000795109
0.00062117
0.000511137
0.000438568
0.000389601
0.000356288
0.00033403
0.000320783
0.000313069
0.000311503
0.000313006
0.000317051
0.0003249
0.000335966
0.00035032
0.00036898
0.000392209
0.00042315
0.000462664
0.00051961
0.000595996
0.000717052
0.000881791
0.00115661
0.0014485
0.00183986
0.0030063
0.0120307
0.0741848
0.3533
0.00126223
0.00141179
0.00289876
0.00419074
0.00458349
0.00431072
0.00367114
0.00287428
0.00216335
0.00160748
0.00119766
0.000908467
0.00072291
0.000599885
0.000516863
0.000460637
0.000422762
0.000397992
0.000383349
0.000375262
0.000375414
0.000378127
0.000384751
0.000396571
0.000412297
0.000433589
0.000460229
0.000496854
0.000543207
0.000611656
0.000700464
0.000841859
0.00102196
0.0013181
0.00162274
0.00211746
0.00355564
0.0133123
0.0763747
0.363956
0.00127943
0.00107719
0.00198828
0.00315264
0.00390156
0.00419789
0.00399742
0.00353253
0.00294993
0.00238147
0.00189531
0.00148737
0.00118233
0.000968472
0.000817427
0.000710439
0.000635213
0.000582712
0.000547388
0.000525819
0.000512849
0.000512729
0.000516249
0.000525681
0.000541888
0.000568241
0.000603361
0.000654776
0.000721051
0.000818152
0.000940666
0.00112672
0.00135341
0.00172276
0.00212324
0.00289185
0.00510899
0.016932
0.0850577
0.37822
0.00198675
0.00140523
0.00202245
0.00293239
0.00382518
0.00436522
0.00448742
0.00433118
0.00395803
0.00348437
0.0030083
0.00257209
0.00218411
0.00186367
0.00161342
0.00142314
0.00128201
0.00118045
0.00110815
0.00106556
0.00103686
0.00103627
0.00104406
0.00106479
0.00109972
0.0011572
0.00121624
0.00131878
0.00145082
0.00163317
0.00185745
0.00216959
0.00256463
0.00315032
0.00396829
0.00566716
0.0100072
0.0268226
0.103353
0.401435
0.00432078
0.00387954
0.00523665
0.00624216
0.00708826
0.00769389
0.00798827
0.0079537
0.00772345
0.00730988
0.00683661
0.00636835
0.00592903
0.0055471
0.00523562
0.00500402
0.00483868
0.00474172
0.00469984
0.00470787
0.00474211
0.00481656
0.00493532
0.00508608
0.00526966
0.00550982
0.00576968
0.00611176
0.00644657
0.00694748
0.00759543
0.00858053
0.00980528
0.0117179
0.0144228
0.019077
0.0284137
0.0551379
0.142388
0.435816
0.0175295
0.0394748
0.0553743
0.0622945
0.0645602
0.0643857
0.0631372
0.0609918
0.0584732
0.0561703
0.0541898
0.0525421
0.0512183
0.0502281
0.0494913
0.0490582
0.0487988
0.048826
0.0489625
0.0492643
0.0497366
0.0503684
0.05113
0.0520811
0.0531525
0.0544731
0.0559168
0.0577098
0.0596212
0.0620898
0.0644424
0.0678073
0.0722864
0.0790413
0.0869161
0.099155
0.11447
0.152337
0.243229
0.496952
0.283817
0.548331
0.727002
0.802102
0.828972
0.827698
0.817896
0.796326
0.769154
0.741438
0.715139
0.691128
0.669624
0.650586
0.633731
0.618862
0.605656
0.593943
0.583502
0.574186
0.565871
0.558477
0.551921
0.546158
0.54116
0.536869
0.533349
0.530466
0.528454
0.526982
0.526637
0.5268
0.527327
0.528273
0.530752
0.534172
0.542446
0.552288
0.604085
0.579032
)
;

boundaryField
{
    movingWall
    {
        type            epsilonWallFunction;
        blending        stepwise;
        value           nonuniform List<scalar> 
40
(
0.283817
0.548331
0.727002
0.802102
0.828972
0.827698
0.817896
0.796326
0.769154
0.741438
0.715139
0.691128
0.669624
0.650586
0.633731
0.618862
0.605656
0.593943
0.583502
0.574186
0.565871
0.558477
0.551921
0.546158
0.54116
0.536869
0.533349
0.530466
0.528454
0.526982
0.526637
0.5268
0.527327
0.528273
0.530752
0.534172
0.542446
0.552288
0.604085
0.579032
)
;
    }
    fixedWalls
    {
        type            epsilonWallFunction;
        blending        stepwise;
        value           nonuniform List<scalar> 
120
(
0.000459754
0.00103254
0.00219013
0.00346497
0.00434668
0.00483703
0.00513714
0.00554124
0.00676529
0.00944498
0.0126939
0.0162319
0.0199938
0.0236761
0.0276941
0.0318412
0.0358717
0.0397212
0.04328
0.0464188
0.0486879
0.0493703
0.0488292
0.0470904
0.0434678
0.0380979
0.0314704
0.0241776
0.0169162
0.0106133
0.00587746
0.00299086
0.00151974
0.00126558
0.00126223
0.00127943
0.00198675
0.00432078
0.0175295
0.283817
0.00178557
0.00213341
0.00270949
0.00327355
0.00361531
0.0039861
0.00465231
0.00570706
0.00727465
0.00932608
0.0185141
0.0370294
0.0638227
0.0945566
0.125408
0.154225
0.180008
0.202107
0.220832
0.236289
0.248951
0.259692
0.269056
0.277551
0.28544
0.292929
0.300164
0.307259
0.314304
0.321418
0.328735
0.336384
0.344468
0.3533
0.363956
0.37822
0.401435
0.435816
0.496952
0.579032
0.000459754
0.000587551
0.000824852
0.00107713
0.00125728
0.00137092
0.00152601
0.00174058
0.00198869
0.00237289
0.00344169
0.00723811
0.0142014
0.0246355
0.0370092
0.0494692
0.0605513
0.0691217
0.0743396
0.0766906
0.0772939
0.075656
0.0720857
0.0672815
0.0619546
0.056254
0.0504443
0.0447173
0.0393447
0.033867
0.0284804
0.0227112
0.0174868
0.0146935
0.0129885
0.0117191
0.0101752
0.00756454
0.00409051
0.00178557
)
;
    }
    frontAndBack
    {
        type            empty;
    }
}


// ************************************************************************* //
