/*--------------------------------*- C++ -*----------------------------------*\
| =========                 |                                                 |
| \\      /  F ield         | OpenFOAM: The Open Source CFD Toolbox           |
|  \\    /   O peration     | Version:  2412                                  |
|   \\  /    A nd           | Website:  www.openfoam.com                      |
|    \\/     M anipulation  |                                                 |
\*---------------------------------------------------------------------------*/
FoamFile
{
    version     2.0;
    format      ascii;
    arch        "LSB;label=32;scalar=64";
    class       volScalarField;
    location    "5.5";
    object      k;
}
// * * * * * * * * * * * * * * * * * * * * * * * * * * * * * * * * * * * * * //

dimensions      [0 2 -2 0 0 0 0];

internalField   nonuniform List<scalar> 
1600
(
0.000127267
0.00014987
0.00018789
0.000224461
0.000248824
0.000263588
0.000283102
0.000309055
0.000337776
0.000379998
0.000486893
0.000799203
0.00125253
0.00180827
0.00237181
0.0028779
0.00329292
0.00359657
0.00377516
0.00385422
0.00387434
0.00381926
0.0036981
0.00353183
0.00334288
0.00313452
0.00291484
0.00268984
0.00246988
0.00223495
0.00199121
0.00171226
0.00143847
0.00128102
0.00117996
0.00110178
0.00100276
0.000822909
0.000546199
0.000314308
0.000218252
0.000175058
0.00016454
0.000165049
0.000175365
0.000214744
0.000308429
0.000440326
0.000610252
0.000869384
0.00119182
0.00152928
0.0017817
0.00198137
0.00212732
0.00217033
0.00217225
0.00212152
0.00207112
0.00202913
0.00201024
0.00200561
0.00204537
0.00212608
0.00222921
0.00235892
0.00250194
0.00263982
0.00273147
0.00277065
0.00277152
0.00264991
0.00246597
0.00212891
0.00168634
0.00124216
0.000879522
0.000633304
0.000440393
0.000353905
0.000360273
0.000262736
0.000241545
0.000244403
0.000280912
0.000395674
0.000619455
0.000926853
0.00124244
0.0014807
0.00159954
0.00165801
0.00169341
0.00169842
0.00154979
0.00148366
0.00140252
0.00134614
0.00130235
0.00128155
0.00127429
0.00128432
0.00132359
0.00137876
0.00147053
0.00159207
0.00175933
0.00196822
0.00221425
0.00244391
0.0026018
0.0026625
0.00259772
0.00238747
0.00200446
0.00146993
0.00095167
0.00059132
0.000389358
0.000415034
0.000489121
0.000364565
0.000370119
0.00041364
0.000544752
0.000800882
0.00113795
0.00140415
0.00151791
0.00154428
0.00154041
0.00147581
0.00132575
0.00114114
0.0010468
0.00093783
0.000868915
0.000800074
0.000759617
0.000722568
0.000704461
0.00069615
0.000694711
0.00071266
0.000743016
0.000796612
0.000879243
0.0010067
0.00120239
0.00150918
0.00189108
0.00224285
0.00242315
0.00246697
0.00232398
0.00185423
0.00118543
0.000628499
0.000383522
0.000470784
0.000568901
0.000495947
0.000565104
0.000678886
0.000903907
0.00122131
0.00143758
0.00150801
0.0014998
0.00142889
0.00127907
0.00103625
0.000883798
0.000753424
0.000685549
0.000609627
0.000574087
0.00053828
0.000521632
0.000506505
0.000499665
0.00049649
0.000495891
0.000502803
0.000513588
0.000535066
0.000570285
0.000627832
0.000720759
0.00087271
0.00112755
0.001576
0.00210263
0.00238878
0.00246981
0.00235287
0.00172557
0.000854736
0.000441999
0.000502982
0.000610916
0.000677111
0.000817956
0.000987915
0.00124568
0.00143778
0.00149613
0.00146613
0.0013474
0.00110498
0.000864464
0.000710893
0.000615528
0.000549545
0.000517478
0.00049184
0.000481256
0.000472799
0.000469037
0.000464021
0.000461587
0.000458955
0.00045802
0.000458195
0.000462944
0.000471584
0.000487737
0.000514424
0.000558359
0.000630491
0.000753268
0.000973705
0.00139197
0.00208836
0.00245374
0.00255016
0.00236402
0.0014371
0.000645348
0.000536759
0.000635951
0.000897761
0.00109416
0.00127216
0.00143347
0.00148859
0.0014507
0.00130331
0.00100697
0.000761686
0.000616667
0.000536692
0.000493978
0.000472651
0.000462733
0.000455636
0.000452261
0.00044666
0.000443731
0.00043978
0.00043808
0.00043743
0.000437644
0.000440469
0.000444975
0.000452034
0.000462887
0.000479464
0.000505344
0.000546125
0.000612377
0.00072489
0.000933733
0.00134681
0.00215338
0.0025513
0.00262812
0.00219035
0.000983494
0.00059497
0.000668906
0.00113584
0.00134938
0.00145954
0.00150358
0.00145274
0.00129649
0.000975954
0.000706755
0.000565473
0.000496199
0.000463847
0.000449465
0.000442843
0.000437449
0.000431308
0.000426639
0.000422188
0.000420178
0.000419349
0.000419759
0.000422607
0.000426268
0.000431579
0.000437988
0.000445853
0.00045545
0.000467938
0.000485594
0.000512343
0.000555224
0.000625591
0.000746627
0.000979713
0.00145853
0.00229591
0.00265606
0.00263223
0.00144086
0.000681752
0.000764111
0.0013594
0.00153065
0.00156165
0.00148706
0.0013336
0.00101261
0.000697532
0.000543934
0.00047425
0.000445016
0.000432887
0.000427381
0.000420523
0.000413763
0.000407892
0.000404859
0.000403455
0.000403226
0.000404966
0.000408277
0.000413086
0.000419015
0.000426362
0.000434691
0.000443981
0.000454156
0.000465835
0.000480018
0.000499032
0.000528064
0.000578147
0.00066138
0.000808957
0.00111352
0.00175749
0.00254666
0.00277899
0.00213759
0.000801545
0.000954452
0.00153615
0.00165385
0.00158843
0.00141165
0.00110567
0.000741939
0.000546831
0.000464505
0.000432243
0.000419833
0.000414124
0.000407153
0.00039879
0.000393498
0.000390578
0.000389478
0.000389266
0.00039058
0.000393266
0.000397245
0.000402631
0.000409544
0.000418179
0.000428385
0.00043999
0.000452526
0.00046555
0.000479192
0.000495268
0.000516119
0.000549257
0.000610223
0.00071921
0.000917945
0.00134395
0.00227035
0.00281083
0.00270248
0.000945737
0.00116234
0.00166305
0.00173413
0.00155865
0.0012531
0.000867182
0.00058351
0.000467831
0.000424899
0.000409596
0.000403173
0.000396462
0.000387827
0.000381681
0.000378739
0.000377317
0.000376742
0.000376609
0.000377534
0.000379464
0.000382707
0.000387545
0.000394343
0.000403395
0.000414804
0.000428531
0.000444197
0.000461076
0.000478169
0.000494917
0.000513242
0.000537152
0.000577596
0.000661279
0.000822588
0.00113239
0.00181005
0.00282033
0.00308333
0.00149377
0.00136931
0.00173727
0.00175981
0.00148157
0.00106736
0.000679947
0.000493989
0.000425377
0.000402462
0.000393946
0.000388348
0.000379675
0.000372503
0.000368877
0.000367071
0.000365498
0.000364073
0.000362974
0.000362553
0.000362768
0.000364645
0.000368406
0.000374514
0.000383386
0.000395286
0.000410346
0.000428401
0.000448909
0.000470821
0.000492638
0.000513153
0.000534464
0.000563494
0.000618045
0.000736071
0.000986755
0.00151105
0.0026656
0.00334938
0.00237142
0.00157339
0.00177714
0.0017434
0.00135912
0.000893894
0.000568786
0.000442262
0.000400535
0.000387198
0.000381348
0.000374299
0.000365778
0.00036102
0.000358593
0.000356459
0.000353757
0.00035082
0.000347938
0.000345769
0.000344835
0.000344826
0.000347416
0.000352665
0.000361066
0.000372995
0.000388726
0.000408286
0.000431353
0.000457086
0.000484035
0.000510259
0.00053434
0.000559796
0.000599551
0.000693418
0.000901862
0.00135107
0.00235547
0.00360946
0.00340928
0.00176104
0.00177828
0.00169983
0.00123899
0.000748228
0.000499101
0.000410822
0.000384422
0.000375668
0.000370171
0.000362124
0.00035525
0.000351908
0.000349369
0.00034608
0.000341847
0.000337212
0.000332634
0.00032873
0.000326377
0.000325546
0.000326657
0.000331064
0.000338845
0.000350494
0.000366421
0.000386857
0.000411715
0.000440377
0.000471501
0.000502995
0.000532477
0.00055925
0.000591116
0.00065361
0.000813878
0.00119502
0.00204989
0.0037548
0.00443092
0.00195496
0.00176393
0.00162666
0.00111904
0.000652837
0.000454489
0.000390786
0.000373213
0.000366722
0.000360522
0.000352487
0.000347012
0.000344041
0.000340632
0.000335944
0.000330192
0.000324021
0.000318003
0.000312774
0.000309217
0.000307745
0.000307726
0.000311229
0.000318272
0.00032935
0.000344999
0.00036566
0.000391525
0.000422286
0.000456837
0.000493064
0.000528035
0.00055929
0.000589216
0.000637684
0.000772316
0.00111961
0.0019098
0.0037652
0.00534886
0.00214552
0.0017295
0.00154688
0.00101747
0.00058895
0.000425095
0.000377577
0.00036517
0.000359684
0.000352666
0.000345024
0.000340279
0.000336904
0.000332394
0.000326407
0.000319382
0.000312017
0.000304943
0.000298799
0.000294238
0.000292056
0.000291573
0.00029411
0.000300342
0.000310645
0.000325649
0.000345985
0.000372129
0.000404126
0.000441208
0.000481399
0.000521408
0.000557481
0.00058882
0.000627557
0.00072386
0.00102081
0.00178477
0.00364388
0.00613975
0.00232291
0.00168523
0.00146801
0.000939872
0.000546238
0.000405818
0.00036897
0.000359701
0.000354354
0.000346586
0.000339219
0.000334533
0.000330411
0.000324873
0.00031785
0.000309889
0.000301697
0.000293924
0.000287175
0.000281971
0.000279208
0.000278391
0.00028014
0.00028554
0.00029495
0.00030906
0.000328655
0.000354476
0.000386951
0.000425756
0.000469258
0.000514096
0.00055553
0.000590003
0.000624273
0.000702268
0.00096795
0.00169357
0.00358653
0.00680626
0.00248622
0.00164129
0.00139784
0.000882972
0.000517696
0.000392677
0.000363259
0.000356244
0.000350478
0.00034208
0.000334642
0.000329567
0.000324642
0.000318287
0.000310543
0.000301986
0.00029331
0.000285149
0.000278061
0.000272516
0.000269282
0.000268182
0.000269335
0.000273945
0.000282431
0.000295516
0.000314093
0.000339122
0.000371377
0.000411005
0.000456831
0.00050565
0.000552094
0.000590554
0.000623082
0.000681108
0.000903793
0.00160463
0.00348736
0.00735249
0.00263255
0.00160344
0.00133663
0.000847385
0.000500529
0.000384724
0.000359966
0.000354439
0.000348057
0.000338875
0.000331056
0.000325358
0.000319703
0.000312773
0.00030461
0.000295764
0.000286894
0.0002786
0.000271397
0.000265706
0.000262112
0.000260748
0.000261465
0.000265374
0.000272977
0.000285019
0.000302457
0.000326418
0.000357982
0.000397779
0.000445202
0.00049743
0.000548728
0.000591521
0.00062327
0.000671137
0.000869251
0.00154256
0.00342762
0.00779985
0.00275831
0.00157028
0.00128891
0.000824901
0.000491913
0.000378992
0.000357912
0.000353639
0.000346579
0.000336835
0.000328345
0.000321899
0.000315642
0.000308366
0.000300046
0.000291167
0.000282333
0.000274103
0.000266949
0.000261255
0.000257426
0.000255789
0.000256182
0.000259492
0.000266303
0.000277369
0.000293654
0.000316403
0.000346916
0.000386261
0.000434432
0.000489175
0.000544746
0.000592194
0.000624939
0.000661506
0.00082784
0.00148273
0.00336318
0.00815966
0.00284747
0.00155542
0.00125175
0.000822353
0.000493865
0.000377125
0.000356853
0.0003537
0.000346475
0.000335719
0.000326498
0.00031928
0.000312502
0.000305042
0.000296763
0.000288045
0.000279419
0.000271397
0.000264411
0.000258811
0.00025491
0.000253028
0.000253296
0.000256137
0.000262227
0.000272331
0.000287495
0.000309034
0.000338332
0.000376843
0.000425155
0.000481724
0.000541003
0.000592932
0.000626883
0.000656777
0.000803068
0.00144327
0.00333398
0.00844856
0.00287399
0.00155634
0.00122853
0.000826884
0.000501185
0.000378368
0.000356274
0.000353876
0.000346826
0.000335801
0.000325425
0.000317415
0.000310216
0.000302698
0.000294605
0.000286187
0.0002779
0.000270215
0.000263499
0.000258043
0.000254142
0.000252124
0.000252345
0.000254842
0.000260408
0.000269868
0.000284093
0.00030432
0.000332162
0.000369554
0.000417432
0.000475078
0.000537412
0.000593744
0.000629252
0.000652448
0.000773502
0.00140321
0.00332428
0.00868981
0.00285295
0.00156135
0.0012164
0.000839017
0.00051592
0.000382348
0.000356343
0.000353939
0.000347701
0.000336355
0.0003255
0.000316397
0.000308715
0.000301201
0.000293387
0.000285425
0.000277654
0.00027035
0.000263848
0.000258533
0.000254696
0.000252654
0.000252793
0.000254872
0.000260005
0.000269078
0.000282776
0.000302118
0.000328801
0.000364629
0.000411569
0.0004697
0.000534435
0.000594839
0.000631891
0.000650311
0.000753083
0.00137344
0.00334443
0.00889742
0.00278481
0.00157404
0.00121751
0.000864311
0.000545165
0.000392089
0.000356998
0.000353832
0.000348709
0.000337629
0.000326057
0.000316469
0.000308199
0.000300588
0.000293116
0.000285586
0.00027814
0.000271181
0.000265041
0.000260006
0.000256344
0.000254393
0.000254566
0.000256448
0.00026116
0.00026971
0.000282719
0.000301501
0.000327531
0.000362256
0.00040811
0.000465859
0.000532447
0.000596377
0.000634796
0.000648978
0.00073057
0.00133963
0.00339282
0.00908367
0.00264007
0.00157997
0.00122237
0.000895428
0.000577687
0.0004057
0.000358916
0.00035344
0.000349282
0.000339522
0.00032736
0.000317002
0.000308406
0.000300746
0.000293426
0.000286251
0.00027935
0.000272926
0.000267239
0.000262534
0.00025909
0.000257281
0.000257538
0.000259399
0.000263964
0.000272283
0.000284862
0.000302794
0.000327581
0.000361532
0.000406703
0.000464
0.000531579
0.000598438
0.000637948
0.000648365
0.00071343
0.00130917
0.00345181
0.00925494
0.00241787
0.00157427
0.00123163
0.000938154
0.000629746
0.000433962
0.000364078
0.000352655
0.000349116
0.000341273
0.000329411
0.000318262
0.000309104
0.000301321
0.000294241
0.000287584
0.000281257
0.000275385
0.000270186
0.000265893
0.000262772
0.000261261
0.000261666
0.000263653
0.000268302
0.000276586
0.000288976
0.00030649
0.00033053
0.000362983
0.000406597
0.000463435
0.000531419
0.000601078
0.000640839
0.000647429
0.000697331
0.00127542
0.00352823
0.00941607
0.00212859
0.00155173
0.00124539
0.000976412
0.000680188
0.000465698
0.000374412
0.000353275
0.000348573
0.000342335
0.000331654
0.000320326
0.000310571
0.00030253
0.000295634
0.000289406
0.000283661
0.000278414
0.000273808
0.000270052
0.000267386
0.000266388
0.000267013
0.000269274
0.000274252
0.000282686
0.00029507
0.00031233
0.000335819
0.000367401
0.000409904
0.000465302
0.000533266
0.000604778
0.00064328
0.000645959
0.000681788
0.00124543
0.00360979
0.00957043
0.00178547
0.00149792
0.00125469
0.0010306
0.000754151
0.000520693
0.000396749
0.000356879
0.00034772
0.000342194
0.000333454
0.000322703
0.000312683
0.000304352
0.0002975
0.000291657
0.000286517
0.000281977
0.000278099
0.000275043
0.000273027
0.000272787
0.000273735
0.000276465
0.00028205
0.000290819
0.000303373
0.000320546
0.000343655
0.000374411
0.000415835
0.000469875
0.000536853
0.000609099
0.00064436
0.000642534
0.000664354
0.0012159
0.00370086
0.00972061
0.0014071
0.00137901
0.00125386
0.00105959
0.000815877
0.000581434
0.000429032
0.000366608
0.000348855
0.000341714
0.000334073
0.000324675
0.000315033
0.000306633
0.000299827
0.000294342
0.000289837
0.000286108
0.000283129
0.000280968
0.00028002
0.000280445
0.000282068
0.000285691
0.00029202
0.000301313
0.000314203
0.000331423
0.000354316
0.000384361
0.000424779
0.000476904
0.000542015
0.000613758
0.000644498
0.000636991
0.000645452
0.00119004
0.00378998
0.00986858
0.00103118
0.00123616
0.00122891
0.00112399
0.000895936
0.000662282
0.000485354
0.000389284
0.000354435
0.000342478
0.00033435
0.00032567
0.000316934
0.000309006
0.000302506
0.000297483
0.000293699
0.000290915
0.000289029
0.000288124
0.000288424
0.000289655
0.000292416
0.000297294
0.000304505
0.000314483
0.000327836
0.000345182
0.000367952
0.000397246
0.000436558
0.000486016
0.000548159
0.000616417
0.000640455
0.000626827
0.000622367
0.00116457
0.00388088
0.0100169
0.000695335
0.00105581
0.00117288
0.00112397
0.00097246
0.00074545
0.000554677
0.000428708
0.000369808
0.000347065
0.0003358
0.000326742
0.000318168
0.000310807
0.000304994
0.000300736
0.00029796
0.000296292
0.000296027
0.000296527
0.000297955
0.00030081
0.000305152
0.000311295
0.000319582
0.000330329
0.000344194
0.000361654
0.000384262
0.000412522
0.000450293
0.000495671
0.000552637
0.00061712
0.000631538
0.000610561
0.000596841
0.00114136
0.00396981
0.0101683
0.000443177
0.000849359
0.00111281
0.0011104
0.00103539
0.000846628
0.000649613
0.000498943
0.000404801
0.000361849
0.000342004
0.000329996
0.00032064
0.000313055
0.00030737
0.000303887
0.000302079
0.000302241
0.0003032
0.000305382
0.000308822
0.000313429
0.000319476
0.000327028
0.000336478
0.000347938
0.000362269
0.000379739
0.000401866
0.00042839
0.000461816
0.000500526
0.000554212
0.000610328
0.000613592
0.000583468
0.000569326
0.00112469
0.0040546
0.0103254
0.000282249
0.000646737
0.0010114
0.0010806
0.00104497
0.000938618
0.000749212
0.000589995
0.000470079
0.000397409
0.000360774
0.000340535
0.000327431
0.00031814
0.000311801
0.000307844
0.000307018
0.000307848
0.000310036
0.00031407
0.000319315
0.000325691
0.000333389
0.000342205
0.000352726
0.000364751
0.000379322
0.000395216
0.000414811
0.000436657
0.000466279
0.00050157
0.000550724
0.000589364
0.000584184
0.000544923
0.000540944
0.00111753
0.00413248
0.0104901
0.00024993
0.000486781
0.000870576
0.00103127
0.00103331
0.000989275
0.000868745
0.000707697
0.000575894
0.000473759
0.000407525
0.000370013
0.000347043
0.000331984
0.00032235
0.000316345
0.000314227
0.000314836
0.000316952
0.000321367
0.000327514
0.000334859
0.000343448
0.000352768
0.000363419
0.000374528
0.000387448
0.000401237
0.000418846
0.000438137
0.000465308
0.000493365
0.000530632
0.000548025
0.000536132
0.000501466
0.00052694
0.00111838
0.0041997
0.0106686
0.000249512
0.000385873
0.000707578
0.000929072
0.00100398
0.000996154
0.000950298
0.000842975
0.000710938
0.000598409
0.000506121
0.000440397
0.000398245
0.000370083
0.000351336
0.000338931
0.000331679
0.000328744
0.000329152
0.000331004
0.000335044
0.000340843
0.000348144
0.00035614
0.000365582
0.000375169
0.000386557
0.000397748
0.000411977
0.000426626
0.000446376
0.000464597
0.000483729
0.000487253
0.000481837
0.000480152
0.000525043
0.00117813
0.00429204
0.010882
0.0002518
0.000347804
0.000584484
0.000814666
0.000954599
0.00100813
0.00100479
0.000970907
0.000891249
0.000782217
0.00068117
0.000587497
0.000517852
0.000467287
0.000430488
0.000403451
0.000384146
0.000370488
0.000362253
0.000357227
0.000355329
0.00035578
0.00035737
0.000360409
0.000365193
0.000370157
0.000377322
0.000384539
0.000394602
0.000403618
0.000415379
0.000426073
0.000439587
0.000456173
0.000460992
0.000475993
0.000596282
0.00137046
0.00456805
0.0111645
0.000337598
0.000381368
0.000548591
0.000743092
0.000919141
0.00103315
0.00107871
0.00109136
0.00107554
0.00103149
0.000955196
0.000872561
0.000784799
0.00070301
0.000633077
0.000573941
0.000527126
0.000487529
0.000458737
0.000436986
0.000421391
0.000409471
0.000401433
0.000395006
0.000391827
0.000389082
0.000388756
0.000389684
0.000392233
0.000396719
0.000405013
0.000415429
0.000433325
0.000456042
0.000499735
0.000602554
0.000885842
0.00188778
0.00519994
0.0116167
0.00056649
0.000488081
0.000667045
0.000844286
0.00100595
0.00113293
0.0012102
0.00123741
0.00123005
0.00120545
0.00115226
0.0010845
0.00101079
0.00093792
0.000871008
0.000812216
0.000761849
0.000720479
0.000685745
0.000655761
0.000633598
0.000615322
0.000604683
0.000595807
0.000595368
0.000597679
0.000603843
0.000617266
0.000632317
0.000661005
0.000697312
0.000758366
0.000832756
0.000950626
0.00110936
0.0013748
0.00186359
0.00313816
0.00634913
0.0122709
0.00144072
0.00185422
0.00245729
0.00272378
0.00283298
0.0028641
0.00285282
0.00281032
0.00273726
0.00267095
0.00260786
0.0025474
0.00249298
0.00244826
0.00241104
0.00238788
0.00237011
0.00237016
0.00237522
0.00238782
0.00241133
0.00244386
0.00248415
0.00253505
0.00259259
0.00266414
0.0027414
0.00283771
0.00293906
0.00306888
0.00319498
0.00336494
0.00355511
0.00382777
0.00411783
0.00456589
0.00509888
0.00636199
0.00866468
0.0133931
0.00921951
0.0143014
0.01726
0.0184291
0.0188385
0.0188191
0.0186702
0.0183404
0.0179206
0.0174874
0.0170712
0.0166868
0.0163388
0.0160275
0.0157494
0.0155021
0.0152807
0.0150831
0.0149058
0.0147467
0.014604
0.0144765
0.014363
0.0142628
0.0141757
0.0141007
0.014039
0.0139884
0.013953
0.0139271
0.013921
0.0139242
0.0139319
0.0139523
0.0139922
0.0140544
0.0141976
0.0143698
0.0152544
0.0148299
)
;

boundaryField
{
    movingWall
    {
        type            kqRWallFunction;
        value           nonuniform List<scalar> 
40
(
0.00921951
0.0143014
0.01726
0.0184291
0.0188385
0.0188191
0.0186702
0.0183404
0.0179206
0.0174874
0.0170712
0.0166868
0.0163388
0.0160275
0.0157494
0.0155021
0.0152807
0.0150831
0.0149058
0.0147467
0.014604
0.0144765
0.014363
0.0142628
0.0141757
0.0141007
0.014039
0.0139884
0.013953
0.0139271
0.013921
0.0139242
0.0139319
0.0139523
0.0139922
0.0140544
0.0141976
0.0143698
0.0152544
0.0148299
)
;
    }
    fixedWalls
    {
        type            kqRWallFunction;
        value           nonuniform List<scalar> 
120
(
0.000127267
0.000218252
0.000360273
0.000489121
0.000568901
0.000610916
0.000635951
0.000668906
0.000764111
0.000954452
0.00116234
0.00136931
0.00157339
0.00176104
0.00195496
0.00214552
0.00232291
0.00248622
0.00263255
0.00275831
0.00284747
0.00287399
0.00285295
0.00278481
0.00264007
0.00241787
0.00212859
0.00178547
0.0014071
0.00103118
0.000695335
0.000443177
0.000282249
0.00024993
0.000249512
0.0002518
0.000337598
0.00056649
0.00144072
0.00921951
0.000314308
0.000353905
0.000415034
0.000470784
0.000502982
0.000536759
0.00059497
0.000681752
0.000801545
0.000945737
0.00149377
0.00237142
0.00340928
0.00443092
0.00534886
0.00613975
0.00680626
0.00735249
0.00779985
0.00815966
0.00844856
0.00868981
0.00889742
0.00908367
0.00925494
0.00941607
0.00957043
0.00972061
0.00986858
0.0100169
0.0101683
0.0103254
0.0104901
0.0106686
0.010882
0.0111645
0.0116167
0.0122709
0.0133931
0.0148299
0.000127267
0.00014987
0.00018789
0.000224461
0.000248824
0.000263588
0.000283102
0.000309055
0.000337776
0.000379998
0.000486893
0.000799203
0.00125253
0.00180827
0.00237181
0.0028779
0.00329292
0.00359657
0.00377516
0.00385422
0.00387434
0.00381926
0.0036981
0.00353183
0.00334288
0.00313452
0.00291484
0.00268984
0.00246988
0.00223495
0.00199121
0.00171226
0.00143847
0.00128102
0.00117996
0.00110178
0.00100276
0.000822909
0.000546199
0.000314308
)
;
    }
    frontAndBack
    {
        type            empty;
    }
}


// ************************************************************************* //
