/*--------------------------------*- C++ -*----------------------------------*\
| =========                 |                                                 |
| \\      /  F ield         | OpenFOAM: The Open Source CFD Toolbox           |
|  \\    /   O peration     | Version:  2412                                  |
|   \\  /    A nd           | Website:  www.openfoam.com                      |
|    \\/     M anipulation  |                                                 |
\*---------------------------------------------------------------------------*/
FoamFile
{
    version     2.0;
    format      ascii;
    arch        "LSB;label=32;scalar=64";
    class       volScalarField;
    location    "5.5";
    object      nut;
}
// * * * * * * * * * * * * * * * * * * * * * * * * * * * * * * * * * * * * * //

dimensions      [0 2 -1 0 0 0 0];

internalField   nonuniform List<scalar> 
1600
(
3.17066e-06
3.44052e-06
3.8519e-06
4.20976e-06
4.43196e-06
4.56123e-06
4.72682e-06
4.93877e-06
5.16338e-06
5.47681e-06
6.19923e-06
7.94204e-06
9.94236e-06
1.19457e-05
1.36801e-05
1.50681e-05
1.61169e-05
1.68424e-05
1.72542e-05
1.74331e-05
1.74781e-05
1.73523e-05
1.70746e-05
1.66858e-05
1.62334e-05
1.57193e-05
1.51586e-05
1.4562e-05
1.39543e-05
1.3274e-05
1.25294e-05
1.16182e-05
1.06497e-05
1.00515e-05
9.64751e-06
9.3227e-06
8.8939e-06
8.05682e-06
6.56397e-06
4.97939e-06
4.15194e-06
4.66625e-06
5.56471e-06
5.978e-06
6.21888e-06
7.04863e-06
8.80004e-06
9.91745e-06
1.12302e-05
1.34569e-05
1.46098e-05
1.56619e-05
1.59943e-05
1.57479e-05
1.60872e-05
1.61221e-05
1.60948e-05
1.63467e-05
1.70371e-05
1.82637e-05
1.998e-05
2.17271e-05
2.3571e-05
2.56976e-05
2.80454e-05
3.05555e-05
3.31258e-05
3.52523e-05
3.64208e-05
3.69279e-05
3.7192e-05
3.65031e-05
3.61059e-05
3.39344e-05
2.93346e-05
2.3352e-05
1.5849e-05
1.04347e-05
7.64173e-06
5.28374e-06
5.33378e-06
6.1758e-06
8.69489e-06
1.05282e-05
1.11425e-05
1.23843e-05
1.52955e-05
1.82438e-05
1.93863e-05
1.9287e-05
1.87221e-05
1.77529e-05
1.74156e-05
1.80087e-05
1.72175e-05
1.72562e-05
1.79953e-05
1.90496e-05
2.04377e-05
2.18042e-05
2.26849e-05
2.34623e-05
2.46228e-05
2.51086e-05
2.62654e-05
2.72067e-05
2.87665e-05
3.06388e-05
3.30383e-05
3.52581e-05
3.67373e-05
3.73137e-05
3.68119e-05
3.52707e-05
3.38216e-05
2.94501e-05
2.26452e-05
1.47498e-05
8.96036e-06
5.72166e-06
6.21407e-06
8.53831e-06
1.34334e-05
1.60258e-05
1.77692e-05
2.00684e-05
2.24849e-05
2.2581e-05
2.1124e-05
1.99434e-05
1.91422e-05
1.82316e-05
1.86819e-05
1.6038e-05
1.7113e-05
1.6224e-05
1.73474e-05
1.68007e-05
1.7224e-05
1.66635e-05
1.6366e-05
1.61349e-05
1.56542e-05
1.54531e-05
1.53829e-05
1.55562e-05
1.60695e-05
1.70729e-05
1.88179e-05
2.18704e-05
2.59894e-05
2.96406e-05
3.16159e-05
3.20888e-05
3.21477e-05
3.05089e-05
2.52054e-05
1.6318e-05
9.66926e-06
6.09351e-06
6.70129e-06
1.26178e-05
1.93286e-05
2.13945e-05
2.29023e-05
2.49776e-05
2.38569e-05
2.26216e-05
2.14055e-05
1.96883e-05
1.91936e-05
1.66844e-05
1.58937e-05
1.45348e-05
1.56657e-05
1.45864e-05
1.53415e-05
1.47482e-05
1.48482e-05
1.44686e-05
1.4287e-05
1.41502e-05
1.37713e-05
1.35312e-05
1.31549e-05
1.28551e-05
1.26496e-05
1.2676e-05
1.31077e-05
1.41868e-05
1.63604e-05
2.08971e-05
2.63114e-05
2.88131e-05
2.92911e-05
3.00461e-05
2.79513e-05
1.79835e-05
1.05099e-05
6.29798e-06
6.94427e-06
1.78005e-05
2.46958e-05
2.5817e-05
2.67946e-05
2.54387e-05
2.42199e-05
2.25697e-05
2.05743e-05
1.838e-05
1.59059e-05
1.46216e-05
1.44248e-05
1.43295e-05
1.51898e-05
1.51595e-05
1.57953e-05
1.59004e-05
1.62917e-05
1.62788e-05
1.633e-05
1.62163e-05
1.59733e-05
1.5464e-05
1.49514e-05
1.42563e-05
1.35463e-05
1.28167e-05
1.22664e-05
1.20737e-05
1.24834e-05
1.39854e-05
1.75422e-05
2.44738e-05
2.73091e-05
2.77637e-05
2.87549e-05
2.35086e-05
1.2776e-05
6.5051e-06
7.08546e-06
2.2764e-05
2.90931e-05
2.9103e-05
2.72375e-05
2.59426e-05
2.40251e-05
2.16505e-05
1.82412e-05
1.52839e-05
1.42517e-05
1.41354e-05
1.48599e-05
1.56557e-05
1.66918e-05
1.73596e-05
1.84432e-05
1.89864e-05
1.98543e-05
2.02226e-05
2.04939e-05
2.05776e-05
2.03293e-05
1.96939e-05
1.87906e-05
1.75459e-05
1.61643e-05
1.47196e-05
1.34183e-05
1.24151e-05
1.1852e-05
1.17754e-05
1.28305e-05
1.58713e-05
2.30582e-05
2.60805e-05
2.64591e-05
2.71038e-05
1.47933e-05
6.848e-06
7.26717e-06
2.72734e-05
3.22324e-05
2.99381e-05
2.81204e-05
2.56896e-05
2.277e-05
1.84379e-05
1.52066e-05
1.39622e-05
1.44971e-05
1.53254e-05
1.67322e-05
1.80062e-05
1.95712e-05
2.08904e-05
2.25652e-05
2.38614e-05
2.53611e-05
2.63989e-05
2.70829e-05
2.76792e-05
2.78556e-05
2.73883e-05
2.64738e-05
2.49168e-05
2.27286e-05
2.00217e-05
1.70634e-05
1.43672e-05
1.25223e-05
1.15474e-05
1.14188e-05
1.24814e-05
1.57325e-05
2.19086e-05
2.44728e-05
2.51459e-05
1.72537e-05
7.32963e-06
7.76729e-06
3.0491e-05
3.32737e-05
3.13243e-05
2.79464e-05
2.44464e-05
1.95941e-05
1.54405e-05
1.42479e-05
1.45828e-05
1.6006e-05
1.73012e-05
1.93909e-05
2.11219e-05
2.33868e-05
2.53827e-05
2.77531e-05
2.96808e-05
3.14257e-05
3.2652e-05
3.36117e-05
3.44645e-05
3.45607e-05
3.43386e-05
3.35835e-05
3.23008e-05
3.03494e-05
2.77097e-05
2.43793e-05
2.03819e-05
1.60641e-05
1.29791e-05
1.13809e-05
1.11749e-05
1.27946e-05
1.72078e-05
2.1882e-05
2.29708e-05
2.05574e-05
7.94853e-06
8.6806e-06
3.18932e-05
3.47822e-05
3.16391e-05
2.69509e-05
2.17157e-05
1.62381e-05
1.44933e-05
1.48226e-05
1.61009e-05
1.78883e-05
1.98467e-05
2.25297e-05
2.48097e-05
2.78346e-05
3.04274e-05
3.31213e-05
3.50924e-05
3.67674e-05
3.79698e-05
3.89707e-05
3.9638e-05
3.97101e-05
3.95311e-05
3.88928e-05
3.78128e-05
3.6164e-05
3.38395e-05
3.07279e-05
2.68176e-05
2.20454e-05
1.71471e-05
1.32203e-05
1.1293e-05
1.11541e-05
1.33482e-05
1.91464e-05
2.13069e-05
2.09938e-05
8.63146e-06
9.57889e-06
3.23795e-05
3.57934e-05
3.11932e-05
2.48718e-05
1.85143e-05
1.49848e-05
1.48249e-05
1.61467e-05
1.78126e-05
2.01093e-05
2.27659e-05
2.59782e-05
2.89374e-05
3.24239e-05
3.51798e-05
3.78129e-05
3.96601e-05
4.11723e-05
4.22299e-05
4.31494e-05
4.37088e-05
4.38326e-05
4.37371e-05
4.32794e-05
4.24373e-05
4.10765e-05
3.90451e-05
3.61606e-05
3.22906e-05
2.75115e-05
2.19591e-05
1.65436e-05
1.27527e-05
1.12935e-05
1.20119e-05
1.57825e-05
2.04078e-05
2.07742e-05
1.0847e-05
1.03962e-05
3.2316e-05
3.6534e-05
3.00645e-05
2.2285e-05
1.63878e-05
1.48502e-05
1.58176e-05
1.76339e-05
1.96071e-05
2.26219e-05
2.58751e-05
2.95972e-05
3.3022e-05
3.65884e-05
3.92544e-05
4.16517e-05
4.33635e-05
4.47502e-05
4.55636e-05
4.6304e-05
4.68406e-05
4.69359e-05
4.68872e-05
4.65715e-05
4.59858e-05
4.5026e-05
4.35408e-05
4.1294e-05
3.79808e-05
3.33313e-05
2.74438e-05
2.08424e-05
1.50074e-05
1.15233e-05
1.08819e-05
1.28753e-05
1.85789e-05
2.01888e-05
1.36683e-05
1.11435e-05
3.1892e-05
3.64507e-05
2.83827e-05
2.00188e-05
1.55623e-05
1.53481e-05
1.70302e-05
1.9056e-05
2.15722e-05
2.52516e-05
2.90045e-05
3.30906e-05
3.67076e-05
4.01168e-05
4.26259e-05
4.47772e-05
4.62983e-05
4.75286e-05
4.82803e-05
4.8676e-05
4.92035e-05
4.92099e-05
4.91303e-05
4.88425e-05
4.83554e-05
4.75938e-05
4.64389e-05
4.4696e-05
4.2079e-05
3.82138e-05
3.27604e-05
2.59143e-05
1.87182e-05
1.35777e-05
1.1467e-05
1.2382e-05
1.65926e-05
1.97683e-05
1.63905e-05
1.17888e-05
3.09e-05
3.61325e-05
2.6905e-05
1.81017e-05
1.53579e-05
1.61263e-05
1.8277e-05
2.04324e-05
2.36203e-05
2.78373e-05
3.19894e-05
3.62202e-05
3.98445e-05
4.30282e-05
4.53842e-05
4.73221e-05
4.87027e-05
4.97383e-05
5.03615e-05
5.06801e-05
5.10682e-05
5.10298e-05
5.09108e-05
5.06445e-05
5.02415e-05
4.96515e-05
4.87761e-05
4.74397e-05
4.53623e-05
4.21411e-05
3.72881e-05
3.04947e-05
2.24436e-05
1.52027e-05
1.13515e-05
1.12643e-05
1.44841e-05
1.96886e-05
1.8687e-05
1.24202e-05
2.97873e-05
3.53062e-05
2.52839e-05
1.72613e-05
1.55376e-05
1.70003e-05
1.93916e-05
2.18192e-05
2.5638e-05
3.0254e-05
3.4637e-05
3.8887e-05
4.24336e-05
4.54146e-05
4.76476e-05
4.94228e-05
5.06883e-05
5.15859e-05
5.21437e-05
5.24679e-05
5.26321e-05
5.25824e-05
5.23952e-05
5.21011e-05
5.17044e-05
5.11791e-05
5.04578e-05
4.94083e-05
4.78024e-05
4.52785e-05
4.13195e-05
3.53361e-05
2.71976e-05
1.85111e-05
1.27815e-05
1.13361e-05
1.3412e-05
1.93823e-05
2.05323e-05
1.30112e-05
2.82129e-05
3.43553e-05
2.40605e-05
1.68456e-05
1.58866e-05
1.78359e-05
2.03575e-05
2.31715e-05
2.75063e-05
3.23744e-05
3.68805e-05
4.10795e-05
4.45365e-05
4.73717e-05
4.95255e-05
5.12013e-05
5.24027e-05
5.32347e-05
5.37263e-05
5.39886e-05
5.4099e-05
5.39874e-05
5.37314e-05
5.33902e-05
5.29704e-05
5.24606e-05
5.18122e-05
5.09164e-05
4.95704e-05
4.74323e-05
4.39821e-05
3.8552e-05
3.06955e-05
2.13676e-05
1.38791e-05
1.1237e-05
1.29399e-05
1.80943e-05
2.19983e-05
1.3538e-05
2.63906e-05
3.32227e-05
2.32548e-05
1.66872e-05
1.63051e-05
1.86024e-05
2.12304e-05
2.44278e-05
2.91252e-05
3.41363e-05
3.86988e-05
4.28286e-05
4.62188e-05
4.897e-05
5.10902e-05
5.27246e-05
5.39052e-05
5.471e-05
5.51846e-05
5.53854e-05
5.54603e-05
5.52917e-05
5.49666e-05
5.45624e-05
5.40945e-05
5.3564e-05
5.2944e-05
5.2161e-05
5.10611e-05
4.93587e-05
4.65749e-05
4.19798e-05
3.46976e-05
2.47775e-05
1.55457e-05
1.15764e-05
1.26358e-05
1.76793e-05
2.31616e-05
1.40055e-05
2.45929e-05
3.21848e-05
2.27997e-05
1.67267e-05
1.66774e-05
1.92177e-05
2.19828e-05
2.55091e-05
3.04344e-05
3.55039e-05
4.00883e-05
4.41656e-05
4.75253e-05
5.02483e-05
5.23767e-05
5.4018e-05
5.52152e-05
5.60291e-05
5.6511e-05
5.66668e-05
5.6707e-05
5.64913e-05
5.61028e-05
5.56285e-05
5.50956e-05
5.45124e-05
5.38635e-05
5.30929e-05
5.20734e-05
5.05503e-05
4.80809e-05
4.39846e-05
3.73862e-05
2.78284e-05
1.74318e-05
1.18663e-05
1.24742e-05
1.71136e-05
2.4073e-05
1.44115e-05
2.28874e-05
3.08309e-05
2.26845e-05
1.68027e-05
1.70126e-05
1.9743e-05
2.26449e-05
2.63828e-05
3.13765e-05
3.64813e-05
4.10886e-05
4.51292e-05
4.84845e-05
5.12197e-05
5.33889e-05
5.50734e-05
5.63171e-05
5.71674e-05
5.76693e-05
5.78063e-05
5.78112e-05
5.7559e-05
5.71186e-05
5.65776e-05
5.59776e-05
5.53351e-05
5.46505e-05
5.38891e-05
5.29625e-05
5.16603e-05
4.95734e-05
4.6011e-05
3.99589e-05
3.04482e-05
1.91133e-05
1.23226e-05
1.24442e-05
1.69661e-05
2.47944e-05
1.47514e-05
2.13003e-05
2.97765e-05
2.26934e-05
1.71114e-05
1.72093e-05
2.00515e-05
2.31e-05
2.69751e-05
3.2003e-05
3.70598e-05
4.16403e-05
4.56859e-05
4.90798e-05
5.1866e-05
5.41033e-05
5.58574e-05
5.7168e-05
5.80714e-05
5.86053e-05
5.87578e-05
5.87304e-05
5.84558e-05
5.79767e-05
5.73762e-05
5.67093e-05
5.59942e-05
5.52491e-05
5.44448e-05
5.35221e-05
5.23054e-05
5.04229e-05
4.72287e-05
4.17781e-05
3.29373e-05
2.1106e-05
1.2736e-05
1.23945e-05
1.68849e-05
2.53596e-05
1.49878e-05
1.96159e-05
2.80676e-05
2.30673e-05
1.74049e-05
1.73783e-05
2.02556e-05
2.34412e-05
2.73343e-05
3.21619e-05
3.72377e-05
4.19286e-05
4.59587e-05
4.93655e-05
5.21995e-05
5.45069e-05
5.63335e-05
5.77116e-05
5.86715e-05
5.92431e-05
5.94484e-05
5.9399e-05
5.91193e-05
5.86227e-05
5.797e-05
5.724e-05
5.64749e-05
5.56786e-05
5.48331e-05
5.39215e-05
5.28081e-05
5.11458e-05
4.82748e-05
4.32013e-05
3.4663e-05
2.25503e-05
1.31658e-05
1.23793e-05
1.70205e-05
2.58045e-05
1.50574e-05
1.79648e-05
2.65855e-05
2.31598e-05
1.76934e-05
1.73925e-05
2.0166e-05
2.34408e-05
2.73102e-05
3.20292e-05
3.68829e-05
4.14712e-05
4.56131e-05
4.91331e-05
5.20524e-05
5.44286e-05
5.63231e-05
5.77858e-05
5.88389e-05
5.94929e-05
5.97733e-05
5.97297e-05
5.94589e-05
5.89729e-05
5.82884e-05
5.75167e-05
5.66745e-05
5.5793e-05
5.491e-05
5.40549e-05
5.29918e-05
5.1487e-05
4.8893e-05
4.41932e-05
3.61548e-05
2.41783e-05
1.35767e-05
1.22898e-05
1.71354e-05
2.61701e-05
1.50021e-05
1.64979e-05
2.49944e-05
2.32474e-05
1.81046e-05
1.73995e-05
2.00278e-05
2.33108e-05
2.71608e-05
3.1672e-05
3.64401e-05
4.08904e-05
4.49461e-05
4.8471e-05
5.14509e-05
5.39408e-05
5.59822e-05
5.75574e-05
5.86762e-05
5.93914e-05
5.97339e-05
5.97234e-05
5.95214e-05
5.9084e-05
5.84003e-05
5.76158e-05
5.67342e-05
5.57764e-05
5.4809e-05
5.38067e-05
5.28327e-05
5.15664e-05
4.92397e-05
4.47844e-05
3.70587e-05
2.51292e-05
1.39177e-05
1.22226e-05
1.74072e-05
2.64806e-05
1.48218e-05
1.54246e-05
2.32078e-05
2.33634e-05
1.88772e-05
1.75227e-05
1.97622e-05
2.2995e-05
2.67185e-05
3.09701e-05
3.55634e-05
4.00849e-05
4.41017e-05
4.76375e-05
5.07017e-05
5.32719e-05
5.53416e-05
5.69631e-05
5.81611e-05
5.89544e-05
5.93585e-05
5.93526e-05
5.91849e-05
5.88076e-05
5.81814e-05
5.74326e-05
5.65941e-05
5.56774e-05
5.46885e-05
5.35538e-05
5.25325e-05
5.13243e-05
4.92985e-05
4.51627e-05
3.76483e-05
2.59391e-05
1.4218e-05
1.20647e-05
1.77768e-05
2.67561e-05
1.44313e-05
1.45695e-05
2.12814e-05
2.29871e-05
1.9201e-05
1.73528e-05
1.92918e-05
2.24421e-05
2.60136e-05
3.00795e-05
3.43501e-05
3.86984e-05
4.27657e-05
4.63588e-05
4.94369e-05
5.20162e-05
5.41405e-05
5.58287e-05
5.71008e-05
5.79696e-05
5.84626e-05
5.85298e-05
5.84048e-05
5.80885e-05
5.75268e-05
5.67995e-05
5.59459e-05
5.49968e-05
5.40177e-05
5.31591e-05
5.22742e-05
5.10922e-05
4.92597e-05
4.53503e-05
3.80403e-05
2.63046e-05
1.43809e-05
1.18958e-05
1.80931e-05
2.70069e-05
1.38104e-05
1.41641e-05
1.95832e-05
2.25245e-05
2.00778e-05
1.78557e-05
1.88349e-05
2.16884e-05
2.50096e-05
2.88301e-05
3.2803e-05
3.68865e-05
4.0855e-05
4.44569e-05
4.75855e-05
5.02457e-05
5.24421e-05
5.4198e-05
5.55395e-05
5.64865e-05
5.70782e-05
5.72446e-05
5.71679e-05
5.69252e-05
5.64592e-05
5.57928e-05
5.49843e-05
5.40599e-05
5.30782e-05
5.20966e-05
5.12872e-05
5.04336e-05
4.88277e-05
4.50546e-05
3.78426e-05
2.63955e-05
1.43939e-05
1.16618e-05
1.84889e-05
2.72408e-05
1.29576e-05
1.39831e-05
1.83739e-05
2.15045e-05
2.00264e-05
1.7682e-05
1.82044e-05
2.08747e-05
2.40075e-05
2.75224e-05
3.11749e-05
3.49258e-05
3.8647e-05
4.21463e-05
4.52783e-05
4.79754e-05
5.02298e-05
5.20533e-05
5.34686e-05
5.44944e-05
5.51907e-05
5.54826e-05
5.54606e-05
5.53049e-05
5.49623e-05
5.43823e-05
5.36476e-05
5.27845e-05
5.18766e-05
5.09909e-05
5.02986e-05
4.94698e-05
4.81306e-05
4.45734e-05
3.73321e-05
2.62905e-05
1.42829e-05
1.14145e-05
1.88557e-05
2.74629e-05
1.18669e-05
1.37758e-05
1.73519e-05
2.10302e-05
2.0839e-05
1.85668e-05
1.80008e-05
1.98649e-05
2.26643e-05
2.58281e-05
2.92127e-05
3.26618e-05
3.61175e-05
3.94481e-05
4.25107e-05
4.5208e-05
4.75015e-05
4.93863e-05
5.08793e-05
5.19859e-05
5.28018e-05
5.32252e-05
5.32675e-05
5.32237e-05
5.30321e-05
5.25587e-05
5.19287e-05
5.11634e-05
5.03724e-05
4.95861e-05
4.90573e-05
4.83491e-05
4.71887e-05
4.37076e-05
3.62702e-05
2.56613e-05
1.39959e-05
1.1123e-05
1.92558e-05
2.76773e-05
1.05339e-05
1.32877e-05
1.68066e-05
1.95738e-05
2.02053e-05
1.86625e-05
1.76318e-05
1.89735e-05
2.15668e-05
2.43464e-05
2.72691e-05
3.0324e-05
3.34085e-05
3.64478e-05
3.93347e-05
4.19616e-05
4.42584e-05
4.61907e-05
4.77662e-05
4.89522e-05
4.99666e-05
5.03809e-05
5.05795e-05
5.07411e-05
5.06663e-05
5.03258e-05
4.98388e-05
4.9215e-05
4.86021e-05
4.79642e-05
4.76326e-05
4.69464e-05
4.58897e-05
4.24557e-05
3.48434e-05
2.47114e-05
1.35305e-05
1.08112e-05
1.96276e-05
2.7887e-05
9.01692e-06
1.33497e-05
1.62933e-05
2.02782e-05
2.07816e-05
1.94775e-05
1.79947e-05
1.80482e-05
2.00678e-05
2.26826e-05
2.5278e-05
2.79065e-05
3.06232e-05
3.33346e-05
3.5959e-05
3.84152e-05
4.06319e-05
4.25553e-05
4.41812e-05
4.54717e-05
4.66241e-05
4.70103e-05
4.74559e-05
4.78605e-05
4.7881e-05
4.77084e-05
4.74108e-05
4.69761e-05
4.65995e-05
4.61313e-05
4.60007e-05
4.523e-05
4.41761e-05
4.05295e-05
3.27558e-05
2.32393e-05
1.27717e-05
1.04826e-05
2.0012e-05
2.80955e-05
7.40358e-06
1.29019e-05
1.5987e-05
1.82196e-05
2.07674e-05
1.98358e-05
1.84097e-05
1.7698e-05
1.88658e-05
2.11102e-05
2.34377e-05
2.56405e-05
2.78254e-05
3.00977e-05
3.23962e-05
3.46195e-05
3.67067e-05
3.85541e-05
4.02485e-05
4.16064e-05
4.26511e-05
4.33398e-05
4.40246e-05
4.45232e-05
4.47368e-05
4.47644e-05
4.47007e-05
4.4497e-05
4.43924e-05
4.40725e-05
4.40812e-05
4.30267e-05
4.17144e-05
3.80402e-05
3.01082e-05
2.12887e-05
1.18165e-05
1.01449e-05
2.03876e-05
2.83068e-05
5.91018e-06
1.21641e-05
1.65069e-05
1.79731e-05
2.07015e-05
2.07989e-05
1.93419e-05
1.81336e-05
1.79463e-05
1.95059e-05
2.16528e-05
2.37173e-05
2.55649e-05
2.73231e-05
2.90879e-05
3.09147e-05
3.26903e-05
3.44807e-05
3.59864e-05
3.73926e-05
3.84576e-05
3.93941e-05
4.02841e-05
4.08901e-05
4.13251e-05
4.15693e-05
4.1771e-05
4.18186e-05
4.19525e-05
4.16699e-05
4.13348e-05
3.96904e-05
3.85218e-05
3.45422e-05
2.6742e-05
1.86855e-05
1.07457e-05
9.87649e-06
2.0758e-05
2.85244e-05
4.71778e-06
1.12901e-05
1.64048e-05
1.81027e-05
1.93793e-05
2.16353e-05
2.03023e-05
1.90018e-05
1.80103e-05
1.82525e-05
1.974e-05
2.16247e-05
2.34401e-05
2.50631e-05
2.65487e-05
2.793e-05
2.94094e-05
3.08138e-05
3.20747e-05
3.33771e-05
3.44324e-05
3.54942e-05
3.64481e-05
3.71536e-05
3.77778e-05
3.82069e-05
3.86263e-05
3.86082e-05
3.85914e-05
3.78561e-05
3.73545e-05
3.57103e-05
3.45498e-05
2.96749e-05
2.27442e-05
1.55516e-05
9.42536e-06
9.66665e-06
2.1099e-05
2.87508e-05
4.44209e-06
1.01999e-05
1.61162e-05
1.86446e-05
1.94441e-05
2.09704e-05
2.18613e-05
2.05227e-05
1.94638e-05
1.86234e-05
1.87986e-05
1.98366e-05
2.12066e-05
2.26172e-05
2.40037e-05
2.52792e-05
2.66038e-05
2.78099e-05
2.88794e-05
2.98388e-05
3.08425e-05
3.18301e-05
3.2675e-05
3.33369e-05
3.39306e-05
3.42143e-05
3.4447e-05
3.42412e-05
3.41259e-05
3.32494e-05
3.26948e-05
3.05512e-05
2.87384e-05
2.33698e-05
1.78595e-05
1.2301e-05
8.31253e-06
9.35682e-06
2.13975e-05
2.89942e-05
4.43902e-06
9.49206e-06
1.55446e-05
1.85374e-05
1.97923e-05
2.07179e-05
2.21391e-05
2.22507e-05
2.10271e-05
2.0049e-05
1.92495e-05
1.92142e-05
1.97451e-05
2.05481e-05
2.14937e-05
2.24444e-05
2.34198e-05
2.4439e-05
2.54356e-05
2.62769e-05
2.69114e-05
2.76511e-05
2.83517e-05
2.87848e-05
2.91744e-05
2.92159e-05
2.9221e-05
2.86569e-05
2.81205e-05
2.67812e-05
2.56011e-05
2.30758e-05
2.06069e-05
1.62107e-05
1.28764e-05
9.79905e-06
6.97773e-06
9.38377e-06
2.1708e-05
2.92825e-05
4.46003e-06
1.0107e-05
1.54636e-05
1.89464e-05
2.10206e-05
2.17895e-05
2.27308e-05
2.40166e-05
2.42343e-05
2.31234e-05
2.20329e-05
2.0885e-05
2.04133e-05
2.02919e-05
2.0404e-05
2.06204e-05
2.09082e-05
2.12e-05
2.1576e-05
2.18421e-05
2.21572e-05
2.22187e-05
2.22649e-05
2.22388e-05
2.21503e-05
2.17011e-05
2.12368e-05
2.03251e-05
1.94354e-05
1.79204e-05
1.6508e-05
1.45008e-05
1.28499e-05
1.08712e-05
9.00804e-06
7.0513e-06
6.26342e-06
9.98316e-06
2.20795e-05
2.96601e-05
5.16295e-06
9.315e-06
1.33925e-05
1.69475e-05
1.98772e-05
2.20072e-05
2.33375e-05
2.47499e-05
2.63038e-05
2.74819e-05
2.72965e-05
2.66408e-05
2.53796e-05
2.3867e-05
2.23567e-05
2.0832e-05
1.95065e-05
1.81216e-05
1.70911e-05
1.61287e-05
1.54132e-05
1.45619e-05
1.38913e-05
1.31883e-05
1.25646e-05
1.17738e-05
1.11835e-05
1.03632e-05
9.54372e-06
8.67318e-06
7.9481e-06
7.15909e-06
6.5894e-06
5.94152e-06
5.66395e-06
5.76593e-06
7.05734e-06
1.19576e-05
2.3546e-05
3.02548e-05
6.68444e-06
5.52646e-06
7.64716e-06
1.02775e-05
1.28485e-05
1.50143e-05
1.65008e-05
1.73261e-05
1.76311e-05
1.78909e-05
1.74783e-05
1.66218e-05
1.5509e-05
1.42728e-05
1.30413e-05
1.1865e-05
1.07958e-05
9.85255e-06
9.00502e-06
8.22071e-06
7.61901e-06
7.07473e-06
6.66781e-06
6.28162e-06
6.05385e-06
5.835e-06
5.68774e-06
5.61075e-06
5.58192e-06
5.66011e-06
5.76163e-06
6.03234e-06
6.36528e-06
6.94085e-06
7.67958e-06
8.91689e-06
1.10005e-05
1.60747e-05
2.54798e-05
3.1095e-05
1.06568e-05
7.83875e-06
9.81402e-06
1.07186e-05
1.11883e-05
1.14664e-05
1.16013e-05
1.16542e-05
1.15323e-05
1.14306e-05
1.12952e-05
1.11155e-05
1.09208e-05
1.07401e-05
1.05712e-05
1.04606e-05
1.03603e-05
1.03549e-05
1.03702e-05
1.04163e-05
1.05215e-05
1.06718e-05
1.08623e-05
1.11054e-05
1.13812e-05
1.17266e-05
1.20961e-05
1.25582e-05
1.30394e-05
1.36516e-05
1.42563e-05
1.50286e-05
1.57359e-05
1.66832e-05
1.75582e-05
1.89225e-05
2.0441e-05
2.39125e-05
2.778e-05
3.24856e-05
2.69538e-05
3.35704e-05
3.68798e-05
3.81086e-05
3.85295e-05
3.85097e-05
3.83568e-05
3.80161e-05
3.75782e-05
3.71207e-05
3.66759e-05
3.62603e-05
3.58798e-05
3.55362e-05
3.52264e-05
3.49485e-05
3.4698e-05
3.44728e-05
3.42696e-05
3.40862e-05
3.39209e-05
3.37725e-05
3.36399e-05
3.35225e-05
3.342e-05
3.33315e-05
3.32585e-05
3.31986e-05
3.31567e-05
3.31259e-05
3.31188e-05
3.31238e-05
3.3127e-05
3.31646e-05
3.31988e-05
3.32804e-05
3.34436e-05
3.36496e-05
3.46685e-05
3.41835e-05
)
;

boundaryField
{
    movingWall
    {
        type            nutkWallFunction;
        blending        stepwise;
        value           uniform 0;
    }
    fixedWalls
    {
        type            nutkWallFunction;
        blending        stepwise;
        value           uniform 0;
    }
    frontAndBack
    {
        type            empty;
    }
}


// ************************************************************************* //
