/*--------------------------------*- C++ -*----------------------------------*\
| =========                 |                                                 |
| \\      /  F ield         | OpenFOAM: The Open Source CFD Toolbox           |
|  \\    /   O peration     | Version:  2412                                  |
|   \\  /    A nd           | Website:  www.openfoam.com                      |
|    \\/     M anipulation  |                                                 |
\*---------------------------------------------------------------------------*/
FoamFile
{
    version     2.0;
    format      ascii;
    arch        "LSB;label=32;scalar=64";
    class       volScalarField;
    location    "5.5";
    object      p;
}
// * * * * * * * * * * * * * * * * * * * * * * * * * * * * * * * * * * * * * //

dimensions      [0 2 -2 0 0 0 0];

internalField   nonuniform List<scalar> 
1600
(
4.07715e-08
-2.02951e-05
-8.89555e-05
-0.000183046
-0.000273092
-0.000353784
-0.000442868
-0.000558598
-0.000708418
-0.000914795
-0.00120644
-0.00155597
-0.00193615
-0.0023961
-0.00298837
-0.00369685
-0.00449302
-0.00534021
-0.00617347
-0.00688429
-0.00732533
-0.00734402
-0.00684006
-0.00579094
-0.00422124
-0.00219501
0.000162004
0.0026525
0.00500312
0.00688446
0.0079949
0.00821018
0.00766166
0.0066145
0.00551368
0.00468008
0.00423902
0.00415506
0.00422407
0.00429811
-1.28268e-05
-4.4727e-05
-0.000118173
-0.000206494
-0.000275168
-0.000326884
-0.000391483
-0.000485999
-0.00060469
-0.000752648
-0.000983132
-0.00134663
-0.00182438
-0.0024149
-0.00316341
-0.00407975
-0.00511429
-0.00615719
-0.00708206
-0.00777934
-0.00814944
-0.00810997
-0.00761197
-0.0066365
-0.00517712
-0.0032768
-0.00103778
0.00136649
0.00368417
0.00560358
0.00683169
0.00721863
0.00683404
0.00595288
0.00496497
0.00422643
0.00390196
0.00393115
0.00409179
0.00420123
-1.54363e-05
-7.29922e-05
-0.000164694
-0.000247075
-0.000291897
-0.000306516
-0.000332203
-0.000401117
-0.000533368
-0.000742618
-0.00107842
-0.00161488
-0.00237824
-0.00333604
-0.00443807
-0.005626
-0.00681904
-0.00792384
-0.00884499
-0.00949496
-0.00981221
-0.00975295
-0.00927791
-0.00836145
-0.00700793
-0.0052452
-0.00313128
-0.000794994
0.00155191
0.00363079
0.0051496
0.00590539
0.0058919
0.00532656
0.00456174
0.00394812
0.00365977
0.00367855
0.00385364
0.00397242
1.64647e-05
-7.4308e-05
-0.000189738
-0.000264774
-0.000284569
-0.000288686
-0.00031803
-0.000411133
-0.000635754
-0.00107158
-0.00176174
-0.0027161
-0.00388954
-0.00520402
-0.00656943
-0.00790744
-0.00914413
-0.0102274
-0.0111
-0.0117027
-0.0119897
-0.0119467
-0.0115623
-0.0107986
-0.00963202
-0.00807645
-0.00616869
-0.00398451
-0.00165793
0.000606863
0.00254959
0.0039123
0.00455339
0.00455253
0.00419137
0.00379282
0.00356739
0.00355954
0.0036761
0.00373833
0.000146013
1.07987e-05
-0.000120937
-0.000198564
-0.000230379
-0.000265876
-0.000379158
-0.000649793
-0.00117147
-0.00201324
-0.00316432
-0.00455589
-0.0060811
-0.00764103
-0.00914638
-0.0105349
-0.0117605
-0.0127885
-0.0135875
-0.0141298
-0.0144
-0.0143814
-0.0140564
-0.0134205
-0.0124699
-0.0111954
-0.00960731
-0.00772344
-0.0055961
-0.00332846
-0.00108681
0.000905244
0.00241136
0.00329617
0.00364086
0.00366115
0.00358735
0.00358141
0.00358799
0.0035641
0.000423452
0.000230565
7.96211e-05
-3.03006e-05
-0.00012861
-0.000297014
-0.000637795
-0.00125982
-0.00223362
-0.00355671
-0.00514449
-0.0068737
-0.00861931
-0.0102827
-0.0118011
-0.0131338
-0.0142606
-0.0151668
-0.0158437
-0.0162804
-0.0164706
-0.0164234
-0.0161432
-0.015626
-0.0148691
-0.013869
-0.0126226
-0.0111207
-0.0093562
-0.0073374
-0.00511265
-0.00279499
-0.000575057
0.00129566
0.00260998
0.00333018
0.00358056
0.00360016
0.0035164
0.00341207
0.000836509
0.000591018
0.000391598
0.000207523
-4.14152e-05
-0.000465122
-0.00118041
-0.00227664
-0.00375508
-0.00552412
-0.00743899
-0.00935255
-0.0111548
-0.0127763
-0.0141858
-0.0153711
-0.0163364
-0.0170886
-0.017635
-0.017977
-0.0181174
-0.0180613
-0.0178104
-0.0173687
-0.0167426
-0.015934
-0.0149425
-0.0137612
-0.0123684
-0.0107262
-0.00879089
-0.00654309
-0.00403836
-0.00145963
0.000856307
0.00253459
0.00337748
0.00352106
0.00338344
0.0032137
0.00132278
0.00102179
0.000741203
0.000422324
-6.54646e-05
-0.000855927
-0.00204814
-0.00365926
-0.00559232
-0.00768448
-0.00976481
-0.0117042
-0.0134301
-0.0149151
-0.0161617
-0.017185
-0.0180055
-0.0186398
-0.0190989
-0.0193878
-0.019508
-0.0194571
-0.0192347
-0.0188457
-0.0182994
-0.0176023
-0.0167604
-0.0157765
-0.0146391
-0.0133132
-0.0117321
-0.00980158
-0.00743385
-0.00463386
-0.00163348
0.00103344
0.00274241
0.00327896
0.00318489
0.0029281
0.00177287
0.00139708
0.0010012
0.000495917
-0.000307089
-0.0015391
-0.00323552
-0.0053051
-0.00756578
-0.0098214
-0.0119172
-0.0137687
-0.0153514
-0.0166774
-0.0177755
-0.0186753
-0.0194011
-0.0199676
-0.0203822
-0.0206478
-0.0207631
-0.0207239
-0.0205291
-0.0201824
-0.019691
-0.0190616
-0.018303
-0.0174239
-0.0164258
-0.0152914
-0.0139714
-0.0123718
-0.0103495
-0.00775289
-0.00457302
-0.00120482
0.00149334
0.00279889
0.00290701
0.00250075
0.00202833
0.00157661
0.00104225
0.000312251
-0.00085171
-0.00253572
-0.00467572
-0.00707796
-0.009514
-0.0117915
-0.013801
-0.0155121
-0.0169438
-0.0181352
-0.0191265
-0.0199485
-0.0206208
-0.0211527
-0.0215471
-0.0218043
-0.0219221
-0.0218972
-0.0217283
-0.021418
-0.0209709
-0.0203921
-0.0196889
-0.01887
-0.0179422
-0.0169035
-0.0157309
-0.0143613
-0.0126691
-0.0104567
-0.00752649
-0.00394327
-0.000406715
0.00190625
0.00242464
0.00188999
0.00197892
0.00144648
0.000766119
-0.000206278
-0.00172477
-0.003802
-0.00626562
-0.00885552
-0.0113296
-0.0135299
-0.0154043
-0.0169702
-0.0182755
-0.0193701
-0.0202931
-0.0210698
-0.0217127
-0.0222267
-0.0226122
-0.0228679
-0.0229918
-0.0229816
-0.0228363
-0.0225578
-0.0221485
-0.0216122
-0.020954
-0.02018
-0.0192966
-0.0183075
-0.017207
-0.0159649
-0.0145006
-0.012649
-0.0101521
-0.00679264
-0.00283519
0.000462616
0.00162059
0.00116632
0.00154543
0.000949402
0.000131122
-0.00106848
-0.00288589
-0.00525018
-0.00790288
-0.0105485
-0.0129584
-0.0150283
-0.0167588
-0.0181996
-0.0194105
-0.0204404
-0.0213213
-0.0220709
-0.0226966
-0.0232004
-0.0235816
-0.0238384
-0.0239695
-0.0239733
-0.023849
-0.023598
-0.0232216
-0.0227223
-0.0221034
-0.0213688
-0.0205228
-0.0195693
-0.0185097
-0.0173343
-0.0160024
-0.0144072
-0.0123287
-0.00942826
-0.005534
-0.00151309
0.000538691
0.000340671
0.00072989
9.528e-05
-0.000835868
-0.00221793
-0.00424928
-0.00678283
-0.0095018
-0.0120995
-0.0143844
-0.0163077
-0.0179079
-0.0192499
-0.0203934
-0.02138
-0.0222334
-0.0229651
-0.023579
-0.0240757
-0.0244544
-0.0247132
-0.0248512
-0.0248673
-0.0247612
-0.0245339
-0.024186
-0.0237192
-0.0231357
-0.0224376
-0.0216275
-0.0207081
-0.019682
-0.0185491
-0.0172942
-0.0158601
-0.0140985
-0.0116919
-0.00820385
-0.00387397
-0.000873081
-0.000717026
-0.000394977
-0.00104128
-0.00205123
-0.00355739
-0.00571102
-0.00830798
-0.0109962
-0.0134792
-0.0156142
-0.0173976
-0.0188886
-0.0201549
-0.0212497
-0.0222053
-0.0230386
-0.0237565
-0.024361
-0.024852
-0.0252287
-0.0254895
-0.0256335
-0.0256604
-0.0255697
-0.0253625
-0.0250391
-0.0246008
-0.0240489
-0.0233848
-0.0226099
-0.0217259
-0.020735
-0.0196402
-0.0184395
-0.0171075
-0.0155595
-0.0135684
-0.0106331
-0.00643035
-0.0026985
-0.00210585
-0.00171433
-0.00234733
-0.00340128
-0.00497447
-0.00717058
-0.00974834
-0.0123405
-0.0146773
-0.016663
-0.0183235
-0.0197261
-0.0209343
-0.0219919
-0.0229234
-0.02374
-0.024446
-0.0250422
-0.0255282
-0.025903
-0.0261653
-0.0263145
-0.0263503
-0.0262725
-0.0260822
-0.0257797
-0.025366
-0.0248423
-0.0242094
-0.0234683
-0.0226202
-0.0216669
-0.0206123
-0.0194602
-0.0182038
-0.016802
-0.015119
-0.0127254
-0.00896815
-0.00491697
-0.00385205
-0.00310032
-0.00370114
-0.00476994
-0.00636119
-0.00854082
-0.0110458
-0.0135085
-0.0156944
-0.0175451
-0.0191029
-0.020435
-0.0215974
-0.0226251
-0.0235361
-0.024338
-0.0250333
-0.0256219
-0.0261032
-0.0264762
-0.0267395
-0.0268928
-0.0269359
-0.0268687
-0.0266924
-0.0264073
-0.0260145
-0.0255152
-0.0249103
-0.0242007
-0.0233877
-0.0224731
-0.0214612
-0.0203585
-0.0191684
-0.0178766
-0.0164127
-0.0144734
-0.0113116
-0.00737949
-0.00587175
-0.00443467
-0.00499107
-0.00605126
-0.00762811
-0.00975519
-0.0121604
-0.0144867
-0.0165343
-0.0182707
-0.0197455
-0.0210216
-0.0221472
-0.0231499
-0.0240431
-0.0248319
-0.0255175
-0.0260993
-0.0265764
-0.0269475
-0.0272116
-0.0273681
-0.0274169
-0.0273581
-0.0271929
-0.0269218
-0.0265462
-0.0260674
-0.0254868
-0.0248056
-0.0240253
-0.0231483
-0.0221794
-0.0211266
-0.0199991
-0.0188001
-0.017499
-0.0159117
-0.0133464
-0.0098695
-0.00799782
-0.00561838
-0.00612528
-0.00716416
-0.00870764
-0.010766
-0.0130683
-0.0152695
-0.0172005
-0.0188455
-0.0202553
-0.0214875
-0.0225834
-0.0235653
-0.0244432
-0.0252205
-0.0258977
-0.0264736
-0.026947
-0.0273166
-0.0275811
-0.0277399
-0.027793
-0.0277406
-0.0275838
-0.0273234
-0.0269612
-0.0264988
-0.0259382
-0.0252811
-0.0245298
-0.0236874
-0.0227595
-0.021755
-0.0206866
-0.0195704
-0.0183969
-0.0170763
-0.0150392
-0.0122003
-0.0100141
-0.00657668
-0.00703727
-0.00805341
-0.00955763
-0.0115456
-0.0137533
-0.0158522
-0.0176939
-0.0192711
-0.0206328
-0.021832
-0.0229046
-0.0238694
-0.0247346
-0.0255025
-0.0261728
-0.026744
-0.0272146
-0.0275829
-0.0278477
-0.0280082
-0.0280643
-0.0280162
-0.0278652
-0.0276123
-0.0272595
-0.0268091
-0.0262636
-0.0256256
-0.0248982
-0.0240854
-0.0231937
-0.0222334
-0.0212189
-0.0201774
-0.0191059
-0.0179878
-0.0163971
-0.0142195
-0.0117819
-0.00726116
-0.00768549
-0.00868756
-0.0101559
-0.0120776
-0.0142118
-0.0162346
-0.0180157
-0.0195482
-0.0208775
-0.0220533
-0.0231087
-0.0240606
-0.0249161
-0.0256768
-0.0263421
-0.02691
-0.0273787
-0.0277464
-0.0280114
-0.028173
-0.0282309
-0.0281852
-0.0280374
-0.0277885
-0.0274411
-0.0269979
-0.0264621
-0.0258371
-0.0251271
-0.0243372
-0.0234749
-0.0225522
-0.0215845
-0.0206077
-0.0196156
-0.0186446
-0.0174046
-0.0157619
-0.0133584
-0.0076464
-0.00805856
-0.00905304
-0.0104934
-0.0123586
-0.0144441
-0.0164211
-0.0181676
-0.0196751
-0.0209859
-0.0221478
-0.0231926
-0.0241363
-0.0249857
-0.0257422
-0.0264048
-0.0269713
-0.0274395
-0.0278073
-0.0280728
-0.028235
-0.0282935
-0.0282485
-0.0281011
-0.027853
-0.0275067
-0.0270656
-0.0265336
-0.0259149
-0.0252146
-0.0244391
-0.0235973
-0.0227028
-0.0217718
-0.0208468
-0.0199134
-0.0190487
-0.0180564
-0.0167685
-0.0147497
-0.00774156
-0.00815764
-0.00915302
-0.0105748
-0.0124016
-0.0144502
-0.016414
-0.0181494
-0.0196487
-0.020954
-0.0221116
-0.0231528
-0.0240938
-0.0249413
-0.025697
-0.0263596
-0.0269269
-0.0273963
-0.0277654
-0.0280318
-0.0281945
-0.0282528
-0.0282066
-0.0280572
-0.0278062
-0.0274567
-0.0270125
-0.0264778
-0.0258581
-0.0251591
-0.0243884
-0.0235562
-0.0226778
-0.0217702
-0.0208824
-0.0199879
-0.0192032
-0.0183752
-0.0173156
-0.0158001
-0.00758712
-0.00800946
-0.0090076
-0.0104185
-0.0122202
-0.0142406
-0.0162103
-0.0179559
-0.0194654
-0.020779
-0.0219423
-0.0229873
-0.0239313
-0.0247818
-0.0255405
-0.0262065
-0.0267772
-0.0272499
-0.0276216
-0.0278898
-0.0280529
-0.0281102
-0.0280612
-0.0279072
-0.02765
-0.0272925
-0.0268392
-0.026295
-0.0256659
-0.0249588
-0.0241824
-0.0233477
-0.0224715
-0.0215717
-0.0207037
-0.0198245
-0.0191081
-0.0183778
-0.0174852
-0.016406
-0.00725036
-0.00765837
-0.00865396
-0.0100531
-0.0118274
-0.0138276
-0.0158078
-0.0175806
-0.0191189
-0.0204562
-0.0216365
-0.0226937
-0.0236472
-0.0245058
-0.025272
-0.025945
-0.0265223
-0.0270007
-0.027377
-0.0276482
-0.0278122
-0.0278681
-0.027815
-0.027654
-0.027387
-0.027017
-0.0265486
-0.0259874
-0.0253397
-0.0246139
-0.0238195
-0.0229688
-0.0220796
-0.0211715
-0.0202988
-0.0194104
-0.018762
-0.0180678
-0.0173322
-0.0165456
-0.00680378
-0.00716571
-0.00813609
-0.00951049
-0.0112459
-0.0132225
-0.0152128
-0.0170228
-0.0186043
-0.0199795
-0.0211889
-0.0222678
-0.0232382
-0.0241111
-0.0248901
-0.0255748
-0.0261625
-0.0266498
-0.0270331
-0.0273089
-0.0274747
-0.0275291
-0.0274708
-0.0273007
-0.0270205
-0.0266334
-0.026144
-0.025558
-0.0248827
-0.0241265
-0.0233007
-0.0224188
-0.0215002
-0.0205654
-0.0196698
-0.0187678
-0.0181342
-0.0174469
-0.0168659
-0.016246
-0.00631274
-0.00660063
-0.0075018
-0.00882852
-0.0105085
-0.0124438
-0.0144335
-0.0162818
-0.0179158
-0.0193411
-0.0205919
-0.0217034
-0.0227
-0.023595
-0.0243935
-0.0250955
-0.0256986
-0.0261989
-0.0265924
-0.0268752
-0.0270441
-0.0270973
-0.0270331
-0.0268519
-0.0265554
-0.0261463
-0.0256295
-0.0250108
-0.0242977
-0.0234995
-0.0226283
-0.021699
-0.0207328
-0.0197523
-0.0188146
-0.0178764
-0.0172448
-0.0165369
-0.0160847
-0.0155524
-0.00582705
-0.00602643
-0.00681054
-0.00805432
-0.00965143
-0.0115149
-0.013479
-0.0153546
-0.0170436
-0.0185292
-0.0198345
-0.0209916
-0.022026
-0.0229531
-0.0237795
-0.0245063
-0.025131
-0.0256496
-0.0260575
-0.0263504
-0.0265245
-0.0265774
-0.0265071
-0.0263133
-0.0259974
-0.0255617
-0.025011
-0.0243511
-0.0235896
-0.0227365
-0.021805
-0.0208112
-0.0197787
-0.0187321
-0.0177322
-0.0167384
-0.016096
-0.0153489
-0.0150132
-0.0145115
-0.00538135
-0.00549405
-0.00612075
-0.00723269
-0.00870898
-0.0104621
-0.0123626
-0.0142397
-0.0159758
-0.0175281
-0.0189013
-0.0201194
-0.0212063
-0.0221784
-0.0230441
-0.0238052
-0.0244596
-0.0250032
-0.0254311
-0.0257383
-0.0259206
-0.025975
-0.025899
-0.0256915
-0.0253532
-0.0248865
-0.0242955
-0.0235858
-0.0227649
-0.0218434
-0.0208354
-0.0197589
-0.0186401
-0.0175064
-0.0164233
-0.0153565
-0.0146882
-0.0138826
-0.0136852
-0.0131609
-0.00499903
-0.00503653
-0.00547782
-0.00640874
-0.00771603
-0.00931271
-0.0111008
-0.0129392
-0.0147017
-0.0163193
-0.0177721
-0.0190686
-0.0202264
-0.0212608
-0.0221807
-0.0229887
-0.0236835
-0.024261
-0.0247159
-0.025043
-0.0252375
-0.0252961
-0.0252155
-0.0249938
-0.024631
-0.024129
-0.0234914
-0.0227231
-0.0218316
-0.0208277
-0.0197265
-0.018548
-0.0173223
-0.0160803
-0.0148935
-0.0137378
-0.0130304
-0.0121544
-0.0120827
-0.0114921
-0.00468744
-0.0046617
-0.00491279
-0.00562504
-0.00671229
-0.00809751
-0.00971607
-0.0114623
-0.0132154
-0.0148851
-0.0164235
-0.0178161
-0.0190667
-0.0201851
-0.0211787
-0.0220506
-0.0227998
-0.0234227
-0.023914
-0.0242683
-0.0244806
-0.0245471
-0.0244638
-0.0242281
-0.0238394
-0.0232986
-0.0226082
-0.021773
-0.0207996
-0.0196993
-0.018488
-0.0171884
-0.0158356
-0.0144643
-0.0131551
-0.0118987
-0.0111445
-0.010186
-0.0101808
-0.00947088
-0.00443548
-0.00434922
-0.00444661
-0.00491831
-0.00573524
-0.00684773
-0.00823373
-0.00982533
-0.0115196
-0.0132144
-0.0148347
-0.016337
-0.0177036
-0.0189317
-0.0200236
-0.020981
-0.021803
-0.0224862
-0.023026
-0.023417
-0.0236544
-0.0237339
-0.023651
-0.0234027
-0.0229876
-0.0224053
-0.0216571
-0.0207472
-0.0196819
-0.0184723
-0.0171354
-0.0156971
-0.0141975
-0.0126766
-0.0112283
-0.00986419
-0.00905827
-0.0079921
-0.00804593
-0.00714561
-0.00420548
-0.00408258
-0.00409355
-0.00431772
-0.00481456
-0.00559632
-0.00668362
-0.00805415
-0.00963079
-0.0113107
-0.012996
-0.0146128
-0.0161151
-0.0174798
-0.0186983
-0.0197673
-0.0206846
-0.0214471
-0.0220507
-0.0224908
-0.0227625
-0.0228616
-0.0227837
-0.0225256
-0.022085
-0.0214602
-0.0206515
-0.0196619
-0.0184975
-0.0171694
-0.015695
-0.0141031
-0.0124383
-0.0107484
-0.00914264
-0.00766041
-0.006785
-0.00558866
-0.00576829
-0.00466588
-0.00398259
-0.00388623
-0.0038454
-0.00383654
-0.00397812
-0.00437293
-0.00509871
-0.00618499
-0.00758473
-0.00920183
-0.0109227
-0.0126452
-0.0142928
-0.0158164
-0.0171892
-0.0183981
-0.0194368
-0.0203008
-0.0209867
-0.0214906
-0.0218083
-0.0219359
-0.0218696
-0.0216066
-0.0211434
-0.0204784
-0.0196105
-0.0185412
-0.0172761
-0.0158258
-0.0142082
-0.0124546
-0.0106118
-0.00873667
-0.0069521
-0.00532148
-0.00431061
-0.00291837
-0.00330105
-0.00191822
-0.00380534
-0.00376132
-0.00366711
-0.00344896
-0.00322814
-0.00319565
-0.00351268
-0.00426518
-0.00543989
-0.0069489
-0.00866928
-0.0104756
-0.0122628
-0.0139543
-0.015501
-0.0168743
-0.0180594
-0.0190486
-0.0198374
-0.0204221
-0.0207995
-0.0209669
-0.020922
-0.0206623
-0.0201834
-0.0194847
-0.0185642
-0.0174223
-0.0160627
-0.0144959
-0.0127397
-0.0108262
-0.00880361
-0.00673663
-0.00475504
-0.00292654
-0.00166248
8.65494e-05
-0.000279918
0.00206644
-0.00365125
-0.00366546
-0.00351499
-0.00310719
-0.00253423
-0.00206749
-0.00196017
-0.00235775
-0.00328175
-0.00465211
-0.00633841
-0.0081985
-0.0101043
-0.0119549
-0.0136782
-0.0152277
-0.0165764
-0.0177099
-0.0186207
-0.0193043
-0.0197575
-0.0199791
-0.0199682
-0.0197231
-0.0192431
-0.0185236
-0.0175638
-0.0163639
-0.0149262
-0.0132594
-0.0113802
-0.00931891
-0.00712439
-0.00486553
-0.00267518
-0.000603009
0.00101579
0.0033249
0.00367336
0.00828341
-0.00341924
-0.00351881
-0.0033258
-0.00272227
-0.00182876
-0.000970439
-0.0004756
-0.000543056
-0.00122576
-0.00245479
-0.0040923
-0.00598134
-0.00797731
-0.00996056
-0.011841
-0.0135559
-0.0150654
-0.0163465
-0.017387
-0.01818
-0.018722
-0.0190122
-0.0190508
-0.0188375
-0.0183717
-0.0176512
-0.0166744
-0.0154414
-0.0139545
-0.0122186
-0.010245
-0.00805803
-0.00570187
-0.0032393
-0.000794288
0.00160816
0.00368834
0.00676488
0.00818199
0.0148296
-0.00338505
-0.0034369
-0.00309604
-0.00224778
-0.00105478
0.00011582
0.000919131
0.00110924
0.000616104
-0.000495252
-0.00208495
-0.00398885
-0.00605103
-0.00813934
-0.0101504
-0.012009
-0.0136641
-0.0150839
-0.0162499
-0.0171525
-0.0177885
-0.0181568
-0.0182574
-0.0180905
-0.0176564
-0.0169546
-0.0159852
-0.014747
-0.0132438
-0.0114772
-0.00945104
-0.0071722
-0.00466205
-0.00194918
0.000901086
0.00394225
0.00697469
0.0114377
0.0128013
0.017976
-0.00255503
-0.00262527
-0.00238589
-0.0015176
-0.00016168
0.00123723
0.0022517
0.00262358
0.00225887
0.00122646
-0.000330574
-0.00224839
-0.00436608
-0.00654311
-0.00866619
-0.01065
-0.0124349
-0.013981
-0.0152633
-0.0162701
-0.016997
-0.0174422
-0.0176057
-0.0174886
-0.0170924
-0.0164181
-0.0154669
-0.0142415
-0.0127418
-0.0109741
-0.00893446
-0.00660836
-0.00397961
-0.000988895
0.00249058
0.00677425
0.0119772
0.0195919
0.0205773
0.0253081
-0.00480387
-0.0046512
-0.00367143
-0.00185786
0.000153644
0.0018774
0.00302388
0.00347411
0.00317815
0.00220359
0.000682364
-0.00122913
-0.00337136
-0.00559844
-0.00778919
-0.00985068
-0.0117163
-0.0133416
-0.0146992
-0.0157743
-0.0165603
-0.0170551
-0.0172593
-0.0171753
-0.016806
-0.0161537
-0.0152207
-0.0140075
-0.0125108
-0.0107188
-0.00862692
-0.00621293
-0.00341307
-7.55717e-05
0.00410522
0.00987246
0.0179546
0.0303134
0.0371698
0.0680026
-0.00328935
0.000238865
0.000907223
0.00096246
0.00176683
0.00290116
0.00372185
0.00393936
0.0034934
0.00244588
0.000906257
-0.000994945
-0.00311696
-0.0053245
-0.0075011
-0.0095552
-0.0114192
-0.0130472
-0.0144115
-0.0154953
-0.0162899
-0.0167924
-0.017003
-0.0169235
-0.0165556
-0.015901
-0.0149601
-0.0137315
-0.0122104
-0.0103883
-0.00825279
-0.00577387
-0.00285368
0.000703176
0.00515524
0.0111792
0.0192347
0.0338512
0.057665
0.151953
)
;

boundaryField
{
    movingWall
    {
        type            zeroGradient;
    }
    fixedWalls
    {
        type            zeroGradient;
    }
    frontAndBack
    {
        type            empty;
    }
}


// ************************************************************************* //
