/*--------------------------------*- C++ -*----------------------------------*\
| =========                 |                                                 |
| \\      /  F ield         | OpenFOAM: The Open Source CFD Toolbox           |
|  \\    /   O peration     | Version:  2412                                  |
|   \\  /    A nd           | Website:  www.openfoam.com                      |
|    \\/     M anipulation  |                                                 |
\*---------------------------------------------------------------------------*/
FoamFile
{
    version     2.0;
    format      ascii;
    arch        "LSB;label=32;scalar=64";
    class       volVectorField;
    location    "5.5";
    object      U;
}
// * * * * * * * * * * * * * * * * * * * * * * * * * * * * * * * * * * * * * //

dimensions      [0 1 -1 0 0 0 0];

internalField   nonuniform List<vector> 
1600
(
(0.00135128 -0.00122241 0)
(0.00536285 -0.00155466 0)
(0.00904373 -0.00111243 0)
(0.0112162 -0.000379451 0)
(0.0117178 -4.60201e-05 0)
(0.011458 -0.000180944 0)
(0.0109096 -0.000401646 0)
(0.0100203 -0.000367314 0)
(0.00831474 -0.000100261 0)
(0.00486139 0.000366548 0)
(-0.00147587 0.000793516 0)
(-0.00989418 0.00172944 0)
(-0.0224919 0.00424724 0)
(-0.0400844 0.00759198 0)
(-0.0602695 0.0103936 0)
(-0.081977 0.0121803 0)
(-0.103782 0.0127228 0)
(-0.124184 0.0120038 0)
(-0.141821 0.0103261 0)
(-0.155783 0.00816109 0)
(-0.165713 0.0059061 0)
(-0.171637 0.00373675 0)
(-0.173816 0.00162802 0)
(-0.1724 -0.000534724 0)
(-0.167173 -0.00284151 0)
(-0.157999 -0.00530417 0)
(-0.144633 -0.0078562 0)
(-0.127031 -0.0103451 0)
(-0.105462 -0.0125507 0)
(-0.0807266 -0.0142103 0)
(-0.0542808 -0.0150011 0)
(-0.0279748 -0.0145569 0)
(-0.00357003 -0.0128123 0)
(0.0158445 -0.00965682 0)
(0.0291294 -0.00529984 0)
(0.0353421 -0.00047254 0)
(0.0337983 0.00366947 0)
(0.0252637 0.00616848 0)
(0.0131289 0.00552457 0)
(0.00330492 0.00380934 0)
(0.0021131 -0.0054534 0)
(0.0081302 -0.00699022 0)
(0.0124977 -0.00496391 0)
(0.0147213 -0.00205678 0)
(0.0144907 0.000140327 0)
(0.0121353 0.00114503 0)
(0.0079576 0.00190906 0)
(0.00153694 0.00347088 0)
(-0.0081583 0.00596913 0)
(-0.0224292 0.0101835 0)
(-0.0421061 0.0159142 0)
(-0.0660506 0.0224517 0)
(-0.0922462 0.0283635 0)
(-0.118594 0.0322054 0)
(-0.143408 0.0337166 0)
(-0.165318 0.0329988 0)
(-0.183442 0.0302419 0)
(-0.197627 0.0259884 0)
(-0.208342 0.0208648 0)
(-0.216191 0.0154082 0)
(-0.221343 0.00996157 0)
(-0.223949 0.00463572 0)
(-0.223749 -0.000670592 0)
(-0.220448 -0.00610042 0)
(-0.213808 -0.011734 0)
(-0.203644 -0.0176295 0)
(-0.18979 -0.0237343 0)
(-0.172037 -0.0297378 0)
(-0.150412 -0.0351596 0)
(-0.12527 -0.0392531 0)
(-0.0975203 -0.0410639 0)
(-0.0686148 -0.0396859 0)
(-0.0406002 -0.0345634 0)
(-0.0158651 -0.0261391 0)
(0.00382995 -0.0155875 0)
(0.0163332 -0.00436956 0)
(0.0225717 0.00592762 0)
(0.0215277 0.0131602 0)
(0.0136047 0.0156716 0)
(0.00348215 0.0123006 0)
(0.00280828 -0.0113848 0)
(0.00849307 -0.0125772 0)
(0.0111931 -0.00802823 0)
(0.0111749 -0.00211406 0)
(0.0082743 0.00258564 0)
(0.00217543 0.00601699 0)
(-0.00803068 0.0101303 0)
(-0.0226192 0.016238 0)
(-0.0423166 0.0242791 0)
(-0.0665877 0.0335495 0)
(-0.0942062 0.0427551 0)
(-0.122661 0.0502768 0)
(-0.149351 0.0548787 0)
(-0.172579 0.056056 0)
(-0.191899 0.0540789 0)
(-0.207239 0.049508 0)
(-0.219181 0.0432731 0)
(-0.228413 0.0361098 0)
(-0.235489 0.0285693 0)
(-0.240651 0.0209183 0)
(-0.244081 0.0132624 0)
(-0.245553 0.00555169 0)
(-0.245037 -0.00235025 0)
(-0.242455 -0.0106329 0)
(-0.237615 -0.019407 0)
(-0.23001 -0.0287116 0)
(-0.219324 -0.0384376 0)
(-0.205203 -0.0482505 0)
(-0.187267 -0.0574599 0)
(-0.165348 -0.0649546 0)
(-0.139625 -0.0692652 0)
(-0.110876 -0.0688075 0)
(-0.0806464 -0.0624489 0)
(-0.0514191 -0.0503603 0)
(-0.0263044 -0.0341195 0)
(-0.0074973 -0.0161721 0)
(0.0042312 0.000733928 0)
(0.00937788 0.0150031 0)
(0.00728106 0.0218129 0)
(0.00191689 0.0187994 0)
(0.00296405 -0.0173537 0)
(0.0061737 -0.015795 0)
(0.00579421 -0.00772586 0)
(0.00196343 0.00140674 0)
(-0.00518265 0.0094495 0)
(-0.0165588 0.0173162 0)
(-0.0330101 0.0263167 0)
(-0.0546786 0.0374898 0)
(-0.0811556 0.0500784 0)
(-0.109918 0.0620179 0)
(-0.138145 0.0712553 0)
(-0.163456 0.0763671 0)
(-0.184539 0.0771826 0)
(-0.201304 0.0741678 0)
(-0.214193 0.0682976 0)
(-0.223961 0.060548 0)
(-0.231443 0.0518 0)
(-0.23717 0.0426469 0)
(-0.241447 0.0334007 0)
(-0.244427 0.0241942 0)
(-0.24626 0.0149997 0)
(-0.247138 0.00569018 0)
(-0.246861 -0.00389059 0)
(-0.245321 -0.0139821 0)
(-0.24262 -0.0248414 0)
(-0.238519 -0.0365963 0)
(-0.232642 -0.0492566 0)
(-0.224334 -0.0625978 0)
(-0.212794 -0.075899 0)
(-0.197152 -0.087828 0)
(-0.176702 -0.0964184 0)
(-0.151219 -0.0993416 0)
(-0.1213 -0.0944417 0)
(-0.088797 -0.0806443 0)
(-0.0571709 -0.0591618 0)
(-0.0307927 -0.0339402 0)
(-0.0124521 -0.00944566 0)
(-0.00194027 0.011489 0)
(0.00132195 0.0234114 0)
(0.00030016 0.0215892 0)
(0.00180821 -0.0208479 0)
(0.00178915 -0.0153099 0)
(-0.0027144 -0.00313814 0)
(-0.010419 0.00928113 0)
(-0.0221035 0.0213806 0)
(-0.0387587 0.0340773 0)
(-0.060849 0.0485502 0)
(-0.0874169 0.0641857 0)
(-0.11583 0.0787472 0)
(-0.14305 0.0897337 0)
(-0.166681 0.0957167 0)
(-0.185675 0.0964789 0)
(-0.199966 0.0927806 0)
(-0.210226 0.0858773 0)
(-0.217274 0.0768981 0)
(-0.221989 0.0668687 0)
(-0.224939 0.0563846 0)
(-0.226579 0.0458734 0)
(-0.22723 0.0355219 0)
(-0.22718 0.025416 0)
(-0.226632 0.0154937 0)
(-0.225621 0.00560512 0)
(-0.224562 -0.00446951 0)
(-0.223588 -0.0149931 0)
(-0.222603 -0.0263366 0)
(-0.22173 -0.0389059 0)
(-0.220614 -0.0529731 0)
(-0.218811 -0.0685875 0)
(-0.215425 -0.0853202 0)
(-0.209085 -0.101985 0)
(-0.198044 -0.116427 0)
(-0.180639 -0.125569 0)
(-0.156014 -0.126001 0)
(-0.124689 -0.115067 0)
(-0.0891438 -0.0920921 0)
(-0.0546114 -0.0603356 0)
(-0.0272898 -0.0268218 0)
(-0.00969638 0.00198519 0)
(-0.00203161 0.0201446 0)
(-9.36873e-05 0.0213401 0)
(-0.000292033 -0.0209373 0)
(-0.00413545 -0.0104335 0)
(-0.0124686 0.0051808 0)
(-0.0241341 0.0213992 0)
(-0.0403405 0.0380427 0)
(-0.0615814 0.0559674 0)
(-0.0871624 0.0747329 0)
(-0.114488 0.0920526 0)
(-0.140441 0.105238 0)
(-0.16258 0.112561 0)
(-0.179681 0.113732 0)
(-0.191696 0.109667 0)
(-0.199278 0.101782 0)
(-0.203409 0.091562 0)
(-0.204984 0.0801158 0)
(-0.204781 0.068277 0)
(-0.203394 0.0565149 0)
(-0.201341 0.0451577 0)
(-0.19901 0.0343337 0)
(-0.196676 0.024049 0)
(-0.194536 0.0141913 0)
(-0.192831 0.00458361 0)
(-0.191478 -0.00505685 0)
(-0.190469 -0.0150586 0)
(-0.18997 -0.0257982 0)
(-0.190186 -0.0377234 0)
(-0.19126 -0.0513331 0)
(-0.193229 -0.0670623 0)
(-0.195739 -0.085087 0)
(-0.197756 -0.10492 0)
(-0.197306 -0.124905 0)
(-0.191535 -0.141852 0)
(-0.177432 -0.151226 0)
(-0.15328 -0.148217 0)
(-0.119759 -0.129668 0)
(-0.0807038 -0.0959565 0)
(-0.043869 -0.0536561 0)
(-0.0170564 -0.0140806 0)
(-0.00368576 0.0132867 0)
(0.000257489 0.0199613 0)
(-0.00290521 -0.01672 0)
(-0.0104145 -0.0017812 0)
(-0.0222752 0.0173378 0)
(-0.0377943 0.0374517 0)
(-0.0577804 0.058816 0)
(-0.0817629 0.0807803 0)
(-0.107637 0.101194 0)
(-0.132386 0.117193 0)
(-0.153399 0.126644 0)
(-0.16917 0.12891 0)
(-0.17942 0.124854 0)
(-0.184858 0.11618 0)
(-0.186587 0.10468 0)
(-0.185728 0.0918151 0)
(-0.183259 0.0785927 0)
(-0.179997 0.0656867 0)
(-0.176574 0.0534625 0)
(-0.173404 0.0420832 0)
(-0.170677 0.0315187 0)
(-0.1684 0.0216197 0)
(-0.166509 0.0121686 0)
(-0.164856 0.00289941 0)
(-0.163345 -0.00641406 0)
(-0.162025 -0.0159753 0)
(-0.161004 -0.0260346 0)
(-0.160493 -0.0369241 0)
(-0.16092 -0.0491118 0)
(-0.162753 -0.0632013 0)
(-0.166394 -0.0798831 0)
(-0.171803 -0.0996364 0)
(-0.177954 -0.122102 0)
(-0.182302 -0.145203 0)
(-0.180738 -0.164469 0)
(-0.168688 -0.173367 0)
(-0.143536 -0.165315 0)
(-0.106645 -0.136782 0)
(-0.0643507 -0.0904174 0)
(-0.0278222 -0.0385285 0)
(-0.00581705 0.00222908 0)
(0.000599973 0.0181953 0)
(-0.00545617 -0.00864383 0)
(-0.016246 0.0106391 0)
(-0.0312405 0.0327745 0)
(-0.0499306 0.0568708 0)
(-0.0721996 0.0819025 0)
(-0.096488 0.105643 0)
(-0.120183 0.1251 0)
(-0.140558 0.137608 0)
(-0.155719 0.14194 0)
(-0.165053 0.138633 0)
(-0.169194 0.129595 0)
(-0.169418 0.11707 0)
(-0.167086 0.102935 0)
(-0.163418 0.0885355 0)
(-0.1594 0.0747057 0)
(-0.155716 0.0618786 0)
(-0.15272 0.0501488 0)
(-0.150461 0.039395 0)
(-0.148801 0.0293855 0)
(-0.147507 0.0198597 0)
(-0.146353 0.0105828 0)
(-0.145155 0.00135094 0)
(-0.143857 -0.0079757 0)
(-0.142464 -0.0175206 0)
(-0.141014 -0.0274152 0)
(-0.139635 -0.037818 0)
(-0.138661 -0.0489797 0)
(-0.138589 -0.0613273 0)
(-0.140143 -0.0755689 0)
(-0.144117 -0.0927083 0)
(-0.150896 -0.113702 0)
(-0.159572 -0.138481 0)
(-0.166997 -0.164479 0)
(-0.167644 -0.185473 0)
(-0.155366 -0.192225 0)
(-0.127095 -0.176007 0)
(-0.0860105 -0.133657 0)
(-0.0424167 -0.0727896 0)
(-0.00979577 -0.0147293 0)
(0.000492001 0.0156498 0)
(-0.00735485 0.00312434 0)
(-0.0209852 0.0260501 0)
(-0.0385014 0.0510321 0)
(-0.0591772 0.0782334 0)
(-0.081906 0.105146 0)
(-0.104637 0.128494 0)
(-0.124786 0.145005 0)
(-0.140105 0.15262 0)
(-0.149482 0.151179 0)
(-0.153301 0.142553 0)
(-0.152934 0.12945 0)
(-0.149969 0.114316 0)
(-0.14585 0.0989088 0)
(-0.141703 0.0843134 0)
(-0.138232 0.0710094 0)
(-0.135709 0.0590346 0)
(-0.134066 0.0481541 0)
(-0.133056 0.0380398 0)
(-0.132395 0.0283957 0)
(-0.131847 0.0189883 0)
(-0.131228 0.00965018 0)
(-0.130438 0.000263503 0)
(-0.129442 -0.00926162 0)
(-0.128226 -0.0190131 0)
(-0.126797 -0.0290689 0)
(-0.125204 -0.0394955 0)
(-0.123595 -0.0503827 0)
(-0.122238 -0.061903 0)
(-0.121642 -0.0744351 0)
(-0.122643 -0.0887738 0)
(-0.126366 -0.106278 0)
(-0.133652 -0.12851 0)
(-0.1437 -0.155736 0)
(-0.152545 -0.184487 0)
(-0.152974 -0.205825 0)
(-0.137579 -0.206859 0)
(-0.104076 -0.176828 0)
(-0.0591055 -0.115147 0)
(-0.0179087 -0.0400989 0)
(-0.000309291 0.010212 0)
(-0.00855809 0.0178588 0)
(-0.0244197 0.0436873 0)
(-0.0433666 0.0709644 0)
(-0.0646634 0.0999099 0)
(-0.086399 0.127014 0)
(-0.106483 0.14822 0)
(-0.122537 0.16041 0)
(-0.132876 0.162328 0)
(-0.137355 0.155277 0)
(-0.137249 0.142292 0)
(-0.134321 0.12647 0)
(-0.130215 0.110157 0)
(-0.126205 0.0947816 0)
(-0.123034 0.0809546 0)
(-0.120934 0.0686816 0)
(-0.119764 0.0576304 0)
(-0.11922 0.0473922 0)
(-0.118996 0.0376192 0)
(-0.118865 0.028075 0)
(-0.118681 0.0186042 0)
(-0.118344 0.00910688 0)
(-0.11781 -0.000488538 0)
(-0.117056 -0.0102503 0)
(-0.116073 -0.0202465 0)
(-0.114862 -0.0305341 0)
(-0.113437 -0.041152 0)
(-0.111845 -0.0521321 0)
(-0.110179 -0.0635159 0)
(-0.108656 -0.0754155 0)
(-0.107742 -0.0881865 0)
(-0.10834 -0.102756 0)
(-0.111838 -0.120947 0)
(-0.11945 -0.145027 0)
(-0.130251 -0.175358 0)
(-0.138946 -0.206495 0)
(-0.136336 -0.225061 0)
(-0.114568 -0.213502 0)
(-0.0743358 -0.1606 0)
(-0.028772 -0.0750278 0)
(-0.000988437 -0.00074341 0)
(-0.0090791 0.0340579 0)
(-0.0262194 0.0626367 0)
(-0.0455593 0.0913003 0)
(-0.0662694 0.120712 0)
(-0.0861003 0.146586 0)
(-0.103046 0.164394 0)
(-0.114996 0.171377 0)
(-0.121057 0.167547 0)
(-0.122034 0.155744 0)
(-0.119734 0.139716 0)
(-0.115981 0.122567 0)
(-0.112217 0.10628 0)
(-0.109301 0.0917396 0)
(-0.107485 0.0789976 0)
(-0.106613 0.0676645 0)
(-0.106356 0.0572372 0)
(-0.106404 0.0473155 0)
(-0.106538 0.0376345 0)
(-0.106628 0.0280405 0)
(-0.106598 0.0184387 0)
(-0.106403 0.0087652 0)
(-0.106022 -0.00103316 0)
(-0.105444 -0.0110121 0)
(-0.104667 -0.0212281 0)
(-0.103695 -0.0317295 0)
(-0.102532 -0.0425502 0)
(-0.101189 -0.05371 0)
(-0.0996841 -0.0652126 0)
(-0.0980708 -0.0770607 0)
(-0.09651 -0.0893349 0)
(-0.095441 -0.102428 0)
(-0.095857 -0.117536 0)
(-0.0994341 -0.137161 0)
(-0.107608 -0.164344 0)
(-0.118727 -0.198688 0)
(-0.125237 -0.230499 0)
(-0.115904 -0.239413 0)
(-0.0848293 -0.203461 0)
(-0.0401977 -0.117212 0)
(-0.00285314 -0.0148078 0)
(-0.0089698 0.0510079 0)
(-0.0264222 0.0818746 0)
(-0.045199 0.111003 0)
(-0.0644488 0.139814 0)
(-0.0819001 0.163434 0)
(-0.0956031 0.177004 0)
(-0.103902 0.17849 0)
(-0.106765 0.169533 0)
(-0.105698 0.154165 0)
(-0.102646 0.136399 0)
(-0.0992385 0.119036 0)
(-0.09652 0.103485 0)
(-0.0948634 0.0900056 0)
(-0.0941484 0.0781993 0)
(-0.0940533 0.0674836 0)
(-0.0942641 0.0573663 0)
(-0.0945665 0.0475372 0)
(-0.0948355 0.0378201 0)
(-0.0950067 0.028119 0)
(-0.0950444 0.0183728 0)
(-0.0949273 0.00853421 0)
(-0.0946471 -0.0014416 0)
(-0.094201 -0.0116025 0)
(-0.0935924 -0.0219981 0)
(-0.0928275 -0.0326737 0)
(-0.0919093 -0.0436654 0)
(-0.0908394 -0.0549962 0)
(-0.0896137 -0.066669 0)
(-0.0882257 -0.078663 0)
(-0.0866917 -0.0909545 0)
(-0.0851376 -0.103627 0)
(-0.0840195 -0.117213 0)
(-0.0845075 -0.133433 0)
(-0.0886375 -0.155831 0)
(-0.0977564 -0.187969 0)
(-0.108245 -0.226476 0)
(-0.109076 -0.253386 0)
(-0.0889235 -0.239031 0)
(-0.0492941 -0.161452 0)
(-0.00813421 -0.0378105 0)
(-0.00835424 0.0677186 0)
(-0.025228 0.100445 0)
(-0.0426928 0.129309 0)
(-0.059949 0.156764 0)
(-0.0748322 0.177442 0)
(-0.0854822 0.186378 0)
(-0.0908618 0.182673 0)
(-0.0916754 0.169565 0)
(-0.0897577 0.151825 0)
(-0.0869045 0.133363 0)
(-0.0843923 0.116464 0)
(-0.0828085 0.101868 0)
(-0.0821499 0.0893056 0)
(-0.0821297 0.0781271 0)
(-0.082436 0.0677329 0)
(-0.0828477 0.0577203 0)
(-0.0832412 0.0478694 0)
(-0.0835534 0.038065 0)
(-0.0837547 0.0282434 0)
(-0.083828 0.0183597 0)
(-0.0837648 0.00837546 0)
(-0.083564 -0.00174957 0)
(-0.0832277 -0.0120586 0)
(-0.0827625 -0.0225972 0)
(-0.082175 -0.0334099 0)
(-0.0814676 -0.0445363 0)
(-0.0806404 -0.0560066 0)
(-0.0796833 -0.0678337 0)
(-0.0785737 -0.080005 0)
(-0.07728 -0.0924794 0)
(-0.0757932 -0.105222 0)
(-0.0742386 -0.118377 0)
(-0.0731725 -0.132818 0)
(-0.0741023 -0.151252 0)
(-0.0794549 -0.178653 0)
(-0.0895176 -0.217658 0)
(-0.0965904 -0.257036 0)
(-0.0866959 -0.265096 0)
(-0.0545645 -0.204041 0)
(-0.0136887 -0.0674377 0)
(-0.00733021 0.0832845 0)
(-0.0229438 0.117624 0)
(-0.0385779 0.145725 0)
(-0.0535363 0.17132 0)
(-0.0658667 0.188733 0)
(-0.0738759 0.19309 0)
(-0.0771421 0.184887 0)
(-0.0768777 0.168679 0)
(-0.0749083 0.149559 0)
(-0.0727228 0.131087 0)
(-0.0711905 0.11492 0)
(-0.0705195 0.101186 0)
(-0.0705087 0.089268 0)
(-0.0708606 0.0784404 0)
(-0.0713442 0.0681725 0)
(-0.0718266 0.0581561 0)
(-0.0722439 0.048235 0)
(-0.0725667 0.0383293 0)
(-0.0727831 0.0283918 0)
(-0.0728855 0.0183862 0)
(-0.0728716 0.00827816 0)
(-0.0727449 -0.00196933 0)
(-0.0725097 -0.0123968 0)
(-0.0721741 -0.0230476 0)
(-0.0717443 -0.0339668 0)
(-0.0712226 -0.0451981 0)
(-0.0706083 -0.0567794 0)
(-0.0698904 -0.0687356 0)
(-0.069043 -0.0810693 0)
(-0.0680225 -0.0937508 0)
(-0.0667756 -0.106722 0)
(-0.0652856 -0.119963 0)
(-0.063727 -0.133806 0)
(-0.0628963 -0.149879 0)
(-0.0648835 -0.172632 0)
(-0.0721446 -0.20822 0)
(-0.081436 -0.253709 0)
(-0.0794698 -0.281362 0)
(-0.0557801 -0.241924 0)
(-0.0180278 -0.101596 0)
(-0.00602242 0.0970462 0)
(-0.0198734 0.132877 0)
(-0.0333564 0.159932 0)
(-0.0459208 0.183455 0)
(-0.0558379 0.19759 0)
(-0.061698 0.197778 0)
(-0.0635836 0.18594 0)
(-0.0629288 0.167576 0)
(-0.0613366 0.14779 0)
(-0.0599332 0.12966 0)
(-0.0592218 0.114219 0)
(-0.0591695 0.101128 0)
(-0.0595229 0.0895989 0)
(-0.0600456 0.0789316 0)
(-0.0605903 0.0686815 0)
(-0.0610851 0.0586119 0)
(-0.0615002 0.0486058 0)
(-0.0618241 0.0386019 0)
(-0.062054 0.0285614 0)
(-0.0621881 0.0184522 0)
(-0.0622268 0.00824238 0)
(-0.0621756 -0.00210315 0)
(-0.0620401 -0.0126233 0)
(-0.0618286 -0.0233607 0)
(-0.0615464 -0.034361 0)
(-0.0611955 -0.0456718 0)
(-0.0607755 -0.0573387 0)
(-0.0602756 -0.0693994 0)
(-0.0596699 -0.081873 0)
(-0.0589131 -0.0947486 0)
(-0.0579411 -0.107976 0)
(-0.0566885 -0.121489 0)
(-0.0551589 -0.135354 0)
(-0.0536664 -0.1504 0)
(-0.0535219 -0.169843 0)
(-0.0575416 -0.200676 0)
(-0.0661362 -0.24696 0)
(-0.0691737 -0.289286 0)
(-0.0535509 -0.273252 0)
(-0.0205548 -0.137618 0)
(-0.00454057 0.10854 0)
(-0.0163011 0.145855 0)
(-0.0274672 0.171818 0)
(-0.0376475 0.193253 0)
(-0.0453824 0.204356 0)
(-0.0495668 0.20102 0)
(-0.0506394 0.186415 0)
(-0.0500053 0.166651 0)
(-0.0489464 0.146644 0)
(-0.0482409 0.128962 0)
(-0.0481181 0.114106 0)
(-0.0484334 0.101436 0)
(-0.0489618 0.0901076 0)
(-0.0495416 0.0794867 0)
(-0.0500886 0.0692013 0)
(-0.0505685 0.0590612 0)
(-0.0509705 0.0489719 0)
(-0.051293 0.0388815 0)
(-0.0515385 0.028755 0)
(-0.0517083 0.0185623 0)
(-0.0518042 0.00827238 0)
(-0.0518322 -0.00214863 0)
(-0.0517985 -0.0127389 0)
(-0.051711 -0.0235407 0)
(-0.0515738 -0.0346004 0)
(-0.0513887 -0.0459689 0)
(-0.0511558 -0.0576992 0)
(-0.0508653 -0.069841 0)
(-0.0504927 -0.0824305 0)
(-0.0499939 -0.0954768 0)
(-0.049303 -0.108948 0)
(-0.0483405 -0.122773 0)
(-0.0470441 -0.136913 0)
(-0.045486 -0.151729 0)
(-0.0443364 -0.169286 0)
(-0.0458391 -0.195816 0)
(-0.0523726 -0.239619 0)
(-0.0576849 -0.291169 0)
(-0.048934 -0.297348 0)
(-0.0213509 -0.173279 0)
(-0.00297736 0.117498 0)
(-0.0124427 0.156382 0)
(-0.0212376 0.181375 0)
(-0.0291149 0.200856 0)
(-0.0349216 0.209376 0)
(-0.0378289 0.203272 0)
(-0.0384727 0.186684 0)
(-0.0380595 0.166071 0)
(-0.0375267 0.146077 0)
(-0.037359 0.128806 0)
(-0.0376112 0.11436 0)
(-0.0381145 0.101929 0)
(-0.0387018 0.0906797 0)
(-0.0392746 0.0800437 0)
(-0.0397915 0.0697013 0)
(-0.0402408 0.0594906 0)
(-0.0406227 0.049329 0)
(-0.0409417 0.0391686 0)
(-0.0412035 0.0289757 0)
(-0.0414113 0.0187206 0)
(-0.0415675 0.00837257 0)
(-0.0416784 -0.00210185 0)
(-0.04175 -0.0127405 0)
(-0.0417899 -0.0235857 0)
(-0.0418009 -0.0346845 0)
(-0.0417843 -0.0460905 0)
(-0.0417403 -0.0578629 0)
(-0.0416607 -0.0700629 0)
(-0.0415232 -0.0827437 0)
(-0.0412863 -0.0959353 0)
(-0.0408854 -0.109626 0)
(-0.0402383 -0.123756 0)
(-0.0392608 -0.138247 0)
(-0.0379245 -0.153225 0)
(-0.0365223 -0.169927 0)
(-0.0365016 -0.193283 0)
(-0.0408306 -0.233253 0)
(-0.0464597 -0.28938 0)
(-0.0431167 -0.314392 0)
(-0.0207742 -0.207033 0)
(-0.0014059 0.123793 0)
(-0.0084626 0.164394 0)
(-0.0149003 0.188614 0)
(-0.0205931 0.206466 0)
(-0.0246724 0.212961 0)
(-0.0266167 0.204837 0)
(-0.0270664 0.186936 0)
(-0.0269388 0.165861 0)
(-0.0268495 0.145975 0)
(-0.0270561 0.129015 0)
(-0.0275199 0.114815 0)
(-0.0280938 0.102491 0)
(-0.0286698 0.0912468 0)
(-0.0291973 0.0805654 0)
(-0.0296628 0.0701618 0)
(-0.030069 0.0598897 0)
(-0.0304234 0.0496715 0)
(-0.0307345 0.0394607 0)
(-0.0310104 0.0292231 0)
(-0.0312557 0.0189283 0)
(-0.0314732 0.00854505 0)
(-0.0316692 -0.0019598 0)
(-0.03185 -0.0126241 0)
(-0.0320226 -0.0234909 0)
(-0.032189 -0.0346079 0)
(-0.0323494 -0.0460307 0)
(-0.0325038 -0.0578239 0)
(-0.0326452 -0.0700585 0)
(-0.0327542 -0.0828039 0)
(-0.0327926 -0.0961111 0)
(-0.0326991 -0.109991 0)
(-0.0323921 -0.124397 0)
(-0.0317796 -0.139242 0)
(-0.0307924 -0.154538 0)
(-0.0295657 -0.171003 0)
(-0.0288476 -0.192314 0)
(-0.0315107 -0.228374 0)
(-0.0364383 -0.285898 0)
(-0.0369896 -0.325318 0)
(-0.0191326 -0.237771 0)
(0.000130336 0.127404 0)
(-0.00445903 0.169867 0)
(-0.00858802 0.193664 0)
(-0.01223 0.210183 0)
(-0.0147308 0.21529 0)
(-0.0159369 0.205972 0)
(-0.0163039 0.187286 0)
(-0.0164504 0.165991 0)
(-0.0167036 0.146213 0)
(-0.0171542 0.12944 0)
(-0.01772 0.115353 0)
(-0.0182926 0.103047 0)
(-0.0188149 0.0917649 0)
(-0.0192716 0.0810267 0)
(-0.019669 0.0705675 0)
(-0.0200198 0.0602482 0)
(-0.0203374 0.0499926 0)
(-0.0206332 0.0397532 0)
(-0.0209177 0.0294944 0)
(-0.021197 0.0191844 0)
(-0.0214743 0.00879103 0)
(-0.0217563 -0.00171922 0)
(-0.0220495 -0.0123845 0)
(-0.0223609 -0.0232485 0)
(-0.0226919 -0.0343605 0)
(-0.0230412 -0.0457776 0)
(-0.0234084 -0.0575688 0)
(-0.0237873 -0.0698136 0)
(-0.0241607 -0.0825958 0)
(-0.0244943 -0.0959873 0)
(-0.0247314 -0.110022 0)
(-0.0247934 -0.12467 0)
(-0.0245884 -0.139841 0)
(-0.0240233 -0.155489 0)
(-0.0232183 -0.172028 0)
(-0.0223651 -0.192145 0)
(-0.0240879 -0.224787 0)
(-0.0280563 -0.282029 0)
(-0.031014 -0.331252 0)
(-0.0166869 -0.265143 0)
(0.00160679 0.12832 0)
(-0.000487338 0.172861 0)
(-0.00235033 0.196583 0)
(-0.00407971 0.212188 0)
(-0.00515929 0.216564 0)
(-0.00570459 0.206724 0)
(-0.00602252 0.187731 0)
(-0.00639616 0.166394 0)
(-0.0069089 0.146696 0)
(-0.0075183 0.129993 0)
(-0.00812224 0.11591 0)
(-0.00865249 0.103557 0)
(-0.00909485 0.0922096 0)
(-0.00946211 0.0814112 0)
(-0.00977618 0.0709061 0)
(-0.0100587 0.0605566 0)
(-0.010328 0.0502847 0)
(-0.0105987 0.0400405 0)
(-0.0108837 0.0297861 0)
(-0.0111908 0.019488 0)
(-0.0115243 0.00911239 0)
(-0.0118916 -0.00137544 0)
(-0.0122993 -0.0120142 0)
(-0.0127548 -0.0228483 0)
(-0.0132598 -0.0339288 0)
(-0.0138116 -0.0453148 0)
(-0.0144086 -0.0570785 0)
(-0.0150449 -0.0693066 0)
(-0.015705 -0.0820955 0)
(-0.0163583 -0.0955362 0)
(-0.0169531 -0.109686 0)
(-0.0174149 -0.124534 0)
(-0.0176594 -0.139991 0)
(-0.0175659 -0.155971 0)
(-0.0173208 -0.172692 0)
(-0.0166823 -0.192161 0)
(-0.0181552 -0.222052 0)
(-0.0213801 -0.278372 0)
(-0.0254961 -0.333501 0)
(-0.0137368 -0.289085 0)
(0.00304005 0.126575 0)
(0.00344749 0.173421 0)
(0.00377033 0.19749 0)
(0.00381853 0.212641 0)
(0.00408253 0.216798 0)
(0.004201 0.207145 0)
(0.0039431 0.188214 0)
(0.00339418 0.166999 0)
(0.00268051 0.147357 0)
(0.00196036 0.130622 0)
(0.00135049 0.116451 0)
(0.000882753 0.103998 0)
(0.000534868 0.0925635 0)
(0.000270131 0.0817037 0)
(5.23664e-05 0.0711636 0)
(-0.00014891 0.0608017 0)
(-0.000357335 0.0505356 0)
(-0.000591306 0.0403119 0)
(-0.000866535 0.0300895 0)
(-0.00119332 0.0198325 0)
(-0.00157735 0.00950526 0)
(-0.00202746 -0.000928807 0)
(-0.00255085 -0.0115098 0)
(-0.00315471 -0.0222829 0)
(-0.00384202 -0.033301 0)
(-0.00460909 -0.0446258 0)
(-0.0054532 -0.0563326 0)
(-0.00636804 -0.0685145 0)
(-0.00733942 -0.0812784 0)
(-0.00833947 -0.094732 0)
(-0.00932217 -0.108954 0)
(-0.0102181 -0.123955 0)
(-0.0109545 -0.139648 0)
(-0.0113841 -0.15591 0)
(-0.0117765 -0.172823 0)
(-0.0115401 -0.191911 0)
(-0.0132989 -0.21973 0)
(-0.0161189 -0.274894 0)
(-0.0207928 -0.334434 0)
(-0.0108392 -0.30847 0)
(0.00444359 0.122227 0)
(0.00735776 0.171577 0)
(0.00977427 0.196505 0)
(0.0114721 0.2116 0)
(0.0130533 0.215978 0)
(0.0138692 0.207209 0)
(0.0137529 0.188743 0)
(0.0130639 0.167764 0)
(0.0121834 0.148149 0)
(0.0113751 0.131295 0)
(0.0107693 0.116957 0)
(0.010369 0.104355 0)
(0.0101209 0.0928138 0)
(0.00996666 0.0818914 0)
(0.00985551 0.0713264 0)
(0.00974767 0.0609694 0)
(0.009613 0.0507317 0)
(0.00942834 0.0405545 0)
(0.00917444 0.030393 0)
(0.0088379 0.0202083 0)
(0.00841083 0.00996211 0)
(0.00788188 -0.000384742 0)
(0.00724354 -0.0108718 0)
(0.00648872 -0.0215478 0)
(0.00561253 -0.0324682 0)
(0.00461907 -0.043697 0)
(0.00351238 -0.0553133 0)
(0.00229925 -0.0674154 0)
(0.000993484 -0.0801192 0)
(-0.000379186 -0.0935459 0)
(-0.00177986 -0.107795 0)
(-0.00314479 -0.122896 0)
(-0.00441341 -0.138767 0)
(-0.00542112 -0.155261 0)
(-0.00651082 -0.172349 0)
(-0.00677419 -0.191168 0)
(-0.00917469 -0.217362 0)
(-0.0118208 -0.271169 0)
(-0.017097 -0.334963 0)
(-0.00851669 -0.323904 0)
(0.00580238 0.115165 0)
(0.0112329 0.167468 0)
(0.0156425 0.193718 0)
(0.0189093 0.209102 0)
(0.0217597 0.214182 0)
(0.0233708 0.206716 0)
(0.0235292 0.189285 0)
(0.0227523 0.168683 0)
(0.0217201 0.149064 0)
(0.020821 0.132007 0)
(0.0202064 0.117425 0)
(0.0198627 0.104626 0)
(0.0197109 0.092955 0)
(0.0196697 0.081965 0)
(0.0196727 0.0713824 0)
(0.0196693 0.0610463 0)
(0.0196211 0.0508589 0)
(0.019499 0.0407548 0)
(0.0192792 0.0306843 0)
(0.018944 0.0206052 0)
(0.018482 0.010476 0)
(0.0178817 0.000254735 0)
(0.0171328 -0.0101005 0)
(0.016226 -0.0206407 0)
(0.0151567 -0.0314237 0)
(0.0139286 -0.0425171 0)
(0.0125465 -0.054004 0)
(0.011018 -0.0659878 0)
(0.00935746 -0.0785912 0)
(0.00758715 -0.0919478 0)
(0.00574027 -0.106175 0)
(0.00387378 -0.121318 0)
(0.00203577 -0.137304 0)
(0.000393833 -0.153962 0)
(-0.00144205 -0.171188 0)
(-0.00227726 -0.189767 0)
(-0.00557554 -0.214694 0)
(-0.00812144 -0.266962 0)
(-0.0143456 -0.335165 0)
(-0.00683956 -0.336302 0)
(0.00700525 0.105506 0)
(0.0149684 0.161098 0)
(0.0213262 0.189176 0)
(0.0261122 0.205238 0)
(0.0301841 0.211364 0)
(0.032721 0.205586 0)
(0.0333258 0.189667 0)
(0.0325757 0.169694 0)
(0.0314175 0.150104 0)
(0.0304059 0.132782 0)
(0.0297479 0.117879 0)
(0.0294322 0.104824 0)
(0.0293602 0.092991 0)
(0.0294272 0.0819206 0)
(0.029548 0.0713223 0)
(0.029658 0.0610196 0)
(0.0297083 0.0509026 0)
(0.0296622 0.0408976 0)
(0.02949 0.030949 0)
(0.0291692 0.0210097 0)
(0.0286843 0.011035 0)
(0.0280207 0.000980031 0)
(0.0271658 -0.00920261 0)
(0.0261106 -0.0195646 0)
(0.0248479 -0.0301664 0)
(0.023381 -0.0410808 0)
(0.0217152 -0.0523954 0)
(0.0198586 -0.0642182 0)
(0.0178252 -0.0766776 0)
(0.0156348 -0.0899149 0)
(0.0133173 -0.104063 0)
(0.0109192 -0.119185 0)
(0.0084779 -0.135215 0)
(0.00614994 -0.151965 0)
(0.00352507 -0.169268 0)
(0.00202394 -0.187595 0)
(-0.00235942 -0.211495 0)
(-0.00480497 -0.262166 0)
(-0.0124058 -0.334803 0)
(-0.00560002 -0.346522 0)
(0.00786439 0.0935426 0)
(0.0183587 0.152361 0)
(0.0267208 0.182955 0)
(0.0330059 0.200063 0)
(0.0382852 0.207427 0)
(0.041871 0.203672 0)
(0.0431394 0.189711 0)
(0.0425989 0.170707 0)
(0.0413792 0.151259 0)
(0.0402396 0.133655 0)
(0.0394935 0.118363 0)
(0.0391624 0.104984 0)
(0.0391406 0.0929407 0)
(0.0393012 0.0817649 0)
(0.0395368 0.0711441 0)
(0.039765 0.0608816 0)
(0.0399238 0.0508522 0)
(0.0399662 0.0409715 0)
(0.0398552 0.0311756 0)
(0.0395622 0.0214116 0)
(0.0390668 0.0116304 0)
(0.038351 0.00178312 0)
(0.0373997 -0.00818136 0)
(0.0362022 -0.0183187 0)
(0.0347495 -0.0286933 0)
(0.0330439 -0.0393825 0)
(0.0310912 -0.0504783 0)
(0.0288985 -0.0620936 0)
(0.0264786 -0.0743628 0)
(0.0238517 -0.0874316 0)
(0.0210415 -0.101442 0)
(0.0180834 -0.11647 0)
(0.0150047 -0.132461 0)
(0.0119497 -0.149219 0)
(0.00850807 -0.166522 0)
(0.00619538 -0.184606 0)
(0.000590028 -0.20756 0)
(-0.00176781 -0.256902 0)
(-0.010982 -0.333388 0)
(-0.00468868 -0.355277 0)
(0.00820934 0.0797953 0)
(0.0211162 0.141177 0)
(0.0316162 0.174957 0)
(0.0394674 0.193582 0)
(0.04596 0.202329 0)
(0.0506971 0.200785 0)
(0.0528828 0.189184 0)
(0.0528131 0.171579 0)
(0.0516688 0.152498 0)
(0.0504239 0.134654 0)
(0.0495534 0.118925 0)
(0.0491566 0.105148 0)
(0.0491437 0.092831 0)
(0.0493723 0.0815106 0)
(0.0497113 0.0708499 0)
(0.0500568 0.0606275 0)
(0.05033 0.0506987 0)
(0.0504711 0.0409648 0)
(0.0504338 0.0313519 0)
(0.0501821 0.0217992 0)
(0.0496896 0.0122518 0)
(0.0489347 0.00265581 0)
(0.0478988 -0.00704409 0)
(0.0465692 -0.0169083 0)
(0.0449344 -0.0270061 0)
(0.0429954 -0.0374198 0)
(0.0407572 -0.048246 0)
(0.0382265 -0.0596019 0)
(0.035415 -0.0716262 0)
(0.0323383 -0.0844728 0)
(0.0290124 -0.0982837 0)
(0.0254662 -0.113145 0)
(0.0217122 -0.129006 0)
(0.0178813 -0.145672 0)
(0.0135567 -0.162893 0)
(0.0103506 -0.180722 0)
(0.00342282 -0.202777 0)
(0.00105864 -0.25105 0)
(-0.00995409 -0.330861 0)
(-0.00393224 -0.362967 0)
(0.00792962 0.0649801 0)
(0.0229263 0.127633 0)
(0.0356684 0.164939 0)
(0.0452763 0.185702 0)
(0.0530477 0.196032 0)
(0.0590231 0.196756 0)
(0.0623793 0.187801 0)
(0.0631119 0.172061 0)
(0.0622871 0.153704 0)
(0.0610407 0.135771 0)
(0.0600493 0.119604 0)
(0.0595453 0.105364 0)
(0.0594928 0.0927012 0)
(0.0597518 0.081181 0)
(0.0601715 0.0704494 0)
(0.0606245 0.0602569 0)
(0.0610116 0.050435 0)
(0.0612575 0.0408665 0)
(0.0613039 0.0314642 0)
(0.0611058 0.0221575 0)
(0.0606301 0.0128838 0)
(0.0598506 0.00358302 0)
(0.0587449 -0.00580515 0)
(0.0572968 -0.0153464 0)
(0.0554935 -0.0251158 0)
(0.0533315 -0.0352011 0)
(0.0508159 -0.0457034 0)
(0.0479512 -0.0567445 0)
(0.0447459 -0.0684654 0)
(0.0412094 -0.0810214 0)
(0.0373503 -0.0945566 0)
(0.0331852 -0.109168 0)
(0.0287089 -0.124805 0)
(0.0240444 -0.141266 0)
(0.0187659 -0.158295 0)
(0.0145599 -0.175793 0)
(0.00619856 -0.197054 0)
(0.00377988 -0.244522 0)
(-0.00922037 -0.327192 0)
(-0.00323587 -0.369888 0)
(0.00700599 0.0499638 0)
(0.0235002 0.111959 0)
(0.038486 0.152737 0)
(0.0500909 0.17628 0)
(0.0592876 0.188467 0)
(0.0665778 0.191415 0)
(0.0713316 0.185243 0)
(0.0732526 0.171812 0)
(0.07312 0.154644 0)
(0.0721072 0.13691 0)
(0.0710883 0.120403 0)
(0.0704783 0.105675 0)
(0.0703479 0.0925981 0)
(0.0705934 0.0808121 0)
(0.0710594 0.069964 0)
(0.0715984 0.0597792 0)
(0.0720897 0.0500612 0)
(0.0724391 0.0406704 0)
(0.0725744 0.0315022 0)
(0.0724396 0.0224735 0)
(0.0719936 0.0135119 0)
(0.0712043 0.00454901 0)
(0.070045 -0.00448065 0)
(0.0684956 -0.0136488 0)
(0.0665419 -0.0230372 0)
(0.0641735 -0.0327387 0)
(0.0613943 -0.0428595 0)
(0.0582051 -0.0535245 0)
(0.0546087 -0.0648754 0)
(0.0506046 -0.0770672 0)
(0.0461913 -0.0902414 0)
(0.0413712 -0.104499 0)
(0.0361168 -0.119792 0)
(0.0305451 -0.135927 0)
(0.0242181 -0.152633 0)
(0.0188853 -0.169708 0)
(0.00896372 -0.19027 0)
(0.00645674 -0.237166 0)
(-0.0087398 -0.322413 0)
(-0.00252076 -0.376246 0)
(0.00551356 0.03563 0)
(0.0227301 0.0946751 0)
(0.0396479 0.138228 0)
(0.0534669 0.165011 0)
(0.0643409 0.179504 0)
(0.0730596 0.184655 0)
(0.0793808 0.181218 0)
(0.0828605 0.170404 0)
(0.083893 0.15494 0)
(0.0835129 0.137843 0)
(0.0827105 0.121233 0)
(0.0820956 0.106083 0)
(0.0818976 0.0925604 0)
(0.0820994 0.0804473 0)
(0.0825731 0.0694279 0)
(0.0831659 0.0592157 0)
(0.0837393 0.0495877 0)
(0.0841808 0.040378 0)
(0.0844021 0.031461 0)
(0.0843344 0.0227376 0)
(0.0839277 0.0141224 0)
(0.083142 0.00553762 0)
(0.0819454 -0.00308828 0)
(0.0803139 -0.0118345 0)
(0.07823 -0.0207898 0)
(0.0756762 -0.0300507 0)
(0.0726518 -0.0397287 0)
(0.0691503 -0.0499498 0)
(0.0651653 -0.0608538 0)
(0.0606818 -0.0725921 0)
(0.0556866 -0.0853019 0)
(0.0501635 -0.0990857 0)
(0.0440562 -0.113896 0)
(0.037484 -0.129557 0)
(0.0299895 -0.145791 0)
(0.0233875 -0.162335 0)
(0.0117621 -0.18231 0)
(0.00912797 -0.228846 0)
(-0.00850678 -0.316461 0)
(-0.00170937 -0.382139 0)
(0.0037227 0.0228678 0)
(0.0206 0.0765661 0)
(0.0388817 0.121585 0)
(0.0548938 0.151691 0)
(0.0676915 0.168878 0)
(0.0780245 0.176314 0)
(0.0860628 0.17547 0)
(0.0914236 0.167399 0)
(0.0941422 0.154085 0)
(0.0949468 0.138156 0)
(0.094799 0.121846 0)
(0.0944511 0.106485 0)
(0.0943116 0.0925768 0)
(0.094501 0.0801165 0)
(0.0949666 0.0688801 0)
(0.0955817 0.0585998 0)
(0.0962071 0.0490374 0)
(0.0967176 0.0400019 0)
(0.0970111 0.0313442 0)
(0.0970058 0.0229461 0)
(0.0966397 0.0147055 0)
(0.0958666 0.00653478 0)
(0.0946465 -0.0016457 0)
(0.0929507 -0.00992491 0)
(0.0907571 -0.0183954 0)
(0.0880392 -0.0271579 0)
(0.0847865 -0.0363265 0)
(0.0809809 -0.0460261 0)
(0.0766027 -0.056392 0)
(0.071618 -0.0675699 0)
(0.065999 -0.0796915 0)
(0.0597033 -0.0928551 0)
(0.0526432 -0.107018 0)
(0.0449514 -0.122037 0)
(0.036149 -0.137631 0)
(0.0281104 -0.15354 0)
(0.0146065 -0.173113 0)
(0.0118968 -0.219626 0)
(-0.00845663 -0.309165 0)
(-0.000728474 -0.387589 0)
(0.00183475 0.0122465 0)
(0.0171989 0.0587222 0)
(0.0360301 0.103241 0)
(0.0539171 0.136277 0)
(0.0688083 0.156412 0)
(0.0809494 0.166232 0)
(0.0908539 0.167803 0)
(0.0983376 0.162387 0)
(0.103219 0.151505 0)
(0.105845 0.137265 0)
(0.106976 0.121783 0)
(0.107388 0.106596 0)
(0.107628 0.0925132 0)
(0.107976 0.0797839 0)
(0.108501 0.0683357 0)
(0.109147 0.0579645 0)
(0.109807 0.0484432 0)
(0.110363 0.0395677 0)
(0.110706 0.0311682 0)
(0.110748 0.0231052 0)
(0.110414 0.0152603 0)
(0.109653 0.00753379 0)
(0.108416 -0.000167225 0)
(0.106666 -0.00793803 0)
(0.104373 -0.0158736 0)
(0.101507 -0.0240764 0)
(0.0980294 -0.0326606 0)
(0.0939125 -0.0417479 0)
(0.0891196 -0.0514674 0)
(0.0835928 -0.0619573 0)
(0.0772846 -0.0733417 0)
(0.0701155 -0.0857076 0)
(0.0619734 -0.0990263 0)
(0.05302 -0.113219 0)
(0.0427406 -0.127982 0)
(0.0330588 -0.143167 0)
(0.0175121 -0.162651 0)
(0.0149535 -0.209571 0)
(-0.00847777 -0.30053 0)
(0.000509941 -0.392718 0)
(0.000873823 0.00524805 0)
(0.0129967 0.0418634 0)
(0.0313485 0.0841316 0)
(0.0502869 0.118892 0)
(0.0670704 0.141924 0)
(0.0811904 0.154199 0)
(0.0931226 0.158036 0)
(0.102914 0.15505 0)
(0.110336 0.146649 0)
(0.115402 0.134489 0)
(0.118543 0.120389 0)
(0.120406 0.105897 0)
(0.121584 0.0920256 0)
(0.122481 0.0792597 0)
(0.123302 0.0677131 0)
(0.124104 0.0572926 0)
(0.12485 0.0478202 0)
(0.125461 0.0391013 0)
(0.125845 0.0309577 0)
(0.125919 0.0232353 0)
(0.125604 0.0158006 0)
(0.124842 0.00854013 0)
(0.123576 0.00134837 0)
(0.121762 -0.00587401 0)
(0.119361 -0.0132246 0)
(0.116327 -0.0208029 0)
(0.112606 -0.0287182 0)
(0.108145 -0.0370893 0)
(0.102887 -0.0460381 0)
(0.0967495 -0.0556915 0)
(0.0896558 -0.0661536 0)
(0.0814811 -0.0775053 0)
(0.0721249 -0.0897638 0)
(0.0617492 -0.102915 0)
(0.0497762 -0.116627 0)
(0.0382218 -0.131033 0)
(0.0205696 -0.150857 0)
(0.018432 -0.198689 0)
(-0.00854827 -0.290617 0)
(0.00211022 -0.397738 0)
(0.000759443 8.40128e-05 0)
(0.00894165 0.0271771 0)
(0.0253317 0.0657134 0)
(0.0439059 0.100348 0)
(0.0619772 0.12549 0)
(0.0780687 0.140096 0)
(0.0921591 0.145999 0)
(0.104418 0.145154 0)
(0.114632 0.139061 0)
(0.122622 0.129147 0)
(0.128477 0.116887 0)
(0.132585 0.103661 0)
(0.135449 0.0905253 0)
(0.137518 0.0781266 0)
(0.139106 0.0667508 0)
(0.140384 0.0564406 0)
(0.141417 0.0471023 0)
(0.142197 0.038583 0)
(0.142679 0.0307194 0)
(0.142802 0.0233553 0)
(0.142505 0.016349 0)
(0.141727 0.00957763 0)
(0.140408 0.00292741 0)
(0.138495 -0.00370215 0)
(0.135938 -0.0104109 0)
(0.13268 -0.0172935 0)
(0.128658 -0.0244508 0)
(0.123783 -0.031993 0)
(0.117979 -0.0400272 0)
(0.111128 -0.0486631 0)
(0.103128 -0.0579925 0)
(0.0938339 -0.0681127 0)
(0.0831587 -0.0790921 0)
(0.0711845 -0.0909247 0)
(0.0572987 -0.103348 0)
(0.0436846 -0.116977 0)
(0.0240549 -0.137574 0)
(0.0224364 -0.186868 0)
(-0.00877131 -0.279158 0)
(0.00417915 -0.402378 0)
(0.000739088 -0.00414839 0)
(0.00554262 0.0159809 0)
(0.0184261 0.0495858 0)
(0.035006 0.0820437 0)
(0.0532119 0.107606 0)
(0.0709389 0.1239 0)
(0.0872728 0.131567 0)
(0.102112 0.132533 0)
(0.115271 0.128467 0)
(0.126458 0.120727 0)
(0.135536 0.110547 0)
(0.142597 0.0990594 0)
(0.147944 0.0872196 0)
(0.151957 0.0757112 0)
(0.15498 0.0649314 0)
(0.15727 0.0550442 0)
(0.158989 0.0460539 0)
(0.160216 0.0378742 0)
(0.160977 0.0303793 0)
(0.161259 0.0234345 0)
(0.161031 0.0169067 0)
(0.16025 0.0106696 0)
(0.158864 0.00461003 0)
(0.156814 -0.00137326 0)
(0.154041 -0.00737029 0)
(0.150484 -0.0134736 0)
(0.146067 -0.0197722 0)
(0.140688 -0.0263569 0)
(0.134241 -0.0333218 0)
(0.126588 -0.0407601 0)
(0.117609 -0.0487703 0)
(0.107146 -0.0574524 0)
(0.0950691 -0.0669038 0)
(0.081388 -0.0771087 0)
(0.0655335 -0.0880799 0)
(0.0499751 -0.101093 0)
(0.028752 -0.122898 0)
(0.0274897 -0.173997 0)
(-0.0088216 -0.265223 0)
(0.00711844 -0.405105 0)
(0.000465815 -0.00680642 0)
(0.00219003 0.00877349 0)
(0.010225 0.0369438 0)
(0.0237347 0.0654254 0)
(0.0407672 0.0892807 0)
(0.0593777 0.105807 0)
(0.0778517 0.114653 0)
(0.0953522 0.117075 0)
(0.111521 0.114723 0)
(0.126 0.108962 0)
(0.138503 0.100887 0)
(0.148932 0.0914248 0)
(0.157366 0.0813484 0)
(0.164033 0.0712654 0)
(0.169217 0.0615913 0)
(0.173185 0.0525593 0)
(0.176155 0.0442574 0)
(0.17828 0.0366732 0)
(0.179656 0.0297354 0)
(0.180334 0.0233442 0)
(0.180335 0.017393 0)
(0.179642 0.0117756 0)
(0.178226 0.0063871 0)
(0.176044 0.0011333 0)
(0.173042 -0.00406655 0)
(0.169148 -0.0092921 0)
(0.164286 -0.01462 0)
(0.158358 -0.0201211 0)
(0.151246 -0.025872 0)
(0.1428 -0.0319508 0)
(0.132869 -0.038455 0)
(0.121277 -0.0454672 0)
(0.107843 -0.0531182 0)
(0.0926027 -0.0614964 0)
(0.0751453 -0.0711242 0)
(0.058347 -0.0840662 0)
(0.0362211 -0.107711 0)
(0.0355162 -0.160629 0)
(-0.00676298 -0.247933 0)
(0.0121163 -0.404469 0)
(-0.00172242 -0.00515246 0)
(-0.00344157 0.00803566 0)
(-0.000466443 0.0292986 0)
(0.009479 0.0519617 0)
(0.0247372 0.0717104 0)
(0.0433919 0.0864761 0)
(0.063606 0.095313 0)
(0.083757 0.0986836 0)
(0.10291 0.0977564 0)
(0.120573 0.0937408 0)
(0.1364 0.0876407 0)
(0.150189 0.0802463 0)
(0.161891 0.072185 0)
(0.171581 0.0639453 0)
(0.17943 0.0558794 0)
(0.18565 0.0482154 0)
(0.190447 0.0410719 0)
(0.194004 0.0344867 0)
(0.196459 0.0284355 0)
(0.197921 0.0228649 0)
(0.198457 0.0177029 0)
(0.198094 0.0128722 0)
(0.196837 0.00829479 0)
(0.194674 0.00389585 0)
(0.191567 -0.000400655 0)
(0.187462 -0.00465591 0)
(0.182288 -0.00892684 0)
(0.175953 -0.013265 0)
(0.168347 -0.0177227 0)
(0.15933 -0.0223396 0)
(0.148723 -0.0271866 0)
(0.136332 -0.0323478 0)
(0.122017 -0.038041 0)
(0.105945 -0.0446443 0)
(0.0878672 -0.0532769 0)
(0.0709939 -0.0669143 0)
(0.0490086 -0.0933843 0)
(0.0500428 -0.147184 0)
(-1.17211e-07 -0.228366 0)
(0.0208221 -0.402822 0)
(-0.00705044 -0.00712145 0)
(-0.0175966 0.00438437 0)
(-0.0168754 0.0226598 0)
(-0.00946903 0.0401757 0)
(0.00464842 0.0550782 0)
(0.0236048 0.0663482 0)
(0.0451469 0.0737915 0)
(0.0676937 0.0773402 0)
(0.0897874 0.0775655 0)
(0.110488 0.0752129 0)
(0.12934 0.071064 0)
(0.146122 0.0657494 0)
(0.160751 0.0597902 0)
(0.173256 0.0535745 0)
(0.183734 0.0473855 0)
(0.192333 0.0414173 0)
(0.199216 0.0357867 0)
(0.20455 0.030549 0)
(0.208489 0.0257109 0)
(0.211154 0.0212462 0)
(0.212632 0.0171153 0)
(0.212996 0.0132728 0)
(0.212286 0.00966859 0)
(0.210522 0.0062507 0)
(0.207702 0.00296782 0)
(0.203803 -0.00022109 0)
(0.198777 -0.00335444 0)
(0.192576 -0.00645652 0)
(0.185133 -0.00955802 0)
(0.176331 -0.0126634 0)
(0.166037 -0.0158187 0)
(0.154176 -0.0191401 0)
(0.140605 -0.0229349 0)
(0.125469 -0.0278608 0)
(0.1085 -0.0356225 0)
(0.0929919 -0.0500152 0)
(0.0717018 -0.0785353 0)
(0.0747821 -0.130015 0)
(0.00891252 -0.206329 0)
(0.0345863 -0.404304 0)
(-0.0144008 0.0263477 0)
(-0.030458 0.0307829 0)
(-0.0353343 0.0329183 0)
(-0.031112 0.0365887 0)
(-0.0185034 0.0421059 0)
(0.000258084 0.0478389 0)
(0.0231451 0.0524954 0)
(0.0475864 0.055338 0)
(0.0721815 0.05624 0)
(0.0956894 0.0553778 0)
(0.117368 0.0530961 0)
(0.136911 0.0498203 0)
(0.154203 0.0459336 0)
(0.169249 0.0417481 0)
(0.182134 0.0374987 0)
(0.192987 0.0333463 0)
(0.201958 0.0293913 0)
(0.209213 0.0256806 0)
(0.214896 0.0222439 0)
(0.219131 0.0190839 0)
(0.222043 0.0161841 0)
(0.223734 0.0135156 0)
(0.224281 0.0110445 0)
(0.22374 0.00873855 0)
(0.222149 0.00656668 0)
(0.219529 0.00450316 0)
(0.215882 0.00252469 0)
(0.211209 0.00061816 0)
(0.205495 -0.00123646 0)
(0.198805 -0.00309244 0)
(0.19116 -0.00502321 0)
(0.182611 -0.00715086 0)
(0.173135 -0.00977506 0)
(0.162792 -0.0135894 0)
(0.151036 -0.0201845 0)
(0.138249 -0.0327729 0)
(0.116241 -0.0569318 0)
(0.113828 -0.0980711 0)
(0.0120805 -0.172654 0)
(0.0606435 -0.393768 0)
(-0.019637 0.013299 0)
(-0.0414183 -0.00042192 0)
(-0.0397028 0.00222791 0)
(-0.0304516 0.00829114 0)
(-0.0159077 0.0134288 0)
(0.00280519 0.0178143 0)
(0.0249116 0.0218409 0)
(0.0484131 0.0252552 0)
(0.0725847 0.0276417 0)
(0.0964986 0.0288749 0)
(0.119388 0.0289883 0)
(0.140762 0.0281932 0)
(0.160338 0.0267594 0)
(0.177985 0.0249326 0)
(0.193681 0.0229097 0)
(0.207489 0.0208296 0)
(0.219512 0.0187891 0)
(0.22988 0.0168488 0)
(0.238731 0.0150281 0)
(0.246205 0.0133351 0)
(0.252431 0.0117669 0)
(0.257523 0.0103127 0)
(0.261576 0.00896086 0)
(0.264675 0.00769783 0)
(0.266886 0.00651169 0)
(0.26827 0.00538943 0)
(0.268876 0.00432159 0)
(0.268745 0.00328947 0)
(0.267899 0.00227409 0)
(0.266333 0.00122533 0)
(0.264017 8.13886e-05 0)
(0.260936 -0.00123909 0)
(0.256912 -0.00290923 0)
(0.251707 -0.00534858 0)
(0.243941 -0.00914331 0)
(0.232888 -0.0155336 0)
(0.207854 -0.0260481 0)
(0.187118 -0.0458984 0)
(0.0356252 -0.107963 0)
(0.1432 -0.316059 0)
(0.0533806 0.116385 0)
(0.0767998 0.0931749 0)
(0.101499 0.0568288 0)
(0.12252 0.0335165 0)
(0.137851 0.0206936 0)
(0.151057 0.0137354 0)
(0.165098 0.0100127 0)
(0.180874 0.00816821 0)
(0.198281 0.00744826 0)
(0.21676 0.00733604 0)
(0.235676 0.00746746 0)
(0.25446 0.00762516 0)
(0.272652 0.00770367 0)
(0.289919 0.00766664 0)
(0.306056 0.00751467 0)
(0.320955 0.00726614 0)
(0.334589 0.00694362 0)
(0.346976 0.00657022 0)
(0.358166 0.00616545 0)
(0.368225 0.00574438 0)
(0.377219 0.00531716 0)
(0.385217 0.00489043 0)
(0.39228 0.00446816 0)
(0.398464 0.00405257 0)
(0.403816 0.0036436 0)
(0.408374 0.00324015 0)
(0.412168 0.00283835 0)
(0.415216 0.00243284 0)
(0.417529 0.00201392 0)
(0.419099 0.00157731 0)
(0.419905 0.00110992 0)
(0.419869 0.000589088 0)
(0.418762 -3.7982e-05 0)
(0.416309 -0.000866135 0)
(0.411444 -0.0020001 0)
(0.404967 -0.00341425 0)
(0.389033 -0.00498941 0)
(0.380395 -0.00668762 0)
(0.280249 -0.0173228 0)
(0.453539 -0.126915 0)
)
;

boundaryField
{
    movingWall
    {
        type            fixedValue;
        value           uniform (1 0 0);
    }
    fixedWalls
    {
        type            noSlip;
    }
    frontAndBack
    {
        type            empty;
    }
}


// ************************************************************************* //
