/*--------------------------------*- C++ -*----------------------------------*\
| =========                 |                                                 |
| \\      /  F ield         | OpenFOAM: The Open Source CFD Toolbox           |
|  \\    /   O peration     | Version:  2412                                  |
|   \\  /    A nd           | Website:  www.openfoam.com                      |
|    \\/     M anipulation  |                                                 |
\*---------------------------------------------------------------------------*/
FoamFile
{
    version     2.0;
    format      ascii;
    arch        "LSB;label=32;scalar=64";
    class       volScalarField;
    location    "2.5";
    object      k;
}
// * * * * * * * * * * * * * * * * * * * * * * * * * * * * * * * * * * * * * //

dimensions      [0 2 -2 0 0 0 0];

internalField   nonuniform List<scalar> 
1600
(
4.17441e-05
5.39554e-05
7.0385e-05
8.35508e-05
9.32624e-05
0.000101132
0.000108139
0.000114542
0.000121595
0.000135174
0.000178118
0.000268703
0.000409987
0.00061065
0.00086639
0.00115964
0.00146311
0.00175056
0.00199175
0.00217214
0.00227025
0.00230806
0.00231125
0.00224408
0.00213764
0.00200927
0.00185963
0.00169253
0.00152188
0.00133498
0.00113109
0.000914949
0.000691923
0.000547913
0.000471242
0.000399922
0.000318413
0.000218984
0.000124907
7.1085e-05
5.95189e-05
6.78392e-05
8.98308e-05
0.000110651
0.000128713
0.000145047
0.000161766
0.000182536
0.000213356
0.000263586
0.000345859
0.000468328
0.000628099
0.000810343
0.000994014
0.00115553
0.00127397
0.00138281
0.00144591
0.00147793
0.0015056
0.00151935
0.0015384
0.00155965
0.00159808
0.00163573
0.00167711
0.00170554
0.00171649
0.00171328
0.00166028
0.00154201
0.00135755
0.00107304
0.000770454
0.000500128
0.000301265
0.000179119
0.000105656
9.14736e-05
8.3007e-05
0.000104712
0.000142152
0.000176209
0.000207495
0.000239128
0.000276904
0.000329277
0.000405736
0.000512577
0.000646634
0.000793284
0.000934758
0.00105676
0.00114833
0.00121612
0.00127233
0.00130781
0.00132104
0.00132692
0.00133649
0.00134875
0.00137306
0.0014065
0.00145376
0.00151007
0.00157594
0.00164382
0.00170896
0.00174442
0.00175611
0.0017035
0.00162695
0.0014345
0.0011068
0.000738764
0.000414251
0.000209195
0.000115496
0.000128873
0.000104335
0.000152447
0.000208623
0.000257612
0.000305148
0.000358059
0.000424967
0.000513925
0.000628776
0.000764154
0.000903545
0.0010255
0.00111213
0.001157
0.00117986
0.00119519
0.0011993
0.00116727
0.00112689
0.00109914
0.00107578
0.00106488
0.00106128
0.00106556
0.0010874
0.00112132
0.00117568
0.00124889
0.00134873
0.00147089
0.00160232
0.00167099
0.00169245
0.00163262
0.00147126
0.00107986
0.000636027
0.000294318
0.000144866
0.000171528
0.000125641
0.000209555
0.000287106
0.000353316
0.000420825
0.000499586
0.000596617
0.000713375
0.000843922
0.000973898
0.00107879
0.0011267
0.00114214
0.00114456
0.00113648
0.00109473
0.00101788
0.000951488
0.000911388
0.000884844
0.000872815
0.000869198
0.000872506
0.000889012
0.000909304
0.00093489
0.000968143
0.00101017
0.00106686
0.00114437
0.00125882
0.00144068
0.00160841
0.00167784
0.00167843
0.001507
0.00101175
0.000473649
0.00020753
0.000214932
0.000160972
0.000275878
0.00037588
0.000461169
0.000550462
0.000653696
0.000772249
0.000898848
0.00102006
0.00110224
0.00113256
0.00113438
0.00111945
0.00108218
0.00100624
0.00090378
0.000843674
0.000813783
0.000802341
0.000800656
0.000812227
0.000827621
0.000843855
0.000863917
0.000882683
0.000903677
0.000927917
0.000957207
0.000993784
0.00103943
0.00110307
0.00119699
0.00134992
0.00159991
0.00171873
0.00173474
0.00149781
0.000821387
0.00034204
0.000264569
0.000222967
0.000348861
0.000471384
0.000576343
0.000685845
0.000806887
0.000933718
0.00105122
0.00112194
0.00114412
0.00113729
0.00110686
0.00104736
0.000944036
0.000840502
0.000791095
0.000772321
0.000769291
0.000784194
0.000804276
0.000824949
0.000849673
0.000870709
0.000890643
0.000908078
0.000925412
0.000943721
0.000965026
0.000992033
0.00102682
0.00107088
0.00112877
0.00121095
0.00135939
0.00164375
0.00178543
0.00179469
0.00132882
0.000566678
0.000326776
0.000298376
0.000423932
0.000568594
0.000692185
0.000817587
0.000947688
0.00106992
0.00114416
0.00116618
0.0011551
0.00111099
0.00103215
0.000915457
0.000810429
0.000763317
0.000749552
0.00075001
0.000772111
0.000795767
0.000825468
0.000852029
0.000876512
0.000898709
0.000920275
0.000940369
0.000959714
0.000979046
0.000999823
0.00102467
0.00105406
0.00108808
0.00112598
0.00118095
0.00126635
0.00142975
0.00174456
0.00188492
0.0017857
0.00088514
0.000404726
0.000382942
0.000496932
0.000662029
0.000801747
0.000937733
0.00106912
0.00116322
0.00119452
0.00118941
0.00113573
0.00104621
0.000921056
0.000801726
0.000748168
0.000732577
0.000732968
0.000755275
0.00078452
0.000815042
0.000841193
0.00086611
0.000889709
0.0009127
0.000935305
0.000957819
0.000980085
0.00100217
0.0010245
0.00104902
0.00108044
0.00112018
0.00116773
0.00120929
0.00125221
0.00135186
0.00155595
0.00189207
0.00198864
0.00139681
0.000515591
0.000474057
0.00056419
0.000746595
0.000899119
0.00104031
0.00116322
0.00121955
0.00122631
0.00118054
0.00108878
0.000957088
0.000819144
0.000744249
0.000720144
0.000717692
0.000735698
0.000765821
0.000795256
0.000820685
0.000844226
0.000867355
0.000890337
0.000913748
0.000937577
0.000962122
0.000986881
0.00101171
0.00103745
0.00106414
0.00109338
0.00113206
0.0011849
0.0012496
0.00130931
0.00134364
0.00147726
0.00178141
0.00207368
0.00188685
0.000715813
0.000569305
0.000622741
0.000818277
0.000980561
0.00112452
0.00122579
0.00125685
0.00123954
0.00115631
0.00102251
0.000869806
0.000756957
0.000714025
0.000704786
0.00071317
0.000740927
0.000770557
0.000795295
0.000817683
0.000837802
0.000857039
0.000876593
0.000898091
0.000922582
0.000949895
0.000979465
0.00101013
0.00104053
0.0010709
0.00110388
0.00114104
0.00119048
0.00126087
0.00134722
0.00142034
0.00146559
0.00168527
0.00211136
0.00225226
0.00118959
0.000665901
0.000671185
0.000874776
0.00104371
0.00118621
0.00126592
0.00128079
0.00123411
0.00111751
0.000957865
0.000800347
0.000721202
0.000697008
0.00069533
0.000713426
0.000742824
0.000768921
0.000789787
0.000805878
0.00081869
0.000830793
0.000844686
0.000862446
0.000885513
0.000914333
0.000948635
0.000987147
0.00102782
0.00106839
0.0011074
0.00114834
0.00119632
0.00126299
0.00135855
0.00146791
0.00154311
0.00165493
0.00211272
0.00250964
0.00190743
0.00075986
0.000710768
0.000915342
0.00108801
0.00122685
0.00129018
0.00129309
0.00122105
0.00107557
0.000898747
0.000756163
0.000699266
0.000685548
0.000689535
0.000713034
0.000740816
0.000762016
0.000775083
0.000781899
0.000786055
0.000790165
0.000796972
0.000809043
0.000828813
0.000857668
0.000895803
0.000942074
0.000993924
0.00104785
0.00110053
0.00115052
0.00120266
0.001266
0.00136043
0.00148898
0.00160685
0.00168647
0.00203275
0.0027692
0.00277387
0.000850298
0.000740464
0.000940805
0.001116
0.00125011
0.00130237
0.00129351
0.00120151
0.00103723
0.00085226
0.000728295
0.0006846
0.000676353
0.000685514
0.000710812
0.000734856
0.000747075
0.000750846
0.000750185
0.000745098
0.000740901
0.000739741
0.000744727
0.000759652
0.000786911
0.000827351
0.000880354
0.000943235
0.00101144
0.00107974
0.00114434
0.00120523
0.00127204
0.00136136
0.00149715
0.00166049
0.00177113
0.00198459
0.00295153
0.00363431
0.000935883
0.000760875
0.000951633
0.00112596
0.00125508
0.00130294
0.00128961
0.00118253
0.00100741
0.000820663
0.000710217
0.000673902
0.00066874
0.000681228
0.00070573
0.000721939
0.000726685
0.000724672
0.0007152
0.000701646
0.000688287
0.000680774
0.000679162
0.000687947
0.000711882
0.0007524
0.000809964
0.000882439
0.000964598
0.0010493
0.00113028
0.00120512
0.00127843
0.00136681
0.00149983
0.00168662
0.00185051
0.0020332
0.00300164
0.00441335
0.00101457
0.000771927
0.000949244
0.00112197
0.00125047
0.00129892
0.00128122
0.00116735
0.000986981
0.000800466
0.000698144
0.000665297
0.000661599
0.000674939
0.000696024
0.000705452
0.000706131
0.000697682
0.000681327
0.000661016
0.000641014
0.000626776
0.000621205
0.000623863
0.00064299
0.000680966
0.000739898
0.00081917
0.000913652
0.00101431
0.001112
0.00120138
0.00128465
0.00137545
0.00150519
0.00170468
0.00191779
0.00209328
0.00302585
0.00508838
0.00108448
0.000774676
0.000940287
0.0011096
0.00123798
0.00128881
0.00127087
0.00115746
0.000978225
0.00079434
0.000690825
0.000657986
0.000654294
0.000666748
0.000683189
0.00068878
0.000685965
0.000672913
0.00065216
0.00062774
0.000603919
0.000584878
0.000575846
0.000574731
0.000588333
0.000621521
0.000678356
0.000760762
0.000864886
0.000980132
0.00109423
0.00119953
0.00129253
0.00138713
0.00151335
0.00171563
0.00197154
0.00216976
0.00304122
0.00565434
0.00114327
0.000772001
0.000921786
0.00108545
0.00121496
0.00127215
0.00126017
0.00115425
0.00098088
0.000798115
0.000690398
0.000651824
0.0006465
0.000656598
0.000669237
0.000672693
0.000667414
0.000652094
0.000629511
0.000603632
0.000578548
0.000557791
0.00054582
0.000542504
0.000551239
0.00057863
0.000630755
0.000712784
0.000823536
0.000951301
0.00108188
0.00120014
0.00130418
0.00140328
0.00152662
0.00172743
0.00201534
0.00224657
0.00305754
0.00612206
0.00118954
0.000764798
0.000896964
0.00105467
0.0011847
0.00125144
0.00124909
0.00115588
0.000989836
0.000809308
0.000693552
0.000647298
0.000638629
0.000645258
0.00065503
0.000657346
0.000651097
0.0006356
0.000613414
0.000588263
0.000563958
0.000543701
0.000530767
0.000526335
0.000531931
0.000553237
0.000598697
0.000678061
0.000793112
0.000932886
0.00107721
0.0012078
0.00132151
0.00142426
0.00154362
0.00173821
0.00204967
0.00232678
0.003087
0.00650468
0.0012182
0.000753119
0.000868618
0.00101926
0.00114874
0.00122692
0.00123709
0.00116018
0.0010084
0.000832323
0.00070354
0.00064765
0.000630358
0.000633419
0.0006408
0.000642727
0.000636859
0.000622747
0.000602547
0.00057957
0.000557264
0.00053854
0.000525768
0.000520532
0.000524315
0.000541611
0.000582398
0.000659461
0.000777503
0.000925583
0.00107902
0.001223
0.00134553
0.0014509
0.00156531
0.00175085
0.0020774
0.00240535
0.00313835
0.00682161
0.00121849
0.000738789
0.000836434
0.000980633
0.00110914
0.00119747
0.0012224
0.00116755
0.0010352
0.000866089
0.000725377
0.000652666
0.000626358
0.00062241
0.000626512
0.000628293
0.000623867
0.000612313
0.000594947
0.000574947
0.000555213
0.000538252
0.00052589
0.000520052
0.000522812
0.000537873
0.00057593
0.000652291
0.000772165
0.000925577
0.00109215
0.00124683
0.00137635
0.00148276
0.00159019
0.00176291
0.00209566
0.00248122
0.00321553
0.0070977
0.00120701
0.000721984
0.000802098
0.000939989
0.00106713
0.00116332
0.00120415
0.00117221
0.00106784
0.00090993
0.000761458
0.000667177
0.000628292
0.000614294
0.00061337
0.000613925
0.000611007
0.000602579
0.00058856
0.000571892
0.000554936
0.000539803
0.000528417
0.000522919
0.000525357
0.000538829
0.000575231
0.00065207
0.00077768
0.000940692
0.00111623
0.00127883
0.00141306
0.00151867
0.00161745
0.00177487
0.00210443
0.00255166
0.00332029
0.00734747
0.00117661
0.000701759
0.000766043
0.000897999
0.00102325
0.00112525
0.00118207
0.00117195
0.0011018
0.000962698
0.000813007
0.000698767
0.000638451
0.000614785
0.000604673
0.000601264
0.00059826
0.000592021
0.000581549
0.000568355
0.000554374
0.000541484
0.000531532
0.000527553
0.000530933
0.000545941
0.000585062
0.000667375
0.000799034
0.000968238
0.00114993
0.00131752
0.00145388
0.00155656
0.00164489
0.00178442
0.00210703
0.0026132
0.00344657
0.00758435
0.00112384
0.000678666
0.00073013
0.000854735
0.000977905
0.00108387
0.00115481
0.00116816
0.00112771
0.00102171
0.000879189
0.000751965
0.000664656
0.000623289
0.000605473
0.000595663
0.000588816
0.000582451
0.000574207
0.000564047
0.000553107
0.000542748
0.000534959
0.000533763
0.000539179
0.000558175
0.000603813
0.000694906
0.000833076
0.00100693
0.00119156
0.00136064
0.00149623
0.00159391
0.00167025
0.00178883
0.00209886
0.00266366
0.00359376
0.00781598
0.00105662
0.000650862
0.000694028
0.000810975
0.000931634
0.00103989
0.00112201
0.00115838
0.00114254
0.00107736
0.000955163
0.000826665
0.000719938
0.000650223
0.000616042
0.000598888
0.000588601
0.000579825
0.000571331
0.000562553
0.000553558
0.000545333
0.000540788
0.000542551
0.000552154
0.000578323
0.000635244
0.00073573
0.000879818
0.00105519
0.00123847
0.00140499
0.00153676
0.00162736
0.00169025
0.00178958
0.00207682
0.00269586
0.003756
0.00804878
0.000977998
0.000618444
0.000657176
0.000767266
0.000884985
0.000994167
0.00108428
0.00114046
0.00114687
0.00111625
0.00103426
0.000917065
0.000803732
0.000710702
0.000649452
0.00061627
0.000597229
0.000584691
0.000574716
0.000565888
0.000558008
0.000552352
0.000552526
0.000557891
0.000574454
0.000611648
0.000682059
0.000791124
0.000937913
0.00111004
0.00128693
0.00144663
0.00157164
0.00165288
0.00169975
0.00178057
0.00204368
0.0027105
0.00393202
0.00828583
0.00089199
0.000583008
0.000619648
0.000723966
0.000838637
0.000947495
0.00104271
0.00111395
0.00114537
0.00113861
0.00109863
0.00101292
0.000908169
0.000808486
0.000725126
0.00066469
0.000628985
0.000606627
0.000591543
0.000580914
0.000573482
0.000572017
0.000575721
0.00058771
0.000614635
0.000665544
0.00074614
0.000859979
0.00100388
0.00116687
0.00133216
0.00148105
0.00159476
0.00166518
0.0017017
0.00176155
0.00199695
0.00271362
0.00411776
0.00852984
0.000803064
0.0005452
0.000581872
0.000681597
0.000793188
0.000900797
0.000998852
0.00108077
0.00113612
0.00115252
0.00113947
0.00109598
0.00101637
0.000926781
0.000840529
0.000766669
0.000707702
0.000666228
0.000639765
0.000623617
0.000615101
0.000616737
0.000625023
0.000644509
0.00068235
0.000741883
0.000826904
0.0009381
0.00107189
0.00121972
0.00136885
0.00150074
0.00160394
0.00166759
0.00169028
0.00172897
0.00193349
0.0026794
0.00430992
0.00878181
0.000715668
0.000505966
0.000544204
0.000640658
0.00074926
0.000855139
0.000954343
0.00104276
0.00111346
0.00115269
0.00116518
0.00115164
0.00111174
0.00104516
0.000971236
0.000899383
0.000835459
0.000783917
0.000744792
0.00071892
0.000704765
0.000706346
0.00071554
0.00073719
0.000777762
0.000837367
0.000917271
0.00101712
0.00113404
0.00126166
0.00138771
0.00150667
0.00160118
0.0016539
0.00166266
0.00168153
0.00185482
0.00262171
0.00450336
0.00904211
0.000633841
0.000466461
0.000507158
0.000601601
0.000707522
0.000811653
0.000910978
0.00100285
0.00108288
0.00114405
0.00117723
0.00118744
0.0011764
0.00114505
0.00109368
0.00103618
0.000979132
0.00092799
0.000885824
0.00085492
0.000834746
0.000830982
0.000837032
0.000854095
0.000888223
0.000938266
0.00100444
0.00108654
0.00118137
0.00128257
0.0013917
0.00149609
0.00157835
0.00162066
0.00161777
0.00161782
0.00175885
0.00253467
0.00468974
0.00931057
0.000561126
0.00042795
0.000471452
0.000564913
0.000668727
0.00077154
0.000870626
0.00096405
0.00104953
0.00112256
0.00117493
0.00120749
0.00121881
0.00121181
0.00119048
0.00115371
0.0011114
0.00106876
0.00102996
0.000998214
0.00097502
0.000962587
0.000963804
0.000972314
0.000992521
0.00102721
0.00107553
0.00113537
0.00120405
0.00128625
0.00137626
0.00146445
0.00153517
0.0015676
0.00155543
0.00153573
0.00164454
0.0024148
0.00486082
0.00958732
0.000500378
0.000391756
0.000437905
0.000531167
0.000633814
0.000736221
0.00083536
0.000929534
0.0010178
0.00109717
0.00116381
0.00121093
0.00124204
0.00125529
0.00125214
0.00123924
0.00121409
0.0011833
0.00115132
0.00112161
0.00109663
0.00107817
0.00106815
0.00106869
0.00107503
0.00109158
0.00111938
0.00115657
0.00120694
0.00126868
0.0013393
0.00141178
0.00147143
0.0014947
0.00147469
0.00143632
0.00151206
0.00227409
0.00500492
0.00987169
0.000453685
0.000358985
0.000407882
0.000501295
0.000604205
0.000707647
0.000807794
0.000902919
0.000992637
0.00107518
0.00114786
0.00120733
0.00125014
0.00127802
0.00129052
0.00128897
0.00127987
0.00126073
0.00123554
0.00120851
0.00118227
0.0011589
0.00114023
0.00112802
0.00112293
0.00112523
0.00113479
0.00115539
0.00118694
0.00122947
0.00128177
0.00133857
0.00138685
0.00140091
0.00137418
0.0013176
0.00136192
0.00211319
0.00508144
0.0101619
0.000424424
0.000330778
0.000382289
0.000476643
0.000582298
0.000689319
0.000792025
0.000888691
0.000979026
0.00106221
0.00113658
0.00119987
0.00124896
0.00128372
0.00130495
0.00131211
0.0013088
0.00129803
0.00127782
0.00125284
0.00122561
0.00119844
0.0011733
0.00115211
0.00113632
0.001127
0.00112639
0.00113171
0.00114609
0.00117158
0.00120629
0.00124675
0.00128251
0.001287
0.0012549
0.00118068
0.00120552
0.00196342
0.00510727
0.0104614
0.000413332
0.000308698
0.000363888
0.00046187
0.000573649
0.000684914
0.00078945
0.000886098
0.00097468
0.00105516
0.00112681
0.00118825
0.00123834
0.00127501
0.00129824
0.00130805
0.00130594
0.00129731
0.0012795
0.00125546
0.00122786
0.00119885
0.00117057
0.00114469
0.00112255
0.00110501
0.0010934
0.00108901
0.00109141
0.0011001
0.00111774
0.00114095
0.00116239
0.00115905
0.0011264
0.00106291
0.00112601
0.00189172
0.00509357
0.0107865
0.000424264
0.000297422
0.000356053
0.000460584
0.000575783
0.000687455
0.000789995
0.000882557
0.000965559
0.00103954
0.0011046
0.00116028
0.0012062
0.00124106
0.0012641
0.00127537
0.00127412
0.00126723
0.00125209
0.0012297
0.00120311
0.00117397
0.00114413
0.00111543
0.00108916
0.00106662
0.00104876
0.00103615
0.00102972
0.00103067
0.00103596
0.00104791
0.00106493
0.00106841
0.00105131
0.0010147
0.0011054
0.00188237
0.00511343
0.0111725
0.000445709
0.000299667
0.000356443
0.000461454
0.000575135
0.000682061
0.000777542
0.00086026
0.000931813
0.000993935
0.0010477
0.00109357
0.00113165
0.00116175
0.00118328
0.00119638
0.00119869
0.00119555
0.00118714
0.00117168
0.0011522
0.00113045
0.00110767
0.0010852
0.00106404
0.00104534
0.00103007
0.00101891
0.00101278
0.0010139
0.00101929
0.00103178
0.00105259
0.00107782
0.00109846
0.00114909
0.00136967
0.00233796
0.00563355
0.0116596
0.000602539
0.000343962
0.000412876
0.000522063
0.000631292
0.000732581
0.000822476
0.000900586
0.00096855
0.00102811
0.00108053
0.00112656
0.00116646
0.00120039
0.00122821
0.0012502
0.00126544
0.00127533
0.00128161
0.00128427
0.00128456
0.00128421
0.00128444
0.00128615
0.00129065
0.00130018
0.00131503
0.00133751
0.00136723
0.00140848
0.00146058
0.00152712
0.00161448
0.00171419
0.00186169
0.00205327
0.00245244
0.00360594
0.00665813
0.0123791
0.00131008
0.00135249
0.00180886
0.00208916
0.0022913
0.00245475
0.00258636
0.00269431
0.00278126
0.00285434
0.00291817
0.00297555
0.00302829
0.00307771
0.00312505
0.00317115
0.00321716
0.00326367
0.00331147
0.00336193
0.00341576
0.00347418
0.00353749
0.0036074
0.00368304
0.00376738
0.00385768
0.00395912
0.00406597
0.00418779
0.00431445
0.00446278
0.00461953
0.00480702
0.00503814
0.00539521
0.00582632
0.00688289
0.00894998
0.0135517
0.0088733
0.0135795
0.0163243
0.0173704
0.017756
0.0178749
0.0178561
0.0177873
0.0176487
0.0174843
0.0173077
0.017126
0.0169434
0.0167626
0.0165856
0.0164136
0.0162479
0.0160891
0.0159377
0.015794
0.0156583
0.0155306
0.0154107
0.0152987
0.0151939
0.0150965
0.0150054
0.0149212
0.0148425
0.0147713
0.0147058
0.0146514
0.0146067
0.0145865
0.01459
0.0146077
0.0146746
0.0148038
0.0156031
0.0150817
)
;

boundaryField
{
    movingWall
    {
        type            kqRWallFunction;
        value           nonuniform List<scalar> 
40
(
0.0088733
0.0135795
0.0163243
0.0173704
0.017756
0.0178749
0.0178561
0.0177873
0.0176487
0.0174843
0.0173077
0.017126
0.0169434
0.0167626
0.0165856
0.0164136
0.0162479
0.0160891
0.0159377
0.015794
0.0156583
0.0155306
0.0154107
0.0152987
0.0151939
0.0150965
0.0150054
0.0149212
0.0148425
0.0147713
0.0147058
0.0146514
0.0146067
0.0145865
0.01459
0.0146077
0.0146746
0.0148038
0.0156031
0.0150817
)
;
    }
    fixedWalls
    {
        type            kqRWallFunction;
        value           nonuniform List<scalar> 
120
(
4.17441e-05
5.95189e-05
8.3007e-05
0.000104335
0.000125641
0.000160972
0.000222967
0.000298376
0.000382942
0.000474057
0.000569305
0.000665901
0.00075986
0.000850298
0.000935883
0.00101457
0.00108448
0.00114327
0.00118954
0.0012182
0.00121849
0.00120701
0.00117661
0.00112384
0.00105662
0.000977998
0.00089199
0.000803064
0.000715668
0.000633841
0.000561126
0.000500378
0.000453685
0.000424424
0.000413332
0.000424264
0.000445709
0.000602539
0.00131008
0.0088733
7.1085e-05
9.14736e-05
0.000128873
0.000171528
0.000214932
0.000264569
0.000326776
0.000404726
0.000515591
0.000715813
0.00118959
0.00190743
0.00277387
0.00363431
0.00441335
0.00508838
0.00565434
0.00612206
0.00650468
0.00682161
0.0070977
0.00734747
0.00758435
0.00781598
0.00804878
0.00828583
0.00852984
0.00878181
0.00904211
0.00931057
0.00958732
0.00987169
0.0101619
0.0104614
0.0107865
0.0111725
0.0116596
0.0123791
0.0135517
0.0150817
4.17441e-05
5.39554e-05
7.0385e-05
8.35508e-05
9.32624e-05
0.000101132
0.000108139
0.000114542
0.000121595
0.000135174
0.000178118
0.000268703
0.000409987
0.00061065
0.00086639
0.00115964
0.00146311
0.00175056
0.00199175
0.00217214
0.00227025
0.00230806
0.00231125
0.00224408
0.00213764
0.00200927
0.00185963
0.00169253
0.00152188
0.00133498
0.00113109
0.000914949
0.000691923
0.000547913
0.000471242
0.000399922
0.000318413
0.000218984
0.000124907
7.1085e-05
)
;
    }
    frontAndBack
    {
        type            empty;
    }
}


// ************************************************************************* //
