/*--------------------------------*- C++ -*----------------------------------*\
| =========                 |                                                 |
| \\      /  F ield         | OpenFOAM: The Open Source CFD Toolbox           |
|  \\    /   O peration     | Version:  2412                                  |
|   \\  /    A nd           | Website:  www.openfoam.com                      |
|    \\/     M anipulation  |                                                 |
\*---------------------------------------------------------------------------*/
FoamFile
{
    version     2.0;
    format      ascii;
    arch        "LSB;label=32;scalar=64";
    class       volScalarField;
    location    "2.5";
    object      nut;
}
// * * * * * * * * * * * * * * * * * * * * * * * * * * * * * * * * * * * * * //

dimensions      [0 2 -1 0 0 0 0];

internalField   nonuniform List<scalar> 
1600
(
1.82144e-06
2.07156e-06
2.36979e-06
2.58624e-06
2.73537e-06
2.84911e-06
2.9443e-06
3.02578e-06
3.10962e-06
3.26699e-06
3.73742e-06
4.61148e-06
5.71741e-06
6.99504e-06
8.34259e-06
9.65486e-06
1.08425e-05
1.1853e-05
1.26317e-05
1.31817e-05
1.34658e-05
1.35716e-05
1.3578e-05
1.33723e-05
1.30491e-05
1.26485e-05
1.21667e-05
1.16061e-05
1.10112e-05
1.03211e-05
9.50974e-06
8.56669e-06
7.47324e-06
6.64629e-06
6.17223e-06
5.69602e-06
5.09005e-06
4.22386e-06
3.18426e-06
2.39332e-06
2.1783e-06
4.29172e-06
6.61618e-06
7.88167e-06
8.48697e-06
8.69713e-06
8.63936e-06
8.45747e-06
8.37678e-06
8.57369e-06
9.10644e-06
1.00027e-05
1.10768e-05
1.20795e-05
1.30552e-05
1.36781e-05
1.39748e-05
1.49862e-05
1.58734e-05
1.6573e-05
1.8151e-05
1.9791e-05
2.17273e-05
2.33136e-05
2.487e-05
2.62528e-05
2.7691e-05
2.87575e-05
2.94879e-05
3.04256e-05
3.07652e-05
3.05393e-05
2.97541e-05
2.56316e-05
2.02564e-05
1.47306e-05
9.46228e-06
6.04396e-06
4.02451e-06
2.71087e-06
2.57608e-06
7.40971e-06
1.27998e-05
1.5326e-05
1.61495e-05
1.61667e-05
1.59127e-05
1.57543e-05
1.58565e-05
1.62639e-05
1.68996e-05
1.75545e-05
1.81585e-05
1.87624e-05
1.89687e-05
1.99487e-05
2.13612e-05
2.26823e-05
2.43498e-05
2.58352e-05
2.74304e-05
2.85395e-05
2.97415e-05
3.03842e-05
3.09728e-05
3.13632e-05
3.17488e-05
3.19905e-05
3.22144e-05
3.21334e-05
3.2041e-05
3.05641e-05
3.03367e-05
2.97189e-05
2.56784e-05
2.03152e-05
1.42403e-05
8.58714e-06
4.91113e-06
3.21371e-06
2.88848e-06
1.08146e-05
1.86188e-05
2.18136e-05
2.24933e-05
2.21726e-05
2.16891e-05
2.14943e-05
2.17232e-05
2.22539e-05
2.28456e-05
2.33293e-05
2.36475e-05
2.3743e-05
2.41815e-05
2.5144e-05
2.67586e-05
2.71716e-05
2.73798e-05
2.75269e-05
2.72242e-05
2.70109e-05
2.67212e-05
2.5886e-05
2.55205e-05
2.50028e-05
2.48222e-05
2.47761e-05
2.52115e-05
2.62146e-05
2.75974e-05
2.81189e-05
2.81775e-05
2.73772e-05
2.76431e-05
2.34487e-05
1.75183e-05
1.08936e-05
5.96198e-06
3.70381e-06
3.16334e-06
1.42515e-05
2.41574e-05
2.76932e-05
2.81241e-05
2.75845e-05
2.70746e-05
2.69296e-05
2.71236e-05
2.74764e-05
2.75341e-05
2.69469e-05
2.65304e-05
2.67449e-05
2.82981e-05
2.86314e-05
2.78619e-05
2.70033e-05
2.69866e-05
2.68605e-05
2.68629e-05
2.69121e-05
2.68686e-05
2.67511e-05
2.65583e-05
2.60205e-05
2.53605e-05
2.4448e-05
2.34328e-05
2.23058e-05
2.18665e-05
2.31863e-05
2.48961e-05
2.55356e-05
2.54985e-05
2.59824e-05
2.10834e-05
1.2887e-05
7.10034e-06
4.14494e-06
3.55549e-06
1.72608e-05
2.93334e-05
3.31019e-05
3.32793e-05
3.25992e-05
3.20589e-05
3.18034e-05
3.17122e-05
3.07427e-05
2.97512e-05
2.89139e-05
2.91544e-05
3.00602e-05
2.9682e-05
2.77673e-05
2.75934e-05
2.80973e-05
2.87565e-05
2.93013e-05
3.03454e-05
3.1106e-05
3.13206e-05
3.14975e-05
3.11464e-05
3.04668e-05
2.9456e-05
2.81518e-05
2.66059e-05
2.48133e-05
2.30264e-05
2.13448e-05
2.05595e-05
2.27264e-05
2.37936e-05
2.39566e-05
2.41246e-05
1.69663e-05
8.93427e-06
4.59822e-06
4.18301e-06
1.96218e-05
3.4047e-05
3.80492e-05
3.80082e-05
3.71729e-05
3.64562e-05
3.58389e-05
3.39595e-05
3.25774e-05
3.13946e-05
3.11968e-05
3.1429e-05
3.01867e-05
2.85174e-05
2.918e-05
3.03002e-05
3.13665e-05
3.31213e-05
3.49441e-05
3.62414e-05
3.74819e-05
3.80812e-05
3.81688e-05
3.75684e-05
3.64295e-05
3.47998e-05
3.28232e-05
3.06801e-05
2.84785e-05
2.61851e-05
2.38029e-05
2.14688e-05
1.98007e-05
2.12751e-05
2.23141e-05
2.27284e-05
2.07681e-05
1.09184e-05
5.10791e-06
4.8457e-06
2.14878e-05
3.82044e-05
4.25054e-05
4.2273e-05
4.12089e-05
4.01401e-05
3.7631e-05
3.57444e-05
3.42358e-05
3.31287e-05
3.24973e-05
3.08266e-05
2.96263e-05
3.07916e-05
3.24315e-05
3.39065e-05
3.65812e-05
3.90823e-05
4.20707e-05
4.42339e-05
4.59432e-05
4.69463e-05
4.73111e-05
4.68631e-05
4.5565e-05
4.34189e-05
4.05218e-05
3.71567e-05
3.35714e-05
3.00654e-05
2.67287e-05
2.38343e-05
2.11684e-05
1.93975e-05
2.05037e-05
2.11397e-05
2.17042e-05
1.30664e-05
5.67906e-06
5.49686e-06
2.29075e-05
4.16731e-05
4.64223e-05
4.60162e-05
4.46517e-05
4.20145e-05
3.93152e-05
3.77699e-05
3.54366e-05
3.39527e-05
3.20163e-05
3.04966e-05
3.20026e-05
3.40732e-05
3.60003e-05
3.92652e-05
4.29838e-05
4.68001e-05
5.00306e-05
5.28178e-05
5.49102e-05
5.63732e-05
5.70932e-05
5.70424e-05
5.60895e-05
5.41083e-05
5.09581e-05
4.66795e-05
4.1706e-05
3.65024e-05
3.17151e-05
2.72013e-05
2.31541e-05
2.03178e-05
1.85712e-05
2.003e-05
2.02577e-05
1.65142e-05
6.40579e-06
6.1226e-06
2.38221e-05
4.44231e-05
4.9755e-05
4.91602e-05
4.70813e-05
4.34239e-05
4.15506e-05
3.85724e-05
3.60995e-05
3.36591e-05
3.15084e-05
3.27473e-05
3.51153e-05
3.74921e-05
4.09121e-05
4.54214e-05
4.99511e-05
5.38858e-05
5.73363e-05
6.05436e-05
6.28426e-05
6.45474e-05
6.55104e-05
6.57453e-05
6.51347e-05
6.35699e-05
6.09669e-05
5.70266e-05
5.15832e-05
4.51291e-05
3.84028e-05
3.23033e-05
2.70566e-05
2.19028e-05
1.9054e-05
1.77588e-05
1.90195e-05
1.769e-05
7.56081e-06
6.71524e-06
2.4226e-05
4.64335e-05
5.25016e-05
5.18775e-05
4.85147e-05
4.52261e-05
4.2913e-05
3.93295e-05
3.59873e-05
3.31823e-05
3.29056e-05
3.54403e-05
3.82628e-05
4.13632e-05
4.61456e-05
5.13322e-05
5.60058e-05
6.01443e-05
6.35972e-05
6.66481e-05
6.87874e-05
7.03613e-05
7.14679e-05
7.20296e-05
7.19453e-05
7.10126e-05
6.89473e-05
6.55734e-05
6.08216e-05
5.43609e-05
4.66573e-05
3.8773e-05
3.17634e-05
2.57688e-05
2.02117e-05
1.79326e-05
1.79716e-05
1.79421e-05
9.74132e-06
7.26872e-06
2.41897e-05
4.7723e-05
5.46671e-05
5.39704e-05
4.98092e-05
4.71566e-05
4.36821e-05
3.96265e-05
3.58989e-05
3.32666e-05
3.51335e-05
3.8262e-05
4.13301e-05
4.55201e-05
5.10796e-05
5.65198e-05
6.12942e-05
6.51591e-05
6.80473e-05
7.03792e-05
7.22312e-05
7.3555e-05
7.4616e-05
7.53999e-05
7.58418e-05
7.57479e-05
7.47946e-05
7.25432e-05
6.85171e-05
6.26542e-05
5.49011e-05
4.60248e-05
3.73819e-05
2.99028e-05
2.32433e-05
1.83362e-05
1.75798e-05
1.75337e-05
1.23239e-05
7.76917e-06
2.38943e-05
4.83282e-05
5.62277e-05
5.54427e-05
5.12846e-05
4.86477e-05
4.45226e-05
3.98265e-05
3.57734e-05
3.44677e-05
3.73582e-05
4.08788e-05
4.4316e-05
4.94421e-05
5.54183e-05
6.08176e-05
6.5063e-05
6.81708e-05
7.04611e-05
7.19887e-05
7.34101e-05
7.44554e-05
7.52935e-05
7.61576e-05
7.70238e-05
7.77329e-05
7.79484e-05
7.71491e-05
7.46796e-05
6.9892e-05
6.26723e-05
5.32998e-05
4.34083e-05
3.44038e-05
2.65615e-05
1.97526e-05
1.7138e-05
1.72304e-05
1.48388e-05
8.22169e-06
2.33e-05
4.83428e-05
5.74949e-05
5.70371e-05
5.26321e-05
4.9796e-05
4.51288e-05
4.00719e-05
3.59112e-05
3.6063e-05
3.94083e-05
4.31404e-05
4.71454e-05
5.2908e-05
5.8958e-05
6.36013e-05
6.70494e-05
6.97417e-05
7.13648e-05
7.23648e-05
7.29037e-05
7.363e-05
7.41052e-05
7.48598e-05
7.59704e-05
7.734e-05
7.86572e-05
7.93585e-05
7.86523e-05
7.56292e-05
6.95167e-05
6.04946e-05
4.95756e-05
3.91008e-05
3.01988e-05
2.21832e-05
1.67545e-05
1.75314e-05
1.69659e-05
8.62789e-06
2.24546e-05
4.78334e-05
5.8534e-05
5.78296e-05
5.36589e-05
5.09284e-05
4.57956e-05
4.05623e-05
3.65586e-05
3.76294e-05
4.11886e-05
4.50815e-05
4.95945e-05
5.5671e-05
6.10522e-05
6.50839e-05
6.83053e-05
7.03046e-05
7.13064e-05
7.16368e-05
7.16595e-05
7.1733e-05
7.18113e-05
7.22618e-05
7.33928e-05
7.52007e-05
7.74405e-05
7.95505e-05
8.06452e-05
7.96163e-05
7.53197e-05
6.71379e-05
5.58497e-05
4.39501e-05
3.36816e-05
2.48019e-05
1.77518e-05
1.72371e-05
1.86811e-05
8.9854e-06
2.13668e-05
4.66815e-05
5.85405e-05
5.84429e-05
5.49081e-05
5.19362e-05
4.65887e-05
4.11782e-05
3.71732e-05
3.87568e-05
4.25518e-05
4.66142e-05
5.14023e-05
5.73495e-05
6.20836e-05
6.59883e-05
6.87473e-05
7.02401e-05
7.07477e-05
7.05545e-05
6.99075e-05
6.95619e-05
6.91618e-05
6.91753e-05
7.01022e-05
7.20812e-05
7.4976e-05
7.82849e-05
8.10589e-05
8.20422e-05
7.97411e-05
7.30047e-05
6.18877e-05
4.88046e-05
3.71054e-05
2.73906e-05
1.90084e-05
1.70596e-05
2.00484e-05
9.29153e-06
2.01051e-05
4.54449e-05
5.83598e-05
5.92871e-05
5.60421e-05
5.29334e-05
4.75802e-05
4.22327e-05
3.85777e-05
3.98822e-05
4.35272e-05
4.76619e-05
5.2557e-05
5.80788e-05
6.25156e-05
6.6234e-05
6.86416e-05
6.98167e-05
7.00138e-05
6.94898e-05
6.8258e-05
6.73998e-05
6.676e-05
6.62814e-05
6.68362e-05
6.87288e-05
7.19639e-05
7.61864e-05
8.04004e-05
8.32876e-05
8.31952e-05
7.80628e-05
6.75733e-05
5.35974e-05
4.0296e-05
2.97116e-05
2.05067e-05
1.70649e-05
2.11266e-05
9.54179e-06
1.87975e-05
4.37066e-05
5.77278e-05
5.97713e-05
5.69613e-05
5.39917e-05
4.88296e-05
4.35528e-05
3.92972e-05
4.04061e-05
4.41678e-05
4.82339e-05
5.29883e-05
5.81375e-05
6.24159e-05
6.59146e-05
6.81293e-05
6.91537e-05
6.92029e-05
6.85017e-05
6.7035e-05
6.55791e-05
6.46335e-05
6.37928e-05
6.40993e-05
6.57218e-05
6.89921e-05
7.38403e-05
7.91878e-05
8.37003e-05
8.53081e-05
8.2215e-05
7.28796e-05
5.83455e-05
4.34253e-05
3.17711e-05
2.19968e-05
1.72208e-05
2.19779e-05
9.73457e-06
1.7592e-05
4.15455e-05
5.67667e-05
6.00324e-05
5.78564e-05
5.51073e-05
5.02354e-05
4.46116e-05
4.01858e-05
4.05462e-05
4.37468e-05
4.83602e-05
5.2842e-05
5.76293e-05
6.17683e-05
6.51038e-05
6.72547e-05
6.82648e-05
6.82984e-05
6.75656e-05
6.61544e-05
6.44707e-05
6.32344e-05
6.21749e-05
6.19739e-05
6.31588e-05
6.62647e-05
7.14122e-05
7.79387e-05
8.39479e-05
8.71923e-05
8.5745e-05
7.77257e-05
6.29074e-05
4.63398e-05
3.34278e-05
2.33111e-05
1.75924e-05
2.26507e-05
9.8526e-06
1.60971e-05
3.93018e-05
5.55138e-05
6.0033e-05
5.87872e-05
5.62351e-05
5.16643e-05
4.61795e-05
4.17731e-05
4.09081e-05
4.35038e-05
4.73036e-05
5.21344e-05
5.6703e-05
6.06666e-05
6.38845e-05
6.60218e-05
6.69977e-05
6.70609e-05
6.64419e-05
6.53159e-05
6.38543e-05
6.24695e-05
6.13285e-05
6.08013e-05
6.16452e-05
6.45316e-05
6.98915e-05
7.73312e-05
8.43281e-05
8.92522e-05
8.92453e-05
8.20679e-05
6.73288e-05
4.91997e-05
3.48284e-05
2.43897e-05
1.81615e-05
2.31941e-05
9.85382e-06
1.47214e-05
3.65314e-05
5.38585e-05
5.98346e-05
5.96338e-05
5.73608e-05
5.34783e-05
4.82568e-05
4.36616e-05
4.16849e-05
4.32272e-05
4.64384e-05
5.04899e-05
5.49761e-05
5.90112e-05
6.20972e-05
6.42123e-05
6.52891e-05
6.56833e-05
6.53602e-05
6.44308e-05
6.30472e-05
6.15811e-05
6.06953e-05
6.02074e-05
6.08265e-05
6.36595e-05
6.90884e-05
7.64153e-05
8.44958e-05
9.07395e-05
9.23201e-05
8.62173e-05
7.1497e-05
5.18871e-05
3.58867e-05
2.51819e-05
1.87516e-05
2.36576e-05
9.8069e-06
1.34925e-05
3.3487e-05
5.17666e-05
5.94699e-05
6.03068e-05
5.85e-05
5.52729e-05
5.04781e-05
4.5817e-05
4.2893e-05
4.30935e-05
4.5782e-05
4.88992e-05
5.26796e-05
5.64121e-05
5.95631e-05
6.20175e-05
6.34453e-05
6.40449e-05
6.38864e-05
6.31097e-05
6.18796e-05
6.04678e-05
5.96526e-05
5.90466e-05
5.95289e-05
6.21728e-05
6.79209e-05
7.61287e-05
8.50727e-05
9.23362e-05
9.50781e-05
9.01306e-05
7.53228e-05
5.44354e-05
3.66595e-05
2.5747e-05
1.9417e-05
2.40697e-05
9.68137e-06
1.24643e-05
3.03941e-05
4.92743e-05
5.87784e-05
6.08074e-05
5.96972e-05
5.68989e-05
5.32906e-05
4.82719e-05
4.47969e-05
4.35564e-05
4.51309e-05
4.79537e-05
5.07673e-05
5.38574e-05
5.68434e-05
5.93618e-05
6.09864e-05
6.17827e-05
6.18711e-05
6.13741e-05
6.03294e-05
5.92031e-05
5.8517e-05
5.80659e-05
5.86939e-05
6.1709e-05
6.78625e-05
7.65084e-05
8.60289e-05
9.4027e-05
9.76258e-05
9.344e-05
7.86622e-05
5.67201e-05
3.72856e-05
2.60596e-05
2.00588e-05
2.44542e-05
9.45914e-06
1.16879e-05
2.76173e-05
4.64583e-05
5.75643e-05
6.11665e-05
6.08406e-05
5.85873e-05
5.59656e-05
5.11758e-05
4.73635e-05
4.49818e-05
4.47061e-05
4.68565e-05
4.95339e-05
5.19842e-05
5.4312e-05
5.6517e-05
5.81697e-05
5.9159e-05
5.95166e-05
5.93228e-05
5.84566e-05
5.77928e-05
5.72332e-05
5.7061e-05
5.80431e-05
6.17581e-05
6.83613e-05
7.74259e-05
8.73576e-05
9.58322e-05
0.000100009
9.64016e-05
8.16169e-05
5.8504e-05
3.76934e-05
2.61652e-05
2.0706e-05
2.48245e-05
9.16814e-06
1.0941e-05
2.50348e-05
4.34381e-05
5.58229e-05
6.12971e-05
6.18641e-05
6.03339e-05
5.81821e-05
5.47292e-05
5.02403e-05
4.74199e-05
4.58252e-05
4.61502e-05
4.81393e-05
5.04157e-05
5.25887e-05
5.4399e-05
5.58414e-05
5.68181e-05
5.7252e-05
5.72117e-05
5.65145e-05
5.61807e-05
5.58925e-05
5.61876e-05
5.79322e-05
6.23538e-05
6.95095e-05
7.88996e-05
8.90191e-05
9.76907e-05
0.000102144
9.88721e-05
8.40698e-05
6.01356e-05
3.77366e-05
2.59934e-05
2.13218e-05
2.51911e-05
8.81552e-06
1.0317e-05
2.26941e-05
4.03385e-05
5.35775e-05
6.1125e-05
6.27274e-05
6.20685e-05
6.00559e-05
5.81108e-05
5.41845e-05
5.07154e-05
4.82491e-05
4.68465e-05
4.72489e-05
4.88523e-05
5.06329e-05
5.22712e-05
5.36152e-05
5.45362e-05
5.50062e-05
5.49143e-05
5.47137e-05
5.45338e-05
5.46832e-05
5.56607e-05
5.85539e-05
6.37262e-05
7.13528e-05
8.08717e-05
9.09101e-05
9.94926e-05
0.000103922
0.000100798
8.57155e-05
6.12679e-05
3.75391e-05
2.56144e-05
2.19261e-05
2.5559e-05
8.41296e-06
9.85504e-06
2.0684e-05
3.72402e-05
5.11807e-05
6.04033e-05
6.33503e-05
6.36361e-05
6.22532e-05
6.07276e-05
5.84001e-05
5.46961e-05
5.19009e-05
4.97038e-05
4.82888e-05
4.80417e-05
4.91855e-05
5.03604e-05
5.14239e-05
5.22277e-05
5.28297e-05
5.28798e-05
5.29525e-05
5.32671e-05
5.4157e-05
5.62729e-05
6.00981e-05
6.59546e-05
7.38415e-05
8.3211e-05
9.28667e-05
0.000101066
0.000105083
0.000101796
8.69568e-05
6.19646e-05
3.70145e-05
2.53028e-05
2.25002e-05
2.59322e-05
7.97566e-06
9.47694e-06
1.90429e-05
3.43683e-05
4.86849e-05
5.91169e-05
6.37344e-05
6.5054e-05
6.48315e-05
6.3239e-05
6.20618e-05
5.95849e-05
5.62896e-05
5.38924e-05
5.18745e-05
5.04955e-05
4.96133e-05
4.95589e-05
5.00669e-05
5.06315e-05
5.13267e-05
5.15908e-05
5.21842e-05
5.32762e-05
5.52114e-05
5.82695e-05
6.28375e-05
6.90504e-05
7.68321e-05
8.57027e-05
9.49143e-05
0.000102138
0.000105519
0.000102054
8.72923e-05
6.20686e-05
3.61762e-05
2.4544e-05
2.30402e-05
2.63118e-05
7.52161e-06
9.16723e-06
1.77038e-05
3.1836e-05
4.61961e-05
5.7477e-05
6.37799e-05
6.62386e-05
6.69615e-05
6.59231e-05
6.51896e-05
6.39949e-05
6.17126e-05
5.90203e-05
5.6903e-05
5.51023e-05
5.36653e-05
5.27791e-05
5.22843e-05
5.22049e-05
5.26669e-05
5.33765e-05
5.41857e-05
5.57357e-05
5.83324e-05
6.19183e-05
6.67067e-05
7.27908e-05
8.00263e-05
8.83737e-05
9.62136e-05
0.000102474
0.00010511
0.000101189
8.65285e-05
6.14665e-05
3.50559e-05
2.35742e-05
2.35447e-05
2.66983e-05
7.07069e-06
8.91443e-06
1.66442e-05
2.97146e-05
4.38503e-05
5.56925e-05
6.34991e-05
6.719e-05
6.88561e-05
6.92332e-05
6.82222e-05
6.79047e-05
6.68479e-05
6.49544e-05
6.28028e-05
6.10679e-05
5.9526e-05
5.83314e-05
5.75307e-05
5.71945e-05
5.72388e-05
5.81697e-05
5.8916e-05
6.04994e-05
6.33038e-05
6.68097e-05
7.12344e-05
7.67218e-05
8.335e-05
9.00797e-05
9.66387e-05
0.000101763
0.000103338
9.87728e-05
8.44749e-05
6.00226e-05
3.3675e-05
2.25637e-05
2.39999e-05
2.7091e-05
6.64501e-06
8.71156e-06
1.58513e-05
2.80464e-05
4.17885e-05
5.39823e-05
6.30027e-05
6.79645e-05
7.06826e-05
7.20234e-05
7.1988e-05
7.15734e-05
7.14903e-05
7.06474e-05
6.93098e-05
6.76827e-05
6.63781e-05
6.52481e-05
6.44039e-05
6.39537e-05
6.39028e-05
6.44323e-05
6.57196e-05
6.68112e-05
6.89287e-05
7.2044e-05
7.5882e-05
8.05126e-05
8.53957e-05
9.07745e-05
9.59525e-05
9.95914e-05
9.99027e-05
9.45406e-05
8.0907e-05
5.74054e-05
3.18931e-05
2.13232e-05
2.43983e-05
2.74899e-05
6.26787e-06
8.55958e-06
1.53254e-05
2.6861e-05
4.01519e-05
5.25817e-05
6.24944e-05
6.86989e-05
7.254e-05
7.48073e-05
7.59952e-05
7.59002e-05
7.57757e-05
7.5917e-05
7.54657e-05
7.46916e-05
7.35804e-05
7.26838e-05
7.19296e-05
7.14375e-05
7.12676e-05
7.14862e-05
7.22109e-05
7.35871e-05
7.48232e-05
7.67953e-05
7.95976e-05
8.25951e-05
8.6204e-05
9.00147e-05
9.3423e-05
9.53845e-05
9.43379e-05
8.81743e-05
7.54547e-05
5.34703e-05
2.96153e-05
2.00415e-05
2.47243e-05
2.78939e-05
5.96226e-06
8.46037e-06
1.51179e-05
2.62191e-05
3.91069e-05
5.17556e-05
6.22735e-05
6.96521e-05
7.46553e-05
7.79255e-05
7.99693e-05
8.10393e-05
8.11653e-05
8.10179e-05
8.10664e-05
8.09529e-05
8.05714e-05
7.9912e-05
7.91765e-05
7.85666e-05
7.81393e-05
7.79409e-05
7.80267e-05
7.84597e-05
7.9214e-05
8.00557e-05
8.10691e-05
8.28058e-05
8.47666e-05
8.66151e-05
8.80203e-05
8.81716e-05
8.57685e-05
7.8895e-05
6.74553e-05
4.78184e-05
2.6695e-05
1.86524e-05
2.49345e-05
2.83001e-05
5.76257e-06
8.48129e-06
1.52671e-05
2.61479e-05
3.88796e-05
5.19744e-05
6.29229e-05
7.12549e-05
7.72319e-05
8.13839e-05
8.41723e-05
8.59099e-05
8.66613e-05
8.67773e-05
8.64973e-05
8.60396e-05
8.57101e-05
8.51528e-05
8.4382e-05
8.35814e-05
8.27462e-05
8.19441e-05
8.12165e-05
8.06109e-05
8.01727e-05
7.98197e-05
7.96087e-05
7.95395e-05
7.95496e-05
7.93826e-05
7.88077e-05
7.73001e-05
7.39262e-05
6.69116e-05
5.68859e-05
3.9611e-05
2.24645e-05
1.72503e-05
2.50284e-05
2.87134e-05
5.68512e-06
8.5123e-06
1.6105e-05
2.74017e-05
4.02204e-05
5.24186e-05
6.28394e-05
7.11325e-05
7.73876e-05
8.19724e-05
8.52186e-05
8.73682e-05
8.8653e-05
8.90831e-05
8.8848e-05
8.80859e-05
8.70661e-05
8.61722e-05
8.46875e-05
8.32196e-05
8.16953e-05
8.01119e-05
7.8511e-05
7.6926e-05
7.53155e-05
7.35643e-05
7.18129e-05
7.03624e-05
6.87602e-05
6.67367e-05
6.46241e-05
6.1959e-05
5.8144e-05
5.18196e-05
4.40407e-05
3.16366e-05
1.99582e-05
1.65458e-05
2.52114e-05
2.91553e-05
5.76081e-06
8.8321e-06
1.72491e-05
2.80279e-05
3.959e-05
5.02432e-05
5.90756e-05
6.59756e-05
7.11443e-05
7.49064e-05
7.75477e-05
7.92909e-05
8.0343e-05
8.07349e-05
8.05114e-05
7.97536e-05
7.84045e-05
7.72137e-05
7.5548e-05
7.33639e-05
7.10534e-05
6.85448e-05
6.58916e-05
6.32001e-05
6.03024e-05
5.75726e-05
5.49564e-05
5.23184e-05
4.98812e-05
4.76379e-05
4.51629e-05
4.26401e-05
3.99507e-05
3.59733e-05
3.10518e-05
2.31971e-05
1.61354e-05
1.54934e-05
2.54594e-05
2.96714e-05
5.90651e-06
8.47779e-06
1.50675e-05
2.25695e-05
2.95715e-05
3.54362e-05
4.01442e-05
4.37171e-05
4.63819e-05
4.83312e-05
4.97111e-05
5.06212e-05
5.11314e-05
5.12756e-05
5.10397e-05
5.04535e-05
4.9338e-05
4.81038e-05
4.66868e-05
4.48664e-05
4.28601e-05
4.0745e-05
3.85622e-05
3.63755e-05
3.41969e-05
3.21028e-05
3.01503e-05
2.83197e-05
2.66771e-05
2.52461e-05
2.39105e-05
2.27255e-05
2.16943e-05
2.04246e-05
1.85393e-05
1.59206e-05
1.40164e-05
1.64047e-05
2.58957e-05
3.03109e-05
6.87699e-06
4.75007e-06
5.6675e-06
7.38309e-06
9.12636e-06
1.07069e-05
1.20885e-05
1.32567e-05
1.42532e-05
1.50969e-05
1.58044e-05
1.63844e-05
1.6838e-05
1.71652e-05
1.7358e-05
1.74219e-05
1.7329e-05
1.71185e-05
1.68291e-05
1.64519e-05
1.6016e-05
1.55576e-05
1.50999e-05
1.46558e-05
1.4253e-05
1.39193e-05
1.36632e-05
1.34994e-05
1.34257e-05
1.34781e-05
1.36346e-05
1.39349e-05
1.43658e-05
1.49537e-05
1.56988e-05
1.58659e-05
1.65961e-05
1.98855e-05
2.71868e-05
3.12315e-05
1.01567e-05
5.69591e-06
7.10948e-06
8.09946e-06
8.90526e-06
9.61007e-06
1.02172e-05
1.0738e-05
1.11912e-05
1.1595e-05
1.19634e-05
1.23059e-05
1.26282e-05
1.29345e-05
1.3229e-05
1.35142e-05
1.37944e-05
1.40706e-05
1.43467e-05
1.46294e-05
1.49218e-05
1.52303e-05
1.5557e-05
1.59107e-05
1.62877e-05
1.67038e-05
1.71458e-05
1.76403e-05
1.81575e-05
1.87487e-05
1.93538e-05
2.00781e-05
2.07973e-05
2.1748e-05
2.26621e-05
2.35714e-05
2.44329e-05
2.65704e-05
2.89453e-05
3.26766e-05
2.64449e-05
3.27165e-05
3.58703e-05
3.70013e-05
3.74091e-05
3.75329e-05
3.75126e-05
3.74393e-05
3.72917e-05
3.71166e-05
3.69277e-05
3.67324e-05
3.65351e-05
3.63389e-05
3.61459e-05
3.59575e-05
3.57751e-05
3.55995e-05
3.54314e-05
3.52712e-05
3.51193e-05
3.49759e-05
3.48408e-05
3.47141e-05
3.45952e-05
3.44843e-05
3.43803e-05
3.4284e-05
3.41938e-05
3.41119e-05
3.40363e-05
3.39736e-05
3.39219e-05
3.38988e-05
3.39029e-05
3.39236e-05
3.40014e-05
3.4151e-05
3.50613e-05
3.44712e-05
)
;

boundaryField
{
    movingWall
    {
        type            nutkWallFunction;
        blending        stepwise;
        value           uniform 0;
    }
    fixedWalls
    {
        type            nutkWallFunction;
        blending        stepwise;
        value           uniform 0;
    }
    frontAndBack
    {
        type            empty;
    }
}


// ************************************************************************* //
