/*--------------------------------*- C++ -*----------------------------------*\
| =========                 |                                                 |
| \\      /  F ield         | OpenFOAM: The Open Source CFD Toolbox           |
|  \\    /   O peration     | Version:  2412                                  |
|   \\  /    A nd           | Website:  www.openfoam.com                      |
|    \\/     M anipulation  |                                                 |
\*---------------------------------------------------------------------------*/
FoamFile
{
    version     2.0;
    format      ascii;
    arch        "LSB;label=32;scalar=64";
    class       volScalarField;
    location    "2.5";
    object      p;
}
// * * * * * * * * * * * * * * * * * * * * * * * * * * * * * * * * * * * * * //

dimensions      [0 2 -2 0 0 0 0];

internalField   nonuniform List<scalar> 
1600
(
3.30893e-08
-1.62953e-05
-5.45188e-05
-0.000110506
-0.000180616
-0.000263168
-0.000356806
-0.000457889
-0.000562563
-0.000670201
-0.000784712
-0.000908574
-0.00103717
-0.00117073
-0.00131702
-0.00148291
-0.00167046
-0.00187614
-0.00208439
-0.00226295
-0.00236886
-0.00234303
-0.00211963
-0.00165217
-0.000923769
3.23258e-05
0.00115386
0.00234312
0.00347149
0.00439246
0.00498289
0.00519688
0.00508532
0.00473052
0.00434531
0.00402185
0.00381434
0.00371858
0.00368582
0.00368209
1.04937e-05
-7.17689e-06
-4.40225e-05
-9.80408e-05
-0.000166742
-0.000248473
-0.000341885
-0.000440694
-0.000540598
-0.000638161
-0.000734708
-0.000842873
-0.000975836
-0.00113072
-0.00130544
-0.00150949
-0.0017514
-0.00202276
-0.00229991
-0.00254141
-0.00269086
-0.00268847
-0.00248221
-0.00203755
-0.0013556
-0.000450804
0.000624532
0.00178237
0.00290377
0.00385131
0.00450303
0.00480252
0.00476754
0.00449431
0.00415423
0.00387619
0.00371746
0.00365457
0.00364447
0.00365288
4.70079e-05
2.26242e-05
-1.6347e-05
-6.88069e-05
-0.000134309
-0.000212741
-0.000302078
-0.000397225
-0.000493628
-0.000591596
-0.000696981
-0.000821354
-0.000983684
-0.0011981
-0.00147293
-0.0018114
-0.00220382
-0.00261741
-0.00300665
-0.00332551
-0.00352499
-0.00355785
-0.00338116
-0.00296931
-0.00232458
-0.00145531
-0.000396244
0.000776136
0.00195369
0.00300831
0.00381204
0.00428261
0.00441258
0.00427319
0.00400276
0.00375377
0.00360641
0.0035589
0.00356236
0.00357515
0.000110696
7.36976e-05
3.15728e-05
-2.04946e-05
-8.2177e-05
-0.000156352
-0.000242247
-0.000336576
-0.000438594
-0.000554414
-0.000700592
-0.000899945
-0.00117447
-0.00153717
-0.00198942
-0.00251333
-0.00307213
-0.00362382
-0.00412419
-0.004529
-0.00479391
-0.0048837
-0.00476692
-0.00441776
-0.00383094
-0.00301891
-0.00201296
-0.000854446
0.000381014
0.0015872
0.00263656
0.00340606
0.00383377
0.00394647
0.00383985
0.00365429
0.00351758
0.00346157
0.00345889
0.00346554
0.000195569
0.000152296
9.57513e-05
4.11746e-05
-1.74053e-05
-8.86598e-05
-0.000175674
-0.000280974
-0.000412918
-0.00059008
-0.000836034
-0.00117666
-0.00163062
-0.00219983
-0.00286273
-0.00358024
-0.004306
-0.00499877
-0.00561547
-0.00611237
-0.0064483
-0.00658912
-0.00652596
-0.00626138
-0.00577967
-0.00507421
-0.00416321
-0.00307428
-0.00184859
-0.000549084
0.000731884
0.00187534
0.00276238
0.00331362
0.00354465
0.00354544
0.0034534
0.00339058
0.00335976
0.00334315
0.00028798
0.00022895
0.000160631
0.000102466
4.4807e-05
-2.88425e-05
-0.000128871
-0.000267933
-0.00046647
-0.000750434
-0.00114809
-0.00168268
-0.00235908
-0.00315646
-0.00403155
-0.00493598
-0.00582027
-0.00663303
-0.00732851
-0.00787076
-0.00823464
-0.00840789
-0.00838489
-0.00816219
-0.00774714
-0.00714925
-0.00637056
-0.00542077
-0.00430661
-0.00304482
-0.00167375
-0.000266121
0.00106548
0.00217675
0.00294054
0.00331394
0.0033815
0.00333519
0.00326102
0.00320738
0.000370391
0.000295337
0.00021026
0.000144522
8.17427e-05
-5.62707e-06
-0.000137952
-0.000337973
-0.000636198
-0.00106515
-0.00165374
-0.00241144
-0.003322
-0.00434167
-0.00541188
-0.00647102
-0.00745933
-0.00832532
-0.00903415
-0.00956451
-0.00990555
-0.0100536
-0.010019
-0.0098146
-0.00944958
-0.0089336
-0.00827392
-0.0074742
-0.00652825
-0.00542177
-0.00413921
-0.00268374
-0.00110638
0.00047141
0.00184692
0.00279581
0.00321594
0.00324768
0.00314416
0.00304652
0.000420638
0.000330091
0.00022428
0.00014448
6.69702e-05
-4.87204e-05
-0.000231869
-0.000517703
-0.000942742
-0.00154398
-0.0023423
-0.00332842
-0.00446159
-0.00567347
-0.00688802
-0.00803362
-0.00905242
-0.00990633
-0.0105774
-0.0110613
-0.0113596
-0.0114782
-0.0114302
-0.0112275
-0.0108834
-0.0104124
-0.00982576
-0.00913006
-0.00832264
-0.00738558
-0.00628311
-0.00496796
-0.00340553
-0.00162258
0.000225448
0.00182023
0.00280002
0.00307317
0.0030078
0.00284459
0.000418063
0.000312566
0.000182135
8.05107e-05
-2.14892e-05
-0.000177219
-0.000428904
-0.000818749
-0.00138797
-0.00217399
-0.00318264
-0.00438221
-0.00570121
-0.00704978
-0.00834266
-0.0095105
-0.0105095
-0.0113212
-0.0119437
-0.0123833
-0.0126471
-0.0127443
-0.0126843
-0.0124777
-0.0121385
-0.0116837
-0.0111282
-0.0104838
-0.00975566
-0.00893481
-0.00799137
-0.00686897
-0.00548808
-0.00377663
-0.00175308
0.00033936
0.001989
0.0027635
0.00282631
0.00255188
0.000344995
0.000225484
6.84399e-05
-6.07342e-05
-0.000195281
-0.000402251
-0.000734632
-0.00123705
-0.00195805
-0.00292616
-0.00412877
-0.0055054
-0.00695759
-0.00838483
-0.0097018
-0.0108527
-0.0118144
-0.0125848
-0.0131714
-0.013583
-0.0138274
-0.0139117
-0.0138426
-0.0136292
-0.0132862
-0.0128303
-0.0122787
-0.0116477
-0.0109492
-0.0101853
-0.00933986
-0.00837045
-0.00719746
-0.00570556
-0.00379235
-0.00150873
0.000728685
0.00218377
0.00249672
0.00213151
0.000190212
5.95007e-05
-0.000123155
-0.000283959
-0.000457447
-0.000723292
-0.00113998
-0.00175788
-0.00262583
-0.00375851
-0.00512372
-0.00663106
-0.00816649
-0.00962607
-0.010934
-0.0120553
-0.0129839
-0.0137273
-0.0142955
-0.0146958
-0.0149334
-0.0150125
-0.0149374
-0.0147165
-0.0143642
-0.013897
-0.0133338
-0.0126942
-0.011995
-0.0112458
-0.0104441
-0.00956557
-0.00855132
-0.00729324
-0.00563808
-0.00346215
-0.000915116
0.00121866
0.00195865
0.00165676
-4.80155e-05
-0.000185359
-0.000391007
-0.000585357
-0.000801713
-0.00112813
-0.00162734
-0.00235493
-0.0033533
-0.0046243
-0.00611297
-0.00770771
-0.00928647
-0.010748
-0.0120347
-0.01313
-0.0140387
-0.0147715
-0.0153368
-0.015739
-0.0159795
-0.0160598
-0.0159821
-0.0157538
-0.0153886
-0.0149032
-0.0143187
-0.0136576
-0.0129404
-0.0121825
-0.0113901
-0.0105537
-0.00963713
-0.00855944
-0.0071749
-0.00527798
-0.00275346
-0.000123234
0.00123907
0.00112182
-0.000361502
-0.000501064
-0.0007259
-0.000953104
-0.00121223
-0.00159605
-0.00217214
-0.00299547
-0.00410061
-0.00547834
-0.00705281
-0.0086995
-0.0102931
-0.0117426
-0.0130091
-0.014089
-0.0149918
-0.0157276
-0.0163021
-0.016716
-0.0169674
-0.0170543
-0.0169773
-0.0167423
-0.016362
-0.0158538
-0.0152413
-0.01455
-0.0138045
-0.0130249
-0.0122232
-0.0114001
-0.0105361
-0.00957738
-0.00841096
-0.00683151
-0.00456507
-0.00172726
0.000301779
0.000433587
-0.000734969
-0.00087273
-0.00111183
-0.0013687
-0.00166775
-0.00210346
-0.00274503
-0.00364467
-0.0048301
-0.00628204
-0.00791015
-0.00958218
-0.011174
-0.0126087
-0.0138622
-0.0149377
-0.0158459
-0.016595
-0.0171872
-0.01762
-0.0178881
-0.0179864
-0.0179133
-0.017673
-0.0172769
-0.0167432
-0.0160981
-0.0153709
-0.0145906
-0.0137817
-0.0129613
-0.0121362
-0.0112983
-0.0104137
-0.00940331
-0.00810219
-0.00619206
-0.00344362
-0.000917985
-0.000471151
-0.00114869
-0.00128104
-0.00152885
-0.00181071
-0.00214559
-0.00262418
-0.00331576
-0.00426991
-0.00550836
-0.00700488
-0.00866091
-0.0103399
-0.0119227
-0.0133456
-0.014594
-0.015674
-0.0165955
-0.0173644
-0.0179796
-0.0184357
-0.0187242
-0.0188373
-0.018771
-0.0185276
-0.0181166
-0.0175571
-0.0168774
-0.0161109
-0.015292
-0.01445
-0.0136062
-0.012772
-0.0119465
-0.0111092
-0.0102073
-0.0091216
-0.007563
-0.0051197
-0.00239725
-0.0015891
-0.00158049
-0.00170523
-0.00195596
-0.00225692
-0.00262111
-0.00313058
-0.003856
-0.00484327
-0.00610882
-0.0076236
-0.00928729
-0.0109618
-0.0125339
-0.0139498
-0.0151996
-0.0162898
-0.0172292
-0.0180206
-0.0186607
-0.0191415
-0.0194517
-0.0195812
-0.0195238
-0.0192796
-0.0188564
-0.018273
-0.0175597
-0.0167539
-0.0158954
-0.0150191
-0.0141507
-0.013305
-0.0124855
-0.0116809
-0.010857
-0.00993223
-0.008673
-0.00663063
-0.00401984
-0.00284498
-0.00200822
-0.00212436
-0.00237268
-0.00268546
-0.00307017
-0.00359933
-0.0043423
-0.00534212
-0.00661083
-0.00812116
-0.00977725
-0.0114399
-0.0130018
-0.0144148
-0.0156702
-0.0167737
-0.0177318
-0.0185455
-0.0192091
-0.019713
-0.0200437
-0.020189
-0.0201412
-0.0198983
-0.0194662
-0.0188633
-0.0181203
-0.0172783
-0.0163825
-0.0154739
-0.0145824
-0.0137259
-0.0129106
-0.0121309
-0.0113662
-0.0105627
-0.00954383
-0.00790621
-0.00563374
-0.00411625
-0.00241273
-0.00251916
-0.00276076
-0.00307794
-0.00347478
-0.00401301
-0.00475706
-0.00574894
-0.00700134
-0.00848757
-0.010121
-0.0117661
-0.0133186
-0.0147316
-0.0159949
-0.0171122
-0.0180878
-0.0189208
-0.0196042
-0.0201269
-0.0204743
-0.0206326
-0.0205933
-0.0203529
-0.0199154
-0.0192982
-0.0185319
-0.0176598
-0.0167325
-0.0157966
-0.0148866
-0.014023
-0.0132136
-0.012456
-0.0117375
-0.0110227
-0.0101912
-0.00891404
-0.00708092
-0.00532927
-0.00277874
-0.00287451
-0.00310687
-0.00342083
-0.00382137
-0.00435806
-0.00508911
-0.00605479
-0.00727297
-0.00871722
-0.0103123
-0.0119345
-0.013477
-0.0148914
-0.0161631
-0.0172928
-0.0182826
-0.0191303
-0.0198279
-0.0203634
-0.0207218
-0.0208886
-0.020855
-0.0206167
-0.0201762
-0.0195498
-0.0187676
-0.0178744
-0.0169244
-0.0159696
-0.0150486
-0.0141838
-0.0133841
-0.0126484
-0.0119673
-0.0113172
-0.0106204
-0.00963403
-0.00821406
-0.00648761
-0.00309425
-0.00318099
-0.00340159
-0.00370491
-0.00410044
-0.00462538
-0.00533153
-0.00625713
-0.00742278
-0.00880771
-0.0103489
-0.0119419
-0.0134722
-0.014887
-0.0161658
-0.0173055
-0.0183058
-0.0191631
-0.019869
-0.0204111
-0.0207746
-0.0209448
-0.0209131
-0.020675
-0.0202324
-0.0196007
-0.0188093
-0.0179038
-0.0169413
-0.0159776
-0.0150546
-0.014196
-0.0134106
-0.0126976
-0.0120492
-0.0114485
-0.0108444
-0.0100753
-0.0089813
-0.00752522
-0.00335496
-0.00343384
-0.00363468
-0.0039247
-0.00430744
-0.00481143
-0.0054821
-0.00635579
-0.00745288
-0.0087638
-0.0102374
-0.0117871
-0.0133002
-0.0147116
-0.0159947
-0.0171414
-0.0181486
-0.0190112
-0.0197202
-0.0202635
-0.0206269
-0.0207961
-0.0207628
-0.0205228
-0.0200781
-0.0194432
-0.0186478
-0.0177381
-0.0167728
-0.0158107
-0.0148957
-0.0140516
-0.0132864
-0.012598
-0.0119791
-0.0114169
-0.0108802
-0.0102691
-0.00941683
-0.008316
-0.00355888
-0.0036279
-0.00381004
-0.00408085
-0.00444303
-0.00491817
-0.00554391
-0.00635524
-0.00737228
-0.00859731
-0.00999023
-0.0114764
-0.0129591
-0.0143603
-0.015644
-0.0167951
-0.0178064
-0.0186711
-0.0193796
-0.0199201
-0.0202793
-0.0204439
-0.0204061
-0.0201621
-0.0197145
-0.0190779
-0.0182828
-0.0173763
-0.0164185
-0.0154688
-0.0145718
-0.0137506
-0.0130114
-0.0123499
-0.0117582
-0.0112262
-0.0107435
-0.0102451
-0.00956626
-0.00879744
-0.00370809
-0.0037669
-0.00392918
-0.004176
-0.00451147
-0.0049513
-0.00552555
-0.00626697
-0.00719693
-0.00832272
-0.00961875
-0.0110231
-0.0124554
-0.0138342
-0.0151119
-0.016264
-0.0172772
-0.0181418
-0.0188475
-0.0193828
-0.0197351
-0.0198923
-0.0198476
-0.0195982
-0.0191475
-0.018511
-0.0177209
-0.016826
-0.0158864
-0.014961
-0.0140923
-0.0133017
-0.0125935
-0.0119608
-0.0113939
-0.0108853
-0.0104505
-0.0100287
-0.00947518
-0.00896874
-0.00380777
-0.00385657
-0.00399698
-0.00421577
-0.00451938
-0.00491882
-0.00543745
-0.00610413
-0.00694222
-0.00795922
-0.00914262
-0.0104479
-0.0118083
-0.013147
-0.0144071
-0.0155536
-0.0165652
-0.0174279
-0.0181297
-0.0186587
-0.0190033
-0.0191521
-0.0190997
-0.0188445
-0.0183916
-0.0177579
-0.0169786
-0.0161039
-0.0151935
-0.0143037
-0.0134732
-0.0127205
-0.0120473
-0.0114447
-0.0109009
-0.0104112
-0.0100125
-0.00963734
-0.00919351
-0.00886517
-0.00386496
-0.00390363
-0.00402042
-0.00420812
-0.00447524
-0.00483019
-0.00529063
-0.00588103
-0.00662391
-0.00752881
-0.00859002
-0.00978033
-0.0110469
-0.0123228
-0.0135475
-0.0146766
-0.0156803
-0.0165383
-0.0172353
-0.0177582
-0.0180955
-0.0182367
-0.0181777
-0.0179186
-0.0174672
-0.0168424
-0.0160824
-0.0152384
-0.014368
-0.013523
-0.0127383
-0.0120286
-0.0113931
-0.0108208
-0.0102986
-0.00982163
-0.00945052
-0.00909517
-0.00875888
-0.00853678
-0.00388748
-0.00391548
-0.00400707
-0.00416156
-0.00438837
-0.00469558
-0.00509692
-0.00561229
-0.00626009
-0.00705352
-0.00799032
-0.009055
-0.0102095
-0.0113989
-0.0125654
-0.0136597
-0.0146441
-0.0154914
-0.0161814
-0.0166983
-0.01703
-0.0171662
-0.0171043
-0.0168461
-0.0164031
-0.015797
-0.0150678
-0.0142662
-0.013446
-0.0126536
-0.011919
-0.0112539
-0.0106561
-0.0101129
-0.00961034
-0.00914201
-0.00879473
-0.00843432
-0.00819379
-0.00803452
-0.00388244
-0.00389958
-0.00396498
-0.00408446
-0.00426819
-0.00452552
-0.00486811
-0.00531123
-0.00586871
-0.00655451
-0.007371
-0.0083078
-0.00933948
-0.0104234
-0.0115093
-0.0125477
-0.0134963
-0.0143219
-0.0149992
-0.0155086
-0.0158364
-0.0159719
-0.0159133
-0.0156642
-0.0152404
-0.0146662
-0.0139808
-0.0132326
-0.0124702
-0.0117344
-0.0110504
-0.0104281
-0.00986481
-0.00934751
-0.00886167
-0.00839784
-0.00807005
-0.00769321
-0.0075366
-0.00740447
-0.0038559
-0.00386257
-0.00390168
-0.00398462
-0.00412353
-0.00432983
-0.00461467
-0.0049892
-0.00546435
-0.00605117
-0.00675561
-0.00757065
-0.00847906
-0.00944859
-0.0104373
-0.0114008
-0.0122961
-0.0130861
-0.0137413
-0.0142391
-0.0145631
-0.0147024
-0.0146544
-0.0144263
-0.0140341
-0.0135049
-0.0128749
-0.0121876
-0.0114863
-0.0108061
-0.010169
-0.00958402
-0.009049
-0.00855212
-0.00807865
-0.00761533
-0.00730742
-0.00689428
-0.0068265
-0.00668287
-0.00381305
-0.00380999
-0.00382347
-0.00386881
-0.00396184
-0.00411668
-0.00434521
-0.00465608
-0.0050577
-0.00555797
-0.00616265
-0.00686836
-0.00766218
-0.00851995
-0.00940709
-0.0102846
-0.0111129
-0.011855
-0.0124791
-0.0129599
-0.0132792
-0.0134262
-0.013398
-0.0132003
-0.0128498
-0.0123738
-0.0118048
-0.0111803
-0.0105376
-0.00990732
-0.00930954
-0.00875317
-0.00823782
-0.00775342
-0.00728679
-0.00681947
-0.00653122
-0.00606252
-0.00608559
-0.00587079
-0.00375843
-0.00374653
-0.0037353
-0.00374235
-0.00378888
-0.00389257
-0.00406696
-0.00431991
-0.00465682
-0.0050838
-0.00560446
-0.00621721
-0.00691157
-0.00766883
-0.00846088
-0.00925355
-0.0100113
-0.0106994
-0.0112864
-0.0117465
-0.0120604
-0.0122168
-0.0122125
-0.0120517
-0.0117482
-0.011327
-0.0108173
-0.0102511
-0.00966003
-0.00907072
-0.00850214
-0.00796404
-0.00745775
-0.00697646
-0.00651029
-0.0060355
-0.00577147
-0.00522597
-0.00531493
-0.00493479
-0.00369581
-0.00367601
-0.00364086
-0.00360912
-0.00360884
-0.00366229
-0.00378534
-0.00398613
-0.00426793
-0.00463428
-0.00508735
-0.00562507
-0.00623847
-0.00691181
-0.00762205
-0.00833969
-0.00903258
-0.00966883
-0.010219
-0.0106578
-0.0109657
-0.0111314
-0.0111512
-0.0110275
-0.0107709
-0.0104014
-0.00994495
-0.00942875
-0.00887947
-0.00832096
-0.00777106
-0.00724016
-0.00673168
-0.00624338
-0.00576999
-0.00528522
-0.00505468
-0.00440597
-0.00456175
-0.00390024
-0.00362858
-0.00360171
-0.00354276
-0.0034716
-0.00342449
-0.00342919
-0.00350422
-0.0036588
-0.00389485
-0.00421293
-0.00461373
-0.00509405
-0.00564551
-0.00625352
-0.00689809
-0.00755411
-0.00819286
-0.00878509
-0.00930329
-0.00972356
-0.0100272
-0.0102017
-0.0102426
-0.0101518
-0.0099372
-0.00961438
-0.00920393
-0.00872889
-0.00821257
-0.00767574
-0.00713498
-0.00660134
-0.0060802
-0.00557408
-0.00508303
-0.00458253
-0.00438532
-0.00359919
-0.00395761
-0.00292165
-0.00356051
-0.00352715
-0.00344264
-0.0033311
-0.0032375
-0.00319587
-0.00322711
-0.00334173
-0.00354078
-0.00382246
-0.00418482
-0.00462338
-0.00512959
-0.00568985
-0.00628552
-0.00689405
-0.00749008
-0.00804723
-0.00854008
-0.00894601
-0.00924698
-0.0094309
-0.00949177
-0.00942974
-0.00925114
-0.00896832
-0.00859763
-0.00815803
-0.0076687
-0.00714737
-0.00660927
-0.00606563
-0.005523
-0.00498779
-0.00446457
-0.00393314
-0.00373404
-0.0027684
-0.00350586
-0.00197733
-0.00349554
-0.00345582
-0.00334148
-0.00318862
-0.00304961
-0.00296431
-0.00295598
-0.00303619
-0.00320551
-0.00346034
-0.00379609
-0.00420644
-0.00468169
-0.00520855
-0.0057698
-0.00634449
-0.00690936
-0.00744042
-0.00791477
-0.00831124
-0.00861245
-0.00880633
-0.00888645
-0.00885156
-0.00870586
-0.00845892
-0.00812413
-0.0077167
-0.00725228
-0.00674547
-0.00620877
-0.00565222
-0.00508243
-0.00450743
-0.00393402
-0.00334635
-0.0030679
-0.00186487
-0.00279703
-0.000243036
-0.00344446
-0.00339141
-0.00324225
-0.00304553
-0.00286098
-0.00273285
-0.00268695
-0.00273542
-0.00287907
-0.00311283
-0.00342993
-0.00382195
-0.00427795
-0.00478403
-0.00532336
-0.00587657
-0.00642199
-0.00693739
-0.00740177
-0.0077957
-0.00810252
-0.00830991
-0.00841114
-0.00840415
-0.00829162
-0.00808057
-0.00778132
-0.00740628
-0.00696807
-0.00647801
-0.00594641
-0.00537981
-0.00478262
-0.00415979
-0.0035198
-0.00285166
-0.00240986
-0.00090015
-0.00133259
0.00341134
-0.00341782
-0.00333505
-0.00314452
-0.00289401
-0.00265634
-0.00247838
-0.00238983
-0.00240401
-0.00252174
-0.00273633
-0.00303904
-0.0034196
-0.00386571
-0.00436264
-0.00489338
-0.0054392
-0.00597962
-0.00649353
-0.00696078
-0.0073637
-0.00768692
-0.0079178
-0.00804672
-0.0080718
-0.00799621
-0.00782476
-0.00756433
-0.00722401
-0.00681359
-0.0063417
-0.00581953
-0.00524698
-0.00462566
-0.00395257
-0.00322382
-0.00241685
-0.00172359
0.000198919
0.000654761
0.00752901
-0.00350288
-0.00335524
-0.00308013
-0.0027398
-0.0024145
-0.0021637
-0.00201916
-0.00199349
-0.00208507
-0.00228327
-0.00257662
-0.00295314
-0.00339911
-0.00389895
-0.0044353
-0.00498944
-0.00554198
-0.00607295
-0.00656204
-0.00699052
-0.00734209
-0.00760518
-0.00777188
-0.00783814
-0.00780343
-0.00767088
-0.00744689
-0.00713937
-0.00675635
-0.00630438
-0.00578478
-0.00520263
-0.00455223
-0.00381382
-0.00293953
-0.00180266
-0.00048788
0.00245172
0.00301842
0.0082307
-0.00342838
-0.00314984
-0.00280409
-0.00243468
-0.00206344
-0.00176098
-0.00157688
-0.00152465
-0.00160504
-0.0018048
-0.00210513
-0.00249181
-0.00295047
-0.00346518
-0.00401863
-0.0045923
-0.00516621
-0.00571971
-0.00623353
-0.0066898
-0.00707248
-0.007369
-0.00757129
-0.00767361
-0.00767361
-0.00757351
-0.0073788
-0.00709602
-0.00673156
-0.00628989
-0.00577202
-0.00517149
-0.00446367
-0.00358136
-0.00239051
-0.000480219
0.00250209
0.00831876
0.00871016
0.0133051
-0.00514713
-0.00452897
-0.00371645
-0.0028513
-0.00216584
-0.00170798
-0.00145201
-0.00136851
-0.00143118
-0.00161939
-0.00191558
-0.00230267
-0.00276408
-0.00328312
-0.00384233
-0.00442306
-0.00500528
-0.00556833
-0.00609303
-0.00656189
-0.00695904
-0.00727133
-0.00748928
-0.00760656
-0.00762054
-0.00753275
-0.00734764
-0.00707056
-0.00670642
-0.00625747
-0.00571885
-0.00506788
-0.00424858
-0.00312109
-0.00138585
0.00173764
0.00728217
0.0177059
0.023652
0.0536642
-0.0032597
0.000429357
0.000619075
-0.000274178
-0.000671261
-0.000712372
-0.000745544
-0.000861789
-0.00105486
-0.00132353
-0.00167198
-0.00209505
-0.00258123
-0.0031169
-0.0036869
-0.00427418
-0.00486005
-0.00542512
-0.00595065
-0.00641941
-0.00681593
-0.00712737
-0.00734438
-0.00746123
-0.00747558
-0.00738858
-0.00720385
-0.00692601
-0.0065576
-0.0060957
-0.00552464
-0.00480518
-0.00385114
-0.00247994
-0.000413244
0.00312503
0.00878579
0.0211583
0.0430607
0.135453
)
;

boundaryField
{
    movingWall
    {
        type            zeroGradient;
    }
    fixedWalls
    {
        type            zeroGradient;
    }
    frontAndBack
    {
        type            empty;
    }
}


// ************************************************************************* //
