/*--------------------------------*- C++ -*----------------------------------*\
| =========                 |                                                 |
| \\      /  F ield         | OpenFOAM: The Open Source CFD Toolbox           |
|  \\    /   O peration     | Version:  2412                                  |
|   \\  /    A nd           | Website:  www.openfoam.com                      |
|    \\/     M anipulation  |                                                 |
\*---------------------------------------------------------------------------*/
FoamFile
{
    version     2.0;
    format      ascii;
    arch        "LSB;label=32;scalar=64";
    class       surfaceScalarField;
    location    "2.5";
    object      phi;
}
// * * * * * * * * * * * * * * * * * * * * * * * * * * * * * * * * * * * * * //

dimensions      [0 3 -1 0 0 0 0];

oriented        oriented;

internalField   nonuniform List<scalar> 
3120
(
3.23402e-08
-3.23433e-08
6.45265e-08
-3.21865e-08
8.47751e-08
-2.02488e-08
9.54051e-08
-1.06301e-08
1.00775e-07
-5.37035e-09
1.02366e-07
-1.59123e-09
9.76239e-08
4.74237e-09
8.22984e-08
1.53254e-08
5.24882e-08
2.98101e-08
5.87938e-09
4.66088e-08
-6.15658e-08
6.74451e-08
-1.58763e-07
9.71972e-08
-2.97589e-07
1.38826e-07
-4.85606e-07
1.88017e-07
-7.21693e-07
2.36087e-07
-9.98232e-07
2.76539e-07
-1.30143e-06
3.03194e-07
-1.61262e-06
3.11195e-07
-1.91007e-06
2.97451e-07
-2.17279e-06
2.62717e-07
-2.38403e-06
2.11241e-07
-2.53216e-06
1.48132e-07
-2.6109e-06
7.87385e-08
-2.61783e-06
6.92747e-09
-2.54824e-06
-6.95836e-08
-2.40224e-06
-1.46008e-07
-2.18074e-06
-2.21497e-07
-1.88863e-06
-2.92106e-07
-1.53667e-06
-3.5196e-07
-1.14322e-06
-3.93455e-07
-7.35141e-07
-4.08077e-07
-3.46839e-07
-3.88302e-07
-1.61566e-08
-3.30682e-07
2.25993e-07
-2.4215e-07
3.49598e-07
-1.23605e-07
3.60348e-07
-1.07499e-08
2.84912e-07
7.54352e-08
1.73425e-07
1.11488e-07
6.94329e-08
1.03992e-07
6.94329e-08
3.35564e-08
-6.58998e-08
5.61761e-08
-5.48063e-08
5.8744e-08
-2.28169e-08
4.75622e-08
5.51543e-10
2.77839e-08
1.44078e-08
-5.09608e-10
2.67022e-08
-4.19741e-08
4.62068e-08
-1.05415e-07
7.87666e-08
-2.02096e-07
1.26491e-07
-3.45375e-07
1.89888e-07
-5.45071e-07
2.67141e-07
-8.02715e-07
3.54841e-07
-1.11108e-06
4.47186e-07
-1.45834e-06
5.35284e-07
-1.83001e-06
6.07756e-07
-2.20645e-06
6.52976e-07
-2.56556e-06
6.62306e-07
-2.88784e-06
6.33476e-07
-3.16052e-06
5.70126e-07
-3.37645e-06
4.7865e-07
-3.5329e-06
3.67691e-07
-3.62867e-06
2.439e-07
-3.66063e-06
1.10699e-07
-3.62404e-06
-2.96598e-08
-3.51792e-06
-1.75704e-07
-3.33874e-06
-3.25193e-07
-3.08495e-06
-4.75279e-07
-2.7578e-06
-6.19265e-07
-2.36404e-06
-7.45718e-07
-1.91792e-06
-8.39574e-07
-1.44249e-06
-8.83508e-07
-9.68888e-07
-8.61902e-07
-5.31409e-07
-7.68161e-07
-1.67537e-07
-6.06022e-07
9.83952e-08
-3.89537e-07
2.41064e-07
-1.53419e-07
2.64738e-07
5.17611e-08
1.96541e-07
1.79685e-07
8.86483e-08
2.11884e-07
1.58081e-07
1.51759e-08
-8.10757e-08
6.44836e-09
-4.60788e-08
-2.2522e-08
6.15337e-09
-6.50254e-08
4.30549e-08
-1.19627e-07
6.9009e-08
-1.91007e-07
9.80823e-08
-2.89216e-07
1.44415e-07
-4.27008e-07
2.16559e-07
-6.1597e-07
3.15452e-07
-8.62222e-07
4.3614e-07
-1.16527e-06
5.70193e-07
-1.51768e-06
7.07249e-07
-1.90486e-06
8.34364e-07
-2.30643e-06
9.36853e-07
-2.69936e-06
1.00068e-06
-3.0627e-06
1.01632e-06
-3.38322e-06
9.82819e-07
-3.65508e-06
9.05339e-07
-3.8779e-06
7.9295e-07
-4.05336e-06
6.54109e-07
-4.18121e-06
4.95539e-07
-4.25996e-06
3.22644e-07
-4.28751e-06
1.38255e-07
-4.25987e-06
-5.73034e-08
-4.17255e-06
-2.63026e-07
-4.02127e-06
-4.76472e-07
-3.80279e-06
-6.93753e-07
-3.51302e-06
-9.09033e-07
-3.14901e-06
-1.10973e-06
-2.71301e-06
-1.27557e-06
-2.21643e-06
-1.38009e-06
-1.68367e-06
-1.39466e-06
-1.15537e-06
-1.29646e-06
-6.77058e-07
-1.08434e-06
-2.8618e-07
-7.80414e-07
-1.24877e-08
-4.27111e-07
1.25051e-07
-8.5778e-08
1.35174e-07
1.69562e-07
6.98239e-08
2.77234e-07
2.27905e-07
-1.26736e-08
-6.84021e-08
-5.6692e-08
-2.06036e-09
-1.18709e-07
6.81698e-08
-1.95042e-07
1.19388e-07
-2.88757e-07
1.62725e-07
-4.0981e-07
2.19135e-07
-5.7131e-07
3.05915e-07
-7.83267e-07
4.28516e-07
-1.05008e-06
5.82266e-07
-1.3703e-06
7.56361e-07
-1.73585e-06
9.35738e-07
-2.13146e-06
1.10286e-06
-2.5368e-06
1.23971e-06
-2.92976e-06
1.32981e-06
-3.29134e-06
1.36227e-06
-3.61051e-06
1.33549e-06
-3.88466e-06
1.25697e-06
-4.1155e-06
1.13618e-06
-4.30444e-06
9.81884e-07
-4.45239e-06
8.02059e-07
-4.56001e-06
6.0316e-07
-4.62686e-06
3.89499e-07
-4.65292e-06
1.64313e-07
-4.63981e-06
-7.0415e-08
-4.58861e-06
-3.14224e-07
-4.49302e-06
-5.72066e-07
-4.3444e-06
-8.42369e-07
-4.13361e-06
-1.11983e-06
-3.84924e-06
-1.3941e-06
-3.48026e-06
-1.64455e-06
-3.0213e-06
-1.83905e-06
-2.47962e-06
-1.93634e-06
-1.88301e-06
-1.89307e-06
-1.2839e-06
-1.68346e-06
-7.48107e-07
-1.3162e-06
-3.29374e-07
-8.45844e-07
-6.10377e-08
-3.54114e-07
4.7132e-08
6.13925e-08
4.11775e-08
2.83189e-07
2.69082e-07
-4.42807e-08
-2.41213e-08
-1.21295e-07
7.49535e-08
-2.1675e-07
1.63625e-07
-3.28062e-07
2.30699e-07
-4.63208e-07
2.97871e-07
-6.35016e-07
3.90943e-07
-8.53668e-07
5.24566e-07
-1.12367e-06
6.98521e-07
-1.44338e-06
9.01976e-07
-1.80492e-06
1.1179e-06
-2.19464e-06
1.32546e-06
-2.59384e-06
1.50206e-06
-2.98086e-06
1.62672e-06
-3.3367e-06
1.68564e-06
-3.65052e-06
1.67609e-06
-3.91986e-06
1.60484e-06
-4.14429e-06
1.4814e-06
-4.32371e-06
1.3156e-06
-4.4592e-06
1.11738e-06
-4.55392e-06
8.96771e-07
-4.613e-06
6.62248e-07
-4.64358e-06
4.20071e-07
-4.65084e-06
1.71574e-07
-4.63671e-06
-8.45398e-08
-4.60337e-06
-3.47563e-07
-4.55257e-06
-6.22866e-07
-4.48069e-06
-9.14252e-07
-4.37637e-06
-1.22415e-06
-4.22085e-06
-1.54961e-06
-3.98887e-06
-1.87653e-06
-3.65363e-06
-2.1743e-06
-3.19676e-06
-2.39322e-06
-2.61961e-06
-2.47022e-06
-1.95781e-06
-2.34525e-06
-1.28626e-06
-1.98776e-06
-7.01154e-07
-1.43095e-06
-2.75689e-07
-7.79579e-07
-4.30978e-08
-1.71199e-07
1.86508e-08
2.2144e-07
2.87733e-07
-7.38848e-08
4.97634e-08
-1.834e-07
1.84468e-07
-3.09625e-07
2.8985e-07
-4.54495e-07
3.7557e-07
-6.28785e-07
4.72161e-07
-8.4369e-07
6.05848e-07
-1.10502e-06
7.85894e-07
-1.41242e-06
1.00592e-06
-1.75995e-06
1.2495e-06
-2.136e-06
1.49395e-06
-2.52298e-06
1.71244e-06
-2.89975e-06
1.87883e-06
-3.24658e-06
1.97355e-06
-3.55094e-06
1.99001e-06
-3.8076e-06
1.93275e-06
-4.01329e-06
1.81053e-06
-4.16599e-06
1.6341e-06
-4.26799e-06
1.4176e-06
-4.3259e-06
1.17529e-06
-4.34864e-06
9.19511e-07
-4.34535e-06
6.58951e-07
-4.32336e-06
3.98086e-07
-4.2907e-06
1.38912e-07
-4.2562e-06
-1.19034e-07
-4.22431e-06
-3.79454e-07
-4.19872e-06
-6.48463e-07
-4.18e-06
-9.32966e-07
-4.16325e-06
-1.24091e-06
-4.13484e-06
-1.57802e-06
-4.06819e-06
-1.94318e-06
-3.92267e-06
-2.31981e-06
-3.65001e-06
-2.66588e-06
-3.21171e-06
-2.90852e-06
-2.60397e-06
-2.95299e-06
-1.87672e-06
-2.71501e-06
-1.141e-06
-2.16667e-06
-5.34274e-07
-1.38631e-06
-1.47037e-07
-5.58436e-07
-1.65922e-09
7.60625e-08
2.86074e-07
-1.01083e-07
1.50847e-07
-2.38423e-07
3.21809e-07
-3.91775e-07
4.43202e-07
-5.65941e-07
5.49736e-07
-7.72041e-07
6.7826e-07
-1.01778e-06
8.51584e-07
-1.30522e-06
1.07334e-06
-1.6311e-06
1.3318e-06
-1.9868e-06
1.60521e-06
-2.35642e-06
1.86357e-06
-2.71958e-06
2.0756e-06
-3.05574e-06
2.21498e-06
-3.34975e-06
2.26757e-06
-3.59275e-06
2.23301e-06
-3.77826e-06
2.11825e-06
-3.90335e-06
1.93562e-06
-3.97236e-06
1.70311e-06
-3.99508e-06
1.44033e-06
-3.98373e-06
1.16393e-06
-3.94987e-06
8.85657e-07
-3.90297e-06
6.1205e-07
-3.85057e-06
3.45684e-07
-3.79806e-06
8.63958e-08
-3.74855e-06
-1.68536e-07
-3.70591e-06
-4.221e-07
-3.676e-06
-6.78376e-07
-3.66488e-06
-9.44085e-07
-3.67729e-06
-1.2285e-06
-3.71237e-06
-1.54294e-06
-3.75705e-06
-1.89849e-06
-3.77839e-06
-2.29848e-06
-3.71941e-06
-2.72485e-06
-3.50716e-06
-3.12076e-06
-3.07992e-06
-3.38023e-06
-2.42972e-06
-3.36521e-06
-1.63534e-06
-2.96105e-06
-8.63498e-07
-2.15814e-06
-2.96048e-07
-1.12589e-06
-3.14734e-08
-1.88512e-07
2.54601e-07
-1.23557e-07
2.74403e-07
-2.83322e-07
4.81574e-07
-4.5852e-07
6.18399e-07
-6.55346e-07
7.46562e-07
-8.8309e-07
9.06005e-07
-1.14644e-06
1.11493e-06
-1.44516e-06
1.37207e-06
-1.77442e-06
1.66105e-06
-2.1213e-06
1.95209e-06
-2.46716e-06
2.20943e-06
-2.7918e-06
2.40025e-06
-3.0774e-06
2.50058e-06
-3.31139e-06
2.50156e-06
-3.48455e-06
2.40617e-06
-3.59328e-06
2.22698e-06
-3.6435e-06
1.98584e-06
-3.64832e-06
1.70792e-06
-3.62282e-06
1.41483e-06
-3.58012e-06
1.12124e-06
-3.52908e-06
8.34618e-07
-3.47439e-06
5.57359e-07
-3.41785e-06
2.89139e-07
-3.3599e-06
2.84519e-08
-3.30159e-06
-2.26845e-07
-3.24596e-06
-4.77737e-07
-3.19792e-06
-7.26408e-07
-3.16518e-06
-9.76829e-07
-3.15783e-06
-1.23584e-06
-3.18607e-06
-1.5147e-06
-3.25478e-06
-1.82978e-06
-3.35343e-06
-2.19983e-06
-3.44308e-06
-2.6352e-06
-3.4484e-06
-3.11544e-06
-3.26846e-06
-3.56017e-06
-2.81995e-06
-3.81372e-06
-2.10301e-06
-3.678e-06
-1.24859e-06
-3.01256e-06
-4.98795e-07
-1.87569e-06
-7.51958e-08
-6.12111e-07
1.79405e-07
-1.39945e-07
4.14348e-07
-3.15954e-07
6.57584e-07
-5.06647e-07
8.09092e-07
-7.17839e-07
9.57754e-07
-9.56576e-07
1.14474e-06
-1.22558e-06
1.38393e-06
-1.52353e-06
1.67002e-06
-1.84243e-06
1.97995e-06
-2.16631e-06
2.27597e-06
-2.47696e-06
2.52008e-06
-2.75547e-06
2.67875e-06
-2.98612e-06
2.73124e-06
-3.15703e-06
2.67247e-06
-3.26272e-06
2.51187e-06
-3.30929e-06
2.27355e-06
-3.31171e-06
1.98826e-06
-3.28731e-06
1.68352e-06
-3.25031e-06
1.37783e-06
-3.20904e-06
1.07996e-06
-3.16636e-06
7.91939e-07
-3.12174e-06
5.12744e-07
-3.07328e-06
2.40672e-07
-3.01943e-06
-2.53988e-08
-2.9603e-06
-2.85971e-07
-2.89757e-06
-5.40467e-07
-2.83479e-06
-7.89192e-07
-2.77823e-06
-1.03339e-06
-2.73747e-06
-1.27661e-06
-2.72558e-06
-1.52658e-06
-2.75772e-06
-1.79764e-06
-2.84476e-06
-2.11279e-06
-2.97903e-06
-2.50093e-06
-3.11386e-06
-2.98061e-06
-3.15059e-06
-3.52344e-06
-2.95742e-06
-4.00689e-06
-2.43808e-06
-4.19734e-06
-1.62908e-06
-3.82156e-06
-7.56856e-07
-2.74791e-06
-1.54165e-07
-1.2148e-06
2.52398e-08
-1.49378e-07
5.63726e-07
-3.35029e-07
8.43234e-07
-5.34261e-07
1.00832e-06
-7.51338e-07
1.17483e-06
-9.91312e-07
1.38472e-06
-1.25579e-06
1.64841e-06
-1.54218e-06
1.95641e-06
-1.83912e-06
2.27689e-06
-2.13097e-06
2.56781e-06
-2.40044e-06
2.78956e-06
-2.63035e-06
2.90866e-06
-2.80631e-06
2.9072e-06
-2.91971e-06
2.78586e-06
-2.97422e-06
2.56638e-06
-2.98471e-06
2.28404e-06
-2.96977e-06
1.97332e-06
-2.94483e-06
1.65858e-06
-2.91849e-06
1.35149e-06
-2.89294e-06
1.0544e-06
-2.86647e-06
7.65474e-07
-2.83593e-06
4.82204e-07
-2.79831e-06
2.03049e-07
-2.75166e-06
-7.20479e-08
-2.69568e-06
-3.41955e-07
-2.63122e-06
-6.04925e-07
-2.56095e-06
-8.59456e-07
-2.48959e-06
-1.10475e-06
-2.42431e-06
-1.34188e-06
-2.37569e-06
-1.5752e-06
-2.35877e-06
-1.81457e-06
-2.39253e-06
-2.07904e-06
-2.49277e-06
-2.40069e-06
-2.65217e-06
-2.82121e-06
-2.8102e-06
-3.36541e-06
-2.83668e-06
-3.9804e-06
-2.56936e-06
-4.46467e-06
-1.92535e-06
-4.46557e-06
-1.03307e-06
-3.64019e-06
-2.59292e-07
-1.98858e-06
-2.34052e-07
-1.51711e-07
7.15437e-07
-3.40388e-07
1.03191e-06
-5.41115e-07
1.20905e-06
-7.56154e-07
1.38987e-06
-9.89019e-07
1.61758e-06
-1.24054e-06
1.89993e-06
-1.50596e-06
2.22183e-06
-1.77295e-06
2.54388e-06
-2.0277e-06
2.82256e-06
-2.2543e-06
3.01616e-06
-2.43723e-06
3.09158e-06
-2.5645e-06
3.03447e-06
-2.63464e-06
2.85601e-06
-2.65975e-06
2.59148e-06
-2.65828e-06
2.28257e-06
-2.64691e-06
1.96195e-06
-2.63551e-06
1.64718e-06
-2.62673e-06
1.34272e-06
-2.61875e-06
1.04642e-06
-2.60788e-06
7.54604e-07
-2.59032e-06
4.64642e-07
-2.563e-06
1.7573e-07
-2.52398e-06
-1.11068e-07
-2.47257e-06
-3.93364e-07
-2.40937e-06
-6.6812e-07
-2.3366e-06
-9.32232e-07
-2.25804e-06
-1.18331e-06
-2.17921e-06
-1.42071e-06
-2.10788e-06
-1.64653e-06
-2.05528e-06
-1.86717e-06
-2.03797e-06
-2.09635e-06
-2.07815e-06
-2.36051e-06
-2.19459e-06
-2.70477e-06
-2.37401e-06
-3.18599e-06
-2.52942e-06
-3.82499e-06
-2.48889e-06
-4.5052e-06
-2.07493e-06
-4.87953e-06
-1.27587e-06
-4.43925e-06
-3.93318e-07
-2.87113e-06
-6.2737e-07
-1.4751e-07
8.62947e-07
-3.32632e-07
1.21703e-06
-5.28316e-07
1.40473e-06
-7.34488e-07
1.59604e-06
-9.533e-07
1.83639e-06
-1.18458e-06
2.13121e-06
-1.422e-06
2.45924e-06
-1.65465e-06
2.77653e-06
-1.87048e-06
3.03839e-06
-2.05556e-06
3.20124e-06
-2.19654e-06
3.23256e-06
-2.28591e-06
3.12384e-06
-2.32964e-06
2.89974e-06
-2.34385e-06
2.60569e-06
-2.34574e-06
2.28446e-06
-2.34706e-06
1.96328e-06
-2.35209e-06
1.65221e-06
-2.35977e-06
1.35039e-06
-2.36661e-06
1.05326e-06
-2.3686e-06
7.56594e-07
-2.36204e-06
4.58083e-07
-2.34397e-06
1.57658e-07
-2.31235e-06
-1.42687e-07
-2.26624e-06
-4.39477e-07
-2.20604e-06
-7.28322e-07
-2.1337e-06
-1.00457e-06
-2.05265e-06
-1.26436e-06
-1.96764e-06
-1.50572e-06
-1.88479e-06
-1.72938e-06
-1.81214e-06
-1.93982e-06
-1.76147e-06
-2.14702e-06
-1.75116e-06
-2.37083e-06
-1.80656e-06
-2.64936e-06
-1.94581e-06
-3.04674e-06
-2.13723e-06
-3.63356e-06
-2.24815e-06
-4.39427e-06
-2.06111e-06
-5.06657e-06
-1.43408e-06
-5.06628e-06
-5.44454e-07
-3.76076e-06
-1.17182e-06
-1.37443e-07
1.00039e-06
-3.12908e-07
1.3925e-06
-4.97807e-07
1.58963e-06
-6.89513e-07
1.78775e-06
-8.88644e-07
2.03552e-06
-1.09403e-06
2.3366e-06
-1.2992e-06
2.66441e-06
-1.49541e-06
2.97275e-06
-1.67277e-06
3.21575e-06
-1.81982e-06
3.34829e-06
-1.92621e-06
3.33895e-06
-1.98981e-06
3.18744e-06
-2.02109e-06
2.93102e-06
-2.03592e-06
2.62052e-06
-2.04753e-06
2.29608e-06
-2.06256e-06
1.9783e-06
-2.08156e-06
1.67121e-06
-2.10194e-06
1.37078e-06
-2.12003e-06
1.07136e-06
-2.13208e-06
7.68639e-07
-2.13465e-06
4.60652e-07
-2.12484e-06
1.47847e-07
-2.10048e-06
-1.6704e-07
-2.06038e-06
-4.79575e-07
-2.00466e-06
-7.84044e-07
-1.93501e-06
-1.07423e-06
-1.85464e-06
-1.34473e-06
-1.76808e-06
-1.59227e-06
-1.68081e-06
-1.81665e-06
-1.59917e-06
-2.02146e-06
-1.53127e-06
-2.21492e-06
-1.48973e-06
-2.41237e-06
-1.49561e-06
-2.64348e-06
-1.57702e-06
-2.96534e-06
-1.74295e-06
-3.46763e-06
-1.92082e-06
-4.21641e-06
-1.91129e-06
-5.0761e-06
-1.48457e-06
-5.493e-06
-6.63882e-07
-4.58145e-06
-1.83571e-06
-1.22366e-07
1.12276e-06
-2.83003e-07
1.55314e-06
-4.5243e-07
1.75906e-06
-6.25188e-07
1.96051e-06
-8.00153e-07
2.21049e-06
-9.75847e-07
2.5123e-06
-1.14662e-06
2.83518e-06
-1.30598e-06
3.1321e-06
-1.44664e-06
3.35642e-06
-1.56018e-06
3.46182e-06
-1.63988e-06
3.41865e-06
-1.68787e-06
3.23543e-06
-1.71558e-06
2.95873e-06
-1.73597e-06
2.64091e-06
-1.75771e-06
2.31782e-06
-1.78361e-06
2.00419e-06
-1.81247e-06
1.70008e-06
-1.84147e-06
1.39977e-06
-1.86727e-06
1.09716e-06
-1.8866e-06
7.87975e-07
-1.89639e-06
4.70436e-07
-1.89383e-06
1.45292e-07
-1.87668e-06
-1.84191e-07
-1.84348e-06
-5.12778e-07
-1.79394e-06
-8.33581e-07
-1.72933e-06
-1.13884e-06
-1.65258e-06
-1.42149e-06
-1.56811e-06
-1.67674e-06
-1.48126e-06
-1.9035e-06
-1.39772e-06
-2.105e-06
-1.32364e-06
-2.289e-06
-1.26726e-06
-2.46875e-06
-1.24301e-06
-2.66773e-06
-1.27592e-06
-2.93242e-06
-1.39297e-06
-3.35059e-06
-1.574e-06
-4.03538e-06
-1.67359e-06
-4.9765e-06
-1.43361e-06
-5.73299e-06
-7.3205e-07
-5.283e-06
-2.56776e-06
-1.03376e-07
1.22613e-06
-2.44969e-07
1.69473e-06
-3.95156e-07
1.90925e-06
-5.45553e-07
2.1109e-06
-6.93581e-07
2.35852e-06
-8.37462e-07
2.65618e-06
-9.72902e-07
2.97062e-06
-1.09596e-06
3.25516e-06
-1.20223e-06
3.46269e-06
-1.28672e-06
3.54632e-06
-1.34637e-06
3.4783e-06
-1.38545e-06
3.27451e-06
-1.41373e-06
2.98701e-06
-1.44021e-06
2.66739e-06
-1.4696e-06
2.34722e-06
-1.50243e-06
2.03702e-06
-1.53695e-06
1.7346e-06
-1.57058e-06
1.43341e-06
-1.60062e-06
1.1272e-06
-1.62439e-06
8.1174e-07
-1.63925e-06
4.85299e-07
-1.64271e-06
1.48748e-07
-1.63254e-06
-1.94353e-07
-1.60711e-06
-5.38207e-07
-1.56567e-06
-8.75029e-07
-1.50881e-06
-1.19569e-06
-1.43894e-06
-1.49136e-06
-1.36022e-06
-1.75546e-06
-1.27798e-06
-1.98574e-06
-1.19776e-06
-2.18522e-06
-1.12483e-06
-2.36193e-06
-1.06491e-06
-2.52866e-06
-1.02714e-06
-2.7055e-06
-1.02954e-06
-2.93003e-06
-1.10085e-06
-3.27927e-06
-1.25267e-06
-3.88356e-06
-1.39916e-06
-4.83001e-06
-1.30473e-06
-5.82742e-06
-7.49703e-07
-5.83803e-06
-3.31746e-06
-8.12478e-08
1.30738e-06
-2.00522e-07
1.814e-06
-3.2873e-07
2.03746e-06
-4.54737e-07
2.23691e-06
-5.74481e-07
2.47826e-06
-6.85629e-07
2.76733e-06
-7.85821e-07
3.07081e-06
-8.73627e-07
3.34297e-06
-9.47622e-07
3.53668e-06
-1.00655e-06
3.60525e-06
-1.05061e-06
3.52236e-06
-1.08411e-06
3.308e-06
-1.11373e-06
3.01663e-06
-1.14453e-06
2.69818e-06
-1.17824e-06
2.38092e-06
-1.21414e-06
2.07292e-06
-1.25046e-06
1.77092e-06
-1.28514e-06
1.46808e-06
-1.31614e-06
1.1582e-06
-1.34144e-06
8.37044e-07
-1.35904e-06
5.02898e-07
-1.36693e-06
1.56641e-07
-1.36317e-06
-1.98117e-07
-1.34608e-06
-5.55297e-07
-1.31448e-06
-9.0663e-07
-1.26818e-06
-1.24199e-06
-1.20872e-06
-1.55082e-06
-1.13969e-06
-1.82449e-06
-1.06628e-06
-2.05915e-06
-9.94005e-07
-2.25749e-06
-9.27789e-07
-2.42815e-06
-8.72061e-07
-2.58439e-06
-8.32596e-07
-2.74497e-06
-8.21108e-07
-2.94151e-06
-8.6105e-07
-3.23933e-06
-9.76912e-07
-3.7677e-06
-1.12911e-06
-4.67781e-06
-1.13016e-06
-5.82637e-06
-7.2604e-07
-6.24215e-06
-4.0435e-06
-5.67977e-08
1.36418e-06
-1.51659e-07
1.90886e-06
-2.56068e-07
2.14187e-06
-3.56695e-07
2.33754e-06
-4.47847e-07
2.56941e-06
-5.26598e-07
2.84608e-06
-5.92299e-07
3.13651e-06
-6.46095e-07
3.39677e-06
-6.89487e-07
3.58007e-06
-7.2463e-07
3.64039e-06
-7.55091e-07
3.55282e-06
-7.8367e-07
3.33658e-06
-8.13478e-07
3.04644e-06
-8.46008e-07
2.73071e-06
-8.80829e-07
2.41575e-06
-9.16535e-07
2.10863e-06
-9.51497e-07
1.80588e-06
-9.84228e-07
1.50081e-06
-1.01338e-06
1.18735e-06
-1.03764e-06
8.61308e-07
-1.05573e-06
5.20989e-07
-1.06634e-06
1.67247e-07
-1.06799e-06
-1.96463e-07
-1.05921e-06
-5.64075e-07
-1.03858e-06
-9.27268e-07
-1.00513e-06
-1.27543e-06
-9.59366e-07
-1.59659e-06
-9.03966e-07
-1.87989e-06
-8.43663e-07
-2.11946e-06
-7.83832e-07
-2.31732e-06
-7.29169e-07
-2.48281e-06
-6.83426e-07
-2.63013e-06
-6.50509e-07
-2.77789e-06
-6.37752e-07
-2.95427e-06
-6.61986e-07
-3.21509e-06
-7.49209e-07
-3.68048e-06
-8.88466e-07
-4.53856e-06
-9.40335e-07
-5.7745e-06
-6.72197e-07
-6.51029e-06
-4.7157e-06
-3.10422e-08
1.39522e-06
-1.00256e-07
1.97808e-06
-1.8007e-07
2.22168e-06
-2.55122e-07
2.41259e-06
-3.18221e-07
2.63251e-06
-3.65889e-07
2.89375e-06
-3.98585e-07
3.1692e-06
-4.19553e-07
3.41773e-06
-4.33291e-07
3.59381e-06
-4.44953e-07
3.65205e-06
-4.61383e-07
3.56925e-06
-4.83749e-07
3.35895e-06
-5.11522e-07
3.07421e-06
-5.43155e-07
2.76235e-06
-5.76458e-07
2.44905e-06
-6.09489e-07
2.14166e-06
-6.4082e-07
1.83721e-06
-6.69492e-07
1.52948e-06
-6.94808e-07
1.21266e-06
-7.16179e-07
8.82679e-07
-7.33066e-07
5.37876e-07
-7.44895e-07
1.79076e-07
-7.50829e-07
-1.90529e-07
-7.49733e-07
-5.65171e-07
-7.40201e-07
-9.36799e-07
-7.20824e-07
-1.29481e-06
-6.91128e-07
-1.62628e-06
-6.5273e-07
-1.91829e-06
-6.09541e-07
-2.16265e-06
-5.66453e-07
-2.36041e-06
-5.27772e-07
-2.52149e-06
-4.96738e-07
-2.66117e-06
-4.76297e-07
-2.79833e-06
-4.7128e-07
-2.95929e-06
-4.93112e-07
-3.19326e-06
-5.63683e-07
-3.60991e-06
-6.87527e-07
-4.41471e-06
-7.58766e-07
-5.70326e-06
-5.94752e-07
-6.6743e-06
-5.31045e-06
-4.8867e-09
1.40011e-06
-4.814e-08
2.02133e-06
-1.03297e-07
2.27684e-06
-1.53221e-07
2.46251e-06
-1.89538e-07
2.66883e-06
-2.08058e-07
2.91227e-06
-2.09791e-07
3.17094e-06
-1.99207e-07
3.40715e-06
-1.83792e-07
3.5784e-06
-1.71579e-07
3.63984e-06
-1.71176e-07
3.56885e-06
-1.84593e-07
3.37237e-06
-2.07484e-07
3.0971e-06
-2.35742e-07
2.7906e-06
-2.65536e-07
2.47884e-06
-2.94296e-07
2.17042e-06
-3.20678e-07
1.86359e-06
-3.44154e-07
1.55296e-06
-3.64643e-07
1.23315e-06
-3.8221e-07
9.00247e-07
-3.97008e-07
5.52674e-07
-4.09121e-07
1.91189e-07
-4.18346e-07
-1.81304e-07
-4.23985e-07
-5.59531e-07
-4.24885e-07
-9.359e-07
-4.19579e-07
-1.30012e-06
-4.07062e-07
-1.6388e-06
-3.87998e-07
-1.93735e-06
-3.65208e-07
-2.18544e-06
-3.42662e-07
-2.38296e-06
-3.23933e-07
-2.54022e-06
-3.11621e-07
-2.67348e-06
-3.08018e-07
-2.80193e-06
-3.16758e-07
-2.95055e-06
-3.46013e-07
-3.164e-06
-4.12298e-07
-3.54362e-06
-5.26069e-07
-4.30094e-06
-6.03529e-07
-5.6258e-06
-5.02302e-07
-6.77553e-06
-5.81275e-06
1.93599e-08
1.38075e-06
1.89245e-09
2.0388e-06
-2.81811e-08
2.30691e-06
-5.39381e-08
2.48827e-06
-6.52579e-08
2.68015e-06
-5.70352e-08
2.90404e-06
-3.0249e-08
3.14415e-06
9.95126e-09
3.36695e-06
5.45771e-08
3.53377e-06
9.21136e-08
3.6023e-06
1.1291e-07
3.54806e-06
1.12511e-07
3.37277e-06
9.77235e-08
3.11189e-06
7.5237e-08
2.81309e-06
5.05461e-08
2.50353e-06
2.69974e-08
2.19397e-06
6.04892e-09
1.88454e-06
-1.2044e-08
1.57105e-06
-2.75802e-08
1.24869e-06
-4.12749e-08
9.13941e-07
-5.38347e-08
5.65234e-07
-6.58468e-08
2.03201e-07
-7.76654e-08
-1.69486e-07
-8.90712e-08
-5.48125e-07
-9.93178e-08
-9.25653e-07
-1.07283e-07
-1.29215e-06
-1.12e-07
-1.63408e-06
-1.13577e-07
-1.93577e-06
-1.13651e-07
-2.18536e-06
-1.14756e-07
-2.38185e-06
-1.19289e-07
-2.53569e-06
-1.28997e-07
-2.66377e-06
-1.45551e-07
-2.78538e-06
-1.71891e-07
-2.92421e-06
-2.14556e-07
-3.12134e-06
-2.86497e-07
-3.47168e-06
-3.97981e-07
-4.18946e-06
-4.82009e-07
-5.54177e-06
-4.10801e-07
-6.84674e-06
-6.22355e-06
4.21575e-08
1.33859e-06
5.10336e-08
2.02992e-06
4.36815e-08
2.31426e-06
4.0214e-08
2.49174e-06
5.16376e-08
2.66872e-06
8.37942e-08
2.87189e-06
1.3632e-07
3.09163e-06
2.0381e-07
3.29946e-06
2.77002e-07
3.46058e-06
3.41883e-07
3.53742e-06
3.86643e-07
3.5033e-06
4.04763e-07
3.35465e-06
4.0214e-07
3.11452e-06
3.88067e-07
2.82716e-06
3.69939e-07
2.52166e-06
3.52208e-07
2.2117e-06
3.36758e-07
1.89999e-06
3.23825e-07
1.58398e-06
3.12721e-07
1.25979e-06
3.02398e-07
9.24265e-07
2.91702e-07
5.75929e-07
2.79633e-07
2.15271e-07
2.65434e-07
-1.55287e-07
2.48845e-07
-5.31536e-07
2.30088e-07
-9.06897e-07
2.09657e-07
-1.27172e-06
1.88037e-07
-1.61246e-06
1.65292e-07
-1.91303e-06
1.4091e-07
-2.16098e-06
1.1404e-07
-2.35498e-06
8.38258e-08
-2.50547e-06
4.96283e-08
-2.62957e-06
1.04807e-08
-2.74623e-06
-3.60081e-08
-2.87772e-06
-9.55361e-08
-3.06181e-06
-1.79161e-07
-3.38806e-06
-2.95782e-07
-4.07284e-06
-3.90765e-07
-5.44679e-06
-3.34549e-07
-6.90295e-06
-6.5581e-06
6.21059e-08
1.27648e-06
9.52992e-08
1.99673e-06
1.10122e-07
2.29944e-06
1.27188e-07
2.47467e-06
1.58811e-07
2.6371e-06
2.11818e-07
2.81888e-06
2.86808e-07
3.01664e-06
3.78734e-07
3.20753e-06
4.78564e-07
3.36075e-06
5.71744e-07
3.44424e-06
6.43932e-07
3.43111e-06
6.86629e-07
3.31195e-06
7.01873e-07
3.09927e-06
7.00054e-07
2.82898e-06
6.90507e-07
2.53121e-06
6.79274e-07
2.22293e-06
6.69158e-07
1.91011e-06
6.60732e-07
1.59241e-06
6.53301e-07
1.26722e-06
6.45574e-07
9.31992e-07
6.36104e-07
5.854e-07
6.23584e-07
2.27791e-07
6.0693e-07
-1.38633e-07
5.85372e-07
-5.09978e-07
5.58484e-07
-8.80009e-07
5.25971e-07
-1.2392e-06
4.87585e-07
-1.57408e-06
4.43321e-07
-1.86876e-06
3.93735e-07
-2.1114e-06
3.39792e-07
-2.30104e-06
2.82404e-07
-2.44809e-06
2.22201e-07
-2.56937e-06
1.58965e-07
-2.68299e-06
9.07783e-08
-2.80953e-06
1.24749e-08
-2.98351e-06
-8.60533e-08
-3.28953e-06
-2.12915e-07
-3.94597e-06
-3.22967e-07
-5.33674e-06
-2.77801e-07
-6.94812e-06
-6.8359e-06
7.85988e-08
1.19789e-06
1.34527e-07
1.9408e-06
1.69873e-07
2.26409e-06
2.05446e-07
2.4391e-06
2.54594e-07
2.58795e-06
3.25173e-07
2.7483e-06
4.19014e-07
2.9228e-06
5.32011e-07
3.09454e-06
6.55466e-07
3.23729e-06
7.75986e-07
3.32372e-06
8.77919e-07
3.32917e-06
9.50049e-07
3.23982e-06
9.89936e-07
3.05938e-06
1.00597e-06
2.81295e-06
1.00857e-06
2.52861e-06
1.00556e-06
2.22595e-06
1.0012e-06
1.91447e-06
9.96938e-07
1.59667e-06
9.92447e-07
1.27171e-06
9.86471e-07
9.37968e-07
9.77419e-07
5.94452e-07
9.63737e-07
2.41472e-07
9.44029e-07
-1.18925e-07
9.17044e-07
-4.82993e-07
8.81642e-07
-8.44607e-07
8.36664e-07
-1.19423e-06
7.811e-07
-1.51851e-06
7.14908e-07
-1.80257e-06
6.3968e-07
-2.03617e-06
5.5813e-07
-2.21949e-06
4.73057e-07
-2.36301e-06
3.86377e-07
-2.48269e-06
2.98543e-07
-2.59516e-06
2.08004e-07
-2.71899e-06
1.09997e-07
-2.8855e-06
-5.13187e-09
-3.1744e-06
-1.44833e-07
-3.80627e-06
-2.71975e-07
-5.2096e-06
-2.39031e-07
-6.98106e-06
-7.07493e-06
9.12223e-08
1.10666e-06
1.67455e-07
1.86457e-06
2.21651e-07
2.2099e-06
2.73709e-07
2.38704e-06
3.3777e-07
2.52389e-06
4.22666e-07
2.66341e-06
5.31526e-07
2.81394e-06
6.61516e-07
2.96455e-06
8.04662e-07
3.09415e-06
9.49594e-07
3.17879e-06
1.08108e-06
3.19769e-06
1.1856e-06
3.1353e-06
1.25637e-06
2.98862e-06
1.29718e-06
2.77213e-06
1.31746e-06
2.50833e-06
1.32623e-06
2.21719e-06
1.32944e-06
1.91125e-06
1.3299e-06
1.5962e-06
1.32814e-06
1.27348e-06
1.3233e-06
9.42811e-07
1.31386e-06
6.03884e-07
1.29814e-06
2.57195e-07
1.27439e-06
-9.51745e-08
1.2409e-06
-4.49502e-07
1.19573e-06
-7.99437e-07
1.13688e-06
-1.13538e-06
1.06284e-06
-1.44447e-06
9.73962e-07
-1.71369e-06
8.73029e-07
-1.93523e-06
7.64372e-07
-2.11083e-06
6.52311e-07
-2.25095e-06
5.39784e-07
-2.37016e-06
4.27853e-07
-2.48323e-06
3.1524e-07
-2.60638e-06
1.97537e-07
-2.7678e-06
6.57221e-08
-3.04259e-06
-8.85735e-08
-3.65198e-06
-2.32047e-07
-5.06612e-06
-2.15223e-07
-6.99789e-06
-7.29016e-06
9.95845e-08
1.00708e-06
1.93002e-07
1.77115e-06
2.64245e-07
2.13865e-06
3.30903e-07
2.32038e-06
4.07537e-07
2.44726e-06
5.03682e-07
2.56726e-06
6.2368e-07
2.69394e-06
7.66225e-07
2.822e-06
9.24763e-07
2.93561e-06
1.08941e-06
3.01414e-06
1.24717e-06
3.03993e-06
1.38372e-06
2.99875e-06
1.4889e-06
2.88343e-06
1.56115e-06
2.69989e-06
1.60619e-06
2.46329e-06
1.63244e-06
2.19093e-06
1.64707e-06
1.89662e-06
1.65443e-06
1.58884e-06
1.6563e-06
1.27161e-06
1.65263e-06
9.46482e-07
1.64228e-06
6.14235e-07
1.62354e-06
2.75928e-07
1.59434e-06
-6.59685e-08
1.55258e-06
-4.07739e-07
1.49551e-06
-7.42371e-07
1.42059e-06
-1.06046e-06
1.32644e-06
-1.35032e-06
1.21429e-06
-1.60154e-06
1.08826e-06
-1.8092e-06
9.54023e-07
-1.9766e-06
8.16844e-07
-2.11377e-06
6.80253e-07
-2.23357e-06
5.45684e-07
-2.34866e-06
4.12117e-07
-2.47281e-06
2.7538e-07
-2.63106e-06
1.26805e-07
-2.89401e-06
-4.23864e-08
-3.48279e-06
-2.00662e-07
-4.90785e-06
-2.02817e-07
-6.99573e-06
-7.49297e-06
1.03519e-07
9.03559e-07
2.10485e-07
1.66419e-06
2.9669e-07
2.05245e-06
3.76165e-07
2.24091e-06
4.63363e-07
2.36006e-06
5.68053e-07
2.46257e-06
6.95651e-07
2.56634e-06
8.46434e-07
2.67122e-06
1.01576e-06
2.76629e-06
1.19469e-06
2.83521e-06
1.37274e-06
2.86188e-06
1.53705e-06
2.83445e-06
1.67576e-06
2.74471e-06
1.78288e-06
2.59277e-06
1.85912e-06
2.38705e-06
1.90987e-06
2.14018e-06
1.94179e-06
1.8647e-06
1.96022e-06
1.57042e-06
1.96823e-06
1.2636e-06
1.96687e-06
9.47841e-07
1.95566e-06
6.25451e-07
1.93309e-06
2.98493e-07
1.89676e-06
-2.96333e-08
1.84445e-06
-3.55433e-07
1.77289e-06
-6.70812e-07
1.67969e-06
-9.67255e-07
1.56438e-06
-1.23501e-06
1.4295e-06
-1.46665e-06
1.28032e-06
-1.66003e-06
1.12326e-06
-1.81953e-06
9.63912e-07
-1.95443e-06
8.06027e-07
-2.07569e-06
6.51118e-07
-2.19375e-06
4.98426e-07
-2.32012e-06
3.44083e-07
-2.47672e-06
1.79965e-07
-2.72989e-06
-2.33136e-09
-3.30049e-06
-1.75332e-07
-4.73485e-06
-1.98084e-07
-6.97298e-06
-7.69106e-06
1.03113e-07
8.00447e-07
2.19466e-07
1.54783e-06
3.18224e-07
1.95369e-06
4.08835e-07
2.1503e-06
5.04906e-07
2.26399e-06
6.1606e-07
2.35142e-06
7.48401e-07
2.434e-06
9.03572e-07
2.51605e-06
1.07879e-06
2.59107e-06
1.26673e-06
2.64727e-06
1.45822e-06
2.6704e-06
1.64293e-06
2.64974e-06
1.80945e-06
2.57819e-06
1.94923e-06
2.45299e-06
2.05881e-06
2.27747e-06
2.13937e-06
2.05962e-06
2.19486e-06
1.80921e-06
2.22993e-06
1.53534e-06
2.24823e-06
1.24529e-06
2.2517e-06
9.44378e-07
2.24061e-06
6.36539e-07
2.21383e-06
3.25276e-07
2.16931e-06
1.48814e-08
2.10436e-06
-2.90479e-07
2.01652e-06
-5.82973e-07
1.90436e-06
-8.55098e-07
1.76886e-06
-1.09951e-06
1.61381e-06
-1.3116e-06
1.44516e-06
-1.49138e-06
1.26935e-06
-1.64373e-06
1.09183e-06
-1.77691e-06
9.16114e-07
-1.89997e-06
7.43713e-07
-2.02135e-06
5.74186e-07
-2.15059e-06
4.0418e-07
-2.30671e-06
2.25879e-07
-2.55159e-06
3.05781e-08
-3.10519e-06
-1.54456e-07
-4.54981e-06
-1.99042e-07
-6.92839e-06
-7.8901e-06
9.86701e-08
7.01777e-07
2.19852e-07
1.42665e-06
3.28295e-07
1.84525e-06
4.28372e-07
2.05022e-06
5.31964e-07
2.1604e-06
6.48173e-07
2.23521e-06
7.83243e-07
2.29893e-06
9.39782e-07
2.35951e-06
1.1165e-06
2.41435e-06
1.3084e-06
2.45537e-06
1.5071e-06
2.47169e-06
1.70392e-06
2.45292e-06
1.88941e-06
2.3927e-06
2.05455e-06
2.28785e-06
2.19326e-06
2.13876e-06
2.3032e-06
1.94968e-06
2.38504e-06
1.72738e-06
2.44109e-06
1.47929e-06
2.47398e-06
1.21241e-06
2.48562e-06
9.3274e-07
2.47676e-06
6.454e-07
2.44677e-06
3.5526e-07
2.39423e-06
6.7428e-08
2.31691e-06
-2.13164e-07
2.21389e-06
-4.79948e-07
2.08532e-06
-7.26527e-07
1.93361e-06
-9.47806e-07
1.76339e-06
-1.14139e-06
1.58061e-06
-1.30859e-06
1.39127e-06
-1.45439e-06
1.20021e-06
-1.58585e-06
1.01051e-06
-1.71026e-06
8.23796e-07
-1.83464e-06
6.40022e-07
-1.96682e-06
4.56408e-07
-2.1231e-06
2.65823e-07
-2.36101e-06
5.96824e-08
-2.89905e-06
-1.35878e-07
-4.35425e-06
-2.04584e-07
-6.85969e-06
-8.09468e-06
9.06445e-08
6.11132e-07
2.11864e-07
1.30543e-06
3.26643e-07
1.73047e-06
4.34405e-07
1.94246e-06
5.44448e-07
2.05035e-06
6.64876e-07
2.11478e-06
8.01523e-07
2.16228e-06
9.57531e-07
2.2035e-06
1.13275e-06
2.23913e-06
1.32402e-06
2.2641e-06
1.52465e-06
2.27105e-06
1.72656e-06
2.25101e-06
1.92183e-06
2.19743e-06
2.10253e-06
2.10714e-06
2.26175e-06
1.97954e-06
2.39484e-06
1.81658e-06
2.49976e-06
1.62246e-06
2.57627e-06
1.40278e-06
2.62512e-06
1.16355e-06
2.64722e-06
9.10642e-07
2.64306e-06
6.49557e-07
2.61248e-06
3.85838e-07
2.55484e-06
1.25075e-07
2.46926e-06
-1.27585e-07
2.35617e-06
-3.66858e-07
2.21735e-06
-5.87714e-07
2.05625e-06
-7.86702e-07
1.87769e-06
-9.62832e-07
1.68723e-06
-1.11813e-06
1.49005e-06
-1.25721e-06
1.29014e-06
-1.38593e-06
1.09036e-06
-1.51048e-06
8.92538e-07
-1.63682e-06
6.97023e-07
-1.7713e-06
5.01742e-07
-1.92782e-06
3.00736e-07
-2.16e-06
8.59783e-08
-2.68429e-06
-1.18237e-07
-4.15004e-06
-2.13715e-07
-6.76421e-06
-8.3084e-06
7.94935e-08
5.31639e-07
1.95897e-07
1.18903e-06
3.1328e-07
1.61308e-06
4.26755e-07
1.82898e-06
5.42384e-07
1.93472e-06
6.66713e-07
1.99045e-06
8.04669e-07
2.02433e-06
9.59437e-07
2.04873e-06
1.13154e-06
2.06703e-06
1.31892e-06
2.07672e-06
1.5171e-06
2.07288e-06
1.71889e-06
2.04922e-06
1.91686e-06
1.99947e-06
2.10408e-06
1.91992e-06
2.2741e-06
1.80952e-06
2.42147e-06
1.66921e-06
2.54238e-06
1.50155e-06
2.63463e-06
1.31054e-06
2.69718e-06
1.10099e-06
2.7297e-06
8.78128e-07
2.73208e-06
6.47177e-07
2.70424e-06
4.13674e-07
2.64645e-06
1.82865e-07
2.55906e-06
-4.01943e-08
2.44348e-06
-2.51282e-07
2.30243e-06
-4.46662e-07
2.13976e-06
-6.24026e-07
1.96012e-06
-7.832e-07
1.76836e-06
-9.2637e-07
1.56859e-06
-1.05744e-06
1.36425e-06
-1.18159e-06
1.15811e-06
-1.30434e-06
9.52028e-07
-1.43074e-06
7.4687e-07
-1.56615e-06
5.41664e-07
-1.72261e-06
3.32197e-07
-1.95053e-06
1.12406e-07
-2.4645e-06
-9.91678e-08
-3.93846e-06
-2.24302e-07
-6.63907e-06
-8.5327e-06
6.55806e-08
4.66058e-07
1.72326e-07
1.08228e-06
2.88353e-07
1.49706e-06
4.05421e-07
1.71192e-06
5.2592e-07
1.81422e-06
6.54254e-07
1.86212e-06
7.93982e-07
1.8846e-06
9.47808e-07
1.89491e-06
1.11654e-06
1.89829e-06
1.2988e-06
1.89446e-06
1.49147e-06
1.8802e-06
1.6892e-06
1.85149e-06
1.88513e-06
1.80354e-06
2.07263e-06
1.73242e-06
2.24573e-06
1.63642e-06
2.39917e-06
1.51577e-06
2.52851e-06
1.37221e-06
2.63044e-06
1.2086e-06
2.70275e-06
1.02868e-06
2.7441e-06
8.36786e-07
2.7537e-06
6.37569e-07
2.73173e-06
4.3565e-07
2.67881e-06
2.35787e-07
2.59602e-06
4.25931e-08
2.48515e-06
-1.40416e-07
2.34914e-06
-3.10652e-07
2.19184e-06
-4.6672e-07
2.01735e-06
-6.08717e-07
1.82945e-06
-7.3847e-07
1.63159e-06
-8.59579e-07
1.42678e-06
-9.76785e-07
1.21738e-06
-1.09494e-06
1.00522e-06
-1.21857e-06
7.91824e-07
-1.35275e-06
5.77769e-07
-1.50856e-06
3.61447e-07
-1.73421e-06
1.41526e-07
-2.24458e-06
-7.38936e-08
-3.72304e-06
-2.33187e-07
-6.47978e-06
-8.76589e-06
4.90326e-08
4.17026e-07
1.41261e-07
9.90055e-07
2.51977e-07
1.38634e-06
3.70512e-07
1.59338e-06
4.95336e-07
1.6894e-06
6.28118e-07
1.72933e-06
7.70681e-07
1.74204e-06
9.24751e-07
1.74084e-06
1.09101e-06
1.73204e-06
1.26847e-06
1.717e-06
1.45465e-06
1.69403e-06
1.64582e-06
1.66032e-06
1.83654e-06
1.61281e-06
2.02059e-06
1.54837e-06
2.19215e-06
1.46487e-06
2.34611e-06
1.3618e-06
2.47819e-06
1.24014e-06
2.5848e-06
1.10199e-06
2.66323e-06
9.50256e-07
2.71162e-06
7.88388e-07
2.729e-06
6.20193e-07
2.71512e-06
4.49531e-07
2.67045e-06
2.80456e-07
2.59659e-06
1.16452e-07
2.49556e-06
-3.93812e-08
2.36996e-06
-1.85055e-07
2.22297e-06
-3.19725e-07
2.05786e-06
-4.43613e-07
1.87777e-06
-5.58378e-07
1.68548e-06
-6.67292e-07
1.48323e-06
-7.74531e-07
1.27284e-06
-8.84551e-07
1.05605e-06
-1.00178e-06
8.34947e-07
-1.13165e-06
6.1197e-07
-1.28558e-06
3.89231e-07
-1.51147e-06
1.7349e-07
-2.02884e-06
-4.08469e-08
-3.50871e-06
-2.37722e-07
-6.28291e-06
-9.00361e-06
2.92325e-08
3.87793e-07
1.02094e-07
9.17194e-07
2.03973e-07
1.28446e-06
3.22167e-07
1.47519e-06
4.51095e-07
1.56047e-06
5.8907e-07
1.59136e-06
7.35936e-07
1.59517e-06
8.92058e-07
1.58471e-06
1.05761e-06
1.56648e-06
1.23178e-06
1.54283e-06
1.41247e-06
1.51334e-06
1.59665e-06
1.47614e-06
1.7804e-06
1.42907e-06
1.95874e-06
1.37003e-06
2.12633e-06
1.29727e-06
2.27817e-06
1.20996e-06
2.41001e-06
1.10831e-06
2.5184e-06
9.93599e-07
2.60062e-06
8.68031e-07
2.65471e-06
7.34295e-07
2.67949e-06
5.95415e-07
2.67453e-06
4.5449e-07
2.64038e-06
3.14607e-07
2.57825e-06
1.78587e-07
2.48999e-06
4.88791e-08
2.37779e-06
-7.28582e-08
2.24404e-06
-1.85971e-07
2.09124e-06
-2.90814e-07
1.92179e-06
-3.88929e-07
1.73759e-06
-4.83096e-07
1.54006e-06
-5.76998e-07
1.33041e-06
-6.74906e-07
1.11007e-06
-7.81442e-07
8.8141e-07
-9.02989e-07
6.48832e-07
-1.053e-06
4.19152e-07
-1.28179e-06
2.09677e-07
-1.81936e-06
1.41482e-09
-3.30044e-06
-2.37366e-07
-6.04412e-06
-9.24097e-06
3.03783e-09
3.84755e-07
5.32917e-08
8.6694e-07
1.43856e-07
1.1939e-06
2.60579e-07
1.35846e-06
3.93717e-07
1.42733e-06
5.37833e-07
1.44724e-06
6.90659e-07
1.44234e-06
8.51062e-07
1.42431e-06
1.0184e-06
1.39914e-06
1.19169e-06
1.36955e-06
1.36913e-06
1.3359e-06
1.54813e-06
1.29714e-06
1.72554e-06
1.25166e-06
1.89762e-06
1.19795e-06
2.06012e-06
1.13477e-06
2.20869e-06
1.06139e-06
2.33927e-06
9.77725e-07
2.44852e-06
8.84353e-07
2.53377e-06
7.82777e-07
2.59308e-06
6.7499e-07
2.62522e-06
5.63275e-07
2.62974e-06
4.49969e-07
2.6069e-06
3.3745e-07
2.55756e-06
2.27927e-07
2.48315e-06
1.23286e-07
2.38541e-06
2.48782e-08
2.26616e-06
-6.67171e-08
2.12719e-06
-1.5185e-07
1.97006e-06
-2.31794e-07
1.79583e-06
-3.08868e-07
1.6051e-06
-3.86264e-07
1.39831e-06
-4.68117e-07
1.1764e-06
-5.59531e-07
9.41828e-07
-6.68421e-07
7.00941e-07
-8.12115e-07
4.6687e-07
-1.04772e-06
2.65987e-07
-1.61848e-06
6.90302e-08
-3.10349e-06
-2.27136e-07
-5.74796e-06
-9.46811e-06
-2.85906e-08
4.13346e-07
-6.81435e-09
8.45164e-07
6.98047e-08
1.11728e-06
1.84491e-07
1.24378e-06
3.22016e-07
1.28981e-06
4.7358e-07
1.29568e-06
6.34506e-07
1.28142e-06
8.01993e-07
1.25682e-06
9.74336e-07
1.2268e-06
1.15011e-06
1.19378e-06
1.32762e-06
1.15838e-06
1.50468e-06
1.12008e-06
1.6786e-06
1.07774e-06
1.84638e-06
1.03016e-06
2.00477e-06
9.76387e-07
2.15034e-06
9.15823e-07
2.27971e-06
8.48355e-07
2.38977e-06
7.74294e-07
2.47802e-06
6.9452e-07
2.54258e-06
6.10435e-07
2.58218e-06
5.23674e-07
2.59633e-06
4.35813e-07
2.585e-06
3.48781e-07
2.54867e-06
2.64257e-07
2.48831e-06
1.83652e-07
2.40516e-06
1.08028e-07
2.30062e-06
3.7825e-08
2.17607e-06
-2.7302e-08
2.03252e-06
-8.8242e-08
1.87052e-06
-1.46875e-07
1.68974e-06
-2.05484e-07
1.49022e-06
-2.68596e-07
1.27229e-06
-3.41593e-07
1.03826e-06
-4.34394e-07
7.97936e-07
-5.71793e-07
5.74971e-07
-8.24754e-07
3.95988e-07
-1.4395e-06
2.10279e-07
-2.91778e-06
-1.65139e-07
-5.37254e-06
-9.63325e-06
-7.89789e-08
4.92325e-07
-8.79378e-08
8.54123e-07
-2.2661e-08
1.052e-06
9.05141e-08
1.1306e-06
2.33874e-07
1.14645e-06
3.95154e-07
1.1344e-06
5.67011e-07
1.10956e-06
7.44873e-07
1.07896e-06
9.25843e-07
1.04583e-06
1.10802e-06
1.01161e-06
1.28967e-06
9.76734e-07
1.46888e-06
9.40864e-07
1.64341e-06
9.03212e-07
1.81076e-06
8.62817e-07
1.96828e-06
8.18868e-07
2.11327e-06
7.70836e-07
2.24308e-06
7.18543e-07
2.35508e-06
6.62293e-07
2.44706e-06
6.02543e-07
2.51743e-06
5.40064e-07
2.56522e-06
4.75887e-07
2.5896e-06
4.11429e-07
2.59013e-06
3.48251e-07
2.56687e-06
2.87513e-07
2.52058e-06
2.29948e-07
2.45245e-06
1.76151e-07
2.36373e-06
1.26551e-07
2.25534e-06
8.10871e-08
2.12798e-06
3.9114e-08
1.98317e-06
-2.06313e-09
1.81908e-06
-4.13938e-08
1.63641e-06
-8.59292e-08
1.43552e-06
-1.40697e-07
1.21987e-06
-2.18744e-07
1.0015e-06
-3.53426e-07
8.13952e-07
-6.37204e-07
6.79206e-07
-1.30475e-06
4.87629e-07
-2.7262e-06
2.90514e-08
-4.91396e-06
-9.6042e-06
-1.58291e-07
6.50616e-07
-2.11772e-07
9.07604e-07
-1.56032e-07
9.96261e-07
-3.67114e-08
1.01128e-06
1.18485e-07
9.91254e-07
2.95584e-07
9.57301e-07
4.84394e-07
9.20752e-07
6.78342e-07
8.85014e-07
8.73386e-07
8.50785e-07
1.0674e-06
8.17596e-07
1.25863e-06
7.85498e-07
1.44542e-06
7.54073e-07
1.62596e-06
7.22679e-07
1.79822e-06
6.90554e-07
1.96005e-06
6.57036e-07
2.10922e-06
6.21667e-07
2.24373e-06
5.84038e-07
2.36174e-06
5.44284e-07
2.4615e-06
5.02779e-07
2.5415e-06
4.60068e-07
2.60043e-06
4.16954e-07
2.63747e-06
3.7439e-07
2.65284e-06
3.32873e-07
2.64715e-06
2.93207e-07
2.62092e-06
2.56178e-07
2.57492e-06
2.22148e-07
2.51029e-06
1.9118e-07
2.4283e-06
1.63086e-07
2.3301e-06
1.37314e-07
2.21539e-06
1.12641e-07
2.08621e-06
8.77868e-08
1.94195e-06
5.83308e-08
1.78537e-06
1.58881e-08
1.62103e-06
-5.44073e-08
1.45938e-06
-1.91779e-07
1.32163e-06
-4.99455e-07
1.19627e-06
-1.17939e-06
9.13821e-07
-2.44375e-06
3.11485e-07
-4.31163e-06
-9.29271e-06
-3.07831e-07
9.58447e-07
-3.76969e-07
9.76742e-07
-3.26964e-07
9.46256e-07
-2.08187e-07
8.92506e-07
-3.39392e-08
8.17006e-07
1.73092e-07
7.5027e-07
3.95479e-07
6.98364e-07
6.22643e-07
6.5785e-07
8.49153e-07
6.24274e-07
1.07182e-06
5.94927e-07
1.2887e-06
5.68625e-07
1.49841e-06
5.44355e-07
1.69984e-06
5.21249e-07
1.89176e-06
4.98635e-07
2.0728e-06
4.76002e-07
2.24149e-06
4.52976e-07
2.3962e-06
4.29328e-07
2.53538e-06
4.05103e-07
2.65775e-06
3.80405e-07
2.76243e-06
3.55391e-07
2.84901e-06
3.30376e-07
2.91764e-06
3.0576e-07
2.96869e-06
2.81818e-07
3.00302e-06
2.58885e-07
3.02187e-06
2.37322e-07
3.02669e-06
2.17332e-07
3.01893e-06
1.98939e-07
3.00008e-06
1.81938e-07
2.97144e-06
1.6595e-07
2.93395e-06
1.5013e-07
2.88863e-06
1.3311e-07
2.83554e-06
1.11422e-07
2.77326e-06
7.81682e-08
2.70107e-06
1.7783e-08
2.6137e-06
-1.04415e-07
2.47708e-06
-3.62831e-07
2.18035e-06
-8.82661e-07
1.53609e-06
-1.79949e-06
6.81024e-07
-3.45656e-06
-8.61169e-06
-5.11657e-07
1.4701e-06
-5.38723e-07
1.00381e-06
-2.57006e-07
6.64539e-07
1.01353e-07
5.34147e-07
4.55229e-07
4.63129e-07
7.95285e-07
4.10214e-07
1.12066e-06
3.72991e-07
1.43041e-06
3.48096e-07
1.72524e-06
3.29444e-07
2.00641e-06
3.13756e-07
2.27538e-06
2.99657e-07
2.53304e-06
2.867e-07
2.77978e-06
2.74501e-07
3.01568e-06
2.62737e-07
3.24051e-06
2.51178e-07
3.45383e-06
2.39656e-07
3.65509e-06
2.28061e-07
3.84382e-06
2.16374e-07
4.01962e-06
2.04609e-07
4.18222e-06
1.92793e-07
4.33159e-06
1.81006e-07
4.46798e-06
1.69369e-07
4.5918e-06
1.57994e-07
4.7037e-06
1.46992e-07
4.80453e-06
1.36484e-07
4.89534e-06
1.26528e-07
4.97715e-06
1.17127e-07
5.0509e-06
1.08186e-07
5.11736e-06
9.94876e-08
5.17705e-06
9.04468e-08
5.23014e-06
8.00143e-08
5.27538e-06
6.61863e-08
5.3079e-06
4.56462e-08
5.31193e-06
1.37569e-08
5.25325e-06
-4.57347e-08
5.02989e-06
-1.39472e-07
4.41142e-06
-2.64196e-07
3.14712e-06
-5.35186e-07
1.52297e-06
-1.83241e-06
-7.08872e-06
1.4701e-06
2.47391e-06
3.13845e-06
3.6726e-06
4.13573e-06
4.54594e-06
4.91893e-06
5.26703e-06
5.59647e-06
5.91023e-06
6.20988e-06
6.49659e-06
6.77109e-06
7.03382e-06
7.285e-06
7.52466e-06
7.75272e-06
7.96909e-06
8.1737e-06
8.36649e-06
8.5475e-06
8.71687e-06
8.87486e-06
9.02185e-06
9.15834e-06
9.28487e-06
9.40199e-06
9.51018e-06
9.60967e-06
9.70011e-06
9.78013e-06
9.84631e-06
9.89196e-06
9.90572e-06
9.85998e-06
9.72051e-06
9.45632e-06
8.92113e-06
7.08872e-06
)
;

boundaryField
{
    movingWall
    {
        type            calculated;
        value           uniform 0;
    }
    fixedWalls
    {
        type            calculated;
        value           uniform 0;
    }
    frontAndBack
    {
        type            empty;
    }
}


// ************************************************************************* //
