/*--------------------------------*- C++ -*----------------------------------*\
| =========                 |                                                 |
| \\      /  F ield         | OpenFOAM: The Open Source CFD Toolbox           |
|  \\    /   O peration     | Version:  2412                                  |
|   \\  /    A nd           | Website:  www.openfoam.com                      |
|    \\/     M anipulation  |                                                 |
\*---------------------------------------------------------------------------*/
FoamFile
{
    version     2.0;
    format      ascii;
    arch        "LSB;label=32;scalar=64";
    class       volVectorField;
    location    "2.5";
    object      U;
}
// * * * * * * * * * * * * * * * * * * * * * * * * * * * * * * * * * * * * * //

dimensions      [0 1 -1 0 0 0 0];

internalField   nonuniform List<vector> 
1600
(
(0.000621131 -0.000613185 0)
(0.00202604 -0.000655173 0)
(0.00306943 -0.00048977 0)
(0.00366202 -0.000357926 0)
(0.00395844 -0.000296979 0)
(0.00409443 -0.000256182 0)
(0.00405325 -0.000188612 0)
(0.0037017 -6.43541e-05 0)
(0.0028557 0.000110055 0)
(0.00136155 0.000283501 0)
(-0.0008875 0.000399022 0)
(-0.00407417 0.00056281 0)
(-0.00860902 0.00100983 0)
(-0.0151337 0.00187884 0)
(-0.0236657 0.00301254 0)
(-0.0340622 0.00429645 0)
(-0.0458238 0.00553632 0)
(-0.0583703 0.00645141 0)
(-0.0707902 0.00677377 0)
(-0.0821976 0.00645766 0)
(-0.0918504 0.00559235 0)
(-0.0991106 0.00433019 0)
(-0.103625 0.00286265 0)
(-0.105303 0.00127721 0)
(-0.104009 -0.000388843 0)
(-0.0996303 -0.00213311 0)
(-0.0921878 -0.0038935 0)
(-0.0817634 -0.00556906 0)
(-0.0686942 -0.00702318 0)
(-0.0536299 -0.00809094 0)
(-0.0375334 -0.0085579 0)
(-0.0215917 -0.00823702 0)
(-0.00676016 -0.00703977 0)
(0.00500736 -0.00498606 0)
(0.0123158 -0.00199026 0)
(0.0151281 0.000800598 0)
(0.0137387 0.00205201 0)
(0.00953238 0.00217782 0)
(0.00470398 0.00175436 0)
(0.00110291 0.00118405 0)
(0.000682979 -0.00211295 0)
(0.00200575 -0.00203071 0)
(0.00245191 -0.00118631 0)
(0.00222235 -0.000520785 0)
(0.00157541 -0.000159465 0)
(0.000629893 0.000106668 0)
(-0.000708554 0.000519391 0)
(-0.00271585 0.00122082 0)
(-0.00577875 0.00223878 0)
(-0.0103993 0.003595 0)
(-0.0171329 0.00539356 0)
(-0.0263764 0.00782879 0)
(-0.0378505 0.0108112 0)
(-0.0510474 0.0139143 0)
(-0.0655862 0.0167064 0)
(-0.0807864 0.0187614 0)
(-0.0957568 0.0196921 0)
(-0.109563 0.0193555 0)
(-0.121584 0.0177898 0)
(-0.13141 0.0151473 0)
(-0.138862 0.0117637 0)
(-0.143903 0.00792012 0)
(-0.146476 0.0037881 0)
(-0.146371 -0.00053733 0)
(-0.143515 -0.00500533 0)
(-0.137786 -0.00956957 0)
(-0.129088 -0.0140877 0)
(-0.117401 -0.0183136 0)
(-0.102852 -0.0218971 0)
(-0.0859145 -0.0243796 0)
(-0.0673243 -0.0252688 0)
(-0.0481053 -0.0241457 0)
(-0.0297609 -0.0209081 0)
(-0.0135713 -0.0157817 0)
(-0.000524909 -0.00902483 0)
(0.0080014 -0.00199972 0)
(0.0115186 0.00348696 0)
(0.0100896 0.00644969 0)
(0.00600546 0.00662488 0)
(0.0013719 0.00458794 0)
(0.000467816 -0.00313951 0)
(0.000673846 -0.00235836 0)
(-0.000168396 -0.00065459 0)
(-0.00162811 0.000565467 0)
(-0.00356171 0.00132718 0)
(-0.00602171 0.00206311 0)
(-0.00930445 0.00323782 0)
(-0.0138838 0.00517889 0)
(-0.0202858 0.00803347 0)
(-0.0289641 0.011773 0)
(-0.0399592 0.0161439 0)
(-0.0531819 0.0208109 0)
(-0.0681807 0.0253977 0)
(-0.0841852 0.0294468 0)
(-0.100325 0.0323932 0)
(-0.115651 0.0337681 0)
(-0.129444 0.0333378 0)
(-0.141319 0.0311552 0)
(-0.151189 0.027551 0)
(-0.159146 0.0228707 0)
(-0.165225 0.017408 0)
(-0.169365 0.0113806 0)
(-0.171487 0.00490678 0)
(-0.171507 -0.00194312 0)
(-0.169261 -0.0091002 0)
(-0.164468 -0.0164148 0)
(-0.157074 -0.0237625 0)
(-0.146926 -0.0308929 0)
(-0.133847 -0.0372733 0)
(-0.117793 -0.0421778 0)
(-0.0990484 -0.0447441 0)
(-0.0782238 -0.0441567 0)
(-0.0566432 -0.0399095 0)
(-0.0362215 -0.0321736 0)
(-0.0185698 -0.0218239 0)
(-0.00480648 -0.0103008 0)
(0.00381035 0.00039394 0)
(0.00659449 0.00760931 0)
(0.00461166 0.0100798 0)
(0.00119835 0.00784797 0)
(1.22047e-05 -0.003237 0)
(-0.00117888 -0.00130192 0)
(-0.00337 0.00119395 0)
(-0.00611031 0.00294687 0)
(-0.00945627 0.0042734 0)
(-0.0136443 0.00587983 0)
(-0.0191646 0.00843542 0)
(-0.0265509 0.0123037 0)
(-0.0360872 0.0174081 0)
(-0.0478567 0.0233977 0)
(-0.0616907 0.0298047 0)
(-0.0771131 0.0360691 0)
(-0.0933723 0.041555 0)
(-0.109573 0.0455913 0)
(-0.12485 0.0476337 0)
(-0.138536 0.047416 0)
(-0.150391 0.0451398 0)
(-0.160468 0.0411485 0)
(-0.168855 0.035783 0)
(-0.175583 0.0293573 0)
(-0.180678 0.0221206 0)
(-0.18419 0.0142691 0)
(-0.186015 0.00592663 0)
(-0.186228 -0.00287136 0)
(-0.184929 -0.0121431 0)
(-0.182096 -0.021856 0)
(-0.177262 -0.0318817 0)
(-0.170146 -0.0419225 0)
(-0.160344 -0.0514719 0)
(-0.147355 -0.0596384 0)
(-0.130825 -0.0652031 0)
(-0.110743 -0.0667969 0)
(-0.0876641 -0.0631642 0)
(-0.0631893 -0.0539854 0)
(-0.0399287 -0.0401342 0)
(-0.0204393 -0.0236801 0)
(-0.0061315 -0.00731571 0)
(0.00143282 0.00564081 0)
(0.00264013 0.0117596 0)
(0.000808553 0.0101302 0)
(-0.000602517 -0.00210892 0)
(-0.00319201 0.0011647 0)
(-0.00662342 0.00437604 0)
(-0.0106717 0.0067123 0)
(-0.0155091 0.0088575 0)
(-0.0215272 0.0117778 0)
(-0.0292651 0.0161858 0)
(-0.038998 0.0221509 0)
(-0.0508338 0.0293639 0)
(-0.0645682 0.0372743 0)
(-0.0797608 0.0451641 0)
(-0.0957699 0.0522131 0)
(-0.111738 0.0576093 0)
(-0.126779 0.0607041 0)
(-0.140235 0.0612 0)
(-0.151894 0.0592546 0)
(-0.161771 0.055244 0)
(-0.169849 0.0495391 0)
(-0.176126 0.0424891 0)
(-0.180687 0.0344336 0)
(-0.183693 0.025661 0)
(-0.185371 0.0163805 0)
(-0.186115 0.00670224 0)
(-0.185986 -0.00332767 0)
(-0.184959 -0.0137775 0)
(-0.183269 -0.0247753 0)
(-0.180882 -0.0363741 0)
(-0.177495 -0.0485007 0)
(-0.172501 -0.0608338 0)
(-0.165005 -0.0725866 0)
(-0.153897 -0.0823765 0)
(-0.13818 -0.0882459 0)
(-0.117402 -0.0880622 0)
(-0.0921743 -0.0802709 0)
(-0.0646302 -0.0646754 0)
(-0.038652 -0.043539 0)
(-0.0179461 -0.0207923 0)
(-0.00416143 -0.000673103 0)
(0.000864731 0.0108878 0)
(0.00062849 0.0113683 0)
(-0.001179 0.000296856 0)
(-0.00511173 0.00497658 0)
(-0.00971365 0.00884101 0)
(-0.0149936 0.0118622 0)
(-0.0212748 0.0150947 0)
(-0.0289824 0.0196296 0)
(-0.0384681 0.0259227 0)
(-0.0498703 0.0338667 0)
(-0.063053 0.0428973 0)
(-0.0776765 0.052223 0)
(-0.0931563 0.0608979 0)
(-0.108676 0.0679222 0)
(-0.123348 0.0724369 0)
(-0.136461 0.0740089 0)
(-0.147703 0.0727231 0)
(-0.156991 0.0689342 0)
(-0.164162 0.0629956 0)
(-0.169199 0.0553559 0)
(-0.172307 0.046492 0)
(-0.173815 0.0368706 0)
(-0.174104 0.0268557 0)
(-0.173541 0.0166742 0)
(-0.17234 0.00641004 0)
(-0.170906 -0.00398118 0)
(-0.169567 -0.0145938 0)
(-0.168365 -0.0256482 0)
(-0.167509 -0.0374339 0)
(-0.166874 -0.0501814 0)
(-0.166151 -0.063942 0)
(-0.164567 -0.0783503 0)
(-0.160766 -0.0923201 0)
(-0.152862 -0.103805 0)
(-0.138896 -0.109864 0)
(-0.117807 -0.107275 0)
(-0.0903956 -0.0939789 0)
(-0.0598867 -0.0704801 0)
(-0.0319453 -0.0412015 0)
(-0.0111847 -0.0126711 0)
(-0.000919872 0.00704902 0)
(0.000730634 0.0118003 0)
(-0.00172677 0.00388439 0)
(-0.00683117 0.00995781 0)
(-0.0124478 0.0144684 0)
(-0.0188109 0.0182921 0)
(-0.0263463 0.0227847 0)
(-0.0353452 0.0289423 0)
(-0.0460097 0.0370357 0)
(-0.0583271 0.0466746 0)
(-0.072085 0.0571058 0)
(-0.0868005 0.0673048 0)
(-0.101699 0.0760638 0)
(-0.115904 0.0823065 0)
(-0.128637 0.0853331 0)
(-0.139447 0.0850432 0)
(-0.148079 0.0816969 0)
(-0.154284 0.0756475 0)
(-0.158075 0.0674348 0)
(-0.159779 0.0577501 0)
(-0.159871 0.0472453 0)
(-0.158853 0.0364356 0)
(-0.15715 0.0256529 0)
(-0.155077 0.0150544 0)
(-0.152946 0.00468441 0)
(-0.15088 -0.00554048 0)
(-0.148981 -0.0157873 0)
(-0.14747 -0.0262767 0)
(-0.146599 -0.0373146 0)
(-0.1466 -0.0493046 0)
(-0.147605 -0.0626562 0)
(-0.149406 -0.0776179 0)
(-0.151147 -0.0938982 0)
(-0.151036 -0.11013 0)
(-0.146322 -0.123396 0)
(-0.133925 -0.129303 0)
(-0.112074 -0.123198 0)
(-0.0820553 -0.102504 0)
(-0.0490288 -0.0692261 0)
(-0.0208388 -0.0316892 0)
(-0.00362509 -0.000930482 0)
(0.000720571 0.0112785 0)
(-0.00216953 0.0084226 0)
(-0.00823273 0.0159377 0)
(-0.0146743 0.0210835 0)
(-0.0219089 0.025767 0)
(-0.030376 0.0315452 0)
(-0.0401834 0.0392367 0)
(-0.0514389 0.0488743 0)
(-0.0640878 0.0598917 0)
(-0.0777904 0.0713065 0)
(-0.0918763 0.0817455 0)
(-0.105519 0.089917 0)
(-0.117902 0.0947941 0)
(-0.12841 0.0959375 0)
(-0.136633 0.0934238 0)
(-0.142254 0.087563 0)
(-0.14531 0.0790041 0)
(-0.146241 0.0686506 0)
(-0.145662 0.0573692 0)
(-0.144177 0.0458325 0)
(-0.142235 0.0344493 0)
(-0.140086 0.0234016 0)
(-0.137847 0.0127248 0)
(-0.135557 0.00236223 0)
(-0.133206 -0.0077816 0)
(-0.130888 -0.0177932 0)
(-0.128761 -0.0278003 0)
(-0.127058 -0.0380193 0)
(-0.12616 -0.0488047 0)
(-0.126499 -0.0606746 0)
(-0.128449 -0.0742856 0)
(-0.132011 -0.0901937 0)
(-0.136313 -0.108275 0)
(-0.139081 -0.126809 0)
(-0.136544 -0.141642 0)
(-0.124432 -0.146331 0)
(-0.10053 -0.134335 0)
(-0.0674327 -0.103105 0)
(-0.0333052 -0.0582151 0)
(-0.00755527 -0.0139618 0)
(0.000543312 0.00957411 0)
(-0.00246542 0.0137144 0)
(-0.00924488 0.0226888 0)
(-0.0162987 0.0284446 0)
(-0.0241289 0.0339961 0)
(-0.0331327 0.0409639 0)
(-0.043281 0.0499809 0)
(-0.0546623 0.0608987 0)
(-0.0671341 0.0729757 0)
(-0.0801891 0.0848244 0)
(-0.093109 0.0949468 0)
(-0.105109 0.102016 0)
(-0.115454 0.105134 0)
(-0.123592 0.104045 0)
(-0.129117 0.0989226 0)
(-0.132022 0.0904657 0)
(-0.132802 0.0797727 0)
(-0.132174 0.0679468 0)
(-0.130819 0.0558375 0)
(-0.129199 0.0439332 0)
(-0.127514 0.0324193 0)
(-0.125782 0.0213054 0)
(-0.123943 0.0105355 0)
(-0.121899 3.79447e-05 0)
(-0.119623 -0.0102247 0)
(-0.117162 -0.0202716 0)
(-0.11461 -0.0301429 0)
(-0.112148 -0.0399322 0)
(-0.110099 -0.0498447 0)
(-0.108915 -0.0602729 0)
(-0.109188 -0.0718923 0)
(-0.111531 -0.0856743 0)
(-0.116184 -0.102588 0)
(-0.122247 -0.122691 0)
(-0.126818 -0.143617 0)
(-0.12485 -0.159234 0)
(-0.110943 -0.160165 0)
(-0.0832984 -0.137836 0)
(-0.0472205 -0.0914752 0)
(-0.0143477 -0.0344297 0)
(-3.79363e-05 0.00519015 0)
(-0.00259524 0.0195199 0)
(-0.00983709 0.029958 0)
(-0.017255 0.0362994 0)
(-0.0253792 0.0426323 0)
(-0.0345411 0.0506168 0)
(-0.0446325 0.0607261 0)
(-0.0557309 0.0726759 0)
(-0.0675493 0.0853826 0)
(-0.0795287 0.0971953 0)
(-0.0909753 0.10658 0)
(-0.101167 0.112183 0)
(-0.109432 0.113248 0)
(-0.115247 0.109641 0)
(-0.118478 0.101934 0)
(-0.119562 0.0913586 0)
(-0.119263 0.0792737 0)
(-0.118327 0.0667609 0)
(-0.117249 0.0544424 0)
(-0.116216 0.0425295 0)
(-0.115206 0.0310048 0)
(-0.114102 0.0197821 0)
(-0.112764 0.00878818 0)
(-0.111081 -0.00200503 0)
(-0.10902 -0.0125762 0)
(-0.106594 -0.0228851 0)
(-0.103866 -0.0329012 0)
(-0.100977 -0.0426258 0)
(-0.098166 -0.0521412 0)
(-0.0957758 -0.0616769 0)
(-0.0943097 -0.071714 0)
(-0.0944714 -0.0831411 0)
(-0.0970748 -0.097333 0)
(-0.102543 -0.115745 0)
(-0.109786 -0.138455 0)
(-0.114932 -0.16171 0)
(-0.111363 -0.176038 0)
(-0.0930062 -0.168036 0)
(-0.060207 -0.128125 0)
(-0.0233401 -0.0625081 0)
(-0.000611082 -0.00350447 0)
(-0.00256861 0.0255674 0)
(-0.00999921 0.0374912 0)
(-0.0175347 0.0443546 0)
(-0.0256536 0.0513378 0)
(-0.0346338 0.0601391 0)
(-0.0443501 0.0711138 0)
(-0.0547892 0.0837929 0)
(-0.065595 0.0967127 0)
(-0.0762153 0.108156 0)
(-0.0860594 0.1165 0)
(-0.0944423 0.120413 0)
(-0.100736 0.119237 0)
(-0.104607 0.113154 0)
(-0.106302 0.103328 0)
(-0.106548 0.0913511 0)
(-0.106131 0.0786098 0)
(-0.105611 0.0659618 0)
(-0.105213 0.053719 0)
(-0.104914 0.041863 0)
(-0.104579 0.030268 0)
(-0.104048 0.0188249 0)
(-0.103173 0.00748508 0)
(-0.101849 -0.00373029 0)
(-0.100036 -0.0147488 0)
(-0.0977303 -0.0254752 0)
(-0.0949804 -0.0358161 0)
(-0.0919094 -0.0457047 0)
(-0.0887018 -0.0551429 0)
(-0.0856163 -0.0642476 0)
(-0.0830193 -0.0733258 0)
(-0.0814483 -0.0830204 0)
(-0.0816986 -0.0945426 0)
(-0.084749 -0.109807 0)
(-0.0910769 -0.130758 0)
(-0.0990252 -0.156912 0)
(-0.103076 -0.181506 0)
(-0.0948423 -0.189524 0)
(-0.0694477 -0.163144 0)
(-0.0330442 -0.096705 0)
(-0.0022358 -0.0153156 0)
(-0.00240925 0.0315905 0)
(-0.00975384 0.0450165 0)
(-0.017165 0.0523349 0)
(-0.0250115 0.0598161 0)
(-0.0335333 0.0692257 0)
(-0.0425903 0.0808312 0)
(-0.0520663 0.0938992 0)
(-0.061614 0.106733 0)
(-0.070756 0.117574 0)
(-0.0789785 0.124712 0)
(-0.0856623 0.126835 0)
(-0.0902773 0.123456 0)
(-0.0927772 0.115281 0)
(-0.0937044 0.103972 0)
(-0.0938406 0.0912608 0)
(-0.0938141 0.0783667 0)
(-0.0939328 0.0658355 0)
(-0.0942201 0.0537183 0)
(-0.0945546 0.0418638 0)
(-0.0947737 0.0301075 0)
(-0.0947177 0.0183496 0)
(-0.0942453 0.00657499 0)
(-0.0932559 -0.00515337 0)
(-0.0916989 -0.0167173 0)
(-0.0895594 -0.0279686 0)
(-0.0868801 -0.0387527 0)
(-0.0837722 -0.0489449 0)
(-0.0804009 -0.0584901 0)
(-0.0769823 -0.0674382 0)
(-0.07379 -0.0759916 0)
(-0.0711991 -0.0846015 0)
(-0.0697862 -0.0941761 0)
(-0.0704569 -0.106428 0)
(-0.0743302 -0.124001 0)
(-0.0816744 -0.149086 0)
(-0.0894594 -0.179108 0)
(-0.0895823 -0.201178 0)
(-0.0731586 -0.192215 0)
(-0.0408636 -0.132929 0)
(-0.00662559 -0.0342687 0)
(-0.00213784 0.0373323 0)
(-0.0091394 0.0522753 0)
(-0.0162007 0.0599914 0)
(-0.0235521 0.067817 0)
(-0.0313924 0.077634 0)
(-0.0395537 0.0896128 0)
(-0.0478621 0.10278 0)
(-0.0560098 0.115323 0)
(-0.0636397 0.125427 0)
(-0.070314 0.131317 0)
(-0.0754934 0.131709 0)
(-0.0788301 0.126406 0)
(-0.0805251 0.116673 0)
(-0.0812414 0.104478 0)
(-0.081645 0.0915027 0)
(-0.0821425 0.0787044 0)
(-0.0828436 0.0663457 0)
(-0.0836716 0.0543113 0)
(-0.0844838 0.0423887 0)
(-0.0851258 0.0304055 0)
(-0.0854513 0.0182772 0)
(-0.085325 0.00601482 0)
(-0.0846477 -0.00628418 0)
(-0.0833581 -0.0184606 0)
(-0.0814292 -0.0303126 0)
(-0.0788947 -0.0416237 0)
(-0.075855 -0.0522105 0)
(-0.0724692 -0.0619681 0)
(-0.0689404 -0.0709059 0)
(-0.0655024 -0.0791768 0)
(-0.0624302 -0.0871261 0)
(-0.060107 -0.0954302 0)
(-0.0591721 -0.105427 0)
(-0.0606871 -0.11962 0)
(-0.065838 -0.14151 0)
(-0.0740337 -0.172477 0)
(-0.0794143 -0.20439 0)
(-0.0714076 -0.213333 0)
(-0.0453223 -0.167817 0)
(-0.0115045 -0.0591696 0)
(-0.00177279 0.0425674 0)
(-0.00821077 0.0590399 0)
(-0.0147297 0.0671182 0)
(-0.0214112 0.0751485 0)
(-0.0283905 0.0851556 0)
(-0.0354765 0.0972591 0)
(-0.0424903 0.110312 0)
(-0.0491873 0.122435 0)
(-0.0553236 0.131771 0)
(-0.0605665 0.136489 0)
(-0.0644878 0.135361 0)
(-0.0669327 0.128558 0)
(-0.0682471 0.117793 0)
(-0.0690519 0.105159 0)
(-0.0698239 0.0921817 0)
(-0.0707741 0.0795542 0)
(-0.0718993 0.0673393 0)
(-0.0730956 0.0553318 0)
(-0.0742293 0.0432932 0)
(-0.075167 0.0310522 0)
(-0.07578 0.0185345 0)
(-0.0759422 0.00576719 0)
(-0.0755538 -0.00712535 0)
(-0.0745482 -0.0199473 0)
(-0.0728829 -0.0324466 0)
(-0.0705758 -0.0443439 0)
(-0.0677105 -0.0553917 0)
(-0.0644394 -0.0654313 0)
(-0.0609636 -0.0744379 0)
(-0.0575065 -0.0825454 0)
(-0.054299 -0.0900628 0)
(-0.0516065 -0.0975397 0)
(-0.0498373 -0.106008 0)
(-0.0497525 -0.117532 0)
(-0.0526269 -0.135805 0)
(-0.0593552 -0.164792 0)
(-0.0668941 -0.201814 0)
(-0.0653745 -0.226341 0)
(-0.0463139 -0.198759 0)
(-0.0152461 -0.0877379 0)
(-0.00134112 0.047117 0)
(-0.0070329 0.0651253 0)
(-0.0128515 0.0735448 0)
(-0.0187237 0.0816379 0)
(-0.0247196 0.091629 0)
(-0.0306238 0.103667 0)
(-0.036277 0.116445 0)
(-0.0415135 0.12808 0)
(-0.0462076 0.136692 0)
(-0.0501462 0.140412 0)
(-0.0530445 0.138095 0)
(-0.0548942 0.130253 0)
(-0.0560727 0.118892 0)
(-0.0570615 0.106104 0)
(-0.0581464 0.0932324 0)
(-0.0594029 0.0807639 0)
(-0.0607809 0.0686425 0)
(-0.062178 0.0566173 0)
(-0.0634829 0.0444385 0)
(-0.0645894 0.0319368 0)
(-0.0653884 0.0190419 0)
(-0.0657703 0.00578969 0)
(-0.0656406 -0.00767853 0)
(-0.064931 -0.0211386 0)
(-0.0635868 -0.0342957 0)
(-0.0616015 -0.0468111 0)
(-0.0590322 -0.0583668 0)
(-0.0560148 -0.0687401 0)
(-0.052747 -0.0778671 0)
(-0.0494526 -0.0858735 0)
(-0.0463477 -0.0930701 0)
(-0.04364 -0.099964 0)
(-0.0415903 -0.107401 0)
(-0.0406801 -0.11703 0)
(-0.0419089 -0.13218 0)
(-0.046681 -0.15797 0)
(-0.0541897 -0.196321 0)
(-0.056769 -0.232488 0)
(-0.0442962 -0.224087 0)
(-0.0174295 -0.11794 0)
(-0.000865255 0.0508469 0)
(-0.0056571 0.0703699 0)
(-0.0106487 0.079136 0)
(-0.0156286 0.0871815 0)
(-0.0205701 0.0969986 0)
(-0.025243 0.108778 0)
(-0.0295174 0.121157 0)
(-0.0333151 0.132289 0)
(-0.0366243 0.140282 0)
(-0.0393669 0.143258 0)
(-0.0414206 0.140143 0)
(-0.0428542 0.131689 0)
(-0.0439899 0.120054 0)
(-0.0451354 0.107271 0)
(-0.0464162 0.0945251 0)
(-0.0478266 0.0821714 0)
(-0.0492996 0.0700919 0)
(-0.0507466 0.0580141 0)
(-0.0520852 0.0456877 0)
(-0.0532361 0.0329433 0)
(-0.0541148 0.019711 0)
(-0.0546356 0.006028 0)
(-0.0547196 -0.00795578 0)
(-0.0543035 -0.0219987 0)
(-0.0533276 -0.0357791 0)
(-0.0517571 -0.048908 0)
(-0.0496132 -0.0609955 0)
(-0.0470013 -0.0717412 0)
(-0.0441055 -0.0810281 0)
(-0.0411492 -0.0889727 0)
(-0.0383445 -0.095907 0)
(-0.0358724 -0.102345 0)
(-0.0339128 -0.109047 0)
(-0.0327577 -0.117367 0)
(-0.0330871 -0.130136 0)
(-0.036234 -0.152667 0)
(-0.042677 -0.19005 0)
(-0.0472575 -0.233815 0)
(-0.0402036 -0.243199 0)
(-0.0180178 -0.147791 0)
(-0.000357571 0.0536379 0)
(-0.00414576 0.0746746 0)
(-0.0082212 0.0838079 0)
(-0.0122575 0.0917268 0)
(-0.0161199 0.101222 0)
(-0.0195622 0.112571 0)
(-0.0224789 0.124471 0)
(-0.0248792 0.135114 0)
(-0.026858 0.142624 0)
(-0.0284738 0.14514 0)
(-0.0297707 0.141623 0)
(-0.0308588 0.132932 0)
(-0.0319431 0.121258 0)
(-0.0331597 0.108562 0)
(-0.0345116 0.0959232 0)
(-0.0359424 0.0836313 0)
(-0.0373797 0.0715441 0)
(-0.0387542 0.0593881 0)
(-0.0400106 0.0469158 0)
(-0.0410972 0.0339586 0)
(-0.041958 0.0204469 0)
(-0.0425367 0.0064157 0)
(-0.0427781 -0.00798721 0)
(-0.0426326 -0.0225138 0)
(-0.0420458 -0.0368327 0)
(-0.0409589 -0.0505248 0)
(-0.0393541 -0.0631337 0)
(-0.0372952 -0.0742711 0)
(-0.0349386 -0.0837476 0)
(-0.032497 -0.0916614 0)
(-0.0301771 -0.0983722 0)
(-0.0281455 -0.104427 0)
(-0.0265384 -0.110565 0)
(-0.0255395 -0.11796 0)
(-0.0255832 -0.129006 0)
(-0.0277139 -0.148734 0)
(-0.0329349 -0.184153 0)
(-0.0381191 -0.232348 0)
(-0.0350473 -0.256412 0)
(-0.0172001 -0.175862 0)
(0.000158596 0.0554127 0)
(-0.00255727 0.0779759 0)
(-0.00566759 0.0875029 0)
(-0.00873993 0.0952434 0)
(-0.0115361 0.104301 0)
(-0.0137836 0.115086 0)
(-0.0153989 0.126424 0)
(-0.0164577 0.136607 0)
(-0.0171586 0.143763 0)
(-0.0176629 0.146076 0)
(-0.0182129 0.142583 0)
(-0.0189277 0.133976 0)
(-0.0198841 0.122436 0)
(-0.0210669 0.10987 0)
(-0.0223802 0.0973071 0)
(-0.0237276 0.0850256 0)
(-0.0250346 0.0728881 0)
(-0.0262495 0.0606332 0)
(-0.0273416 0.0480217 0)
(-0.0282868 0.0348876 0)
(-0.029059 0.0211628 0)
(-0.0296304 0.00688039 0)
(-0.0299759 -0.00782067 0)
(-0.0300638 -0.0226998 0)
(-0.0298533 -0.0374312 0)
(-0.0292744 -0.0515865 0)
(-0.0282803 -0.0646612 0)
(-0.0268919 -0.0761773 0)
(-0.025226 -0.0858554 0)
(-0.0234685 -0.0937618 0)
(-0.0218098 -0.100283 0)
(-0.020398 -0.106009 0)
(-0.0193453 -0.111687 0)
(-0.0187816 -0.118398 0)
(-0.0189883 -0.12821 0)
(-0.0206989 -0.145699 0)
(-0.0250009 -0.178928 0)
(-0.0301474 -0.229648 0)
(-0.0295715 -0.264631 0)
(-0.0152855 -0.201382 0)
(0.000647195 0.056139 0)
(-0.000959199 0.0802342 0)
(-0.00307125 0.0902044 0)
(-0.0051921 0.0977411 0)
(-0.0069596 0.106279 0)
(-0.0080785 0.116394 0)
(-0.00847964 0.127096 0)
(-0.00826336 0.136804 0)
(-0.0077194 0.143735 0)
(-0.00712944 0.146078 0)
(-0.00684956 0.142949 0)
(-0.00708591 0.134728 0)
(-0.00780129 0.123485 0)
(-0.00883898 0.111095 0)
(-0.0100235 0.0985883 0)
(-0.0112162 0.0862745 0)
(-0.0123353 0.0740524 0)
(-0.0133424 0.0616857 0)
(-0.0142281 0.0489479 0)
(-0.0149943 0.0356784 0)
(-0.0156433 0.0218121 0)
(-0.0161709 0.00737984 0)
(-0.0165801 -0.00749238 0)
(-0.016861 -0.0225823 0)
(-0.0169904 -0.0375783 0)
(-0.0169015 -0.0520616 0)
(-0.0165364 -0.0655007 0)
(-0.0158881 -0.0773389 0)
(-0.0150302 -0.0872019 0)
(-0.0141043 -0.0951085 0)
(-0.0132655 -0.101467 0)
(-0.0126336 -0.10691 0)
(-0.0122985 -0.112201 0)
(-0.0123597 -0.118365 0)
(-0.0130254 -0.127264 0)
(-0.0148123 -0.143092 0)
(-0.0186384 -0.174231 0)
(-0.023669 -0.226604 0)
(-0.0243885 -0.269392 0)
(-0.0127452 -0.223571 0)
(0.0010831 0.0558456 0)
(0.000598747 0.0814542 0)
(-0.000520249 0.0919115 0)
(-0.00172167 0.0992461 0)
(-0.00251679 0.107217 0)
(-0.00259638 0.11658 0)
(-0.00188645 0.126574 0)
(-0.000490191 0.135768 0)
(0.00125737 0.14254 0)
(0.00298357 0.145117 0)
(0.00418312 0.142577 0)
(0.00460028 0.13506 0)
(0.00427162 0.124275 0)
(0.00349116 0.112137 0)
(0.00251455 0.0996975 0)
(0.00152566 0.0873346 0)
(0.000621982 0.075009 0)
(-0.000162511 0.0625249 0)
(-0.000835162 0.0496765 0)
(-0.00141974 0.0363138 0)
(-0.00194289 0.0223737 0)
(-0.00241962 0.00788302 0)
(-0.00287269 -0.00704518 0)
(-0.00331538 -0.0222122 0)
(-0.003742 -0.0373247 0)
(-0.00410181 -0.0519802 0)
(-0.00434623 -0.0656369 0)
(-0.00446267 -0.0776815 0)
(-0.00448988 -0.0876617 0)
(-0.0045117 -0.0955521 0)
(-0.00462322 -0.101771 0)
(-0.00490471 -0.106984 0)
(-0.00541785 -0.111965 0)
(-0.00623975 -0.117689 0)
(-0.00754208 -0.125864 0)
(-0.00972526 -0.140399 0)
(-0.0135147 -0.169815 0)
(-0.0185911 -0.223412 0)
(-0.020003 -0.2726 0)
(-0.0102344 -0.241666 0)
(0.00145762 0.0546012 0)
(0.00205819 0.0816273 0)
(0.00190255 0.0926524 0)
(0.00158777 0.0998166 0)
(0.00168675 0.107196 0)
(0.0025366 0.115748 0)
(0.00424357 0.124965 0)
(0.00670489 0.133598 0)
(0.0095915 0.140181 0)
(0.0124628 0.143095 0)
(0.014716 0.141296 0)
(0.0159773 0.134783 0)
(0.0162471 0.124679 0)
(0.0158558 0.112904 0)
(0.0151649 0.100575 0)
(0.0144188 0.0881726 0)
(0.0137414 0.0757448 0)
(0.0131712 0.0631516 0)
(0.0126943 0.0502157 0)
(0.0122722 0.0368024 0)
(0.0118583 0.0228506 0)
(0.0114212 0.00838225 0)
(0.0109243 -0.00650323 0)
(0.0103345 -0.0216298 0)
(0.00964101 -0.036722 0)
(0.0088696 -0.0513899 0)
(0.00804281 -0.0650909 0)
(0.00715957 -0.0771826 0)
(0.00620591 -0.0871692 0)
(0.00516267 -0.094997 0)
(0.00400649 -0.101084 0)
(0.00271215 -0.106117 0)
(0.00125271 -0.110863 0)
(-0.000426641 -0.116245 0)
(-0.00247582 -0.12384 0)
(-0.00522776 -0.137328 0)
(-0.00930651 -0.165312 0)
(-0.0146499 -0.219882 0)
(-0.0166023 -0.275071 0)
(-0.00823666 -0.256316 0)
(0.00175068 0.0524955 0)
(0.00337632 0.08078 0)
(0.00414576 0.0924913 0)
(0.00465758 0.099528 0)
(0.00556101 0.106311 0)
(0.00722208 0.114015 0)
(0.00979658 0.122383 0)
(0.0131893 0.130383 0)
(0.0171188 0.136699 0)
(0.0210896 0.139935 0)
(0.024503 0.138996 0)
(0.0268224 0.133623 0)
(0.0279376 0.124506 0)
(0.0281294 0.113282 0)
(0.0278372 0.101165 0)
(0.027383 0.0887685 0)
(0.0269393 0.0762609 0)
(0.0265666 0.0635774 0)
(0.0262563 0.0505826 0)
(0.025964 0.0371602 0)
(0.0256308 0.0232531 0)
(0.0252103 0.00887766 0)
(0.0246561 -0.00587788 0)
(0.0239192 -0.0208546 0)
(0.0229708 -0.0357949 0)
(0.021804 -0.0503162 0)
(0.020407 -0.0638779 0)
(0.0187551 -0.0758341 0)
(0.0168512 -0.0856858 0)
(0.0147427 -0.0933795 0)
(0.0124846 -0.0993336 0)
(0.0101168 -0.104231 0)
(0.00764997 -0.108819 0)
(0.00505331 -0.113957 0)
(0.0021927 -0.121089 0)
(-0.00121249 -0.133698 0)
(-0.00580241 -0.160483 0)
(-0.0115301 -0.215819 0)
(-0.0141482 -0.277096 0)
(-0.0068467 -0.268326 0)
(0.0019419 0.0496506 0)
(0.00451682 0.0789799 0)
(0.00616009 0.0914772 0)
(0.00742786 0.0984591 0)
(0.00903762 0.104671 0)
(0.0113914 0.111513 0)
(0.0146887 0.11897 0)
(0.018875 0.126248 0)
(0.0236996 0.132193 0)
(0.0286919 0.135645 0)
(0.0332718 0.135536 0)
(0.03681 0.131378 0)
(0.0390277 0.123481 0)
(0.0400649 0.113071 0)
(0.0403568 0.101356 0)
(0.0402959 0.0890841 0)
(0.040123 0.0765634 0)
(0.039945 0.0638325 0)
(0.0397765 0.0508162 0)
(0.0395801 0.0374265 0)
(0.0392931 0.0236148 0)
(0.0388599 0.00939299 0)
(0.0382236 -0.00515901 0)
(0.0373207 -0.01989 0)
(0.0361022 -0.0345534 0)
(0.0345243 -0.048768 0)
(0.0325375 -0.061997 0)
(0.0300966 -0.073618 0)
(0.0272263 -0.0831806 0)
(0.0240341 -0.0906637 0)
(0.020655 -0.0964783 0)
(0.0171951 -0.101287 0)
(0.0137018 -0.105792 0)
(0.0101651 -0.110779 0)
(0.0064642 -0.117562 0)
(0.00237042 -0.129428 0)
(-0.00286803 -0.155172 0)
(-0.00898685 -0.211091 0)
(-0.012479 -0.278678 0)
(-0.00597872 -0.278485 0)
(0.00203186 0.0462194 0)
(0.0054393 0.0763104 0)
(0.00789143 0.089671 0)
(0.00984645 0.0966886 0)
(0.0120688 0.102384 0)
(0.0149991 0.108372 0)
(0.0188704 0.114877 0)
(0.0236964 0.121344 0)
(0.0292382 0.126822 0)
(0.0351132 0.130296 0)
(0.0407753 0.130853 0)
(0.0455877 0.127867 0)
(0.0491117 0.121331 0)
(0.051282 0.112018 0)
(0.0524174 0.100975 0)
(0.0529312 0.0890257 0)
(0.0531325 0.076622 0)
(0.0531917 0.0639274 0)
(0.0531678 0.0509492 0)
(0.0530478 0.0376438 0)
(0.0527771 0.0239816 0)
(0.0522982 0.00997642 0)
(0.0515426 -0.00429639 0)
(0.0504331 -0.0186882 0)
(0.0488995 -0.0329522 0)
(0.0468564 -0.0467031 0)
(0.0442209 -0.0594146 0)
(0.0409456 -0.0705191 0)
(0.0370916 -0.0796499 0)
(0.0328265 -0.0868409 0)
(0.0283545 -0.0925153 0)
(0.0238315 -0.0972864 0)
(0.019335 -0.101783 0)
(0.0148741 -0.106704 0)
(0.0103392 -0.11324 0)
(0.00554244 -0.124486 0)
(-0.000420241 -0.149286 0)
(-0.00684153 -0.205635 0)
(-0.0114288 -0.27975 0)
(-0.00548321 -0.287428 0)
(0.00202685 0.0423604 0)
(0.00610988 0.0728858 0)
(0.00928702 0.0871444 0)
(0.0118659 0.0942963 0)
(0.0146189 0.0995486 0)
(0.0180175 0.104722 0)
(0.0223232 0.110262 0)
(0.0276132 0.115848 0)
(0.0337028 0.120745 0)
(0.0402674 0.124049 0)
(0.0468386 0.125017 0)
(0.0528404 0.123024 0)
(0.0577323 0.117834 0)
(0.0612625 0.109828 0)
(0.0635396 0.0997601 0)
(0.064892 0.0884089 0)
(0.0656577 0.0763297 0)
(0.066071 0.0638152 0)
(0.0662493 0.0509745 0)
(0.0662211 0.0378292 0)
(0.0659544 0.0243836 0)
(0.0654 0.010666 0)
(0.064478 -0.00324324 0)
(0.0630986 -0.0171922 0)
(0.0611708 -0.0309217 0)
(0.0585703 -0.0440418 0)
(0.0552014 -0.0560566 0)
(0.0510431 -0.0664925 0)
(0.0462073 -0.0750923 0)
(0.0409191 -0.0819581 0)
(0.0354271 -0.0875031 0)
(0.0299171 -0.092277 0)
(0.0244837 -0.0968307 0)
(0.0191498 -0.101763 0)
(0.0138137 -0.108139 0)
(0.0083434 -0.118866 0)
(0.00161419 -0.142806 0)
(-0.00500081 -0.199597 0)
(-0.0109057 -0.280047 0)
(-0.00516788 -0.295707 0)
(0.00193261 0.0382515 0)
(0.00651323 0.0688391 0)
(0.0103084 0.0839743 0)
(0.013445 0.0913563 0)
(0.0166607 0.0962536 0)
(0.0204327 0.100681 0)
(0.0250485 0.105277 0)
(0.030637 0.109937 0)
(0.0371023 0.114138 0)
(0.0441538 0.117122 0)
(0.0513945 0.118227 0)
(0.0583585 0.116943 0)
(0.0645058 0.112922 0)
(0.0694481 0.106256 0)
(0.0730862 0.0973996 0)
(0.0755675 0.0869586 0)
(0.077164 0.0754867 0)
(0.0781333 0.0633717 0)
(0.0786454 0.0508297 0)
(0.0787795 0.0379649 0)
(0.0785383 0.0248356 0)
(0.0778919 0.0115016 0)
(0.0767538 -0.00194081 0)
(0.0750249 -0.0153193 0)
(0.0725982 -0.0283613 0)
(0.0693341 -0.0406865 0)
(0.0651594 -0.0518628 0)
(0.0601079 -0.0615324 0)
(0.0543456 -0.0695572 0)
(0.0481356 -0.0760955 0)
(0.0417435 -0.0815359 0)
(0.0353641 -0.0863545 0)
(0.029096 -0.0910138 0)
(0.0229707 -0.0960157 0)
(0.0168944 -0.102298 0)
(0.0108126 -0.1126 0)
(0.00329996 -0.135761 0)
(-0.00336845 -0.192958 0)
(-0.0107412 -0.279554 0)
(-0.00499906 -0.303663 0)
(0.00176301 0.0340753 0)
(0.00664076 0.0643267 0)
(0.0109284 0.0802477 0)
(0.0145527 0.0879378 0)
(0.0181709 0.0925719 0)
(0.0222415 0.0963455 0)
(0.0270708 0.100051 0)
(0.0328264 0.103782 0)
(0.0394844 0.107193 0)
(0.0468236 0.10973 0)
(0.0544955 0.110766 0)
(0.0621178 0.10987 0)
(0.0692409 0.106732 0)
(0.0754241 0.101262 0)
(0.0804217 0.0936758 0)
(0.084201 0.0843738 0)
(0.0868808 0.0738096 0)
(0.088653 0.0623812 0)
(0.0896967 0.0503754 0)
(0.0901259 0.0379795 0)
(0.0899788 0.0253211 0)
(0.0892499 0.0125128 0)
(0.0878646 -0.000316612 0)
(0.08572 -0.0129689 0)
(0.0827008 -0.0251665 0)
(0.0787169 -0.0365647 0)
(0.0737414 -0.0468199 0)
(0.0678707 -0.0556954 0)
(0.0613145 -0.0631556 0)
(0.0543448 -0.0693919 0)
(0.0472189 -0.0747544 0)
(0.0401218 -0.0796452 0)
(0.0331452 -0.0844367 0)
(0.0263279 -0.0895468 0)
(0.0195919 -0.0957903 0)
(0.0129798 -0.105735 0)
(0.00468885 -0.128206 0)
(-0.00181883 -0.185786 0)
(-0.0108846 -0.278226 0)
(-0.00489229 -0.31157 0)
(0.00153642 0.03 0)
(0.006496 0.0595274 0)
(0.0111321 0.0760705 0)
(0.0151646 0.0841056 0)
(0.0191288 0.088565 0)
(0.0234478 0.0917855 0)
(0.0284252 0.094686 0)
(0.0342539 0.0975212 0)
(0.0409478 0.100113 0)
(0.0483828 0.102078 0)
(0.0562756 0.102899 0)
(0.0642621 0.102152 0)
(0.0719952 0.0995828 0)
(0.0790831 0.0950576 0)
(0.0852001 0.0886261 0)
(0.0901806 0.0805191 0)
(0.0940031 0.0710628 0)
(0.0967389 0.0605897 0)
(0.0984983 0.0493979 0)
(0.0993807 0.0377255 0)
(0.0994386 0.0257619 0)
(0.0986834 0.0136815 0)
(0.0970703 0.00165798 0)
(0.0945101 -0.0100968 0)
(0.0909165 -0.0213155 0)
(0.0862817 -0.031708 0)
(0.0806398 -0.041025 0)
(0.074138 -0.0491347 0)
(0.0670019 -0.0560717 0)
(0.0594872 -0.062036 0)
(0.0518287 -0.0673378 0)
(0.0441839 -0.0722989 0)
(0.0366365 -0.0772227 0)
(0.0292426 -0.0824549 0)
(0.0219365 -0.0886983 0)
(0.0148815 -0.0983373 0)
(0.00580478 -0.12015 0)
(-0.000279044 -0.178148 0)
(-0.0112881 -0.276012 0)
(-0.00477996 -0.319635 0)
(0.00127124 0.0261798 0)
(0.00609605 0.0546296 0)
(0.010917 0.0715685 0)
(0.0152645 0.0799283 0)
(0.019521 0.0842811 0)
(0.024057 0.0870455 0)
(0.0291473 0.0892431 0)
(0.0349888 0.091255 0)
(0.0416273 0.0930504 0)
(0.049002 0.0943683 0)
(0.056913 0.0948578 0)
(0.0650353 0.0941101 0)
(0.0730475 0.0918722 0)
(0.0806384 0.0880241 0)
(0.0874947 0.0825483 0)
(0.0933728 0.0755528 0)
(0.098145 0.0672467 0)
(0.101773 0.0578886 0)
(0.104275 0.047742 0)
(0.105693 0.0370503 0)
(0.106057 0.026034 0)
(0.105372 0.0149121 0)
(0.103634 0.00389656 0)
(0.100793 -0.0068001 0)
(0.0968165 -0.0169411 0)
(0.0917542 -0.0262982 0)
(0.0857145 -0.0347045 0)
(0.0788615 -0.0420971 0)
(0.0714129 -0.0485481 0)
(0.0636019 -0.0542564 0)
(0.0556176 -0.0594775 0)
(0.0475922 -0.0644737 0)
(0.0396191 -0.0695034 0)
(0.0317615 -0.0748469 0)
(0.023967 -0.0811029 0)
(0.0165583 -0.0904854 0)
(0.00668046 -0.111697 0)
(0.00133997 -0.170132 0)
(-0.0119157 -0.272761 0)
(-0.00457702 -0.327982 0)
(0.000981031 0.022746 0)
(0.00546282 0.0498273 0)
(0.0102919 0.0668844 0)
(0.0148453 0.0754809 0)
(0.0193413 0.0797581 0)
(0.0240767 0.0821479 0)
(0.0292731 0.0837507 0)
(0.0351084 0.085036 0)
(0.0416566 0.0860923 0)
(0.048872 0.0867703 0)
(0.0566382 0.0868379 0)
(0.0647102 0.0859847 0)
(0.0727679 0.0839415 0)
(0.0805316 0.0805752 0)
(0.0877345 0.0758542 0)
(0.0941293 0.0698282 0)
(0.099525 0.0626224 0)
(0.103806 0.0544231 0)
(0.106913 0.0454456 0)
(0.108821 0.0359147 0)
(0.109528 0.026049 0)
(0.109024 0.0160772 0)
(0.10732 0.00622655 0)
(0.104426 -0.00330422 0)
(0.100356 -0.0123178 0)
(0.0951902 -0.0206423 0)
(0.0890729 -0.0281673 0)
(0.0821711 -0.0348751 0)
(0.0746902 -0.0408546 0)
(0.0668139 -0.0462759 0)
(0.0586907 -0.0513541 0)
(0.0504513 -0.0563237 0)
(0.0421856 -0.0614018 0)
(0.0339593 -0.0668171 0)
(0.0257454 -0.0730807 0)
(0.018074 -0.0822622 0)
(0.00735023 -0.102974 0)
(0.00322716 -0.161823 0)
(-0.0126909 -0.268304 0)
(-0.00415939 -0.336656 0)
(0.000670712 0.0198212 0)
(0.0046153 0.0453157 0)
(0.00926913 0.0621742 0)
(0.0139072 0.0708464 0)
(0.0185905 0.0750275 0)
(0.0235176 0.0770962 0)
(0.0288363 0.0782038 0)
(0.0346856 0.0788711 0)
(0.0411435 0.0792777 0)
(0.0481828 0.079374 0)
(0.0557159 0.078997 0)
(0.0635846 0.077957 0)
(0.0715223 0.0760202 0)
(0.0792472 0.0730257 0)
(0.0865117 0.0689191 0)
(0.0930903 0.0637253 0)
(0.098786 0.0575266 0)
(0.103441 0.0504548 0)
(0.106947 0.0426778 0)
(0.109235 0.0343866 0)
(0.110268 0.025782 0)
(0.110016 0.017074 0)
(0.108521 0.0084562 0)
(0.105806 0.000132704 0)
(0.101919 -0.00774705 0)
(0.0969504 -0.0150566 0)
(0.0910394 -0.0217234 0)
(0.0843614 -0.0277511 0)
(0.0770731 -0.0332236 0)
(0.0693168 -0.0382865 0)
(0.0612294 -0.0431388 0)
(0.0529193 -0.0479872 0)
(0.0444672 -0.0530186 0)
(0.0359408 -0.0584359 0)
(0.0273527 -0.0646916 0)
(0.0194843 -0.0737446 0)
(0.00782041 -0.0941716 0)
(0.00564859 -0.153262 0)
(-0.0134799 -0.262619 0)
(-0.00336008 -0.345766 0)
(0.000334131 0.017509 0)
(0.00355984 0.0412913 0)
(0.00785489 0.0575986 0)
(0.0124525 0.0661119 0)
(0.017275 0.0701156 0)
(0.0223952 0.0718798 0)
(0.0278704 0.072572 0)
(0.0337842 0.0727296 0)
(0.040194 0.0725925 0)
(0.047086 0.0721883 0)
(0.0543846 0.0714217 0)
(0.0619713 0.0701611 0)
(0.0696672 0.0682575 0)
(0.0772203 0.0655602 0)
(0.0843833 0.0619868 0)
(0.0909386 0.0575296 0)
(0.0966991 0.0522444 0)
(0.101507 0.0462284 0)
(0.105234 0.0396138 0)
(0.107789 0.0325549 0)
(0.109115 0.0252211 0)
(0.109193 0.0177772 0)
(0.108016 0.0104104 0)
(0.105636 0.00327966 0)
(0.102123 -0.00348255 0)
(0.0975645 -0.00979282 0)
(0.0920807 -0.0156073 0)
(0.0858044 -0.0209327 0)
(0.0788658 -0.0258349 0)
(0.0713879 -0.0304552 0)
(0.0634717 -0.0349733 0)
(0.0551968 -0.0395721 0)
(0.0466353 -0.0444272 0)
(0.0378489 -0.0497431 0)
(0.0288947 -0.0559572 0)
(0.0208323 -0.0649749 0)
(0.00811433 -0.0854837 0)
(0.00877623 -0.144675 0)
(-0.0142097 -0.255755 0)
(-0.00199378 -0.355532 0)
(-4.01102e-05 0.0159046 0)
(0.00227872 0.0379386 0)
(0.00603201 0.053314 0)
(0.0104792 0.0613629 0)
(0.0154073 0.065042 0)
(0.0207326 0.0664723 0)
(0.026412 0.0667954 0)
(0.0324603 0.0665399 0)
(0.0388971 0.06597 0)
(0.0457057 0.0651665 0)
(0.0528264 0.0640918 0)
(0.060154 0.0626522 0)
(0.067553 0.0607511 0)
(0.0748451 0.0582875 0)
(0.0818141 0.0551765 0)
(0.0882482 0.0513871 0)
(0.0939599 0.0469391 0)
(0.0987962 0.0419025 0)
(0.102635 0.036378 0)
(0.105381 0.0304875 0)
(0.106972 0.0243676 0)
(0.107373 0.0181577 0)
(0.106587 0.0119969 0)
(0.104654 0.00601205 0)
(0.10163 0.000314732 0)
(0.0976016 -0.00502229 0)
(0.0926603 -0.00997433 0)
(0.0869023 -0.0145528 0)
(0.0804332 -0.0188233 0)
(0.0733408 -0.0229055 0)
(0.0656892 -0.0269559 0)
(0.0575287 -0.0311494 0)
(0.0489177 -0.0356647 0)
(0.0398984 -0.0407343 0)
(0.0305672 -0.0468382 0)
(0.0222508 -0.0559124 0)
(0.00847648 -0.076933 0)
(0.0124973 -0.136149 0)
(-0.0150289 -0.247535 0)
(0.000140447 -0.365736 0)
(-0.000533252 0.0152524 0)
(0.000701092 0.0354644 0)
(0.00375348 0.049459 0)
(0.00798258 0.056658 0)
(0.0130033 0.0597961 0)
(0.018556 0.0608313 0)
(0.0244922 0.0608085 0)
(0.0307558 0.0602218 0)
(0.0373174 0.0593274 0)
(0.0441428 0.0582327 0)
(0.0511778 0.0569415 0)
(0.0583331 0.0553992 0)
(0.0654923 0.0535307 0)
(0.0725197 0.0512686 0)
(0.0792528 0.0485564 0)
(0.0855157 0.0453589 0)
(0.0911374 0.0416748 0)
(0.0959645 0.0375366 0)
(0.0998795 0.0330182 0)
(0.102791 0.0282126 0)
(0.104632 0.0232257 0)
(0.10537 0.0181651 0)
(0.105004 0.0131389 0)
(0.103554 0.00824696 0)
(0.101068 0.00357491 0)
(0.0976102 -0.000818205 0)
(0.0932534 -0.00490642 0)
(0.0880717 -0.00870632 0)
(0.0821347 -0.0122758 0)
(0.0754972 -0.0157182 0)
(0.0681909 -0.019168 0)
(0.0602313 -0.0227932 0)
(0.0516516 -0.0267867 0)
(0.0424765 -0.0314309 0)
(0.0328273 -0.0373173 0)
(0.0242206 -0.0465301 0)
(0.00977018 -0.0685343 0)
(0.0168864 -0.127855 0)
(-0.015744 -0.236834 0)
(0.00345023 -0.374844 0)
(-0.00115561 0.0156478 0)
(-0.00133216 0.0338984 0)
(0.000919148 0.0460503 0)
(0.00490636 0.0519849 0)
(0.0100127 0.0543357 0)
(0.015822 0.0548785 0)
(0.0220883 0.0545008 0)
(0.0286671 0.0536406 0)
(0.0354764 0.0525179 0)
(0.042453 0.0512421 0)
(0.0495365 0.0498377 0)
(0.0566508 0.0482766 0)
(0.0636966 0.0465052 0)
(0.07056 0.0444704 0)
(0.0771158 0.0421311 0)
(0.0832271 0.0394619 0)
(0.0887603 0.0364583 0)
(0.0935787 0.0331333 0)
(0.0975676 0.029533 0)
(0.100643 0.0257232 0)
(0.102738 0.0217817 0)
(0.103821 0.017788 0)
(0.10388 0.0138208 0)
(0.102924 0.00995705 0)
(0.100983 0.00626516 0)
(0.0981022 0.00279392 0)
(0.0943359 -0.000437235 0)
(0.0897403 -0.00344167 0)
(0.0843699 -0.00626524 0)
(0.0782563 -0.00898897 0)
(0.0714001 -0.0117258 0)
(0.0637895 -0.0146437 0)
(0.0554407 -0.0179531 0)
(0.0463656 -0.0220043 0)
(0.0366594 -0.0276319 0)
(0.0280545 -0.0373957 0)
(0.014127 -0.0610837 0)
(0.0236493 -0.120638 0)
(-0.0144667 -0.222619 0)
(0.00897292 -0.380928 0)
(-0.00236012 0.0182198 0)
(-0.00409564 0.0342061 0)
(-0.00266961 0.0435099 0)
(0.00108377 0.0475416 0)
(0.00633001 0.0487679 0)
(0.0124744 0.0486546 0)
(0.0191688 0.0478835 0)
(0.0261858 0.046782 0)
(0.0333819 0.0455118 0)
(0.0406616 0.0441543 0)
(0.0479545 0.0427336 0)
(0.055191 0.0412355 0)
(0.0622883 0.0396239 0)
(0.06915 0.0378559 0)
(0.0756737 0.0358967 0)
(0.0817489 0.0337253 0)
(0.0872714 0.0313373 0)
(0.0921359 0.0287463 0)
(0.0962359 0.0259764 0)
(0.0994975 0.0230691 0)
(0.101869 0.0200712 0)
(0.103326 0.0170319 0)
(0.103835 0.0140422 0)
(0.103379 0.0111542 0)
(0.101979 0.00839871 0)
(0.0996809 0.00581026 0)
(0.0965353 0.00341224 0)
(0.0925851 0.00119749 0)
(0.0878616 -0.000863254 0)
(0.0824115 -0.00282584 0)
(0.076235 -0.00481641 0)
(0.0692946 -0.00697606 0)
(0.0616056 -0.0095399 0)
(0.0532186 -0.0129693 0)
(0.0442792 -0.0184836 0)
(0.0366053 -0.0294962 0)
(0.024245 -0.0559926 0)
(0.0364774 -0.115596 0)
(-0.00809667 -0.206932 0)
(0.0182547 -0.385347 0)
(-0.00382176 0.0192358 0)
(-0.00862928 0.0322391 0)
(-0.00793348 0.039315 0)
(-0.0041654 0.0421875 0)
(0.00144236 0.0426295 0)
(0.00816284 0.0419792 0)
(0.0155239 0.0408755 0)
(0.0232102 0.0395869 0)
(0.031015 0.0382459 0)
(0.0388169 0.0369017 0)
(0.0465374 0.0355562 0)
(0.0541135 0.0341969 0)
(0.0614779 0.0327999 0)
(0.0685536 0.0313336 0)
(0.0752573 0.0297695 0)
(0.0814997 0.0280883 0)
(0.0871897 0.0262766 0)
(0.0922598 0.0243406 0)
(0.096634 0.0222974 0)
(0.100246 0.0201766 0)
(0.103044 0.0180206 0)
(0.10497 0.0158864 0)
(0.106015 0.0137934 0)
(0.106208 0.0117866 0)
(0.105569 0.0099082 0)
(0.104119 0.00817438 0)
(0.101895 0.00658848 0)
(0.0989501 0.00514745 0)
(0.0953332 0.00383014 0)
(0.0910697 0.00258894 0)
(0.086181 0.00131608 0)
(0.0806923 -0.000126621 0)
(0.074585 -0.00204015 0)
(0.0680471 -0.00509832 0)
(0.0610886 -0.0108133 0)
(0.0560338 -0.023398 0)
(0.045024 -0.0522585 0)
(0.0600037 -0.108622 0)
(0.00168851 -0.191625 0)
(0.0325208 -0.391763 0)
(-0.00849597 0.0402741 0)
(-0.0149708 0.0478152 0)
(-0.0149053 0.0464876 0)
(-0.011125 0.0428044 0)
(-0.00512211 0.0394107 0)
(0.00262354 0.0367071 0)
(0.0113 0.0345419 0)
(0.0203229 0.0327205 0)
(0.0294065 0.0311109 0)
(0.0384343 0.0296206 0)
(0.0472468 0.0282539 0)
(0.0557891 0.0269819 0)
(0.064023 0.0257662 0)
(0.0719028 0.024572 0)
(0.0793758 0.0233716 0)
(0.0863838 0.0221452 0)
(0.0928711 0.020879 0)
(0.0987663 0.0195794 0)
(0.104011 0.0182533 0)
(0.108562 0.0169087 0)
(0.112395 0.0155632 0)
(0.115502 0.0142414 0)
(0.117892 0.0129651 0)
(0.119595 0.0117546 0)
(0.120651 0.0106291 0)
(0.121114 0.00960045 0)
(0.12104 0.00867055 0)
(0.120493 0.00782966 0)
(0.119526 0.00705597 0)
(0.118189 0.00630476 0)
(0.116506 0.0055198 0)
(0.114506 0.00454768 0)
(0.112121 0.00307435 0)
(0.109301 0.000390368 0)
(0.105446 -0.00509672 0)
(0.102543 -0.0170533 0)
(0.0908806 -0.0418918 0)
(0.100512 -0.0864127 0)
(0.00618044 -0.164085 0)
(0.0585157 -0.385776 0)
(-0.0133059 0.02132 0)
(-0.0257556 0.0111047 0)
(-0.016596 0.0120491 0)
(-0.00279469 0.0164366 0)
(0.0111761 0.0180287 0)
(0.0250357 0.0179874 0)
(0.0383958 0.0175933 0)
(0.0511152 0.0172348 0)
(0.0632172 0.0168752 0)
(0.0747253 0.0164838 0)
(0.0857209 0.0160496 0)
(0.0962503 0.0155856 0)
(0.106338 0.0150984 0)
(0.115992 0.0145886 0)
(0.12521 0.0140554 0)
(0.133977 0.0134973 0)
(0.142276 0.012913 0)
(0.150084 0.0123053 0)
(0.157381 0.0116796 0)
(0.164153 0.0110421 0)
(0.170395 0.0104012 0)
(0.176111 0.00976597 0)
(0.181314 0.00914356 0)
(0.186025 0.0085404 0)
(0.190274 0.00796429 0)
(0.194098 0.00741963 0)
(0.19754 0.00690751 0)
(0.200642 0.00642193 0)
(0.203435 0.00595228 0)
(0.205945 0.00546955 0)
(0.208176 0.00492514 0)
(0.210129 0.00420357 0)
(0.211636 0.00310215 0)
(0.212431 0.00118682 0)
(0.211057 -0.00226257 0)
(0.207258 -0.00867718 0)
(0.190566 -0.0198725 0)
(0.178901 -0.0412367 0)
(0.0312094 -0.103723 0)
(0.140876 -0.311711 0)
(0.0546813 0.112753 0)
(0.0807546 0.0912944 0)
(0.110314 0.0581169 0)
(0.136819 0.0372864 0)
(0.15734 0.0258351 0)
(0.174272 0.019253 0)
(0.189584 0.0151995 0)
(0.203915 0.0125745 0)
(0.217443 0.0107792 0)
(0.23028 0.00949608 0)
(0.242528 0.00853735 0)
(0.254244 0.00779255 0)
(0.265461 0.00719285 0)
(0.276202 0.00669315 0)
(0.286479 0.00626312 0)
(0.296295 0.00588189 0)
(0.305651 0.00553506 0)
(0.314542 0.00521304 0)
(0.322964 0.0049092 0)
(0.330913 0.0046188 0)
(0.338391 0.00433874 0)
(0.345398 0.00406717 0)
(0.351945 0.00380302 0)
(0.358042 0.00354617 0)
(0.363708 0.0032974 0)
(0.368964 0.00305726 0)
(0.373831 0.00282564 0)
(0.378331 0.00260147 0)
(0.38248 0.00238181 0)
(0.386276 0.00215853 0)
(0.38969 0.00191359 0)
(0.392625 0.00161202 0)
(0.394879 0.00118922 0)
(0.396172 0.000528988 0)
(0.395431 -0.000512671 0)
(0.392641 -0.00204823 0)
(0.379872 -0.00403888 0)
(0.373368 -0.00607149 0)
(0.274947 -0.016307 0)
(0.45141 -0.125872 0)
)
;

boundaryField
{
    movingWall
    {
        type            fixedValue;
        value           uniform (1 0 0);
    }
    fixedWalls
    {
        type            noSlip;
    }
    frontAndBack
    {
        type            empty;
    }
}


// ************************************************************************* //
