/*--------------------------------*- C++ -*----------------------------------*\
| =========                 |                                                 |
| \\      /  F ield         | OpenFOAM: The Open Source CFD Toolbox           |
|  \\    /   O peration     | Version:  2412                                  |
|   \\  /    A nd           | Website:  www.openfoam.com                      |
|    \\/     M anipulation  |                                                 |
\*---------------------------------------------------------------------------*/
FoamFile
{
    version     2.0;
    format      ascii;
    arch        "LSB;label=32;scalar=64";
    class       volScalarField;
    location    "8";
    object      epsilon;
}
// * * * * * * * * * * * * * * * * * * * * * * * * * * * * * * * * * * * * * //

dimensions      [0 2 -3 0 0 0 0];

internalField   nonuniform List<scalar> 
1600
(
0.00063325
0.000800087
0.00109905
0.00140648
0.00160847
0.00172174
0.00188617
0.00212784
0.00241586
0.00286485
0.00409614
0.00850342
0.0165425
0.0283222
0.0419486
0.0553254
0.0668749
0.0754778
0.0801734
0.0821197
0.0824363
0.0798889
0.0759508
0.0706468
0.065115
0.0591148
0.0531808
0.0473414
0.0417231
0.0359125
0.030082
0.0239423
0.0188387
0.0163214
0.0145715
0.0131764
0.0113894
0.00838313
0.00449212
0.00194335
0.00142372
0.000817683
0.000595068
0.00054299
0.000582198
0.000758072
0.00123985
0.0022143
0.00371395
0.00625143
0.0106245
0.0159371
0.0207176
0.0256404
0.0283789
0.0291869
0.0289362
0.0268369
0.0243635
0.0217699
0.019589
0.0182191
0.017684
0.0176248
0.0179402
0.0184849
0.0192835
0.02016
0.0207898
0.021026
0.0205792
0.0189972
0.0163009
0.0128773
0.00927989
0.00635596
0.00487221
0.00388972
0.00255599
0.00233204
0.00294523
0.00136208
0.000813043
0.000676893
0.000832986
0.00146939
0.00288581
0.00535163
0.00885012
0.0122676
0.0144233
0.0161027
0.0170064
0.0161715
0.0139882
0.0126914
0.0108103
0.00940798
0.00824449
0.0075695
0.00725192
0.00716014
0.00735053
0.00784988
0.00864976
0.00982655
0.0114021
0.0133804
0.0155574
0.0175708
0.0187536
0.0191365
0.0180753
0.0155437
0.0111054
0.00671503
0.00372138
0.00232303
0.00169676
0.00295834
0.00452176
0.00184371
0.00120882
0.00125153
0.00193585
0.00367174
0.00651984
0.00964178
0.0116837
0.0126083
0.0129677
0.0122361
0.00950195
0.00813829
0.00633968
0.00533148
0.0042411
0.00369866
0.00323576
0.00301863
0.00291769
0.00289042
0.00298956
0.00320537
0.00354913
0.00409181
0.00491858
0.00620425
0.00823482
0.0111877
0.0145803
0.0173873
0.0186461
0.0187973
0.0159292
0.0101713
0.00485009
0.00220036
0.00146014
0.00356455
0.0055784
0.00228059
0.00193588
0.00248928
0.00408291
0.00676945
0.00952072
0.0108104
0.0111822
0.0108236
0.00870412
0.00649078
0.0048584
0.00380939
0.00285374
0.00238064
0.00195811
0.00176283
0.00161758
0.00155221
0.00152423
0.00151895
0.00157296
0.00166021
0.00181045
0.00204605
0.00241415
0.00300035
0.00395489
0.0055626
0.00838578
0.0128777
0.0175928
0.0199476
0.020605
0.0172612
0.00924946
0.00342842
0.00169069
0.0039187
0.00617992
0.00302245
0.00314864
0.00433108
0.00657073
0.00894026
0.0099676
0.0101737
0.00919455
0.00675545
0.00470551
0.00337273
0.00248634
0.00193732
0.00156176
0.00138009
0.00123788
0.0011718
0.00111628
0.00108953
0.00107626
0.00107274
0.00109363
0.00113737
0.00121531
0.00134167
0.0015413
0.00184824
0.00233388
0.00313222
0.00451684
0.00707148
0.0120446
0.0187782
0.0221394
0.0230509
0.0178402
0.00750419
0.00277463
0.00422017
0.00661853
0.00414645
0.00474459
0.00631723
0.00833169
0.00924824
0.00939554
0.00820654
0.00564956
0.00377333
0.00257107
0.00188612
0.00146054
0.00122627
0.00107142
0.000986963
0.000905363
0.000860428
0.000813931
0.000791197
0.000780153
0.000777785
0.000797957
0.000835524
0.000898819
0.000993277
0.00113377
0.00134106
0.00165063
0.00212774
0.00291775
0.00430741
0.00697222
0.0124678
0.0209577
0.0249183
0.02551
0.0155776
0.00560762
0.0048591
0.00722885
0.00550428
0.00642812
0.00793383
0.00875767
0.00885865
0.00777973
0.00527187
0.00324746
0.00219252
0.00154765
0.00122746
0.00101683
0.000899133
0.00079784
0.000728378
0.000662016
0.000620796
0.000584012
0.000565999
0.000557472
0.000555591
0.000569552
0.000595684
0.00063994
0.000707364
0.000810556
0.000969997
0.00121911
0.00159607
0.00215656
0.00304368
0.00461269
0.0077665
0.0145881
0.0246618
0.0287652
0.0256954
0.0104065
0.00583831
0.00877408
0.00700062
0.0079529
0.00857637
0.00859817
0.00774549
0.00539281
0.00311664
0.00197944
0.00140388
0.00107136
0.000907107
0.000771385
0.000684371
0.000599855
0.000544323
0.000495436
0.000466611
0.000444947
0.000435062
0.000431438
0.000433091
0.000446781
0.000466559
0.000497611
0.000541054
0.000604294
0.000697533
0.000844205
0.00109954
0.00155303
0.00229169
0.00345539
0.00548
0.00965194
0.0190224
0.02971
0.0327725
0.0194984
0.00766633
0.0119971
0.00846534
0.00877959
0.00874636
0.00797748
0.00588122
0.00339088
0.00197582
0.00132741
0.00100889
0.000821777
0.000709157
0.000599997
0.000529241
0.000463856
0.000424784
0.00039133
0.000372643
0.000359777
0.000354218
0.000352663
0.000357759
0.000370423
0.000389532
0.000417337
0.000454802
0.000504628
0.000571502
0.000666087
0.000814178
0.00107343
0.00157509
0.00254149
0.00420664
0.00720304
0.0134936
0.0277755
0.036399
0.0318342
0.00932623
0.0158844
0.00968072
0.00936501
0.00850467
0.0067087
0.00414693
0.00221166
0.0013629
0.000980147
0.000791655
0.000661991
0.000565114
0.000476915
0.000422186
0.000374303
0.000346187
0.000321758
0.00030751
0.0002972
0.000292511
0.000291101
0.000295072
0.000305634
0.000322286
0.000346964
0.000380925
0.000426477
0.000486618
0.000566475
0.000676833
0.00084556
0.00114577
0.00176003
0.00305316
0.00555901
0.010482
0.0212522
0.0382468
0.0430882
0.0166346
0.0200273
0.0104928
0.00939033
0.00790482
0.00535136
0.0028082
0.00155211
0.00102067
0.000780615
0.000652779
0.000543731
0.000459389
0.000391194
0.000348859
0.000312582
0.00028975
0.000269608
0.000256514
0.000246433
0.000241529
0.000239786
0.000241984
0.000250863
0.000265172
0.000286858
0.000316934
0.000357368
0.000410718
0.00048115
0.000576327
0.000712728
0.000931271
0.00134006
0.00221355
0.00414453
0.00825035
0.0173358
0.0383876
0.0524888
0.0339113
0.0242957
0.0110494
0.00921837
0.00698978
0.00411335
0.0020262
0.00116961
0.000817688
0.000655296
0.000551554
0.00045428
0.000383968
0.000331063
0.000296345
0.000266616
0.000245912
0.000227681
0.000214643
0.00020446
0.0001992
0.000197165
0.000198017
0.00020559
0.000218152
0.000237655
0.000265121
0.000302314
0.000351242
0.000414584
0.000496752
0.000607487
0.000772457
0.00106419
0.00168488
0.00313628
0.00648999
0.0142003
0.0336072
0.0622466
0.0610666
0.0284967
0.0113527
0.00880726
0.00609122
0.00312145
0.00154697
0.000937708
0.000688691
0.000568522
0.000474109
0.000388163
0.00033023
0.000287132
0.000256633
0.000230411
0.000210548
0.000193284
0.000180215
0.000170148
0.000164575
0.000162304
0.000162199
0.000168389
0.00017921
0.000196372
0.000221082
0.000255224
0.000301063
0.000361342
0.000439549
0.000541404
0.000680461
0.000897275
0.00132344
0.00236551
0.00504979
0.0116094
0.028068
0.0690811
0.0935679
0.0329193
0.0115164
0.00822863
0.0052405
0.0024654
0.00124513
0.000790324
0.000602293
0.000504569
0.000415019
0.000340009
0.000290979
0.000253683
0.000225527
0.000201268
0.000181901
0.000165351
0.000152504
0.000142768
0.000136977
0.000134456
0.000134081
0.000138885
0.000148146
0.00016304
0.000184894
0.000215589
0.000257495
0.000313431
0.000386719
0.000481974
0.000608695
0.000793733
0.00112346
0.00189203
0.00404499
0.0100176
0.0259029
0.0706225
0.126787
0.037559
0.0116187
0.00762635
0.00452058
0.00203425
0.00104889
0.000693252
0.000543772
0.000456167
0.000370876
0.000304906
0.000261516
0.000227631
0.000200893
0.000177889
0.000159022
0.000143166
0.000130753
0.00012145
0.00011568
0.00011309
0.000112583
0.000116291
0.000124162
0.00013702
0.00015623
0.000183737
0.000222127
0.000274562
0.000344551
0.000435871
0.000554067
0.000714371
0.000971629
0.00152881
0.00311396
0.00807787
0.023118
0.0707114
0.157929
0.0421044
0.0117209
0.00708686
0.00397538
0.00175383
0.00092148
0.000628638
0.000502894
0.000419619
0.000338477
0.000279055
0.000239059
0.000207286
0.000181536
0.000159478
0.000141188
0.000126037
0.000114179
0.000105367
9.97678e-05
9.72003e-05
9.66304e-05
9.95171e-05
0.000106171
0.000117222
0.000133954
0.000158269
0.000192835
0.000241117
0.000307213
0.000395555
0.000511328
0.000665103
0.000894139
0.0013485
0.00263231
0.006866
0.0207428
0.0697269
0.185923
0.0464195
0.0118592
0.00661993
0.00356538
0.00155983
0.000835209
0.000585409
0.000474662
0.000392974
0.00031544
0.000260268
0.000222148
0.000191693
0.000166689
0.00014541
0.000127732
0.000113264
0.000101983
9.36584e-05
8.82779e-05
8.57614e-05
8.51659e-05
8.74634e-05
9.3118e-05
0.000102679
0.000117323
0.000138873
0.000169996
0.000214334
0.000276378
0.000360986
0.000472914
0.000618769
0.00082115
0.00118259
0.00215646
0.00569696
0.018551
0.067653
0.209767
0.0503708
0.0120963
0.00630471
0.00330544
0.00145157
0.000784241
0.000558122
0.000455583
0.00037437
0.000299576
0.000246678
0.000209592
0.000180067
0.000155704
0.000135109
0.000118033
0.000104181
9.3428e-05
8.55358e-05
8.03553e-05
7.7867e-05
7.72569e-05
7.91323e-05
8.3985e-05
9.2339e-05
0.00010525
0.000124417
0.000152427
0.000193001
0.000251042
0.000332297
0.00044266
0.000588522
0.000785164
0.00110377
0.00192128
0.00492672
0.0166643
0.0654931
0.229844
0.0539248
0.0124038
0.00605801
0.0031281
0.00137163
0.000748355
0.000541369
0.000444046
0.000362886
0.000289861
0.000238157
0.000201322
0.000172194
0.000148246
0.000128168
0.000111585
9.82242e-05
8.78974e-05
8.03519e-05
7.53342e-05
7.28168e-05
7.21771e-05
7.37374e-05
7.79635e-05
8.53789e-05
9.69294e-05
0.00011418
0.000139587
0.00017682
0.000230936
0.000308166
0.000415154
0.000558107
0.000747801
0.00103145
0.00169145
0.00428431
0.0151526
0.0626807
0.246199
0.0565215
0.0131159
0.00605406
0.00308367
0.00137244
0.000739115
0.000534738
0.000438811
0.000357535
0.000285368
0.000232972
0.000195846
0.000167071
0.000143528
0.000123909
0.000107776
9.48494e-05
8.4891e-05
7.76203e-05
7.27605e-05
7.01567e-05
6.95337e-05
7.09714e-05
7.47682e-05
8.14918e-05
9.19321e-05
0.000107546
0.000130749
0.000165175
0.000215854
0.0002895
0.000394031
0.000536948
0.000728426
0.000996879
0.00157661
0.00381993
0.0139831
0.0602851
0.259421
0.0574533
0.0143191
0.00615
0.003115
0.00139823
0.000746787
0.000536848
0.000439978
0.00035867
0.000286468
0.000233379
0.000195207
0.000165818
0.000142229
0.000122861
0.000107027
9.43459e-05
8.45262e-05
7.72825e-05
7.23541e-05
6.95669e-05
6.88626e-05
7.00927e-05
7.35871e-05
7.98972e-05
8.96636e-05
0.000104318
0.000126024
0.000158003
0.000205304
0.000275346
0.00037655
0.000517342
0.00070913
0.000970554
0.00147308
0.00345257
0.0131147
0.0584759
0.27006
0.056903
0.0157286
0.00640536
0.00321218
0.00146293
0.000769679
0.00054407
0.000444187
0.000362857
0.000290462
0.000236028
0.000196745
0.000166903
0.000143149
0.000123767
0.000107971
9.53321e-05
8.55364e-05
7.82934e-05
7.33452e-05
7.05204e-05
6.98429e-05
7.08172e-05
7.37964e-05
7.96933e-05
8.90646e-05
0.000103213
0.000124151
0.000154714
0.000200044
0.000266864
0.000364692
0.000504303
0.000699489
0.000959477
0.00142279
0.0031656
0.0124036
0.0575565
0.279102
0.055016
0.0171742
0.00691535
0.00341973
0.00159275
0.000817171
0.000559208
0.000452787
0.000371885
0.000299242
0.000242431
0.000200972
0.00017009
0.000145907
0.000126393
0.000110601
9.80047e-05
8.82305e-05
8.09764e-05
7.5991e-05
7.31079e-05
7.24971e-05
7.33942e-05
7.61462e-05
8.17664e-05
9.07032e-05
0.000104113
0.00012403
0.00015382
0.000198106
0.000263078
0.000358779
0.000496509
0.000694794
0.000955902
0.00139837
0.0029613
0.0118514
0.0572741
0.286912
0.0509956
0.0184419
0.0076258
0.00376388
0.00179251
0.000905518
0.000590477
0.000468312
0.000385155
0.000311861
0.000252936
0.000209148
0.000176588
0.000151549
0.00013169
0.000115742
0.000103031
9.31422e-05
8.5763e-05
8.06447e-05
7.75879e-05
7.69641e-05
7.784e-05
8.05128e-05
8.60549e-05
9.49739e-05
0.000108347
0.000128051
0.000156825
0.000199193
0.000262288
0.000356745
0.000493526
0.000693709
0.000959885
0.00139093
0.00281422
0.0113596
0.0574337
0.293992
0.0447812
0.0190226
0.0084576
0.00424737
0.00207366
0.00103238
0.000635126
0.000488992
0.000403861
0.000330572
0.000269148
0.000222038
0.00018689
0.000160252
0.00013952
0.00012311
0.000110127
0.00010004
9.2493e-05
8.72408e-05
8.40027e-05
8.3412e-05
8.43198e-05
8.70348e-05
9.26838e-05
0.000101803
0.000115395
0.000135289
0.000164152
0.000206458
0.000268005
0.000359928
0.000494091
0.000700757
0.000977545
0.00139558
0.00274448
0.0109978
0.0581838
0.300502
0.0369618
0.0187862
0.00928953
0.00487378
0.00247797
0.00124172
0.000719413
0.000521245
0.000424219
0.000350326
0.000287877
0.0002383
0.00020063
0.000172107
0.000150159
0.000133012
0.000119575
0.00010919
0.000101427
9.60592e-05
9.26578e-05
9.21948e-05
9.31982e-05
9.60932e-05
0.000102088
0.000111696
0.000125872
0.000146427
0.000175775
0.000218298
0.000279448
0.000371391
0.000505283
0.000716632
0.00100362
0.00142063
0.00268605
0.0107513
0.0592269
0.306677
0.0282625
0.0178598
0.0100278
0.00558996
0.00297578
0.00152191
0.00084643
0.00057622
0.000456658
0.000378191
0.000313345
0.000260364
0.000219221
0.000187988
0.000164218
0.000145939
0.000131819
0.000121028
0.000113014
0.00010757
0.000104075
0.000103902
0.000105092
0.000108357
0.000115023
0.000125472
0.000140641
0.00016235
0.000192721
0.000236259
0.00029755
0.000389804
0.000523011
0.000741515
0.00104283
0.00145802
0.00266112
0.0106366
0.0604827
0.312632
0.0195274
0.0157863
0.0104696
0.00642452
0.00366046
0.00195206
0.0010574
0.000662151
0.000495565
0.000406421
0.000340539
0.000286285
0.000242681
0.000208806
0.000182869
0.000163045
0.000147913
0.000136512
0.000128171
0.000122627
0.000119264
0.000119405
0.000120993
0.000124976
0.000132702
0.000144412
0.000161014
0.000184375
0.000216225
0.000261328
0.000323289
0.000417122
0.000551232
0.000778688
0.00109496
0.00151173
0.00265279
0.0105905
0.0619747
0.318527
0.0120055
0.0125629
0.0104351
0.00702205
0.00434196
0.00248633
0.00138265
0.000827035
0.000574026
0.000450818
0.00037484
0.000317153
0.00027089
0.000234416
0.000206291
0.000184864
0.000168682
0.000156662
0.0001481
0.000142493
0.000139702
0.000140221
0.000142522
0.000147753
0.000156893
0.000170338
0.000188781
0.000214212
0.000247824
0.00029492
0.000357943
0.000454378
0.000590316
0.000829324
0.00116241
0.0015805
0.00266513
0.0105777
0.063643
0.324498
0.00651121
0.00951516
0.00974934
0.00792613
0.00519846
0.00316619
0.00183424
0.00107705
0.000699519
0.00051825
0.000419407
0.000354605
0.000305705
0.000267115
0.000236867
0.000213658
0.000196253
0.000183499
0.000174881
0.000169258
0.000167601
0.00016869
0.000172029
0.000179049
0.000189971
0.000205488
0.000225938
0.000253585
0.000288897
0.000338147
0.000402432
0.000502599
0.000642223
0.000896341
0.00124501
0.00166418
0.00270945
0.0106341
0.0654247
0.330721
0.00325676
0.00648948
0.0085552
0.00786427
0.00597903
0.00396344
0.00246939
0.00149838
0.000938055
0.000643968
0.000491914
0.000402989
0.00034492
0.000303538
0.0002726
0.000249041
0.000231629
0.000218749
0.000210752
0.000205299
0.000205333
0.000207176
0.000211862
0.000220977
0.000233754
0.000251312
0.000273484
0.000303105
0.000339663
0.000391103
0.000456907
0.000562423
0.000708775
0.000982304
0.0013437
0.00176278
0.00279088
0.0107972
0.0672773
0.337339
0.00184108
0.0040302
0.0071295
0.00744754
0.00655622
0.00475477
0.00320393
0.00207816
0.00133899
0.000891756
0.000639463
0.000496306
0.000409508
0.000352448
0.000314183
0.000288036
0.000270286
0.000258694
0.00025175
0.000249153
0.000250285
0.000253777
0.000260991
0.000272138
0.000286674
0.000306057
0.000329455
0.00036078
0.000398203
0.000452488
0.000521137
0.000636047
0.000794537
0.0010891
0.00145673
0.00188082
0.00293776
0.011142
0.069297
0.344491
0.00168368
0.00255556
0.00532203
0.00661271
0.00639873
0.00549551
0.00406591
0.00284666
0.00194351
0.0013253
0.000923659
0.000687077
0.000542596
0.000450881
0.000390661
0.000350994
0.000324644
0.000308949
0.000299533
0.00029814
0.000300042
0.00030508
0.00031443
0.000327699
0.000343913
0.000365263
0.000389931
0.000423788
0.000463557
0.000524381
0.000600823
0.000732968
0.000909039
0.00122732
0.00159775
0.00205229
0.00322888
0.0118477
0.071484
0.352536
0.00174453
0.00174441
0.00356805
0.0053594
0.00595104
0.00563343
0.00484543
0.00378996
0.00282807
0.00206343
0.00149301
0.00109038
0.000834729
0.000669364
0.000559716
0.000486823
0.000438011
0.000406598
0.00038738
0.000376432
0.000375122
0.000377587
0.000384048
0.00039702
0.000413581
0.000437279
0.00046492
0.000505339
0.000553251
0.000629313
0.000723715
0.000885662
0.00108913
0.00144501
0.00183339
0.00239233
0.00387238
0.0133792
0.0753775
0.362576
0.00185522
0.00134509
0.00243876
0.00399657
0.00505652
0.00548754
0.00525717
0.00468695
0.0039152
0.00314927
0.0024827
0.00192523
0.00148421
0.00118274
0.000972933
0.000826038
0.000723077
0.000651014
0.000602599
0.000570048
0.000551583
0.00054375
0.000545783
0.000553059
0.000567295
0.000595153
0.000631193
0.000689298
0.000760901
0.000873214
0.00101244
0.00123427
0.00150479
0.00194713
0.00242523
0.00327179
0.00556385
0.0172558
0.0841826
0.3772
0.00271079
0.00176745
0.00248832
0.00368075
0.0048885
0.00566643
0.0058686
0.00568937
0.00522224
0.00459293
0.00394944
0.00335662
0.00282985
0.002384
0.00203211
0.00176262
0.00156075
0.00141125
0.00130509
0.00123025
0.0011857
0.00115905
0.00116075
0.00117274
0.00120282
0.00124665
0.00131811
0.00143911
0.00158516
0.00180284
0.00206194
0.00243823
0.00289301
0.00358206
0.00448063
0.00629687
0.0107049
0.0273628
0.102965
0.400379
0.00510653
0.00453783
0.00610447
0.00734281
0.00844501
0.00927102
0.00971034
0.0097013
0.00944922
0.00892546
0.00829969
0.00766382
0.0070654
0.00652542
0.00607044
0.00570953
0.00543819
0.00524711
0.00512906
0.00506974
0.00507592
0.00511076
0.00518638
0.00532475
0.00548732
0.00571294
0.00597609
0.00627598
0.00665757
0.0072979
0.00803817
0.0091558
0.0104824
0.0125202
0.0152884
0.0200279
0.0292519
0.0557033
0.142286
0.435218
0.018718
0.0415745
0.058236
0.0654498
0.067729
0.0674109
0.0659326
0.0635161
0.0606809
0.0580503
0.0557628
0.0538051
0.0521915
0.050907
0.0499205
0.049212
0.048753
0.0485062
0.0485172
0.0486478
0.0489517
0.0494654
0.0501045
0.0509716
0.0519595
0.0532326
0.0546292
0.0564194
0.0583666
0.0606115
0.0632454
0.0675316
0.0725424
0.0795424
0.0874624
0.0996148
0.114774
0.152306
0.242691
0.496539
0.285972
0.553116
0.734076
0.811003
0.83873
0.837215
0.8263
0.802385
0.772519
0.742143
0.713476
0.687432
0.664244
0.643793
0.625813
0.610005
0.59609
0.58382
0.572986
0.563436
0.55501
0.547652
0.541225
0.535762
0.531096
0.527385
0.524351
0.522384
0.52092
0.520771
0.520972
0.52145
0.52249
0.524136
0.527598
0.531698
0.541039
0.551419
0.604189
0.579025
)
;

boundaryField
{
    movingWall
    {
        type            epsilonWallFunction;
        blending        stepwise;
        value           nonuniform List<scalar> 
40
(
0.285972
0.553116
0.734076
0.811003
0.83873
0.837215
0.8263
0.802385
0.772519
0.742143
0.713476
0.687432
0.664244
0.643793
0.625813
0.610005
0.59609
0.58382
0.572986
0.563436
0.55501
0.547652
0.541225
0.535762
0.531096
0.527385
0.524351
0.522384
0.52092
0.520771
0.520972
0.52145
0.52249
0.524136
0.527598
0.531698
0.541039
0.551419
0.604189
0.579025
)
;
    }
    fixedWalls
    {
        type            epsilonWallFunction;
        blending        stepwise;
        value           nonuniform List<scalar> 
120
(
0.00063325
0.00142372
0.00294523
0.00452176
0.0055784
0.00617992
0.00661853
0.00722885
0.00877408
0.0119971
0.0158844
0.0200273
0.0242957
0.0284967
0.0329193
0.037559
0.0421044
0.0464195
0.0503708
0.0539248
0.0565215
0.0574533
0.056903
0.055016
0.0509956
0.0447812
0.0369618
0.0282625
0.0195274
0.0120055
0.00651121
0.00325676
0.00184108
0.00168368
0.00174453
0.00185522
0.00271079
0.00510653
0.018718
0.285972
0.00194335
0.00233204
0.00295834
0.00356455
0.0039187
0.00422017
0.0048591
0.00583831
0.00766633
0.00932623
0.0166346
0.0339113
0.0610666
0.0935679
0.126787
0.157929
0.185923
0.209767
0.229844
0.246199
0.259421
0.27006
0.279102
0.286912
0.293992
0.300502
0.306677
0.312632
0.318527
0.324498
0.330721
0.337339
0.344491
0.352536
0.362576
0.3772
0.400379
0.435218
0.496539
0.579025
0.00063325
0.000800087
0.00109905
0.00140648
0.00160847
0.00172174
0.00188617
0.00212784
0.00241586
0.00286485
0.00409614
0.00850342
0.0165425
0.0283222
0.0419486
0.0553254
0.0668749
0.0754778
0.0801734
0.0821197
0.0824363
0.0798889
0.0759508
0.0706468
0.065115
0.0591148
0.0531808
0.0473414
0.0417231
0.0359125
0.030082
0.0239423
0.0188387
0.0163214
0.0145715
0.0131764
0.0113894
0.00838313
0.00449212
0.00194335
)
;
    }
    frontAndBack
    {
        type            empty;
    }
}


// ************************************************************************* //
