/*--------------------------------*- C++ -*----------------------------------*\
| =========                 |                                                 |
| \\      /  F ield         | OpenFOAM: The Open Source CFD Toolbox           |
|  \\    /   O peration     | Version:  2412                                  |
|   \\  /    A nd           | Website:  www.openfoam.com                      |
|    \\/     M anipulation  |                                                 |
\*---------------------------------------------------------------------------*/
FoamFile
{
    version     2.0;
    format      ascii;
    arch        "LSB;label=32;scalar=64";
    class       volScalarField;
    location    "8";
    object      k;
}
// * * * * * * * * * * * * * * * * * * * * * * * * * * * * * * * * * * * * * //

dimensions      [0 2 -2 0 0 0 0];

internalField   nonuniform List<scalar> 
1600
(
0.000157446
0.000184008
0.000227381
0.000268017
0.000293098
0.000306701
0.000325928
0.000353207
0.000384404
0.000430667
0.000546573
0.000889458
0.00138611
0.00198372
0.00257753
0.00309982
0.00351742
0.0038129
0.00396938
0.00403333
0.00404366
0.00395986
0.00382862
0.0036482
0.00345518
0.0032395
0.00301891
0.00279366
0.002568
0.00232366
0.00206477
0.00177328
0.00151142
0.00137365
0.00127366
0.00119102
0.00108075
0.000881031
0.000581233
0.000332466
0.000270208
0.000218776
0.00020385
0.000202519
0.000213329
0.00025849
0.000367478
0.000517193
0.000708315
0.00100268
0.00135548
0.00171251
0.00196826
0.00217004
0.00231049
0.00234712
0.00234126
0.00228462
0.00223177
0.00219664
0.00218273
0.00218251
0.00225026
0.0023378
0.00246254
0.00260339
0.00275821
0.00289557
0.00297897
0.00301132
0.00298268
0.00284045
0.00260782
0.00223759
0.00175268
0.00129192
0.000925412
0.000677313
0.000473732
0.000375438
0.000438688
0.000324541
0.000297981
0.000299871
0.000340827
0.000476302
0.000742578
0.00109156
0.00143688
0.00167082
0.00178316
0.00183525
0.00186427
0.00186558
0.00169801
0.00162488
0.00153204
0.00146954
0.00141969
0.00139624
0.00138809
0.00140008
0.00144547
0.00151124
0.00161931
0.00176358
0.00195882
0.00219968
0.00246746
0.00269679
0.00283602
0.00288007
0.00276156
0.00253312
0.00206977
0.00149194
0.000968639
0.000616459
0.000416041
0.000439958
0.000583815
0.000445418
0.000452186
0.00050137
0.00065426
0.000952858
0.00133485
0.00160681
0.00171368
0.00173079
0.00170794
0.00163
0.0014562
0.00124745
0.00112967
0.00100235
0.000914627
0.000832781
0.000780299
0.000735647
0.000713535
0.000703537
0.000701955
0.000724644
0.000761408
0.000828007
0.000928972
0.00108861
0.00133596
0.00171459
0.00213303
0.00247228
0.0026257
0.00264142
0.00244526
0.00186309
0.00116765
0.000635386
0.000397986
0.000498172
0.000671546
0.00060401
0.000683056
0.000810319
0.00106821
0.00142791
0.00165015
0.00171451
0.00168271
0.00159032
0.0014039
0.00113265
0.000943968
0.000791214
0.000699376
0.000606532
0.000561317
0.000516052
0.000494963
0.0004779
0.000470577
0.00046783
0.000468742
0.000478661
0.000491329
0.000517573
0.000558029
0.000626664
0.000739377
0.000931486
0.00126448
0.00180947
0.00234716
0.00260733
0.00266092
0.00246546
0.00169255
0.000823603
0.000442437
0.000530637
0.000718999
0.00082072
0.000978667
0.00116613
0.00145569
0.00165539
0.00170803
0.00165392
0.00149608
0.00120844
0.000929827
0.000745849
0.000623368
0.000539879
0.000495938
0.000462877
0.000448706
0.000438914
0.000434857
0.000431752
0.00043039
0.000429796
0.000429794
0.000432877
0.000437541
0.0004473
0.000463279
0.000490884
0.00053743
0.000619404
0.000769296
0.00105363
0.00160232
0.00232939
0.00267666
0.00274717
0.00245447
0.00138278
0.00062157
0.000557492
0.000752642
0.00108154
0.00129795
0.0014888
0.00165453
0.00170485
0.00164212
0.00144227
0.00109356
0.000813884
0.000632925
0.000533295
0.000473476
0.000444168
0.000430006
0.000422542
0.000419286
0.000416459
0.000415176
0.000414095
0.000413818
0.000414828
0.00041681
0.000420284
0.000425179
0.000432097
0.000441896
0.000456682
0.000479707
0.000518239
0.000587475
0.00072106
0.000991408
0.00154295
0.00238855
0.002771
0.0028148
0.002206
0.000963682
0.000612406
0.000798245
0.00135645
0.00158419
0.00168921
0.00172875
0.00165165
0.00143996
0.00106212
0.000749976
0.000575231
0.000484254
0.00044041
0.000419751
0.000410632
0.000406321
0.000402718
0.000400861
0.000399422
0.000399009
0.000399538
0.000401913
0.000405079
0.000409463
0.000414835
0.000421216
0.000428747
0.000437668
0.000448758
0.000463689
0.000485938
0.000523229
0.000592385
0.000732356
0.00102752
0.00165494
0.00253215
0.00287811
0.00276367
0.00138678
0.000692116
0.000908303
0.0016122
0.0017905
0.00181388
0.00170005
0.00149459
0.0011075
0.000736569
0.000550469
0.000460908
0.000421024
0.000404018
0.000396555
0.000392567
0.000388982
0.000386642
0.000385608
0.000385236
0.000386163
0.000388427
0.000391908
0.000396579
0.000402609
0.000409988
0.000418448
0.000427767
0.000437621
0.000448278
0.000460968
0.000476736
0.000499918
0.000540262
0.000620415
0.000790936
0.00115976
0.00196942
0.00276025
0.00295947
0.00213884
0.000829969
0.00111895
0.00181044
0.00193217
0.00182492
0.00160005
0.00121772
0.000793339
0.000555414
0.000452478
0.000409598
0.000392526
0.000385157
0.000381293
0.000377007
0.00037452
0.000373008
0.000372345
0.000372101
0.000372901
0.000374821
0.000377981
0.000382696
0.000389285
0.000397918
0.000408539
0.000420876
0.000434265
0.000447849
0.000461112
0.000475311
0.000492801
0.000518985
0.000568347
0.000677657
0.000912351
0.00142645
0.00248864
0.00300057
0.00276903
0.00094581
0.00134918
0.00195414
0.00202217
0.00178282
0.00139837
0.000940643
0.000602017
0.000459753
0.000404702
0.00038414
0.000375884
0.00037164
0.000367448
0.000363823
0.000361964
0.000359959
0.000358389
0.00035708
0.000356538
0.00035651
0.000358555
0.000362457
0.000368811
0.000377892
0.00038986
0.000404619
0.000421688
0.000440106
0.000458429
0.000475316
0.000491579
0.000511448
0.000543432
0.00061385
0.000783364
0.00115647
0.00197206
0.00300334
0.00320621
0.00139084
0.00157459
0.00203008
0.00204008
0.00168086
0.00117819
0.000717879
0.0004942
0.000409031
0.000379339
0.000368591
0.000363755
0.000359435
0.00035536
0.000352214
0.000349496
0.000345927
0.000342435
0.000338971
0.000336468
0.000335343
0.00033524
0.000338197
0.000343978
0.000353041
0.000365685
0.00038198
0.000401697
0.000424131
0.000447944
0.000471129
0.000491607
0.000510133
0.00053352
0.000577175
0.000686131
0.000954277
0.00157479
0.00286862
0.00348514
0.00223621
0.00179103
0.00207138
0.00201641
0.00153101
0.000972532
0.000585288
0.000432705
0.000380645
0.000363779
0.000357222
0.000353228
0.000348565
0.00034468
0.000340818
0.00033623
0.000330568
0.000324833
0.000319272
0.000314754
0.00031215
0.000311208
0.000312614
0.000317858
0.000326586
0.000339396
0.000356484
0.000377861
0.000403107
0.00043118
0.000460235
0.000487627
0.000510699
0.000531737
0.000562283
0.000640122
0.0008544
0.00136448
0.00252099
0.00374938
0.00331013
0.00199194
0.00206915
0.00195784
0.00138686
0.000799984
0.000502912
0.000396305
0.000363349
0.000352817
0.000348116
0.000343858
0.000338979
0.000334572
0.000329108
0.000322356
0.000314597
0.000306815
0.000299485
0.000293429
0.0002896
0.000288047
0.000288204
0.000292756
0.000300978
0.000313526
0.000330781
0.000352986
0.000380026
0.000411168
0.000444795
0.000478278
0.000508303
0.00053238
0.000557003
0.000605219
0.000752486
0.0011596
0.00216886
0.00392493
0.00439959
0.00219301
0.00205011
0.00186785
0.00124387
0.000687128
0.000450894
0.000373857
0.000351983
0.000344589
0.000340476
0.000335623
0.000330286
0.000324678
0.000317345
0.000308601
0.000299059
0.000289678
0.000281064
0.000273957
0.000269129
0.000266948
0.000266554
0.000270145
0.000277706
0.000289633
0.000306498
0.000328785
0.000356726
0.000389993
0.000427295
0.000466041
0.000502419
0.000532545
0.000556431
0.000591789
0.000706461
0.00105726
0.00191666
0.00396809
0.00538752
0.00239449
0.00200607
0.00177212
0.00112455
0.00061248
0.000417238
0.000359502
0.000344191
0.00033843
0.000334011
0.000328398
0.00032224
0.000315149
0.000306099
0.000295737
0.000284843
0.000274341
0.000264878
0.000257088
0.000251525
0.00024885
0.000248152
0.000250851
0.000257609
0.00026867
0.00028471
0.000306414
0.000334342
0.000368618
0.000408458
0.000451607
0.000494046
0.000530661
0.000558303
0.000585896
0.000661591
0.000954136
0.00179551
0.00380494
0.00623715
0.00258397
0.00194791
0.00167898
0.00103339
0.000562513
0.00039548
0.000350308
0.000338876
0.000333812
0.000328604
0.00032208
0.00031487
0.000306346
0.000295909
0.000284354
0.000272532
0.000261323
0.00025136
0.000243174
0.000237137
0.000234073
0.000233139
0.000235105
0.000241012
0.0002511
0.000266086
0.000286804
0.000314084
0.00034848
0.000389759
0.000436173
0.0004838
0.000526653
0.000559139
0.000584454
0.000640504
0.000877525
0.00163894
0.00372936
0.00695404
0.00275761
0.00189188
0.00159663
0.000968329
0.000530584
0.000380957
0.000344456
0.000335426
0.000330401
0.00032416
0.000316623
0.000308324
0.000298599
0.00028715
0.000274795
0.000262408
0.00025081
0.000240597
0.000232209
0.000225942
0.00022251
0.000221358
0.000222744
0.000227828
0.000236922
0.00025075
0.000270239
0.000296415
0.000330202
0.000371947
0.000420581
0.000472633
0.000521683
0.000559625
0.000585078
0.000626539
0.000826391
0.00154705
0.00358859
0.00753658
0.00291194
0.00184345
0.00152625
0.000928152
0.000510656
0.000372612
0.000340863
0.00033351
0.000328017
0.00032067
0.000312098
0.000302789
0.00029214
0.000280018
0.000267195
0.000254521
0.000242766
0.000232475
0.000224023
0.000217649
0.00021388
0.000212497
0.000213435
0.000217779
0.000225938
0.000238632
0.00025683
0.000281678
0.000314374
0.000355766
0.000405488
0.000460739
0.000515212
0.000559519
0.000586725
0.000617279
0.000776366
0.00144479
0.0035064
0.00801015
0.00304734
0.00180194
0.00147129
0.000904944
0.000503307
0.000366227
0.000338799
0.000332561
0.000326516
0.000318066
0.000308505
0.000298343
0.000287045
0.000274541
0.000261513
0.000248766
0.000237013
0.00022676
0.00021833
0.000211931
0.000207874
0.000206219
0.000206802
0.000210513
0.000217846
0.000229496
0.000246447
0.000269903
0.000301239
0.00034173
0.000391714
0.000449224
0.000508321
0.000558573
0.000589131
0.000613239
0.000751407
0.001382
0.00339557
0.00838574
0.00314439
0.00177913
0.00143083
0.000906068
0.00050662
0.000365764
0.00033763
0.000332566
0.000325886
0.000316422
0.000305972
0.000295068
0.000283327
0.000270662
0.000257635
0.000244972
0.000233329
0.000223178
0.000214822
0.000208447
0.000204224
0.000202284
0.000202662
0.000205821
0.000212384
0.000223098
0.000238923
0.00026104
0.000290906
0.000330095
0.000379551
0.000438228
0.000500892
0.000556813
0.000590633
0.000609977
0.000719226
0.00132004
0.00333615
0.00868339
0.00317884
0.00177857
0.00140446
0.000914375
0.000517563
0.000367849
0.000337703
0.000332656
0.000325968
0.000315695
0.000304339
0.000292919
0.000280925
0.000268257
0.000255358
0.000242878
0.000231426
0.000221454
0.000213231
0.00020691
0.000202633
0.000200586
0.000200948
0.000203689
0.00020972
0.000219726
0.00023448
0.000255172
0.00028341
0.000321127
0.000369567
0.000428639
0.000493992
0.000555245
0.000592947
0.000609053
0.000703561
0.00128123
0.0032977
0.00891914
0.00315851
0.00178321
0.00139532
0.000933494
0.00053734
0.000373704
0.000338239
0.000332873
0.000326296
0.00031587
0.000303946
0.000291813
0.000279587
0.00026709
0.000254569
0.000242507
0.000231403
0.000221628
0.000213492
0.000207189
0.000202847
0.000200659
0.000200898
0.000203262
0.000208891
0.000218507
0.000232609
0.000252391
0.000279339
0.000315102
0.000361883
0.000420552
0.000487503
0.00055324
0.0005948
0.000608718
0.000681774
0.00123911
0.00328585
0.00911712
0.00308828
0.00179558
0.00139832
0.000970304
0.00057701
0.000387654
0.000339944
0.00033295
0.000326915
0.00031646
0.000304293
0.00029199
0.000279726
0.000267342
0.000255022
0.00024319
0.000232309
0.000222773
0.000214834
0.000208668
0.000204423
0.00020234
0.000202587
0.000204667
0.000209752
0.000218752
0.000232307
0.000251545
0.000277804
0.000312258
0.000357451
0.0004147
0.000482429
0.000552305
0.000597223
0.000609988
0.000671089
0.00121111
0.00329828
0.00928638
0.00293592
0.0018065
0.00140816
0.00101372
0.000619781
0.000406092
0.000343732
0.000333096
0.000327617
0.000317717
0.000305284
0.000292738
0.000280442
0.000268269
0.000256327
0.000244945
0.000234495
0.000225325
0.000217689
0.000211753
0.000207663
0.000205703
0.000206037
0.000208089
0.000213018
0.000221776
0.000234774
0.000252993
0.000277823
0.000311414
0.000355655
0.000411815
0.000479307
0.000551991
0.000599609
0.000611356
0.00065726
0.00117776
0.00334346
0.00943853
0.00269227
0.00180109
0.00142216
0.00107158
0.000690151
0.00044479
0.000352965
0.000333843
0.000327891
0.000319007
0.000306998
0.000294323
0.000281991
0.000270143
0.000258727
0.000247908
0.000237986
0.000229267
0.000222001
0.000216368
0.000212499
0.000210796
0.000211271
0.000213444
0.000218456
0.000227164
0.000239965
0.000257755
0.000281771
0.00031344
0.00035552
0.000410849
0.000478061
0.00055247
0.000602424
0.00061302
0.000650792
0.00115293
0.00339163
0.00957731
0.00236894
0.00177787
0.00144329
0.00112399
0.000756801
0.000486965
0.000368207
0.000336321
0.000328086
0.000320372
0.000309234
0.000296758
0.000284504
0.000272893
0.000261952
0.000251742
0.000242453
0.000234323
0.000227576
0.000222405
0.000218892
0.000217662
0.000218348
0.000220783
0.000226121
0.000234962
0.000247729
0.000265176
0.000288516
0.000319169
0.000359741
0.000412558
0.000478019
0.000554905
0.000605467
0.000613802
0.000639706
0.00112938
0.00346326
0.00970805
0.00198086
0.0017194
0.0014564
0.00119613
0.000857175
0.000561911
0.000400528
0.000343599
0.000328994
0.000320875
0.0003112
0.000299501
0.00028759
0.00027633
0.000265913
0.000256378
0.00024783
0.000240437
0.000234381
0.000229861
0.000226891
0.00022639
0.000227376
0.000230255
0.000236197
0.000245364
0.000258291
0.000275563
0.000298395
0.000327946
0.000367054
0.000418379
0.000481839
0.00055902
0.000608145
0.000614128
0.000631376
0.00111377
0.00353315
0.00983331
0.00154811
0.00157789
0.00146422
0.00123557
0.000938163
0.000644261
0.000447101
0.000359954
0.000332611
0.000321857
0.000312599
0.000302175
0.000291019
0.000280283
0.000270471
0.000261707
0.000254041
0.000247565
0.000242429
0.000238758
0.000236708
0.000236966
0.000238516
0.000242224
0.000248951
0.000258628
0.000271887
0.000289085
0.000311546
0.000340153
0.000377924
0.000427074
0.000487458
0.000564362
0.000609401
0.000612087
0.000618389
0.00109889
0.00361818
0.00995651
0.00111931
0.00142161
0.00143573
0.00131946
0.00104681
0.000752679
0.000524452
0.000395603
0.00034353
0.000324951
0.000314119
0.00030412
0.000294175
0.000284462
0.000275563
0.000267747
0.000261153
0.000255792
0.000251864
0.000249227
0.000248739
0.000249604
0.000252066
0.000257069
0.000264675
0.000274996
0.000288693
0.000305833
0.000328005
0.000355627
0.000392005
0.000438656
0.000495247
0.00057003
0.00060953
0.000606723
0.000604972
0.00108741
0.00370537
0.0100805
0.000744383
0.00121668
0.00137396
0.00132222
0.0011526
0.00086738
0.000621202
0.000453038
0.000368748
0.000334344
0.000318076
0.000306687
0.000296674
0.000287968
0.000280356
0.000273975
0.000268804
0.000265027
0.000262483
0.000261736
0.000262403
0.000264391
0.000268517
0.000274748
0.00028338
0.000294367
0.000308472
0.000325442
0.000347307
0.000373707
0.000408373
0.00045135
0.000502866
0.000572758
0.000603119
0.000594747
0.000586552
0.00107951
0.00380012
0.010209
0.000469036
0.000974864
0.00131093
0.00130962
0.00122625
0.00100259
0.00075097
0.000552534
0.000422457
0.000358867
0.000329487
0.00031298
0.000301214
0.00029186
0.000284764
0.000279545
0.000276199
0.00027404
0.000273964
0.000274818
0.000276996
0.00028099
0.000286854
0.000294355
0.000304041
0.00031554
0.000329855
0.000346508
0.000367905
0.000392422
0.000423689
0.000460013
0.000506598
0.000573136
0.000590343
0.000574817
0.000568237
0.00107645
0.00389427
0.0103447
0.000320705
0.000741953
0.00119405
0.00128237
0.00124337
0.0011247
0.000886771
0.000678415
0.000518644
0.000412995
0.000359046
0.000329979
0.000312203
0.000300063
0.000291606
0.000286132
0.000282947
0.000283031
0.000284166
0.00028681
0.000291256
0.000297017
0.000304512
0.000313095
0.00032369
0.000335369
0.000349756
0.000365193
0.000383961
0.000404034
0.000430829
0.000463082
0.000507636
0.0005608
0.000564298
0.000544523
0.000549721
0.00108111
0.00399275
0.0104904
0.00030217
0.000552852
0.00102701
0.00122665
0.00123253
0.00118398
0.00104464
0.000837507
0.000661698
0.000523413
0.000427907
0.000373709
0.000341222
0.000320613
0.000307066
0.000298898
0.00029382
0.000293041
0.000294184
0.000297063
0.000302479
0.000309147
0.000317549
0.000326517
0.000337253
0.00034794
0.000360768
0.000373541
0.000389881
0.000407564
0.000432301
0.000461065
0.000497361
0.000529497
0.000526339
0.000511895
0.000541682
0.00111179
0.00409033
0.0106531
0.000309412
0.00044275
0.000824187
0.00110646
0.0012029
0.00119559
0.00114397
0.0010175
0.000847748
0.000697744
0.00057357
0.000477463
0.000415059
0.000375024
0.000348247
0.000331034
0.000319743
0.000313767
0.000311755
0.00031253
0.000314926
0.000319487
0.000326274
0.000333493
0.000342778
0.000351807
0.000363285
0.000374271
0.000388568
0.000403054
0.000422061
0.000442554
0.000463996
0.000484474
0.000488023
0.00049683
0.000550789
0.00118412
0.0042326
0.0108544
0.000322371
0.000404819
0.000677717
0.000962197
0.00114106
0.00121144
0.00120803
0.00116765
0.00107063
0.000930791
0.000797692
0.000675151
0.000579458
0.000509787
0.000458777
0.00042192
0.000395165
0.000376182
0.000363192
0.000355115
0.000350369
0.000348402
0.000348948
0.000350614
0.000354295
0.000358581
0.000365524
0.00037248
0.000382667
0.00039329
0.000407992
0.000424159
0.000442961
0.000464131
0.000474497
0.000499558
0.000631096
0.00139685
0.00453571
0.0111444
0.000415089
0.000451926
0.000647987
0.000884545
0.00110316
0.00124391
0.00130727
0.00132525
0.00130626
0.00125274
0.00115632
0.00105236
0.000941313
0.000836331
0.000744645
0.000667899
0.000605127
0.000554654
0.00051432
0.000482611
0.000459236
0.00044163
0.000429266
0.000419499
0.000414124
0.000409273
0.00040855
0.000409553
0.000412441
0.000418403
0.000427756
0.000441436
0.000461581
0.000491017
0.000540573
0.000651839
0.000937971
0.00192174
0.00517786
0.0115964
0.00063308
0.000574013
0.000785757
0.000999466
0.00119966
0.00135856
0.00145864
0.00149836
0.00149047
0.00146148
0.00139669
0.00131171
0.0012181
0.00112458
0.00103712
0.00095953
0.000892092
0.000835765
0.000788213
0.000750426
0.000717751
0.000693167
0.000672771
0.000660661
0.000650601
0.000650115
0.000652557
0.000659346
0.000673769
0.000704089
0.000741102
0.000805387
0.000879915
0.00100096
0.00115808
0.00142634
0.00190567
0.00316173
0.00634602
0.0122597
0.00150497
0.00197836
0.00261582
0.00290003
0.00301856
0.00305567
0.00304866
0.00301026
0.0029324
0.002859
0.00278711
0.00271314
0.0026428
0.00257955
0.0025249
0.0024813
0.0024483
0.00242752
0.00241736
0.00242025
0.00242981
0.00245067
0.0024801
0.00252324
0.00257265
0.00263856
0.00271034
0.0028041
0.00290358
0.00302439
0.0031537
0.00334089
0.00354081
0.00381828
0.00410944
0.00455887
0.00509049
0.00634815
0.00864668
0.0133858
0.00926599
0.0143843
0.0173715
0.0185649
0.0189857
0.0189628
0.0187976
0.0184331
0.0179728
0.0174985
0.0170449
0.0166275
0.0162514
0.0159161
0.0156183
0.0153542
0.0151198
0.0149116
0.0147265
0.0145624
0.0144169
0.0142891
0.0141771
0.0140816
0.0139997
0.0139344
0.0138809
0.0138462
0.0138203
0.0138177
0.0138213
0.0138298
0.0138481
0.0138772
0.0139383
0.0140104
0.014174
0.0143547
0.0152566
0.0148299
)
;

boundaryField
{
    movingWall
    {
        type            kqRWallFunction;
        value           nonuniform List<scalar> 
40
(
0.00926599
0.0143843
0.0173715
0.0185649
0.0189857
0.0189628
0.0187976
0.0184331
0.0179728
0.0174985
0.0170449
0.0166275
0.0162514
0.0159161
0.0156183
0.0153542
0.0151198
0.0149116
0.0147265
0.0145624
0.0144169
0.0142891
0.0141771
0.0140816
0.0139997
0.0139344
0.0138809
0.0138462
0.0138203
0.0138177
0.0138213
0.0138298
0.0138481
0.0138772
0.0139383
0.0140104
0.014174
0.0143547
0.0152566
0.0148299
)
;
    }
    fixedWalls
    {
        type            kqRWallFunction;
        value           nonuniform List<scalar> 
120
(
0.000157446
0.000270208
0.000438688
0.000583815
0.000671546
0.000718999
0.000752642
0.000798245
0.000908303
0.00111895
0.00134918
0.00157459
0.00179103
0.00199194
0.00219301
0.00239449
0.00258397
0.00275761
0.00291194
0.00304734
0.00314439
0.00317884
0.00315851
0.00308828
0.00293592
0.00269227
0.00236894
0.00198086
0.00154811
0.00111931
0.000744383
0.000469036
0.000320705
0.00030217
0.000309412
0.000322371
0.000415089
0.00063308
0.00150497
0.00926599
0.000332466
0.000375438
0.000439958
0.000498172
0.000530637
0.000557492
0.000612406
0.000692116
0.000829969
0.00094581
0.00139084
0.00223621
0.00331013
0.00439959
0.00538752
0.00623715
0.00695404
0.00753658
0.00801015
0.00838574
0.00868339
0.00891914
0.00911712
0.00928638
0.00943853
0.00957731
0.00970805
0.00983331
0.00995651
0.0100805
0.010209
0.0103447
0.0104904
0.0106531
0.0108544
0.0111444
0.0115964
0.0122597
0.0133858
0.0148299
0.000157446
0.000184008
0.000227381
0.000268017
0.000293098
0.000306701
0.000325928
0.000353207
0.000384404
0.000430667
0.000546573
0.000889458
0.00138611
0.00198372
0.00257753
0.00309982
0.00351742
0.0038129
0.00396938
0.00403333
0.00404366
0.00395986
0.00382862
0.0036482
0.00345518
0.0032395
0.00301891
0.00279366
0.002568
0.00232366
0.00206477
0.00177328
0.00151142
0.00137365
0.00127366
0.00119102
0.00108075
0.000881031
0.000581233
0.000332466
)
;
    }
    frontAndBack
    {
        type            empty;
    }
}


// ************************************************************************* //
