/*--------------------------------*- C++ -*----------------------------------*\
| =========                 |                                                 |
| \\      /  F ield         | OpenFOAM: The Open Source CFD Toolbox           |
|  \\    /   O peration     | Version:  2412                                  |
|   \\  /    A nd           | Website:  www.openfoam.com                      |
|    \\/     M anipulation  |                                                 |
\*---------------------------------------------------------------------------*/
FoamFile
{
    version     2.0;
    format      ascii;
    arch        "LSB;label=32;scalar=64";
    class       volScalarField;
    location    "8";
    object      p;
}
// * * * * * * * * * * * * * * * * * * * * * * * * * * * * * * * * * * * * * //

dimensions      [0 2 -2 0 0 0 0];

internalField   nonuniform List<scalar> 
1600
(
3.98137e-08
-2.69254e-05
-0.000111727
-0.000223084
-0.000324825
-0.000412218
-0.000508384
-0.00063504
-0.000800785
-0.00103253
-0.00135956
-0.00174887
-0.00217731
-0.00270236
-0.00337358
-0.00416767
-0.00505373
-0.0059956
-0.0069186
-0.00769114
-0.00813523
-0.00807913
-0.00743209
-0.00618743
-0.00438933
-0.00213123
0.000429094
0.00305662
0.00544342
0.00724395
0.00817744
0.0081717
0.00740788
0.00623006
0.00504605
0.00420334
0.00378598
0.00373785
0.0038273
0.00390883
-1.9235e-05
-6.06192e-05
-0.0001516
-0.000254345
-0.000328319
-0.00037993
-0.000448141
-0.0005499
-0.000678772
-0.000843973
-0.00110668
-0.00151673
-0.00205429
-0.00272519
-0.00358031
-0.00462429
-0.00579278
-0.00695414
-0.00796304
-0.00869522
-0.00904404
-0.0089277
-0.00830069
-0.00714024
-0.00546127
-0.00333225
-0.000886809
0.00166592
0.0040374
0.00589815
0.00696835
0.00714314
0.00655536
0.00554194
0.00446164
0.00371474
0.00342837
0.00350383
0.00369289
0.00381271
-3.11564e-05
-0.000104397
-0.000216461
-0.000308714
-0.000350616
-0.000356128
-0.00037924
-0.000454053
-0.000600587
-0.000836078
-0.00122401
-0.00184322
-0.00271702
-0.00380376
-0.00504474
-0.00637273
-0.00769645
-0.00890885
-0.00990249
-0.0105802
-0.0108745
-0.0107383
-0.0101324
-0.00904044
-0.00747577
-0.00547833
-0.00313819
-0.000624401
0.00181684
0.0038802
0.00527535
0.00583692
0.00562486
0.00491197
0.00406083
0.00343025
0.00316875
0.00322553
0.00343661
0.00357106
-3.27801e-06
-0.000118566
-0.000253964
-0.000335818
-0.000348103
-0.00034203
-0.000366536
-0.000470103
-0.000730299
-0.00123417
-0.00202753
-0.0031175
-0.0044453
-0.00591769
-0.00743686
-0.00891966
-0.0102863
-0.0114772
-0.0124247
-0.0130611
-0.0133371
-0.0132325
-0.0127287
-0.0117871
-0.0104043
-0.00860958
-0.00645874
-0.00405592
-0.00156925
0.000764055
0.00266477
0.00388654
0.00434176
0.00417974
0.00371626
0.00328382
0.00307306
0.00309217
0.00324377
0.00332055
0.000144301
-2.54157e-05
-0.000175084
-0.000260496
-0.000289574
-0.000324253
-0.000449851
-0.000760554
-0.00136321
-0.0023277
-0.00363599
-0.00520429
-0.0069123
-0.00865376
-0.0103339
-0.0118851
-0.0132544
-0.0143989
-0.0152789
-0.0158593
-0.0161205
-0.0160447
-0.0156105
-0.0148215
-0.013671
-0.0121643
-0.0103245
-0.00818998
-0.00583984
-0.00340681
-0.00108527
0.000883594
0.0022768
0.00301446
0.00323744
0.00319413
0.00311372
0.00312558
0.00315323
0.00313881
0.000472901
0.000237837
6.14305e-05
-6.42383e-05
-0.000176373
-0.000369495
-0.000761806
-0.00147642
-0.00258995
-0.00409092
-0.00588012
-0.00782081
-0.00977854
-0.0116484
-0.0133607
-0.0148676
-0.0161423
-0.0171639
-0.0179187
-0.0183913
-0.0185752
-0.0184821
-0.0181098
-0.0174591
-0.0165285
-0.0153198
-0.0138363
-0.012079
-0.0100563
-0.00779815
-0.00538001
-0.00294158
-0.000695577
0.00111177
0.00231791
0.00294255
0.00314763
0.0031707
0.00309277
0.00299234
0.000968805
0.000670404
0.000432487
0.000214187
-7.77439e-05
-0.000570283
-0.00139522
-0.00264909
-0.00432789
-0.00632475
-0.00847983
-0.0106357
-0.0126733
-0.0145158
-0.0161249
-0.0174833
-0.0185918
-0.0194545
-0.0200762
-0.020456
-0.0205957
-0.0205023
-0.0201712
-0.0196136
-0.0188358
-0.0178425
-0.0166376
-0.015218
-0.0135674
-0.0116562
-0.0094556
-0.00696985
-0.00428707
-0.00162418
0.000670204
0.00225655
0.00300723
0.00311559
0.00297061
0.00280168
0.00155049
0.00118415
0.000847028
0.000468095
-0.000104833
-0.001024
-0.00239447
-0.00422943
-0.00641814
-0.00878045
-0.0111325
-0.0133357
-0.015309
-0.0170192
-0.0184649
-0.019659
-0.0206205
-0.0213641
-0.0218993
-0.0222292
-0.0223523
-0.0222637
-0.021973
-0.0214806
-0.0207966
-0.0199303
-0.0188919
-0.0176867
-0.016305
-0.0147127
-0.012845
-0.0106159
-0.00796035
-0.0049255
-0.00179754
0.000860238
0.00246792
0.00290157
0.00277302
0.00252758
0.00208677
0.00163014
0.00115493
0.000557575
-0.000383313
-0.00181009
-0.00375235
-0.00610488
-0.00866696
-0.0112253
-0.0136141
-0.0157411
-0.0175761
-0.0191288
-0.0204263
-0.0214972
-0.0223639
-0.0230394
-0.0235296
-0.0238364
-0.023957
-0.023887
-0.0236284
-0.0231862
-0.0225668
-0.021779
-0.0208344
-0.0197438
-0.0185103
-0.0171167
-0.0155119
-0.0135998
-0.0112422
-0.00831062
-0.00485367
-0.00135148
0.00129812
0.002464
0.00250353
0.00211153
0.00239062
0.00184266
0.00120524
0.000345329
-0.00101268
-0.00295322
-0.0053973
-0.00812988
-0.0109004
-0.0135018
-0.0158165
-0.0178089
-0.019496
-0.0209159
-0.0221078
-0.0231009
-0.0239129
-0.0245515
-0.025019
-0.0253154
-0.0254387
-0.0253866
-0.0251593
-0.0247606
-0.0241944
-0.0234671
-0.022587
-0.0215638
-0.0204057
-0.0191115
-0.0176575
-0.0159771
-0.0139416
-0.0113566
-0.00805471
-0.00418754
-0.000568373
0.00164401
0.00206623
0.00151196
0.00233383
0.00168996
0.000881941
-0.00025797
-0.00201894
-0.00440464
-0.00721812
-0.0101711
-0.0130003
-0.0155364
-0.017722
-0.0195727
-0.0211357
-0.0224602
-0.0235838
-0.0245293
-0.0253081
-0.0259242
-0.0263785
-0.02667
-0.0267982
-0.0267622
-0.0265626
-0.0262019
-0.025682
-0.025007
-0.0241818
-0.0232123
-0.0221046
-0.0208628
-0.0194821
-0.0179318
-0.0161279
-0.0139011
-0.0109998
-0.00725544
-0.00305345
0.000253579
0.00130231
0.000774095
0.00182473
0.0011066
0.000140372
-0.00125774
-0.00335613
-0.00606819
-0.00910161
-0.0121293
-0.0149047
-0.0173154
-0.0193599
-0.0210873
-0.0225571
-0.0238164
-0.0248949
-0.0258084
-0.0265636
-0.0271629
-0.0276071
-0.0278956
-0.0280288
-0.0280072
-0.0278315
-0.0275036
-0.0270242
-0.0263959
-0.0256206
-0.024701
-0.0236397
-0.0224399
-0.021103
-0.0196207
-0.0179524
-0.0159892
-0.0135084
-0.0101834
-0.0059162
-0.00173592
0.000225363
-6.54561e-05
0.000868996
0.000107592
-0.000984425
-0.00258774
-0.0049279
-0.00783499
-0.0109512
-0.0139392
-0.0165923
-0.018857
-0.0207714
-0.0224002
-0.0238015
-0.0250143
-0.0260597
-0.026948
-0.0276835
-0.0282681
-0.0287032
-0.028989
-0.0291266
-0.0291172
-0.0289617
-0.0286619
-0.0282178
-0.0276308
-0.0269013
-0.0260296
-0.0250156
-0.0238597
-0.0225635
-0.0211276
-0.0195392
-0.0177427
-0.0155899
-0.012761
-0.00883831
-0.00419703
-0.00118281
-0.00111192
-0.000444024
-0.0012167
-0.00239439
-0.00413668
-0.0066165
-0.00960018
-0.0126911
-0.0155645
-0.0180654
-0.0201879
-0.0219916
-0.0235429
-0.0248919
-0.0260679
-0.0270856
-0.0279516
-0.028669
-0.0292401
-0.0296668
-0.0299498
-0.030091
-0.0300917
-0.0299532
-0.0296771
-0.0292633
-0.0287124
-0.0280242
-0.0271976
-0.026231
-0.0251229
-0.0238728
-0.0224832
-0.0209543
-0.0192651
-0.0173356
-0.0149388
-0.0115629
-0.00693824
-0.00303633
-0.00251
-0.00197828
-0.002734
-0.00395789
-0.00577522
-0.00830603
-0.0112744
-0.0142674
-0.0169895
-0.0193356
-0.0213313
-0.0230434
-0.0245325
-0.0258388
-0.0269832
-0.0279756
-0.0288208
-0.0295216
-0.0300804
-0.0304992
-0.0307796
-0.0309234
-0.0309324
-0.030808
-0.0305517
-0.0301635
-0.0296439
-0.0289922
-0.028207
-0.0272862
-0.0262271
-0.0250281
-0.0236908
-0.0222201
-0.0206137
-0.0188383
-0.0167664
-0.0139569
-0.00973344
-0.00535525
-0.0043166
-0.00358467
-0.00430216
-0.00554079
-0.00737898
-0.00989539
-0.0127889
-0.0156463
-0.0182097
-0.0204141
-0.0223021
-0.023939
-0.0253768
-0.0266461
-0.027762
-0.0287313
-0.0295575
-0.0302432
-0.0307908
-0.0312026
-0.0314804
-0.0316263
-0.0316419
-0.0315289
-0.0312889
-0.0309219
-0.0304286
-0.0298085
-0.0290604
-0.028182
-0.0271708
-0.0260246
-0.0247446
-0.0233365
-0.0218077
-0.0201525
-0.0183144
-0.0159918
-0.0123781
-0.00801101
-0.00646947
-0.00512604
-0.00579091
-0.00701996
-0.0088436
-0.0113059
-0.014095
-0.0168082
-0.0192247
-0.021308
-0.0231075
-0.024683
-0.0260776
-0.0273147
-0.0284051
-0.0293535
-0.0301628
-0.0308353
-0.0313734
-0.0317793
-0.0320549
-0.0322022
-0.0322231
-0.032119
-0.0318918
-0.0315419
-0.0310701
-0.0304765
-0.0297601
-0.0289196
-0.0279528
-0.026858
-0.0256362
-0.0242939
-0.0228428
-0.0212941
-0.0196322
-0.0176905
-0.0147213
-0.0107709
-0.00880901
-0.00648724
-0.00709359
-0.00829965
-0.0100887
-0.0124803
-0.0151622
-0.0177424
-0.0200347
-0.0220203
-0.0237494
-0.0252756
-0.0266344
-0.027844
-0.0289124
-0.029843
-0.0306381
-0.0312997
-0.0318301
-0.0322313
-0.032505
-0.0326534
-0.0326781
-0.0325808
-0.0323634
-0.0320264
-0.0315713
-0.0309987
-0.0303084
-0.0295
-0.0285723
-0.0275244
-0.0263582
-0.0250806
-0.0237058
-0.022257
-0.020738
-0.0190859
-0.0166946
-0.013407
-0.0111063
-0.00757988
-0.00813201
-0.00931414
-0.0110642
-0.0133842
-0.0159682
-0.0184409
-0.0206382
-0.0225509
-0.0242271
-0.0257151
-0.0270454
-0.0282327
-0.0292833
-0.0301997
-0.0309839
-0.0316374
-0.0321621
-0.03256
-0.0328325
-0.0329817
-0.0330091
-0.0329165
-0.0327057
-0.0323777
-0.0319344
-0.0313771
-0.0307066
-0.0299234
-0.0290277
-0.02802
-0.0269031
-0.0256852
-0.0243812
-0.0230251
-0.0216256
-0.0201997
-0.0182976
-0.0157407
-0.0131532
-0.00834575
-0.00885675
-0.0100264
-0.0117424
-0.0139962
-0.0165057
-0.0189005
-0.0210342
-0.0228986
-0.0245387
-0.0259994
-0.0273088
-0.0284796
-0.0295171
-0.0304236
-0.0312004
-0.0318488
-0.0323703
-0.0327664
-0.0330384
-0.0331882
-0.0332173
-0.0331272
-0.0329201
-0.0325971
-0.0321606
-0.0316126
-0.0309548
-0.0301891
-0.0293168
-0.0283402
-0.0272633
-0.0260963
-0.0248543
-0.0235813
-0.0222804
-0.0210277
-0.0195225
-0.0176044
-0.014915
-0.00875286
-0.00925275
-0.0104209
-0.0121117
-0.01431
-0.0167735
-0.0191243
-0.0212233
-0.0230613
-0.0246808
-0.0261254
-0.027422
-0.0285829
-0.0296131
-0.0305145
-0.0312881
-0.0319348
-0.0324556
-0.0328518
-0.0331243
-0.0332747
-0.0333045
-0.0332151
-0.0330086
-0.0326865
-0.0322517
-0.0317067
-0.0310541
-0.030297
-0.0294382
-0.0284815
-0.0274326
-0.0263041
-0.0251118
-0.0239082
-0.0226841
-0.0215602
-0.020344
-0.0188646
-0.0164559
-0.00881035
-0.00932345
-0.0105009
-0.0121767
-0.0143392
-0.01677
-0.0191134
-0.0212045
-0.0230352
-0.0246489
-0.0260888
-0.0273815
-0.0285399
-0.029569
-0.0304706
-0.0312456
-0.0318944
-0.0324177
-0.0328161
-0.0330904
-0.0332418
-0.0332715
-0.0331808
-0.032972
-0.0326467
-0.0322082
-0.0316595
-0.0310043
-0.0302464
-0.0293903
-0.028441
-0.0274061
-0.0263003
-0.0251407
-0.0239876
-0.0228174
-0.0217921
-0.020766
-0.0195473
-0.0176833
-0.00856888
-0.00909974
-0.0102904
-0.0119594
-0.0140985
-0.0165074
-0.0188644
-0.0209716
-0.0228159
-0.0244399
-0.025887
-0.0271853
-0.0283489
-0.0293835
-0.0302912
-0.0310726
-0.0317278
-0.0322569
-0.0326602
-0.0329379
-0.0330907
-0.0331199
-0.0330263
-0.0328121
-0.0324792
-0.0320311
-0.0314715
-0.0308048
-0.0300359
-0.0291704
-0.028215
-0.0271788
-0.0260781
-0.0249304
-0.0238049
-0.0226606
-0.0217172
-0.0208037
-0.0197682
-0.0184261
-0.00811419
-0.00863404
-0.00983307
-0.0114935
-0.0136046
-0.0159989
-0.0183752
-0.0205176
-0.0223971
-0.024049
-0.0255163
-0.0268302
-0.0280071
-0.0290543
-0.0299744
-0.0307677
-0.0314341
-0.031973
-0.0323842
-0.0326674
-0.0328228
-0.0328513
-0.0327534
-0.0325312
-0.0321865
-0.0317232
-0.0311453
-0.0304576
-0.029666
-0.0287774
-0.0278003
-0.0267451
-0.0256296
-0.0244745
-0.0233465
-0.0221976
-0.0213311
-0.0204559
-0.0195953
-0.0186218
-0.00753909
-0.00800367
-0.00917824
-0.010817
-0.0128877
-0.0152591
-0.0176538
-0.0198439
-0.0217749
-0.0234704
-0.0249714
-0.0263118
-0.0275111
-0.0285788
-0.0295182
-0.0303298
-0.0310128
-0.0315662
-0.031989
-0.0322802
-0.0324396
-0.0324675
-0.0323641
-0.0321312
-0.0317707
-0.0312863
-0.0306826
-0.0299646
-0.0291388
-0.0282129
-0.0271966
-0.0261028
-0.0249513
-0.0237646
-0.0226096
-0.0214501
-0.0206049
-0.0197223
-0.0190384
-0.0182847
-0.00692444
-0.00729158
-0.00838657
-0.00997871
-0.0119883
-0.0143122
-0.0167108
-0.0189496
-0.0209426
-0.0226957
-0.0242443
-0.0256234
-0.0268559
-0.0279533
-0.0289203
-0.0297574
-0.0304635
-0.0310368
-0.0314756
-0.0317781
-0.0319433
-0.0319713
-0.0318617
-0.0316157
-0.0312354
-0.0307241
-0.0300865
-0.029328
-0.0284555
-0.0274772
-0.0264043
-0.0252514
-0.0240402
-0.0227966
-0.02159
-0.0203902
-0.0195387
-0.0186455
-0.0181042
-0.0174698
-0.00632872
-0.0065746
-0.00753536
-0.00903677
-0.0109504
-0.0131882
-0.0155578
-0.017831
-0.019889
-0.0217116
-0.0233228
-0.0247552
-0.0260337
-0.0271724
-0.028177
-0.0290485
-0.0297854
-0.0303851
-0.0308452
-0.0311631
-0.031337
-0.0313664
-0.0312502
-0.0309892
-0.0305852
-0.0300411
-0.0293615
-0.0285519
-0.0276192
-0.0265724
-0.025424
-0.0241897
-0.0228947
-0.0215686
-0.0202845
-0.0190191
-0.0181451
-0.0172173
-0.0168189
-0.0162347
-0.00579033
-0.0059203
-0.00669389
-0.00804294
-0.00981542
-0.0119209
-0.0142134
-0.0164882
-0.0186012
-0.0205004
-0.0221894
-0.0236925
-0.0250335
-0.0262279
-0.0272828
-0.0281998
-0.0289771
-0.0296115
-0.0300996
-0.030438
-0.0306243
-0.0306571
-0.0305349
-0.0302574
-0.0298262
-0.0292435
-0.0285139
-0.0276422
-0.0266353
-0.0255028
-0.0242581
-0.0229193
-0.0215153
-0.0200797
-0.0186918
-0.0173394
-0.0164268
-0.0154476
-0.015192
-0.0146128
-0.00533607
-0.00536906
-0.00591467
-0.00705047
-0.00862563
-0.0105445
-0.0127
-0.0149257
-0.0170677
-0.0190412
-0.020821
-0.0224144
-0.0238385
-0.0251077
-0.0262298
-0.0272067
-0.0280366
-0.0287159
-0.0292405
-0.0296062
-0.0298096
-0.0298489
-0.0297219
-0.0294273
-0.0289658
-0.0283391
-0.0275512
-0.0266064
-0.0255109
-0.0242748
-0.0229126
-0.0214446
-0.0199052
-0.0183332
-0.0168169
-0.0153588
-0.0143971
-0.0133596
-0.0131984
-0.0125902
-0.00497355
-0.00492442
-0.00523515
-0.00611176
-0.00743007
-0.00909841
-0.0110482
-0.0131581
-0.0152834
-0.0173137
-0.0191903
-0.0208938
-0.0224258
-0.0237945
-0.0250058
-0.0260616
-0.0269602
-0.0276977
-0.0282696
-0.028671
-0.0288979
-0.0289482
-0.0288186
-0.0285069
-0.0280127
-0.0273374
-0.0264833
-0.0254542
-0.0242557
-0.0228977
-0.0213963
-0.0197748
-0.0180743
-0.0163409
-0.0146742
-0.0130959
-0.0120764
-0.0109542
-0.0108712
-0.0101529
-0.0046784
-0.00455864
-0.00468438
-0.00527296
-0.00627473
-0.00762222
-0.00929241
-0.0112098
-0.0132551
-0.0153067
-0.0172734
-0.0191015
-0.0207674
-0.0222646
-0.0235931
-0.0247525
-0.0257407
-0.0265538
-0.0271869
-0.0276352
-0.0278942
-0.0279614
-0.0278326
-0.027505
-0.0269772
-0.0262493
-0.0253219
-0.0241981
-0.0228828
-0.021386
-0.0197252
-0.0179277
-0.0160422
-0.014124
-0.0122891
-0.0105832
-0.00950169
-0.00827168
-0.00826558
-0.00736771
-0.0044089
-0.00425571
-0.00427881
-0.00457262
-0.00519765
-0.00615726
-0.0074709
-0.00911647
-0.0110084
-0.0130284
-0.0150606
-0.0170159
-0.0188369
-0.0204932
-0.021971
-0.023264
-0.0243679
-0.0252784
-0.0259906
-0.0265001
-0.0268023
-0.0268939
-0.0267711
-0.0264305
-0.0258698
-0.0250871
-0.0240813
-0.022855
-0.0214125
-0.0197641
-0.0179282
-0.0159365
-0.0138455
-0.0117216
-0.00970096
-0.00785867
-0.00670021
-0.00533642
-0.0054715
-0.00439481
-0.00415628
-0.00404346
-0.00400873
-0.00402899
-0.00423623
-0.00474117
-0.0056259
-0.00692563
-0.00859175
-0.0105183
-0.0125751
-0.0146416
-0.0166251
-0.0184639
-0.0201224
-0.0215816
-0.0228312
-0.0238651
-0.024678
-0.0252663
-0.0256252
-0.0257515
-0.025642
-0.0252935
-0.0247028
-0.0238667
-0.0227829
-0.0214521
-0.0198788
-0.018073
-0.0160545
-0.0138595
-0.0115505
-0.00920586
-0.00698023
-0.00497265
-0.0036732
-0.00210846
-0.00245168
-0.00110359
-0.0039684
-0.00391967
-0.00382816
-0.00361021
-0.00339665
-0.00339914
-0.0037988
-0.00469546
-0.00607973
-0.00785697
-0.00989056
-0.0120362
-0.0141689
-0.0161958
-0.0180542
-0.0197061
-0.0211299
-0.0223141
-0.0232521
-0.0239393
-0.0243711
-0.0245455
-0.0244602
-0.0241125
-0.0234988
-0.0226163
-0.0214615
-0.0200333
-0.0183352
-0.0163779
-0.0141827
-0.0117894
-0.00926456
-0.00669756
-0.00425324
-0.00203121
-0.000470062
0.00145132
0.00113641
0.00347071
-0.00380167
-0.00383183
-0.00368392
-0.00325631
-0.00264002
-0.00213491
-0.00203109
-0.00249993
-0.00357326
-0.00516621
-0.00713508
-0.00931971
-0.0115716
-0.01377
-0.0158262
-0.0176803
-0.0192954
-0.0206505
-0.0217346
-0.0225412
-0.023065
-0.0233043
-0.0232583
-0.0229256
-0.0223023
-0.0213864
-0.020175
-0.0186664
-0.0168631
-0.0147752
-0.0124254
-0.00985442
-0.00713113
-0.00435291
-0.00168591
0.000794405
0.00272622
0.00522627
0.00565492
0.0101946
-0.00355432
-0.00368437
-0.00350266
-0.00286036
-0.00188043
-0.000922561
-0.000360318
-0.000431519
-0.00120632
-0.00261388
-0.00450325
-0.00669844
-0.00903439
-0.0113703
-0.0135969
-0.0156355
-0.0174338
-0.0189597
-0.0201953
-0.0211302
-0.0217583
-0.0220771
-0.0220865
-0.0217856
-0.0211741
-0.0202474
-0.0190036
-0.0174445
-0.015572
-0.0133935
-0.010929
-0.00821591
-0.00531814
-0.00232949
0.000600672
0.0034314
0.00584849
0.00915136
0.0106471
0.0171814
-0.00351696
-0.00360929
-0.00326299
-0.00235432
-0.00104264
0.000268419
0.00118935
0.00142664
0.000886204
-0.000367309
-0.00218168
-0.00437426
-0.00676739
-0.00920715
-0.01157
-0.0137633
-0.0157222
-0.0174037
-0.0187825
-0.0198429
-0.0205777
-0.0209851
-0.0210639
-0.0208134
-0.0202334
-0.0193232
-0.0180789
-0.0165075
-0.014611
-0.0123912
-0.00986131
-0.00704706
-0.00399004
-0.000745365
0.00260662
0.00611111
0.00951313
0.0142127
0.0156065
0.0206839
-0.00255613
-0.00268512
-0.00248034
-0.00156147
-7.19206e-05
0.00149694
0.00266037
0.0031128
0.00273209
0.00158387
-0.000176356
-0.00236719
-0.00480663
-0.00733234
-0.00981025
-0.0121367
-0.0142363
-0.0160577
-0.0175674
-0.0187458
-0.0195848
-0.0200806
-0.0202314
-0.020037
-0.0194982
-0.0186161
-0.0173976
-0.0158404
-0.0139592
-0.0117487
-0.00921101
-0.0063512
-0.00316831
0.000391779
0.00442048
0.00919308
0.0147647
0.0225651
0.0235103
0.028113
-0.004892
-0.00480691
-0.00380659
-0.00188233
0.000306081
0.00222497
0.00353899
0.0040886
0.00379861
0.00273062
0.00102465
-0.0011478
-0.00360716
-0.00618487
-0.0087374
-0.0111518
-0.0133448
-0.0152586
-0.0168555
-0.0181141
-0.0190234
-0.0195783
-0.0197778
-0.0196233
-0.0191179
-0.0182654
-0.0170697
-0.0155292
-0.0136349
-0.0114037
-0.00883122
-0.00589482
-0.00254685
0.00135544
0.00608183
0.0123193
0.0207222
0.0332012
0.0399709
0.070557
-0.00338617
0.000112859
0.000823748
0.000993252
0.00197087
0.00329427
0.00427316
0.00458012
0.00413262
0.00299425
0.00127933
-0.000871926
-0.00330192
-0.00585377
-0.00838891
-0.0107954
-0.0129886
-0.014908
-0.0165146
-0.017785
-0.0187065
-0.0192723
-0.0194805
-0.0193321
-0.0188291
-0.0179735
-0.0167664
-0.0152078
-0.013298
-0.0110433
-0.00844013
-0.00544503
-0.00197474
0.00211881
0.00707341
0.0135345
0.0219045
0.0366304
0.0602714
0.154156
)
;

boundaryField
{
    movingWall
    {
        type            zeroGradient;
    }
    fixedWalls
    {
        type            zeroGradient;
    }
    frontAndBack
    {
        type            empty;
    }
}


// ************************************************************************* //
