/*--------------------------------*- C++ -*----------------------------------*\
| =========                 |                                                 |
| \\      /  F ield         | OpenFOAM: The Open Source CFD Toolbox           |
|  \\    /   O peration     | Version:  2412                                  |
|   \\  /    A nd           | Website:  www.openfoam.com                      |
|    \\/     M anipulation  |                                                 |
\*---------------------------------------------------------------------------*/
FoamFile
{
    version     2.0;
    format      ascii;
    arch        "LSB;label=32;scalar=64";
    class       surfaceScalarField;
    location    "8";
    object      phi;
}
// * * * * * * * * * * * * * * * * * * * * * * * * * * * * * * * * * * * * * //

dimensions      [0 3 -1 0 0 0 0];

oriented        oriented;

internalField   nonuniform List<scalar> 
3120
(
9.63318e-08
-9.63355e-08
2.1658e-07
-1.20248e-07
2.99065e-07
-8.24853e-08
3.28648e-07
-2.95841e-08
3.23666e-07
4.98212e-09
3.08703e-07
1.49629e-08
2.88106e-07
2.05971e-08
2.48971e-07
3.91351e-08
1.77659e-07
7.13114e-08
5.01328e-08
1.27526e-07
-1.51368e-07
2.01501e-07
-4.48334e-07
2.96966e-07
-8.56933e-07
4.086e-07
-1.35973e-06
5.02793e-07
-1.91946e-06
5.59736e-07
-2.49658e-06
5.77116e-07
-3.04979e-06
5.53211e-07
-3.54054e-06
4.90754e-07
-3.93934e-06
3.98801e-07
-4.232e-06
2.92652e-07
-4.41719e-06
1.85193e-07
-4.49967e-06
8.2478e-08
-4.48396e-06
-1.57081e-08
-4.36999e-06
-1.13965e-07
-4.1543e-06
-2.15699e-07
-3.83287e-06
-3.21428e-07
-3.40443e-06
-4.28435e-07
-2.874e-06
-5.30435e-07
-2.25633e-06
-6.17665e-07
-1.57959e-06
-6.76739e-07
-8.87194e-07
-6.924e-07
-2.37507e-07
-6.49687e-07
3.0878e-07
-5.46287e-07
7.02455e-07
-3.93675e-07
9.08145e-07
-2.0569e-07
9.292e-07
-2.10548e-08
7.61137e-07
1.68063e-07
4.83997e-07
2.7714e-07
2.02476e-07
2.81521e-07
2.02476e-07
1.48285e-07
-2.44621e-07
3.01174e-07
-2.73137e-07
3.90358e-07
-1.7167e-07
4.06841e-07
-4.60677e-08
3.61728e-07
5.00951e-08
2.70975e-07
1.05715e-07
1.27501e-07
1.64071e-07
-9.60168e-08
2.62653e-07
-4.29171e-07
4.04465e-07
-8.88264e-07
5.86619e-07
-1.47165e-06
7.8489e-07
-2.14383e-06
9.6914e-07
-2.84151e-06
1.10628e-06
-3.5104e-06
1.17168e-06
-4.11253e-06
1.16187e-06
-4.62002e-06
1.08461e-06
-5.02289e-06
9.56081e-07
-5.32833e-06
7.96191e-07
-5.55211e-06
6.22583e-07
-5.70517e-06
4.45714e-07
-5.79031e-06
2.70332e-07
-5.80315e-06
9.53168e-08
-5.73622e-06
-8.26351e-08
-5.58364e-06
-2.6655e-07
-5.34109e-06
-4.58243e-07
-5.00404e-06
-6.58485e-07
-4.56876e-06
-8.63711e-07
-4.03481e-06
-1.06439e-06
-3.40858e-06
-1.24389e-06
-2.7082e-06
-1.37712e-06
-1.9675e-06
-1.4331e-06
-1.2345e-06
-1.38269e-06
-5.69334e-07
-1.21145e-06
-3.05853e-08
-9.32424e-07
3.51682e-07
-5.87958e-07
5.46887e-07
-2.1626e-07
5.81254e-07
1.33696e-07
4.51961e-07
4.06434e-07
2.19376e-07
5.14105e-07
4.21852e-07
1.66376e-07
-4.10996e-07
2.82807e-07
-3.89568e-07
3.12581e-07
-2.01444e-07
2.62783e-07
3.7297e-09
1.32779e-07
1.80099e-07
-9.00774e-08
3.28572e-07
-4.25886e-07
4.9988e-07
-8.89523e-07
7.26289e-07
-1.48405e-06
9.98992e-07
-2.17862e-06
1.28119e-06
-2.91931e-06
1.52558e-06
-3.63894e-06
1.68877e-06
-4.28359e-06
1.75094e-06
-4.82689e-06
1.71497e-06
-5.26532e-06
1.6003e-06
-5.6091e-06
1.42839e-06
-5.87642e-06
1.22341e-06
-6.08315e-06
1.00292e-06
-6.23814e-06
7.77572e-07
-6.34429e-06
5.5186e-07
-6.39959e-06
3.25632e-07
-6.40073e-06
9.64583e-08
-6.34575e-06
-1.37614e-07
-6.22931e-06
-3.82998e-07
-6.04296e-06
-6.44585e-07
-5.77898e-06
-9.22469e-07
-5.42886e-06
-1.21383e-06
-4.98385e-06
-1.5094e-06
-4.43867e-06
-1.78907e-06
-3.79574e-06
-2.02006e-06
-3.07114e-06
-2.1577e-06
-2.30013e-06
-2.15371e-06
-1.54007e-06
-1.97151e-06
-8.62928e-07
-1.60956e-06
-3.35749e-07
-1.11514e-06
1.46689e-08
-5.66678e-07
1.97237e-07
-4.8873e-08
2.15847e-07
3.87824e-07
1.1964e-07
6.10312e-07
5.41492e-07
1.33893e-07
-5.44889e-07
1.6748e-07
-4.23154e-07
1.01139e-07
-1.35103e-07
-5.54755e-08
1.60344e-07
-3.06965e-07
4.31589e-07
-6.81925e-07
7.03531e-07
-1.19759e-06
1.01554e-06
-1.84427e-06
1.37297e-06
-2.57723e-06
1.73195e-06
-3.32602e-06
2.02998e-06
-4.02131e-06
2.22087e-06
-4.61843e-06
2.28588e-06
-5.10364e-06
2.23614e-06
-5.48513e-06
2.09646e-06
-5.7797e-06
1.89487e-06
-6.00821e-06
1.6569e-06
-6.18577e-06
1.40097e-06
-6.32162e-06
1.13877e-06
-6.42012e-06
8.76075e-07
-6.48417e-06
6.15911e-07
-6.51626e-06
3.57722e-07
-6.51553e-06
9.57278e-08
-6.48149e-06
-1.71655e-07
-6.41299e-06
-4.51501e-07
-6.30623e-06
-7.51339e-07
-6.15274e-06
-1.07596e-06
-5.9386e-06
-1.42797e-06
-5.64581e-06
-1.80218e-06
-5.25427e-06
-2.18061e-06
-4.74653e-06
-2.52779e-06
-4.11438e-06
-2.78984e-06
-3.3687e-06
-2.89939e-06
-2.54935e-06
-2.79086e-06
-1.73255e-06
-2.42637e-06
-1.01875e-06
-1.82893e-06
-4.86363e-07
-1.09906e-06
-1.56955e-07
-3.78281e-07
2.35172e-09
2.28518e-07
2.34384e-08
5.89225e-07
5.64931e-07
5.23684e-08
-5.97258e-07
-1.92783e-08
-3.51508e-07
-1.89786e-07
3.54043e-08
-4.55408e-07
4.25966e-07
-8.37754e-07
8.13934e-07
-1.35862e-06
1.2244e-06
-2.0095e-06
1.66643e-06
-2.73715e-06
2.10062e-06
-3.46532e-06
2.46012e-06
-4.12544e-06
2.6901e-06
-4.67597e-06
2.77141e-06
-5.10748e-06
2.71739e-06
-5.43011e-06
2.55877e-06
-5.6638e-06
2.33016e-06
-5.82835e-06
2.05941e-06
-5.94046e-06
1.769e-06
-6.01147e-06
1.47198e-06
-6.05065e-06
1.17795e-06
-6.06573e-06
8.91159e-07
-6.06259e-06
6.12765e-07
-6.04524e-06
3.40374e-07
-6.02039e-06
7.08776e-08
-5.99126e-06
-2.00782e-07
-5.95937e-06
-4.83397e-07
-5.9245e-06
-7.86202e-07
-5.88173e-06
-1.11873e-06
-5.82032e-06
-1.48939e-06
-5.72087e-06
-1.90163e-06
-5.55301e-06
-2.34847e-06
-5.27723e-06
-2.80358e-06
-4.85355e-06
-3.21351e-06
-4.25647e-06
-3.49647e-06
-3.49125e-06
-3.55608e-06
-2.60975e-06
-3.30787e-06
-1.71938e-06
-2.7193e-06
-9.61324e-07
-1.85712e-06
-4.37262e-07
-9.02343e-07
-1.43857e-07
-6.48879e-08
-2.55012e-08
4.70869e-07
5.39429e-07
-5.71434e-08
-5.40114e-07
-2.37266e-07
-1.71385e-07
-5.10912e-07
3.0905e-07
-8.89013e-07
8.04067e-07
-1.39205e-06
1.31697e-06
-2.01648e-06
1.84883e-06
-2.71518e-06
2.36513e-06
-3.4126e-06
2.79804e-06
-4.03782e-06
3.08534e-06
-4.54735e-06
3.19963e-06
-4.92884e-06
3.15291e-06
-5.19232e-06
2.98087e-06
-5.35803e-06
2.72448e-06
-5.44775e-06
2.41988e-06
-5.48143e-06
2.09309e-06
-5.47552e-06
1.76309e-06
-5.44436e-06
1.44082e-06
-5.39951e-06
1.13311e-06
-5.34982e-06
8.41464e-07
-5.30122e-06
5.64165e-07
-5.25802e-06
2.97176e-07
-5.22225e-06
3.51068e-08
-5.19229e-06
-2.30738e-07
-5.17091e-06
-5.04777e-07
-5.16219e-06
-7.9493e-07
-5.16997e-06
-1.11095e-06
-5.19559e-06
-1.46377e-06
-5.23265e-06
-1.86457e-06
-5.26014e-06
-2.32099e-06
-5.23587e-06
-2.82784e-06
-5.09654e-06
-3.35284e-06
-4.77088e-06
-3.82213e-06
-4.20819e-06
-4.11877e-06
-3.40971e-06
-4.10636e-06
-2.45014e-06
-3.67887e-06
-1.48613e-06
-2.82113e-06
-7.13271e-07
-1.6752e-06
-2.36005e-07
-5.42154e-07
-3.58022e-08
2.70667e-07
5.03627e-07
-1.70295e-07
-3.69819e-07
-4.57887e-07
1.16207e-07
-8.30544e-07
6.81708e-07
-1.30837e-06
1.2819e-06
-1.8946e-06
1.9032e-06
-2.55328e-06
2.50751e-06
-3.21656e-06
3.02841e-06
-3.81316e-06
3.39464e-06
-4.29289e-06
3.56507e-06
-4.6368e-06
3.54353e-06
-4.85233e-06
3.36843e-06
-4.96146e-06
3.09001e-06
-4.99088e-06
2.7539e-06
-4.96596e-06
2.39496e-06
-4.90954e-06
2.03666e-06
-4.83983e-06
1.69339e-06
-4.7702e-06
1.37119e-06
-4.70768e-06
1.07058e-06
-4.6544e-06
7.88189e-07
-4.60906e-06
5.18825e-07
-4.56856e-06
2.56673e-07
-4.53122e-06
-2.23344e-09
-4.49534e-06
-2.66622e-07
-4.46377e-06
-5.36349e-07
-4.44094e-06
-8.1775e-07
-4.43508e-06
-1.11681e-06
-4.45696e-06
-1.44189e-06
-4.51655e-06
-1.80497e-06
-4.61589e-06
-2.22164e-06
-4.73699e-06
-2.70675e-06
-4.82855e-06
-3.26128e-06
-4.80162e-06
-3.84906e-06
-4.54867e-06
-4.37172e-06
-3.99013e-06
-4.6649e-06
-3.12905e-06
-4.53994e-06
-2.08209e-06
-3.8681e-06
-1.08013e-06
-2.67716e-06
-3.75191e-07
-1.24709e-06
-4.99989e-08
-5.45253e-08
4.53628e-07
-2.791e-07
-9.07195e-08
-6.58105e-07
4.95212e-07
-1.11536e-06
1.13896e-06
-1.6627e-06
1.82924e-06
-2.27862e-06
2.51912e-06
-2.90893e-06
3.13781e-06
-3.48513e-06
3.60461e-06
-3.95029e-06
3.8598e-06
-4.27565e-06
3.89043e-06
-4.46359e-06
3.73147e-06
-4.53761e-06
3.44246e-06
-4.52979e-06
3.08218e-06
-4.47213e-06
2.69625e-06
-4.39247e-06
2.3153e-06
-4.31181e-06
1.95601e-06
-4.24251e-06
1.62409e-06
-4.1889e-06
1.31758e-06
-4.14914e-06
1.03082e-06
-4.11843e-06
7.57473e-07
-4.09133e-06
4.91733e-07
-4.06372e-06
2.29062e-07
-4.03204e-06
-3.39183e-08
-3.99772e-06
-3.00941e-07
-3.96009e-06
-5.73976e-07
-3.92196e-06
-8.55879e-07
-3.88927e-06
-1.1495e-06
-3.87225e-06
-1.45892e-06
-3.8861e-06
-1.79112e-06
-3.949e-06
-2.15874e-06
-4.07331e-06
-2.58244e-06
-4.24739e-06
-3.0872e-06
-4.41255e-06
-3.6839e-06
-4.45275e-06
-4.33152e-06
-4.22191e-06
-4.89574e-06
-3.61675e-06
-5.14511e-06
-2.66004e-06
-4.82481e-06
-1.54064e-06
-3.79656e-06
-5.88556e-07
-2.19918e-06
-8.14049e-08
-5.61676e-07
3.72223e-07
-3.6689e-07
2.7617e-07
-8.1992e-07
9.48243e-07
-1.33616e-06
1.6552e-06
-1.91119e-06
2.40428e-06
-2.50997e-06
3.1179e-06
-3.07265e-06
3.70049e-06
-3.53837e-06
4.07033e-06
-3.86699e-06
4.18842e-06
-4.05128e-06
4.07473e-06
-4.11366e-06
3.79385e-06
-4.09052e-06
3.41932e-06
-4.01978e-06
3.01144e-06
-3.93368e-06
2.61014e-06
-3.8547e-06
2.23632e-06
-3.79408e-06
1.89539e-06
-3.75327e-06
1.58328e-06
-3.72788e-06
1.29219e-06
-3.71149e-06
1.01443e-06
-3.69824e-06
7.44223e-07
-3.68389e-06
4.7738e-07
-3.66584e-06
2.11014e-07
-3.64254e-06
-5.72202e-08
-3.61395e-06
-3.29531e-07
-3.57989e-06
-6.0804e-07
-3.54117e-06
-8.94593e-07
-3.50001e-06
-1.19066e-06
-3.46118e-06
-1.49775e-06
-3.43418e-06
-1.81812e-06
-3.4357e-06
-2.15722e-06
-3.48986e-06
-2.52827e-06
-3.61916e-06
-2.9579e-06
-3.81891e-06
-3.48414e-06
-4.02097e-06
-4.12946e-06
-4.07716e-06
-4.83954e-06
-3.80353e-06
-5.41875e-06
-3.0905e-06
-5.53784e-06
-2.01679e-06
-4.87027e-06
-8.95959e-07
-3.32001e-06
-1.70409e-07
-1.28723e-06
2.01814e-07
-4.30278e-07
7.06448e-07
-9.29778e-07
1.44774e-06
-1.47181e-06
2.19723e-06
-2.03872e-06
2.97119e-06
-2.58906e-06
3.66824e-06
-3.06475e-06
4.17618e-06
-3.41575e-06
4.42133e-06
-3.62055e-06
4.39322e-06
-3.6943e-06
4.14847e-06
-3.67483e-06
3.77437e-06
-3.60483e-06
3.34932e-06
-3.52081e-06
2.92741e-06
-3.44731e-06
2.53665e-06
-3.39516e-06
2.18416e-06
-3.36428e-06
1.86451e-06
-3.34875e-06
1.56774e-06
-3.3415e-06
1.28494e-06
-3.33689e-06
1.00982e-06
-3.33123e-06
7.38571e-07
-3.32251e-06
4.68659e-07
-3.30969e-06
1.98196e-07
-3.29227e-06
-7.46412e-08
-3.27005e-06
-3.5175e-07
-3.24301e-06
-6.35087e-07
-3.21128e-06
-9.26322e-07
-3.17525e-06
-1.2267e-06
-3.13603e-06
-1.53696e-06
-3.09677e-06
-1.85738e-06
-3.06531e-06
-2.18868e-06
-3.0584e-06
-2.53518e-06
-3.10447e-06
-2.91184e-06
-3.23466e-06
-3.35395e-06
-3.44801e-06
-3.91611e-06
-3.65804e-06
-4.62951e-06
-3.67428e-06
-5.40251e-06
-3.28158e-06
-5.93054e-06
-2.40478e-06
-5.74706e-06
-1.24602e-06
-4.47877e-06
-2.95277e-07
-2.23796e-06
-9.34626e-08
-4.62481e-07
1.16893e-06
-9.81068e-07
1.96633e-06
-1.51862e-06
2.73478e-06
-2.05131e-06
3.50388e-06
-2.53607e-06
4.153e-06
-2.91974e-06
4.55985e-06
-3.16528e-06
4.66686e-06
-3.27238e-06
4.50033e-06
-3.27432e-06
4.15041e-06
-3.21646e-06
3.71651e-06
-3.13981e-06
3.27267e-06
-3.07233e-06
2.85993e-06
-3.02638e-06
2.4907e-06
-3.0018e-06
2.15958e-06
-2.99216e-06
1.85488e-06
-2.99017e-06
1.56575e-06
-2.99039e-06
1.28516e-06
-2.98964e-06
1.00907e-06
-2.98635e-06
7.35279e-07
-2.97986e-06
4.62167e-07
-2.96991e-06
1.88254e-07
-2.95643e-06
-8.81241e-08
-2.93942e-06
-3.68764e-07
-2.91897e-06
-6.55535e-07
-2.89513e-06
-9.50161e-07
-2.86778e-06
-1.25404e-06
-2.83671e-06
-1.56804e-06
-2.80193e-06
-1.89217e-06
-2.76498e-06
-2.22563e-06
-2.73224e-06
-2.56792e-06
-2.72093e-06
-2.92315e-06
-2.76427e-06
-3.31061e-06
-2.90054e-06
-3.77984e-06
-3.12342e-06
-4.40663e-06
-3.30945e-06
-5.21647e-06
-3.215e-06
-6.02499e-06
-2.62175e-06
-6.34032e-06
-1.5614e-06
-5.53912e-06
-4.5024e-07
-3.34913e-06
-5.43703e-07
-4.64747e-07
1.63368e-06
-9.76268e-07
2.47785e-06
-1.48599e-06
3.2445e-06
-1.96776e-06
3.98565e-06
-2.38009e-06
4.56533e-06
-2.67655e-06
4.85632e-06
-2.83576e-06
4.82607e-06
-2.87677e-06
4.54134e-06
-2.84302e-06
4.11665e-06
-2.77927e-06
3.65277e-06
-2.71849e-06
3.21189e-06
-2.67679e-06
2.81823e-06
-2.65584e-06
2.46975e-06
-2.64963e-06
2.15337e-06
-2.65082e-06
1.85607e-06
-2.65404e-06
1.56897e-06
-2.65631e-06
1.28743e-06
-2.65635e-06
1.00912e-06
-2.65375e-06
7.32674e-07
-2.64843e-06
4.56851e-07
-2.64046e-06
1.80284e-07
-2.62994e-06
-9.86451e-08
-2.61701e-06
-3.81692e-07
-2.60186e-06
-6.70689e-07
-2.58457e-06
-9.67449e-07
-2.56503e-06
-1.27358e-06
-2.54279e-06
-1.59028e-06
-2.51698e-06
-1.91798e-06
-2.48659e-06
-2.25602e-06
-2.4519e-06
-2.60262e-06
-2.41861e-06
-2.95644e-06
-2.40618e-06
-3.32304e-06
-2.45477e-06
-3.73126e-06
-2.60675e-06
-4.25464e-06
-2.83196e-06
-4.99127e-06
-2.94164e-06
-5.91531e-06
-2.64133e-06
-6.64062e-06
-1.78195e-06
-6.3985e-06
-6.38554e-07
-4.49252e-06
-1.18226e-06
-4.42221e-07
2.0759e-06
-9.24305e-07
2.95994e-06
-1.38974e-06
3.70994e-06
-1.81171e-06
4.40761e-06
-2.15188e-06
4.90551e-06
-2.37264e-06
5.07707e-06
-2.46895e-06
4.92238e-06
-2.47295e-06
4.54534e-06
-2.43006e-06
4.07376e-06
-2.3785e-06
3.60121e-06
-2.34042e-06
3.1738e-06
-2.32144e-06
2.79925e-06
-2.31717e-06
2.46549e-06
-2.32057e-06
2.15677e-06
-2.3261e-06
1.86159e-06
-2.33076e-06
1.57363e-06
-2.33335e-06
1.29002e-06
-2.3336e-06
1.00937e-06
-2.33156e-06
7.30631e-07
-2.32738e-06
4.52677e-07
-2.32125e-06
1.74149e-07
-2.31333e-06
-1.06563e-07
-2.30383e-06
-3.91194e-07
-2.29295e-06
-6.81569e-07
-2.28082e-06
-9.79572e-07
-2.26741e-06
-1.28699e-06
-2.25235e-06
-1.60535e-06
-2.23472e-06
-1.93561e-06
-2.21298e-06
-2.27775e-06
-2.18526e-06
-2.63034e-06
-2.1511e-06
-2.9906e-06
-2.11706e-06
-3.35708e-06
-2.10791e-06
-3.74041e-06
-2.17322e-06
-4.18934e-06
-2.34937e-06
-4.81511e-06
-2.54735e-06
-5.71733e-06
-2.48599e-06
-6.70199e-06
-1.87564e-06
-7.00885e-06
-8.00296e-07
-5.56786e-06
-1.98255e-06
-4.00257e-07
2.47615e-06
-8.36692e-07
3.39637e-06
-1.24733e-06
4.12058e-06
-1.60601e-06
4.76629e-06
-1.87929e-06
5.17878e-06
-2.03943e-06
5.23721e-06
-2.09495e-06
4.9779e-06
-2.08372e-06
4.53411e-06
-2.04705e-06
4.0371e-06
-2.01383e-06
3.56799e-06
-1.99609e-06
3.15607e-06
-1.9928e-06
2.79596e-06
-1.9978e-06
2.47049e-06
-2.00542e-06
2.16439e-06
-2.01237e-06
1.86854e-06
-2.01736e-06
1.57861e-06
-2.02013e-06
1.2928e-06
-2.02084e-06
1.01008e-06
-2.01972e-06
7.29511e-07
-2.01699e-06
4.49948e-07
-2.01285e-06
1.70004e-07
-2.00748e-06
-1.1193e-07
-2.00109e-06
-3.97585e-07
-1.99388e-06
-6.88784e-07
-1.986e-06
-9.87451e-07
-1.97747e-06
-1.29551e-06
-1.96804e-06
-1.61478e-06
-1.95693e-06
-1.94671e-06
-1.94271e-06
-2.29197e-06
-1.92311e-06
-2.64994e-06
-1.89555e-06
-3.01816e-06
-1.85972e-06
-3.39291e-06
-1.82562e-06
-3.77452e-06
-1.82804e-06
-4.18691e-06
-1.92526e-06
-4.71789e-06
-2.11855e-06
-5.52404e-06
-2.20855e-06
-6.61199e-06
-1.84107e-06
-7.37634e-06
-9.01641e-07
-6.50729e-06
-2.88419e-06
-3.44362e-07
2.82052e-06
-7.24144e-07
3.77615e-06
-1.07459e-06
4.47103e-06
-1.37059e-06
5.0623e-06
-1.58475e-06
5.39294e-06
-1.69942e-06
5.35188e-06
-1.73163e-06
5.0101e-06
-1.71871e-06
4.5212e-06
-1.69453e-06
4.01291e-06
-1.67862e-06
3.55208e-06
-1.67564e-06
3.15309e-06
-1.68164e-06
2.80195e-06
-1.6911e-06
2.47995e-06
-1.70033e-06
2.17362e-06
-1.70771e-06
1.87592e-06
-1.71293e-06
1.58384e-06
-1.71619e-06
1.29605e-06
-1.71778e-06
1.01167e-06
-1.71798e-06
7.29714e-07
-1.71702e-06
4.48984e-07
-1.71507e-06
1.68055e-07
-1.71231e-06
-1.14689e-07
-1.70892e-06
-4.00974e-07
-1.70508e-06
-6.92627e-07
-1.70094e-06
-9.91586e-07
-1.69657e-06
-1.29988e-06
-1.6918e-06
-1.61956e-06
-1.68603e-06
-1.95248e-06
-1.678e-06
-2.29999e-06
-1.66564e-06
-2.66231e-06
-1.64597e-06
-3.03782e-06
-1.61612e-06
-3.42275e-06
-1.57749e-06
-3.81315e-06
-1.54786e-06
-4.21655e-06
-1.57705e-06
-4.6887e-06
-1.71627e-06
-5.38482e-06
-1.8709e-06
-6.45735e-06
-1.7029e-06
-7.54434e-06
-9.38194e-07
-7.272e-06
-3.82239e-06
-2.7953e-07
3.10005e-06
-5.96098e-07
4.09272e-06
-8.84463e-07
4.75939e-06
-1.12059e-06
5.29843e-06
-1.28426e-06
5.55662e-06
-1.36638e-06
5.434e-06
-1.38716e-06
5.03088e-06
-1.37927e-06
4.51331e-06
-1.36813e-06
4.00177e-06
-1.36555e-06
3.54949e-06
-1.37185e-06
3.15939e-06
-1.38264e-06
2.81274e-06
-1.39391e-06
2.49122e-06
-1.40362e-06
2.18333e-06
-1.4112e-06
1.8835e-06
-1.41682e-06
1.58946e-06
-1.42085e-06
1.30007e-06
-1.42362e-06
1.01444e-06
-1.42542e-06
7.31509e-07
-1.42643e-06
4.5e-07
-1.42683e-06
1.68454e-07
-1.42677e-06
-1.1475e-07
-1.4264e-06
-4.01345e-07
-1.42587e-06
-6.93159e-07
-1.42532e-06
-9.92134e-07
-1.42483e-06
-1.30037e-06
-1.42431e-06
-1.62009e-06
-1.42328e-06
-1.95351e-06
-1.4207e-06
-2.30257e-06
-1.41473e-06
-2.66829e-06
-1.40255e-06
-3.05e-06
-1.38071e-06
-3.44459e-06
-1.34692e-06
-3.84694e-06
-1.3074e-06
-4.25606e-06
-1.29443e-06
-4.70167e-06
-1.37048e-06
-5.30877e-06
-1.52657e-06
-6.30126e-06
-1.49764e-06
-7.57327e-06
-9.19712e-07
-7.84992e-06
-4.7421e-06
-2.09574e-07
3.30962e-06
-4.59692e-07
4.34284e-06
-6.86186e-07
4.98589e-06
-8.66496e-07
5.47873e-06
-9.87651e-07
5.67777e-06
-1.04687e-06
5.49322e-06
-1.06324e-06
5.04724e-06
-1.06254e-06
4.51262e-06
-1.06226e-06
4.00149e-06
-1.06863e-06
3.55586e-06
-1.08004e-06
3.1708e-06
-1.09284e-06
2.82554e-06
-1.10455e-06
2.50293e-06
-1.11424e-06
2.19302e-06
-1.12195e-06
1.89122e-06
-1.12806e-06
1.59557e-06
-1.13299e-06
1.305e-06
-1.13707e-06
1.01853e-06
-1.14057e-06
7.35003e-07
-1.14366e-06
4.53091e-07
-1.14649e-06
1.71289e-07
-1.14922e-06
-1.12028e-07
-1.15195e-06
-3.98605e-07
-1.15483e-06
-6.90284e-07
-1.15796e-06
-9.89005e-07
-1.16142e-06
-1.29691e-06
-1.16514e-06
-1.61636e-06
-1.16878e-06
-1.94987e-06
-1.17148e-06
-2.29987e-06
-1.17162e-06
-2.66815e-06
-1.16665e-06
-3.05497e-06
-1.15318e-06
-3.45807e-06
-1.12776e-06
-3.87236e-06
-1.09068e-06
-4.29315e-06
-1.05922e-06
-4.73313e-06
-1.08601e-06
-5.28198e-06
-1.21179e-06
-6.17549e-06
-1.2632e-06
-7.52186e-06
-8.63317e-07
-8.2498e-06
-5.60542e-06
-1.37468e-07
3.44709e-06
-3.19967e-07
4.52534e-06
-4.86072e-07
5.15199e-06
-6.14472e-07
5.60713e-06
-6.99506e-07
5.7628e-06
-7.42511e-07
5.53623e-06
-7.57985e-07
5.06271e-06
-7.64161e-07
4.51879e-06
-7.7179e-07
4.00912e-06
-7.83476e-07
3.56754e-06
-7.97166e-07
3.18449e-06
-8.10343e-07
2.83872e-06
-8.21715e-07
2.5143e-06
-8.31098e-07
2.20241e-06
-8.38833e-07
1.89895e-06
-8.45388e-07
1.60212e-06
-8.51182e-07
1.31079e-06
-8.56542e-07
1.02389e-06
-8.61711e-07
7.40171e-07
-8.66871e-07
4.58251e-07
-8.7217e-07
1.76588e-07
-8.77744e-07
-1.06453e-07
-8.8372e-07
-3.9263e-07
-8.9019e-07
-6.83814e-07
-8.9724e-07
-9.81955e-07
-9.04921e-07
-1.28923e-06
-9.13188e-07
-1.60809e-06
-9.21772e-07
-1.94129e-06
-9.29976e-07
-2.29166e-06
-9.36413e-07
-2.66171e-06
-9.38791e-07
-3.05259e-06
-9.33942e-07
-3.46292e-06
-9.1831e-07
-3.88799e-06
-8.89723e-07
-4.32173e-06
-8.55774e-07
-4.76708e-06
-8.53732e-07
-5.28402e-06
-9.4317e-07
-6.08605e-06
-1.02943e-06
-7.4356e-06
-7.83337e-07
-8.49589e-06
-6.38875e-06
-6.48901e-08
3.51198e-06
-1.79871e-07
4.64032e-06
-2.87912e-07
5.26003e-06
-3.67624e-07
5.68685e-06
-4.20877e-07
5.81606e-06
-4.51764e-07
5.56711e-06
-4.67727e-07
5.07867e-06
-4.79502e-07
4.53057e-06
-4.92419e-07
4.02204e-06
-5.06857e-07
3.58198e-06
-5.21061e-07
3.19869e-06
-5.3363e-07
2.85129e-06
-5.4417e-07
2.52484e-06
-5.52961e-07
2.2112e-06
-5.60515e-07
1.90651e-06
-5.67332e-07
1.60894e-06
-5.73824e-07
1.31729e-06
-5.8031e-07
1.03037e-06
-5.87034e-07
7.46895e-07
-5.9419e-07
4.65408e-07
-6.01937e-07
1.84335e-07
-6.10415e-07
-9.79747e-08
-6.19759e-07
-3.83286e-07
-6.30053e-07
-6.7352e-07
-6.41349e-07
-9.70659e-07
-6.53672e-07
-1.27691e-06
-6.66969e-07
-1.5948e-06
-6.81016e-07
-1.92724e-06
-6.95246e-07
-2.27743e-06
-7.08487e-07
-2.64847e-06
-7.18721e-07
-3.04236e-06
-7.23028e-07
-3.45861e-06
-7.18047e-07
-3.89297e-06
-7.00948e-07
-4.33883e-06
-6.74179e-07
-4.79385e-06
-6.61556e-07
-5.29664e-06
-7.22809e-07
-6.0248e-06
-8.14077e-07
-7.34433e-06
-6.90128e-07
-8.61984e-06
-7.07888e-06
8.39347e-09
3.50358e-06
-4.0776e-08
4.68949e-06
-9.28952e-08
5.31215e-06
-1.27837e-07
5.72179e-06
-1.51814e-07
5.84003e-06
-1.7194e-07
5.58724e-06
-1.88074e-07
5.09481e-06
-2.04079e-07
4.54657e-06
-2.20509e-07
4.03847e-06
-2.36194e-07
3.59767e-06
-2.4992e-07
3.21242e-06
-2.61288e-07
2.86266e-06
-2.70601e-07
2.53416e-06
-2.78478e-07
2.21908e-06
-2.85551e-07
1.91358e-06
-2.92344e-07
1.61573e-06
-2.99269e-07
1.32421e-06
-3.0665e-07
1.03776e-06
-3.1475e-07
7.54994e-07
-3.23784e-07
4.74442e-07
-3.33934e-07
1.94485e-07
-3.45352e-07
-8.65571e-08
-3.58184e-07
-3.70454e-07
-3.72524e-07
-6.5918e-07
-3.88405e-07
-9.54779e-07
-4.05827e-07
-1.25948e-06
-4.24726e-07
-1.5759e-06
-4.44896e-07
-1.90707e-06
-4.65857e-07
-2.25647e-06
-4.86623e-07
-2.6277e-06
-5.05446e-07
-3.02354e-06
-5.19692e-07
-3.44436e-06
-5.26256e-07
-3.8864e-06
-5.22452e-07
-4.34264e-06
-5.08568e-07
-4.80773e-06
-4.99306e-07
-5.30591e-06
-5.45174e-07
-5.97893e-06
-6.29437e-07
-7.26007e-06
-5.86484e-07
-8.66279e-06
-7.66537e-06
8.09973e-08
3.42259e-06
9.72016e-08
4.67328e-06
9.81132e-08
5.31124e-06
1.05221e-07
5.71468e-06
1.1001e-07
5.83524e-06
1.00751e-07
5.5965e-06
8.49647e-08
5.11059e-06
6.58807e-08
4.56566e-06
4.7026e-08
4.05732e-06
3.08306e-08
3.61386e-06
1.80392e-08
3.22521e-06
8.20561e-09
2.87249e-06
4.36104e-10
2.54193e-06
-6.18814e-09
2.2257e-06
-1.24213e-08
1.91981e-06
-1.88349e-08
1.62214e-06
-2.58652e-08
1.33124e-06
-3.38605e-08
1.04575e-06
-4.31121e-08
7.64246e-07
-5.38654e-08
4.85195e-07
-6.63317e-08
2.06951e-07
-8.0691e-08
-7.21978e-08
-9.71086e-08
-3.54036e-07
-1.15701e-07
-6.40587e-07
-1.36487e-07
-9.33993e-07
-1.5946e-07
-1.23651e-06
-1.84546e-07
-1.55081e-06
-2.11548e-07
-1.88007e-06
-2.40038e-07
-2.22798e-06
-2.69178e-07
-2.59856e-06
-2.97479e-07
-2.99523e-06
-3.22623e-07
-3.41922e-06
-3.41759e-07
-3.86727e-06
-3.52517e-07
-4.33188e-06
-3.54593e-07
-4.80566e-06
-3.57976e-07
-5.30252e-06
-4.01269e-07
-5.93563e-06
-4.83605e-07
-7.17774e-06
-4.76613e-07
-8.66979e-06
-8.14198e-06
1.55583e-07
3.267e-06
2.34097e-07
4.59477e-06
2.85083e-07
5.26025e-06
3.32951e-07
5.66681e-06
3.66305e-07
5.80189e-06
3.70184e-07
5.59262e-06
3.55099e-07
5.12568e-06
3.33467e-07
4.58729e-06
3.12652e-07
4.07814e-06
2.96212e-07
3.6303e-06
2.84526e-07
3.2369e-06
2.76413e-07
2.88061e-06
2.70445e-07
2.54789e-06
2.65411e-07
2.23073e-06
2.60401e-07
1.92482e-06
2.54759e-07
1.62779e-06
2.47997e-07
1.338e-06
2.39718e-07
1.05403e-06
2.29588e-07
7.74376e-07
2.17318e-07
4.97465e-07
2.02659e-07
2.21611e-07
1.85392e-07
-5.49307e-08
1.65338e-07
-3.33983e-07
1.42347e-07
-6.17596e-07
1.16381e-07
-9.08027e-07
8.74402e-08
-1.20757e-06
5.56043e-08
-1.51898e-06
2.10834e-08
-1.84555e-06
-1.5728e-08
-2.19117e-06
-5.41235e-08
-2.56017e-06
-9.28628e-08
-2.95649e-06
-1.29969e-07
-3.38211e-06
-1.62937e-07
-3.8343e-06
-1.89585e-07
-4.30523e-06
-2.09541e-07
-4.7857e-06
-2.30514e-07
-5.28155e-06
-2.81298e-07
-5.88485e-06
-3.7226e-07
-7.08677e-06
-3.75713e-07
-8.66633e-06
-8.51769e-06
2.30661e-07
3.03634e-06
3.69716e-07
4.45571e-06
4.68226e-07
5.16174e-06
5.54828e-07
5.58021e-06
6.17052e-07
5.73967e-06
6.37936e-07
5.57174e-06
6.25899e-07
5.13772e-06
6.02233e-07
4.61096e-06
5.7929e-07
4.10108e-06
5.6222e-07
3.64737e-06
5.51348e-07
3.24777e-06
5.44896e-07
2.88706e-06
5.40893e-07
2.5519e-06
5.37765e-07
2.23386e-06
5.34383e-07
1.9282e-06
5.29953e-07
1.63222e-06
5.23888e-07
1.34407e-06
5.15723e-07
1.06219e-06
5.05059e-07
7.8504e-07
4.91552e-07
5.10972e-07
4.74895e-07
2.38268e-07
4.5482e-07
-3.4856e-08
4.31128e-07
-3.10291e-07
4.03641e-07
-5.90108e-07
3.72258e-07
-8.76643e-07
3.36964e-07
-1.17228e-06
2.97857e-07
-1.47987e-06
2.55169e-07
-1.80286e-06
2.09278e-07
-2.14528e-06
1.60784e-07
-2.51167e-06
1.10687e-07
-2.9064e-06
6.06316e-08
-3.33206e-06
1.27539e-08
-3.78642e-06
-3.1408e-08
-4.26107e-06
-7.08641e-08
-4.74624e-06
-1.12091e-07
-5.24032e-06
-1.77713e-07
-5.81923e-06
-2.83185e-07
-6.9813e-06
-2.96462e-07
-8.65306e-06
-8.81415e-06
3.01338e-07
2.735e-06
5.02788e-07
4.25426e-06
6.46699e-07
5.01783e-06
7.70175e-07
5.45673e-06
8.63098e-07
5.64674e-06
9.04464e-07
5.53037e-06
8.99657e-07
5.14252e-06
8.75275e-07
4.63534e-06
8.49831e-07
4.12653e-06
8.31274e-07
3.66593e-06
8.20511e-07
3.25853e-06
8.15393e-07
2.89217e-06
8.13376e-07
2.55391e-06
8.12421e-07
2.23482e-06
8.11075e-07
1.92955e-06
8.08325e-07
1.63497e-06
8.03435e-07
1.34896e-06
7.9583e-07
1.0698e-06
7.85027e-07
7.95842e-07
7.70609e-07
5.25391e-07
7.52208e-07
2.56669e-07
7.29499e-07
-1.21468e-08
7.02235e-07
-2.83028e-07
6.70198e-07
-5.58071e-07
6.33226e-07
-8.39671e-07
5.91299e-07
-1.13035e-06
5.44525e-07
-1.43309e-06
4.93123e-07
-1.75146e-06
4.37439e-07
-2.08959e-06
3.78019e-07
-2.45225e-06
3.15646e-07
-2.84402e-06
2.5154e-07
-3.26795e-06
1.87282e-07
-3.72216e-06
1.24517e-07
-4.1983e-06
6.32627e-08
-4.68499e-06
-2.92466e-09
-5.17414e-06
-8.71775e-08
-5.73498e-06
-2.07324e-07
-6.86116e-06
-2.3968e-07
-8.6207e-06
-9.05383e-06
3.61108e-07
2.3739e-06
6.28001e-07
3.98737e-06
8.18395e-07
4.82744e-06
9.7758e-07
5.29755e-06
1.1026e-06
5.52172e-06
1.16911e-06
5.46385e-06
1.17716e-06
5.13447e-06
1.15489e-06
4.65761e-06
1.12714e-06
4.15428e-06
1.10613e-06
3.68694e-06
1.09442e-06
3.27024e-06
1.08997e-06
2.89662e-06
1.08973e-06
2.55416e-06
1.09108e-06
2.23346e-06
1.09212e-06
1.92851e-06
1.09152e-06
1.63557e-06
1.08831e-06
1.35217e-06
1.08176e-06
1.07635e-06
1.07127e-06
8.06332e-07
1.05633e-06
5.40332e-07
1.0365e-06
2.76506e-07
1.01138e-06
1.29702e-08
9.80663e-07
-2.52312e-07
9.44093e-07
-5.21502e-07
9.01472e-07
-7.9705e-07
8.52761e-07
-1.08164e-06
7.98034e-07
-1.37837e-06
7.37483e-07
-1.6909e-06
6.71439e-07
-2.02355e-06
6.00387e-07
-2.3812e-06
5.24891e-07
-2.76853e-06
4.45771e-07
-3.18883e-06
3.6412e-07
-3.64051e-06
2.80962e-07
-4.11515e-06
1.96419e-07
-4.60045e-06
1.0747e-07
-5.08519e-06
-1.4036e-09
-5.6261e-06
-1.39541e-07
-6.72302e-06
-1.99555e-07
-8.56069e-06
-9.25339e-06
4.03031e-07
1.97086e-06
7.3725e-07
3.65315e-06
9.78905e-07
4.58578e-06
1.17406e-06
5.1024e-06
1.33181e-06
5.36397e-06
1.42859e-06
5.36707e-06
1.45691e-06
5.10616e-06
1.44196e-06
4.67257e-06
1.41357e-06
4.18267e-06
1.38961e-06
3.7109e-06
1.37581e-06
3.28405e-06
1.37107e-06
2.90136e-06
1.37211e-06
2.55312e-06
1.37571e-06
2.22987e-06
1.37938e-06
1.92483e-06
1.38135e-06
1.6336e-06
1.38033e-06
1.35319e-06
1.37536e-06
1.08132e-06
1.36569e-06
8.16006e-07
1.35067e-06
5.55345e-07
1.32979e-06
2.9739e-07
1.30257e-06
4.01847e-08
1.26864e-06
-2.18374e-07
1.22767e-06
-4.80538e-07
1.17945e-06
-7.48831e-07
1.1239e-06
-1.02609e-06
1.06106e-06
-1.31553e-06
9.9111e-07
-1.62095e-06
9.14308e-07
-1.94675e-06
8.30986e-07
-2.29788e-06
7.41498e-07
-2.67904e-06
6.46271e-07
-3.0936e-06
5.4586e-07
-3.5401e-06
4.40655e-07
-4.00994e-06
3.30668e-07
-4.49046e-06
2.1298e-07
-4.9675e-06
7.62791e-08
-5.4894e-06
-8.03533e-08
-6.56639e-06
-1.70176e-07
-8.47086e-06
-9.42356e-06
4.21192e-07
1.54967e-06
8.2081e-07
3.25353e-06
1.11979e-06
4.28681e-06
1.35433e-06
4.86785e-06
1.54595e-06
5.17235e-06
1.67758e-06
5.23544e-06
1.73471e-06
5.04903e-06
1.73513e-06
4.67214e-06
1.7105e-06
4.2073e-06
1.68461e-06
3.73678e-06
1.66801e-06
3.30065e-06
1.66189e-06
2.90748e-06
1.6634e-06
2.55162e-06
1.66887e-06
2.22439e-06
1.67519e-06
1.91851e-06
1.68002e-06
1.62878e-06
1.68162e-06
1.35158e-06
1.67875e-06
1.08419e-06
1.67042e-06
8.24338e-07
1.65584e-06
5.69921e-07
1.63437e-06
3.1886e-07
1.60547e-06
6.9091e-08
1.56865e-06
-1.81562e-07
1.52357e-06
-4.35455e-07
1.46995e-06
-6.95213e-07
1.40768e-06
-9.63815e-07
1.33675e-06
-1.24459e-06
1.25726e-06
-1.54147e-06
1.16938e-06
-1.85887e-06
1.07327e-06
-2.20177e-06
9.68954e-07
-2.57472e-06
8.56366e-07
-2.98102e-06
7.35509e-07
-3.41925e-06
6.0627e-07
-3.8807e-06
4.68261e-07
-4.35245e-06
3.18982e-07
-4.81822e-06
1.52729e-07
-5.32315e-06
-2.82114e-08
-6.38545e-06
-1.48092e-07
-8.35098e-06
-9.57166e-06
4.12305e-07
1.13737e-06
8.67667e-07
2.79817e-06
1.22985e-06
3.92463e-06
1.5101e-06
4.5876e-06
1.73768e-06
4.94477e-06
1.9076e-06
5.06552e-06
2.00238e-06
4.95425e-06
2.02929e-06
4.64523e-06
2.01683e-06
4.21975e-06
1.99312e-06
3.7605e-06
1.97459e-06
3.31918e-06
1.96646e-06
2.91561e-06
1.96749e-06
2.55059e-06
1.97415e-06
2.21773e-06
1.98282e-06
1.90984e-06
1.99053e-06
1.62107e-06
1.99503e-06
1.34707e-06
1.99466e-06
1.08456e-06
1.98816e-06
8.30838e-07
1.97454e-06
5.83546e-07
1.953e-06
3.40399e-07
1.9229e-06
9.91907e-08
1.88368e-06
-1.42342e-07
1.8349e-06
-3.86678e-07
1.77627e-06
-6.36576e-07
1.70758e-06
-8.95131e-07
1.62875e-06
-1.16576e-06
1.53977e-06
-1.45249e-06
1.44062e-06
-1.75972e-06
1.33117e-06
-2.09232e-06
1.21104e-06
-2.45459e-06
1.07967e-06
-2.84965e-06
9.36338e-07
-3.27591e-06
7.80438e-07
-3.7248e-06
6.11218e-07
-4.18323e-06
4.26906e-07
-4.63391e-06
2.27571e-07
-5.12381e-06
1.86835e-08
-6.17656e-06
-1.31082e-07
-8.20122e-06
-9.70274e-06
3.76636e-07
7.60731e-07
8.69484e-07
2.30532e-06
1.29614e-06
3.49797e-06
1.63005e-06
4.2537e-06
1.89851e-06
4.67631e-06
2.10945e-06
4.85458e-06
2.24909e-06
4.81461e-06
2.31489e-06
4.57943e-06
2.32719e-06
4.20746e-06
2.31444e-06
3.77325e-06
2.29829e-06
3.33532e-06
2.28929e-06
2.92461e-06
2.28947e-06
2.55041e-06
2.29655e-06
2.21065e-06
2.30694e-06
1.89945e-06
2.31721e-06
1.61079e-06
2.32459e-06
1.33969e-06
2.32694e-06
1.08221e-06
2.32262e-06
8.35154e-07
2.3104e-06
5.95768e-07
2.2893e-06
3.61494e-07
2.25855e-06
1.29946e-07
2.21748e-06
-1.01272e-07
2.1656e-06
-3.34798e-07
2.1025e-06
-5.73476e-07
2.02786e-06
-8.20489e-07
1.94147e-06
-1.07938e-06
1.84313e-06
-1.35415e-06
1.73252e-06
-1.64911e-06
1.60907e-06
-1.96887e-06
1.47193e-06
-2.31744e-06
1.31986e-06
-2.69758e-06
1.15136e-06
-3.10741e-06
9.65411e-07
-3.53885e-06
7.6108e-07
-3.9789e-06
5.37736e-07
-4.41056e-06
3.02836e-07
-4.88891e-06
6.7748e-08
-5.94147e-06
-1.16933e-07
-8.01654e-06
-9.81967e-06
3.17507e-07
4.43224e-07
8.22787e-07
1.80004e-06
1.30685e-06
3.0139e-06
1.69938e-06
3.86117e-06
2.01504e-06
4.36066e-06
2.27072e-06
4.5989e-06
2.46078e-06
4.62455e-06
2.57741e-06
4.46279e-06
2.63017e-06
4.1547e-06
2.6426e-06
3.76083e-06
2.63854e-06
3.33938e-06
2.63373e-06
2.92942e-06
2.63486e-06
2.54928e-06
2.64245e-06
2.20306e-06
2.65404e-06
1.88786e-06
2.66633e-06
1.5985e-06
2.67622e-06
1.3298e-06
2.68116e-06
1.07728e-06
2.67912e-06
8.37188e-07
2.66858e-06
6.06311e-07
2.64834e-06
3.81734e-07
2.61743e-06
1.60859e-07
2.57508e-06
-5.89289e-08
2.52072e-06
-2.80431e-07
2.45377e-06
-5.06531e-07
2.37375e-06
-7.40466e-07
2.28021e-06
-9.85836e-07
2.17258e-06
-1.24653e-06
2.05009e-06
-1.52661e-06
1.91164e-06
-1.83042e-06
1.75571e-06
-2.16151e-06
1.58031e-06
-2.52219e-06
1.38317e-06
-2.91027e-06
1.16304e-06
-3.31873e-06
9.18901e-07
-3.73476e-06
6.51959e-07
-4.14362e-06
3.78598e-07
-4.61555e-06
1.14846e-07
-5.67772e-06
-1.05098e-07
-7.79659e-06
-9.92477e-06
2.40326e-07
2.02898e-07
7.29678e-07
1.31069e-06
1.25169e-06
2.49189e-06
1.70344e-06
3.40942e-06
2.07245e-06
3.99165e-06
2.37723e-06
4.29411e-06
2.62167e-06
4.38012e-06
2.79848e-06
4.28598e-06
2.90769e-06
4.04548e-06
2.96368e-06
3.70484e-06
2.98772e-06
3.31533e-06
2.99834e-06
2.91881e-06
3.0069e-06
2.54072e-06
3.01798e-06
2.19198e-06
3.03169e-06
1.87415e-06
3.04595e-06
1.58424e-06
3.05799e-06
1.31776e-06
3.06517e-06
1.0701e-06
3.06523e-06
8.37122e-07
3.05638e-06
6.15164e-07
3.03716e-06
4.00954e-07
3.00642e-06
1.91597e-07
2.96328e-06
-1.57893e-08
2.90696e-06
-2.24112e-07
2.83668e-06
-4.3625e-07
2.75166e-06
-6.5545e-07
2.65106e-06
-8.85232e-07
2.53378e-06
-1.12925e-06
2.39847e-06
-1.3913e-06
2.24333e-06
-1.67528e-06
2.06604e-06
-1.98422e-06
1.86368e-06
-2.31984e-06
1.63343e-06
-2.68002e-06
1.3741e-06
-3.05939e-06
1.08468e-06
-3.44534e-06
7.69968e-07
-3.82891e-06
4.56454e-07
-4.30204e-06
1.64678e-07
-5.38594e-06
-9.26076e-08
-7.53931e-06
-1.00174e-05
1.70122e-07
3.27761e-08
6.06436e-07
8.74377e-07
1.13018e-06
1.96815e-06
1.6281e-06
2.9115e-06
2.05293e-06
3.56682e-06
2.41163e-06
3.93542e-06
2.71404e-06
4.07771e-06
2.95715e-06
4.04287e-06
3.13607e-06
3.86657e-06
3.25495e-06
3.58596e-06
3.32785e-06
3.24243e-06
3.37195e-06
2.87471e-06
3.40129e-06
2.51138e-06
3.42448e-06
2.1688e-06
3.44517e-06
1.85345e-06
3.46375e-06
1.56566e-06
3.47886e-06
1.30265e-06
3.48849e-06
1.06048e-06
3.49059e-06
8.35022e-07
3.48331e-06
6.22442e-07
3.46504e-06
4.19221e-07
3.43449e-06
2.2215e-07
3.39059e-06
2.81131e-08
3.33231e-06
-1.65835e-07
3.25862e-06
-3.6256e-07
3.16828e-06
-5.65114e-07
3.05985e-06
-7.76798e-07
2.93166e-06
-1.00106e-06
2.78165e-06
-1.24129e-06
2.60716e-06
-1.50079e-06
2.40489e-06
-1.78194e-06
2.17102e-06
-2.08597e-06
1.90257e-06
-2.41157e-06
1.59816e-06
-2.75499e-06
1.25738e-06
-3.10456e-06
8.9142e-07
-3.46295e-06
5.37624e-07
-3.94824e-06
2.20197e-07
-5.06851e-06
-7.69174e-08
-7.24219e-06
-1.00943e-05
1.20516e-07
-8.77397e-08
4.71075e-07
5.23818e-07
9.52073e-07
1.48715e-06
1.46488e-06
2.39869e-06
1.93859e-06
3.0931e-06
2.35428e-06
3.51973e-06
2.71847e-06
3.71351e-06
3.03191e-06
3.72943e-06
3.28886e-06
3.60962e-06
3.48638e-06
3.38844e-06
3.62941e-06
3.09939e-06
3.72942e-06
2.7747e-06
3.79955e-06
2.44126e-06
3.85058e-06
2.11776e-06
3.88949e-06
1.81454e-06
3.91978e-06
1.53538e-06
3.94245e-06
1.27998e-06
3.95705e-06
1.04588e-06
3.96245e-06
8.29627e-07
3.95724e-06
6.27645e-07
3.94001e-06
4.36456e-07
3.9094e-06
2.52756e-07
3.86416e-06
7.33527e-08
3.80301e-06
-1.04681e-07
3.72463e-06
-2.84184e-07
3.62738e-06
-4.67867e-07
3.50925e-06
-6.58662e-07
3.36783e-06
-8.59643e-07
3.20019e-06
-1.07365e-06
3.00267e-06
-1.30327e-06
2.77117e-06
-1.55044e-06
2.5014e-06
-1.81619e-06
2.19003e-06
-2.1002e-06
1.83466e-06
-2.39962e-06
1.43754e-06
-2.70744e-06
1.01898e-06
-3.04439e-06
6.25534e-07
-3.5548e-06
2.83628e-07
-4.72661e-06
-5.88382e-08
-6.89973e-06
-1.01531e-05
8.78165e-08
-1.75556e-07
3.35394e-07
2.76241e-07
7.31648e-07
1.0909e-06
1.21491e-06
1.91543e-06
1.71496e-06
2.59305e-06
2.1859e-06
3.04879e-06
2.61532e-06
3.28409e-06
3.00195e-06
3.3428e-06
3.34072e-06
3.27084e-06
3.62546e-06
3.10371e-06
3.85422e-06
2.87063e-06
4.03109e-06
2.59783e-06
4.16465e-06
2.3077e-06
4.26464e-06
2.01777e-06
4.33948e-06
1.7397e-06
4.39517e-06
1.47969e-06
4.43534e-06
1.23982e-06
4.46172e-06
1.01949e-06
4.47478e-06
8.16568e-07
4.47419e-06
6.28229e-07
4.45921e-06
4.5144e-07
4.42878e-06
2.83187e-07
4.38165e-06
1.20476e-07
4.31635e-06
-3.93784e-08
4.23142e-06
-1.99252e-07
4.12488e-06
-3.61327e-07
3.99427e-06
-5.28048e-07
3.83641e-06
-7.01782e-07
3.6476e-06
-8.84843e-07
3.42352e-06
-1.07919e-06
3.15952e-06
-1.28644e-06
2.85074e-06
-1.50741e-06
2.49317e-06
-1.74263e-06
2.08458e-06
-1.99103e-06
1.6329e-06
-2.25576e-06
1.16737e-06
-2.57885e-06
7.39011e-07
-3.12644e-06
3.68266e-07
-4.35586e-06
-2.97154e-08
-6.50174e-06
-1.01828e-05
5.57178e-08
-2.31274e-07
1.86359e-07
1.45599e-07
4.67264e-07
8.09992e-07
8.82706e-07
1.49999e-06
1.37736e-06
2.09839e-06
1.89117e-06
2.53499e-06
2.38675e-06
2.78851e-06
2.8492e-06
2.88036e-06
3.2709e-06
2.84914e-06
3.64457e-06
2.73003e-06
3.96476e-06
2.55045e-06
4.23039e-06
2.3322e-06
4.44467e-06
2.09342e-06
4.61369e-06
1.84875e-06
4.74455e-06
1.60884e-06
4.84379e-06
1.38045e-06
4.91661e-06
1.167e-06
4.96667e-06
9.69432e-07
4.99622e-06
7.87016e-07
5.00647e-06
6.17983e-07
4.9978e-06
4.60113e-07
4.96985e-06
3.11136e-07
4.92175e-06
1.68572e-07
4.85206e-06
3.0312e-08
4.75935e-06
-1.06539e-07
4.64147e-06
-2.43454e-07
4.49593e-06
-3.82501e-07
4.31938e-06
-5.25232e-07
4.10768e-06
-6.73143e-07
3.85589e-06
-8.27401e-07
3.5588e-06
-9.8935e-07
3.21122e-06
-1.15984e-06
2.80964e-06
-1.34104e-06
2.35551e-06
-1.5369e-06
1.86476e-06
-1.76501e-06
1.37324e-06
-2.08733e-06
9.27887e-07
-2.68109e-06
5.17303e-07
-3.94528e-06
3.06356e-08
-6.01508e-06
-1.01522e-05
-4.92074e-08
-1.82066e-07
-3.40404e-08
1.30432e-07
1.28137e-07
6.47815e-07
4.63157e-07
1.16497e-06
9.29498e-07
1.63205e-06
1.46653e-06
1.99795e-06
2.02183e-06
2.23321e-06
2.56039e-06
2.34179e-06
3.0639e-06
2.34564e-06
3.52295e-06
2.27098e-06
3.9312e-06
2.1422e-06
4.28532e-06
1.97807e-06
4.58499e-06
1.79375e-06
4.83274e-06
1.601e-06
5.03303e-06
1.40855e-06
5.19107e-06
1.22241e-06
5.31188e-06
1.0462e-06
5.39976e-06
8.81549e-07
5.45809e-06
7.28692e-07
5.48929e-06
5.86778e-07
5.49487e-06
4.54538e-07
5.47545e-06
3.30553e-07
5.43091e-06
2.13115e-07
5.36071e-06
1.00504e-07
5.26324e-06
-9.05966e-09
5.13666e-06
-1.16882e-07
4.97875e-06
-2.24585e-07
4.78621e-06
-3.32696e-07
4.55509e-06
-4.42024e-07
4.28057e-06
-5.52883e-07
3.95772e-06
-6.66496e-07
3.58246e-06
-7.8458e-07
3.15379e-06
-9.12366e-07
2.67824e-06
-1.06135e-06
2.17862e-06
-1.26539e-06
1.6943e-06
-1.60301e-06
1.26005e-06
-2.24684e-06
7.98471e-07
-3.4837e-06
1.73804e-07
-5.39041e-06
-9.97841e-06
-2.94409e-07
1.12343e-07
-4.47283e-07
2.83306e-07
-3.55853e-07
5.56385e-07
-6.71388e-08
8.76258e-07
3.76388e-07
1.18853e-06
9.30429e-07
1.44391e-06
1.53528e-06
1.62836e-06
2.14491e-06
1.73217e-06
2.72779e-06
1.76276e-06
3.26662e-06
1.73215e-06
3.75364e-06
1.65519e-06
4.18525e-06
1.54646e-06
4.56057e-06
1.41843e-06
4.8808e-06
1.28077e-06
5.14866e-06
1.14069e-06
5.36778e-06
1.00329e-06
5.54214e-06
8.71829e-07
5.67568e-06
7.48007e-07
5.77195e-06
6.32424e-07
5.83377e-06
5.2496e-07
5.86314e-06
4.25166e-07
5.86154e-06
3.32153e-07
5.82981e-06
2.44851e-07
5.76815e-06
1.62159e-07
5.67608e-06
8.30091e-08
5.55203e-06
7.1726e-09
5.39538e-06
-6.79375e-08
5.20331e-06
-1.40623e-07
4.97231e-06
-2.11032e-07
4.69953e-06
-2.80104e-07
4.38223e-06
-3.49188e-07
4.01856e-06
-4.20909e-07
3.60905e-06
-5.02862e-07
3.16302e-06
-6.15323e-07
2.70007e-06
-8.02434e-07
2.24314e-06
-1.14608e-06
1.79315e-06
-1.79685e-06
1.22287e-06
-2.91343e-06
4.4424e-07
-4.61178e-06
-9.53417e-06
-5.6212e-07
6.74463e-07
-8.44952e-07
5.66138e-07
-8.87798e-07
5.99231e-07
-6.815e-07
6.69959e-07
-2.60186e-07
7.67213e-07
3.05027e-07
8.78696e-07
9.50216e-07
9.83168e-07
1.6176e-06
1.06478e-06
2.26942e-06
1.11094e-06
2.88163e-06
1.11993e-06
3.44154e-06
1.09528e-06
3.94358e-06
1.04443e-06
4.38629e-06
9.7572e-07
4.77055e-06
8.96499e-07
5.09873e-06
8.12517e-07
5.37406e-06
7.2796e-07
5.60023e-06
6.45655e-07
5.78097e-06
5.67272e-07
5.91967e-06
4.93716e-07
6.01937e-06
4.25266e-07
6.08285e-06
3.61687e-07
6.1124e-06
3.02599e-07
6.10974e-06
2.47508e-07
6.07603e-06
1.95875e-07
6.01182e-06
1.47222e-07
5.91785e-06
1.01135e-07
5.7931e-06
5.68164e-08
5.63963e-06
1.28466e-08
5.45696e-06
-2.8364e-08
5.24656e-06
-6.97002e-08
5.00967e-06
-1.12303e-07
4.7474e-06
-1.58635e-07
4.45978e-06
-2.15239e-07
4.14198e-06
-2.97531e-07
3.77534e-06
-4.3579e-07
3.3245e-06
-6.95247e-07
2.71036e-06
-1.1827e-06
1.80266e-06
-2.00573e-06
7.8973e-07
-3.59885e-06
-8.74444e-06
-7.44804e-07
1.41927e-06
-1.05616e-06
8.77492e-07
-9.75459e-07
5.18532e-07
-6.81279e-07
3.75779e-07
-2.46803e-07
3.32737e-07
2.93076e-07
3.38816e-07
9.0016e-07
3.76085e-07
1.53909e-06
4.2585e-07
2.18327e-06
4.66764e-07
2.81115e-06
4.92044e-07
3.40643e-06
5.00007e-07
3.9583e-06
4.92555e-07
4.46075e-06
4.73268e-07
4.91132e-06
4.45932e-07
5.31004e-06
4.13798e-07
5.65861e-06
3.79387e-07
5.9598e-06
3.44469e-07
6.21678e-06
3.10291e-07
6.43298e-06
2.7752e-07
6.61178e-06
2.46467e-07
6.75626e-06
2.17204e-07
6.86917e-06
1.89685e-07
6.95291e-06
1.63767e-07
7.00953e-06
1.39259e-07
7.0408e-06
1.15948e-07
7.04835e-06
9.35885e-08
7.03327e-06
7.18997e-08
6.9954e-06
5.07121e-08
6.93678e-06
3.02583e-08
6.85712e-06
9.95782e-09
6.75693e-06
-1.21066e-08
6.63554e-06
-3.72467e-08
6.48799e-06
-6.76951e-08
6.29874e-06
-1.08275e-07
6.02567e-06
-1.62719e-07
5.5676e-06
-2.37177e-07
4.72286e-06
-3.37968e-07
3.2995e-06
-5.82368e-07
1.58965e-06
-1.88899e-06
-7.15479e-06
1.41927e-06
2.29676e-06
2.81529e-06
3.19107e-06
3.52381e-06
3.86262e-06
4.23871e-06
4.66456e-06
5.13132e-06
5.62337e-06
6.12337e-06
6.61593e-06
7.0892e-06
7.53513e-06
7.94893e-06
8.32832e-06
8.67278e-06
8.98307e-06
9.2606e-06
9.50706e-06
9.72427e-06
9.91395e-06
1.00777e-05
1.0217e-05
1.03329e-05
1.04265e-05
1.04984e-05
1.05491e-05
1.05794e-05
1.05893e-05
1.05772e-05
1.054e-05
1.04723e-05
1.0364e-05
1.02013e-05
9.96412e-06
9.62615e-06
9.04379e-06
7.15479e-06
)
;

boundaryField
{
    movingWall
    {
        type            calculated;
        value           uniform 0;
    }
    fixedWalls
    {
        type            calculated;
        value           uniform 0;
    }
    frontAndBack
    {
        type            empty;
    }
}


// ************************************************************************* //
