/*--------------------------------*- C++ -*----------------------------------*\
| =========                 |                                                 |
| \\      /  F ield         | OpenFOAM: The Open Source CFD Toolbox           |
|  \\    /   O peration     | Version:  2412                                  |
|   \\  /    A nd           | Website:  www.openfoam.com                      |
|    \\/     M anipulation  |                                                 |
\*---------------------------------------------------------------------------*/
FoamFile
{
    version     2.0;
    format      ascii;
    arch        "LSB;label=32;scalar=64";
    class       surfaceScalarField;
    location    "4.5";
    object      phi;
}
// * * * * * * * * * * * * * * * * * * * * * * * * * * * * * * * * * * * * * //

dimensions      [0 3 -1 0 0 0 0];

oriented        oriented;

internalField   nonuniform List<scalar> 
760
(
2.56379e-07
-2.56387e-07
1.37018e-07
1.1936e-07
-4.19171e-07
5.56189e-07
-1.45597e-06
1.0368e-06
-2.94214e-06
1.48618e-06
-4.59742e-06
1.65528e-06
-6.18563e-06
1.5882e-06
-7.51922e-06
1.33359e-06
-8.49648e-06
9.77259e-07
-9.10186e-06
6.05379e-07
-9.35707e-06
2.55217e-07
-9.26462e-06
-9.24531e-08
-8.8075e-06
-4.57121e-07
-7.92795e-06
-8.79552e-07
-6.57375e-06
-1.35419e-06
-4.74881e-06
-1.82495e-06
-2.61487e-06
-2.13393e-06
-6.70746e-07
-1.94413e-06
3.47522e-07
-1.01827e-06
3.47522e-07
-2.43557e-07
-1.28294e-08
-1.03019e-06
9.0599e-07
-2.33781e-06
1.86381e-06
-4.00531e-06
2.7043e-06
-5.6639e-06
3.14476e-06
-7.12108e-06
3.11246e-06
-8.25522e-06
2.72234e-06
-9.07201e-06
2.15038e-06
-9.64118e-06
1.54643e-06
-1.00044e-05
9.68642e-07
-1.01505e-05
4.01308e-07
-1.006e-05
-1.83011e-07
-9.72685e-06
-7.9024e-07
-9.10433e-06
-1.50208e-06
-8.1073e-06
-2.35122e-06
-6.64034e-06
-3.2919e-06
-4.6915e-06
-4.08278e-06
-2.45155e-06
-4.18408e-06
-6.10543e-07
-2.85927e-06
-2.63021e-07
-8.60844e-07
8.48015e-07
-2.16707e-06
2.21222e-06
-3.7369e-06
3.43364e-06
-5.28551e-06
4.25291e-06
-6.57107e-06
4.43032e-06
-7.51312e-06
4.05451e-06
-8.14864e-06
3.35786e-06
-8.56572e-06
2.56746e-06
-8.8253e-06
1.80601e-06
-8.94802e-06
1.09136e-06
-8.95933e-06
4.12619e-07
-8.8839e-06
-2.58438e-07
-8.70528e-06
-9.68865e-07
-8.41012e-06
-1.79724e-06
-7.94432e-06
-2.81701e-06
-7.17498e-06
-4.06125e-06
-5.88718e-06
-5.37057e-06
-3.91096e-06
-6.16031e-06
-1.49683e-06
-5.27339e-06
-1.75985e-06
-1.26315e-06
2.11116e-06
-2.7375e-06
3.68656e-06
-4.19622e-06
4.89236e-06
-5.39194e-06
5.44863e-06
-6.20518e-06
5.24357e-06
-6.65836e-06
4.50769e-06
-6.86059e-06
3.56009e-06
-6.91531e-06
2.62218e-06
-6.88609e-06
1.77679e-06
-6.82297e-06
1.02823e-06
-6.74892e-06
3.38575e-07
-6.66087e-06
-3.46489e-07
-6.55767e-06
-1.07207e-06
-6.46548e-06
-1.88943e-06
-6.38925e-06
-2.89325e-06
-6.24954e-06
-4.20096e-06
-5.78691e-06
-5.8332e-06
-4.54879e-06
-7.39843e-06
-2.25555e-06
-7.56663e-06
-4.01541e-06
-1.35691e-06
3.46807e-06
-2.7463e-06
5.07596e-06
-3.93628e-06
6.08234e-06
-4.76203e-06
6.27438e-06
-5.19122e-06
5.67276e-06
-5.32777e-06
4.64423e-06
-5.31822e-06
3.55055e-06
-5.26763e-06
2.57159e-06
-5.22173e-06
1.73088e-06
-5.17649e-06
9.83001e-07
-5.10133e-06
2.63415e-07
-4.98103e-06
-4.66788e-07
-4.82455e-06
-1.22856e-06
-4.66614e-06
-2.04784e-06
-4.57626e-06
-2.98312e-06
-4.6148e-06
-4.16242e-06
-4.66975e-06
-5.77825e-06
-4.23363e-06
-7.83455e-06
-2.55121e-06
-9.24905e-06
-6.56661e-06
-1.21573e-06
4.6838e-06
-2.38584e-06
6.24607e-06
-3.28295e-06
6.97945e-06
-3.8091e-06
6.80053e-06
-4.00593e-06
5.86959e-06
-4.02282e-06
4.66112e-06
-4.00521e-06
3.53294e-06
-4.02401e-06
2.59039e-06
-4.07444e-06
1.78131e-06
-4.10895e-06
1.01751e-06
-4.08576e-06
2.40231e-07
-3.98716e-06
-5.6539e-07
-3.8089e-06
-1.40682e-06
-3.568e-06
-2.28873e-06
-3.32603e-06
-3.22509e-06
-3.19976e-06
-4.28869e-06
-3.28175e-06
-5.69626e-06
-3.31776e-06
-7.79854e-06
-2.41192e-06
-1.01549e-05
-8.97853e-06
-9.64024e-07
5.64782e-06
-1.84966e-06
7.13171e-06
-2.47574e-06
7.60554e-06
-2.79877e-06
7.12355e-06
-2.89232e-06
5.96314e-06
-2.90553e-06
4.67433e-06
-2.94583e-06
3.57324e-06
-3.03356e-06
2.67813e-06
-3.13144e-06
1.87918e-06
-3.19398e-06
1.08005e-06
-3.19631e-06
2.42563e-07
-3.1287e-06
-6.32993e-07
-2.98676e-06
-1.54876e-06
-2.77327e-06
-2.50223e-06
-2.50841e-06
-3.48995e-06
-2.25958e-06
-4.53752e-06
-2.17274e-06
-5.7831e-06
-2.29442e-06
-7.67686e-06
-1.94028e-06
-1.0509e-05
-1.09188e-05
-6.70259e-07
6.31808e-06
-1.25775e-06
7.7192e-06
-1.65569e-06
8.00348e-06
-1.8525e-06
7.32036e-06
-1.91288e-06
6.02353e-06
-1.95161e-06
4.71305e-06
-2.02873e-06
3.65036e-06
-2.13319e-06
2.78259e-06
-2.2273e-06
1.9733e-06
-2.28467e-06
1.13742e-06
-2.29468e-06
2.52578e-07
-2.25365e-06
-6.74024e-07
-2.16031e-06
-1.64211e-06
-2.01389e-06
-2.64865e-06
-1.81525e-06
-3.68859e-06
-1.58668e-06
-4.76609e-06
-1.4194e-06
-5.95037e-06
-1.47319e-06
-7.62307e-06
-1.38702e-06
-1.05952e-05
-1.23058e-05
-3.60949e-07
6.67903e-06
-6.77883e-07
8.03613e-06
-8.87683e-07
8.21327e-06
-9.94867e-07
7.42755e-06
-1.04187e-06
6.07053e-06
-1.09399e-06
4.76518e-06
-1.1714e-06
3.72777e-06
-1.25499e-06
2.86618e-06
-1.32265e-06
2.04095e-06
-1.36538e-06
1.18015e-06
-1.3814e-06
2.68602e-07
-1.36869e-06
-6.86733e-07
-1.32712e-06
-1.68368e-06
-1.25426e-06
-2.7215e-06
-1.14501e-06
-3.79785e-06
-1.00346e-06
-4.90764e-06
-8.77229e-07
-6.0766e-06
-8.97445e-07
-7.60286e-06
-9.35519e-07
-1.05571e-05
-1.32413e-05
-5.75122e-08
6.73654e-06
-1.38163e-07
8.11678e-06
-1.79195e-07
8.25431e-06
-2.09036e-07
7.45739e-06
-2.35665e-07
6.09716e-06
-2.82245e-07
4.81176e-06
-3.37326e-07
3.78285e-06
-3.85291e-07
2.91415e-06
-4.21299e-07
2.07696e-06
-4.47936e-07
1.20678e-06
-4.69655e-07
2.9032e-07
-4.86286e-07
-6.70102e-07
-4.97831e-07
-1.67213e-06
-5.00545e-07
-2.71879e-06
-4.86074e-07
-3.81232e-06
-4.5043e-07
-4.94328e-06
-4.20638e-07
-6.1064e-06
-4.86139e-07
-7.53736e-06
-6.16902e-07
-1.04264e-05
-1.38582e-05
2.29886e-07
6.50666e-06
3.80167e-07
7.9665e-06
5.06347e-07
8.12813e-06
5.46769e-07
7.41697e-06
5.40846e-07
6.10308e-06
5.11598e-07
4.84101e-06
4.88648e-07
3.8058e-06
4.79069e-07
2.92372e-06
4.73726e-07
2.0823e-06
4.60888e-07
1.21962e-06
4.31999e-07
3.19209e-07
3.85429e-07
-6.23531e-07
3.21958e-07
-1.60866e-06
2.45277e-07
-2.64211e-06
1.6487e-07
-3.73191e-06
8.91861e-08
-4.8676e-06
-2.45168e-09
-6.01476e-06
-1.63469e-07
-7.37634e-06
-4.00161e-07
-1.01897e-05
-1.42584e-05
5.01151e-07
6.0055e-06
8.68519e-07
7.59913e-06
1.15147e-06
7.84518e-06
1.28948e-06
7.27896e-06
1.31731e-06
6.07524e-06
1.31178e-06
4.84654e-06
1.319e-06
3.79858e-06
1.34198e-06
2.90074e-06
1.36219e-06
2.0621e-06
1.35998e-06
1.22183e-06
1.3234e-06
3.55793e-07
1.24789e-06
-5.48025e-07
1.13467e-06
-1.49543e-06
9.86556e-07
-2.494e-06
8.10648e-07
-3.55601e-06
6.16973e-07
-4.67392e-06
3.96986e-07
-5.79477e-06
1.16929e-07
-7.09628e-06
-2.46082e-07
-9.82667e-06
-1.45045e-05
7.49859e-07
5.25564e-06
1.3217e-06
7.02729e-06
1.75521e-06
7.41167e-06
2.02078e-06
7.01339e-06
2.11456e-06
5.98146e-06
2.14343e-06
4.81768e-06
2.17413e-06
3.76788e-06
2.21746e-06
2.85741e-06
2.2533e-06
2.02625e-06
2.25771e-06
1.21742e-06
2.21484e-06
3.98663e-07
2.11567e-06
-4.48859e-07
1.95821e-06
-1.33798e-06
1.74281e-06
-2.2786e-06
1.47162e-06
-3.28481e-06
1.15393e-06
-4.35623e-06
7.85218e-07
-5.42606e-06
3.71763e-07
-6.68283e-06
-1.27499e-07
-9.32741e-06
-1.4632e-05
9.45008e-07
4.31064e-06
1.70967e-06
6.26262e-06
2.30339e-06
6.81795e-06
2.72095e-06
6.59582e-06
2.93099e-06
5.77142e-06
3.0255e-06
4.72316e-06
3.08614e-06
3.70725e-06
3.14228e-06
2.80127e-06
3.18386e-06
1.98467e-06
3.18826e-06
1.21302e-06
3.1363e-06
4.50629e-07
3.01466e-06
-3.27216e-07
2.81621e-06
-1.13953e-06
2.53578e-06
-1.99817e-06
2.16916e-06
-2.91819e-06
1.71859e-06
-3.90566e-06
1.18194e-06
-4.88942e-06
6.17072e-07
-6.11795e-06
-3.88196e-08
-8.67152e-06
-1.46708e-05
1.04517e-06
3.26546e-06
1.97701e-06
5.33079e-06
2.74263e-06
6.05233e-06
3.33735e-06
6.00111e-06
3.72002e-06
5.38876e-06
3.93911e-06
4.50407e-06
4.06866e-06
3.57769e-06
4.15386e-06
2.71607e-06
4.20317e-06
1.93536e-06
4.2042e-06
1.212e-06
4.13888e-06
5.15947e-07
3.9891e-06
-1.77438e-07
3.74487e-06
-8.95303e-07
3.39521e-06
-1.6485e-06
2.9288e-06
-2.45179e-06
2.33781e-06
-3.31466e-06
1.6284e-06
-4.18001e-06
9.06333e-07
-5.39589e-06
4.95103e-08
-7.81469e-06
-1.46213e-05
1.00383e-06
2.26163e-06
2.03842e-06
4.2962e-06
2.98238e-06
5.10837e-06
3.78767e-06
5.19583e-06
4.39576e-06
4.78067e-06
4.80972e-06
4.0901e-06
5.07593e-06
3.31149e-06
5.23963e-06
2.55238e-06
5.32468e-06
1.85031e-06
5.33265e-06
1.20402e-06
5.25333e-06
5.95265e-07
5.0738e-06
2.09498e-09
4.77541e-06
-5.96914e-07
4.34582e-06
-1.21891e-06
3.76491e-06
-1.87088e-06
3.02492e-06
-2.57467e-06
2.16788e-06
-3.32297e-06
1.32651e-06
-4.55452e-06
2.2418e-07
-6.71236e-06
-1.43971e-05
7.36479e-07
1.52515e-06
1.79109e-06
3.24159e-06
2.89814e-06
4.00132e-06
3.93644e-06
4.15752e-06
4.81185e-06
3.90525e-06
5.48311e-06
3.41884e-06
5.96159e-06
2.83301e-06
6.27681e-06
2.23715e-06
6.45531e-06
1.67181e-06
6.50995e-06
1.14938e-06
6.44138e-06
6.63837e-07
6.23765e-06
2.0583e-07
5.88903e-06
-2.48301e-07
5.37622e-06
-7.06103e-07
4.67951e-06
-1.17417e-06
3.80678e-06
-1.70194e-06
2.83246e-06
-2.34865e-06
1.88731e-06
-3.60937e-06
6.05343e-07
-5.43039e-06
-1.37918e-05
2.88754e-07
1.2364e-06
1.24692e-06
2.28343e-06
2.45309e-06
2.79515e-06
3.70434e-06
2.90628e-06
4.84212e-06
2.76747e-06
5.78716e-06
2.4738e-06
6.51582e-06
2.10435e-06
7.03502e-06
1.71795e-06
7.36233e-06
1.34451e-06
7.51562e-06
9.96084e-07
7.50476e-06
6.74697e-07
7.33533e-06
3.75261e-07
7.00159e-06
8.54376e-08
6.48885e-06
-1.93361e-07
5.79041e-06
-4.75735e-07
4.91462e-06
-8.26144e-07
3.86721e-06
-1.30124e-06
2.65336e-06
-2.39552e-06
1.11859e-06
-3.89562e-06
-1.26732e-05
-7.26984e-07
1.96338e-06
4.63426e-08
1.5101e-06
1.50163e-06
1.33985e-06
3.05901e-06
1.3489e-06
4.48762e-06
1.33887e-06
5.71423e-06
1.24719e-06
6.71007e-06
1.10851e-06
7.47758e-06
9.50434e-07
8.03282e-06
7.89271e-07
8.39587e-06
6.33031e-07
8.58497e-06
4.85598e-07
8.61268e-06
3.47553e-07
8.482e-06
2.16115e-07
8.19996e-06
8.86791e-08
7.76584e-06
-4.16159e-08
7.15633e-06
-2.16631e-07
6.2303e-06
-3.7521e-07
4.73032e-06
-8.95547e-07
2.20587e-06
-1.37117e-06
-1.04673e-05
1.96338e-06
3.47348e-06
4.81334e-06
6.16224e-06
7.50111e-06
8.74829e-06
9.8568e-06
1.08072e-05
1.15965e-05
1.22295e-05
1.27151e-05
1.30627e-05
1.32788e-05
1.33675e-05
1.33259e-05
1.31092e-05
1.2734e-05
1.18385e-05
1.04673e-05
)
;

boundaryField
{
    movingWall
    {
        type            calculated;
        value           uniform 0;
    }
    fixedWalls
    {
        type            calculated;
        value           uniform 0;
    }
    frontAndBack
    {
        type            empty;
    }
}


// ************************************************************************* //
