/*--------------------------------*- C++ -*----------------------------------*\
| =========                 |                                                 |
| \\      /  F ield         | OpenFOAM: The Open Source CFD Toolbox           |
|  \\    /   O peration     | Version:  2412                                  |
|   \\  /    A nd           | Website:  www.openfoam.com                      |
|    \\/     M anipulation  |                                                 |
\*---------------------------------------------------------------------------*/
FoamFile
{
    version     2.0;
    format      ascii;
    arch        "LSB;label=32;scalar=64";
    class       volScalarField;
    location    "2.5";
    object      nut;
}
// * * * * * * * * * * * * * * * * * * * * * * * * * * * * * * * * * * * * * //

dimensions      [0 2 -1 0 0 0 0];

internalField   nonuniform List<scalar> 
400
(
4.06749e-06
5.17732e-06
6.64147e-06
8.16646e-06
9.92625e-06
1.2088e-05
1.45716e-05
1.6942e-05
1.86793e-05
1.94819e-05
1.97682e-05
1.97957e-05
1.94082e-05
1.88829e-05
1.83328e-05
1.7532e-05
1.61561e-05
1.31967e-05
8.47847e-06
5.42405e-06
4.9868e-06
1.02632e-05
1.21454e-05
1.39965e-05
1.62454e-05
1.89076e-05
2.21622e-05
2.51601e-05
2.66161e-05
2.78105e-05
2.98156e-05
3.17881e-05
3.31378e-05
3.31904e-05
3.3323e-05
3.22128e-05
3.17919e-05
2.97362e-05
1.69788e-05
8.21441e-06
6.54567e-06
1.97075e-05
2.19383e-05
2.36056e-05
2.80242e-05
3.11835e-05
3.10031e-05
3.12695e-05
3.19415e-05
3.1372e-05
3.13069e-05
3.08423e-05
3.08843e-05
3.02554e-05
3.01617e-05
3.01425e-05
3.04118e-05
2.95807e-05
2.74172e-05
1.50352e-05
8.07986e-06
2.82496e-05
3.27179e-05
3.41783e-05
3.69778e-05
3.55302e-05
3.44739e-05
3.37167e-05
3.18821e-05
3.18963e-05
3.23711e-05
3.45548e-05
3.56521e-05
3.51122e-05
3.33026e-05
3.04878e-05
2.83498e-05
2.85759e-05
2.82372e-05
2.2053e-05
9.47973e-06
3.55704e-05
4.27092e-05
4.29994e-05
4.0497e-05
3.88017e-05
3.66524e-05
3.34026e-05
3.42911e-05
3.60639e-05
4.0275e-05
4.65543e-05
4.81766e-05
4.77802e-05
4.43448e-05
3.8692e-05
3.3055e-05
2.93619e-05
2.8543e-05
2.69845e-05
1.06942e-05
4.06231e-05
5.0232e-05
4.81233e-05
4.36604e-05
4.10007e-05
3.63187e-05
3.54307e-05
3.8783e-05
4.29518e-05
5.07465e-05
5.77048e-05
6.17236e-05
6.1974e-05
5.89278e-05
5.04976e-05
3.98511e-05
3.1708e-05
2.84771e-05
2.97221e-05
1.16981e-05
4.31172e-05
5.62245e-05
5.17703e-05
4.64332e-05
4.26574e-05
3.64786e-05
3.79863e-05
4.30374e-05
4.87509e-05
5.64166e-05
6.06996e-05
6.52055e-05
6.74537e-05
6.89058e-05
6.3734e-05
5.09471e-05
3.72635e-05
2.95674e-05
3.13833e-05
1.25258e-05
4.41453e-05
6.08106e-05
5.4284e-05
4.90946e-05
4.3513e-05
3.65666e-05
3.96201e-05
4.46708e-05
5.02643e-05
5.54227e-05
5.68269e-05
5.86475e-05
6.29505e-05
6.97542e-05
7.15303e-05
5.97424e-05
4.27852e-05
3.11912e-05
3.24907e-05
1.31563e-05
4.25036e-05
6.2149e-05
5.72682e-05
5.18926e-05
4.61748e-05
3.91762e-05
3.92879e-05
4.43171e-05
4.95349e-05
5.21871e-05
5.17294e-05
5.18338e-05
5.76482e-05
6.95048e-05
7.63012e-05
6.72262e-05
4.80582e-05
3.33243e-05
3.33833e-05
1.36209e-05
4.11253e-05
6.39675e-05
6.16695e-05
5.49404e-05
4.88628e-05
4.0716e-05
3.91127e-05
4.15717e-05
4.47305e-05
4.68099e-05
4.73272e-05
4.86636e-05
5.49906e-05
6.92495e-05
8.20624e-05
7.38998e-05
5.22079e-05
3.52975e-05
3.41961e-05
1.39404e-05
3.8502e-05
6.40542e-05
6.56878e-05
5.90643e-05
5.27365e-05
4.46127e-05
3.99675e-05
4.09173e-05
4.31303e-05
4.46902e-05
4.50896e-05
4.62304e-05
5.25672e-05
6.99754e-05
8.77994e-05
8.04267e-05
5.44162e-05
3.61244e-05
3.50298e-05
1.40357e-05
3.48634e-05
6.22601e-05
6.97297e-05
6.45637e-05
5.76606e-05
5.25427e-05
4.30928e-05
4.15724e-05
4.20437e-05
4.27505e-05
4.43341e-05
4.68727e-05
5.54793e-05
7.50627e-05
9.33834e-05
8.3858e-05
5.52139e-05
3.6613e-05
3.59456e-05
1.39671e-05
3.06132e-05
5.88032e-05
7.24946e-05
7.10606e-05
6.47086e-05
6.05522e-05
5.42326e-05
4.64656e-05
4.38199e-05
4.3939e-05
4.61514e-05
5.12249e-05
6.25851e-05
8.37272e-05
9.75752e-05
8.52987e-05
5.36498e-05
3.60016e-05
3.69965e-05
1.37575e-05
2.75607e-05
5.46848e-05
7.31562e-05
7.78722e-05
7.37822e-05
6.89702e-05
6.63026e-05
6.10862e-05
5.71693e-05
5.53143e-05
5.87843e-05
6.39411e-05
7.53341e-05
8.94616e-05
9.87912e-05
8.43232e-05
4.96775e-05
3.47783e-05
3.8236e-05
1.32878e-05
2.4418e-05
4.98039e-05
7.19152e-05
8.39825e-05
8.47056e-05
8.00157e-05
7.7705e-05
7.64399e-05
7.41324e-05
7.20401e-05
7.47432e-05
7.73148e-05
8.26707e-05
9.16179e-05
9.47264e-05
7.6516e-05
4.2236e-05
3.36052e-05
3.97302e-05
1.2882e-05
2.32962e-05
4.76515e-05
7.16628e-05
8.90128e-05
9.41979e-05
9.33209e-05
9.0267e-05
8.75399e-05
8.63832e-05
8.42793e-05
8.36959e-05
8.36484e-05
8.40773e-05
8.41976e-05
8.00186e-05
6.11021e-05
3.47186e-05
3.27115e-05
4.15705e-05
1.19974e-05
2.19411e-05
4.11107e-05
6.21004e-05
7.73823e-05
8.38577e-05
8.6517e-05
8.59155e-05
8.37039e-05
8.14167e-05
7.88022e-05
7.52082e-05
7.0988e-05
6.79997e-05
6.3785e-05
5.75517e-05
4.35467e-05
2.63846e-05
3.1354e-05
4.38678e-05
1.2331e-05
1.93029e-05
2.81433e-05
3.63478e-05
4.2221e-05
4.60088e-05
4.83705e-05
4.9052e-05
4.83838e-05
4.60625e-05
4.36501e-05
4.03462e-05
3.68701e-05
3.34616e-05
3.08468e-05
2.76047e-05
2.3204e-05
2.06272e-05
3.25158e-05
4.709e-05
1.46295e-05
1.12511e-05
1.33166e-05
1.5144e-05
1.66413e-05
1.7934e-05
1.90733e-05
2.00137e-05
2.07737e-05
2.12819e-05
2.16684e-05
2.20953e-05
2.24547e-05
2.32167e-05
2.38258e-05
2.56516e-05
2.69973e-05
3.0865e-05
3.80019e-05
5.18865e-05
3.64299e-05
4.54149e-05
5.13175e-05
5.42832e-05
5.58073e-05
5.66325e-05
5.70449e-05
5.72366e-05
5.72468e-05
5.72235e-05
5.7169e-05
5.71154e-05
5.70868e-05
5.71028e-05
5.71637e-05
5.7308e-05
5.77239e-05
5.78519e-05
5.95413e-05
5.68457e-05
)
;

boundaryField
{
    movingWall
    {
        type            nutkWallFunction;
        blending        stepwise;
        value           nonuniform List<scalar> 
20
(
0
0
6.70425e-07
1.15761e-06
1.40675e-06
1.54148e-06
1.60878e-06
1.64016e-06
1.64174e-06
1.63786e-06
1.62874e-06
1.61984e-06
1.61457e-06
1.61699e-06
1.62659e-06
1.64972e-06
1.71679e-06
1.73743e-06
2.00998e-06
1.57415e-06
)
;
    }
    fixedWalls
    {
        type            nutkWallFunction;
        blending        stepwise;
        value           nonuniform List<scalar> 
60
(
0
0
0
0
0
0
0
0
0
0
0
0
0
0
0
0
0
0
0
0
0
0
0
0
0
0
0
0
0
0
0
0
0
0
0
0
0
0
7.64138e-07
1.57415e-06
0
0
0
0
0
0
0
0
0
0
0
0
0
0
0
0
0
0
0
0
)
;
    }
    frontAndBack
    {
        type            empty;
    }
}


// ************************************************************************* //
