/*--------------------------------*- C++ -*----------------------------------*\
| =========                 |                                                 |
| \\      /  F ield         | OpenFOAM: The Open Source CFD Toolbox           |
|  \\    /   O peration     | Version:  2412                                  |
|   \\  /    A nd           | Website:  www.openfoam.com                      |
|    \\/     M anipulation  |                                                 |
\*---------------------------------------------------------------------------*/
FoamFile
{
    version     2.0;
    format      ascii;
    arch        "LSB;label=32;scalar=64";
    class       volScalarField;
    location    "2.5";
    object      p;
}
// * * * * * * * * * * * * * * * * * * * * * * * * * * * * * * * * * * * * * //

dimensions      [0 2 -2 0 0 0 0];

internalField   nonuniform List<scalar> 
400
(
7.14617e-08
-3.47362e-05
-8.8483e-05
-0.000175302
-0.000290596
-0.000426851
-0.000608765
-0.000905436
-0.00136961
-0.00195418
-0.0024505
-0.00252049
-0.00187806
-0.0004395
0.00160632
0.00372405
0.00519476
0.00573296
0.00559073
0.00537547
4.6587e-05
1.15939e-05
-4.24681e-05
-0.000132352
-0.000253072
-0.000417058
-0.00068579
-0.00114449
-0.00183981
-0.00266408
-0.00332391
-0.00348394
-0.00292833
-0.00162273
0.00032598
0.00250982
0.00431296
0.00525291
0.00541989
0.00522409
7.9804e-05
2.90991e-05
-3.43086e-05
-0.000145469
-0.000327627
-0.00063271
-0.00118991
-0.00208623
-0.00325351
-0.00444294
-0.00533079
-0.00566365
-0.00531439
-0.00422783
-0.00244456
-0.000174291
0.00222729
0.00422125
0.00514108
0.00506759
4.67109e-05
-3.40197e-05
-0.000127759
-0.000281135
-0.000579181
-0.00116126
-0.0021774
-0.00363536
-0.00531461
-0.0068558
-0.0079584
-0.0084319
-0.00817724
-0.00722722
-0.00570607
-0.00367434
-0.00109933
0.00191662
0.00430046
0.00470708
-0.000111929
-0.00023428
-0.000380626
-0.000611364
-0.00109189
-0.00201965
-0.00352323
-0.00550146
-0.00757967
-0.00931044
-0.0103807
-0.010731
-0.0104222
-0.00955876
-0.00826999
-0.00662438
-0.00446599
-0.00137516
0.00220228
0.00366287
-0.000420665
-0.000588358
-0.000804899
-0.00114115
-0.00181825
-0.00306054
-0.00496298
-0.00729518
-0.00954574
-0.0112552
-0.0122194
-0.012464
-0.0120941
-0.0112326
-0.0100496
-0.00866742
-0.0070287
-0.00465306
-0.00105312
0.00158765
-0.000863293
-0.00106482
-0.00134985
-0.00178719
-0.00262181
-0.00408496
-0.0062457
-0.00877187
-0.0110784
-0.0127478
-0.0136713
-0.013878
-0.0134745
-0.0125643
-0.0113703
-0.0100838
-0.00875382
-0.00713379
-0.00432455
-0.00126303
-0.00137666
-0.00159008
-0.00192534
-0.00243654
-0.00336514
-0.0049388
-0.00719799
-0.00979615
-0.0121325
-0.0138066
-0.0147484
-0.0149873
-0.0145491
-0.0135814
-0.0123353
-0.0110624
-0.00985813
-0.00866442
-0.00674576
-0.00418839
-0.0018786
-0.00208344
-0.00244411
-0.00299315
-0.00393571
-0.00551321
-0.00771886
-0.0102859
-0.0126276
-0.0143307
-0.0153103
-0.0155746
-0.0151407
-0.0141323
-0.0128386
-0.0115692
-0.0104254
-0.00942347
-0.00814067
-0.00641305
-0.00230054
-0.00248322
-0.00284093
-0.00338931
-0.00427854
-0.00575312
-0.00778502
-0.0101967
-0.0124899
-0.0142122
-0.0152234
-0.0155182
-0.0150772
-0.014055
-0.0127595
-0.0115305
-0.0104518
-0.00957453
-0.00862356
-0.00762825
-0.00260468
-0.00275711
-0.00308543
-0.00359603
-0.00439394
-0.005672
-0.00743922
-0.00956756
-0.0117087
-0.013396
-0.0144059
-0.0146935
-0.0142806
-0.0133039
-0.0120893
-0.0109526
-0.00996896
-0.0091788
-0.00841206
-0.00790257
-0.00278516
-0.00290405
-0.00318345
-0.00362858
-0.00430551
-0.00534038
-0.00678932
-0.00856144
-0.0104159
-0.0119558
-0.0129082
-0.013187
-0.0128318
-0.0119787
-0.01093
-0.00994251
-0.00906992
-0.00835791
-0.00772379
-0.00752169
-0.00286082
-0.0029446
-0.00316351
-0.00352531
-0.00407434
-0.00488177
-0.00601052
-0.00740886
-0.00889811
-0.0101876
-0.0110255
-0.0112992
-0.0110426
-0.0103701
-0.00952404
-0.00869227
-0.00791377
-0.00726564
-0.00674625
-0.00677717
-0.00286064
-0.00290727
-0.00305878
-0.00333272
-0.00376632
-0.00439668
-0.00526179
-0.00633201
-0.00748196
-0.00851029
-0.0092197
-0.00949762
-0.00933912
-0.00882941
-0.00814194
-0.00741016
-0.00667669
-0.00605226
-0.00559722
-0.00562027
-0.00282434
-0.00282523
-0.00290323
-0.00309232
-0.00343054
-0.00393725
-0.0046229
-0.00546077
-0.00636145
-0.00718329
-0.00778193
-0.00804997
-0.0079544
-0.00755224
-0.00695817
-0.00626363
-0.00553666
-0.00487864
-0.00430332
-0.00380227
-0.00276147
-0.00270171
-0.00270318
-0.00281612
-0.00307974
-0.00350506
-0.00408514
-0.00478616
-0.00553671
-0.0062283
-0.00674581
-0.00699527
-0.00693678
-0.00659672
-0.00605049
-0.00535671
-0.00462786
-0.00387055
-0.00307486
-0.00194596
-0.00276625
-0.00261682
-0.00251845
-0.00253406
-0.00271344
-0.0030706
-0.00358859
-0.00422012
-0.00489627
-0.005526
-0.00601215
-0.00626678
-0.00624731
-0.0059602
-0.00544356
-0.00472732
-0.00394397
-0.0029164
-0.00217129
-0.00205233
-0.00245801
-0.00218956
-0.00205831
-0.00204943
-0.00218934
-0.00251652
-0.00301905
-0.00364501
-0.00432005
-0.00495414
-0.00545615
-0.00574993
-0.00578528
-0.00553917
-0.00503484
-0.00425754
-0.00331036
-0.00151671
-0.000851406
-0.00164558
-0.00404683
-0.00343545
-0.00277148
-0.0022703
-0.00213327
-0.00234108
-0.00279366
-0.00339154
-0.00405029
-0.00468563
-0.00521066
-0.00554867
-0.00563799
-0.005433
-0.00491475
-0.0039228
-0.00248415
0.000902656
0.00250134
0.0154849
-0.000517749
0.00135812
0.000732619
-0.000288777
-0.000947905
-0.00149109
-0.00213212
-0.00286111
-0.00360534
-0.00429805
-0.00486767
-0.00523679
-0.00533503
-0.00509281
-0.00447532
-0.00320899
-0.00156364
0.00355695
0.00551145
0.0589141
)
;

boundaryField
{
    movingWall
    {
        type            zeroGradient;
    }
    fixedWalls
    {
        type            zeroGradient;
    }
    frontAndBack
    {
        type            empty;
    }
}


// ************************************************************************* //
