/*--------------------------------*- C++ -*----------------------------------*\
| =========                 |                                                 |
| \\      /  F ield         | OpenFOAM: The Open Source CFD Toolbox           |
|  \\    /   O peration     | Version:  2412                                  |
|   \\  /    A nd           | Website:  www.openfoam.com                      |
|    \\/     M anipulation  |                                                 |
\*---------------------------------------------------------------------------*/
FoamFile
{
    version     2.0;
    format      ascii;
    arch        "LSB;label=32;scalar=64";
    class       volScalarField;
    location    "8";
    object      epsilon;
}
// * * * * * * * * * * * * * * * * * * * * * * * * * * * * * * * * * * * * * //

dimensions      [0 2 -3 0 0 0 0];

internalField   nonuniform List<scalar> 
400
(
0.00058114
0.000683278
0.00119035
0.00334644
0.00775759
0.0122599
0.014754
0.0158749
0.0161849
0.0158469
0.0148731
0.0138279
0.0127305
0.0118136
0.0109577
0.0101775
0.00878511
0.00628845
0.00310799
0.00137689
0.0011783
0.001576
0.0038302
0.00681457
0.008361
0.00896856
0.00755987
0.00602751
0.0048537
0.00423041
0.00401336
0.00427475
0.00500294
0.00610386
0.00765913
0.0091365
0.00980822
0.00975298
0.00565171
0.00177449
0.00253129
0.00390289
0.00569787
0.00630195
0.00603374
0.00370345
0.00267406
0.00194272
0.00161815
0.00149503
0.00147329
0.00164996
0.0019823
0.00263814
0.00393353
0.00625953
0.00959209
0.0115731
0.011782
0.00396264
0.00411992
0.00502109
0.00540596
0.00474447
0.002724
0.00159929
0.00109177
0.000810748
0.000679913
0.000618658
0.0005979
0.000627896
0.00076292
0.00102974
0.00163279
0.00297554
0.00610903
0.0121228
0.0160062
0.0117264
0.00555638
0.00520914
0.00459656
0.00269514
0.00134133
0.000783239
0.000530114
0.000393089
0.000317833
0.00028044
0.000266684
0.000272457
0.000333909
0.000454713
0.000744218
0.00146411
0.00335944
0.00821348
0.0179498
0.0223104
0.00659644
0.00498931
0.00338818
0.00153736
0.000747869
0.000434563
0.000289506
0.000206016
0.000162439
0.000141718
0.00013467
0.000140147
0.000172791
0.000235686
0.000381556
0.000771735
0.00207373
0.00620741
0.0177978
0.0306634
0.00743873
0.00448373
0.00243233
0.000982542
0.000471446
0.000271159
0.000176394
0.000123263
9.73862e-05
8.52433e-05
8.12106e-05
8.50394e-05
0.000105861
0.00014562
0.000228982
0.000432827
0.0011262
0.00407441
0.0153826
0.0363916
0.00832892
0.0038447
0.00178283
0.000695831
0.000335038
0.000191131
0.000121803
8.50905e-05
6.72004e-05
5.8812e-05
5.60741e-05
5.89634e-05
7.40201e-05
0.000104201
0.000163057
0.000291516
0.000707424
0.00285909
0.0136758
0.0404116
0.0092055
0.00341281
0.00143759
0.000559734
0.00026971
0.000152302
9.58296e-05
6.68067e-05
5.25383e-05
4.59394e-05
4.38941e-05
4.65866e-05
5.79708e-05
8.21924e-05
0.000130936
0.000226775
0.000502245
0.00197481
0.0115181
0.0431079
0.0102126
0.00305924
0.0012231
0.000475995
0.000238196
0.000136619
8.48088e-05
5.88656e-05
4.61593e-05
4.03559e-05
3.87172e-05
4.15122e-05
5.06486e-05
7.11082e-05
0.000112712
0.000195898
0.000410717
0.00154492
0.0102724
0.0454391
0.0110541
0.00309353
0.00116511
0.000469817
0.000240513
0.000139102
8.63478e-05
5.97714e-05
4.6689e-05
4.04268e-05
3.80644e-05
4.02874e-05
4.82727e-05
6.66324e-05
0.000104244
0.00018193
0.000374585
0.00133516
0.00938837
0.0474924
0.0118514
0.00335011
0.00120854
0.000491182
0.000254152
0.000149084
9.3208e-05
6.44715e-05
5.01597e-05
4.31431e-05
4.13676e-05
4.33787e-05
5.00923e-05
6.6085e-05
0.000101764
0.000177896
0.00036736
0.00126711
0.00903286
0.0497175
0.0119666
0.00397569
0.00135922
0.000553568
0.000285647
0.000171823
0.000109095
7.55742e-05
5.88452e-05
5.04449e-05
4.92903e-05
5.17967e-05
5.94243e-05
7.62805e-05
0.000111049
0.000188696
0.000395182
0.00129959
0.00897897
0.0521935
0.0116583
0.00480006
0.0016854
0.000690605
0.000348994
0.000208641
0.000137845
9.87591e-05
7.81125e-05
6.68321e-05
6.6502e-05
6.97917e-05
7.8956e-05
9.76952e-05
0.000135609
0.000223803
0.000463524
0.0014803
0.00997169
0.0552756
0.010705
0.00588339
0.002346
0.000969352
0.000479129
0.000279262
0.000183823
0.000133632
0.000108785
9.72762e-05
9.8263e-05
0.000103524
0.000115756
0.000137414
0.000182471
0.000293916
0.000597999
0.00179137
0.0112164
0.0597128
0.00879066
0.00616661
0.0031854
0.00153354
0.000763722
0.000437131
0.000283217
0.000204974
0.000166458
0.000147816
0.000148725
0.000155198
0.000170263
0.00020091
0.000269468
0.000443852
0.000892282
0.00250341
0.0135757
0.0661078
0.00556649
0.0054533
0.0040679
0.00239091
0.00135161
0.000814342
0.000534344
0.000384197
0.000306296
0.000263811
0.000252933
0.000258232
0.000283481
0.000349305
0.000501796
0.000865626
0.00167526
0.00426107
0.0180273
0.0758272
0.00370064
0.00438234
0.00430029
0.0035335
0.00254658
0.00181416
0.00133434
0.00103996
0.000874721
0.000780757
0.000770923
0.000795775
0.00089386
0.00114893
0.00167007
0.00279474
0.00462823
0.00977388
0.0275173
0.0912919
0.00523109
0.00798884
0.00980286
0.00998828
0.00957448
0.00881423
0.00817601
0.0078189
0.00771298
0.00781989
0.00810701
0.00869899
0.00933421
0.0107142
0.013253
0.0182158
0.0226608
0.0340631
0.051024
0.117528
0.0530655
0.10211
0.133468
0.137243
0.135233
0.130907
0.126748
0.124081
0.122401
0.122527
0.123282
0.12492
0.128329
0.131749
0.136184
0.138946
0.14493
0.148272
0.166785
0.14932
)
;

boundaryField
{
    movingWall
    {
        type            epsilonWallFunction;
        blending        stepwise;
        value           nonuniform List<scalar> 
20
(
0.0530655
0.10211
0.133468
0.137243
0.135233
0.130907
0.126748
0.124081
0.122401
0.122527
0.123282
0.12492
0.128329
0.131749
0.136184
0.138946
0.14493
0.148272
0.166785
0.14932
)
;
    }
    fixedWalls
    {
        type            epsilonWallFunction;
        blending        stepwise;
        value           nonuniform List<scalar> 
60
(
0.00058114
0.0011783
0.00253129
0.00411992
0.00555638
0.00659644
0.00743873
0.00832892
0.0092055
0.0102126
0.0110541
0.0118514
0.0119666
0.0116583
0.010705
0.00879066
0.00556649
0.00370064
0.00523109
0.0530655
0.00137689
0.00177449
0.00396264
0.0117264
0.0223104
0.0306634
0.0363916
0.0404116
0.0431079
0.0454391
0.0474924
0.0497175
0.0521935
0.0552756
0.0597128
0.0661078
0.0758272
0.0912919
0.117528
0.14932
0.00058114
0.000683278
0.00119035
0.00334644
0.00775759
0.0122599
0.014754
0.0158749
0.0161849
0.0158469
0.0148731
0.0138279
0.0127305
0.0118136
0.0109577
0.0101775
0.00878511
0.00628845
0.00310799
0.00137689
)
;
    }
    frontAndBack
    {
        type            empty;
    }
}


// ************************************************************************* //
