/*--------------------------------*- C++ -*----------------------------------*\
| =========                 |                                                 |
| \\      /  F ield         | OpenFOAM: The Open Source CFD Toolbox           |
|  \\    /   O peration     | Version:  2412                                  |
|   \\  /    A nd           | Website:  www.openfoam.com                      |
|    \\/     M anipulation  |                                                 |
\*---------------------------------------------------------------------------*/
FoamFile
{
    version     2.0;
    format      ascii;
    arch        "LSB;label=32;scalar=64";
    class       volScalarField;
    location    "8";
    object      k;
}
// * * * * * * * * * * * * * * * * * * * * * * * * * * * * * * * * * * * * * //

dimensions      [0 2 -2 0 0 0 0];

internalField   nonuniform List<scalar> 
400
(
0.000236055
0.000262931
0.000380617
0.000758078
0.00132791
0.00180173
0.0020385
0.00214048
0.00216826
0.00213797
0.00204946
0.00195229
0.00184759
0.00175778
0.00167181
0.00159147
0.00144277
0.00115444
0.000721657
0.000419378
0.00037813
0.000577242
0.00104999
0.00141818
0.00156506
0.00160934
0.00149422
0.00128841
0.00119154
0.0011438
0.00113469
0.00122548
0.00134702
0.00154267
0.00175036
0.00192257
0.00199696
0.00190739
0.00135046
0.000496645
0.000629513
0.0011749
0.00136305
0.00139495
0.00133242
0.00098619
0.000748348
0.000632833
0.000558278
0.000524949
0.000514016
0.000530278
0.000596935
0.000714708
0.000956308
0.00135679
0.00180841
0.00202144
0.00202425
0.000848345
0.000870993
0.00133058
0.00135071
0.00121038
0.000801553
0.000537631
0.000413778
0.000346185
0.000304622
0.000285269
0.000277773
0.000277763
0.000306106
0.000355207
0.000469591
0.00071679
0.00127769
0.00201578
0.00233893
0.00174877
0.00106323
0.00143439
0.00124478
0.000827
0.00048251
0.000336387
0.000268875
0.000233075
0.000214833
0.000206428
0.000203617
0.000206172
0.000219084
0.000243439
0.000294287
0.000414997
0.000731608
0.00153518
0.0024615
0.0026854
0.00119207
0.00141467
0.00102272
0.00054674
0.000328898
0.000241806
0.000203115
0.000184819
0.000176518
0.000173372
0.000172918
0.00017946
0.000189966
0.000208874
0.000238251
0.000299272
0.000482199
0.00105208
0.00246225
0.00331977
0.00129151
0.00135726
0.000810524
0.000400881
0.00025158
0.000195972
0.000172387
0.000161821
0.000156973
0.000154944
0.000154763
0.000161819
0.000174534
0.000193801
0.000218298
0.000255392
0.000364389
0.000822275
0.0021098
0.00372138
0.00139258
0.00126042
0.000650172
0.000322413
0.000213302
0.00017334
0.000155798
0.000147472
0.000141385
0.000137984
0.000137019
0.000141882
0.000155714
0.000178307
0.00020759
0.00023661
0.00029672
0.00061372
0.00194641
0.00399067
0.00148864
0.00115866
0.000566424
0.000283677
0.000193528
0.000161214
0.00014654
0.000138239
0.000130713
0.000126893
0.000125784
0.000129617
0.000141106
0.000162966
0.000194719
0.000227807
0.000267655
0.000512374
0.0017226
0.00416627
0.00159532
0.00107872
0.000510267
0.000261148
0.00018647
0.000158206
0.000142412
0.000132985
0.000125489
0.000121712
0.00012081
0.000124283
0.000133844
0.000152525
0.000183823
0.000218199
0.000253024
0.000440345
0.00161473
0.00431514
0.00168178
0.00103725
0.000509921
0.000262588
0.000187808
0.000159334
0.000142808
0.000132901
0.000125449
0.000121203
0.000119963
0.000122666
0.000130851
0.000147089
0.000175579
0.000211675
0.00024669
0.00040769
0.00153607
0.00444416
0.00176171
0.00105158
0.000525087
0.000272809
0.000193021
0.000162661
0.000144773
0.000134099
0.000126759
0.000122547
0.000122052
0.000124116
0.000130426
0.000145166
0.00017188
0.000208208
0.00024496
0.00039552
0.00150615
0.00458187
0.00177313
0.00110174
0.00056579
0.000297729
0.00020444
0.00016941
0.000149502
0.000137421
0.00013025
0.000126399
0.000126843
0.000129418
0.000135821
0.000148935
0.000171223
0.000207214
0.000247486
0.000394758
0.00150253
0.00473273
0.00174254
0.00116919
0.000654795
0.000355176
0.000229364
0.000181311
0.000157059
0.000143636
0.000136676
0.00013495
0.000136273
0.0001401
0.000148163
0.000161271
0.000182636
0.000215441
0.000258967
0.000416526
0.0015948
0.00491721
0.00164621
0.00130753
0.00076295
0.000433943
0.000275424
0.000206066
0.000172366
0.000155102
0.000147173
0.000147958
0.000151153
0.000157832
0.000168116
0.000180637
0.000199221
0.000229023
0.000276308
0.000452357
0.00171336
0.00517695
0.00144357
0.00131024
0.000961583
0.000593527
0.000370459
0.000262631
0.000207973
0.000180709
0.000166039
0.000166043
0.000168858
0.000175581
0.000186743
0.000199068
0.000219281
0.000250528
0.000311027
0.000538024
0.00194205
0.00554025
0.00106442
0.00122052
0.00109343
0.00081433
0.000578576
0.000400893
0.000301387
0.00024815
0.000217564
0.000203586
0.000202021
0.00020442
0.000211617
0.000227152
0.000252573
0.000298709
0.000397288
0.000741631
0.00235467
0.00607077
0.000810757
0.00109238
0.0011453
0.00103926
0.000841115
0.000666357
0.000526183
0.000433491
0.000371159
0.000335751
0.000313787
0.000310005
0.00031734
0.000342361
0.000396161
0.000509928
0.000724865
0.00133017
0.00315378
0.00687037
0.00102127
0.00135201
0.0015583
0.00159639
0.00152934
0.00140101
0.00126792
0.00118093
0.00111335
0.00110102
0.00111414
0.00115271
0.00121651
0.00135328
0.00156266
0.00198882
0.00238913
0.00339904
0.00469526
0.00813049
0.00478551
0.00740361
0.00885066
0.00901642
0.00892808
0.0087365
0.00855033
0.00842988
0.00835351
0.0083592
0.00839348
0.00846765
0.00862105
0.00877353
0.00896937
0.00909025
0.00934945
0.0094927
0.0102674
0.0095375
)
;

boundaryField
{
    movingWall
    {
        type            kqRWallFunction;
        value           nonuniform List<scalar> 
20
(
0.00478551
0.00740361
0.00885066
0.00901642
0.00892808
0.0087365
0.00855033
0.00842988
0.00835351
0.0083592
0.00839348
0.00846765
0.00862105
0.00877353
0.00896937
0.00909025
0.00934945
0.0094927
0.0102674
0.0095375
)
;
    }
    fixedWalls
    {
        type            kqRWallFunction;
        value           nonuniform List<scalar> 
60
(
0.000236055
0.00037813
0.000629513
0.000870993
0.00106323
0.00119207
0.00129151
0.00139258
0.00148864
0.00159532
0.00168178
0.00176171
0.00177313
0.00174254
0.00164621
0.00144357
0.00106442
0.000810757
0.00102127
0.00478551
0.000419378
0.000496645
0.000848345
0.00174877
0.0026854
0.00331977
0.00372138
0.00399067
0.00416627
0.00431514
0.00444416
0.00458187
0.00473273
0.00491721
0.00517695
0.00554025
0.00607077
0.00687037
0.00813049
0.0095375
0.000236055
0.000262931
0.000380617
0.000758078
0.00132791
0.00180173
0.0020385
0.00214048
0.00216826
0.00213797
0.00204946
0.00195229
0.00184759
0.00175778
0.00167181
0.00159147
0.00144277
0.00115444
0.000721657
0.000419378
)
;
    }
    frontAndBack
    {
        type            empty;
    }
}


// ************************************************************************* //
