/*--------------------------------*- C++ -*----------------------------------*\
| =========                 |                                                 |
| \\      /  F ield         | OpenFOAM: The Open Source CFD Toolbox           |
|  \\    /   O peration     | Version:  2412                                  |
|   \\  /    A nd           | Website:  www.openfoam.com                      |
|    \\/     M anipulation  |                                                 |
\*---------------------------------------------------------------------------*/
FoamFile
{
    version     2.0;
    format      ascii;
    arch        "LSB;label=32;scalar=64";
    class       volScalarField;
    location    "8";
    object      p;
}
// * * * * * * * * * * * * * * * * * * * * * * * * * * * * * * * * * * * * * //

dimensions      [0 2 -2 0 0 0 0];

internalField   nonuniform List<scalar> 
400
(
5.1916e-08
-0.000223913
-0.000447446
-0.000660205
-0.00112956
-0.00221292
-0.00415944
-0.00677914
-0.00952843
-0.0115935
-0.0123093
-0.0114379
-0.00895986
-0.00500624
-0.000209945
0.00402223
0.00618396
0.00614944
0.00507006
0.00482588
7.58697e-05
-0.000179532
-0.000248906
-0.000538914
-0.00141509
-0.00330043
-0.0061701
-0.00935305
-0.0120803
-0.0138465
-0.0144155
-0.0136844
-0.0115051
-0.00792
-0.00337584
0.00108671
0.00410629
0.00501037
0.00460579
0.00435794
0.00056545
9.14281e-05
-0.000405255
-0.00155434
-0.00373275
-0.00683858
-0.0103274
-0.0135386
-0.0160069
-0.0175533
-0.0180996
-0.0175391
-0.0157803
-0.0128046
-0.00876738
-0.00415936
0.000172559
0.00321538
0.00431754
0.00396755
0.00105478
0.000210356
-0.00126658
-0.00389397
-0.00748498
-0.0113998
-0.0150214
-0.0179744
-0.0200801
-0.0212998
-0.0216736
-0.0211493
-0.0197556
-0.0174648
-0.0142784
-0.0102481
-0.00541208
-0.00025474
0.00321573
0.00340064
0.000598161
-0.00072486
-0.0032383
-0.00709773
-0.0115094
-0.0156138
-0.0189544
-0.0214221
-0.023051
-0.0239317
-0.0241387
-0.0236978
-0.0226021
-0.0208464
-0.0184118
-0.0152323
-0.010975
-0.00520361
0.00049922
0.00201433
-0.00118914
-0.00291563
-0.00614482
-0.0106119
-0.0151737
-0.0190029
-0.0218678
-0.0238765
-0.0251965
-0.0259301
-0.0261015
-0.0257348
-0.0248216
-0.0233694
-0.0213758
-0.018804
-0.0154006
-0.01046
-0.00412269
-0.000754634
-0.0040388
-0.00589347
-0.00939204
-0.0139209
-0.0182162
-0.0215939
-0.0240267
-0.0257349
-0.0268893
-0.0275518
-0.0277322
-0.0274266
-0.0266468
-0.0253927
-0.0236593
-0.0214361
-0.0186664
-0.0149807
-0.00964376
-0.00464457
-0.00711907
-0.00890416
-0.0123503
-0.0166415
-0.0205383
-0.0234861
-0.0255988
-0.0271176
-0.0281654
-0.028773
-0.0289489
-0.0286979
-0.0280299
-0.0269418
-0.0254169
-0.0234417
-0.0210778
-0.0183344
-0.0144637
-0.0092429
-0.00966088
-0.0113133
-0.0145633
-0.0185618
-0.0221117
-0.024747
-0.026651
-0.0280504
-0.0290275
-0.0295961
-0.0297662
-0.0295495
-0.0289575
-0.027989
-0.0266276
-0.0248561
-0.0227601
-0.0204981
-0.0177774
-0.0136924
-0.0112269
-0.0127597
-0.0158029
-0.0196159
-0.022954
-0.0254243
-0.0272202
-0.0285555
-0.0294929
-0.0300402
-0.0302078
-0.0300077
-0.0294545
-0.0285511
-0.0272876
-0.0256441
-0.023707
-0.0216837
-0.0196451
-0.0169092
-0.0116641
-0.0131318
-0.0160389
-0.0197743
-0.0230755
-0.0255297
-0.0273119
-0.0286365
-0.0295676
-0.0301127
-0.030281
-0.0300826
-0.0295329
-0.0286402
-0.027402
-0.0257836
-0.0238952
-0.0219829
-0.0202676
-0.0185336
-0.0109902
-0.0124767
-0.0153414
-0.0190293
-0.0224734
-0.0250515
-0.0269151
-0.0282885
-0.0292521
-0.0298176
-0.0299913
-0.0297823
-0.0292013
-0.0282575
-0.0269492
-0.0252573
-0.0233021
-0.0213722
-0.0198228
-0.0186994
-0.00945022
-0.0109483
-0.0138108
-0.0174516
-0.0211033
-0.0239349
-0.025996
-0.0275017
-0.0285499
-0.0291648
-0.0293535
-0.0291209
-0.0284717
-0.0274096
-0.0259308
-0.0240271
-0.02186
-0.019782
-0.0183101
-0.0175943
-0.00752199
-0.00882993
-0.0115977
-0.0151374
-0.0189006
-0.0220703
-0.024476
-0.0262343
-0.0274446
-0.0281512
-0.0283698
-0.028103
-0.0273478
-0.0260947
-0.0243309
-0.0220669
-0.0195384
-0.0171578
-0.0156047
-0.0150253
-0.005714
-0.00657786
-0.00896105
-0.0122156
-0.0159229
-0.0194005
-0.0222455
-0.0243873
-0.0258688
-0.0267367
-0.0270152
-0.0267046
-0.0257972
-0.024272
-0.0221212
-0.0193964
-0.0164328
-0.0136303
-0.0117004
-0.0106588
-0.00430935
-0.0046104
-0.00621999
-0.00888114
-0.0123181
-0.0159587
-0.0192288
-0.0218358
-0.0236958
-0.0248095
-0.0251918
-0.0248448
-0.0237531
-0.0219153
-0.0193467
-0.0161359
-0.0127587
-0.00951369
-0.00711648
-0.00544171
-0.00359196
-0.00333269
-0.00382194
-0.00554779
-0.00848997
-0.0120947
-0.015662
-0.0187094
-0.0209931
-0.0224274
-0.022994
-0.0226888
-0.0214361
-0.0193012
-0.0163122
-0.0125913
-0.00874751
-0.00491391
-0.00260382
-0.00186976
-0.00267772
-0.00214585
-0.00151226
-0.00226448
-0.00468159
-0.00815895
-0.011903
-0.0152959
-0.0179661
-0.0197344
-0.0205203
-0.0202964
-0.0191155
-0.0168456
-0.0135782
-0.00940887
-0.00485646
0.00032931
0.00234983
0.00200572
-0.00420382
-0.00240021
-0.000535528
-0.000428659
-0.00226585
-0.00548552
-0.00924537
-0.0128223
-0.0157499
-0.0177751
-0.0187761
-0.0187075
-0.0175611
-0.0153041
-0.0119898
-0.0075244
-0.00216553
0.00533907
0.00874506
0.023127
0.00041548
0.00305936
0.0029437
0.00159151
-0.000683345
-0.00396014
-0.00779901
-0.0115167
-0.014596
-0.0167527
-0.0178537
-0.0178385
-0.0166901
-0.0143963
-0.0110126
-0.00639513
-0.00112598
0.0076411
0.0132652
0.0720794
)
;

boundaryField
{
    movingWall
    {
        type            zeroGradient;
    }
    fixedWalls
    {
        type            zeroGradient;
    }
    frontAndBack
    {
        type            empty;
    }
}


// ************************************************************************* //
