/*--------------------------------*- C++ -*----------------------------------*\
| =========                 |                                                 |
| \\      /  F ield         | OpenFOAM: The Open Source CFD Toolbox           |
|  \\    /   O peration     | Version:  2412                                  |
|   \\  /    A nd           | Website:  www.openfoam.com                      |
|    \\/     M anipulation  |                                                 |
\*---------------------------------------------------------------------------*/
FoamFile
{
    version     2.0;
    format      ascii;
    arch        "LSB;label=32;scalar=64";
    class       volScalarField;
    location    "6.25";
    object      nut;
}
// * * * * * * * * * * * * * * * * * * * * * * * * * * * * * * * * * * * * * //

dimensions      [0 2 -1 0 0 0 0];

internalField   nonuniform List<scalar> 
1600
(
3.3363e-06
3.61317e-06
4.03036e-06
4.39139e-06
4.60854e-06
4.72997e-06
4.89088e-06
5.10189e-06
5.32689e-06
5.64236e-06
6.38049e-06
8.15542e-06
1.01894e-05
1.22046e-05
1.39313e-05
1.53019e-05
1.63284e-05
1.70303e-05
1.74148e-05
1.75777e-05
1.76138e-05
1.7466e-05
1.71838e-05
1.67832e-05
1.63326e-05
1.58143e-05
1.52564e-05
1.4661e-05
1.4061e-05
1.33741e-05
1.26242e-05
1.1701e-05
1.0738e-05
1.01577e-05
9.75552e-06
9.42501e-06
8.98511e-06
8.13128e-06
6.62119e-06
5.02355e-06
4.37202e-06
4.93891e-06
5.8762e-06
6.34414e-06
6.57184e-06
7.43174e-06
9.24848e-06
1.03375e-05
1.16253e-05
1.38766e-05
1.49877e-05
1.59951e-05
1.62827e-05
1.60215e-05
1.64055e-05
1.64351e-05
1.63991e-05
1.67565e-05
1.74949e-05
1.88398e-05
2.06243e-05
2.23289e-05
2.4287e-05
2.64048e-05
2.87782e-05
3.1337e-05
3.38758e-05
3.5966e-05
3.70393e-05
3.7511e-05
3.77777e-05
3.70845e-05
3.66257e-05
3.4333e-05
2.95358e-05
2.34845e-05
1.58795e-05
1.05004e-05
7.72366e-06
5.33245e-06
5.59764e-06
6.53416e-06
9.1899e-06
1.11439e-05
1.17368e-05
1.30341e-05
1.61443e-05
1.90117e-05
2.00382e-05
1.96941e-05
1.90976e-05
1.81095e-05
1.76952e-05
1.85156e-05
1.75994e-05
1.77308e-05
1.84516e-05
1.95669e-05
2.09027e-05
2.2192e-05
2.30071e-05
2.37674e-05
2.48134e-05
2.53444e-05
2.64596e-05
2.74618e-05
2.90989e-05
3.11056e-05
3.36379e-05
3.58452e-05
3.73156e-05
3.78562e-05
3.72223e-05
3.58758e-05
3.41574e-05
2.96637e-05
2.27446e-05
1.48225e-05
9.05211e-06
5.77354e-06
6.49314e-06
9.06088e-06
1.42193e-05
1.68985e-05
1.86789e-05
2.10099e-05
2.33685e-05
2.30915e-05
2.16505e-05
2.04553e-05
1.94713e-05
1.86757e-05
1.89926e-05
1.64111e-05
1.73372e-05
1.64729e-05
1.74317e-05
1.68846e-05
1.71413e-05
1.65737e-05
1.62546e-05
1.60186e-05
1.54882e-05
1.53423e-05
1.52302e-05
1.5449e-05
1.59618e-05
1.7041e-05
1.88798e-05
2.22736e-05
2.65908e-05
3.02992e-05
3.21712e-05
3.25408e-05
3.27091e-05
3.07303e-05
2.53669e-05
1.64413e-05
9.74574e-06
6.14682e-06
6.98426e-06
1.34256e-05
2.03538e-05
2.23817e-05
2.38346e-05
2.5815e-05
2.45383e-05
2.33201e-05
2.18276e-05
2.00869e-05
1.94259e-05
1.69192e-05
1.60314e-05
1.46396e-05
1.56094e-05
1.45566e-05
1.52892e-05
1.4735e-05
1.48456e-05
1.45401e-05
1.43904e-05
1.42768e-05
1.3863e-05
1.36417e-05
1.31793e-05
1.28509e-05
1.25616e-05
1.25548e-05
1.29539e-05
1.4076e-05
1.63859e-05
2.13386e-05
2.69143e-05
2.93506e-05
2.97364e-05
3.0589e-05
2.81114e-05
1.81458e-05
1.05806e-05
6.35133e-06
7.23205e-06
1.88167e-05
2.58253e-05
2.67912e-05
2.76305e-05
2.62575e-05
2.50507e-05
2.31074e-05
2.09526e-05
1.85529e-05
1.60029e-05
1.46629e-05
1.44204e-05
1.43289e-05
1.52351e-05
1.53591e-05
1.60851e-05
1.63472e-05
1.68092e-05
1.69044e-05
1.69747e-05
1.68898e-05
1.65939e-05
1.60808e-05
1.54496e-05
1.46579e-05
1.37874e-05
1.28991e-05
1.22146e-05
1.19163e-05
1.23058e-05
1.39515e-05
1.78312e-05
2.50251e-05
2.78494e-05
2.82896e-05
2.92704e-05
2.37341e-05
1.28738e-05
6.55079e-06
7.38806e-06
2.39223e-05
3.02563e-05
3.00313e-05
2.81281e-05
2.68801e-05
2.46347e-05
2.18891e-05
1.82463e-05
1.5357e-05
1.41667e-05
1.41772e-05
1.49901e-05
1.59357e-05
1.71315e-05
1.8032e-05
1.92749e-05
2.00014e-05
2.09624e-05
2.1417e-05
2.16849e-05
2.17608e-05
2.14291e-05
2.07091e-05
1.96765e-05
1.83174e-05
1.67718e-05
1.51658e-05
1.36647e-05
1.24603e-05
1.1697e-05
1.15621e-05
1.27157e-05
1.60347e-05
2.33592e-05
2.65795e-05
2.69384e-05
2.75011e-05
1.49032e-05
6.88899e-06
7.59288e-06
2.84895e-05
3.33698e-05
3.07946e-05
2.91655e-05
2.63922e-05
2.29715e-05
1.83738e-05
1.51559e-05
1.39176e-05
1.45677e-05
1.55803e-05
1.71841e-05
1.86757e-05
2.05353e-05
2.21014e-05
2.40044e-05
2.54924e-05
2.7104e-05
2.81221e-05
2.89121e-05
2.94644e-05
2.94939e-05
2.89133e-05
2.77708e-05
2.59876e-05
2.35809e-05
2.0652e-05
1.74844e-05
1.46006e-05
1.25456e-05
1.13811e-05
1.11771e-05
1.23292e-05
1.59102e-05
2.23193e-05
2.4931e-05
2.56413e-05
1.71649e-05
7.36182e-06
8.1039e-06
3.17161e-05
3.44303e-05
3.27037e-05
2.87625e-05
2.47236e-05
1.95134e-05
1.53971e-05
1.42056e-05
1.46492e-05
1.63271e-05
1.78482e-05
2.02129e-05
2.22777e-05
2.48711e-05
2.71638e-05
2.97496e-05
3.17856e-05
3.36192e-05
3.49158e-05
3.5927e-05
3.67473e-05
3.67182e-05
3.63815e-05
3.54341e-05
3.39243e-05
3.16915e-05
2.87358e-05
2.50974e-05
2.07502e-05
1.61769e-05
1.28065e-05
1.1066e-05
1.08788e-05
1.26284e-05
1.74255e-05
2.22505e-05
2.33264e-05
2.07922e-05
8.00732e-06
9.02128e-06
3.30834e-05
3.628e-05
3.25492e-05
2.75111e-05
2.17534e-05
1.6047e-05
1.44331e-05
1.48873e-05
1.63689e-05
1.84881e-05
2.06889e-05
2.37912e-05
2.64023e-05
2.97511e-05
3.25646e-05
3.54281e-05
3.75097e-05
3.92842e-05
4.05434e-05
4.16326e-05
4.21739e-05
4.21872e-05
4.18379e-05
4.1004e-05
3.96795e-05
3.77664e-05
3.51579e-05
3.17461e-05
2.75145e-05
2.24284e-05
1.72047e-05
1.30327e-05
1.0946e-05
1.08782e-05
1.32665e-05
1.9445e-05
2.16303e-05
2.12414e-05
8.61859e-06
9.93072e-06
3.36789e-05
3.72477e-05
3.19693e-05
2.50539e-05
1.82917e-05
1.48366e-05
1.48371e-05
1.63724e-05
1.82917e-05
2.09639e-05
2.39291e-05
2.76028e-05
3.07885e-05
3.45544e-05
3.7467e-05
4.02902e-05
4.22521e-05
4.38661e-05
4.50065e-05
4.60605e-05
4.65e-05
4.65817e-05
4.63026e-05
4.56219e-05
4.4491e-05
4.28104e-05
4.04482e-05
3.72481e-05
3.30911e-05
2.8049e-05
2.22513e-05
1.65291e-05
1.2456e-05
1.08845e-05
1.1781e-05
1.59034e-05
2.07127e-05
2.10396e-05
1.07746e-05
1.07509e-05
3.35216e-05
3.7824e-05
3.05761e-05
2.22362e-05
1.62415e-05
1.47631e-05
1.59335e-05
1.79962e-05
2.02752e-05
2.37132e-05
2.72828e-05
3.13988e-05
3.49532e-05
3.87508e-05
4.15355e-05
4.41365e-05
4.60562e-05
4.75018e-05
4.84912e-05
4.94387e-05
4.98861e-05
4.99537e-05
4.97241e-05
4.9161e-05
4.82498e-05
4.69185e-05
4.50408e-05
4.24093e-05
3.87461e-05
3.3801e-05
2.76903e-05
2.09123e-05
1.48599e-05
1.11943e-05
1.04718e-05
1.27146e-05
1.88315e-05
2.04232e-05
1.36043e-05
1.14923e-05
3.31457e-05
3.76573e-05
2.87593e-05
1.97452e-05
1.53901e-05
1.53176e-05
1.72385e-05
1.95322e-05
2.24021e-05
2.65076e-05
3.05177e-05
3.48708e-05
3.85447e-05
4.2142e-05
4.47788e-05
4.71764e-05
4.89312e-05
5.04088e-05
5.12381e-05
5.20035e-05
5.2494e-05
5.24828e-05
5.22247e-05
5.16572e-05
5.07965e-05
4.96028e-05
4.79956e-05
4.58207e-05
4.28268e-05
3.86569e-05
3.2957e-05
2.59069e-05
1.85298e-05
1.32067e-05
1.10824e-05
1.21356e-05
1.66649e-05
1.99841e-05
1.63707e-05
1.2139e-05
3.21465e-05
3.71705e-05
2.69879e-05
1.79699e-05
1.51988e-05
1.61461e-05
1.85586e-05
2.09883e-05
2.45636e-05
2.91462e-05
3.34236e-05
3.78116e-05
4.14392e-05
4.47808e-05
4.72934e-05
4.95186e-05
5.1194e-05
5.26451e-05
5.3504e-05
5.402e-05
5.45848e-05
5.45147e-05
5.42264e-05
5.36514e-05
5.28251e-05
5.17349e-05
5.03277e-05
4.84767e-05
4.59534e-05
4.24021e-05
3.73581e-05
3.04602e-05
2.23263e-05
1.49191e-05
1.09293e-05
1.09109e-05
1.44953e-05
1.98352e-05
1.87138e-05
1.27632e-05
3.10408e-05
3.62199e-05
2.52777e-05
1.70684e-05
1.53796e-05
1.70478e-05
1.96988e-05
2.24118e-05
2.66126e-05
3.14705e-05
3.58612e-05
4.01522e-05
4.36644e-05
4.67813e-05
4.92089e-05
5.13269e-05
5.29908e-05
5.4387e-05
5.52606e-05
5.56953e-05
5.62724e-05
5.61668e-05
5.58253e-05
5.52031e-05
5.43441e-05
5.32649e-05
5.19498e-05
5.03204e-05
4.82003e-05
4.52746e-05
4.1065e-05
3.4994e-05
2.68371e-05
1.81305e-05
1.22715e-05
1.087e-05
1.32138e-05
1.96093e-05
2.05967e-05
1.33596e-05
2.93763e-05
3.51797e-05
2.40257e-05
1.6631e-05
1.57347e-05
1.78916e-05
2.06551e-05
2.37558e-05
2.84174e-05
3.33789e-05
3.77771e-05
4.19138e-05
4.53016e-05
4.82495e-05
5.06274e-05
5.26904e-05
5.43639e-05
5.57182e-05
5.66091e-05
5.704e-05
5.75978e-05
5.74834e-05
5.70949e-05
5.64271e-05
5.55269e-05
5.44296e-05
5.31441e-05
5.16239e-05
4.97283e-05
4.71728e-05
4.34869e-05
3.80256e-05
3.0284e-05
2.1007e-05
1.3436e-05
1.07606e-05
1.27053e-05
1.82063e-05
2.209e-05
1.389e-05
2.74602e-05
3.40055e-05
2.31701e-05
1.64117e-05
1.61153e-05
1.86194e-05
2.14821e-05
2.49396e-05
2.98802e-05
3.48394e-05
3.91856e-05
4.31555e-05
4.64318e-05
4.92599e-05
5.16081e-05
5.36429e-05
5.5325e-05
5.66726e-05
5.75789e-05
5.80172e-05
5.85305e-05
5.84276e-05
5.80085e-05
5.73073e-05
5.63721e-05
5.52512e-05
5.39767e-05
5.25394e-05
5.08521e-05
4.86884e-05
4.56227e-05
4.09685e-05
3.38552e-05
2.41684e-05
1.50222e-05
1.10201e-05
1.22801e-05
1.77718e-05
2.32752e-05
1.43599e-05
2.55869e-05
3.29118e-05
2.27389e-05
1.64552e-05
1.64729e-05
1.91898e-05
2.2162e-05
2.59009e-05
3.09593e-05
3.5844e-05
4.0106e-05
4.39265e-05
4.71132e-05
4.98569e-05
5.21815e-05
5.41955e-05
5.5877e-05
5.72171e-05
5.81402e-05
5.86097e-05
5.90211e-05
5.89459e-05
5.85214e-05
5.78125e-05
5.68661e-05
5.57339e-05
5.44579e-05
5.30477e-05
5.14519e-05
4.94841e-05
4.67635e-05
4.26543e-05
3.62972e-05
2.71107e-05
1.6926e-05
1.13357e-05
1.20707e-05
1.71245e-05
2.42015e-05
1.47673e-05
2.38275e-05
3.15966e-05
2.25928e-05
1.64423e-05
1.67175e-05
1.96212e-05
2.27074e-05
2.65978e-05
3.16328e-05
3.64394e-05
4.06238e-05
4.43062e-05
4.74058e-05
5.00748e-05
5.23655e-05
5.43502e-05
5.60145e-05
5.73365e-05
5.82629e-05
5.87473e-05
5.90685e-05
5.90092e-05
5.86035e-05
5.79179e-05
5.69937e-05
5.5884e-05
5.46385e-05
5.32795e-05
5.18007e-05
5.00641e-05
4.77327e-05
4.41637e-05
3.83834e-05
2.94105e-05
1.84955e-05
1.17453e-05
1.19718e-05
1.69402e-05
2.49335e-05
1.51122e-05
2.21818e-05
3.05044e-05
2.26933e-05
1.67837e-05
1.68973e-05
1.9845e-05
2.30253e-05
2.69903e-05
3.19318e-05
3.66019e-05
4.06683e-05
4.42472e-05
4.72865e-05
4.99027e-05
5.21607e-05
5.41093e-05
5.57357e-05
5.70178e-05
5.79275e-05
5.84177e-05
5.86741e-05
5.86231e-05
5.826e-05
5.76229e-05
5.67476e-05
5.56842e-05
5.44879e-05
5.31698e-05
5.17626e-05
5.01647e-05
4.80964e-05
4.49604e-05
3.98413e-05
3.16238e-05
2.04173e-05
1.21931e-05
1.18933e-05
1.67568e-05
2.55051e-05
1.53537e-05
2.04754e-05
2.88554e-05
2.3066e-05
1.69859e-05
1.6931e-05
1.9923e-05
2.32046e-05
2.71213e-05
3.18545e-05
3.64621e-05
4.05193e-05
4.39863e-05
4.69386e-05
4.9478e-05
5.16593e-05
5.35148e-05
5.50473e-05
5.62569e-05
5.71318e-05
5.76298e-05
5.78074e-05
5.76845e-05
5.73398e-05
5.6773e-05
5.60453e-05
5.51545e-05
5.4045e-05
5.27911e-05
5.14829e-05
5.00452e-05
4.82511e-05
4.54911e-05
4.0794e-05
3.29554e-05
2.16857e-05
1.25923e-05
1.18571e-05
1.68698e-05
2.59534e-05
1.54327e-05
1.87537e-05
2.73307e-05
2.3217e-05
1.72796e-05
1.69047e-05
1.97229e-05
2.30488e-05
2.68478e-05
3.13372e-05
3.57495e-05
3.96627e-05
4.30909e-05
4.59859e-05
4.84295e-05
5.05005e-05
5.22595e-05
5.37412e-05
5.49525e-05
5.58735e-05
5.6464e-05
5.66846e-05
5.65784e-05
5.62331e-05
5.5656e-05
5.49576e-05
5.41128e-05
5.31366e-05
5.20715e-05
5.09077e-05
4.95991e-05
4.80435e-05
4.56486e-05
4.14477e-05
3.41712e-05
2.31575e-05
1.3027e-05
1.17564e-05
1.70031e-05
2.63159e-05
1.53801e-05
1.72045e-05
2.58627e-05
2.33963e-05
1.77033e-05
1.68533e-05
1.94592e-05
2.27626e-05
2.64918e-05
3.07601e-05
3.49247e-05
3.87143e-05
4.20386e-05
4.48712e-05
4.72749e-05
4.93216e-05
5.107e-05
5.2551e-05
5.37523e-05
5.46398e-05
5.51901e-05
5.53668e-05
5.53637e-05
5.52148e-05
5.47796e-05
5.40949e-05
5.3173e-05
5.20941e-05
5.09916e-05
4.99124e-05
4.8879e-05
4.76119e-05
4.55398e-05
4.16771e-05
3.47671e-05
2.39322e-05
1.33436e-05
1.16761e-05
1.71074e-05
2.6621e-05
1.52022e-05
1.60531e-05
2.40322e-05
2.36582e-05
1.85519e-05
1.68983e-05
1.91072e-05
2.23136e-05
2.58538e-05
2.98526e-05
3.39401e-05
3.76416e-05
4.08535e-05
4.363e-05
4.60272e-05
4.80714e-05
4.97945e-05
5.12035e-05
5.23005e-05
5.31043e-05
5.36207e-05
5.37522e-05
5.37417e-05
5.36699e-05
5.3378e-05
5.29297e-05
5.22838e-05
5.13402e-05
5.01512e-05
4.88616e-05
4.78592e-05
4.6808e-05
4.51261e-05
4.16279e-05
3.50628e-05
2.45546e-05
1.36571e-05
1.15512e-05
1.75735e-05
2.68872e-05
1.48127e-05
1.51845e-05
2.20995e-05
2.34002e-05
1.89049e-05
1.67009e-05
1.85277e-05
2.15843e-05
2.50335e-05
2.87477e-05
3.25813e-05
3.62041e-05
3.94122e-05
4.21505e-05
4.44509e-05
4.63786e-05
4.79855e-05
4.9298e-05
5.03403e-05
5.1127e-05
5.17134e-05
5.18771e-05
5.19186e-05
5.19051e-05
5.16531e-05
5.12198e-05
5.06192e-05
4.9898e-05
4.91019e-05
4.81225e-05
4.70702e-05
4.59488e-05
4.45361e-05
4.14982e-05
3.51682e-05
2.47883e-05
1.37902e-05
1.13661e-05
1.7773e-05
2.71275e-05
1.41795e-05
1.46996e-05
2.03472e-05
2.30761e-05
2.00151e-05
1.72756e-05
1.79807e-05
2.07221e-05
2.38808e-05
2.72943e-05
3.08114e-05
3.42734e-05
3.74373e-05
4.01673e-05
4.24514e-05
4.43469e-05
4.59222e-05
4.7214e-05
4.82484e-05
4.90357e-05
4.96969e-05
4.98478e-05
4.99448e-05
5.00116e-05
4.98414e-05
4.94869e-05
4.89519e-05
4.82252e-05
4.73626e-05
4.65696e-05
4.60121e-05
4.52408e-05
4.40423e-05
4.11082e-05
3.48716e-05
2.4773e-05
1.38129e-05
1.11852e-05
1.82199e-05
2.73484e-05
1.33003e-05
1.45219e-05
1.91364e-05
2.21212e-05
2.00409e-05
1.70941e-05
1.73064e-05
1.98267e-05
2.27865e-05
2.59557e-05
2.91602e-05
3.23066e-05
3.52632e-05
3.79096e-05
4.01877e-05
4.21025e-05
4.36791e-05
4.49659e-05
4.59998e-05
4.67816e-05
4.75053e-05
4.76613e-05
4.78197e-05
4.79857e-05
4.78852e-05
4.76124e-05
4.71652e-05
4.65361e-05
4.58134e-05
4.50274e-05
4.44331e-05
4.39015e-05
4.30701e-05
4.03091e-05
3.42138e-05
2.45748e-05
1.3678e-05
1.09342e-05
1.85215e-05
2.75566e-05
1.21685e-05
1.43076e-05
1.80651e-05
2.179e-05
2.11965e-05
1.82456e-05
1.71291e-05
1.86979e-05
2.13654e-05
2.41949e-05
2.71409e-05
3.00498e-05
3.28393e-05
3.54027e-05
3.76581e-05
3.95783e-05
4.11743e-05
4.24803e-05
4.35396e-05
4.43415e-05
4.51357e-05
4.53223e-05
4.55406e-05
4.58022e-05
4.57797e-05
4.55869e-05
4.5233e-05
4.47013e-05
4.41153e-05
4.34731e-05
4.313e-05
4.25972e-05
4.18629e-05
3.94093e-05
3.31911e-05
2.38853e-05
1.33995e-05
1.07011e-05
1.89544e-05
2.77559e-05
1.07725e-05
1.36543e-05
1.75843e-05
2.0286e-05
2.06123e-05
1.8536e-05
1.69159e-05
1.78403e-05
2.01987e-05
2.27229e-05
2.52857e-05
2.78545e-05
3.03393e-05
3.26876e-05
3.48354e-05
3.67288e-05
3.83471e-05
3.97006e-05
4.07978e-05
4.17232e-05
4.24973e-05
4.27649e-05
4.31117e-05
4.34488e-05
4.35111e-05
4.34047e-05
4.31623e-05
4.27493e-05
4.23441e-05
4.18454e-05
4.16973e-05
4.12124e-05
4.05888e-05
3.81701e-05
3.17653e-05
2.29309e-05
1.29193e-05
1.03965e-05
1.92919e-05
2.79497e-05
9.1855e-06
1.3932e-05
1.69683e-05
2.12057e-05
2.15195e-05
1.96386e-05
1.75032e-05
1.6997e-05
1.86454e-05
2.09905e-05
2.32665e-05
2.55387e-05
2.77936e-05
2.99428e-05
3.19332e-05
3.37358e-05
3.53147e-05
3.67009e-05
3.77859e-05
3.89435e-05
3.95596e-05
3.99684e-05
4.0526e-05
4.08952e-05
4.10616e-05
4.10599e-05
4.09626e-05
4.07012e-05
4.05186e-05
4.01687e-05
4.02204e-05
3.96373e-05
3.89564e-05
3.6431e-05
2.98225e-05
2.15133e-05
1.2235e-05
1.01298e-05
1.97185e-05
2.81427e-05
7.51267e-06
1.34593e-05
1.66379e-05
1.89382e-05
2.17797e-05
2.03633e-05
1.82999e-05
1.69154e-05
1.7584e-05
1.94585e-05
2.14776e-05
2.33336e-05
2.51464e-05
2.69907e-05
2.88024e-05
3.04946e-05
3.20504e-05
3.34134e-05
3.4631e-05
3.57957e-05
3.63212e-05
3.70057e-05
3.77156e-05
3.81251e-05
3.8428e-05
3.85584e-05
3.86526e-05
3.85806e-05
3.86415e-05
3.84065e-05
3.8579e-05
3.77139e-05
3.6776e-05
3.41251e-05
2.73567e-05
1.9686e-05
1.13677e-05
9.82803e-06
2.00887e-05
2.83387e-05
5.9757e-06
1.26725e-05
1.72397e-05
1.87191e-05
2.15397e-05
2.16277e-05
1.96321e-05
1.77642e-05
1.69073e-05
1.80265e-05
1.97991e-05
2.15481e-05
2.30768e-05
2.44545e-05
2.583e-05
2.72594e-05
2.858e-05
2.99711e-05
3.11648e-05
3.21835e-05
3.29721e-05
3.38294e-05
3.46149e-05
3.51605e-05
3.56383e-05
3.59227e-05
3.62614e-05
3.6394e-05
3.66418e-05
3.64122e-05
3.62285e-05
3.48409e-05
3.38925e-05
3.10795e-05
2.42725e-05
1.72916e-05
1.02994e-05
9.63686e-06
2.05034e-05
2.85423e-05
4.83931e-06
1.17696e-05
1.71503e-05
1.89334e-05
2.02106e-05
2.27242e-05
2.10006e-05
1.91214e-05
1.7509e-05
1.7064e-05
1.81431e-05
1.96386e-05
2.1119e-05
2.24721e-05
2.36507e-05
2.47125e-05
2.58407e-05
2.69448e-05
2.80007e-05
2.8845e-05
2.97767e-05
3.07148e-05
3.15061e-05
3.21455e-05
3.27687e-05
3.32106e-05
3.36851e-05
3.36746e-05
3.37605e-05
3.31284e-05
3.27801e-05
3.13574e-05
3.04881e-05
2.68279e-05
2.05518e-05
1.44785e-05
9.11263e-06
9.39081e-06
2.08575e-05
2.87555e-05
4.63655e-06
1.04261e-05
1.69151e-05
1.94891e-05
2.03338e-05
2.18456e-05
2.28967e-05
2.11159e-05
1.947e-05
1.80153e-05
1.75914e-05
1.81753e-05
1.91707e-05
2.02716e-05
2.13692e-05
2.23943e-05
2.33938e-05
2.44408e-05
2.53351e-05
2.59891e-05
2.68725e-05
2.76955e-05
2.84473e-05
2.90275e-05
2.96006e-05
2.98557e-05
3.01508e-05
2.99751e-05
2.99937e-05
2.92277e-05
2.88298e-05
2.69891e-05
2.54444e-05
2.11493e-05
1.62378e-05
1.15746e-05
8.04241e-06
9.23703e-06
2.1201e-05
2.8988e-05
4.6614e-06
9.73188e-06
1.62436e-05
1.94451e-05
2.08015e-05
2.17208e-05
2.31141e-05
2.32938e-05
2.17109e-05
2.02097e-05
1.8982e-05
1.82224e-05
1.82453e-05
1.86641e-05
1.92892e-05
1.9993e-05
2.07234e-05
2.14472e-05
2.23568e-05
2.30157e-05
2.34907e-05
2.41275e-05
2.47661e-05
2.51383e-05
2.55568e-05
2.56136e-05
2.57319e-05
2.52611e-05
2.48967e-05
2.36683e-05
2.25869e-05
2.04065e-05
1.83159e-05
1.49127e-05
1.1941e-05
9.27709e-06
6.78059e-06
9.25206e-06
2.15067e-05
2.92676e-05
4.71724e-06
1.04231e-05
1.60742e-05
1.97587e-05
2.19923e-05
2.28634e-05
2.37792e-05
2.49725e-05
2.51481e-05
2.36801e-05
2.2123e-05
2.05737e-05
1.96992e-05
1.92129e-05
1.90075e-05
1.89721e-05
1.90661e-05
1.91606e-05
1.93719e-05
1.95889e-05
1.97277e-05
1.98339e-05
1.98464e-05
1.97932e-05
1.97783e-05
1.93677e-05
1.90171e-05
1.8186e-05
1.74576e-05
1.61488e-05
1.50784e-05
1.33786e-05
1.19784e-05
1.01157e-05
8.42789e-06
6.72876e-06
6.17111e-06
9.96521e-06
2.20077e-05
2.96492e-05
5.40664e-06
9.72004e-06
1.41214e-05
1.78785e-05
2.10097e-05
2.3197e-05
2.46669e-05
2.61729e-05
2.77234e-05
2.89742e-05
2.86681e-05
2.78986e-05
2.6441e-05
2.47237e-05
2.29532e-05
2.12594e-05
1.96784e-05
1.82667e-05
1.69366e-05
1.5861e-05
1.49771e-05
1.41398e-05
1.33964e-05
1.26798e-05
1.20641e-05
1.13139e-05
1.07311e-05
9.89608e-06
9.1244e-06
8.28157e-06
7.56811e-06
6.82138e-06
6.27427e-06
5.7103e-06
5.51034e-06
5.70375e-06
7.05941e-06
1.19449e-05
2.34616e-05
3.02427e-05
6.84556e-06
5.92735e-06
8.24934e-06
1.11268e-05
1.3969e-05
1.63546e-05
1.80027e-05
1.89955e-05
1.92958e-05
1.96137e-05
1.91991e-05
1.82695e-05
1.70348e-05
1.56625e-05
1.42797e-05
1.29498e-05
1.17479e-05
1.06486e-05
9.72748e-06
8.86075e-06
8.13477e-06
7.53262e-06
7.03234e-06
6.60513e-06
6.28853e-06
6.04028e-06
5.87032e-06
5.72096e-06
5.7016e-06
5.72112e-06
5.80103e-06
6.05951e-06
6.3674e-06
6.94202e-06
7.66282e-06
8.9227e-06
1.09989e-05
1.60569e-05
2.54632e-05
3.10881e-05
1.07556e-05
8.1075e-06
1.01511e-05
1.11005e-05
1.16058e-05
1.19193e-05
1.20937e-05
1.2196e-05
1.20871e-05
1.19915e-05
1.18565e-05
1.16504e-05
1.14198e-05
1.11816e-05
1.09714e-05
1.07825e-05
1.06613e-05
1.05581e-05
1.05538e-05
1.05703e-05
1.06243e-05
1.07434e-05
1.09041e-05
1.11215e-05
1.13768e-05
1.16993e-05
1.20591e-05
1.25015e-05
1.29846e-05
1.35773e-05
1.41783e-05
1.4922e-05
1.5613e-05
1.65557e-05
1.7433e-05
1.88158e-05
2.03497e-05
2.38406e-05
2.77429e-05
3.24803e-05
2.69816e-05
3.36113e-05
3.69329e-05
3.81734e-05
3.86018e-05
3.85813e-05
3.8422e-05
3.80664e-05
3.76091e-05
3.71309e-05
3.66668e-05
3.62333e-05
3.58377e-05
3.54804e-05
3.51598e-05
3.4872e-05
3.46144e-05
3.43829e-05
3.41753e-05
3.39891e-05
3.38222e-05
3.36734e-05
3.35417e-05
3.34263e-05
3.33269e-05
3.32428e-05
3.31749e-05
3.31218e-05
3.30867e-05
3.30656e-05
3.30671e-05
3.30766e-05
3.30843e-05
3.31223e-05
3.317e-05
3.32556e-05
3.34296e-05
3.36395e-05
3.46672e-05
3.41816e-05
)
;

boundaryField
{
    movingWall
    {
        type            nutkWallFunction;
        blending        stepwise;
        value           uniform 0;
    }
    fixedWalls
    {
        type            nutkWallFunction;
        blending        stepwise;
        value           uniform 0;
    }
    frontAndBack
    {
        type            empty;
    }
}


// ************************************************************************* //
