/*--------------------------------*- C++ -*----------------------------------*\
| =========                 |                                                 |
| \\      /  F ield         | OpenFOAM: The Open Source CFD Toolbox           |
|  \\    /   O peration     | Version:  2412                                  |
|   \\  /    A nd           | Website:  www.openfoam.com                      |
|    \\/     M anipulation  |                                                 |
\*---------------------------------------------------------------------------*/
FoamFile
{
    version     2.0;
    format      ascii;
    arch        "LSB;label=32;scalar=64";
    class       volScalarField;
    location    "6.25";
    object      p;
}
// * * * * * * * * * * * * * * * * * * * * * * * * * * * * * * * * * * * * * //

dimensions      [0 2 -2 0 0 0 0];

internalField   nonuniform List<scalar> 
1600
(
4.02442e-08
-2.33644e-05
-9.94615e-05
-0.000201504
-0.000296855
-0.000380458
-0.00047248
-0.000592765
-0.000749308
-0.000966968
-0.00127448
-0.00164074
-0.00204226
-0.00253238
-0.00316118
-0.00390934
-0.00474647
-0.00563504
-0.00650474
-0.00723836
-0.00767953
-0.00767195
-0.00712113
-0.00600833
-0.00436495
-0.00226294
0.000163493
0.00270675
0.00508387
0.00695976
0.00803553
0.00819966
0.0075995
0.00651841
0.00539493
0.00455841
0.00412231
0.00404562
0.0041183
0.00419356
-1.56826e-05
-5.20148e-05
-0.000133579
-0.00022867
-0.000299811
-0.000351183
-0.000417129
-0.000514578
-0.000637455
-0.000793155
-0.00103918
-0.00142456
-0.00192934
-0.00255677
-0.00335308
-0.00432403
-0.0054127
-0.00650053
-0.00745554
-0.00816431
-0.00852635
-0.00846084
-0.00792028
-0.00688533
-0.00535548
-0.00338064
-0.00107168
0.00138836
0.00373728
0.00565725
0.0068568
0.0071971
0.00676461
0.00584929
0.0048393
0.00409756
0.00378066
0.00381937
0.00398528
0.00409654
-2.25382e-05
-8.7456e-05
-0.000188712
-0.000275542
-0.000319414
-0.000329639
-0.000353875
-0.000425394
-0.000564262
-0.000786111
-0.00114676
-0.0017215
-0.00253347
-0.00354542
-0.00470349
-0.00594538
-0.0071867
-0.00832867
-0.00927274
-0.00992995
-0.0102381
-0.0101526
-0.00963387
-0.00866136
-0.00724162
-0.00540457
-0.00321641
-0.00081703
0.00157229
0.00366457
0.00516661
0.00588353
0.00582542
0.00522431
0.00443776
0.00381886
0.00353489
0.00356081
0.00374229
0.00386392
7.28715e-06
-9.49947e-05
-0.000220289
-0.000299286
-0.00031517
-0.000314467
-0.000341494
-0.000439773
-0.000681699
-0.00114976
-0.00188658
-0.00289905
-0.00413583
-0.0055112
-0.00693268
-0.00832079
-0.00960037
-0.0107168
-0.0116102
-0.0122194
-0.0124987
-0.0124335
-0.0120105
-0.0111911
-0.00995791
-0.00832904
-0.00634549
-0.00408973
-0.00170458
0.000597001
0.00254869
0.00389232
0.0044971
0.00446039
0.00407428
0.0036657
0.00344105
0.00343716
0.00355996
0.00362472
0.000145086
-6.34291e-06
-0.000147071
-0.000228822
-0.000259607
-0.00029502
-0.000414621
-0.000705023
-0.00126512
-0.0021622
-0.00338034
-0.00484274
-0.00643679
-0.00806028
-0.00962272
-0.0110613
-0.0123282
-0.013387
-0.0142045
-0.0147519
-0.0150133
-0.0149721
-0.0146107
-0.0139283
-0.0129186
-0.0115763
-0.00991438
-0.00795492
-0.00575628
-0.00342878
-0.00114586
0.000862852
0.00236013
0.00321983
0.00353858
0.00354223
0.00346334
0.00345857
0.00346844
0.0034456
0.000446969
0.000234008
7.05855e-05
-4.72957e-05
-0.000152908
-0.000333994
-0.000700283
-0.00136646
-0.00240386
-0.00380314
-0.00547119
-0.00727811
-0.00909514
-0.0108228
-0.0123973
-0.0137771
-0.014941
-0.0158736
-0.0165651
-0.0170042
-0.0171854
-0.017119
-0.0168078
-0.01625
-0.015443
-0.0143845
-0.0130724
-0.0114989
-0.00965957
-0.00756672
-0.00527478
-0.00290363
-0.000651522
0.00122556
0.00252635
0.00322675
0.00346416
0.00348038
0.0033954
0.00329079
0.000899993
0.000629522
0.000411455
0.000210122
-6.07128e-05
-0.000518837
-0.00128737
-0.0024566
-0.00402192
-0.00588194
-0.00788396
-0.00987713
-0.0117499
-0.013433
-0.0148946
-0.0161229
-0.0171217
-0.0178977
-0.0184575
-0.0188022
-0.0189346
-0.0188605
-0.0185817
-0.0181037
-0.0174335
-0.0165738
-0.015525
-0.0142802
-0.0128177
-0.0111002
-0.00908539
-0.00675847
-0.0041836
-0.00155558
0.000779545
0.00245009
0.00327412
0.00340487
0.00326089
0.00309051
0.00143291
0.00110132
0.000793443
0.000444286
-8.6496e-05
-0.000940823
-0.00221773
-0.00392842
-0.00596544
-0.00815631
-0.0103253
-0.0123428
-0.0141368
-0.0156808
-0.0169778
-0.0180431
-0.0188968
-0.0195545
-0.0200268
-0.0203182
-0.0204299
-0.0203604
-0.020111
-0.0196875
-0.0190999
-0.0183554
-0.017461
-0.0164196
-0.0152189
-0.0138228
-0.012163
-0.0101451
-0.00768499
-0.00479819
-0.00173425
0.000957424
0.00265456
0.00316571
0.00305899
0.00280391
0.0019257
0.00151203
0.00107779
0.000526242
-0.00034613
-0.00167312
-0.00348304
-0.00567173
-0.00804585
-0.0104025
-0.012586
-0.0145141
-0.0161642
-0.0175496
-0.0186994
-0.0196423
-0.0204014
-0.0209904
-0.0214162
-0.0216819
-0.0217867
-0.0217275
-0.0215052
-0.0211245
-0.0205931
-0.0199185
-0.0191101
-0.0181767
-0.0171193
-0.0159192
-0.0145253
-0.0128407
-0.0107213
-0.00801864
-0.00473755
-0.0013004
0.0014112
0.00269091
0.00278017
0.00237499
0.00220582
0.0017091
0.00112485
0.000329492
-0.000931426
-0.00273782
-0.00501183
-0.0075447
-0.0100975
-0.0124753
-0.0145719
-0.0163601
-0.0178613
-0.0191147
-0.0201595
-0.0210249
-0.021729
-0.0222805
-0.0226826
-0.0229363
-0.0230407
-0.0229938
-0.0227961
-0.0224516
-0.0219652
-0.0213426
-0.0205917
-0.0197207
-0.0187359
-0.0176345
-0.0163917
-0.0149419
-0.0131564
-0.0108353
-0.0077857
-0.00409472
-0.000501446
0.00180711
0.00230498
0.00175803
0.00215414
0.00156971
0.000827212
-0.000229184
-0.00186667
-0.00408666
-0.00669681
-0.0094218
-0.012012
-0.0143116
-0.016274
-0.0179198
-0.0192979
-0.0204569
-0.021434
-0.0222524
-0.0229239
-0.0234533
-0.0238421
-0.0240901
-0.0241972
-0.0241626
-0.0239869
-0.0236734
-0.023225
-0.0226461
-0.0219418
-0.0211178
-0.0201797
-0.0191301
-0.017962
-0.0166434
-0.0150909
-0.0131358
-0.010518
-0.00702976
-0.00297002
0.000362199
0.00150142
0.00102139
0.00168538
0.00103266
0.000142634
-0.00115516
-0.00310792
-0.0056272
-0.00843163
-0.0112116
-0.0137354
-0.0159047
-0.0177258
-0.0192502
-0.0205368
-0.021632
-0.0225656
-0.0233537
-0.0240036
-0.0245179
-0.0248977
-0.0251427
-0.0252534
-0.0252301
-0.0250737
-0.0247867
-0.0243711
-0.02383
-0.0231666
-0.022384
-0.0214856
-0.0204741
-0.0193493
-0.0181002
-0.0166841
-0.0149914
-0.0127982
-0.00976551
-0.0057383
-0.00163724
0.000408948
0.000184071
0.000804137
0.000111191
-0.000897051
-0.00238702
-0.00456326
-0.00725707
-0.0101276
-0.0128561
-0.015253
-0.0172769
-0.0189708
-0.0203994
-0.02162
-0.0226711
-0.0235744
-0.0243403
-0.0249735
-0.025476
-0.0258486
-0.0260915
-0.0262058
-0.0261923
-0.0260522
-0.0257879
-0.0254005
-0.0248925
-0.0242656
-0.0235215
-0.0226615
-0.0216867
-0.0205982
-0.0193943
-0.0180584
-0.0165314
-0.0146625
-0.01213
-0.00849875
-0.0040475
-0.00101672
-0.000882943
-0.000407924
-0.00111183
-0.00220104
-0.00382069
-0.00612306
-0.00888027
-0.0117161
-0.0143256
-0.0165715
-0.0184574
-0.0200447
-0.0213995
-0.0225712
-0.0235892
-0.0244685
-0.025216
-0.025835
-0.0263271
-0.0266935
-0.0269346
-0.027052
-0.0270468
-0.0269204
-0.0266751
-0.0263119
-0.0258326
-0.0252384
-0.02453
-0.0237075
-0.0227709
-0.0217206
-0.0205577
-0.0192791
-0.0178581
-0.0162086
-0.0141007
-0.0110271
-0.00667736
-0.00286863
-0.00229001
-0.00182567
-0.0025143
-0.00364757
-0.00533555
-0.00768056
-0.0104156
-0.0131498
-0.0156093
-0.0177055
-0.0194703
-0.0209711
-0.0222681
-0.0234011
-0.0243919
-0.0252505
-0.0259818
-0.026588
-0.0270708
-0.0274316
-0.027671
-0.0277907
-0.0277923
-0.0276774
-0.0274479
-0.0271052
-0.0266506
-0.0260853
-0.0254096
-0.0246231
-0.0237252
-0.0227158
-0.0215964
-0.0203696
-0.0190277
-0.017529
-0.0157374
-0.0132172
-0.0093069
-0.0051368
-0.00407224
-0.00331156
-0.00396494
-0.00511204
-0.00681697
-0.00914369
-0.0118015
-0.0144009
-0.0167067
-0.018668
-0.0203314
-0.0217624
-0.0230128
-0.0241137
-0.0250807
-0.0259209
-0.0266374
-0.0272322
-0.0277068
-0.0280624
-0.0283001
-0.0284217
-0.0284287
-0.0283229
-0.0281065
-0.0277807
-0.0273471
-0.0268069
-0.0261604
-0.0254073
-0.0245471
-0.0235796
-0.0225065
-0.0213326
-0.0200608
-0.0186765
-0.0171104
-0.0150573
-0.0117521
-0.00767537
-0.00615001
-0.00473884
-0.00534381
-0.00648117
-0.00816956
-0.0104414
-0.0129951
-0.0154541
-0.0176199
-0.0194674
-0.0210484
-0.0224233
-0.0236356
-0.0247092
-0.0256554
-0.0264791
-0.0271826
-0.0277674
-0.0282348
-0.028586
-0.0288221
-0.028945
-0.0289562
-0.0288576
-0.0286515
-0.0283392
-0.0279228
-0.0274037
-0.0267825
-0.0260594
-0.0252343
-0.0243074
-0.0232808
-0.0221607
-0.0209555
-0.0196686
-0.0182706
-0.0165802
-0.0138891
-0.0102612
-0.00835717
-0.00600142
-0.00655261
-0.00766771
-0.00932083
-0.0115227
-0.0139706
-0.016302
-0.0183507
-0.0201072
-0.0216236
-0.0229542
-0.0241354
-0.025186
-0.0261144
-0.0269241
-0.0276167
-0.0281932
-0.0286546
-0.0290023
-0.0292371
-0.0293608
-0.0293751
-0.0292819
-0.0290835
-0.0287816
-0.0283786
-0.0278762
-0.0272759
-0.0265784
-0.0257843
-0.0248946
-0.0239122
-0.0228442
-0.0217022
-0.0205027
-0.0192372
-0.0178221
-0.015676
-0.0126965
-0.0104733
-0.00701866
-0.00751993
-0.00861177
-0.010226
-0.0123568
-0.0147094
-0.0169384
-0.0188984
-0.0205877
-0.0220563
-0.0233532
-0.02451
-0.0255421
-0.0264562
-0.0272547
-0.0279388
-0.028509
-0.0289661
-0.0293112
-0.0295451
-0.0296695
-0.0296859
-0.0295963
-0.0294032
-0.0291085
-0.0287149
-0.0282248
-0.0276403
-0.0269631
-0.0261945
-0.0253366
-0.0243933
-0.0233726
-0.022288
-0.0211672
-0.0200091
-0.0188057
-0.0171192
-0.0148226
-0.0123393
-0.00773813
-0.00820101
-0.00927964
-0.0108602
-0.012925
-0.0152063
-0.0173614
-0.0192626
-0.0209082
-0.0223445
-0.0236179
-0.0247568
-0.0257754
-0.026679
-0.0274698
-0.0281481
-0.0287144
-0.029169
-0.0295127
-0.0297462
-0.0298711
-0.0298889
-0.0298013
-0.0296112
-0.0293204
-0.0289322
-0.0284495
-0.0278752
-0.0272118
-0.0264618
-0.0256284
-0.0247165
-0.023736
-0.022701
-0.021649
-0.0205751
-0.0195275
-0.0182057
-0.0164759
-0.0139849
-0.00813131
-0.00858307
-0.00965727
-0.0112125
-0.0132225
-0.0154609
-0.0175736
-0.0194434
-0.0210658
-0.0224845
-0.0237443
-0.0248727
-0.0258834
-0.0267812
-0.027568
-0.0282439
-0.028809
-0.0292633
-0.0296072
-0.0298412
-0.0299667
-0.0299851
-0.0298981
-0.0297084
-0.0294184
-0.0290315
-0.0285511
-0.0279808
-0.027324
-0.0265844
-0.0257661
-0.0248756
-0.023925
-0.0229295
-0.0219329
-0.0209211
-0.0199863
-0.0189253
-0.0175753
-0.0154347
-0.00820734
-0.00866786
-0.00974775
-0.0112873
-0.013263
-0.0154705
-0.0175766
-0.0194397
-0.0210567
-0.0224714
-0.023728
-0.024854
-0.0258629
-0.0267602
-0.0275475
-0.0282249
-0.0287919
-0.0292484
-0.0295944
-0.02983
-0.0299564
-0.0299749
-0.0298869
-0.0296954
-0.0294028
-0.0290129
-0.0285295
-0.0279567
-0.0272987
-0.0265604
-0.0257469
-0.0248661
-0.0239322
-0.0229605
-0.0220027
-0.0210323
-0.0201835
-0.0192942
-0.0181807
-0.0165528
-0.00801133
-0.00848376
-0.00957217
-0.0111045
-0.0130593
-0.0152452
-0.0173667
-0.0192459
-0.0208767
-0.0223021
-0.0235662
-0.024698
-0.0257121
-0.0266145
-0.0274072
-0.0280902
-0.0286628
-0.0291244
-0.0294747
-0.0297134
-0.0298414
-0.0298596
-0.0297694
-0.0295737
-0.029275
-0.0288772
-0.0283847
-0.0278021
-0.0271345
-0.0263875
-0.0255675
-0.0246838
-0.0237525
-0.022783
-0.0218461
-0.0208936
-0.020114
-0.0193263
-0.0183833
-0.0172156
-0.00761903
-0.00807883
-0.00917088
-0.0106944
-0.0126248
-0.0147978
-0.0169398
-0.0188542
-0.0205191
-0.0219716
-0.0232553
-0.0244019
-0.0254283
-0.0263421
-0.0271456
-0.027839
-0.0284214
-0.0288916
-0.0292488
-0.0294925
-0.029623
-0.0296411
-0.0295478
-0.0293456
-0.0290374
-0.0286269
-0.0281189
-0.0275184
-0.0268313
-0.0260641
-0.0252245
-0.0243223
-0.0233738
-0.0223966
-0.0214534
-0.0204916
-0.0197706
-0.0190217
-0.0182408
-0.0173874
-0.00711228
-0.00752205
-0.00859023
-0.0100913
-0.0119851
-0.0141401
-0.016302
-0.0182633
-0.0199785
-0.0214733
-0.0227895
-0.023961
-0.0250081
-0.0259402
-0.0267609
-0.0274702
-0.0280671
-0.0285499
-0.0289175
-0.0291686
-0.029303
-0.0293212
-0.0292239
-0.0290134
-0.0286923
-0.0282646
-0.0277348
-0.0271083
-0.0263913
-0.025591
-0.0247165
-0.0237791
-0.0227967
-0.0217891
-0.0208177
-0.019836
-0.0191336
-0.0183854
-0.0177615
-0.0170887
-0.0065638
-0.00688905
-0.0078834
-0.00933808
-0.0111761
-0.013292
-0.0154616
-0.0174716
-0.0192477
-0.0207987
-0.0221608
-0.0233691
-0.0244467
-0.0254058
-0.026251
-0.0269829
-0.0276
-0.0281005
-0.0284823
-0.0287437
-0.028884
-0.0289031
-0.0288014
-0.0285806
-0.0282434
-0.0277932
-0.027235
-0.0265738
-0.0258161
-0.0249697
-0.0240447
-0.0230536
-0.0220166
-0.0209562
-0.0199353
-0.0189118
-0.0182092
-0.0174365
-0.0169419
-0.0163646
-0.00602781
-0.00624947
-0.00711823
-0.00848678
-0.0102375
-0.0122788
-0.0144275
-0.0164747
-0.0183154
-0.0199345
-0.0213571
-0.0226161
-0.0237368
-0.0247336
-0.0256127
-0.0263752
-0.0270198
-0.0275439
-0.0279449
-0.0282204
-0.0283691
-0.0283905
-0.0282843
-0.0280516
-0.0276949
-0.0272173
-0.0266234
-0.0259182
-0.0251082
-0.0242015
-0.023209
-0.0221449
-0.0210317
-0.0198953
-0.0188024
-0.0177156
-0.0169947
-0.0161795
-0.0158109
-0.0152672
-0.00554057
-0.00566196
-0.00635866
-0.00758535
-0.00920656
-0.0111303
-0.0132147
-0.0152701
-0.0171677
-0.0188626
-0.0203608
-0.0216875
-0.0228671
-0.0239156
-0.0248408
-0.0256445
-0.0263254
-0.0268806
-0.027307
-0.0276014
-0.027762
-0.0277877
-0.0276775
-0.0274318
-0.0270526
-0.0265423
-0.0259054
-0.0251463
-0.0242713
-0.0232887
-0.0222105
-0.0210525
-0.0198406
-0.0186047
-0.0174163
-0.0162463
-0.0154878
-0.0146078
-0.0144013
-0.0138332
-0.00512726
-0.00516271
-0.00565309
-0.00668306
-0.00812193
-0.00987661
-0.0118414
-0.0138598
-0.0157916
-0.0175615
-0.0191489
-0.0205628
-0.0218215
-0.0229401
-0.0239273
-0.0247858
-0.0255146
-0.0261106
-0.0265702
-0.0268898
-0.0270668
-0.0270997
-0.0269867
-0.0267273
-0.0263227
-0.025775
-0.0250876
-0.0242644
-0.023311
-0.0222362
-0.0210528
-0.0197787
-0.0184449
-0.0170854
-0.0157787
-0.0145085
-0.0137026
-0.0127609
-0.0126478
-0.012039
-0.00479464
-0.00475713
-0.00503584
-0.00582779
-0.00702839
-0.00855325
-0.010334
-0.0122542
-0.0141796
-0.0160102
-0.017694
-0.0192149
-0.0205768
-0.0217894
-0.0228599
-0.0237914
-0.0245832
-0.0252325
-0.0257355
-0.0260881
-0.0262874
-0.0263315
-0.0262177
-0.0259446
-0.0255125
-0.0249227
-0.0241773
-0.0232797
-0.0222346
-0.0210508
-0.0197423
-0.0183302
-0.0168513
-0.0153451
-0.0138998
-0.0125163
-0.0116548
-0.0106265
-0.0105783
-0.00986009
-0.0045243
-0.00442159
-0.00453229
-0.00506051
-0.00596775
-0.00719611
-0.00872257
-0.0104733
-0.0123351
-0.0141953
-0.0159709
-0.017614
-0.0191048
-0.0204396
-0.0216203
-0.0226484
-0.0235232
-0.0242422
-0.0248015
-0.0251976
-0.0254271
-0.0254875
-0.0253759
-0.0250901
-0.0246294
-0.0239936
-0.0231834
-0.0222014
-0.0210519
-0.0197437
-0.0182919
-0.0167213
-0.0150754
-0.0134005
-0.0117993
-0.0102953
-0.00937338
-0.00823419
-0.00825219
-0.00734855
-0.00427725
-0.00413968
-0.0041572
-0.00441486
-0.0049739
-0.00584294
-0.00704209
-0.00854834
-0.0102786
-0.0121208
-0.0139676
-0.0157371
-0.0173782
-0.0188649
-0.0201868
-0.0213402
-0.0223229
-0.0231322
-0.0237648
-0.0242176
-0.0244873
-0.024571
-0.024466
-0.0241699
-0.0236808
-0.0229967
-0.0221169
-0.0210434
-0.0197801
-0.0183356
-0.0167261
-0.0149802
-0.0131475
-0.0112837
-0.00950849
-0.00787427
-0.00687568
-0.00560291
-0.00575471
-0.00465923
-0.00404177
-0.00393789
-0.0039014
-0.00390692
-0.00407987
-0.00452788
-0.00533129
-0.00652261
-0.00805311
-0.0098205
-0.0117018
-0.013585
-0.0153852
-0.0170472
-0.0185407
-0.0198506
-0.0209697
-0.0218939
-0.0226202
-0.023146
-0.0234683
-0.0235848
-0.0234932
-0.0231911
-0.0226758
-0.0219447
-0.0209958
-0.0198291
-0.0184483
-0.0168622
-0.015088
-0.013158
-0.0111259
-0.00905741
-0.00708772
-0.00529375
-0.00415379
-0.00268207
-0.00304015
-0.00167042
-0.00386104
-0.00381562
-0.00372432
-0.00350756
-0.00329006
-0.00327317
-0.00362884
-0.00445054
-0.00572718
-0.00736679
-0.00923854
-0.0112067
-0.0131557
-0.0150003
-0.0166851
-0.0181774
-0.0194602
-0.0205252
-0.021368
-0.0219856
-0.0223757
-0.0225373
-0.022469
-0.022169
-0.0216341
-0.0208621
-0.0198501
-0.0185967
-0.0171043
-0.0153821
-0.0134486
-0.0113379
-0.00910611
-0.00682832
-0.00464811
-0.00264556
-0.00124646
0.000582242
0.000243043
0.00259084
-0.00370318
-0.00372514
-0.00357788
-0.00316286
-0.00256938
-0.00208215
-0.00197351
-0.00240241
-0.00339658
-0.00487375
-0.00669629
-0.00871218
-0.0107825
-0.0127958
-0.0146716
-0.016357
-0.0178209
-0.0190465
-0.0200262
-0.0207553
-0.0212311
-0.0214533
-0.0214223
-0.0211374
-0.0205961
-0.0197958
-0.0187341
-0.0174096
-0.0158235
-0.0139839
-0.0119095
-0.00963395
-0.0072148
-0.00473298
-0.00233461
-7.97927e-05
0.00168144
0.00407821
0.00446729
0.00905007
-0.00346509
-0.00357926
-0.00339406
-0.00277497
-0.00184101
-0.000932646
-0.000401182
-0.000465371
-0.00118797
-0.00250013
-0.00425746
-0.0062929
-0.00845109
-0.0106012
-0.0126431
-0.0145063
-0.0161452
-0.0175329
-0.0186557
-0.019506
-0.0200801
-0.0203777
-0.0203998
-0.0201464
-0.0196175
-0.0188102
-0.0177225
-0.0163542
-0.0147068
-0.0127856
-0.0106045
-0.00819293
-0.00560348
-0.00291203
-0.000252851
0.00234191
0.00457472
0.00775479
0.00921235
0.0158104
-0.00342946
-0.00350194
-0.00316194
-0.00228764
-0.00103926
0.000200975
0.00106563
0.00128464
0.000774816
-0.000400328
-0.00209519
-0.00413616
-0.00635585
-0.00861087
-0.0107874
-0.0128014
-0.0145953
-0.0161323
-0.0173914
-0.0183609
-0.0190369
-0.0194189
-0.0195073
-0.0193024
-0.0188046
-0.0180135
-0.016928
-0.0155494
-0.0138803
-0.0119241
-0.00968211
-0.00717101
-0.00442291
-0.00147674
0.00159685
0.00484711
0.00804789
0.0126209
0.0140033
0.0191365
-0.00254202
-0.00264002
-0.00241941
-0.00153002
-0.000111414
0.00137072
0.00246184
0.00287932
0.0025139
0.00143137
-0.000219541
-0.00226612
-0.00453653
-0.00687896
-0.00916944
-0.0113134
-0.0132435
-0.014915
-0.016299
-0.0173808
-0.0181553
-0.0186206
-0.0187767
-0.0186248
-0.0181666
-0.0174034
-0.0163373
-0.0149693
-0.0133025
-0.0113537
-0.00910118
-0.00654222
-0.00367138
-0.000429746
0.00329582
0.0078026
0.0131774
0.0208836
0.021858
0.0265374
-0.00483042
-0.00471118
-0.00372736
-0.0018665
0.000229968
0.00205052
0.00328259
0.00378748
0.00350125
0.00248739
0.000881429
-0.00115266
-0.00344511
-0.0058384
-0.00820001
-0.0104269
-0.0124444
-0.0142018
-0.0156676
-0.0168242
-0.0176638
-0.0181838
-0.0183848
-0.0182694
-0.0178408
-0.0171024
-0.0160572
-0.0147064
-0.0130458
-0.0110526
-0.00875672
-0.00611453
-0.0030756
0.000512003
0.00493826
0.0109218
0.0191579
0.0315836
0.038414
0.0691537
-0.00332368
0.000188501
0.000873287
0.00098038
0.00186752
0.00309553
0.00399798
0.00426543
0.0038249
0.00273851
0.00111812
-0.00090076
-0.00316871
-0.00553936
-0.00788516
-0.0101043
-0.0121212
-0.0138827
-0.0153562
-0.0165233
-0.0173734
-0.0179027
-0.0181113
-0.018001
-0.0175744
-0.0168334
-0.0157787
-0.014409
-0.0127193
-0.0107047
-0.00836494
-0.00567718
-0.00251465
0.00128524
0.00596537
0.0121902
0.0203958
0.0350774
0.0588379
0.152977
)
;

boundaryField
{
    movingWall
    {
        type            zeroGradient;
    }
    fixedWalls
    {
        type            zeroGradient;
    }
    frontAndBack
    {
        type            empty;
    }
}


// ************************************************************************* //
