/*--------------------------------*- C++ -*----------------------------------*\
| =========                 |                                                 |
| \\      /  F ield         | OpenFOAM: The Open Source CFD Toolbox           |
|  \\    /   O peration     | Version:  2412                                  |
|   \\  /    A nd           | Website:  www.openfoam.com                      |
|    \\/     M anipulation  |                                                 |
\*---------------------------------------------------------------------------*/
FoamFile
{
    version     2.0;
    format      ascii;
    arch        "LSB;label=32;scalar=64";
    class       surfaceScalarField;
    location    "6.25";
    object      phi;
}
// * * * * * * * * * * * * * * * * * * * * * * * * * * * * * * * * * * * * * //

dimensions      [0 3 -1 0 0 0 0];

oriented        oriented;

internalField   nonuniform List<scalar> 
3120
(
8.78656e-08
-8.78695e-08
1.99363e-07
-1.11497e-07
2.77463e-07
-7.81008e-08
3.07063e-07
-2.96002e-08
3.04318e-07
2.74492e-09
2.91802e-07
1.25165e-08
2.73271e-07
1.85312e-08
2.36069e-07
3.72012e-08
1.67527e-07
6.85424e-08
4.56486e-08
1.21878e-07
-1.47101e-07
1.9275e-07
-4.31178e-07
2.84076e-07
-8.22245e-07
3.91067e-07
-1.30409e-06
4.81846e-07
-1.84116e-06
5.37066e-07
-2.39604e-06
5.5488e-07
-2.93003e-06
5.3399e-07
-3.40724e-06
4.77212e-07
-3.80002e-06
3.92784e-07
-4.09424e-06
2.94217e-07
-4.28743e-06
1.93194e-07
-4.38301e-06
9.55772e-08
-4.38504e-06
2.0307e-09
-4.29296e-06
-9.20828e-08
-4.10345e-06
-1.89512e-07
-3.81169e-06
-2.91761e-07
-3.41468e-06
-3.97008e-07
-2.91539e-06
-4.99288e-07
-2.32586e-06
-5.89535e-07
-1.671e-06
-6.54851e-07
-9.91417e-07
-6.79588e-07
-3.43739e-07
-6.47678e-07
2.09007e-07
-5.52746e-07
6.15133e-07
-4.06126e-07
8.3878e-07
-2.23647e-07
8.77368e-07
-3.8588e-08
7.30588e-07
1.4678e-07
4.69562e-07
2.61026e-07
1.9784e-07
2.71721e-07
1.9784e-07
1.36759e-07
-2.24629e-07
2.81048e-07
-2.55786e-07
3.67347e-07
-1.644e-07
3.85264e-07
-4.75177e-08
3.44601e-07
4.34075e-08
2.59265e-07
9.78524e-08
1.22923e-07
1.54873e-07
-9.05088e-08
2.50633e-07
-4.08991e-07
3.87025e-07
-8.48966e-07
5.61853e-07
-1.40879e-06
7.52574e-07
-2.05476e-06
9.30047e-07
-2.72732e-06
1.06363e-06
-3.37486e-06
1.12939e-06
-3.96149e-06
1.1237e-06
-4.46035e-06
1.05374e-06
-4.86085e-06
9.34488e-07
-5.1682e-06
7.84564e-07
-5.39602e-06
6.20602e-07
-5.55453e-06
4.52727e-07
-5.64739e-06
2.86052e-07
-5.67187e-06
1.20059e-07
-5.62061e-06
-4.92291e-08
-5.48819e-06
-2.24506e-07
-5.26925e-06
-4.08456e-07
-4.95929e-06
-6.01717e-07
-4.5538e-06
-8.025e-07
-4.05056e-06
-1.00253e-06
-3.45367e-06
-1.18643e-06
-2.77837e-06
-1.33015e-06
-2.05536e-06
-1.4026e-06
-1.33049e-06
-1.37254e-06
-6.62129e-07
-1.22111e-06
-1.10769e-07
-9.57485e-07
2.84351e-07
-6.18768e-07
4.96106e-07
-2.50343e-07
5.44182e-07
9.87034e-08
4.29618e-07
3.7559e-07
2.09695e-07
4.91644e-07
4.07536e-07
1.55328e-07
-3.79957e-07
2.67375e-07
-3.67833e-07
2.98303e-07
-1.95329e-07
2.52939e-07
-2.1535e-09
1.29739e-07
1.66607e-07
-8.31309e-08
3.10723e-07
-4.05485e-07
4.77227e-07
-8.50721e-07
6.95869e-07
-1.42209e-06
9.58392e-07
-2.0909e-06
1.23066e-06
-2.80608e-06
1.46776e-06
-3.50409e-06
1.62806e-06
-4.13255e-06
1.69209e-06
-4.66499e-06
1.66182e-06
-5.09651e-06
1.55522e-06
-5.43556e-06
1.3928e-06
-5.69897e-06
1.1979e-06
-5.90222e-06
9.87811e-07
-6.05488e-06
7.73258e-07
-6.16103e-06
5.58877e-07
-6.21959e-06
3.44612e-07
-6.22785e-06
1.28318e-07
-6.18433e-06
-9.27427e-08
-6.08484e-06
-3.23998e-07
-5.92066e-06
-5.7264e-07
-5.68268e-06
-8.3969e-07
-5.36214e-06
-1.12304e-06
-4.94948e-06
-1.41519e-06
-4.43769e-06
-1.69822e-06
-3.82667e-06
-1.94117e-06
-3.129e-06
-2.10027e-06
-2.37592e-06
-2.12562e-06
-1.62131e-06
-1.97573e-06
-9.37519e-07
-1.64127e-06
-3.94714e-07
-1.16157e-06
-2.79134e-08
-6.17143e-07
1.68196e-07
-9.74061e-08
1.98788e-07
3.44998e-07
1.12096e-07
5.78336e-07
5.19632e-07
1.27377e-07
-5.07334e-07
1.62601e-07
-4.03057e-07
1.01068e-07
-1.33796e-07
-4.87479e-08
1.47662e-07
-2.90778e-07
4.08637e-07
-6.51795e-07
6.7174e-07
-1.14788e-06
9.73307e-07
-1.77049e-06
1.31848e-06
-2.47815e-06
1.66606e-06
-3.20344e-06
1.95594e-06
-3.87939e-06
2.14371e-06
-4.46171e-06
2.21038e-06
-4.93509e-06
2.16547e-06
-5.30578e-06
2.03251e-06
-5.58949e-06
1.83892e-06
-5.80676e-06
1.61007e-06
-5.97341e-06
1.36455e-06
-6.09979e-06
1.11419e-06
-6.19136e-06
8.6483e-07
-6.25185e-06
6.19365e-07
-6.28441e-06
3.7717e-07
-6.28859e-06
1.32504e-07
-6.26267e-06
-1.18668e-07
-6.20593e-06
-3.80735e-07
-6.11552e-06
-6.63056e-07
-5.98387e-06
-9.71334e-07
-5.79757e-06
-1.30934e-06
-5.5382e-06
-1.67456e-06
-5.18455e-06
-2.05187e-06
-4.71687e-06
-2.40885e-06
-4.12364e-06
-2.69349e-06
-3.41092e-06
-2.83835e-06
-2.61285e-06
-2.77379e-06
-1.80088e-06
-2.45325e-06
-1.0756e-06
-1.88684e-06
-5.24465e-07
-1.16828e-06
-1.78989e-07
-4.42882e-07
-7.88361e-09
1.73893e-07
2.10998e-08
5.49352e-07
5.40732e-07
5.29346e-08
-5.60269e-07
-1.34903e-08
-3.36632e-07
-1.76632e-07
2.93458e-08
-4.32436e-07
4.03467e-07
-8.01032e-07
7.77233e-07
-1.30305e-06
1.17376e-06
-1.93111e-06
1.60137e-06
-2.63484e-06
2.02221e-06
-3.34082e-06
2.37203e-06
-3.98219e-06
2.59732e-06
-4.5169e-06
2.67842e-06
-4.93359e-06
2.62707e-06
-5.24096e-06
2.47284e-06
-5.45874e-06
2.2503e-06
-5.6075e-06
1.98768e-06
-5.70505e-06
1.70762e-06
-5.76374e-06
1.42324e-06
-5.79328e-06
1.14373e-06
-5.80145e-06
8.72994e-07
-5.79388e-06
6.11799e-07
-5.77418e-06
3.57465e-07
-5.74854e-06
1.06864e-07
-5.72216e-06
-1.4504e-07
-5.69607e-06
-4.06827e-07
-5.67075e-06
-6.88376e-07
-5.64232e-06
-9.99763e-07
-5.60104e-06
-1.35063e-06
-5.52901e-06
-1.74658e-06
-5.39695e-06
-2.18394e-06
-5.16504e-06
-2.64075e-06
-4.79056e-06
-3.06797e-06
-4.24275e-06
-3.38616e-06
-3.51964e-06
-3.4969e-06
-2.6647e-06
-3.30819e-06
-1.77829e-06
-2.77326e-06
-1.00428e-06
-1.94229e-06
-4.57922e-07
-9.89243e-07
-1.47757e-07
-1.36273e-07
-2.32769e-08
4.24872e-07
5.17455e-07
-5.09633e-08
-5.09305e-07
-2.21821e-07
-1.65774e-07
-4.84918e-07
2.92444e-07
-8.49449e-07
7.67997e-07
-1.3349e-06
1.26269e-06
-1.9383e-06
1.77716e-06
-2.61467e-06
2.27774e-06
-3.29083e-06
2.69837e-06
-3.89706e-06
2.97827e-06
-4.38928e-06
3.08954e-06
-4.75341e-06
3.04255e-06
-4.99872e-06
2.87237e-06
-5.14608e-06
2.6202e-06
-5.21859e-06
2.3228e-06
-5.23719e-06
2.00628e-06
-5.21875e-06
1.68918e-06
-5.17738e-06
1.38187e-06
-5.12415e-06
1.09051e-06
-5.0675e-06
8.16337e-07
-5.01324e-06
5.57544e-07
-4.96594e-06
3.10159e-07
-4.92757e-06
6.85016e-08
-4.89739e-06
-1.75223e-07
-4.8776e-06
-4.26619e-07
-4.87273e-06
-6.9324e-07
-4.88719e-06
-9.85307e-07
-4.92326e-06
-1.31456e-06
-4.97634e-06
-1.6935e-06
-5.02804e-06
-2.13224e-06
-5.03903e-06
-2.62977e-06
-4.94731e-06
-3.1597e-06
-4.67908e-06
-3.65439e-06
-4.17618e-06
-3.99979e-06
-3.42925e-06
-4.05512e-06
-2.50077e-06
-3.70174e-06
-1.53916e-06
-2.9039e-06
-7.45795e-07
-1.78261e-06
-2.48048e-07
-6.34021e-07
-3.60968e-08
2.12922e-07
4.81358e-07
-1.59436e-07
-3.49869e-07
-4.34226e-07
1.09015e-07
-7.92788e-07
6.51006e-07
-1.2538e-06
1.22901e-06
-1.82056e-06
1.82944e-06
-2.4584e-06
2.415e-06
-3.1011e-06
2.92044e-06
-3.67848e-06
3.27574e-06
-4.13988e-06
3.43967e-06
-4.46498e-06
3.41463e-06
-4.66099e-06
3.23856e-06
-4.75109e-06
2.96248e-06
-4.76336e-06
2.63247e-06
-4.72389e-06
2.28333e-06
-4.65531e-06
1.9377e-06
-4.57525e-06
1.60912e-06
-4.49645e-06
1.30307e-06
-4.42574e-06
1.01979e-06
-4.36532e-06
7.55918e-07
-4.31412e-06
5.06343e-07
-4.26939e-06
2.65428e-07
-4.22871e-06
2.78245e-08
-4.19165e-06
-2.12286e-07
-4.1603e-06
-4.57966e-07
-4.13909e-06
-7.14452e-07
-4.13623e-06
-9.88166e-07
-4.16285e-06
-1.28794e-06
-4.22985e-06
-1.6265e-06
-4.34129e-06
-2.0208e-06
-4.48273e-06
-2.48833e-06
-4.60743e-06
-3.03499e-06
-4.62978e-06
-3.63205e-06
-4.44021e-06
-4.18936e-06
-3.94955e-06
-4.54578e-06
-3.14619e-06
-4.5051e-06
-2.13155e-06
-3.91853e-06
-1.12803e-06
-2.78613e-06
-3.98779e-07
-1.36327e-06
-5.38003e-08
-1.32057e-07
4.27557e-07
-2.64406e-07
-8.54636e-08
-6.27542e-07
4.72151e-07
-1.06784e-06
1.0913e-06
-1.59653e-06
1.7577e-06
-2.19275e-06
2.42566e-06
-2.80316e-06
3.02541e-06
-3.36014e-06
3.47742e-06
-3.8066e-06
3.7222e-06
-4.11259e-06
3.74566e-06
-4.28064e-06
3.58268e-06
-4.33579e-06
3.29372e-06
-4.31144e-06
2.93812e-06
-4.24e-06
2.56103e-06
-4.14875e-06
2.19208e-06
-4.05794e-06
1.84689e-06
-3.97941e-06
1.53059e-06
-3.91739e-06
1.24106e-06
-3.87025e-06
9.72649e-07
-3.83336e-06
7.1903e-07
-3.80137e-06
4.74351e-07
-3.76982e-06
2.33879e-07
-3.73606e-06
-5.93174e-09
-3.6998e-06
-2.48545e-07
-3.66151e-06
-4.96261e-07
-3.62376e-06
-7.52198e-07
-3.59243e-06
-1.0195e-06
-3.57774e-06
-1.30263e-06
-3.59506e-06
-1.60918e-06
-3.66328e-06
-1.95258e-06
-3.79679e-06
-2.35482e-06
-3.98808e-06
-2.8437e-06
-4.18443e-06
-3.43571e-06
-4.27478e-06
-4.09901e-06
-4.11131e-06
-4.70925e-06
-3.57866e-06
-5.03776e-06
-2.68033e-06
-4.81686e-06
-1.58693e-06
-3.87953e-06
-6.23981e-07
-2.32622e-06
-9.38258e-08
-6.62212e-07
3.33732e-07
-3.49051e-07
2.63588e-07
-7.83934e-07
9.07033e-07
-1.28161e-06
1.58898e-06
-1.83766e-06
2.31375e-06
-2.41718e-06
3.00519e-06
-2.96085e-06
3.56908e-06
-3.40782e-06
3.92439e-06
-3.7171e-06
4.03148e-06
-3.88174e-06
3.9103e-06
-3.92572e-06
3.62666e-06
-3.8868e-06
3.2548e-06
-3.80307e-06
2.8544e-06
-3.70614e-06
2.4641e-06
-3.61765e-06
2.10359e-06
-3.54843e-06
1.77767e-06
-3.49995e-06
1.48211e-06
-3.46797e-06
1.20908e-06
-3.44615e-06
9.50825e-07
-3.4285e-06
7.01379e-07
-3.41052e-06
4.5637e-07
-3.3894e-06
2.12757e-07
-3.36359e-06
-3.17373e-08
-3.33282e-06
-2.7932e-07
-3.29696e-06
-5.32114e-07
-3.25705e-06
-7.92114e-07
-3.21551e-06
-1.06103e-06
-3.17736e-06
-1.34078e-06
-3.15217e-06
-1.63437e-06
-3.15665e-06
-1.9481e-06
-3.21528e-06
-2.29619e-06
-3.35236e-06
-2.70662e-06
-3.56771e-06
-3.22036e-06
-3.80028e-06
-3.86643e-06
-3.90792e-06
-4.60161e-06
-3.7041e-06
-5.24158e-06
-3.0638e-06
-5.45716e-06
-2.04311e-06
-4.90021e-06
-9.35396e-07
-3.43394e-06
-1.87752e-07
-1.40986e-06
1.4598e-07
-4.10405e-07
6.73993e-07
-8.90529e-07
1.38716e-06
-1.41357e-06
2.11202e-06
-1.96169e-06
2.86187e-06
-2.49332e-06
3.53682e-06
-2.95053e-06
4.02629e-06
-3.28273e-06
4.25659e-06
-3.46832e-06
4.21707e-06
-3.52414e-06
3.96613e-06
-3.48949e-06
3.592e-06
-3.40724e-06
3.17255e-06
-3.3132e-06
2.76035e-06
-3.23109e-06
2.382e-06
-3.17136e-06
2.04386e-06
-3.13401e-06
1.74031e-06
-3.11321e-06
1.46131e-06
-3.1019e-06
1.19777e-06
-3.09417e-06
9.43102e-07
-3.086e-06
6.9321e-07
-3.075e-06
4.45365e-07
-3.05986e-06
1.97623e-07
-3.03992e-06
-5.16825e-08
-3.01491e-06
-3.04334e-07
-2.98483e-06
-5.6219e-07
-2.95006e-06
-8.26883e-07
-2.91134e-06
-1.09975e-06
-2.87026e-06
-1.38186e-06
-2.83047e-06
-1.67416e-06
-2.80018e-06
-1.97839e-06
-2.79621e-06
-2.30017e-06
-2.84702e-06
-2.6558e-06
-2.98512e-06
-3.08226e-06
-3.21418e-06
-3.63737e-06
-3.45572e-06
-4.36008e-06
-3.52542e-06
-5.17188e-06
-3.20328e-06
-5.7793e-06
-2.39423e-06
-5.70926e-06
-1.27333e-06
-4.55483e-06
-3.13191e-07
-2.37e-06
-1.67211e-07
-4.41778e-07
1.11577e-06
-9.40763e-07
1.88614e-06
-1.45957e-06
2.63082e-06
-1.97393e-06
3.37623e-06
-2.44063e-06
4.00351e-06
-2.80624e-06
4.39191e-06
-3.03326e-06
4.48361e-06
-3.12284e-06
4.30665e-06
-3.10995e-06
3.95324e-06
-3.04035e-06
3.5224e-06
-2.95438e-06
3.08659e-06
-2.87918e-06
2.68515e-06
-2.82672e-06
2.32953e-06
-2.79687e-06
2.01401e-06
-2.78334e-06
1.72678e-06
-2.77875e-06
1.45672e-06
-2.77736e-06
1.19638e-06
-2.77556e-06
9.41301e-07
-2.77133e-06
6.88978e-07
-2.76364e-06
4.37679e-07
-2.75199e-06
1.85974e-07
-2.73612e-06
-6.75591e-08
-2.71595e-06
-3.24496e-07
-2.69163e-06
-5.86513e-07
-2.66337e-06
-8.55148e-07
-2.63137e-06
-1.13175e-06
-2.59591e-06
-1.41732e-06
-2.55769e-06
-1.71238e-06
-2.51904e-06
-2.01705e-06
-2.48696e-06
-2.33225e-06
-2.47886e-06
-2.6639e-06
-2.52787e-06
-3.03324e-06
-2.67329e-06
-3.49196e-06
-2.91344e-06
-4.11992e-06
-3.13344e-06
-4.95189e-06
-3.09484e-06
-5.8179e-06
-2.57006e-06
-6.23404e-06
-1.56594e-06
-5.55896e-06
-4.69697e-07
-3.46624e-06
-6.36908e-07
-4.44267e-07
1.56004e-06
-9.36657e-07
2.37853e-06
-1.42835e-06
3.12252e-06
-1.89264e-06
3.84052e-06
-2.28773e-06
4.3986e-06
-2.56667e-06
4.67084e-06
-2.70877e-06
4.62572e-06
-2.73508e-06
4.33296e-06
-2.68979e-06
3.90795e-06
-2.61718e-06
3.44979e-06
-2.54939e-06
3.0188e-06
-2.50204e-06
2.63781e-06
-2.4768e-06
2.30429e-06
-2.46777e-06
2.00498e-06
-2.46755e-06
1.72655e-06
-2.47043e-06
1.4596e-06
-2.47298e-06
1.19893e-06
-2.47344e-06
9.41756e-07
-2.47094e-06
6.86485e-07
-2.46514e-06
4.31871e-07
-2.45586e-06
1.76701e-07
-2.44308e-06
-8.03389e-08
-2.42688e-06
-3.40694e-07
-2.40747e-06
-6.05929e-07
-2.38504e-06
-8.77576e-07
-2.3597e-06
-1.15708e-06
-2.33139e-06
-1.44563e-06
-2.29984e-06
-1.74393e-06
-2.26489e-06
-2.052e-06
-2.22783e-06
-2.36931e-06
-2.19526e-06
-2.69648e-06
-2.18688e-06
-3.04162e-06
-2.24255e-06
-3.43629e-06
-2.40547e-06
-3.957e-06
-2.65041e-06
-4.70694e-06
-2.79737e-06
-5.67094e-06
-2.55464e-06
-6.47677e-06
-1.75801e-06
-6.35559e-06
-6.52459e-07
-4.57179e-06
-1.28937e-06
-4.2278e-07
1.98282e-06
-8.8677e-07
2.84252e-06
-1.33529e-06
3.57104e-06
-1.74095e-06
4.24617e-06
-2.06496e-06
4.72261e-06
-2.26938e-06
4.87527e-06
-2.35097e-06
4.7073e-06
-2.34335e-06
4.32533e-06
-2.29176e-06
3.85636e-06
-2.23362e-06
3.39166e-06
-2.19048e-06
2.97565e-06
-2.16784e-06
2.61517e-06
-2.16143e-06
2.29788e-06
-2.16416e-06
2.00771e-06
-2.1702e-06
1.73259e-06
-2.1761e-06
1.4655e-06
-2.18015e-06
1.20298e-06
-2.18161e-06
9.4322e-07
-2.18021e-06
6.85083e-07
-2.17586e-06
4.27527e-07
-2.16861e-06
1.69444e-07
-2.15852e-06
-9.04249e-08
-2.14577e-06
-3.53449e-07
-2.13057e-06
-6.21127e-07
-2.11313e-06
-8.95012e-07
-2.09355e-06
-1.17666e-06
-2.0717e-06
-1.46748e-06
-2.04709e-06
-1.76853e-06
-2.01887e-06
-2.08022e-06
-1.98612e-06
-2.40206e-06
-1.94962e-06
-2.73298e-06
-1.91705e-06
-3.07418e-06
-1.91348e-06
-3.43986e-06
-1.9878e-06
-3.88268e-06
-2.17688e-06
-4.51787e-06
-2.3973e-06
-5.45051e-06
-2.3771e-06
-6.49697e-06
-1.82464e-06
-6.90805e-06
-7.98124e-07
-5.59831e-06
-2.08749e-06
-3.82419e-07
2.36524e-06
-8.02263e-07
3.26237e-06
-1.19753e-06
3.96631e-06
-1.54144e-06
4.59008e-06
-1.79985e-06
4.98102e-06
-1.94561e-06
5.02103e-06
-1.98922e-06
4.75091e-06
-1.96918e-06
4.30529e-06
-1.92609e-06
3.81328e-06
-1.88815e-06
3.35371e-06
-1.8671e-06
2.9546e-06
-1.86196e-06
2.61002e-06
-1.86659e-06
2.30252e-06
-1.87512e-06
2.01624e-06
-1.88383e-06
1.7413e-06
-1.89091e-06
1.47258e-06
-1.89565e-06
1.20772e-06
-1.89785e-06
9.45419e-07
-1.89749e-06
6.84719e-07
-1.89462e-06
4.24665e-07
-1.88937e-06
1.64193e-07
-1.88188e-06
-9.79146e-08
-1.87234e-06
-3.62995e-07
-1.86096e-06
-6.32507e-07
-1.84794e-06
-9.08029e-07
-1.83338e-06
-1.19122e-06
-1.81715e-06
-1.48371e-06
-1.79876e-06
-1.78693e-06
-1.77722e-06
-2.10177e-06
-1.75102e-06
-2.42825e-06
-1.71873e-06
-2.76527e-06
-1.68144e-06
-3.11147e-06
-1.65039e-06
-3.47091e-06
-1.66052e-06
-3.87255e-06
-1.76876e-06
-4.40963e-06
-1.97652e-06
-5.24275e-06
-2.0921e-06
-6.38139e-06
-1.77074e-06
-7.22941e-06
-8.84161e-07
-6.48489e-06
-2.97165e-06
-3.28561e-07
2.6938e-06
-6.93626e-07
3.62743e-06
-1.03061e-06
4.30329e-06
-1.3136e-06
4.87308e-06
-1.51465e-06
5.18207e-06
-1.61739e-06
5.12377e-06
-1.64044e-06
4.77396e-06
-1.62108e-06
4.28593e-06
-1.59232e-06
3.78452e-06
-1.57326e-06
3.33465e-06
-1.56848e-06
2.94982e-06
-1.57408e-06
2.61563e-06
-1.58445e-06
2.31288e-06
-1.59554e-06
2.02733e-06
-1.60527e-06
1.75103e-06
-1.61286e-06
1.48017e-06
-1.61812e-06
1.21298e-06
-1.62111e-06
9.484e-07
-1.62191e-06
6.85527e-07
-1.62068e-06
4.23433e-07
-1.61756e-06
1.61067e-07
-1.6127e-06
-1.02766e-07
-1.60631e-06
-3.69387e-07
-1.59858e-06
-6.4024e-07
-1.58969e-06
-9.16918e-07
-1.57973e-06
-1.20118e-06
-1.5686e-06
-1.49485e-06
-1.55583e-06
-1.79969e-06
-1.54046e-06
-2.11714e-06
-1.52091e-06
-2.44781e-06
-1.4951e-06
-2.79107e-06
-1.4615e-06
-3.14507e-06
-1.42315e-06
-3.50926e-06
-1.39909e-06
-3.89661e-06
-1.4385e-06
-4.37022e-06
-1.58968e-06
-5.09156e-06
-1.75941e-06
-6.21166e-06
-1.62315e-06
-7.36567e-06
-9.09087e-07
-7.19895e-06
-3.88074e-06
-2.6609e-07
2.95989e-06
-5.70113e-07
3.93145e-06
-8.4717e-07
4.58035e-06
-1.07229e-06
5.0982e-06
-1.22505e-06
5.33483e-06
-1.29782e-06
5.19655e-06
-1.31192e-06
4.78806e-06
-1.29953e-06
4.27354e-06
-1.28534e-06
3.77033e-06
-1.28093e-06
3.33024e-06
-1.28665e-06
2.95554e-06
-1.29809e-06
2.62706e-06
-1.31101e-06
2.32581e-06
-1.32299e-06
2.03931e-06
-1.33302e-06
1.76105e-06
-1.34087e-06
1.48803e-06
-1.34665e-06
1.21876e-06
-1.35051e-06
9.5226e-07
-1.35263e-06
6.87647e-07
-1.35318e-06
4.23981e-07
-1.35231e-06
1.60199e-07
-1.35019e-06
-1.04883e-07
-1.347e-06
-3.72578e-07
-1.34291e-06
-6.44329e-07
-1.33808e-06
-9.21745e-07
-1.33261e-06
-1.20665e-06
-1.32638e-06
-1.50107e-06
-1.31899e-06
-1.80708e-06
-1.30955e-06
-2.12659e-06
-1.29651e-06
-2.46085e-06
-1.2777e-06
-2.80988e-06
-1.2507e-06
-3.17207e-06
-1.2148e-06
-3.54516e-06
-1.17812e-06
-3.93329e-06
-1.17391e-06
-4.37444e-06
-1.26197e-06
-5.0035e-06
-1.42862e-06
-6.04502e-06
-1.41822e-06
-7.37607e-06
-8.84093e-07
-7.73308e-06
-4.76483e-06
-1.98789e-07
3.15868e-06
-4.38723e-07
4.17139e-06
-6.56221e-07
4.79785e-06
-8.27738e-07
5.26971e-06
-9.40466e-07
5.44756e-06
-9.92838e-07
5.24892e-06
-1.00467e-06
4.79989e-06
-1.0011e-06
4.26997e-06
-9.99063e-07
3.76829e-06
-1.00469e-06
3.33587e-06
-1.0164e-06
2.96725e-06
-1.03048e-06
2.64114e-06
-1.04415e-06
2.33948e-06
-1.05612e-06
2.05127e-06
-1.06605e-06
1.77098e-06
-1.07403e-06
1.49602e-06
-1.0803e-06
1.22503e-06
-1.08509e-06
9.57043e-07
-1.0886e-06
6.91158e-07
-1.09102e-06
4.26405e-07
-1.09252e-06
1.61696e-07
-1.09325e-06
-1.04153e-07
-1.09337e-06
-3.72454e-07
-1.09304e-06
-6.44665e-07
-1.09238e-06
-9.22405e-07
-1.09146e-06
-1.20757e-06
-1.09021e-06
-1.50232e-06
-1.08827e-06
-1.80903e-06
-1.0848e-06
-2.13006e-06
-1.07836e-06
-2.46729e-06
-1.06683e-06
-2.82141e-06
-1.0476e-06
-3.19129e-06
-1.01854e-06
-3.57422e-06
-9.81856e-07
-3.96998e-06
-9.56767e-07
-4.39953e-06
-9.95213e-07
-4.96505e-06
-1.13091e-06
-5.90932e-06
-1.1915e-06
-7.31548e-06
-8.25819e-07
-8.09876e-06
-5.59065e-06
-1.2958e-07
3.28826e-06
-3.04411e-07
4.34622e-06
-4.63986e-07
4.95742e-06
-5.85832e-07
5.39156e-06
-6.65009e-07
5.52673e-06
-7.03547e-07
5.28746e-06
-7.16364e-07
4.81271e-06
-7.21061e-07
4.27467e-06
-7.28019e-07
3.77525e-06
-7.39813e-07
3.34766e-06
-7.54404e-07
2.98184e-06
-7.69142e-07
2.65588e-06
-7.82462e-07
2.3528e-06
-7.93864e-07
2.06268e-06
-8.03413e-07
1.78053e-06
-8.11376e-07
1.50398e-06
-8.18058e-07
1.23171e-06
-8.23734e-07
9.62719e-07
-8.28637e-07
6.96062e-07
-8.3297e-07
4.30737e-07
-8.369e-07
1.65626e-07
-8.40582e-07
-1.00471e-07
-8.44163e-07
-3.68873e-07
-8.47767e-07
-6.41061e-07
-8.51496e-07
-9.18676e-07
-8.554e-07
-1.20366e-06
-8.59401e-07
-1.49832e-06
-8.63176e-07
-1.80525e-06
-8.65989e-07
-2.12724e-06
-8.66508e-07
-2.46677e-06
-8.62699e-07
-2.82522e-06
-8.51969e-07
-3.20202e-06
-8.31766e-07
-3.59442e-06
-8.0159e-07
-4.00015e-06
-7.71399e-07
-4.42972e-06
-7.79612e-07
-4.95684e-06
-8.79761e-07
-5.80917e-06
-9.6943e-07
-7.22581e-06
-7.4729e-07
-8.3209e-06
-6.33794e-06
-6.00641e-08
3.34832e-06
-1.69989e-07
4.45614e-06
-2.73894e-07
5.06133e-06
-3.49602e-07
5.46727e-06
-3.99532e-07
5.57666e-06
-4.28096e-07
5.31602e-06
-4.43017e-07
4.82763e-06
-4.54531e-07
4.28618e-06
-4.67706e-07
3.78843e-06
-4.82907e-07
3.36286e-06
-4.98368e-07
2.99731e-06
-5.12546e-07
2.67005e-06
-5.24823e-07
2.36507e-06
-5.35241e-07
2.07309e-06
-5.44126e-07
1.78942e-06
-5.51861e-07
1.51172e-06
-5.58803e-07
1.23865e-06
-5.65258e-07
9.69174e-07
-5.71485e-07
7.02289e-07
-5.77701e-07
4.36953e-07
-5.84091e-07
1.72016e-07
-5.90809e-07
-9.37525e-08
-5.97995e-07
-3.61687e-07
-6.05758e-07
-6.33299e-07
-6.14166e-07
-9.10268e-07
-6.23242e-07
-1.19459e-06
-6.32897e-07
-1.48866e-06
-6.42838e-07
-1.79531e-06
-6.52409e-07
-2.11767e-06
-6.60401e-07
-2.45878e-06
-6.64919e-07
-2.8207e-06
-6.63465e-07
-3.20348e-06
-6.53463e-07
-3.60443e-06
-6.33397e-07
-4.02022e-06
-6.08073e-07
-4.45504e-06
-6.03467e-07
-4.96144e-06
-6.75546e-07
-5.73709e-06
-7.67586e-07
-7.13377e-06
-6.5652e-07
-8.43196e-06
-6.99446e-06
1.00193e-08
3.3383e-06
-3.68204e-08
4.50298e-06
-8.70923e-08
5.1116e-06
-1.20788e-07
5.50096e-06
-1.43781e-07
5.59965e-06
-1.63579e-07
5.33582e-06
-1.80071e-07
4.84412e-06
-1.96886e-07
4.303e-06
-2.14381e-07
3.80592e-06
-2.31346e-07
3.37983e-06
-2.46538e-07
3.0125e-06
-2.59423e-07
2.68294e-06
-2.70169e-07
2.37582e-06
-2.79233e-07
2.08216e-06
-2.87149e-07
1.79733e-06
-2.94393e-07
1.51896e-06
-3.01374e-07
1.24563e-06
-3.08431e-07
9.76231e-07
-3.15851e-07
7.09709e-07
-3.23877e-07
4.44979e-07
-3.32712e-07
1.80851e-07
-3.4252e-07
-8.39443e-08
-3.5344e-07
-3.50767e-07
-3.65579e-07
-6.2116e-07
-3.78976e-07
-8.96871e-07
-3.93623e-07
-1.17994e-06
-4.09411e-07
-1.47287e-06
-4.26058e-07
-1.77867e-06
-4.4297e-07
-2.10076e-06
-4.59066e-07
-2.44268e-06
-4.72611e-07
-2.80716e-06
-4.81257e-07
-3.19483e-06
-4.82514e-07
-3.60317e-06
-4.74698e-07
-4.02803e-06
-4.6024e-07
-4.4695e-06
-4.56377e-07
-4.96531e-06
-5.12132e-07
-5.68134e-06
-5.98095e-07
-7.04781e-06
-5.54849e-07
-8.47521e-06
-7.54931e-06
7.89497e-08
3.25935e-06
9.50913e-08
4.48684e-06
9.55613e-08
5.11113e-06
1.01289e-07
5.49524e-06
1.04843e-07
5.5961e-06
9.38941e-08
5.34677e-06
7.65647e-08
4.86145e-06
5.57167e-08
4.32385e-06
3.50905e-08
3.82655e-06
1.71875e-08
3.39773e-06
2.80618e-09
3.02688e-06
-8.45815e-09
2.6942e-06
-1.7349e-08
2.38471e-06
-2.47374e-08
2.08955e-06
-3.13648e-08
1.80396e-06
-3.78176e-08
1.52542e-06
-4.45658e-08
1.25238e-06
-5.19961e-08
9.83661e-07
-6.04326e-08
7.18146e-07
-7.01444e-08
4.54691e-07
-8.13616e-08
1.92068e-07
-9.42712e-08
-7.10347e-08
-1.09023e-07
-3.36015e-07
-1.25728e-07
-6.04454e-07
-1.44404e-07
-8.78195e-07
-1.65013e-07
-1.15933e-06
-1.87423e-07
-1.45046e-06
-2.11354e-07
-1.75473e-06
-2.36252e-07
-2.07586e-06
-2.61158e-07
-2.41777e-06
-2.84517e-07
-2.7838e-06
-3.04183e-07
-3.17516e-06
-3.17765e-07
-3.58959e-06
-3.23695e-07
-4.0221e-06
-3.23385e-07
-4.46981e-06
-3.29255e-07
-4.95944e-06
-3.80339e-07
-5.63025e-06
-4.66414e-07
-6.96173e-06
-4.50655e-07
-8.49097e-06
-7.99997e-06
1.49258e-07
3.11009e-06
2.25589e-07
4.41051e-06
2.74054e-07
5.06266e-06
3.18189e-07
5.4511e-06
3.48064e-07
5.56623e-06
3.48429e-07
5.3464e-06
3.30567e-07
4.87931e-06
3.06329e-07
4.34808e-06
2.83058e-07
3.84982e-06
2.64476e-07
3.41631e-06
2.51045e-07
3.04031e-06
2.41644e-07
2.7036e-06
2.34839e-07
2.39152e-06
2.294e-07
2.09499e-06
2.24372e-07
1.80899e-06
2.19033e-07
1.53076e-06
2.12826e-07
1.25859e-06
2.053e-07
9.91187e-07
1.9608e-07
7.27365e-07
1.84856e-07
4.65916e-07
1.71361e-07
2.05563e-07
1.55379e-07
-5.50521e-08
1.36744e-07
-3.1738e-07
1.15338e-07
-5.83048e-07
9.11449e-08
-8.54002e-07
6.42317e-08
-1.13242e-06
3.47579e-08
-1.42099e-06
3.02348e-09
-1.723e-06
-3.04907e-08
-2.04235e-06
-6.49037e-08
-2.38336e-06
-9.88591e-08
-2.74984e-06
-1.30487e-07
-3.14354e-06
-1.57681e-07
-3.56239e-06
-1.78633e-07
-4.00115e-06
-1.94517e-07
-4.45393e-06
-2.15038e-07
-4.93892e-06
-2.70702e-07
-5.57459e-06
-3.65467e-07
-6.86697e-06
-3.59753e-07
-8.49668e-06
-8.35972e-06
2.19482e-07
2.89061e-06
3.54401e-07
4.27559e-06
4.48724e-07
4.96834e-06
5.2962e-07
5.3702e-06
5.85933e-07
5.50991e-06
6.01699e-07
5.33064e-06
5.85554e-07
4.89546e-06
5.58448e-07
4.37519e-06
5.32422e-07
3.87584e-06
5.12793e-07
3.43594e-06
4.99998e-07
3.05311e-06
4.92276e-07
2.71133e-06
4.87607e-07
2.39618e-06
4.84329e-07
2.09827e-06
4.81202e-07
1.81211e-06
4.77325e-07
1.53463e-06
4.72015e-07
1.2639e-06
4.64734e-07
9.98469e-07
4.55036e-07
7.37063e-07
4.42548e-07
4.78403e-07
4.26954e-07
2.21157e-07
4.07994e-07
-3.60923e-08
3.85485e-07
-2.94872e-07
3.59305e-07
-5.56868e-07
3.2942e-07
-8.24118e-07
2.95912e-07
-1.09891e-06
2.58969e-07
-1.38405e-06
2.18911e-07
-1.68294e-06
1.76228e-07
-1.99967e-06
1.31657e-07
-2.33879e-06
8.63698e-08
-2.70455e-06
4.20692e-08
-3.09924e-06
8.05164e-10
-3.52113e-06
-3.72426e-08
-3.9631e-06
-7.11984e-08
-4.41997e-06
-1.09421e-07
-4.90069e-06
-1.76484e-07
-5.50753e-06
-2.84445e-07
-6.75901e-06
-2.89828e-07
-8.4913e-06
-8.64955e-06
2.85166e-07
2.60545e-06
4.80195e-07
4.08056e-06
6.18713e-07
4.82982e-06
7.34852e-07
5.25407e-06
8.19624e-07
5.42514e-06
8.54185e-07
5.29608e-06
8.43995e-07
4.90565e-06
8.15253e-07
4.40393e-06
7.86069e-07
3.90503e-06
7.64471e-07
3.45754e-06
7.51491e-07
3.06608e-06
7.44991e-07
2.71783e-06
7.42331e-07
2.39884e-06
7.41332e-07
2.09926e-06
7.40387e-07
1.81306e-06
7.38333e-07
1.53669e-06
7.34313e-07
1.26792e-06
7.27662e-07
1.00512e-06
7.1784e-07
7.46885e-07
7.04395e-07
4.91848e-07
6.86953e-07
2.38599e-07
6.65208e-07
-1.4347e-08
6.38936e-07
-2.686e-07
6.07988e-07
-5.2592e-07
5.72323e-07
-7.88452e-07
5.32032e-07
-1.05862e-06
4.87329e-07
-1.33934e-06
4.38548e-07
-1.63416e-06
3.86162e-07
-1.94728e-06
3.30823e-07
-2.28345e-06
2.73465e-07
-2.6472e-06
2.15349e-07
-3.04112e-06
1.57809e-07
-3.46359e-06
1.02518e-07
-3.90781e-06
4.87198e-08
-4.36617e-06
-1.11395e-08
-4.84083e-06
-9.3976e-08
-5.42469e-06
-2.15362e-07
-6.63762e-06
-2.40306e-07
-8.46636e-06
-8.88985e-06
3.40431e-07
2.26502e-06
5.98214e-07
3.82278e-06
7.81812e-07
4.64622e-06
9.325e-07
5.10338e-06
1.04759e-06
5.31005e-06
1.1054e-06
5.23827e-06
1.1067e-06
4.90435e-06
1.07912e-06
4.43151e-06
1.04692e-06
3.93723e-06
1.02229e-06
3.48217e-06
1.00792e-06
3.08046e-06
1.00179e-06
2.72395e-06
1.00074e-06
2.3999e-06
1.00197e-06
2.09803e-06
1.0034e-06
1.81163e-06
1.0035e-06
1.53658e-06
1.00117e-06
1.27025e-06
9.95569e-07
1.01073e-06
9.8602e-07
7.56435e-07
9.71976e-07
5.05891e-07
9.52995e-07
2.5758e-07
9.28717e-07
9.9318e-09
8.98868e-07
-2.38751e-07
8.63271e-07
-4.90323e-07
8.21875e-07
-7.47056e-07
7.74764e-07
-1.01151e-06
7.22146e-07
-1.28673e-06
6.64361e-07
-1.57638e-06
6.01875e-07
-1.88479e-06
5.35261e-07
-2.21684e-06
4.6518e-07
-2.57712e-06
3.92527e-07
-2.96847e-06
3.18349e-07
-3.38941e-06
2.43554e-07
-3.83302e-06
1.67853e-07
-4.29047e-06
8.64473e-08
-4.75943e-06
-1.79551e-08
-5.32029e-06
-1.53747e-07
-6.50183e-06
-2.05528e-07
-8.41457e-06
-9.09538e-06
3.79256e-07
1.88576e-06
7.00745e-07
3.50129e-06
9.33818e-07
4.41315e-06
1.11967e-06
4.91753e-06
1.26623e-06
5.16349e-06
1.35242e-06
5.15208e-06
1.37238e-06
4.88439e-06
1.35104e-06
4.45286e-06
1.31744e-06
3.97083e-06
1.28919e-06
3.51042e-06
1.27211e-06
3.09753e-06
1.26519e-06
2.73088e-06
1.26502e-06
2.40007e-06
1.26821e-06
2.09484e-06
1.27205e-06
1.80779e-06
1.27455e-06
1.53407e-06
1.27428e-06
1.27052e-06
1.27014e-06
1.01486e-06
1.2613e-06
7.6528e-07
1.24707e-06
5.20116e-07
1.22694e-06
2.77716e-07
1.20048e-06
3.63929e-08
1.16734e-06
-2.05614e-07
1.12733e-06
-4.50314e-07
1.08038e-06
-7.00102e-07
1.02656e-06
-9.57689e-07
9.6606e-07
-1.22623e-06
8.99192e-07
-1.50951e-06
8.26342e-07
-1.81194e-06
7.47973e-07
-2.13847e-06
6.64497e-07
-2.49364e-06
5.76444e-07
-2.88042e-06
4.84327e-07
-3.29729e-06
3.8853e-07
-3.73722e-06
2.89013e-07
-4.19095e-06
1.81867e-07
-4.65228e-06
5.38602e-08
-5.19228e-06
-9.89853e-08
-6.34898e-06
-1.79884e-07
-8.33368e-06
-9.27526e-06
3.96418e-07
1.48934e-06
7.78591e-07
3.11912e-06
1.06677e-06
4.12497e-06
1.29125e-06
4.69305e-06
1.47087e-06
4.98386e-06
1.59024e-06
5.0327e-06
1.63717e-06
4.83746e-06
1.62986e-06
4.46017e-06
1.59911e-06
4.00157e-06
1.56819e-06
3.54135e-06
1.54757e-06
3.11814e-06
1.53855e-06
2.7399e-06
1.5382e-06
2.40041e-06
1.54273e-06
2.09032e-06
1.54877e-06
1.80175e-06
1.55376e-06
1.52908e-06
1.55582e-06
1.26846e-06
1.55353e-06
1.01715e-06
1.54583e-06
7.72983e-07
1.53188e-06
5.34064e-07
1.51106e-06
2.98543e-07
1.48284e-06
6.46072e-08
1.44683e-06
-1.69606e-07
1.40279e-06
-4.06276e-07
1.35062e-06
-6.4793e-07
1.29036e-06
-8.97426e-07
1.22216e-06
-1.15802e-06
1.14626e-06
-1.43361e-06
1.06295e-06
-1.72864e-06
9.72461e-07
-2.04797e-06
8.74857e-07
-2.39604e-06
7.70251e-07
-2.77581e-06
6.58603e-07
-3.18565e-06
5.39918e-07
-3.61854e-06
4.14046e-07
-4.06508e-06
2.77979e-07
-4.51622e-06
1.2331e-07
-5.03761e-06
-4.93132e-08
-6.17636e-06
-1.60476e-07
-8.22251e-06
-9.43574e-06
3.88672e-07
1.10067e-06
8.21897e-07
2.68589e-06
1.17007e-06
3.77681e-06
1.43915e-06
4.42397e-06
1.65431e-06
4.7687e-06
1.81078e-06
4.87624e-06
1.89344e-06
4.7548e-06
1.91089e-06
4.44272e-06
1.89113e-06
4.02133e-06
1.86149e-06
3.57099e-06
1.8381e-06
3.14153e-06
1.82618e-06
2.75183e-06
1.8245e-06
2.4021e-06
1.82941e-06
2.08541e-06
1.8371e-06
1.79406e-06
1.84439e-06
1.52178e-06
1.84885e-06
1.264e-06
1.84868e-06
1.01733e-06
1.8425e-06
7.79163e-07
1.82929e-06
5.47278e-07
1.80827e-06
3.19557e-07
1.77883e-06
9.40482e-08
1.74049e-06
-1.31265e-07
1.69297e-06
-3.58757e-07
1.63611e-06
-5.91065e-07
1.56985e-06
-8.31172e-07
1.49428e-06
-1.08246e-06
1.40954e-06
-1.34886e-06
1.31568e-06
-1.63478e-06
1.21263e-06
-1.94493e-06
1.10008e-06
-2.28348e-06
9.77522e-07
-2.65325e-06
8.44363e-07
-3.05249e-06
7.00343e-07
-3.47452e-06
5.45085e-07
-3.90982e-06
3.76528e-07
-4.34766e-06
1.91203e-07
-4.85229e-06
-8.11004e-09
-5.97705e-06
-1.46191e-07
-8.08443e-06
-9.58193e-06
3.56214e-07
7.44455e-07
8.23312e-07
2.21879e-06
1.23174e-06
3.36838e-06
1.55252e-06
4.10319e-06
1.80813e-06
4.51308e-06
2.00497e-06
4.6794e-06
2.13085e-06
4.62892e-06
2.18514e-06
4.38842e-06
2.18854e-06
4.01794e-06
2.16873e-06
3.5908e-06
2.14676e-06
3.1635e-06
2.13298e-06
2.76561e-06
2.12941e-06
2.40567e-06
2.13372e-06
2.0811e-06
2.1422e-06
1.78558e-06
2.15124e-06
1.51274e-06
2.15789e-06
1.25735e-06
2.15987e-06
1.01535e-06
2.15545e-06
7.83584e-07
2.14336e-06
5.59371e-07
2.12263e-06
3.40279e-07
2.09251e-06
1.24168e-07
2.05246e-06
-9.12139e-08
2.00213e-06
-3.08421e-07
1.94122e-06
-5.30161e-07
1.86958e-06
-7.59525e-07
1.78712e-06
-1e-06
1.69375e-06
-1.2555e-06
1.58922e-06
-1.53025e-06
1.47302e-06
-1.82873e-06
1.34431e-06
-2.15478e-06
1.20196e-06
-2.5109e-06
1.04475e-06
-2.89527e-06
8.72162e-07
-3.30193e-06
6.83755e-07
-3.72142e-06
4.78765e-07
-4.14267e-06
2.60924e-07
-4.63445e-06
3.86599e-08
-5.75478e-06
-1.33484e-07
-7.91229e-06
-9.71541e-06
3.02318e-07
4.42137e-07
7.79638e-07
1.74147e-06
1.24088e-06
2.90714e-06
1.61728e-06
3.72679e-06
1.91922e-06
4.21115e-06
2.16051e-06
4.4381e-06
2.33571e-06
4.45372e-06
2.43885e-06
4.28528e-06
2.48064e-06
3.97615e-06
2.48442e-06
3.58702e-06
2.47334e-06
3.17458e-06
2.46267e-06
2.77628e-06
2.45893e-06
2.4094e-06
2.46262e-06
2.07742e-06
2.47119e-06
1.77701e-06
2.48124e-06
1.50269e-06
2.48953e-06
1.24906e-06
2.49339e-06
1.0115e-06
2.49071e-06
7.86261e-07
2.47994e-06
5.70143e-07
2.45987e-06
3.60351e-07
2.42957e-06
1.54461e-07
2.38843e-06
-5.00741e-08
2.33595e-06
-2.55935e-07
2.27168e-06
-4.65889e-07
2.19525e-06
-6.83099e-07
2.10632e-06
-9.11074e-07
2.00441e-06
-1.15358e-06
1.88879e-06
-1.41462e-06
1.75839e-06
-1.69833e-06
1.61175e-06
-2.00814e-06
1.44699e-06
-2.34614e-06
1.26233e-06
-2.7106e-06
1.05726e-06
-3.09686e-06
8.31228e-07
-3.49539e-06
5.85364e-07
-3.89681e-06
3.32277e-07
-4.38136e-06
8.42964e-08
-5.5068e-06
-1.22327e-07
-7.70567e-06
-9.83774e-06
2.30493e-07
2.11644e-07
6.92971e-07
1.279e-06
1.18825e-06
2.41186e-06
1.61984e-06
3.29519e-06
1.97332e-06
3.85767e-06
2.26338e-06
4.14804e-06
2.49244e-06
4.22466e-06
2.65421e-06
4.12352e-06
2.7502e-06
3.88016e-06
2.79542e-06
3.5418e-06
2.81079e-06
3.1592e-06
2.81424e-06
2.77284e-06
2.81675e-06
2.40689e-06
2.82275e-06
2.07142e-06
2.83227e-06
1.76748e-06
2.84318e-06
1.49178e-06
2.85263e-06
1.2396e-06
2.8579e-06
1.00623e-06
2.85669e-06
7.87473e-07
2.84716e-06
5.79671e-07
2.82785e-06
3.79656e-07
2.7977e-06
1.84613e-07
2.75591e-06
-8.2795e-09
2.70177e-06
-2.01796e-07
2.63461e-06
-3.9873e-07
2.55373e-06
-6.02216e-07
2.45832e-06
-8.15667e-07
2.3474e-06
-1.04266e-06
2.21963e-06
-1.28685e-06
2.07326e-06
-1.55196e-06
1.90604e-06
-1.84092e-06
1.71531e-06
-2.1554e-06
1.49899e-06
-2.49429e-06
1.25674e-06
-2.85461e-06
9.8793e-07
-3.22658e-06
6.96921e-07
-3.6058e-06
4.06812e-07
-4.09125e-06
1.33032e-07
-5.23302e-06
-1.10476e-07
-7.46216e-06
-9.94822e-06
1.63302e-07
4.83419e-08
5.77455e-07
8.64844e-07
1.07351e-06
1.91581e-06
1.54736e-06
2.82134e-06
1.95367e-06
3.45136e-06
2.29663e-06
3.80509e-06
2.58341e-06
3.93787e-06
2.81062e-06
3.89632e-06
2.9744e-06
3.71638e-06
3.08006e-06
3.43614e-06
3.14203e-06
3.09723e-06
3.17715e-06
2.73772e-06
3.19899e-06
2.38504e-06
3.21583e-06
2.05458e-06
3.23117e-06
1.75215e-06
3.24528e-06
1.47766e-06
3.25679e-06
1.2281e-06
3.26363e-06
9.99392e-07
3.26374e-06
7.87358e-07
3.25526e-06
5.8815e-07
3.23659e-06
3.98325e-07
3.2065e-06
2.14702e-07
3.16397e-06
3.42514e-08
3.10804e-06
-1.45861e-07
3.03774e-06
-3.2843e-07
2.95189e-06
-5.16363e-07
2.84908e-06
-7.12865e-07
2.72774e-06
-9.21318e-07
2.58582e-06
-1.14493e-06
2.42073e-06
-1.38687e-06
2.22932e-06
-1.64951e-06
2.00836e-06
-1.93444e-06
1.75578e-06
-2.24171e-06
1.47076e-06
-2.56959e-06
1.15324e-06
-2.90906e-06
8.13398e-07
-3.26595e-06
4.85727e-07
-3.76358e-06
1.88284e-07
-4.93558e-06
-9.51465e-08
-7.17873e-06
-1.00434e-05
1.15095e-07
-6.67536e-08
4.49195e-07
5.30745e-07
9.05055e-07
1.45995e-06
1.3919e-06
2.33449e-06
1.84381e-06
2.99945e-06
2.2417e-06
3.4072e-06
2.58956e-06
3.59001e-06
2.88659e-06
3.59929e-06
3.1272e-06
3.47577e-06
3.30932e-06
3.25401e-06
3.43877e-06
2.96778e-06
3.52733e-06
2.64916e-06
3.58793e-06
2.32445e-06
3.63099e-06
2.01152e-06
3.66321e-06
1.71993e-06
3.68788e-06
1.45299e-06
3.70594e-06
1.21005e-06
3.71688e-06
9.88454e-07
3.71955e-06
7.84681e-07
3.71257e-06
5.95132e-07
3.69452e-06
4.16374e-07
3.66411e-06
2.45116e-07
3.62009e-06
7.82665e-08
3.56124e-06
-8.70051e-08
3.48628e-06
-2.53473e-07
3.39366e-06
-4.23741e-07
3.28142e-06
-6.00623e-07
3.14716e-06
-7.87056e-07
2.98802e-06
-9.85795e-07
2.80057e-06
-1.19943e-06
2.58111e-06
-1.43005e-06
2.32606e-06
-1.67939e-06
2.03286e-06
-1.94851e-06
1.69941e-06
-2.23614e-06
1.32822e-06
-2.53787e-06
9.37744e-07
-2.87547e-06
5.72458e-07
-3.39829e-06
2.52017e-07
-4.61514e-06
-7.71273e-08
-6.84958e-06
-1.01205e-05
8.31183e-08
-1.49872e-07
3.18675e-07
2.95188e-07
6.95113e-07
1.08351e-06
1.15396e-06
1.87564e-06
1.63031e-06
2.52311e-06
2.08076e-06
2.95675e-06
2.49222e-06
3.17855e-06
2.86165e-06
3.22985e-06
3.18327e-06
3.15416e-06
3.45114e-06
2.98614e-06
3.66404e-06
2.75488e-06
3.82672e-06
2.48648e-06
3.94805e-06
2.20312e-06
4.03773e-06
1.92183e-06
4.10395e-06
1.65371e-06
4.15249e-06
1.40444e-06
4.1868e-06
1.17574e-06
4.20851e-06
9.66745e-07
4.21802e-06
7.7517e-07
4.215e-06
5.98157e-07
4.19868e-06
4.32694e-07
4.16803e-06
2.75765e-07
4.12184e-06
1.24457e-07
4.05864e-06
-2.38038e-08
3.97701e-06
-1.71842e-07
3.87504e-06
-3.21772e-07
3.75037e-06
-4.75954e-07
3.59995e-06
-6.36641e-07
3.42031e-06
-8.06153e-07
3.20748e-06
-9.86598e-07
2.95733e-06
-1.1799e-06
2.66559e-06
-1.38765e-06
2.32875e-06
-1.61167e-06
1.94484e-06
-1.85224e-06
1.52138e-06
-2.11441e-06
1.08532e-06
-2.43941e-06
6.85623e-07
-2.99859e-06
3.37186e-07
-4.2667e-06
-4.85609e-08
-6.46383e-06
-1.01691e-05
4.81584e-08
-1.9803e-07
1.72658e-07
1.70688e-07
4.41052e-07
8.15119e-07
8.36881e-07
1.47981e-06
1.30851e-06
2.05148e-06
1.79982e-06
2.46544e-06
2.27492e-06
2.70346e-06
2.71845e-06
2.78632e-06
3.12186e-06
2.75074e-06
3.47759e-06
2.63041e-06
3.7804e-06
2.45207e-06
4.0297e-06
2.23718e-06
4.22912e-06
2.00369e-06
4.38506e-06
1.7659e-06
4.50469e-06
1.53408e-06
4.59449e-06
1.31464e-06
4.65954e-06
1.11069e-06
4.70335e-06
9.22935e-07
4.72807e-06
7.50451e-07
4.73484e-06
5.91385e-07
4.72399e-06
4.43538e-07
4.69516e-06
3.04604e-07
4.64747e-06
1.72144e-07
4.57965e-06
4.40108e-08
4.49016e-06
-8.23502e-08
4.37706e-06
-2.08667e-07
4.23789e-06
-3.36791e-07
4.06959e-06
-4.68342e-07
3.8684e-06
-6.04954e-07
3.62977e-06
-7.47969e-07
3.34891e-06
-8.99039e-07
3.02107e-06
-1.05982e-06
2.64301e-06
-1.2336e-06
2.21608e-06
-1.42531e-06
1.75463e-06
-1.65296e-06
1.29234e-06
-1.97713e-06
8.75356e-07
-2.5816e-06
4.88863e-07
-3.88021e-06
1.67607e-08
-5.99173e-06
-1.01523e-05
-4.97036e-08
-1.48327e-07
-3.94826e-08
1.60467e-07
1.15021e-07
6.60615e-07
4.35349e-07
1.15948e-06
8.814e-07
1.60543e-06
1.39582e-06
1.95102e-06
1.92849e-06
2.17079e-06
2.44559e-06
2.26922e-06
2.9288e-06
2.26753e-06
3.36838e-06
2.19083e-06
3.75786e-06
2.06258e-06
4.09406e-06
1.90099e-06
4.37694e-06
1.7208e-06
4.60936e-06
1.53348e-06
4.79598e-06
1.34746e-06
4.94211e-06
1.16851e-06
5.05279e-06
1.00002e-06
5.1323e-06
8.43423e-07
5.18396e-06
6.98789e-07
5.21016e-06
5.65185e-07
5.21234e-06
4.41354e-07
5.19113e-06
3.25818e-07
5.14643e-06
2.16845e-07
5.0777e-06
1.12737e-07
4.9836e-06
1.17477e-08
4.86242e-06
-8.74856e-08
4.71195e-06
-1.86316e-07
4.52928e-06
-2.85677e-07
4.31085e-06
-3.86517e-07
4.05206e-06
-4.8918e-07
3.74822e-06
-5.95205e-07
3.39543e-06
-7.07024e-07
2.99245e-06
-8.30617e-07
2.54497e-06
-9.77838e-07
2.07348e-06
-1.18147e-06
1.61685e-06
-1.5205e-06
1.21105e-06
-2.17579e-06
7.73997e-07
-3.44316e-06
1.64842e-07
-5.38258e-06
-9.98745e-06
-2.85473e-07
1.37147e-07
-4.34708e-07
3.09702e-07
-3.50064e-07
5.75971e-07
-7.3203e-08
8.82622e-07
3.53302e-07
1.17893e-06
8.85769e-07
1.41855e-06
1.46713e-06
1.58942e-06
2.05318e-06
1.68318e-06
2.61333e-06
1.70737e-06
3.13058e-06
1.67358e-06
3.59713e-06
1.59604e-06
4.00936e-06
1.48876e-06
4.3665e-06
1.36367e-06
4.6699e-06
1.23007e-06
4.92245e-06
1.09491e-06
5.12794e-06
9.63027e-07
5.29044e-06
8.37521e-07
5.41398e-06
7.19883e-07
5.50212e-06
6.10646e-07
5.55767e-06
5.09639e-07
5.58267e-06
4.16349e-07
5.57864e-06
3.29848e-07
5.54644e-06
2.49042e-07
5.48634e-06
1.72842e-07
5.39792e-06
1.00172e-07
5.28014e-06
3.02894e-08
5.13184e-06
-3.8013e-08
4.95116e-06
-1.04997e-07
4.7354e-06
-1.70758e-07
4.4806e-06
-2.34383e-07
4.18452e-06
-2.99122e-07
3.84505e-06
-3.67556e-07
3.46164e-06
-4.47201e-07
3.04102e-06
-5.57222e-07
2.60257e-06
-7.43021e-07
2.17256e-06
-1.09048e-06
1.75178e-06
-1.75502e-06
1.20447e-06
-2.89585e-06
4.38036e-07
-4.61615e-06
-9.54941e-06
-5.47697e-07
6.84844e-07
-8.23781e-07
5.85786e-07
-8.65908e-07
6.18098e-07
-6.6671e-07
6.83424e-07
-2.59325e-07
7.71541e-07
2.86644e-07
8.7258e-07
9.09011e-07
9.67057e-07
1.55219e-06
1.04e-06
2.17969e-06
1.07987e-06
2.7684e-06
1.08487e-06
3.30599e-06
1.05844e-06
3.78708e-06
1.00767e-06
4.21029e-06
9.40461e-07
4.57659e-06
8.63769e-07
4.88848e-06
7.83022e-07
5.14932e-06
7.02184e-07
5.36298e-06
6.23865e-07
5.53321e-06
5.49645e-07
5.6635e-06
4.80358e-07
5.75696e-06
4.16178e-07
5.81644e-06
3.56872e-07
5.84427e-06
3.02022e-07
5.84222e-06
2.51094e-07
5.81152e-06
2.03539e-07
5.75286e-06
1.58835e-07
5.6666e-06
1.16544e-07
5.55242e-06
7.61654e-08
5.4104e-06
3.70255e-08
5.24348e-06
-3.84073e-09
5.04937e-06
-4.02667e-08
4.83097e-06
-8.07285e-08
4.58956e-06
-1.26146e-07
4.32459e-06
-1.8223e-07
4.0323e-06
-2.64925e-07
3.69439e-06
-4.05112e-07
3.27353e-06
-6.69624e-07
2.68621e-06
-1.1677e-06
1.7953e-06
-2.00494e-06
7.88875e-07
-3.60972e-06
-8.76054e-06
-7.36131e-07
1.42098e-06
-1.03407e-06
8.83727e-07
-9.4314e-07
5.27166e-07
-6.45722e-07
3.86006e-07
-2.16045e-07
3.41865e-07
3.11849e-07
3.44686e-07
9.02132e-07
3.76774e-07
1.52133e-06
4.208e-07
2.14415e-06
4.57057e-07
2.75017e-06
4.7885e-07
3.32389e-06
4.84726e-07
3.85512e-06
4.76437e-07
4.33828e-06
4.57301e-07
4.77123e-06
4.30823e-07
5.15423e-06
4.00024e-07
5.48916e-06
3.67247e-07
5.7789e-06
3.34131e-07
6.02667e-06
3.01868e-07
6.236e-06
2.7103e-07
6.4103e-06
2.41884e-07
6.55266e-06
2.14514e-07
6.66583e-06
1.88852e-07
6.75218e-06
1.64743e-07
6.81371e-06
1.42001e-07
6.85214e-06
1.20408e-07
6.86896e-06
9.97237e-08
6.86545e-06
7.96795e-08
6.84252e-06
5.99514e-08
6.79834e-06
4.03422e-08
6.7369e-06
2.11739e-08
6.65449e-06
1.67455e-09
6.55226e-06
-2.39157e-08
6.4242e-06
-5.4162e-08
6.25504e-06
-9.57689e-08
6.00263e-06
-1.52705e-07
5.56331e-06
-2.30297e-07
4.73024e-06
-3.34637e-07
3.30925e-06
-5.83946e-07
1.59601e-06
-1.89648e-06
-7.16453e-06
1.42098e-06
2.3047e-06
2.83187e-06
3.21787e-06
3.55974e-06
3.90442e-06
4.2812e-06
4.702e-06
5.15906e-06
5.63791e-06
6.12263e-06
6.59907e-06
7.05637e-06
7.48719e-06
7.88722e-06
8.25446e-06
8.5886e-06
8.89046e-06
9.16149e-06
9.40338e-06
9.61789e-06
9.80674e-06
9.97149e-06
1.01135e-05
1.02339e-05
1.03336e-05
1.04133e-05
1.04733e-05
1.05136e-05
1.05348e-05
1.05364e-05
1.05125e-05
1.04584e-05
1.03626e-05
1.02099e-05
9.97959e-06
9.64496e-06
9.06101e-06
7.16453e-06
)
;

boundaryField
{
    movingWall
    {
        type            calculated;
        value           uniform 0;
    }
    fixedWalls
    {
        type            calculated;
        value           uniform 0;
    }
    frontAndBack
    {
        type            empty;
    }
}


// ************************************************************************* //
