/*--------------------------------*- C++ -*----------------------------------*\
| =========                 |                                                 |
| \\      /  F ield         | OpenFOAM: The Open Source CFD Toolbox           |
|  \\    /   O peration     | Version:  2412                                  |
|   \\  /    A nd           | Website:  www.openfoam.com                      |
|    \\/     M anipulation  |                                                 |
\*---------------------------------------------------------------------------*/
FoamFile
{
    version     2.0;
    format      ascii;
    arch        "LSB;label=32;scalar=64";
    class       volScalarField;
    location    "9";
    object      k;
}
// * * * * * * * * * * * * * * * * * * * * * * * * * * * * * * * * * * * * * //

dimensions      [0 2 -2 0 0 0 0];

internalField   nonuniform List<scalar> 
1600
(
0.000162636
0.000189912
0.000234316
0.00027566
0.000300917
0.000314384
0.000333522
0.000360759
0.000392092
0.000438927
0.000556949
0.000905569
0.0014097
0.0020134
0.00261098
0.00313453
0.00355118
0.00384404
0.00399559
0.00405628
0.00406458
0.00397518
0.00384217
0.00366021
0.00346648
0.00325037
0.00303006
0.00280608
0.00257783
0.00233209
0.00206839
0.00177539
0.00152113
0.00138883
0.0012895
0.00120641
0.00109347
0.000888893
0.000584564
0.000333669
0.00027935
0.00022673
0.000211345
0.000209758
0.000220766
0.000266952
0.000378222
0.000530106
0.000724234
0.00102431
0.00138237
0.00174318
0.0020001
0.00220195
0.0023418
0.00237773
0.00237221
0.00231562
0.00226415
0.00223121
0.00221858
0.0022228
0.00229462
0.00238539
0.00251348
0.00265702
0.00281244
0.00294788
0.00302782
0.00305766
0.00301705
0.00287013
0.00262297
0.00224598
0.00175254
0.00129056
0.000926603
0.00068126
0.000476969
0.000377113
0.000452435
0.000336076
0.00030918
0.000311035
0.000352697
0.000491164
0.000763814
0.00111855
0.00146852
0.00170338
0.00181571
0.00186729
0.00189599
0.00189741
0.00173
0.00165697
0.00156324
0.00150053
0.0014507
0.00142739
0.0014195
0.00143362
0.0014803
0.00155015
0.00166184
0.00181239
0.00201312
0.0022597
0.00252627
0.00275556
0.00288209
0.00291818
0.00278105
0.00254894
0.00206637
0.00147871
0.000958717
0.000613371
0.00041711
0.000441816
0.000600207
0.000460885
0.000468389
0.000518674
0.00067466
0.000979178
0.00136755
0.00164138
0.00174819
0.00176439
0.00173945
0.00166115
0.00148665
0.00127406
0.00115287
0.0010227
0.000931579
0.000847539
0.000792739
0.000746831
0.000724071
0.00071389
0.00071238
0.000736738
0.000775354
0.000845927
0.000952509
0.00112191
0.0013851
0.00177382
0.00219615
0.00252004
0.00265959
0.00266446
0.00244891
0.00183981
0.00114292
0.00062581
0.000395578
0.000500197
0.000689335
0.00062466
0.00070558
0.000834585
0.00109697
0.00146278
0.00168658
0.00175049
0.00171601
0.00162177
0.00143252
0.00115779
0.000962881
0.000806254
0.000710179
0.000613928
0.00056677
0.00051948
0.00049739
0.000479668
0.000472066
0.000469267
0.000470477
0.000480623
0.000493987
0.000521171
0.000563441
0.000635426
0.00075464
0.000959087
0.00131647
0.00187894
0.00240181
0.00264803
0.00269075
0.00246731
0.0016575
0.000799515
0.000435126
0.000532432
0.000737903
0.00084749
0.00100812
0.00119765
0.00149154
0.00169273
0.00174488
0.00168775
0.0015258
0.00123386
0.000949481
0.000760346
0.000633024
0.000546934
0.000500246
0.000466095
0.000451257
0.000441108
0.000436906
0.000433827
0.000432469
0.000431875
0.000431876
0.000434593
0.000439081
0.000448513
0.000464285
0.000491939
0.000539692
0.0006253
0.000784183
0.00108692
0.00167028
0.00238232
0.00271491
0.00277461
0.00244878
0.00134328
0.000604577
0.000557694
0.000773266
0.00111492
0.00133419
0.00152624
0.00169262
0.00174239
0.00167636
0.00147031
0.00111617
0.000831113
0.000644389
0.000541768
0.000479774
0.000449559
0.000435012
0.000427862
0.000424834
0.000422472
0.000421398
0.000420363
0.000420087
0.000420596
0.000422145
0.000424932
0.000428897
0.000434913
0.000443647
0.000457248
0.000479373
0.000517688
0.000589138
0.000730556
0.00101972
0.00161088
0.00244215
0.00280706
0.00283739
0.00217884
0.000947425
0.000611512
0.000821373
0.00139565
0.00162505
0.001729
0.00176783
0.00168678
0.00146789
0.00108336
0.000765689
0.000586033
0.000492825
0.000448118
0.000427419
0.00041872
0.000414895
0.000412538
0.000411093
0.000410059
0.00040977
0.000410086
0.000411896
0.000414321
0.000417702
0.000421996
0.000427055
0.000433207
0.000440545
0.000450277
0.000463782
0.000484526
0.000520887
0.000591707
0.000739146
0.00105348
0.00171934
0.00258318
0.00291315
0.00276888
0.00136883
0.000691613
0.000934224
0.00165637
0.00183534
0.0018572
0.00173729
0.0015241
0.00112898
0.000751596
0.000561806
0.000470544
0.000430453
0.000413977
0.000407293
0.000404213
0.000401947
0.000400359
0.000399639
0.000399399
0.000400098
0.000401782
0.000404571
0.000408319
0.000413282
0.000419364
0.000426328
0.000433908
0.000442047
0.000451113
0.000461659
0.000475874
0.00049712
0.000536419
0.000618454
0.000797952
0.00118787
0.00203321
0.00279828
0.00298306
0.00211098
0.000830283
0.00114839
0.00185788
0.00197977
0.00186641
0.00163371
0.00124115
0.00080864
0.000567593
0.000463335
0.000420511
0.000404235
0.000397837
0.000394925
0.000392026
0.000390339
0.00038896
0.000388265
0.000387941
0.000388051
0.000389312
0.000391679
0.00039547
0.000401047
0.000408475
0.000417733
0.000428462
0.000439985
0.000451442
0.000462632
0.000474903
0.000490439
0.00051461
0.000563115
0.000675706
0.000924162
0.00146391
0.00253203
0.00302892
0.00275861
0.000944695
0.00138226
0.00200418
0.00207142
0.00182246
0.00142571
0.000957696
0.00061524
0.000471703
0.000416695
0.000396933
0.000389674
0.00038632
0.000383374
0.000380571
0.0003788
0.00037654
0.000374534
0.00037249
0.000371369
0.000371002
0.000372043
0.000375148
0.000380577
0.000388582
0.000399314
0.00041263
0.000428043
0.000444568
0.000460733
0.000475271
0.000489463
0.00050724
0.000537335
0.000607013
0.000782726
0.00117693
0.00203043
0.00303054
0.00321152
0.00135253
0.00161073
0.0020806
0.00208865
0.00171647
0.00119988
0.000732771
0.000507156
0.00042178
0.000392687
0.00038283
0.000378739
0.000375431
0.000372125
0.000369016
0.000365838
0.000361663
0.00035748
0.000353322
0.000350049
0.000348412
0.000347971
0.000350059
0.000355121
0.000363276
0.000374814
0.000389761
0.000407874
0.000428483
0.000450308
0.000471374
0.000489581
0.000505975
0.000527307
0.00056958
0.000679832
0.000957743
0.00160831
0.00290906
0.00349855
0.00218107
0.00182948
0.00212271
0.00206393
0.00156257
0.000990087
0.000599522
0.000446107
0.00039424
0.000377982
0.000372036
0.000368755
0.000364732
0.00036087
0.000356405
0.000350984
0.000344478
0.000337934
0.000331669
0.000326526
0.000323489
0.000322339
0.000323216
0.000327956
0.000336047
0.000347975
0.000363885
0.000383736
0.000407129
0.000433115
0.000460007
0.000485314
0.000506378
0.000525382
0.000554035
0.000631099
0.000849822
0.00137508
0.00257352
0.0037675
0.00325953
0.00203274
0.00212023
0.00200318
0.00141473
0.000815589
0.000517122
0.000410109
0.000377343
0.000367237
0.000362918
0.000359068
0.000354211
0.000349132
0.000342617
0.000334777
0.000326021
0.000317381
0.000309378
0.000302816
0.000298728
0.000297072
0.000297072
0.000301429
0.000309315
0.000321283
0.000337611
0.000358463
0.000383705
0.000412675
0.000443928
0.000475103
0.00050314
0.000525552
0.000548424
0.000595469
0.000744323
0.00116526
0.00220689
0.00395786
0.00436505
0.0022354
0.00210058
0.00191055
0.00126802
0.000702641
0.000465177
0.000387772
0.000365885
0.000358624
0.000354632
0.000349699
0.000343735
0.000336915
0.000328213
0.000318187
0.000307541
0.000297273
0.000288021
0.000280538
0.000275716
0.000273566
0.000273216
0.000277053
0.000284594
0.000296278
0.000312521
0.000333695
0.000359977
0.000391082
0.00042589
0.000462098
0.000496238
0.00052474
0.000547476
0.000581259
0.000695458
0.00104873
0.00193019
0.00401308
0.00537107
0.00243828
0.00205544
0.00181252
0.0011467
0.000627959
0.000431443
0.000373103
0.000357506
0.000351603
0.000346919
0.000340696
0.00033335
0.00032465
0.000313988
0.000302191
0.000290111
0.000278712
0.000268671
0.000260652
0.000255352
0.000252889
0.000252374
0.000255706
0.000262782
0.000273939
0.000289681
0.000310549
0.000337004
0.000369177
0.000406446
0.0004469
0.000486936
0.00052174
0.000548108
0.000575021
0.000650204
0.000948661
0.00180201
0.0038425
0.00623694
0.00263012
0.0019951
0.00171735
0.00105407
0.000577699
0.000409269
0.000363313
0.000351211
0.000345708
0.000339788
0.000332169
0.000323333
0.000312909
0.000300669
0.000287555
0.000274492
0.000262395
0.000251929
0.000243655
0.000238102
0.00023546
0.000234848
0.000237742
0.000244295
0.0002548
0.000269812
0.000289994
0.000316036
0.000348437
0.000387083
0.000430586
0.000475581
0.000516641
0.000548222
0.000573205
0.000628139
0.000863016
0.00163773
0.00376305
0.00696835
0.00280582
0.00193712
0.00163331
0.000988461
0.000545428
0.000394325
0.000356394
0.00034644
0.000340618
0.00033328
0.000324264
0.000314023
0.00030219
0.00028879
0.000274786
0.000261124
0.00024867
0.000238042
0.000229704
0.000224039
0.000221286
0.00022061
0.000223127
0.000229136
0.00023893
0.000253082
0.000272331
0.000297534
0.00032951
0.00036866
0.000414258
0.000463443
0.000510534
0.000547944
0.000573119
0.000615055
0.000815609
0.00153948
0.00361377
0.00756192
0.00296166
0.0018871
0.00156176
0.000947642
0.000525143
0.000384796
0.000351715
0.000343032
0.000336354
0.000327555
0.00031722
0.000305761
0.000292868
0.000278693
0.000264158
0.000250198
0.000237628
0.000227012
0.00021873
0.000213027
0.000210174
0.000209447
0.000211637
0.000217114
0.000226201
0.000239471
0.000257697
0.000281828
0.00031291
0.000351763
0.000398324
0.000450457
0.000502757
0.000546346
0.000574051
0.000605067
0.000762768
0.00143295
0.00352585
0.00804375
0.00309919
0.0018442
0.00150566
0.00092481
0.000516934
0.000378148
0.000348146
0.000340376
0.00033274
0.000322626
0.000311136
0.000298723
0.000285117
0.000270505
0.000255737
0.000241715
0.000229198
0.000218701
0.000210535
0.000204849
0.00020187
0.000201083
0.000202982
0.000207957
0.000216381
0.00022881
0.000246021
0.000269004
0.00029896
0.000337049
0.00038385
0.000438061
0.00049486
0.000544684
0.000576079
0.00060101
0.000737506
0.0013658
0.00340632
0.00842484
0.00319777
0.00182024
0.00146508
0.000926222
0.000520034
0.000375804
0.000345729
0.000338373
0.000329951
0.00031872
0.000306256
0.000293099
0.000279048
0.000264275
0.000249518
0.000235604
0.000223236
0.0002129
0.000204874
0.000199266
0.000196136
0.000195278
0.000196878
0.000201375
0.000209213
0.000220892
0.000237166
0.000259007
0.000287704
0.000324625
0.000370888
0.000426065
0.000486205
0.000541782
0.000577131
0.000598217
0.000706291
0.00130179
0.00333861
0.00872589
0.00323447
0.00181985
0.00143799
0.000935095
0.000530537
0.00037745
0.000343792
0.000336669
0.000327766
0.000315694
0.000302455
0.000288809
0.000274603
0.000259918
0.000245339
0.000231624
0.000219474
0.000209355
0.000201506
0.000195996
0.00019283
0.000192006
0.000193382
0.000197459
0.000204813
0.000215756
0.000231036
0.000251772
0.000279238
0.000314856
0.000360188
0.000415661
0.000478341
0.000539384
0.000579147
0.000597555
0.00069113
0.00126119
0.00329124
0.00896097
0.00321447
0.00182467
0.00143013
0.000955288
0.000550505
0.000382748
0.000343459
0.000335012
0.000326163
0.000313689
0.00029995
0.000285979
0.000271703
0.00025718
0.000242924
0.000229708
0.00021801
0.000208198
0.000200497
0.000194997
0.000191745
0.00019092
0.000192138
0.000195916
0.000202924
0.000213377
0.000228019
0.000247767
0.000273791
0.000307695
0.00035171
0.000406694
0.000470821
0.000536421
0.000580691
0.00059745
0.000671092
0.00121894
0.00327494
0.00915703
0.00314412
0.00183722
0.0014336
0.000993912
0.000590821
0.000395827
0.000344428
0.000333857
0.00032499
0.000312484
0.000298377
0.000284212
0.00027019
0.000256282
0.000242751
0.000229917
0.000218442
0.000208782
0.00020117
0.000195701
0.000192435
0.000191653
0.000192657
0.000195917
0.000202592
0.000212721
0.000226985
0.000246183
0.00027128
0.000303963
0.000346118
0.000399993
0.000464922
0.00053465
0.000583084
0.000599712
0.000661348
0.00119071
0.00327477
0.00932246
0.00299071
0.00184983
0.00144437
0.00103916
0.00063445
0.000414416
0.000347583
0.000332475
0.00032413
0.000312118
0.0002983
0.000284215
0.000270327
0.000256679
0.00024348
0.000231098
0.00022003
0.000210679
0.000203292
0.000197967
0.000194786
0.00019423
0.000195218
0.000198277
0.00020462
0.000214255
0.000227761
0.00024608
0.000270582
0.000302562
0.000343477
0.000396259
0.000460707
0.000533826
0.000585438
0.000601485
0.00064972
0.00115943
0.00332132
0.00947018
0.00274312
0.00184458
0.00146002
0.00110004
0.000707377
0.000453859
0.000356075
0.000332828
0.00032305
0.000312111
0.000298624
0.000284697
0.000271076
0.000257889
0.000245336
0.000233706
0.00022331
0.000214467
0.00020741
0.000202282
0.000199169
0.000198781
0.000199799
0.00020281
0.00020905
0.000218505
0.000231737
0.000249477
0.00027273
0.00030278
0.000342707
0.000394825
0.000458756
0.000533697
0.000588505
0.000604127
0.000644375
0.00113532
0.00336066
0.00960387
0.00241335
0.00182138
0.00148183
0.00115485
0.0007766
0.000497103
0.000371824
0.000335097
0.000322818
0.000312207
0.00029944
0.000285904
0.000272746
0.000260262
0.000248469
0.000237595
0.000227898
0.000219637
0.000213044
0.00020825
0.000205346
0.000205227
0.000206339
0.000209455
0.000215782
0.000225169
0.000238212
0.000255527
0.000278198
0.000307354
0.000345184
0.000394987
0.000458246
0.000535625
0.000591975
0.000605791
0.000635252
0.00111557
0.00343393
0.00972934
0.00201655
0.00176219
0.00149692
0.00123055
0.000881456
0.000575421
0.000405564
0.000342676
0.000323685
0.000312454
0.000300654
0.00028783
0.000275201
0.000263355
0.000252379
0.000242376
0.000233515
0.000225991
0.000220039
0.00021573
0.000213321
0.000213465
0.000214844
0.000218314
0.000224869
0.000234359
0.000247391
0.000264407
0.000286487
0.000314551
0.000351297
0.000400154
0.000461116
0.000539666
0.000595602
0.000606606
0.00062838
0.00110198
0.0034979
0.00984916
0.00157359
0.00161833
0.00150474
0.00127214
0.000966295
0.000661497
0.000454351
0.00036014
0.000327734
0.000313463
0.000301652
0.000289909
0.000278101
0.00026697
0.00025683
0.000247777
0.000239906
0.000233302
0.000228234
0.000224585
0.000223084
0.000223555
0.000225388
0.000229496
0.000236489
0.000246256
0.000259445
0.000276252
0.000297885
0.000325047
0.000360535
0.000407768
0.000466544
0.000545178
0.000597849
0.000606497
0.000617507
0.00109072
0.00358721
0.0099673
0.00113452
0.00145796
0.00147615
0.00135891
0.00108
0.00077584
0.000536538
0.000398357
0.000339936
0.000317133
0.000303522
0.000291705
0.000280895
0.000270828
0.000261749
0.000253778
0.00024706
0.000241568
0.000237632
0.000234876
0.000234718
0.000235632
0.000238141
0.000243226
0.000250868
0.00026104
0.000274512
0.000291117
0.000312356
0.00033857
0.000372975
0.000418609
0.000474163
0.000551582
0.000598633
0.00060136
0.000605571
0.00108143
0.00367247
0.0100864
0.000752406
0.0012475
0.00141406
0.00136246
0.00119148
0.000895874
0.000639108
0.000460517
0.000367848
0.000328028
0.000308359
0.000294825
0.000283531
0.000274162
0.000266268
0.000259763
0.000254443
0.000250593
0.000247833
0.000247068
0.000247681
0.000249555
0.000253512
0.00025953
0.000267993
0.000278601
0.000292376
0.000308634
0.000329441
0.000354595
0.000387832
0.00043092
0.000482366
0.000555376
0.000594531
0.000591573
0.00058997
0.00107697
0.00377215
0.0102106
0.000473245
0.000998229
0.00135079
0.00135015
0.00126651
0.00103921
0.00077629
0.000566983
0.000426511
0.000355628
0.000321681
0.00030235
0.000288861
0.000278539
0.000270798
0.000265176
0.000261572
0.000259108
0.000258803
0.00025949
0.000261346
0.000264989
0.000270523
0.000277596
0.000286955
0.00029788
0.000311797
0.000327399
0.000347711
0.000371529
0.000403095
0.00044037
0.000486961
0.000556509
0.000582534
0.000573263
0.00057231
0.00107572
0.00386814
0.0103425
0.000329127
0.000760021
0.00123068
0.00132331
0.00128463
0.00116461
0.000920954
0.000701862
0.00053223
0.000415763
0.000355117
0.000321937
0.000301603
0.000287894
0.000278448
0.000272225
0.000268483
0.000267958
0.000268755
0.000270821
0.000274779
0.000280001
0.000286988
0.000295009
0.000305078
0.000316008
0.000329705
0.000344527
0.00036333
0.000383811
0.000410954
0.000443993
0.000488524
0.000548028
0.000559072
0.0005465
0.000556333
0.00108799
0.00397342
0.0104853
0.000312503
0.000565608
0.00105846
0.00126674
0.00127422
0.00122541
0.00108533
0.000870118
0.000684718
0.000537538
0.000431703
0.000371099
0.00033448
0.000311199
0.000295881
0.000286464
0.000280516
0.00027861
0.000279304
0.000281433
0.000285907
0.000291794
0.000299561
0.000307837
0.000318052
0.000328366
0.000341018
0.000353721
0.00037025
0.00038814
0.000413132
0.000444126
0.000482672
0.000522114
0.000522443
0.000516464
0.000549596
0.00111954
0.00407692
0.0106458
0.000321364
0.000454879
0.00084795
0.0011432
0.00124465
0.00123794
0.00118662
0.00105917
0.000882372
0.000724581
0.000592075
0.000487797
0.000417345
0.000372273
0.000342146
0.000322606
0.000309664
0.00030227
0.00029886
0.000299152
0.000300759
0.000304194
0.000310212
0.000316717
0.000325462
0.000334123
0.000345402
0.000356621
0.00037159
0.000387814
0.000408775
0.000432474
0.000456717
0.000482266
0.000490249
0.000502831
0.000563836
0.00119883
0.00422813
0.0108459
0.000336417
0.000417468
0.000697515
0.000993228
0.00118129
0.00125533
0.00125265
0.00121228
0.00111375
0.000969108
0.000829227
0.000700285
0.000596887
0.000520619
0.000464542
0.000423891
0.000394275
0.000373186
0.000358315
0.000348826
0.000343251
0.000340096
0.000340321
0.000341583
0.000344727
0.000348934
0.000356126
0.00036373
0.000374626
0.000386172
0.000401847
0.000420003
0.00044062
0.000465498
0.000479342
0.00051059
0.000648295
0.00141177
0.00453369
0.0111386
0.000430542
0.000467954
0.000670331
0.000915928
0.00114429
0.00129048
0.0013576
0.00137881
0.00135984
0.00130555
0.00120672
0.00109789
0.000983833
0.000874126
0.000777415
0.000695723
0.00062878
0.000574482
0.000531447
0.000496851
0.000470748
0.000451041
0.000437344
0.000426585
0.000420837
0.000415596
0.000415666
0.000417091
0.000420727
0.000428107
0.00043892
0.000454871
0.000477107
0.000509987
0.000561792
0.000675455
0.000961094
0.00193795
0.00517779
0.011592
0.000646664
0.000593075
0.00081241
0.00103436
0.00124354
0.00140964
0.00151402
0.00155882
0.00155143
0.00152232
0.00145683
0.00136848
0.00127168
0.00117462
0.00108301
0.00100158
0.000929962
0.000870379
0.000819322
0.000778999
0.000744895
0.000718333
0.000696604
0.000682878
0.000672018
0.0006701
0.000672131
0.000678609
0.000693341
0.000724333
0.000762248
0.000827379
0.000902425
0.00102384
0.00118046
0.00144777
0.00192308
0.00317201
0.00634688
0.0122585
0.00151762
0.00200331
0.00264884
0.00293814
0.00306038
0.00310017
0.00309466
0.00305858
0.0029827
0.0029083
0.00283554
0.00275977
0.00268599
0.00261988
0.00256068
0.00251451
0.00247598
0.0024536
0.0024372
0.00243846
0.00244583
0.00246328
0.0024904
0.00253188
0.00257952
0.00264465
0.0027152
0.00280904
0.00290908
0.00302558
0.00316091
0.00335083
0.00355236
0.00382988
0.00412031
0.00456818
0.00509785
0.00635077
0.00864639
0.0133876
0.00927412
0.0143984
0.0173908
0.0185885
0.0190117
0.0189886
0.0188212
0.0184515
0.0179846
0.0175034
0.017043
0.0166197
0.0162379
0.0158977
0.0155953
0.0153275
0.0150896
0.0148789
0.0146918
0.0145264
0.0143802
0.0142525
0.0141412
0.0140468
0.0139669
0.0139039
0.0138538
0.0138222
0.0138012
0.0138024
0.0138074
0.013817
0.0138391
0.0138701
0.0139358
0.0140099
0.0141777
0.0143598
0.0152646
0.0148354
)
;

boundaryField
{
    movingWall
    {
        type            kqRWallFunction;
        value           nonuniform List<scalar> 
40
(
0.00927412
0.0143984
0.0173908
0.0185885
0.0190117
0.0189886
0.0188212
0.0184515
0.0179846
0.0175034
0.017043
0.0166197
0.0162379
0.0158977
0.0155953
0.0153275
0.0150896
0.0148789
0.0146918
0.0145264
0.0143802
0.0142525
0.0141412
0.0140468
0.0139669
0.0139039
0.0138538
0.0138222
0.0138012
0.0138024
0.0138074
0.013817
0.0138391
0.0138701
0.0139358
0.0140099
0.0141777
0.0143598
0.0152646
0.0148354
)
;
    }
    fixedWalls
    {
        type            kqRWallFunction;
        value           nonuniform List<scalar> 
120
(
0.000162636
0.00027935
0.000452435
0.000600207
0.000689335
0.000737903
0.000773266
0.000821373
0.000934224
0.00114839
0.00138226
0.00161073
0.00182948
0.00203274
0.0022354
0.00243828
0.00263012
0.00280582
0.00296166
0.00309919
0.00319777
0.00323447
0.00321447
0.00314412
0.00299071
0.00274312
0.00241335
0.00201655
0.00157359
0.00113452
0.000752406
0.000473245
0.000329127
0.000312503
0.000321364
0.000336417
0.000430542
0.000646664
0.00151762
0.00927412
0.000333669
0.000377113
0.000441816
0.000500197
0.000532432
0.000557694
0.000611512
0.000691613
0.000830283
0.000944695
0.00135253
0.00218107
0.00325953
0.00436505
0.00537107
0.00623694
0.00696835
0.00756192
0.00804375
0.00842484
0.00872589
0.00896097
0.00915703
0.00932246
0.00947018
0.00960387
0.00972934
0.00984916
0.0099673
0.0100864
0.0102106
0.0103425
0.0104853
0.0106458
0.0108459
0.0111386
0.011592
0.0122585
0.0133876
0.0148354
0.000162636
0.000189912
0.000234316
0.00027566
0.000300917
0.000314384
0.000333522
0.000360759
0.000392092
0.000438927
0.000556949
0.000905569
0.0014097
0.0020134
0.00261098
0.00313453
0.00355118
0.00384404
0.00399559
0.00405628
0.00406458
0.00397518
0.00384217
0.00366021
0.00346648
0.00325037
0.00303006
0.00280608
0.00257783
0.00233209
0.00206839
0.00177539
0.00152113
0.00138883
0.0012895
0.00120641
0.00109347
0.000888893
0.000584564
0.000333669
)
;
    }
    frontAndBack
    {
        type            empty;
    }
}


// ************************************************************************* //
