/*--------------------------------*- C++ -*----------------------------------*\
| =========                 |                                                 |
| \\      /  F ield         | OpenFOAM: The Open Source CFD Toolbox           |
|  \\    /   O peration     | Version:  2412                                  |
|   \\  /    A nd           | Website:  www.openfoam.com                      |
|    \\/     M anipulation  |                                                 |
\*---------------------------------------------------------------------------*/
FoamFile
{
    version     2.0;
    format      ascii;
    arch        "LSB;label=32;scalar=64";
    class       volScalarField;
    location    "9";
    object      nut;
}
// * * * * * * * * * * * * * * * * * * * * * * * * * * * * * * * * * * * * * //

dimensions      [0 2 -1 0 0 0 0];

internalField   nonuniform List<scalar> 
1600
(
3.58046e-06
3.86903e-06
4.29756e-06
4.66127e-06
4.87009e-06
4.97779e-06
5.12698e-06
5.3322e-06
5.55899e-06
5.88169e-06
6.62531e-06
8.44811e-06
1.05405e-05
1.25969e-05
1.43452e-05
1.57178e-05
1.67299e-05
1.7406e-05
1.77457e-05
1.78799e-05
1.78981e-05
1.77e-05
1.74013e-05
1.69842e-05
1.65286e-05
1.60051e-05
1.54532e-05
1.48711e-05
1.42534e-05
1.3557e-05
1.27672e-05
1.18284e-05
1.09495e-05
1.0463e-05
1.00822e-05
9.7521e-06
9.28433e-06
8.37068e-06
6.78794e-06
5.12816e-06
4.69242e-06
5.37921e-06
6.43421e-06
6.96689e-06
7.20542e-06
8.10617e-06
9.97429e-06
1.10148e-05
1.2292e-05
1.46234e-05
1.57172e-05
1.67219e-05
1.69927e-05
1.66829e-05
1.71034e-05
1.71651e-05
1.72785e-05
1.77754e-05
1.874e-05
2.03601e-05
2.23424e-05
2.40181e-05
2.62993e-05
2.84918e-05
3.10197e-05
3.36179e-05
3.60869e-05
3.79468e-05
3.88992e-05
3.92712e-05
3.92718e-05
3.8594e-05
3.77813e-05
3.51215e-05
2.97508e-05
2.354e-05
1.56547e-05
1.05709e-05
7.91119e-06
5.45185e-06
5.97158e-06
7.11424e-06
1.00788e-05
1.22553e-05
1.28344e-05
1.41632e-05
1.7504e-05
2.03027e-05
2.12439e-05
2.07106e-05
2.00799e-05
1.90642e-05
1.86289e-05
1.96898e-05
1.89035e-05
1.91396e-05
1.9992e-05
2.11417e-05
2.25027e-05
2.36454e-05
2.43505e-05
2.51176e-05
2.59929e-05
2.66614e-05
2.77287e-05
2.90255e-05
3.08562e-05
3.31876e-05
3.58335e-05
3.7877e-05
3.90909e-05
3.94167e-05
3.81391e-05
3.7517e-05
3.47964e-05
2.96926e-05
2.24213e-05
1.44976e-05
9.13322e-06
5.90105e-06
6.87781e-06
9.92095e-06
1.55905e-05
1.84845e-05
2.02807e-05
2.26065e-05
2.49192e-05
2.43784e-05
2.29251e-05
2.16876e-05
2.05159e-05
1.98802e-05
2.0514e-05
1.75949e-05
1.84873e-05
1.73071e-05
1.80321e-05
1.71021e-05
1.70797e-05
1.62343e-05
1.57765e-05
1.54723e-05
1.48568e-05
1.48069e-05
1.47671e-05
1.52085e-05
1.59804e-05
1.75086e-05
2.0017e-05
2.42757e-05
2.87637e-05
3.21635e-05
3.36498e-05
3.36236e-05
3.39632e-05
3.04863e-05
2.49046e-05
1.63297e-05
9.66222e-06
6.27881e-06
7.37069e-06
1.47469e-05
2.21315e-05
2.41504e-05
2.55176e-05
2.74406e-05
2.60854e-05
2.4825e-05
2.30963e-05
2.13617e-05
2.07609e-05
1.81833e-05
1.68212e-05
1.50446e-05
1.56046e-05
1.39955e-05
1.45259e-05
1.35726e-05
1.3578e-05
1.3168e-05
1.29901e-05
1.2879e-05
1.24663e-05
1.23143e-05
1.18926e-05
1.16902e-05
1.15311e-05
1.17453e-05
1.24912e-05
1.42478e-05
1.76655e-05
2.35742e-05
2.87772e-05
3.11483e-05
3.12829e-05
3.19223e-05
2.7521e-05
1.74632e-05
1.0248e-05
6.4779e-06
7.62585e-06
2.04639e-05
2.78409e-05
2.86602e-05
2.93808e-05
2.79648e-05
2.67358e-05
2.4539e-05
2.22544e-05
1.98336e-05
1.68565e-05
1.51041e-05
1.42333e-05
1.36655e-05
1.42389e-05
1.40255e-05
1.46959e-05
1.48548e-05
1.52947e-05
1.54437e-05
1.55267e-05
1.55274e-05
1.5191e-05
1.47849e-05
1.40871e-05
1.32955e-05
1.2389e-05
1.15779e-05
1.09936e-05
1.09296e-05
1.18236e-05
1.43832e-05
1.97867e-05
2.64963e-05
2.95083e-05
2.97703e-05
3.06287e-05
2.23713e-05
1.22775e-05
6.6295e-06
7.80643e-06
2.58363e-05
3.24261e-05
3.19731e-05
2.99744e-05
2.87087e-05
2.61937e-05
2.31338e-05
1.9397e-05
1.6103e-05
1.42292e-05
1.37639e-05
1.39941e-05
1.47049e-05
1.58163e-05
1.6629e-05
1.78755e-05
1.85645e-05
1.94582e-05
1.98689e-05
2.00818e-05
2.0166e-05
1.972e-05
1.90976e-05
1.80707e-05
1.68538e-05
1.5393e-05
1.38628e-05
1.23922e-05
1.1188e-05
1.04853e-05
1.08283e-05
1.28793e-05
1.77653e-05
2.49471e-05
2.80485e-05
2.81794e-05
2.80923e-05
1.48452e-05
6.94169e-06
8.04554e-06
3.05417e-05
3.5597e-05
3.27742e-05
3.1169e-05
2.80997e-05
2.42975e-05
1.95782e-05
1.58768e-05
1.37969e-05
1.38975e-05
1.45619e-05
1.60873e-05
1.75178e-05
1.93952e-05
2.09664e-05
2.28479e-05
2.41521e-05
2.55092e-05
2.62682e-05
2.6824e-05
2.71769e-05
2.67785e-05
2.60988e-05
2.48119e-05
2.31011e-05
2.08834e-05
1.83063e-05
1.55536e-05
1.30732e-05
1.1216e-05
1.02123e-05
1.04015e-05
1.24093e-05
1.74147e-05
2.37644e-05
2.61509e-05
2.70138e-05
1.65872e-05
7.38234e-06
8.58052e-06
3.38738e-05
3.67588e-05
3.50531e-05
3.06668e-05
2.62757e-05
2.07681e-05
1.59363e-05
1.40316e-05
1.39627e-05
1.54267e-05
1.6952e-05
1.93857e-05
2.15103e-05
2.42217e-05
2.63982e-05
2.88133e-05
3.04594e-05
3.19265e-05
3.28395e-05
3.35129e-05
3.38012e-05
3.3483e-05
3.28861e-05
3.17966e-05
3.02402e-05
2.81007e-05
2.53902e-05
2.20336e-05
1.80263e-05
1.40553e-05
1.11689e-05
9.84612e-06
1.02465e-05
1.27412e-05
1.88231e-05
2.33108e-05
2.42287e-05
2.10682e-05
8.08849e-06
9.51342e-06
3.53108e-05
3.87765e-05
3.47438e-05
2.92493e-05
2.298e-05
1.69448e-05
1.4353e-05
1.43086e-05
1.56255e-05
1.7887e-05
2.01606e-05
2.35123e-05
2.61885e-05
2.95676e-05
3.19902e-05
3.4551e-05
3.61623e-05
3.73466e-05
3.80802e-05
3.86343e-05
3.85491e-05
3.816e-05
3.74376e-05
3.64066e-05
3.50329e-05
3.32488e-05
3.09241e-05
2.79409e-05
2.41951e-05
1.96904e-05
1.4847e-05
1.10641e-05
9.62376e-06
1.04443e-05
1.38898e-05
2.01951e-05
2.24173e-05
2.17046e-05
8.62765e-06
1.04373e-05
3.59806e-05
3.98339e-05
3.40811e-05
2.65253e-05
1.94202e-05
1.50489e-05
1.44239e-05
1.57837e-05
1.78878e-05
2.0792e-05
2.39526e-05
2.79251e-05
3.10042e-05
3.4638e-05
3.69948e-05
3.93824e-05
4.07286e-05
4.17434e-05
4.22126e-05
4.25583e-05
4.23533e-05
4.19011e-05
4.1163e-05
4.01727e-05
3.88965e-05
3.72708e-05
3.5189e-05
3.24979e-05
2.9049e-05
2.4813e-05
1.98125e-05
1.45992e-05
1.07353e-05
9.74529e-06
1.15665e-05
1.68722e-05
2.12876e-05
2.15068e-05
1.03206e-05
1.12669e-05
3.58198e-05
4.04218e-05
3.25516e-05
2.35753e-05
1.67895e-05
1.46021e-05
1.54847e-05
1.77288e-05
2.03477e-05
2.40409e-05
2.78943e-05
3.21547e-05
3.54311e-05
3.89281e-05
4.1095e-05
4.31923e-05
4.43343e-05
4.51383e-05
4.54922e-05
4.55909e-05
4.53241e-05
4.47536e-05
4.3986e-05
4.30179e-05
4.18756e-05
4.05075e-05
3.88059e-05
3.65656e-05
3.3501e-05
2.93439e-05
2.41586e-05
1.84001e-05
1.31215e-05
9.99279e-06
9.9037e-06
1.31819e-05
1.94584e-05
2.08606e-05
1.31062e-05
1.20076e-05
3.54368e-05
4.02146e-05
3.0522e-05
2.08944e-05
1.55855e-05
1.50465e-05
1.69995e-05
1.9721e-05
2.29026e-05
2.73647e-05
3.1575e-05
3.58699e-05
3.91375e-05
4.23162e-05
4.43002e-05
4.61209e-05
4.71233e-05
4.78003e-05
4.79939e-05
4.80105e-05
4.76099e-05
4.69042e-05
4.60301e-05
4.49714e-05
4.3799e-05
4.2509e-05
4.1064e-05
3.93382e-05
3.70763e-05
3.38454e-05
2.91135e-05
2.28858e-05
1.61654e-05
1.12845e-05
9.85422e-06
1.17301e-05
1.7354e-05
2.03302e-05
1.60237e-05
1.2657e-05
3.44339e-05
3.96623e-05
2.87179e-05
1.86912e-05
1.52099e-05
1.59368e-05
1.86212e-05
2.16173e-05
2.54833e-05
3.04325e-05
3.47362e-05
3.88948e-05
4.20296e-05
4.48751e-05
4.67247e-05
4.83382e-05
4.92731e-05
4.99112e-05
5.00073e-05
4.99838e-05
4.95313e-05
4.87293e-05
4.77749e-05
4.6636e-05
4.53976e-05
4.40746e-05
4.26493e-05
4.10351e-05
3.90577e-05
3.6425e-05
3.269e-05
2.72969e-05
2.03751e-05
1.35702e-05
9.87584e-06
1.0408e-05
1.53294e-05
2.01428e-05
1.85444e-05
1.32729e-05
3.33418e-05
3.86194e-05
2.6825e-05
1.75619e-05
1.5324e-05
1.69956e-05
2.01577e-05
2.33765e-05
2.78962e-05
3.3025e-05
3.72614e-05
4.11945e-05
4.41544e-05
4.67242e-05
4.84919e-05
4.99827e-05
5.0923e-05
5.15636e-05
5.16368e-05
5.15473e-05
5.11844e-05
5.02878e-05
4.92594e-05
4.80417e-05
4.67353e-05
4.53942e-05
4.40386e-05
4.26157e-05
4.09571e-05
3.87353e-05
3.54483e-05
3.05067e-05
2.36352e-05
1.59455e-05
1.07211e-05
9.79763e-06
1.27431e-05
2.0234e-05
2.05716e-05
1.38621e-05
3.16682e-05
3.75043e-05
2.5433e-05
1.70027e-05
1.56911e-05
1.80376e-05
2.14578e-05
2.49844e-05
2.99544e-05
3.504e-05
3.91335e-05
4.28149e-05
4.56047e-05
4.79682e-05
4.96924e-05
5.11259e-05
5.21085e-05
5.27845e-05
5.28702e-05
5.27453e-05
5.24914e-05
5.15491e-05
5.04534e-05
4.91523e-05
4.77419e-05
4.62973e-05
4.48707e-05
4.34645e-05
4.19948e-05
4.02351e-05
3.77449e-05
3.38057e-05
2.75701e-05
1.94663e-05
1.23048e-05
1.00055e-05
1.24835e-05
1.85271e-05
2.21685e-05
1.4397e-05
2.95979e-05
3.62271e-05
2.44323e-05
1.66983e-05
1.6121e-05
1.89624e-05
2.25249e-05
2.63681e-05
3.15606e-05
3.64875e-05
4.04068e-05
4.38381e-05
4.64737e-05
4.86833e-05
5.03816e-05
5.17932e-05
5.2825e-05
5.35424e-05
5.36761e-05
5.35672e-05
5.33522e-05
5.24459e-05
5.1326e-05
4.99938e-05
4.85389e-05
4.70497e-05
4.55946e-05
4.41959e-05
4.27901e-05
4.11715e-05
3.89397e-05
3.54677e-05
2.9945e-05
2.19315e-05
1.35945e-05
9.81144e-06
1.15399e-05
1.80279e-05
2.34328e-05
1.48701e-05
2.76002e-05
3.50828e-05
2.39563e-05
1.6746e-05
1.65557e-05
1.9684e-05
2.33348e-05
2.74261e-05
3.26551e-05
3.73719e-05
4.11163e-05
4.43269e-05
4.68317e-05
4.89223e-05
5.05928e-05
5.19881e-05
5.3053e-05
5.38023e-05
5.39957e-05
5.39084e-05
5.36976e-05
5.28701e-05
5.17685e-05
5.04445e-05
4.89774e-05
4.74622e-05
4.59828e-05
4.45971e-05
4.33029e-05
4.19639e-05
4.02233e-05
3.74252e-05
3.26071e-05
2.49882e-05
1.59648e-05
1.06119e-05
1.14574e-05
1.71548e-05
2.44107e-05
1.52775e-05
2.56979e-05
3.36728e-05
2.37315e-05
1.66885e-05
1.68393e-05
2.02038e-05
2.39567e-05
2.81778e-05
3.33058e-05
3.78293e-05
4.14055e-05
4.4406e-05
4.67734e-05
4.87418e-05
5.03579e-05
5.17192e-05
5.27881e-05
5.35477e-05
5.37959e-05
5.37227e-05
5.35044e-05
5.27722e-05
5.17352e-05
5.04772e-05
4.90594e-05
4.7581e-05
4.61211e-05
4.47424e-05
4.34642e-05
4.21922e-05
4.06266e-05
3.81763e-05
3.39197e-05
2.68406e-05
1.73676e-05
1.08104e-05
1.11089e-05
1.68878e-05
2.51766e-05
1.56282e-05
2.39552e-05
3.25801e-05
2.38888e-05
1.71206e-05
1.70609e-05
2.045e-05
2.42525e-05
2.84951e-05
3.34459e-05
3.77527e-05
4.11829e-05
4.40162e-05
4.62697e-05
4.8142e-05
4.97062e-05
5.10203e-05
5.20552e-05
5.27849e-05
5.30798e-05
5.30185e-05
5.27798e-05
5.21387e-05
5.12234e-05
5.00773e-05
4.87552e-05
4.73681e-05
4.59851e-05
4.4678e-05
4.34976e-05
4.24066e-05
4.11572e-05
3.91691e-05
3.54574e-05
2.88807e-05
1.94291e-05
1.16586e-05
1.11686e-05
1.65051e-05
2.57661e-05
1.58748e-05
2.20991e-05
3.08643e-05
2.42662e-05
1.73126e-05
1.70904e-05
2.05059e-05
2.43873e-05
2.85976e-05
3.33241e-05
3.75251e-05
4.08123e-05
4.34825e-05
4.56169e-05
4.73658e-05
4.8791e-05
4.9948e-05
5.08643e-05
5.15228e-05
5.18615e-05
5.18461e-05
5.15314e-05
5.08869e-05
5.00409e-05
4.90308e-05
4.79382e-05
4.67933e-05
4.5574e-05
4.43493e-05
4.32247e-05
4.22046e-05
4.10993e-05
3.93879e-05
3.60692e-05
2.99654e-05
2.06248e-05
1.20271e-05
1.10546e-05
1.65315e-05
2.62225e-05
1.59656e-05
2.02343e-05
2.92712e-05
2.44714e-05
1.76739e-05
1.70557e-05
2.02033e-05
2.41014e-05
2.81718e-05
3.26211e-05
3.65826e-05
3.97883e-05
4.23469e-05
4.43325e-05
4.58921e-05
4.71564e-05
4.82292e-05
4.91081e-05
4.97734e-05
5.01792e-05
5.03165e-05
5.01127e-05
4.96252e-05
4.88341e-05
4.78812e-05
4.68923e-05
4.58089e-05
4.47252e-05
4.37461e-05
4.28308e-05
4.19544e-05
4.1073e-05
3.97184e-05
3.68112e-05
3.09694e-05
2.19293e-05
1.27455e-05
1.11159e-05
1.66589e-05
2.65733e-05
1.59162e-05
1.85077e-05
2.77978e-05
2.47444e-05
1.81627e-05
1.69896e-05
1.98837e-05
2.36541e-05
2.76247e-05
3.18398e-05
3.5645e-05
3.87274e-05
4.11671e-05
4.30602e-05
4.45572e-05
4.58263e-05
4.68927e-05
4.77517e-05
4.83835e-05
4.87558e-05
4.88321e-05
4.85614e-05
4.82566e-05
4.77633e-05
4.70611e-05
4.6153e-05
4.51045e-05
4.39977e-05
4.30011e-05
4.20494e-05
4.13814e-05
4.06862e-05
3.95787e-05
3.6994e-05
3.14854e-05
2.26279e-05
1.30913e-05
1.10103e-05
1.68112e-05
2.68624e-05
1.57411e-05
1.71662e-05
2.58659e-05
2.51209e-05
1.91677e-05
1.70599e-05
1.94104e-05
2.30425e-05
2.68137e-05
3.07655e-05
3.44383e-05
3.74869e-05
3.99281e-05
4.18572e-05
4.33873e-05
4.45474e-05
4.54484e-05
4.61532e-05
4.66674e-05
4.69731e-05
4.70479e-05
4.67761e-05
4.65052e-05
4.60556e-05
4.55072e-05
4.49005e-05
4.42539e-05
4.34968e-05
4.24971e-05
4.14822e-05
4.07369e-05
4.01201e-05
3.93476e-05
3.70942e-05
3.18638e-05
2.31406e-05
1.35564e-05
1.10234e-05
1.69327e-05
2.71038e-05
1.53523e-05
1.61828e-05
2.38005e-05
2.49212e-05
1.95879e-05
1.67983e-05
1.86362e-05
2.20609e-05
2.57929e-05
2.95498e-05
3.31055e-05
3.61089e-05
3.84922e-05
4.03227e-05
4.17149e-05
4.27587e-05
4.3551e-05
4.41574e-05
4.46061e-05
4.48899e-05
4.50412e-05
4.48924e-05
4.47041e-05
4.43713e-05
4.39234e-05
4.33978e-05
4.27817e-05
4.21067e-05
4.15381e-05
4.09898e-05
4.03022e-05
3.96619e-05
3.89609e-05
3.70902e-05
3.19592e-05
2.33677e-05
1.36954e-05
1.09115e-05
1.7426e-05
2.73176e-05
1.47031e-05
1.55682e-05
2.18967e-05
2.47073e-05
2.09814e-05
1.75649e-05
1.80437e-05
2.10465e-05
2.43791e-05
2.7897e-05
3.12532e-05
3.42113e-05
3.66165e-05
3.84662e-05
3.98669e-05
4.09254e-05
4.17165e-05
4.23018e-05
4.27186e-05
4.29755e-05
4.31628e-05
4.30737e-05
4.29483e-05
4.27199e-05
4.2413e-05
4.20233e-05
4.1569e-05
4.10126e-05
4.04114e-05
3.96941e-05
3.94143e-05
3.918e-05
3.86796e-05
3.68147e-05
3.16837e-05
2.33759e-05
1.37699e-05
1.08074e-05
1.76549e-05
2.75096e-05
1.3791e-05
1.53598e-05
2.05137e-05
2.36944e-05
2.10926e-05
1.7409e-05
1.72091e-05
1.98801e-05
2.31226e-05
2.63713e-05
2.94715e-05
3.22627e-05
3.46261e-05
3.65198e-05
3.7962e-05
3.9045e-05
3.98484e-05
4.04348e-05
4.08594e-05
4.11118e-05
4.1348e-05
4.13182e-05
4.12474e-05
4.11176e-05
4.09354e-05
4.06451e-05
4.03048e-05
3.98353e-05
3.93854e-05
3.88181e-05
3.84725e-05
3.80688e-05
3.78418e-05
3.62803e-05
3.11833e-05
2.30385e-05
1.35822e-05
1.06322e-05
1.81301e-05
2.76886e-05
1.26064e-05
1.51093e-05
1.93702e-05
2.34257e-05
2.25628e-05
1.89067e-05
1.71996e-05
1.85603e-05
2.14154e-05
2.43939e-05
2.73221e-05
3.0021e-05
3.23798e-05
3.43356e-05
3.58725e-05
3.70394e-05
3.79068e-05
3.85359e-05
3.90048e-05
3.92821e-05
3.95692e-05
3.95894e-05
3.95832e-05
3.95639e-05
3.94605e-05
3.92526e-05
3.90142e-05
3.86108e-05
3.82668e-05
3.77255e-05
3.75692e-05
3.73322e-05
3.70669e-05
3.56175e-05
3.03256e-05
2.24242e-05
1.3361e-05
1.04594e-05
1.84569e-05
2.78585e-05
1.11361e-05
1.43986e-05
1.87133e-05
2.17489e-05
2.19839e-05
1.93728e-05
1.70954e-05
1.76074e-05
2.00179e-05
2.27184e-05
2.52746e-05
2.77473e-05
2.99715e-05
3.18862e-05
3.34669e-05
3.47267e-05
3.5706e-05
3.64375e-05
3.70113e-05
3.7365e-05
3.77634e-05
3.78312e-05
3.78961e-05
3.79772e-05
3.79612e-05
3.78138e-05
3.76686e-05
3.73139e-05
3.70881e-05
3.66103e-05
3.65875e-05
3.63142e-05
3.60396e-05
3.45924e-05
2.90331e-05
2.15481e-05
1.29094e-05
1.02699e-05
1.89319e-05
2.8025e-05
9.45559e-06
1.46802e-05
1.80587e-05
2.26851e-05
2.31105e-05
2.08181e-05
1.80367e-05
1.69493e-05
1.8279e-05
2.07368e-05
2.31337e-05
2.53472e-05
2.74645e-05
2.93626e-05
3.09826e-05
3.23073e-05
3.33787e-05
3.42063e-05
3.48762e-05
3.53345e-05
3.5851e-05
3.59638e-05
3.61061e-05
3.62913e-05
3.63606e-05
3.62626e-05
3.62199e-05
3.59121e-05
3.58236e-05
3.54015e-05
3.55265e-05
3.52115e-05
3.4771e-05
3.31896e-05
2.73436e-05
2.01898e-05
1.22581e-05
1.00871e-05
1.93314e-05
2.81919e-05
7.70024e-06
1.41982e-05
1.77149e-05
2.01795e-05
2.346e-05
2.17367e-05
1.91416e-05
1.71415e-05
1.72264e-05
1.89504e-05
2.10895e-05
2.30232e-05
2.47603e-05
2.64394e-05
2.80075e-05
2.9414e-05
3.05853e-05
3.1615e-05
3.2327e-05
3.31454e-05
3.35196e-05
3.37868e-05
3.41675e-05
3.43777e-05
3.45568e-05
3.45233e-05
3.46131e-05
3.43609e-05
3.44335e-05
3.40653e-05
3.43073e-05
3.37793e-05
3.30438e-05
3.103e-05
2.50913e-05
1.84892e-05
1.13992e-05
9.89965e-06
1.98137e-05
2.83648e-05
6.10684e-06
1.33589e-05
1.83955e-05
1.99634e-05
2.30198e-05
2.33095e-05
2.08671e-05
1.84413e-05
1.69427e-05
1.75583e-05
1.92074e-05
2.10491e-05
2.26488e-05
2.40185e-05
2.52603e-05
2.64423e-05
2.75656e-05
2.85468e-05
2.94945e-05
3.03372e-05
3.07391e-05
3.12923e-05
3.1863e-05
3.21528e-05
3.24885e-05
3.25473e-05
3.27911e-05
3.25932e-05
3.28425e-05
3.24876e-05
3.27235e-05
3.15168e-05
3.04369e-05
2.82883e-05
2.22406e-05
1.63335e-05
1.03634e-05
9.69494e-06
2.02411e-05
2.85474e-05
5.09314e-06
1.24815e-05
1.83183e-05
2.02315e-05
2.16099e-05
2.43778e-05
2.25621e-05
2.02197e-05
1.8158e-05
1.69158e-05
1.75703e-05
1.89472e-05
2.04301e-05
2.18029e-05
2.30275e-05
2.40742e-05
2.49831e-05
2.59706e-05
2.68444e-05
2.74615e-05
2.81255e-05
2.87826e-05
2.93761e-05
2.97414e-05
3.01922e-05
3.03039e-05
3.06494e-05
3.04946e-05
3.07161e-05
3.00231e-05
2.98138e-05
2.82533e-05
2.71802e-05
2.45552e-05
1.88076e-05
1.38555e-05
9.25878e-06
9.5525e-06
2.06846e-05
2.87437e-05
4.96302e-06
1.08742e-05
1.81922e-05
2.08548e-05
2.17785e-05
2.33628e-05
2.46727e-05
2.26004e-05
2.05281e-05
1.86525e-05
1.75197e-05
1.76879e-05
1.84748e-05
1.94773e-05
2.05016e-05
2.15271e-05
2.24215e-05
2.33158e-05
2.42556e-05
2.47825e-05
2.54243e-05
2.60588e-05
2.6652e-05
2.69815e-05
2.74394e-05
2.74847e-05
2.77496e-05
2.73713e-05
2.73661e-05
2.64111e-05
2.59941e-05
2.43417e-05
2.29455e-05
1.95924e-05
1.49021e-05
1.1304e-05
8.19764e-06
9.48457e-06
2.10422e-05
2.8963e-05
5.03304e-06
1.02876e-05
1.7466e-05
2.09875e-05
2.23331e-05
2.32893e-05
2.4771e-05
2.51399e-05
2.33287e-05
2.15688e-05
1.99474e-05
1.87373e-05
1.81331e-05
1.82058e-05
1.85795e-05
1.91565e-05
1.97673e-05
2.04042e-05
2.10381e-05
2.17682e-05
2.21613e-05
2.25466e-05
2.3084e-05
2.33124e-05
2.36483e-05
2.35368e-05
2.36387e-05
2.30854e-05
2.28215e-05
2.16754e-05
2.07966e-05
1.8798e-05
1.68857e-05
1.40555e-05
1.13577e-05
9.16455e-06
7.17178e-06
9.58634e-06
2.13815e-05
2.92338e-05
5.14971e-06
1.11893e-05
1.72881e-05
2.1276e-05
2.36747e-05
2.45758e-05
2.54939e-05
2.66789e-05
2.68791e-05
2.523e-05
2.3414e-05
2.14733e-05
2.03667e-05
1.95795e-05
1.90825e-05
1.88402e-05
1.87408e-05
1.87622e-05
1.87811e-05
1.89137e-05
1.89907e-05
1.90048e-05
1.89801e-05
1.88981e-05
1.87834e-05
1.83456e-05
1.79974e-05
1.71249e-05
1.63994e-05
1.50841e-05
1.40184e-05
1.24695e-05
1.12104e-05
9.6269e-06
8.18451e-06
6.90268e-06
6.61088e-06
1.03118e-05
2.20036e-05
2.96257e-05
5.82557e-06
1.0677e-05
1.56181e-05
1.96398e-05
2.30003e-05
2.51686e-05
2.68391e-05
2.85004e-05
3.01147e-05
3.14952e-05
3.12462e-05
3.03912e-05
2.88989e-05
2.70987e-05
2.51944e-05
2.33277e-05
2.15845e-05
2.00048e-05
1.85684e-05
1.72942e-05
1.61452e-05
1.5235e-05
1.43204e-05
1.35081e-05
1.28445e-05
1.21099e-05
1.14226e-05
1.05203e-05
9.69669e-06
8.80194e-06
8.07121e-06
7.30992e-06
6.77446e-06
6.2465e-06
6.08355e-06
6.3019e-06
7.60182e-06
1.22694e-05
2.34398e-05
3.02227e-05
7.13893e-06
6.76771e-06
9.43777e-06
1.26915e-05
1.59037e-05
1.85705e-05
2.04148e-05
2.16277e-05
2.19647e-05
2.23609e-05
2.20153e-05
2.10505e-05
1.97245e-05
1.8239e-05
1.67023e-05
1.5223e-05
1.38195e-05
1.25839e-05
1.14359e-05
1.04988e-05
9.59751e-06
8.87776e-06
8.24265e-06
7.72828e-06
7.26045e-06
6.94752e-06
6.67237e-06
6.5007e-06
6.35821e-06
6.31983e-06
6.34047e-06
6.55453e-06
6.81469e-06
7.36035e-06
8.04198e-06
9.27579e-06
1.12777e-05
1.62079e-05
2.54812e-05
3.10794e-05
1.09358e-05
8.60422e-06
1.07374e-05
1.17528e-05
1.23209e-05
1.27027e-05
1.29436e-05
1.31263e-05
1.30662e-05
1.29915e-05
1.28636e-05
1.26371e-05
1.23528e-05
1.20585e-05
1.17622e-05
1.15136e-05
1.12841e-05
1.11445e-05
1.10068e-05
1.09944e-05
1.10002e-05
1.10478e-05
1.11534e-05
1.13348e-05
1.15437e-05
1.1844e-05
1.21633e-05
1.2605e-05
1.30529e-05
1.3632e-05
1.41894e-05
1.49038e-05
1.55798e-05
1.65199e-05
1.7401e-05
1.88013e-05
2.03406e-05
2.38191e-05
2.77296e-05
3.24792e-05
2.70329e-05
3.36833e-05
3.70184e-05
3.82719e-05
3.87051e-05
3.86816e-05
3.85107e-05
3.81304e-05
3.76448e-05
3.71378e-05
3.66461e-05
3.6188e-05
3.57698e-05
3.53931e-05
3.50548e-05
3.47525e-05
3.44817e-05
3.42401e-05
3.40241e-05
3.3832e-05
3.36614e-05
3.35115e-05
3.33804e-05
3.32688e-05
3.31741e-05
3.30992e-05
3.30396e-05
3.30018e-05
3.29769e-05
3.29781e-05
3.29858e-05
3.29931e-05
3.30237e-05
3.30579e-05
3.31387e-05
3.32246e-05
3.34247e-05
3.36377e-05
3.46818e-05
3.41905e-05
)
;

boundaryField
{
    movingWall
    {
        type            nutkWallFunction;
        blending        stepwise;
        value           uniform 0;
    }
    fixedWalls
    {
        type            nutkWallFunction;
        blending        stepwise;
        value           uniform 0;
    }
    frontAndBack
    {
        type            empty;
    }
}


// ************************************************************************* //
