/*--------------------------------*- C++ -*----------------------------------*\
| =========                 |                                                 |
| \\      /  F ield         | OpenFOAM: The Open Source CFD Toolbox           |
|  \\    /   O peration     | Version:  2412                                  |
|   \\  /    A nd           | Website:  www.openfoam.com                      |
|    \\/     M anipulation  |                                                 |
\*---------------------------------------------------------------------------*/
FoamFile
{
    version     2.0;
    format      ascii;
    arch        "LSB;label=32;scalar=64";
    class       volScalarField;
    location    "8.25";
    object      p;
}
// * * * * * * * * * * * * * * * * * * * * * * * * * * * * * * * * * * * * * //

dimensions      [0 2 -2 0 0 0 0];

internalField   nonuniform List<scalar> 
1600
(
3.14989e-08
-2.73774e-05
-0.000113184
-0.000225655
-0.000328248
-0.000416236
-0.000513004
-0.000640398
-0.000807105
-0.00104033
-0.0013694
-0.00176093
-0.00219215
-0.00272112
-0.00339706
-0.00419628
-0.00508791
-0.0060358
-0.00696423
-0.00773947
-0.00818126
-0.00811724
-0.00745855
-0.00620055
-0.00438906
-0.00211989
0.000446789
0.00307367
0.00545122
0.00723444
0.00814679
0.00812172
0.00734268
0.0061605
0.00497671
0.00413894
0.00372668
0.00368265
0.00377368
0.00385542
-1.95238e-05
-6.15162e-05
-0.000153604
-0.00025733
-0.000331833
-0.000383706
-0.000452293
-0.000554521
-0.000683949
-0.000850105
-0.00111468
-0.00152747
-0.00206862
-0.00274453
-0.00360648
-0.00465862
-0.00583535
-0.00700338
-0.00801619
-0.00874854
-0.00909346
-0.00896968
-0.00833237
-0.00715918
-0.00546696
-0.00332649
-0.000873773
0.00167975
0.00404386
0.00588939
0.00693975
0.00709483
0.00649259
0.00547465
0.00439142
0.00364957
0.0033697
0.00344969
0.00364024
0.00376026
-3.18194e-05
-0.000106038
-0.000219371
-0.000312437
-0.000354435
-0.000359762
-0.000382933
-0.000458125
-0.000605433
-0.000842407
-0.00123353
-0.00185795
-0.00273877
-0.00383366
-0.00508335
-0.00641995
-0.00775135
-0.00896944
-0.00996587
-0.0106431
-0.0109334
-0.0107896
-0.0101734
-0.00906902
-0.0074909
-0.00548062
-0.00313102
-0.000613624
0.00182365
0.00387519
0.00525255
0.00579474
0.0055676
0.00484731
0.00399432
0.00336711
0.00311043
0.00317133
0.00338454
0.00351949
-3.87601e-06
-0.000120663
-0.000257234
-0.00033966
-0.000352021
-0.000345779
-0.000370252
-0.000474538
-0.000736946
-0.00124509
-0.00204503
-0.0031437
-0.00448141
-0.0059638
-0.00749255
-0.00898415
-0.0103584
-0.0115549
-0.0125054
-0.0131414
-0.0134137
-0.0133022
-0.0127879
-0.0118326
-0.0104353
-0.00862632
-0.00646328
-0.00405256
-0.00156419
0.000763443
0.00265132
0.00385583
0.00429465
0.00412219
0.00365476
0.0032236
0.00301654
0.00303888
0.00319212
0.00326975
0.000145161
-2.66678e-05
-0.000177408
-0.000263538
-0.000292899
-0.000327984
-0.000454664
-0.000768067
-0.00137601
-0.00234848
-0.00366703
-0.00524691
-0.00696687
-0.00872012
-0.0104114
-0.0119727
-0.0133502
-0.0145008
-0.0153838
-0.0159638
-0.016221
-0.016138
-0.015693
-0.0148909
-0.0137256
-0.0122037
-0.0103493
-0.00820276
-0.00584474
-0.0034096
-0.0010926
0.000865556
0.00224466
0.0029697
0.00318482
0.00313915
0.00306028
0.00307416
0.0031031
0.0030892
0.000477111
0.000239492
6.15329e-05
-6.52923e-05
-0.000178626
-0.000373671
-0.000769565
-0.00149038
-0.00261324
-0.00412609
-0.00592886
-0.00788387
-0.00985595
-0.0117396
-0.0134645
-0.0149823
-0.0162654
-0.0172928
-0.0180503
-0.0185225
-0.0187026
-0.0186021
-0.0182194
-0.0175562
-0.0166112
-0.0153873
-0.0138882
-0.0121163
-0.010081
-0.00781364
-0.00539107
-0.00295383
-0.000714483
0.0010825
0.00227818
0.0028956
0.00309811
0.00312222
0.00304462
0.00294448
0.000978104
0.000676464
0.000436228
0.000215793
-7.89842e-05
-0.000576116
-0.0014084
-0.00267292
-0.00436535
-0.00637799
-0.00854991
-0.0107228
-0.0127769
-0.0146345
-0.0162569
-0.0176262
-0.0187431
-0.0196114
-0.0202362
-0.020616
-0.0207517
-0.0206485
-0.0203091
-0.0197401
-0.0189484
-0.0179398
-0.0167191
-0.0152839
-0.0136183
-0.0116936
-0.0094816
-0.00698799
-0.00430204
-0.00164178
0.000644485
0.00222032
0.00296282
0.00306903
0.00292397
0.00275533
0.00156535
0.00119497
0.000854521
0.000472074
-0.000106135
-0.00103361
-0.00241599
-0.00426625
-0.00647298
-0.00885483
-0.0112268
-0.0134493
-0.0154405
-0.0171666
-0.018626
-0.0198314
-0.0208017
-0.0215514
-0.0220895
-0.022419
-0.0225386
-0.0224449
-0.0221431
-0.0216381
-0.0209398
-0.0200578
-0.019003
-0.0177813
-0.0163835
-0.0147755
-0.0128929
-0.0106501
-0.0079832
-0.00494148
-0.0018139
0.000835826
0.00243221
0.00285774
0.00272695
0.00248278
0.00210646
0.00164483
0.00116498
0.000562301
-0.000387011
-0.00182635
-0.00378515
-0.00615761
-0.00874195
-0.0113233
-0.0137345
-0.0158823
-0.0177363
-0.0193057
-0.0206176
-0.0217005
-0.0225767
-0.0232586
-0.0237519
-0.024058
-0.0241747
-0.0240982
-0.0238296
-0.0233747
-0.0227405
-0.0219363
-0.0209744
-0.0198664
-0.0186156
-0.017205
-0.0155835
-0.0136549
-0.0112813
-0.00833566
-0.00486971
-0.00136807
0.00127124
0.00242431
0.00245882
0.00206882
0.00241259
0.00185869
0.00121532
0.000347895
-0.00102204
-0.0029792
-0.00544426
-0.00820135
-0.0109978
-0.013625
-0.0159639
-0.0179784
-0.0196853
-0.0211228
-0.02233
-0.0233359
-0.0241577
-0.0248027
-0.0252732
-0.0255688
-0.0256879
-0.0256283
-0.0253906
-0.0249789
-0.0243974
-0.0236531
-0.0227549
-0.0217132
-0.0205365
-0.019224
-0.017752
-0.0160538
-0.0140003
-0.0113976
-0.00808003
-0.00420411
-0.000588543
0.00161159
0.00202615
0.00147236
0.00235465
0.0017039
0.000888528
-0.000261158
-0.00203715
-0.00444325
-0.0072822
-0.0102636
-0.0131217
-0.0156855
-0.0178965
-0.0197702
-0.021354
-0.0226971
-0.0238366
-0.0247952
-0.0255838
-0.0262061
-0.0266627
-0.0269531
-0.0270765
-0.0270326
-0.0268221
-0.0264479
-0.0259123
-0.0252199
-0.024376
-0.023387
-0.0222595
-0.0209982
-0.0195982
-0.018029
-0.0162062
-0.0139605
-0.0110405
-0.00728036
-0.00307224
0.000228119
0.00126766
0.00073602
0.0018403
0.0011146
0.000139788
-0.00127014
-0.00338624
-0.00612244
-0.0091852
-0.0122443
-0.0150507
-0.0174903
-0.019561
-0.0213123
-0.0228037
-0.0240821
-0.0251771
-0.0261036
-0.0268681
-0.0274729
-0.0279188
-0.0282055
-0.0283335
-0.0283035
-0.0281166
-0.0277749
-0.0272796
-0.0266334
-0.0258389
-0.0248991
-0.0238172
-0.0225967
-0.0212395
-0.0197372
-0.0180492
-0.0160666
-0.0135664
-0.0102223
-0.00594035
-0.00175811
0.000194131
-0.000101826
0.00087538
0.000106006
-0.00099557
-0.00261244
-0.00497281
-0.00790728
-0.0110556
-0.0140772
-0.0167626
-0.0190569
-0.0209981
-0.0226514
-0.0240749
-0.0253071
-0.0263689
-0.0272697
-0.0280138
-0.0286032
-0.0290393
-0.0293227
-0.0294546
-0.0294365
-0.0292697
-0.0289559
-0.0284957
-0.0278906
-0.0271415
-0.0262491
-0.0252138
-0.0240364
-0.0227189
-0.0212622
-0.0196535
-0.017837
-0.0156646
-0.012816
-0.00887379
-0.00422097
-0.00121026
-0.00114415
-0.000449951
-0.00123078
-0.00241875
-0.00417595
-0.00667815
-0.00969168
-0.0128168
-0.0157252
-0.0182591
-0.0204115
-0.0222423
-0.0238184
-0.0251898
-0.0263853
-0.0274187
-0.0282965
-0.0290218
-0.0295969
-0.0300239
-0.0303041
-0.0304392
-0.030431
-0.0302812
-0.0299911
-0.0295611
-0.0289921
-0.0282841
-0.0274365
-0.0264481
-0.0253179
-0.0240458
-0.0226346
-0.0210847
-0.0193751
-0.0174258
-0.0150096
-0.011613
-0.00696907
-0.00306138
-0.00253912
-0.00199848
-0.00276231
-0.00399696
-0.00583013
-0.00838505
-0.0113852
-0.0144139
-0.0171718
-0.019551
-0.0215765
-0.0233159
-0.0248299
-0.0261584
-0.0273218
-0.0283294
-0.0291856
-0.0298934
-0.0304554
-0.0308741
-0.0311512
-0.0312889
-0.0312889
-0.0311531
-0.030883
-0.0304787
-0.029941
-0.0292695
-0.0284631
-0.0275201
-0.0264385
-0.025217
-0.0238577
-0.0223656
-0.0207385
-0.0189429
-0.0168519
-0.0140224
-0.00977609
-0.00538213
-0.00434565
-0.00361965
-0.004345
-0.00559474
-0.00744956
-0.00999136
-0.012918
-0.0158122
-0.0184116
-0.0206488
-0.0225664
-0.0242305
-0.025693
-0.0269843
-0.0281186
-0.0291022
-0.0299386
-0.0306305
-0.0311809
-0.0315922
-0.0318665
-0.0320061
-0.0320129
-0.0318886
-0.0316349
-0.031252
-0.0307408
-0.0301009
-0.0293315
-0.0284309
-0.0273968
-0.0262278
-0.0249253
-0.0234956
-0.0219459
-0.0202706
-0.0184135
-0.0160722
-0.0124358
-0.00804573
-0.0065028
-0.00517499
-0.00584731
-0.00708772
-0.00892873
-0.0114172
-0.0142405
-0.0169911
-0.0194436
-0.0215594
-0.0233881
-0.0249905
-0.0264095
-0.0276681
-0.0287761
-0.0297381
-0.030557
-0.0312352
-0.0317755
-0.0321807
-0.0324526
-0.0325937
-0.0326058
-0.0324906
-0.03225
-0.0318844
-0.0313949
-0.0307816
-0.0300441
-0.0291812
-0.0281914
-0.0270734
-0.0258291
-0.0244649
-0.0229929
-0.0214242
-0.0197436
-0.0177842
-0.0147946
-0.0108184
-0.00885156
-0.00654817
-0.00716149
-0.00837903
-0.0101861
-0.0126043
-0.0153213
-0.0179394
-0.0202675
-0.0222851
-0.0240431
-0.0255957
-0.0269786
-0.0282091
-0.0292945
-0.030238
-0.0310421
-0.0317091
-0.0322415
-0.0326418
-0.0329118
-0.033054
-0.0330701
-0.0329619
-0.0327311
-0.0323787
-0.0319061
-0.031314
-0.0306027
-0.029772
-0.0288212
-0.0277501
-0.0265611
-0.0252616
-0.0238661
-0.0223976
-0.0208602
-0.019191
-0.0167817
-0.0134696
-0.0111622
-0.00764976
-0.00820844
-0.00940214
-0.0111705
-0.0135176
-0.0161374
-0.0186483
-0.0208813
-0.0228256
-0.0245304
-0.0260446
-0.0273985
-0.0286062
-0.0296732
-0.0306022
-0.0313949
-0.0320535
-0.0325801
-0.032977
-0.0332459
-0.033389
-0.0334079
-0.0333044
-0.0330805
-0.0327373
-0.0322767
-0.0317001
-0.0310087
-0.0302033
-0.0292845
-0.0282535
-0.0271137
-0.0258739
-0.0245495
-0.023174
-0.0217568
-0.0203141
-0.0183961
-0.0158187
-0.0132223
-0.00842076
-0.00893807
-0.0101195
-0.0118538
-0.0141352
-0.016681
-0.0191145
-0.0212839
-0.0231798
-0.0248482
-0.0263348
-0.0276673
-0.0288581
-0.0299118
-0.0308305
-0.0316158
-0.0322691
-0.0327925
-0.0331876
-0.033456
-0.0335997
-0.0336204
-0.0335196
-0.0332994
-0.0329613
-0.0325076
-0.0319405
-0.031262
-0.0304741
-0.0295788
-0.0285789
-0.0274791
-0.0262902
-0.0250279
-0.0237359
-0.0224178
-0.0211493
-0.0196302
-0.0176976
-0.0149918
-0.00882877
-0.009335
-0.0105154
-0.0122245
-0.0144507
-0.0169504
-0.0193409
-0.0214759
-0.0233455
-0.0249932
-0.0264633
-0.0277828
-0.0289634
-0.0300096
-0.0309231
-0.0317051
-0.0323568
-0.0328795
-0.0332748
-0.0335438
-0.0336882
-0.0337096
-0.0336094
-0.0333899
-0.0330527
-0.0326006
-0.0320365
-0.0313633
-0.0305842
-0.0297025
-0.0287224
-0.0276507
-0.0265002
-0.0252879
-0.0240655
-0.0228248
-0.0216859
-0.0204578
-0.0189683
-0.0165379
-0.00888302
-0.00940307
-0.0105932
-0.0122872
-0.0144773
-0.0169444
-0.0193282
-0.0214561
-0.0233189
-0.0249608
-0.0264261
-0.0277416
-0.0289195
-0.0299645
-0.0308783
-0.0316618
-0.0323157
-0.032841
-0.0332386
-0.0335094
-0.0336548
-0.0336761
-0.0335747
-0.0333528
-0.0330122
-0.0325563
-0.0319885
-0.0313125
-0.0305327
-0.0296536
-0.028681
-0.0276232
-0.0264955
-0.025316
-0.0241445
-0.0229581
-0.0219183
-0.0208809
-0.0196544
-0.0177716
-0.00863525
-0.00917365
-0.0103774
-0.0120643
-0.0142301
-0.0166754
-0.0190731
-0.0212182
-0.0230954
-0.024748
-0.0262206
-0.0275416
-0.0287247
-0.0297753
-0.0306953
-0.0314854
-0.0321459
-0.0326772
-0.0330798
-0.0333541
-0.033501
-0.0335217
-0.0334172
-0.0331898
-0.0328415
-0.032376
-0.0317971
-0.0311094
-0.0303182
-0.0294295
-0.0284507
-0.0273915
-0.026269
-0.0251015
-0.0239575
-0.0227973
-0.0218402
-0.0209155
-0.0198735
-0.0185177
-0.00817264
-0.00869999
-0.00991198
-0.01159
-0.0137264
-0.0161563
-0.0185736
-0.0207553
-0.0226688
-0.02435
-0.0258431
-0.0271798
-0.0283763
-0.0294396
-0.0303722
-0.0311745
-0.0318465
-0.0323879
-0.0327986
-0.0330784
-0.0332279
-0.0332479
-0.0331389
-0.0329033
-0.0325431
-0.032062
-0.0314645
-0.0307556
-0.0299416
-0.0290296
-0.0280286
-0.0269501
-0.0258126
-0.0246376
-0.0234909
-0.022326
-0.0214474
-0.0205605
-0.0196945
-0.0187118
-0.00758945
-0.00806037
-0.00924723
-0.0109031
-0.0129975
-0.0154026
-0.0178381
-0.0200687
-0.0220351
-0.0237609
-0.0252883
-0.0266516
-0.0278708
-0.0289549
-0.0299072
-0.0307281
-0.031417
-0.0319732
-0.0323956
-0.0326837
-0.0328372
-0.0328565
-0.032742
-0.0324954
-0.032119
-0.0316166
-0.0309928
-0.0302532
-0.0294045
-0.0284548
-0.0274145
-0.0262969
-0.0251229
-0.023916
-0.0227423
-0.0215675
-0.0207096
-0.0198154
-0.0191277
-0.0183679
-0.00696748
-0.0073387
-0.00844499
-0.0100534
-0.0120847
-0.0144395
-0.0168774
-0.0191572
-0.0211873
-0.0229721
-0.024548
-0.0259506
-0.0272032
-0.0283175
-0.0292977
-0.0301446
-0.0308571
-0.0314334
-0.0318722
-0.0321717
-0.0323312
-0.0323506
-0.0322297
-0.0319699
-0.0315733
-0.0310435
-0.0303854
-0.0296047
-0.0287086
-0.0277059
-0.0266084
-0.0254312
-0.0241972
-0.0229331
-0.0217077
-0.0204927
-0.0196281
-0.0187238
-0.0181808
-0.0175423
-0.00636554
-0.00661312
-0.00758356
-0.00909971
-0.0110327
-0.0132978
-0.0157038
-0.0180176
-0.020114
-0.0219701
-0.0236098
-0.0250665
-0.0263658
-0.0275217
-0.0285401
-0.0294219
-0.0301656
-0.0307689
-0.0312294
-0.0315446
-0.0317129
-0.0317338
-0.0316063
-0.0313313
-0.0309107
-0.0303476
-0.0296469
-0.0288144
-0.0278572
-0.0267852
-0.0256113
-0.0243523
-0.0230342
-0.0216871
-0.020384
-0.0191035
-0.0182162
-0.0172777
-0.0168799
-0.016293
-0.00582209
-0.00595198
-0.00673287
-0.00809456
-0.00988369
-0.0120123
-0.014337
-0.0166504
-0.0188023
-0.0207366
-0.0224557
-0.0239844
-0.025347
-0.0265593
-0.0276287
-0.0285567
-0.0293414
-0.02998
-0.030469
-0.0308052
-0.0309861
-0.0310105
-0.030877
-0.0305854
-0.0301372
-0.0295351
-0.0287836
-0.0278882
-0.026856
-0.0256973
-0.0244265
-0.0230622
-0.0216344
-0.0201775
-0.0187706
-0.0174033
-0.0164781
-0.0154898
-0.0152321
-0.0146533
-0.00536392
-0.0053958
-0.00594585
-0.00709168
-0.00868055
-0.0106183
-0.0128006
-0.0150609
-0.0172407
-0.0192503
-0.0210621
-0.0226828
-0.0241299
-0.0254181
-0.0265555
-0.0275442
-0.0283824
-0.0290666
-0.0295927
-0.0299567
-0.0301551
-0.0301864
-0.0300482
-0.0297392
-0.0292604
-0.0286138
-0.0278034
-0.0268339
-0.0257122
-0.024449
-0.0230598
-0.0215657
-0.0200022
-0.0184087
-0.0168735
-0.0154008
-0.0144271
-0.0133805
-0.0132187
-0.0126111
-0.00499868
-0.00494758
-0.00526012
-0.00614389
-0.00747291
-0.00915572
-0.0111266
-0.0132654
-0.0154252
-0.0174912
-0.0194013
-0.0211341
-0.0226909
-0.02408
-0.025308
-0.0263767
-0.0272846
-0.0280279
-0.0286021
-0.0290024
-0.029225
-0.0292677
-0.029127
-0.0288008
-0.0282892
-0.0275934
-0.0267162
-0.0256616
-0.0244359
-0.02305
-0.0215208
-0.0198729
-0.0181483
-0.0163934
-0.0147083
-0.0131156
-0.0120847
-0.010954
-0.0108716
-0.0101539
-0.00470102
-0.00457893
-0.00470511
-0.00529787
-0.00630724
-0.00766512
-0.00935038
-0.0112898
-0.0133643
-0.0154492
-0.0174493
-0.0193084
-0.0210013
-0.0225212
-0.023868
-0.0250419
-0.0260407
-0.0268607
-0.0274972
-0.0279453
-0.0282007
-0.0282606
-0.028121
-0.0277791
-0.0272337
-0.0264849
-0.0255338
-0.0243838
-0.0230407
-0.0215155
-0.0198267
-0.0180027
-0.0160934
-0.0141542
-0.0123013
-0.0105814
-0.0094891
-0.00825108
-0.0082461
-0.00734936
-0.00442909
-0.00427414
-0.00429713
-0.0045927
-0.00522192
-0.00618803
-0.00751125
-0.00917206
-0.0110862
-0.0131345
-0.0151983
-0.0171849
-0.0190347
-0.0207161
-0.0222147
-0.0235242
-0.0246405
-0.0255593
-0.0262762
-0.0267866
-0.027086
-0.0271709
-0.0270377
-0.026683
-0.0261047
-0.0253009
-0.0242712
-0.0230184
-0.0215481
-0.0198712
-0.0180074
-0.0159894
-0.0138752
-0.0117309
-0.00969288
-0.00783712
-0.00666847
-0.00529705
-0.00543323
-0.00435781
-0.00417469
-0.00406114
-0.00402615
-0.00404645
-0.00425463
-0.00476222
-0.0056518
-0.00696049
-0.00864177
-0.0105902
-0.0126742
-0.0147703
-0.0167831
-0.0186488
-0.0203306
-0.0218088
-0.0230732
-0.0241174
-0.0249366
-0.025527
-0.025884
-0.0260045
-0.0258852
-0.0255232
-0.0249152
-0.0240583
-0.0229507
-0.0215938
-0.0199929
-0.018159
-0.016113
-0.0138926
-0.011561
-0.00919681
-0.0069544
-0.0049339
-0.00362452
-0.0020524
-0.00239611
-0.00104925
-0.00398627
-0.0039373
-0.00384546
-0.00362656
-0.00341143
-0.00341285
-0.00381328
-0.00471388
-0.00610718
-0.00789975
-0.00995494
-0.0121265
-0.0142871
-0.0163411
-0.0182243
-0.0198974
-0.0213385
-0.0225356
-0.0234819
-0.0241727
-0.024604
-0.0247737
-0.0246795
-0.0243189
-0.0236885
-0.0227858
-0.021608
-0.0201544
-0.0184295
-0.0164449
-0.0142234
-0.0118059
-0.00925943
-0.00667359
-0.00421309
-0.00197819
-0.000406859
0.00152223
0.00120802
0.00353915
-0.00381842
-0.00384952
-0.00370148
-0.00327228
-0.00265252
-0.00214344
-0.00203692
-0.00250576
-0.00358362
-0.0051868
-0.00717184
-0.00937797
-0.0116546
-0.0138788
-0.0159598
-0.0178363
-0.0194703
-0.0208403
-0.0219348
-0.0227471
-0.023272
-0.0235079
-0.0234541
-0.0231097
-0.0224704
-0.0215354
-0.0203019
-0.0187691
-0.0169403
-0.0148267
-0.0124522
-0.00985817
-0.0071142
-0.00431768
-0.00163486
0.000858838
0.00280157
0.00530996
0.0057398
0.0102755
-0.00356984
-0.00370136
-0.00352045
-0.00287582
-0.00189097
-0.000927086
-0.000359643
-0.000428192
-0.00120459
-0.00261897
-0.00452081
-0.00673364
-0.00909116
-0.0114508
-0.0137013
-0.0157622
-0.01758
-0.0191217
-0.0203689
-0.0213111
-0.0219416
-0.0222583
-0.0222611
-0.0219495
-0.0213236
-0.0203789
-0.0191141
-0.0175322
-0.0156362
-0.0134337
-0.0109458
-0.0082107
-0.00529293
-0.00228647
0.000659582
0.00350476
0.00593401
0.00924591
0.0107431
0.0172727
-0.00353236
-0.00362685
-0.0032802
-0.00236827
-0.00105066
0.00026766
0.00119539
0.00143692
0.000896476
-0.000362002
-0.00218667
-0.00439456
-0.006807
-0.00926856
-0.011654
-0.013869
-0.0158473
-0.017545
-0.018936
-0.0200043
-0.0207425
-0.0211489
-0.0212223
-0.0209623
-0.0203693
-0.0194431
-0.0181785
-0.0165859
-0.0146675
-0.0124247
-0.00987211
-0.00703648
-0.00395961
-0.00069684
0.00267193
0.00619233
0.00960763
0.0143158
0.0157099
0.0207833
-0.0025642
-0.00269639
-0.00249369
-0.00157247
-7.631e-05
0.00150088
0.0026723
0.00313019
0.00275079
0.00159872
-0.000170494
-0.00237526
-0.00483276
-0.00737915
-0.00987885
-0.0122266
-0.0143457
-0.0161838
-0.0177065
-0.0188938
-0.0197372
-0.0202329
-0.0203792
-0.0201761
-0.0196248
-0.0187266
-0.0174912
-0.015914
-0.0140126
-0.01178
-0.00922005
-0.00633887
-0.00313546
0.00044461
0.00449206
0.00928119
0.0148651
0.0226709
0.0236138
0.0282107
-0.00490478
-0.00482336
-0.00382219
-0.00189229
0.00030485
0.00223351
0.0035567
0.00411293
0.00382541
0.00275478
0.00104087
-0.00114466
-0.00362142
-0.00621954
-0.00879393
-0.0112301
-0.0134432
-0.0153743
-0.016985
-0.0182533
-0.0191678
-0.0197235
-0.0199194
-0.0197572
-0.0192404
-0.0183736
-0.0171615
-0.015602
-0.0136851
-0.011433
-0.00883921
-0.00588197
-0.00251342
0.00140888
0.0061538
0.0124066
0.0208188
0.0332997
0.0400638
0.0706366
-0.00339941
9.82503e-05
0.000811474
0.000986817
0.00197318
0.00330625
0.00429388
0.00460726
0.0041619
0.00302082
0.00129834
-0.00086551
-0.00331247
-0.00588439
-0.00844117
-0.0108693
-0.0130827
-0.0150196
-0.0166402
-0.0179206
-0.0188476
-0.0194146
-0.0196196
-0.0194639
-0.0189499
-0.0180801
-0.0168561
-0.0152782
-0.0133475
-0.0110723
-0.00844921
-0.00543258
-0.0019416
0.00217086
0.00714245
0.0136176
0.0219967
0.0367229
0.0603518
0.154212
)
;

boundaryField
{
    movingWall
    {
        type            zeroGradient;
    }
    fixedWalls
    {
        type            zeroGradient;
    }
    frontAndBack
    {
        type            empty;
    }
}


// ************************************************************************* //
