/*--------------------------------*- C++ -*----------------------------------*\
| =========                 |                                                 |
| \\      /  F ield         | OpenFOAM: The Open Source CFD Toolbox           |
|  \\    /   O peration     | Version:  2412                                  |
|   \\  /    A nd           | Website:  www.openfoam.com                      |
|    \\/     M anipulation  |                                                 |
\*---------------------------------------------------------------------------*/
FoamFile
{
    version     2.0;
    format      ascii;
    arch        "LSB;label=32;scalar=64";
    class       surfaceScalarField;
    location    "8.25";
    object      phi;
}
// * * * * * * * * * * * * * * * * * * * * * * * * * * * * * * * * * * * * * //

dimensions      [0 3 -1 0 0 0 0];

oriented        oriented;

internalField   nonuniform List<scalar> 
3120
(
9.71705e-08
-9.71735e-08
2.18273e-07
-1.21102e-07
3.01228e-07
-8.29555e-08
3.3091e-07
-2.96826e-08
3.25821e-07
5.0895e-09
3.10692e-07
1.51288e-08
2.89877e-07
2.08151e-08
2.50467e-07
3.94098e-08
1.78748e-07
7.17185e-08
5.04462e-08
1.28302e-07
-1.52232e-07
2.02678e-07
-4.50878e-07
2.98646e-07
-8.61621e-07
4.10743e-07
-1.36675e-06
5.0513e-07
-1.92873e-06
5.61976e-07
-2.50768e-06
5.78954e-07
-3.06203e-06
5.54348e-07
-3.55301e-06
4.90976e-07
-3.95109e-06
3.98084e-07
-4.24226e-06
2.91169e-07
-4.42545e-06
1.83192e-07
-4.5056e-06
8.01519e-08
-4.4873e-06
-1.82986e-08
-4.37048e-06
-1.16825e-07
-4.15169e-06
-2.18787e-07
-3.82708e-06
-3.2461e-07
-3.39558e-06
-4.31502e-07
-2.86243e-06
-5.33149e-07
-2.24269e-06
-6.19738e-07
-1.56485e-06
-6.77846e-07
-8.72594e-07
-6.92253e-07
-2.24384e-07
-6.4821e-07
3.1964e-07
-5.44024e-07
7.1085e-07
-3.9121e-07
9.13606e-07
-2.02756e-07
9.32352e-07
-1.87456e-08
7.61983e-07
1.70369e-07
4.8376e-07
2.78223e-07
2.0214e-07
2.81619e-07
2.0214e-07
1.49415e-07
-2.46589e-07
3.03148e-07
-2.74835e-07
3.92656e-07
-1.72463e-07
4.09085e-07
-4.61117e-08
3.6362e-07
5.05542e-08
2.7231e-07
1.06439e-07
1.27992e-07
1.65134e-07
-9.677e-08
2.64172e-07
-4.31744e-07
4.06692e-07
-8.93156e-07
5.89715e-07
-1.47926e-06
7.88787e-07
-2.15422e-06
9.73602e-07
-2.85424e-06
1.11076e-06
-3.52475e-06
1.17565e-06
-4.12764e-06
1.16487e-06
-4.63504e-06
1.08635e-06
-5.0372e-06
9.56503e-07
-5.34161e-06
7.95391e-07
-5.56427e-06
6.20738e-07
-5.71611e-06
4.43012e-07
-5.79979e-06
2.66877e-07
-5.81075e-06
9.11109e-08
-5.74157e-06
-8.74814e-08
-5.58643e-06
-2.71963e-07
-5.34113e-06
-4.64085e-07
-5.00117e-06
-6.64578e-07
-4.56294e-06
-8.69728e-07
-4.0262e-06
-1.06988e-06
-3.39762e-06
-1.24832e-06
-2.6956e-06
-1.37986e-06
-1.95423e-06
-1.43363e-06
-1.22164e-06
-1.3808e-06
-5.58156e-07
-1.20751e-06
-2.21988e-08
-9.27168e-07
3.58036e-07
-5.82991e-07
5.50938e-07
-2.11647e-07
5.83571e-07
1.37735e-07
4.52894e-07
4.089e-07
2.19603e-07
5.1491e-07
4.21743e-07
1.67483e-07
-4.14072e-07
2.84328e-07
-3.9168e-07
3.13998e-07
-2.02134e-07
2.63737e-07
4.14943e-09
1.32986e-07
1.81305e-07
-9.10207e-08
3.30445e-07
-4.28419e-07
5.02531e-07
-8.94245e-07
7.29998e-07
-1.49149e-06
1.00394e-06
-2.18895e-06
1.28717e-06
-2.93225e-06
1.53208e-06
-3.65376e-06
1.69512e-06
-4.29951e-06
1.7565e-06
-4.84319e-06
1.71934e-06
-5.28161e-06
1.60328e-06
-5.6252e-06
1.42995e-06
-5.89233e-06
1.22363e-06
-6.09885e-06
1.00191e-06
-6.2535e-06
7.75383e-07
-6.359e-06
5.48517e-07
-6.41328e-06
3.21153e-07
-6.41302e-06
9.08508e-08
-6.35628e-06
-1.44216e-07
-6.23762e-06
-3.90625e-07
-6.04872e-06
-6.52987e-07
-5.78194e-06
-9.31354e-07
-5.42884e-06
-1.22283e-06
-4.98079e-06
-1.51794e-06
-4.43269e-06
-1.79642e-06
-3.78722e-06
-2.02533e-06
-3.06079e-06
-2.16006e-06
-2.28899e-06
-2.1526e-06
-1.5295e-06
-1.967e-06
-8.54102e-07
-1.60257e-06
-3.29605e-07
-1.10749e-06
1.84696e-08
-5.59722e-07
1.99446e-07
-4.32415e-08
2.16863e-07
3.91484e-07
1.19931e-07
6.11842e-07
5.41675e-07
1.34539e-07
-5.48612e-07
1.67876e-07
-4.25016e-07
1.00994e-07
-1.35252e-07
-5.63669e-08
1.61511e-07
-3.0898e-07
4.33918e-07
-6.85618e-07
7.07083e-07
-1.20363e-06
1.02054e-06
-1.85315e-06
1.37951e-06
-2.58892e-06
1.73971e-06
-3.34009e-06
2.03835e-06
-4.03709e-06
2.22907e-06
-4.63525e-06
2.29328e-06
-5.12111e-06
2.24236e-06
-5.50312e-06
2.10135e-06
-5.79822e-06
1.89838e-06
-6.0273e-06
1.65902e-06
-6.20535e-06
1.40169e-06
-6.34149e-06
1.13804e-06
-6.43998e-06
8.73875e-07
-6.50369e-06
6.12227e-07
-6.53506e-06
3.52527e-07
-6.53318e-06
8.8965e-08
-6.49779e-06
-1.79598e-07
-6.42769e-06
-4.60732e-07
-6.31897e-06
-7.61701e-07
-6.16311e-06
-1.08722e-06
-5.94618e-06
-1.43976e-06
-5.65021e-06
-1.81391e-06
-5.25521e-06
-2.19142e-06
-4.74396e-06
-2.53658e-06
-4.10861e-06
-2.79541e-06
-3.36048e-06
-2.90072e-06
-2.53997e-06
-2.78752e-06
-1.72366e-06
-2.41888e-06
-1.01198e-06
-1.81917e-06
-4.82211e-07
-1.08949e-06
-1.54795e-07
-3.70658e-07
2.83052e-09
2.33858e-07
2.33949e-08
5.91277e-07
5.65069e-07
5.22295e-08
-6.00841e-07
-2.00342e-08
-3.52753e-07
-1.9137e-07
3.60835e-08
-4.58147e-07
4.28287e-07
-8.42186e-07
8.17958e-07
-1.36537e-06
1.23026e-06
-2.01898e-06
1.67416e-06
-2.74933e-06
2.10986e-06
-3.47981e-06
2.47019e-06
-4.14165e-06
2.7002e-06
-4.69346e-06
2.78088e-06
-5.12602e-06
2.72584e-06
-5.44968e-06
2.56603e-06
-5.68444e-06
2.3361e-06
-5.84998e-06
2.06393e-06
-5.96292e-06
1.77196e-06
-6.03451e-06
1.47328e-06
-6.07402e-06
1.17755e-06
-6.08919e-06
8.8904e-07
-6.08588e-06
6.08921e-07
-6.0682e-06
3.34842e-07
-6.04298e-06
6.37431e-08
-6.0131e-06
-2.0947e-07
-5.9802e-06
-4.93633e-07
-5.94404e-06
-7.97865e-07
-5.89959e-06
-1.13166e-06
-5.83605e-06
-1.5033e-06
-5.73391e-06
-1.91605e-06
-5.56267e-06
-2.36266e-06
-5.28285e-06
-2.8164e-06
-4.85475e-06
-3.22351e-06
-4.2534e-06
-3.50208e-06
-3.48478e-06
-3.55614e-06
-2.6015e-06
-3.30215e-06
-1.71162e-06
-2.70905e-06
-9.55964e-07
-1.84515e-06
-4.34678e-07
-8.91943e-07
-1.43265e-07
-5.75547e-08
-2.57372e-08
4.73749e-07
5.39332e-07
-5.79023e-08
-5.42939e-07
-2.39087e-07
-1.71568e-07
-5.13938e-07
3.10935e-07
-8.9369e-07
8.0804e-07
-1.39892e-06
1.32319e-06
-2.02594e-06
1.85727e-06
-2.72724e-06
2.37546e-06
-3.42698e-06
2.8096e-06
-4.05408e-06
3.09729e-06
-4.56515e-06
3.21127e-06
-4.94807e-06
3.16379e-06
-5.21296e-06
2.99073e-06
-5.38005e-06
2.73312e-06
-5.47102e-06
2.42707e-06
-5.50576e-06
2.09867e-06
-5.50073e-06
1.76693e-06
-5.47031e-06
1.44286e-06
-5.42608e-06
1.13332e-06
-5.37687e-06
8.39833e-07
-5.32861e-06
5.60665e-07
-5.28549e-06
2.91721e-07
-5.2494e-06
2.76476e-08
-5.21878e-06
-2.40081e-07
-5.19657e-06
-5.15844e-07
-5.1868e-06
-8.07638e-07
-5.19334e-06
-1.12513e-06
-5.21747e-06
-1.47916e-06
-5.25268e-06
-1.88085e-06
-5.27769e-06
-2.33765e-06
-5.25005e-06
-2.84405e-06
-5.10629e-06
-3.36727e-06
-4.77538e-06
-3.83298e-06
-4.20736e-06
-4.12416e-06
-3.4045e-06
-4.10501e-06
-2.44263e-06
-3.67092e-06
-1.47917e-06
-2.80861e-06
-7.09054e-07
-1.66206e-06
-2.34153e-07
-5.32456e-07
-3.55329e-08
2.7513e-07
5.03799e-07
-1.71578e-07
-3.7136e-07
-4.606e-07
1.17454e-07
-8.34915e-07
6.85249e-07
-1.31483e-06
1.28796e-06
-1.9035e-06
1.91186e-06
-2.56471e-06
2.51848e-06
-3.23035e-06
3.04111e-06
-3.82903e-06
3.40827e-06
-4.31057e-06
3.57884e-06
-4.6562e-06
3.5569e-06
-4.87345e-06
3.38104e-06
-4.98424e-06
3.10153e-06
-5.01518e-06
2.76406e-06
-4.99164e-06
2.40354e-06
-4.93652e-06
2.04354e-06
-4.86808e-06
1.6985e-06
-4.79965e-06
1.37443e-06
-4.73816e-06
1.07183e-06
-4.68561e-06
7.87284e-07
-4.64059e-06
5.15646e-07
-4.60015e-06
2.51278e-07
-4.56188e-06
-1.06266e-08
-4.52543e-06
-2.76523e-07
-4.49289e-06
-5.48391e-07
-4.46887e-06
-8.3165e-07
-4.46173e-06
-1.13228e-06
-4.48227e-06
-1.45862e-06
-4.54046e-06
-1.82266e-06
-4.63817e-06
-2.23993e-06
-4.75709e-06
-2.72513e-06
-4.84544e-06
-3.27891e-06
-4.81394e-06
-3.86449e-06
-4.55521e-06
-4.38288e-06
-3.99062e-06
-4.66961e-06
-3.12459e-06
-4.53694e-06
-2.07516e-06
-3.85804e-06
-1.07403e-06
-2.66319e-06
-3.72003e-07
-1.23448e-06
-4.92791e-08
-4.75943e-08
4.5452e-07
-2.80801e-07
-9.05597e-08
-6.61586e-07
4.98239e-07
-1.12087e-06
1.14453e-06
-1.67055e-06
1.83764e-06
-2.28893e-06
2.53024e-06
-2.92164e-06
3.15119e-06
-3.5001e-06
3.61956e-06
-3.96732e-06
3.87549e-06
-4.29465e-06
3.90617e-06
-4.48458e-06
3.74682e-06
-4.56051e-06
3.45698e-06
-4.55447e-06
3.09548e-06
-4.49851e-06
2.70809e-06
-4.42053e-06
2.32556e-06
-4.34155e-06
1.96457e-06
-4.27383e-06
1.63077e-06
-4.22153e-06
1.32213e-06
-4.18268e-06
1.03298e-06
-4.15242e-06
7.57019e-07
-4.12534e-06
4.88573e-07
-4.09723e-06
2.23169e-07
-4.06523e-06
-4.26298e-08
-4.02977e-06
-3.11983e-07
-3.99093e-06
-5.87229e-07
-3.95149e-06
-8.71092e-07
-3.91742e-06
-1.16635e-06
-3.89899e-06
-1.47705e-06
-3.91148e-06
-1.81016e-06
-3.97307e-06
-2.17835e-06
-4.09596e-06
-2.60224e-06
-4.26814e-06
-3.10673e-06
-4.43032e-06
-3.70231e-06
-4.46595e-06
-4.34726e-06
-4.22907e-06
-4.90648e-06
-3.61755e-06
-5.14846e-06
-2.65591e-06
-4.81968e-06
-1.53469e-06
-3.78442e-06
-5.84292e-07
-2.18487e-06
-7.99341e-08
-5.51953e-07
3.74586e-07
-3.68901e-07
2.78341e-07
-8.24013e-07
9.53351e-07
-1.34251e-06
1.66303e-06
-1.91993e-06
2.41506e-06
-2.52113e-06
3.13145e-06
-3.0862e-06
3.71626e-06
-3.55417e-06
4.08753e-06
-3.88497e-06
4.20629e-06
-4.0715e-06
4.0927e-06
-4.13602e-06
3.81134e-06
-4.11487e-06
3.43583e-06
-4.04603e-06
3.02664e-06
-3.96184e-06
2.6239e-06
-3.88477e-06
2.24848e-06
-3.82591e-06
1.90571e-06
-3.78652e-06
1.59139e-06
-3.76209e-06
1.2977e-06
-3.74616e-06
1.01704e-06
-3.73292e-06
7.43777e-07
-3.71819e-06
4.73849e-07
-3.69948e-06
2.04457e-07
-3.67547e-06
-6.66401e-08
-3.64589e-06
-3.41565e-07
-3.61068e-06
-6.2244e-07
-3.57071e-06
-9.11055e-07
-3.52823e-06
-1.20884e-06
-3.48803e-06
-1.51725e-06
-3.45965e-06
-1.83854e-06
-3.45986e-06
-2.17814e-06
-3.51281e-06
-2.5493e-06
-3.64086e-06
-2.97868e-06
-3.83894e-06
-3.50423e-06
-4.0382e-06
-4.148e-06
-4.08985e-06
-4.85483e-06
-3.81014e-06
-5.42818e-06
-3.09089e-06
-5.53893e-06
-2.01282e-06
-4.86249e-06
-8.91342e-07
-3.30635e-06
-1.68382e-07
-1.27491e-06
2.06204e-07
-4.3251e-07
7.10851e-07
-9.34258e-07
1.4551e-06
-1.47862e-06
2.20739e-06
-2.04793e-06
2.98437e-06
-2.60071e-06
3.68423e-06
-3.07878e-06
4.19434e-06
-3.43212e-06
4.44087e-06
-3.63932e-06
4.4135e-06
-3.71543e-06
4.1688e-06
-3.6981e-06
3.79402e-06
-3.63012e-06
3.36784e-06
-3.54809e-06
2.94462e-06
-3.47657e-06
2.55238e-06
-3.42622e-06
2.19813e-06
-3.39678e-06
1.87627e-06
-3.38218e-06
1.57679e-06
-3.37536e-06
1.29088e-06
-3.37075e-06
1.01243e-06
-3.36477e-06
7.37794e-07
-3.35548e-06
4.64563e-07
-3.34195e-06
1.90926e-07
-3.32371e-06
-8.48744e-08
-3.30057e-06
-3.64708e-07
-3.27251e-06
-6.50506e-07
-3.23968e-06
-9.43886e-07
-3.20247e-06
-1.24605e-06
-3.16202e-06
-1.5577e-06
-3.1215e-06
-1.87906e-06
-3.08877e-06
-2.21086e-06
-3.08065e-06
-2.55742e-06
-3.12559e-06
-2.93373e-06
-3.25466e-06
-3.37516e-06
-3.46648e-06
-3.93618e-06
-3.6738e-06
-4.64751e-06
-3.68549e-06
-5.41648e-06
-3.28681e-06
-5.93761e-06
-2.40436e-06
-5.74495e-06
-1.24263e-06
-4.46807e-06
-2.93251e-07
-2.2243e-06
-8.70467e-08
-4.64808e-07
1.17566e-06
-9.85702e-07
1.97599e-06
-1.52559e-06
2.74728e-06
-2.06069e-06
3.51947e-06
-2.54787e-06
4.1714e-06
-2.93393e-06
4.5804e-06
-3.18198e-06
4.68891e-06
-3.29162e-06
4.52314e-06
-3.29585e-06
4.17303e-06
-3.24006e-06
3.73823e-06
-3.16539e-06
3.29317e-06
-3.09983e-06
2.87906e-06
-3.05565e-06
2.5082e-06
-3.03249e-06
2.17496e-06
-3.02377e-06
1.86755e-06
-3.02218e-06
1.5752e-06
-3.02238e-06
1.29108e-06
-3.02131e-06
1.01136e-06
-3.0175e-06
7.3399e-07
-3.01039e-06
4.57454e-07
-2.99978e-06
1.8031e-07
-2.98557e-06
-9.90825e-08
-2.96777e-06
-3.82503e-07
-2.94648e-06
-6.71796e-07
-2.92173e-06
-9.68642e-07
-2.89338e-06
-1.27439e-06
-2.86124e-06
-1.58984e-06
-2.82533e-06
-1.91497e-06
-2.78723e-06
-2.24896e-06
-2.75335e-06
-2.5913e-06
-2.74094e-06
-2.94615e-06
-2.78325e-06
-3.33284e-06
-2.91848e-06
-3.80095e-06
-3.13987e-06
-4.42612e-06
-3.32314e-06
-5.23321e-06
-3.22409e-06
-6.03666e-06
-2.62518e-06
-6.34386e-06
-1.56024e-06
-5.53301e-06
-4.48193e-07
-3.33634e-06
-5.3524e-07
-4.67069e-07
1.64273e-06
-9.8088e-07
2.4898e-06
-1.49291e-06
3.2593e-06
-1.97701e-06
4.00358e-06
-2.3917e-06
4.58609e-06
-2.69065e-06
4.87935e-06
-2.85249e-06
4.85076e-06
-2.89597e-06
4.56661e-06
-2.86434e-06
4.1414e-06
-2.80251e-06
3.6764e-06
-2.74355e-06
3.23421e-06
-2.70353e-06
2.83905e-06
-2.68397e-06
2.48864e-06
-2.67868e-06
2.16967e-06
-2.68027e-06
1.86915e-06
-2.68347e-06
1.57839e-06
-2.68541e-06
1.29302e-06
-2.68498e-06
1.01092e-06
-2.68182e-06
7.30835e-07
-2.67594e-06
4.51576e-07
-2.66742e-06
1.71789e-07
-2.65635e-06
-1.10157e-07
-2.64284e-06
-3.96011e-07
-2.62705e-06
-6.8758e-07
-2.60906e-06
-9.8664e-07
-2.58871e-06
-1.29474e-06
-2.56556e-06
-1.61299e-06
-2.53875e-06
-1.94177e-06
-2.50733e-06
-2.28039e-06
-2.47158e-06
-2.62705e-06
-2.43725e-06
-2.98047e-06
-2.42383e-06
-3.34627e-06
-2.47146e-06
-3.75332e-06
-2.62245e-06
-4.27512e-06
-2.84616e-06
-5.00951e-06
-2.95292e-06
-5.9299e-06
-2.64794e-06
-6.64884e-06
-1.78344e-06
-6.39751e-06
-6.37025e-07
-4.48276e-06
-1.17226e-06
-4.44474e-07
2.0872e-06
-9.28756e-07
2.97409e-06
-1.39638e-06
3.72692e-06
-1.82055e-06
4.42775e-06
-2.16304e-06
4.92857e-06
-2.38638e-06
5.10268e-06
-2.48529e-06
4.94968e-06
-2.49154e-06
4.57286e-06
-2.45053e-06
4.1004e-06
-2.40067e-06
3.62653e-06
-2.36414e-06
3.19768e-06
-2.34648e-06
2.8214e-06
-2.34316e-06
2.48531e-06
-2.34701e-06
2.17352e-06
-2.35254e-06
1.87469e-06
-2.3569e-06
1.58275e-06
-2.35902e-06
1.29515e-06
-2.35875e-06
1.01065e-06
-2.35622e-06
7.283e-07
-2.35161e-06
4.46964e-07
-2.34508e-06
1.65267e-07
-2.33681e-06
-1.18431e-07
-2.32694e-06
-4.05877e-07
-2.31565e-06
-6.9887e-07
-2.30304e-06
-9.99257e-07
-2.28902e-06
-1.30875e-06
-2.27321e-06
-1.6288e-06
-2.25472e-06
-1.96026e-06
-2.23204e-06
-2.30307e-06
-2.20334e-06
-2.65575e-06
-2.16821e-06
-3.0156e-06
-2.13324e-06
-3.38125e-06
-2.12318e-06
-3.76338e-06
-2.18759e-06
-4.2107e-06
-2.36279e-06
-4.83432e-06
-2.55917e-06
-5.73351e-06
-2.4946e-06
-6.71341e-06
-1.87957e-06
-7.01254e-06
-8.00288e-07
-5.56204e-06
-1.97255e-06
-4.0236e-07
2.48956e-06
-8.40834e-07
3.41256e-06
-1.25349e-06
4.13958e-06
-1.61422e-06
4.78849e-06
-1.88975e-06
5.2041e-06
-2.05245e-06
5.26538e-06
-2.11038e-06
5.00761e-06
-2.10112e-06
4.5636e-06
-2.06606e-06
4.06534e-06
-2.03426e-06
3.59473e-06
-2.01776e-06
3.18118e-06
-2.01541e-06
2.81905e-06
-2.02093e-06
2.49083e-06
-2.02864e-06
2.18124e-06
-2.03534e-06
1.88138e-06
-2.03988e-06
1.58729e-06
-2.04215e-06
1.29742e-06
-2.0424e-06
1.0109e-06
-2.0409e-06
7.26801e-07
-2.03789e-06
4.43948e-07
-2.03353e-06
1.60908e-07
-2.02799e-06
-1.23969e-07
-2.02143e-06
-4.12432e-07
-2.01401e-06
-7.06289e-07
-2.00585e-06
-1.00742e-06
-1.99691e-06
-1.31769e-06
-1.98692e-06
-1.63879e-06
-1.9751e-06
-1.97208e-06
-1.96004e-06
-2.31813e-06
-1.93952e-06
-2.67627e-06
-1.91104e-06
-3.04408e-06
-1.87434e-06
-3.41794e-06
-1.8394e-06
-3.79832e-06
-1.84097e-06
-4.20913e-06
-1.93732e-06
-4.73797e-06
-2.12966e-06
-5.54117e-06
-2.21784e-06
-6.62523e-06
-1.8467e-06
-7.38368e-06
-9.03003e-07
-6.50574e-06
-2.87556e-06
-3.46243e-07
2.8358e-06
-7.27846e-07
3.79416e-06
-1.08007e-06
4.4918e-06
-1.37792e-06
5.08634e-06
-1.59426e-06
5.42044e-06
-1.71135e-06
5.38248e-06
-1.74568e-06
5.04194e-06
-1.73442e-06
4.55233e-06
-1.71156e-06
4.04249e-06
-1.69677e-06
3.57994e-06
-1.6947e-06
3.17911e-06
-1.70128e-06
2.82563e-06
-1.71094e-06
2.50049e-06
-1.72002e-06
2.19031e-06
-1.72702e-06
1.88838e-06
-1.73177e-06
1.59204e-06
-1.73458e-06
1.30023e-06
-1.73582e-06
1.01213e-06
-1.73577e-06
7.26758e-07
-1.73467e-06
4.42844e-07
-1.73266e-06
1.58897e-07
-1.72988e-06
-1.26743e-07
-1.72649e-06
-4.15826e-07
-1.72261e-06
-7.10169e-07
-1.71836e-06
-1.01167e-06
-1.71376e-06
-1.32228e-06
-1.70861e-06
-1.64395e-06
-1.70228e-06
-1.97841e-06
-1.69355e-06
-2.32687e-06
-1.68034e-06
-2.68948e-06
-1.65981e-06
-3.06462e-06
-1.62913e-06
-3.44862e-06
-1.58973e-06
-3.83772e-06
-1.55932e-06
-4.23955e-06
-1.58765e-06
-4.70963e-06
-1.72607e-06
-5.40276e-06
-1.87974e-06
-6.47156e-06
-1.70934e-06
-7.55408e-06
-9.40545e-07
-7.27453e-06
-3.8161e-06
-2.81133e-07
3.11694e-06
-5.99249e-07
4.11228e-06
-8.89099e-07
4.78165e-06
-1.12683e-06
5.32407e-06
-1.29252e-06
5.58613e-06
-1.37682e-06
5.46678e-06
-1.39941e-06
5.06453e-06
-1.39288e-06
4.5458e-06
-1.38278e-06
4.03238e-06
-1.38102e-06
3.57818e-06
-1.38793e-06
3.18601e-06
-1.39902e-06
2.83672e-06
-1.41027e-06
2.51174e-06
-1.4197e-06
2.19974e-06
-1.42687e-06
1.89556e-06
-1.43208e-06
1.59725e-06
-1.43576e-06
1.30391e-06
-1.43831e-06
1.01468e-06
-1.43999e-06
7.28438e-07
-1.44099e-06
4.43845e-07
-1.44145e-06
1.59357e-07
-1.44149e-06
-1.26702e-07
-1.44123e-06
-4.16085e-07
-1.44079e-06
-7.10614e-07
-1.44026e-06
-1.01219e-06
-1.4397e-06
-1.32285e-06
-1.43896e-06
-1.64469e-06
-1.43754e-06
-1.97982e-06
-1.43439e-06
-2.33002e-06
-1.42768e-06
-2.69619e-06
-1.41469e-06
-3.07761e-06
-1.39205e-06
-3.47125e-06
-1.35756e-06
-3.87221e-06
-1.31737e-06
-4.27974e-06
-1.30361e-06
-4.72339e-06
-1.37878e-06
-5.32759e-06
-1.53424e-06
-6.31611e-06
-1.50401e-06
-7.5843e-06
-9.22588e-07
-7.85595e-06
-4.73869e-06
-2.10845e-07
3.32778e-06
-4.62192e-07
4.36363e-06
-6.89827e-07
5.00928e-06
-8.71455e-07
5.50569e-06
-9.94362e-07
5.70904e-06
-1.05548e-06
5.5279e-06
-1.07336e-06
5.08241e-06
-1.07374e-06
4.54618e-06
-1.07424e-06
4.03288e-06
-1.08117e-06
3.58511e-06
-1.09293e-06
3.19778e-06
-1.10583e-06
2.84962e-06
-1.11738e-06
2.5233e-06
-1.12677e-06
2.20913e-06
-1.13413e-06
1.90291e-06
-1.13993e-06
1.60305e-06
-1.14464e-06
1.30862e-06
-1.14862e-06
1.01866e-06
-1.15211e-06
7.3193e-07
-1.15529e-06
4.4702e-07
-1.15827e-06
1.62338e-07
-1.16117e-06
-1.23799e-07
-1.1641e-06
-4.13157e-07
-1.16715e-06
-7.07567e-07
-1.1704e-06
-1.00894e-06
-1.1739e-06
-1.31935e-06
-1.17754e-06
-1.64105e-06
-1.18095e-06
-1.97642e-06
-1.18323e-06
-2.32774e-06
-1.18277e-06
-2.69665e-06
-1.17707e-06
-3.0833e-06
-1.16286e-06
-3.48547e-06
-1.13677e-06
-3.8983e-06
-1.09911e-06
-4.3174e-06
-1.06698e-06
-4.75553e-06
-1.0929e-06
-5.30167e-06
-1.21801e-06
-6.191e-06
-1.26888e-06
-7.53343e-06
-8.66317e-07
-8.25851e-06
-5.60501e-06
-1.38352e-07
3.46613e-06
-3.21721e-07
4.547e-06
-4.88579e-07
5.17614e-06
-6.17997e-07
5.63511e-06
-7.04426e-07
5.79546e-06
-7.49002e-07
5.57248e-06
-7.65715e-07
5.09912e-06
-7.72735e-07
4.5532e-06
-7.8092e-07
4.04107e-06
-7.92952e-07
3.59714e-06
-8.06798e-07
3.21162e-06
-8.19934e-07
2.86275e-06
-8.31109e-07
2.53447e-06
-8.40222e-07
2.21824e-06
-8.47701e-07
1.91039e-06
-8.54071e-07
1.60942e-06
-8.59776e-07
1.31433e-06
-8.65144e-07
1.02402e-06
-8.70402e-07
7.37188e-07
-8.75716e-07
4.52334e-07
-8.81215e-07
1.67837e-07
-8.87016e-07
-1.17998e-07
-8.93224e-07
-4.06949e-07
-8.99915e-07
-7.00877e-07
-9.07154e-07
-1.0017e-06
-9.14965e-07
-1.31154e-06
-9.23268e-07
-1.63274e-06
-9.31753e-07
-1.96793e-06
-9.39687e-07
-2.31981e-06
-9.45667e-07
-2.69067e-06
-9.47438e-07
-3.08153e-06
-9.41923e-07
-3.49098e-06
-9.25681e-07
-3.91454e-06
-8.96599e-07
-4.34648e-06
-8.62134e-07
-4.78999e-06
-8.59303e-07
-5.3045e-06
-9.47945e-07
-6.10236e-06
-1.03409e-06
-7.44729e-06
-7.86174e-07
-8.50643e-06
-6.39118e-06
-6.53439e-08
3.53148e-06
-1.80805e-07
4.66246e-06
-2.89223e-07
5.28456e-06
-3.69561e-07
5.71545e-06
-4.2378e-07
5.84968e-06
-4.55908e-07
5.6046e-06
-4.72882e-07
5.1161e-06
-4.85324e-07
4.56564e-06
-4.98622e-07
4.05436e-06
-5.13232e-07
3.61175e-06
-5.27446e-07
3.22584e-06
-5.39896e-07
2.8752e-06
-5.50243e-07
2.54482e-06
-5.58841e-07
2.22684e-06
-5.66255e-07
1.91781e-06
-5.73013e-07
1.61618e-06
-5.79532e-07
1.32085e-06
-5.86121e-07
1.03061e-06
-5.93006e-07
7.44073e-07
-6.00363e-07
4.59692e-07
-6.08339e-07
1.75813e-07
-6.17065e-07
-1.09272e-07
-6.2666e-07
-3.97354e-07
-6.37199e-07
-6.90338e-07
-6.48723e-07
-9.90177e-07
-6.61236e-07
-1.29902e-06
-6.74659e-07
-1.61932e-06
-6.88729e-07
-1.95386e-06
-7.02834e-07
-2.3057e-06
-7.15771e-07
-2.67773e-06
-7.25536e-07
-3.07176e-06
-7.29287e-07
-3.48723e-06
-7.23775e-07
-3.92005e-06
-7.06258e-07
-4.364e-06
-6.79105e-07
-4.81714e-06
-6.65864e-07
-5.31774e-06
-7.26261e-07
-6.04196e-06
-8.17595e-07
-7.35596e-06
-6.92712e-07
-8.63131e-06
-7.08389e-06
8.3911e-09
3.52309e-06
-4.08343e-08
4.71168e-06
-9.2974e-08
5.3367e-06
-1.28046e-07
5.75052e-06
-1.52555e-07
5.87419e-06
-1.73561e-07
5.62561e-06
-1.90519e-07
5.13306e-06
-2.07069e-07
4.58219e-06
-2.23758e-07
4.07105e-06
-2.39486e-07
3.62748e-06
-2.5312e-07
3.23947e-06
-2.64332e-07
2.88641e-06
-2.73489e-07
2.55398e-06
-2.81262e-07
2.23461e-06
-2.88309e-07
1.92486e-06
-2.95158e-07
1.62303e-06
-3.02209e-07
1.3279e-06
-3.0977e-07
1.03817e-06
-3.18084e-07
7.52387e-07
-3.27352e-07
4.6896e-07
-3.37748e-07
1.86209e-07
-3.49419e-07
-9.7601e-08
-3.62504e-07
-3.84269e-07
-3.77095e-07
-6.75746e-07
-3.93224e-07
-9.74049e-07
-4.10879e-07
-1.28137e-06
-4.29976e-07
-1.60022e-06
-4.50273e-07
-1.93357e-06
-4.71243e-07
-2.28473e-06
-4.91861e-07
-2.65711e-06
-5.10373e-07
-3.05325e-06
-5.24202e-07
-3.4734e-06
-5.30349e-07
-3.9139e-06
-5.2623e-07
-4.36812e-06
-5.12095e-07
-4.83128e-06
-5.02407e-07
-5.32743e-06
-5.47479e-07
-5.99689e-06
-6.31712e-07
-7.27172e-06
-5.88851e-07
-8.67417e-06
-7.67274e-06
8.15397e-08
3.44155e-06
9.80443e-08
4.69518e-06
9.92943e-08
5.33545e-06
1.06792e-07
5.74302e-06
1.11514e-07
5.86947e-06
1.0181e-07
5.63531e-06
8.53299e-08
5.14954e-06
6.57755e-08
4.60174e-06
4.67273e-08
4.0901e-06
3.0564e-08
3.64364e-06
1.79275e-08
3.25211e-06
8.2683e-09
2.89607e-06
6.14556e-10
2.56163e-06
-5.98852e-09
2.24122e-06
-1.22979e-08
1.93116e-06
-1.88654e-08
1.6296e-06
-2.61016e-08
1.33514e-06
-3.43325e-08
1.0464e-06
-4.38333e-08
7.61888e-07
-5.48393e-08
4.79966e-07
-6.75573e-08
1.98927e-07
-8.21678e-08
-8.29905e-08
-9.88339e-08
-3.67603e-07
-1.17676e-07
-6.56903e-07
-1.38728e-07
-9.52997e-07
-1.61976e-07
-1.25812e-06
-1.87327e-07
-1.57487e-06
-2.14547e-07
-1.90635e-06
-2.43167e-07
-2.25611e-06
-2.72307e-07
-2.62797e-06
-3.00461e-07
-3.0251e-06
-3.25346e-07
-3.44852e-06
-3.44208e-07
-3.89504e-06
-3.54775e-07
-4.35755e-06
-3.56744e-07
-4.82931e-06
-3.59917e-07
-5.32426e-06
-4.026e-07
-5.9542e-06
-4.84737e-07
-7.18959e-06
-4.78471e-07
-8.68044e-06
-8.15121e-06
1.56734e-07
3.28481e-06
2.35857e-07
4.61605e-06
2.87529e-07
5.28378e-06
3.36259e-07
5.69429e-06
3.70102e-07
5.83563e-06
3.73995e-07
5.63142e-06
3.58385e-07
5.16515e-06
3.36282e-07
4.62385e-06
3.15269e-07
4.11111e-06
2.98891e-07
3.66002e-06
2.87399e-07
3.2636e-06
2.7947e-07
2.904e-06
2.73586e-07
2.56751e-06
2.68509e-07
2.24629e-06
2.63347e-07
1.93633e-06
2.57482e-07
1.63546e-06
2.50458e-07
1.34216e-06
2.41907e-07
1.05495e-06
2.31507e-07
7.72288e-07
2.18976e-07
4.92498e-07
2.04062e-07
2.1384e-07
1.86544e-07
-6.54721e-08
1.66236e-07
-3.47295e-07
1.4298e-07
-6.33648e-07
1.16722e-07
-9.26738e-07
8.74616e-08
-1.22886e-06
5.53018e-08
-1.54271e-06
2.04789e-08
-1.87152e-06
-1.65774e-08
-2.21905e-06
-5.51166e-08
-2.58943e-06
-9.38733e-08
-2.98634e-06
-1.3089e-07
-3.4115e-06
-1.63748e-07
-3.86218e-06
-1.9036e-07
-4.33094e-06
-2.10363e-07
-4.80931e-06
-2.3135e-07
-5.30327e-06
-2.81785e-07
-5.90377e-06
-3.72552e-07
-7.09882e-06
-3.76746e-07
-8.67625e-06
-8.52796e-06
2.32473e-07
3.05234e-06
3.72418e-07
4.47611e-06
4.71886e-07
5.18431e-06
5.59752e-07
5.60643e-06
6.23131e-07
5.77225e-06
6.4451e-07
5.61004e-06
6.32222e-07
5.17743e-06
6.0806e-07
4.64801e-06
5.84849e-07
4.13433e-06
5.67808e-07
3.67706e-06
5.57133e-07
3.27427e-06
5.50868e-07
2.91027e-06
5.46932e-07
2.57145e-06
5.43726e-07
2.2495e-06
5.40147e-07
1.93991e-06
5.35446e-07
1.64016e-06
5.29081e-07
1.34852e-06
5.20613e-07
1.06342e-06
5.09658e-07
7.83243e-07
4.95871e-07
5.06284e-07
4.78946e-07
2.30765e-07
4.58609e-07
-4.5135e-08
4.34644e-07
-3.2333e-07
4.0686e-07
-6.05864e-07
3.75151e-07
-8.9503e-07
3.39503e-07
-1.19321e-06
3.00023e-07
-1.50323e-06
2.56957e-07
-1.82846e-06
2.10715e-07
-2.17281e-06
1.61948e-07
-2.54067e-06
1.11666e-07
-2.93606e-06
6.15105e-08
-3.36135e-06
1.35459e-08
-3.81422e-06
-3.0738e-08
-4.28665e-06
-7.04128e-08
-4.76963e-06
-1.11846e-07
-5.26184e-06
-1.7744e-07
-5.83817e-06
-2.82821e-07
-6.99344e-06
-2.96751e-07
-8.66232e-06
-8.82471e-06
3.03777e-07
2.74856e-06
5.06392e-07
4.27349e-06
6.51495e-07
5.03921e-06
7.76568e-07
5.48136e-06
8.71282e-07
5.67753e-06
9.13771e-07
5.56755e-06
9.09078e-07
5.18213e-06
8.84221e-07
4.67287e-06
8.58389e-07
4.16016e-06
8.39761e-07
3.69569e-06
8.29157e-07
3.28488e-06
8.24225e-07
2.9152e-06
8.22276e-07
2.5734e-06
8.21232e-07
2.25054e-06
8.19667e-07
1.94147e-06
8.1662e-07
1.64321e-06
8.11403e-07
1.35374e-06
8.0347e-07
1.07136e-06
7.92353e-07
7.94361e-07
7.77633e-07
5.21004e-07
7.58936e-07
2.49462e-07
7.35929e-07
-2.21278e-08
7.08352e-07
-2.95753e-07
6.75974e-07
-5.73486e-07
6.3864e-07
-8.57696e-07
5.96325e-07
-1.1509e-06
5.49129e-07
-1.45604e-06
4.97283e-07
-1.77661e-06
4.41167e-07
-2.1167e-06
3.81346e-07
-2.48085e-06
3.1862e-07
-2.87333e-06
2.54227e-07
-3.29695e-06
1.89705e-07
-3.7497e-06
1.26599e-07
-4.22355e-06
6.48863e-08
-4.70792e-06
-1.82866e-09
-5.19512e-06
-8.62479e-08
-5.75375e-06
-2.06415e-07
-6.87327e-06
-2.39403e-07
-8.62933e-06
-9.06411e-06
3.64013e-07
2.38455e-06
6.3243e-07
4.00508e-06
8.24225e-07
4.84741e-06
9.85242e-07
5.32034e-06
1.11259e-06
5.55018e-06
1.18098e-06
5.49916e-06
1.18969e-06
5.17342e-06
1.16708e-06
4.69547e-06
1.13882e-06
4.18843e-06
1.11756e-06
3.71695e-06
1.1059e-06
3.29654e-06
1.10161e-06
2.91949e-06
1.10144e-06
2.57357e-06
1.10272e-06
2.24926e-06
1.10356e-06
1.94064e-06
1.10265e-06
1.64411e-06
1.0991e-06
1.35729e-06
1.09221e-06
1.07825e-06
1.08138e-06
8.05191e-07
1.0661e-06
5.36278e-07
1.04594e-06
2.69627e-07
1.02047e-06
3.34123e-09
9.89395e-07
-2.6468e-07
9.52433e-07
-5.36524e-07
9.09393e-07
-8.14656e-07
8.60232e-07
-1.10174e-06
8.05033e-07
-1.40084e-06
7.43995e-07
-1.71558e-06
6.77443e-07
-2.05014e-06
6.05855e-07
-2.40926e-06
5.29847e-07
-2.79732e-06
4.50232e-07
-3.21734e-06
3.6809e-07
-3.66756e-06
2.84388e-07
-4.13984e-06
1.99217e-07
-4.62275e-06
1.09646e-07
-5.10555e-06
2.39078e-10
-5.64435e-06
-1.38175e-07
-6.73486e-06
-1.98874e-07
-8.56863e-06
-9.26299e-06
4.06128e-07
1.97842e-06
7.42366e-07
3.66884e-06
9.8561e-07
4.60417e-06
1.18274e-06
5.12321e-06
1.34321e-06
5.38971e-06
1.44266e-06
5.39971e-06
1.4724e-06
5.14367e-06
1.45749e-06
4.71039e-06
1.42854e-06
4.21737e-06
1.40413e-06
3.74136e-06
1.39019e-06
3.31047e-06
1.38552e-06
2.92417e-06
1.38662e-06
2.57246e-06
1.39018e-06
2.24571e-06
1.39367e-06
1.93714e-06
1.39535e-06
1.64243e-06
1.39399e-06
1.35865e-06
1.38865e-06
1.08359e-06
1.37861e-06
8.15236e-07
1.36322e-06
5.51662e-07
1.34196e-06
2.90896e-07
1.31436e-06
3.09377e-08
1.28001e-06
-2.30325e-07
1.23859e-06
-4.9511e-07
1.18989e-06
-7.65957e-07
1.13384e-06
-1.04568e-06
1.07046e-06
-1.33746e-06
9.99941e-07
-1.64505e-06
9.2253e-07
-1.97273e-06
8.38557e-07
-2.32529e-06
7.48373e-07
-2.70714e-06
6.52411e-07
-3.12138e-06
5.5126e-07
-3.5664e-06
4.45299e-07
-4.03388e-06
3.34488e-07
-4.51194e-06
2.15921e-07
-4.98698e-06
7.84178e-08
-5.50684e-06
-7.86621e-08
-6.57778e-06
-1.69238e-07
-8.47805e-06
-9.43222e-06
4.24176e-07
1.55425e-06
8.26343e-07
3.26667e-06
1.12716e-06
4.30335e-06
1.36375e-06
4.88662e-06
1.55829e-06
5.19517e-06
1.69327e-06
5.26473e-06
1.75279e-06
5.08416e-06
1.75395e-06
4.70923e-06
1.72894e-06
4.24238e-06
1.70243e-06
3.76787e-06
1.68545e-06
3.32746e-06
1.67923e-06
2.93038e-06
1.68074e-06
2.57095e-06
1.68618e-06
2.24027e-06
1.69236e-06
1.93096e-06
1.69693e-06
1.63786e-06
1.69821e-06
1.35738e-06
1.69496e-06
1.08684e-06
1.68623e-06
8.23966e-07
1.67124e-06
5.66654e-07
1.64934e-06
3.12797e-07
1.61999e-06
6.02847e-08
1.5827e-06
-1.93039e-07
1.5371e-06
-4.49511e-07
1.48294e-06
-7.11798e-07
1.42011e-06
-9.8284e-07
1.34857e-06
-1.26593e-06
1.26843e-06
-1.56491e-06
1.17982e-06
-1.88413e-06
1.08289e-06
-2.22835e-06
9.7765e-07
-2.6019e-06
8.64105e-07
-3.00783e-06
7.42271e-07
-3.44457e-06
6.12026e-07
-3.90364e-06
4.72967e-07
-4.37288e-06
3.22592e-07
-4.83661e-06
1.55284e-07
-5.33954e-06
-2.64751e-08
-6.39602e-06
-1.47009e-07
-8.35752e-06
-9.57923e-06
4.14922e-07
1.13932e-06
8.73244e-07
2.80835e-06
1.23759e-06
3.939e-06
1.51994e-06
4.60427e-06
1.75046e-06
4.96465e-06
1.92417e-06
5.09102e-06
2.02235e-06
4.98598e-06
2.05106e-06
4.68052e-06
2.03879e-06
4.25465e-06
2.01449e-06
3.79217e-06
1.99536e-06
3.34659e-06
1.98689e-06
2.93886e-06
1.98778e-06
2.57005e-06
1.99437e-06
2.23368e-06
2.00291e-06
1.92242e-06
2.0104e-06
1.63037e-06
2.0146e-06
1.35318e-06
2.01386e-06
1.08758e-06
2.00695e-06
8.30881e-07
1.99287e-06
5.80728e-07
1.97086e-06
3.34814e-07
1.94026e-06
9.08852e-08
1.90049e-06
-1.53275e-07
1.85114e-06
-4.00155e-07
1.79189e-06
-6.5255e-07
1.72256e-06
-9.13508e-07
1.64303e-06
-1.1864e-06
1.55328e-06
-1.47516e-06
1.45325e-06
-1.78409e-06
1.34278e-06
-2.11788e-06
1.22149e-06
-2.48062e-06
1.08888e-06
-2.87522e-06
9.4427e-07
-3.29996e-06
7.87095e-07
-3.74646e-06
6.16603e-07
-4.20238e-06
4.31031e-07
-4.65104e-06
2.30525e-07
-5.13903e-06
2.09488e-08
-6.18644e-06
-1.29826e-07
-8.20675e-06
-9.70906e-06
3.78665e-07
7.6066e-07
8.74655e-07
2.31236e-06
1.30388e-06
3.50978e-06
1.63998e-06
4.26817e-06
1.91125e-06
4.69338e-06
2.12612e-06
4.87615e-06
2.26997e-06
4.84213e-06
2.33881e-06
4.61168e-06
2.35234e-06
4.24111e-06
2.33948e-06
3.80503e-06
2.3227e-06
3.36337e-06
2.31312e-06
2.94844e-06
2.31294e-06
2.57023e-06
2.31982e-06
2.2268e-06
2.33006e-06
1.91219e-06
2.34013e-06
1.62029e-06
2.34724e-06
1.34607e-06
2.34923e-06
1.08558e-06
2.34449e-06
8.35615e-07
2.3318e-06
5.9342e-07
2.3102e-06
3.56417e-07
2.27888e-06
1.22204e-07
2.23719e-06
-1.11588e-07
2.18466e-06
-3.47623e-07
2.12087e-06
-5.88754e-07
2.04548e-06
-8.3812e-07
1.95826e-06
-1.09919e-06
1.85897e-06
-1.37587e-06
1.74725e-06
-1.67237e-06
1.62252e-06
-1.99315e-06
1.48393e-06
-2.34202e-06
1.3303e-06
-2.72159e-06
1.16022e-06
-3.12988e-06
9.7273e-07
-3.55898e-06
7.66918e-07
-3.99657e-06
5.42183e-07
-4.4263e-06
3.05937e-07
-4.90278e-06
6.98624e-08
-5.95037e-06
-1.15687e-07
-8.0212e-06
-9.82475e-06
3.18762e-07
4.41898e-07
8.27173e-07
1.80395e-06
1.31415e-06
3.0228e-06
1.70906e-06
3.87326e-06
2.02735e-06
4.37509e-06
2.28675e-06
4.61675e-06
2.48139e-06
4.64748e-06
2.60223e-06
4.49085e-06
2.65762e-06
4.18572e-06
2.67095e-06
3.7917e-06
2.66669e-06
3.36763e-06
2.66129e-06
2.95385e-06
2.66187e-06
2.56965e-06
2.66907e-06
2.21959e-06
2.6804e-06
1.90086e-06
2.69245e-06
1.60824e-06
2.70207e-06
1.33646e-06
2.70667e-06
1.08099e-06
2.70423e-06
8.38056e-07
2.69321e-06
6.04438e-07
2.67242e-06
3.77199e-07
2.6409e-06
1.53733e-07
2.59788e-06
-6.85718e-08
2.54278e-06
-2.92527e-07
2.47503e-06
-5.21001e-07
2.3941e-06
-7.57186e-07
2.29951e-06
-1.0046e-06
2.19068e-06
-1.26704e-06
2.06679e-06
-1.54848e-06
1.92673e-06
-1.85309e-06
1.76902e-06
-2.18432e-06
1.59172e-06
-2.54429e-06
1.39266e-06
-2.93081e-06
1.17074e-06
-3.33706e-06
9.2496e-07
-3.75079e-06
6.56512e-07
-4.15785e-06
3.81695e-07
-4.62797e-06
1.16927e-07
-5.6856e-06
-1.0389e-07
-7.80038e-06
-9.92864e-06
2.40959e-07
2.00939e-07
7.33029e-07
1.31188e-06
1.25809e-06
2.49774e-06
1.71247e-06
3.41888e-06
2.08395e-06
4.00361e-06
2.39204e-06
4.30866e-06
2.64095e-06
4.39858e-06
2.82263e-06
4.30917e-06
2.93587e-06
4.07248e-06
2.99425e-06
3.73332e-06
3.01915e-06
3.34274e-06
3.02965e-06
2.94334e-06
3.03773e-06
2.56157e-06
3.04831e-06
2.20901e-06
3.06161e-06
1.88757e-06
3.07552e-06
1.59432e-06
3.08724e-06
1.32474e-06
3.09407e-06
1.07416e-06
3.09372e-06
8.38398e-07
3.08438e-06
6.13779e-07
3.06458e-06
3.96997e-07
3.03318e-06
1.85139e-07
2.98928e-06
-2.46778e-08
2.93211e-06
-2.35348e-07
2.86084e-06
-4.49733e-07
2.77468e-06
-6.71025e-07
2.67274e-06
-9.02663e-07
2.55393e-06
-1.14823e-06
2.41687e-06
-1.41141e-06
2.25976e-06
-1.69599e-06
2.08031e-06
-2.00487e-06
1.87568e-06
-2.33966e-06
1.64319e-06
-2.69832e-06
1.38188e-06
-3.07575e-06
1.09073e-06
-3.45964e-06
7.74433e-07
-3.84156e-06
4.5944e-07
-4.31297e-06
1.66651e-07
-5.39281e-06
-9.14416e-08
-7.54229e-06
-1.00201e-05
1.70525e-07
3.04133e-08
6.08804e-07
8.736e-07
1.13533e-06
1.97122e-06
1.63601e-06
2.9182e-06
2.06332e-06
3.5763e-06
2.42481e-06
3.94717e-06
2.73114e-06
4.09225e-06
2.97915e-06
4.06117e-06
3.16299e-06
3.88864e-06
3.28578e-06
3.61052e-06
3.36108e-06
3.26744e-06
3.40621e-06
2.89821e-06
3.43569e-06
2.53208e-06
3.4586e-06
2.18611e-06
3.47889e-06
1.86728e-06
3.49705e-06
1.57616e-06
3.51175e-06
1.31004e-06
3.52096e-06
1.06495e-06
3.52259e-06
8.36763e-07
3.51478e-06
6.21598e-07
3.49587e-06
4.15905e-07
3.46456e-06
2.16451e-07
3.41975e-06
2.01252e-08
3.36042e-06
-1.76019e-07
3.28549e-06
-3.74798e-07
3.19369e-06
-5.79229e-07
3.08358e-06
-7.92552e-07
2.9535e-06
-1.01814e-06
2.80136e-06
-1.25927e-06
2.62451e-06
-1.51914e-06
2.41967e-06
-1.80003e-06
2.18319e-06
-2.10318e-06
1.91232e-06
-2.42745e-06
1.60585e-06
-2.76928e-06
1.26324e-06
-3.11703e-06
8.95646e-07
-3.47397e-06
5.40403e-07
-3.95773e-06
2.2201e-07
-5.07442e-06
-7.58166e-08
-7.24446e-06
-1.00959e-05
1.20876e-07
-9.04625e-08
4.72692e-07
5.21784e-07
9.5589e-07
1.48802e-06
1.47126e-06
2.40283e-06
1.94748e-06
3.10008e-06
2.36566e-06
3.52899e-06
2.73301e-06
3.7249e-06
3.0507e-06
3.74348e-06
3.31261e-06
3.62673e-06
3.51498e-06
3.40816e-06
3.66193e-06
3.12049e-06
3.76454e-06
2.7956e-06
3.83607e-06
2.46056e-06
3.88763e-06
2.13455e-06
3.92657e-06
1.82834e-06
3.95661e-06
1.54611e-06
3.97891e-06
1.28774e-06
3.99305e-06
1.05081e-06
3.9979e-06
8.31912e-07
3.99206e-06
6.27446e-07
3.97405e-06
4.33913e-07
3.94251e-06
2.47985e-07
3.89617e-06
6.64709e-08
3.8337e-06
-1.13554e-07
3.75379e-06
-2.94885e-07
3.65476e-06
-4.80198e-07
3.53459e-06
-6.72381e-07
3.39087e-06
-8.74428e-07
3.22067e-06
-1.08908e-06
3.02039e-06
-1.31886e-06
2.78603e-06
-1.56567e-06
2.5135e-06
-1.83064e-06
2.19963e-06
-2.11358e-06
1.84206e-06
-2.41171e-06
1.44304e-06
-2.71802e-06
1.02287e-06
-3.05379e-06
6.28094e-07
-3.56296e-06
2.8528e-07
-4.7316e-06
-5.77694e-08
-6.90141e-06
-1.01537e-05
8.81679e-08
-1.7863e-07
3.36518e-07
2.73435e-07
7.34272e-07
1.09026e-06
1.21958e-06
1.91752e-06
1.72195e-06
2.59771e-06
2.19524e-06
3.05569e-06
2.62724e-06
3.29291e-06
3.01722e-06
3.3535e-06
3.36025e-06
3.28369e-06
3.64976e-06
3.11865e-06
3.88317e-06
2.88708e-06
4.06396e-06
2.6148e-06
4.2004e-06
2.32412e-06
4.30224e-06
2.03271e-06
4.37809e-06
1.75249e-06
4.43419e-06
1.49001e-06
4.47435e-06
1.24758e-06
4.50044e-06
1.02472e-06
4.51299e-06
8.19359e-07
4.51171e-06
6.28724e-07
4.49584e-06
4.49787e-07
4.4643e-06
2.79523e-07
4.41584e-06
1.14933e-07
4.34895e-06
-4.66607e-08
4.26217e-06
-2.08109e-07
4.15351e-06
-3.7154e-07
4.0205e-06
-5.39367e-07
3.85997e-06
-7.13901e-07
3.66829e-06
-8.97397e-07
3.44122e-06
-1.09178e-06
3.17424e-06
-1.2987e-06
2.86263e-06
-1.51903e-06
2.50244e-06
-1.7534e-06
2.09154e-06
-2.0008e-06
1.63799e-06
-2.26447e-06
1.17101e-06
-2.58681e-06
7.4143e-07
-3.13337e-06
3.69733e-07
-4.3599e-06
-2.88636e-08
-6.50281e-06
-1.01825e-05
5.62709e-08
-2.34901e-07
1.87155e-07
1.4255e-07
4.6882e-07
8.08598e-07
8.85694e-07
1.50065e-06
1.38223e-06
2.10117e-06
1.89819e-06
2.53974e-06
2.39605e-06
2.79505e-06
2.86112e-06
2.88843e-06
3.28611e-06
2.85869e-06
3.66374e-06
2.74102e-06
3.98824e-06
2.56259e-06
4.2581e-06
2.34494e-06
4.47614e-06
2.10608e-06
4.64818e-06
1.86066e-06
4.78124e-06
1.61944e-06
4.88192e-06
1.38934e-06
4.95553e-06
1.17396e-06
5.00587e-06
9.74387e-07
5.03525e-06
7.89971e-07
5.04499e-06
6.18992e-07
5.03548e-06
4.59291e-07
5.00639e-06
3.08611e-07
4.95686e-06
1.64468e-07
4.88537e-06
2.48284e-08
4.79059e-06
-1.13331e-07
4.67035e-06
-2.51294e-07
4.52216e-06
-3.91185e-07
4.34276e-06
-5.34494e-07
4.12804e-06
-6.8268e-07
3.87317e-06
-8.36914e-07
3.57307e-06
-9.98593e-07
3.22265e-06
-1.16861e-06
2.81848e-06
-1.34923e-06
2.36213e-06
-1.54446e-06
1.86965e-06
-1.77199e-06
1.37682e-06
-2.09398e-06
9.30213e-07
-2.68677e-06
5.18611e-07
-3.9483e-06
3.13354e-08
-6.01554e-06
-1.01512e-05
-4.93809e-08
-1.8552e-07
-3.39916e-08
1.27161e-07
1.28488e-07
6.46118e-07
4.64455e-07
1.16468e-06
9.3222e-07
1.6334e-06
1.47105e-06
2.00091e-06
2.0284e-06
2.23769e-06
2.56926e-06
2.34757e-06
3.07535e-06
2.3526e-06
3.53743e-06
2.27895e-06
3.94909e-06
2.15092e-06
4.30681e-06
1.98722e-06
4.61002e-06
1.80287e-06
4.86103e-06
1.60965e-06
5.06411e-06
1.41636e-06
5.22435e-06
1.2291e-06
5.34674e-06
1.05158e-06
5.43562e-06
8.85508e-07
5.49439e-06
7.31199e-07
5.52554e-06
5.8784e-07
5.53062e-06
4.54218e-07
5.51028e-06
3.28945e-07
5.46443e-06
2.10323e-07
5.39259e-06
9.66649e-08
5.29308e-06
-1.38183e-08
5.16412e-06
-1.22335e-07
5.00362e-06
-2.30681e-07
4.80829e-06
-3.39172e-07
4.57426e-06
-4.4865e-07
4.29683e-06
-5.59481e-07
3.97117e-06
-6.72933e-07
3.59332e-06
-7.90752e-07
3.16234e-06
-9.18243e-07
2.68485e-06
-1.06697e-06
2.1837e-06
-1.27084e-06
1.69798e-06
-1.60826e-06
1.26228e-06
-2.25106e-06
7.99581e-07
-3.48561e-06
1.74224e-07
-5.39018e-06
-9.97697e-06
-2.95485e-07
1.09964e-07
-4.49012e-07
2.80688e-07
-3.57183e-07
5.54289e-07
-6.77231e-08
8.75218e-07
3.76963e-07
1.18872e-06
9.32523e-07
1.44535e-06
1.53923e-06
1.63098e-06
2.15094e-06
1.73587e-06
2.73611e-06
1.76742e-06
3.27745e-06
1.73761e-06
3.76717e-06
1.6612e-06
4.20166e-06
1.55274e-06
4.57985e-06
1.42468e-06
4.90281e-06
1.28668e-06
5.17314e-06
1.14603e-06
5.39438e-06
1.00785e-06
5.57045e-06
8.75508e-07
5.70523e-06
7.50725e-07
5.80227e-06
6.34163e-07
5.86438e-06
5.25732e-07
5.89359e-06
4.25006e-07
5.89141e-06
3.31121e-07
5.85872e-06
2.43019e-07
5.79577e-06
1.5961e-07
5.70213e-06
7.9827e-08
5.57603e-06
3.76519e-09
5.41731e-06
-7.19684e-08
5.22298e-06
-1.44835e-07
4.98956e-06
-2.15238e-07
4.71439e-06
-2.84312e-07
4.39479e-06
-3.5333e-07
4.02898e-06
-4.24945e-07
3.61755e-06
-5.06807e-07
3.16986e-06
-6.19289e-07
2.70543e-06
-8.06406e-07
2.24686e-06
-1.1497e-06
1.79516e-06
-1.79935e-06
1.22371e-06
-2.91416e-06
4.44486e-07
-4.61096e-06
-9.53248e-06
-5.63612e-07
6.73576e-07
-8.47226e-07
5.64303e-07
-8.90271e-07
5.97334e-07
-6.83512e-07
6.68459e-07
-2.61265e-07
7.66469e-07
3.05293e-07
8.7879e-07
9.52219e-07
9.84056e-07
1.62152e-06
1.06657e-06
2.27548e-06
1.11347e-06
2.89003e-06
1.12306e-06
3.45236e-06
1.09887e-06
3.95688e-06
1.04823e-06
4.40203e-06
9.79523e-07
4.78861e-06
9.00113e-07
5.11886e-06
8.15778e-07
5.39597e-06
7.3074e-07
5.6236e-06
6.47878e-07
5.80543e-06
5.68892e-07
5.94488e-06
4.9472e-07
6.04493e-06
4.25678e-07
6.1084e-06
3.6154e-07
6.13758e-06
3.01941e-07
6.1342e-06
2.46395e-07
6.09944e-06
1.94368e-07
6.03387e-06
1.45402e-07
5.93853e-06
9.9103e-08
5.81202e-06
5.45433e-08
5.65698e-06
1.02005e-08
5.47253e-06
-3.07804e-08
5.26043e-06
-7.22193e-08
5.02189e-06
-1.14784e-07
4.75794e-06
-1.60993e-07
4.46862e-06
-2.17491e-07
4.14899e-06
-2.99664e-07
3.78032e-06
-4.37732e-07
3.32742e-06
-6.96796e-07
2.71153e-06
-1.18346e-06
1.80288e-06
-2.0055e-06
7.89647e-07
-3.59773e-06
-8.74283e-06
-7.45586e-07
1.41916e-06
-1.05821e-06
8.76929e-07
-9.78583e-07
5.17706e-07
-6.84891e-07
3.74766e-07
-2.50202e-07
3.31781e-07
2.90506e-07
3.38082e-07
8.98832e-07
3.7573e-07
1.53935e-06
4.26054e-07
2.18535e-06
4.67457e-07
2.81527e-06
4.93144e-07
3.41271e-06
5.01426e-07
3.96679e-06
4.94153e-07
4.47138e-06
4.74925e-07
4.92396e-06
4.47539e-07
5.32447e-06
4.15271e-07
5.67455e-06
3.80661e-07
5.97692e-06
3.45506e-07
6.23474e-06
3.11072e-07
6.45142e-06
2.78042e-07
6.63036e-06
2.46737e-07
6.77466e-06
2.17236e-07
6.88711e-06
1.89497e-07
6.97012e-06
1.63385e-07
7.02578e-06
1.38708e-07
7.05592e-06
1.15259e-07
7.06223e-06
9.279e-08
7.04577e-06
7.10042e-08
7.00623e-06
4.97407e-08
6.94613e-06
2.93182e-08
6.86487e-06
9.04482e-09
6.76321e-06
-1.31284e-08
6.6404e-06
-3.81773e-08
6.49149e-06
-6.85796e-08
6.30088e-06
-1.09053e-07
6.02646e-06
-1.63315e-07
5.56722e-06
-2.37562e-07
4.72187e-06
-3.38112e-07
3.29852e-06
-5.82152e-07
1.58903e-06
-1.88824e-06
-7.1538e-06
1.41916e-06
2.29609e-06
2.8138e-06
3.18856e-06
3.52034e-06
3.85843e-06
4.23416e-06
4.66021e-06
5.12767e-06
5.62081e-06
6.12224e-06
6.61639e-06
7.09131e-06
7.53885e-06
7.95412e-06
8.33478e-06
8.68029e-06
8.99136e-06
9.2694e-06
9.51614e-06
9.73338e-06
9.92287e-06
1.00863e-05
1.0225e-05
1.03402e-05
1.0433e-05
1.0504e-05
1.05538e-05
1.05831e-05
1.05921e-05
1.0579e-05
1.05408e-05
1.04722e-05
1.03632e-05
1.01999e-05
9.96231e-06
9.6242e-06
9.04204e-06
7.1538e-06
)
;

boundaryField
{
    movingWall
    {
        type            calculated;
        value           uniform 0;
    }
    fixedWalls
    {
        type            calculated;
        value           uniform 0;
    }
    frontAndBack
    {
        type            empty;
    }
}


// ************************************************************************* //
