/*--------------------------------*- C++ -*----------------------------------*\
| =========                 |                                                 |
| \\      /  F ield         | OpenFOAM: The Open Source CFD Toolbox           |
|  \\    /   O peration     | Version:  2412                                  |
|   \\  /    A nd           | Website:  www.openfoam.com                      |
|    \\/     M anipulation  |                                                 |
\*---------------------------------------------------------------------------*/
FoamFile
{
    version     2.0;
    format      ascii;
    arch        "LSB;label=32;scalar=64";
    class       volScalarField;
    location    "0.5";
    object      epsilon;
}
// * * * * * * * * * * * * * * * * * * * * * * * * * * * * * * * * * * * * * //

dimensions      [0 2 -3 0 0 0 0];

internalField   nonuniform List<scalar> 
1600
(
0.000675143
0.00108201
0.00155157
0.00195137
0.00226668
0.00250958
0.00269529
0.00283769
0.0029485
0.00303707
0.00311045
0.00317361
0.00322982
0.00328106
0.00332838
0.00337226
0.00341277
0.00344976
0.00348291
0.00351184
0.00353607
0.003555
0.00356847
0.00357631
0.00357808
0.0035722
0.00355731
0.00353203
0.00349408
0.00343992
0.00336502
0.00326341
0.00312771
0.00294909
0.00271756
0.00242232
0.00205282
0.00160354
0.0010966
0.000676203
0.0010864
0.00105865
0.00126382
0.00145454
0.0016029
0.00171182
0.00178962
0.00184461
0.00188363
0.00191192
0.00193323
0.00195013
0.00196422
0.00197649
0.00198745
0.00199739
0.00200641
0.00201451
0.00202165
0.00202778
0.00203281
0.0020367
0.00203953
0.00204157
0.00204239
0.00204156
0.0020385
0.00203265
0.00202303
0.00200812
0.00198581
0.0019532
0.00190654
0.00184102
0.00175081
0.00162921
0.00146948
0.00126932
0.00106268
0.00109304
0.00157607
0.00126571
0.00136048
0.00148142
0.00158115
0.00165486
0.00170695
0.00174282
0.00176722
0.00178388
0.00179551
0.00180396
0.00181046
0.00181575
0.00182027
0.00182426
0.00182784
0.00183109
0.001834
0.00183659
0.00183886
0.00184081
0.00184247
0.0018439
0.00184483
0.00184505
0.00184427
0.00184203
0.0018376
0.00182993
0.00181752
0.00179831
0.00176954
0.00172776
0.00166895
0.00158891
0.00148504
0.00136293
0.00127073
0.00157545
0.00200459
0.00146285
0.00148333
0.00156201
0.00163463
0.00169095
0.00173149
0.00175952
0.00177846
0.0017911
0.00179955
0.00180533
0.00180942
0.00181248
0.00181494
0.00181702
0.00181887
0.00182056
0.00182213
0.0018236
0.00182498
0.0018263
0.00182755
0.00182872
0.00182966
0.00183013
0.00182996
0.00182873
0.00182585
0.00182044
0.00181132
0.00179686
0.00177503
0.00174326
0.00169872
0.00163891
0.00156381
0.00148577
0.0014655
0.00199078
0.00235282
0.0016196
0.00158698
0.00163772
0.00169314
0.00173831
0.00177164
0.00179497
0.00181074
0.00182121
0.00182809
0.00183263
0.00183571
0.00183788
0.00183951
0.00184083
0.00184198
0.00184304
0.00184407
0.0018451
0.00184614
0.00184721
0.00184829
0.00184934
0.00185026
0.0018508
0.00185084
0.00185
0.00184776
0.00184337
0.00183583
0.00182381
0.00180565
0.00177937
0.00174292
0.00169498
0.00163742
0.00158715
0.00161802
0.0023238
0.00262949
0.0017387
0.00166678
0.00169797
0.00174169
0.00177944
0.00180805
0.00182842
0.00184237
0.00185166
0.00185775
0.00186169
0.00186426
0.00186597
0.00186716
0.00186807
0.00186883
0.00186954
0.00187026
0.00187102
0.00187184
0.00187272
0.00187367
0.00187463
0.0018755
0.00187607
0.00187616
0.00187548
0.00187353
0.00186964
0.00186293
0.00185227
0.00183624
0.00181322
0.0017817
0.00174113
0.00169484
0.00166232
0.00173117
0.00258673
0.00284771
0.00182755
0.00172586
0.00174319
0.00177887
0.00181159
0.00183703
0.00185544
0.00186817
0.00187672
0.00188233
0.00188593
0.00188823
0.0018897
0.00189067
0.00189136
0.00189192
0.00189245
0.00189299
0.0018936
0.00189429
0.00189508
0.00189594
0.00189683
0.00189767
0.00189823
0.00189833
0.00189771
0.00189589
0.00189225
0.001886
0.00187611
0.00186132
0.00184024
0.00181169
0.00177567
0.00173662
0.00171599
0.00181369
0.00279551
0.00302029
0.00189344
0.00176877
0.00177615
0.00180627
0.00183558
0.00185889
0.00187597
0.00188791
0.00189597
0.00190128
0.0019047
0.00190685
0.0019082
0.00190906
0.00190965
0.00191011
0.00191054
0.001911
0.00191153
0.00191217
0.0019129
0.00191373
0.0019146
0.00191543
0.001916
0.00191612
0.00191553
0.00191377
0.00191028
0.00190428
0.00189481
0.00188071
0.00186073
0.00183387
0.0018005
0.00176633
0.00175387
0.00187438
0.00296528
0.00315864
0.0019426
0.00179974
0.00179985
0.00182609
0.00185308
0.00187497
0.00189116
0.00190257
0.00191033
0.00191546
0.00191877
0.00192086
0.00192216
0.00192298
0.00192353
0.00192396
0.00192436
0.0019248
0.00192532
0.00192595
0.0019267
0.00192755
0.00192845
0.00192932
0.00192996
0.00193012
0.00192959
0.00192792
0.00192452
0.00191867
0.00190942
0.00189568
0.00187626
0.00185029
0.00181839
0.00178751
0.001781
0.00192065
0.00310943
0.00327255
0.00198008
0.00182223
0.00181691
0.00184035
0.00186575
0.00188667
0.00190229
0.00191336
0.00192093
0.00192596
0.00192923
0.0019313
0.0019326
0.00193342
0.00193399
0.00193443
0.00193485
0.00193532
0.00193589
0.00193659
0.00193741
0.00193834
0.00193935
0.00194033
0.00194111
0.00194141
0.00194101
0.00193946
0.0019362
0.00193047
0.00192136
0.00190778
0.00188858
0.00186301
0.00183186
0.00180323
0.00180143
0.00195827
0.00323904
0.00336999
0.00200976
0.00183905
0.00182936
0.0018507
0.00187496
0.00189523
0.00191047
0.00192133
0.00192878
0.00193377
0.00193703
0.00193912
0.00194045
0.00194131
0.00194192
0.00194242
0.00194292
0.00194348
0.00194415
0.00194497
0.00194594
0.00194704
0.00194824
0.00194943
0.00195047
0.00195101
0.00195086
0.00194956
0.00194651
0.00194097
0.00193199
0.00191848
0.00189933
0.00187384
0.00184305
0.00181591
0.0018183
0.00199174
0.0033635
0.00345723
0.00203453
0.00185222
0.00183877
0.0018584
0.00188179
0.0019016
0.00191659
0.00192731
0.00193471
0.00193969
0.00194296
0.00194509
0.00194647
0.0019474
0.00194809
0.00194868
0.00194929
0.00194999
0.00195083
0.00195184
0.00195304
0.00195441
0.00195591
0.00195745
0.00195888
0.00195988
0.00196013
0.00195925
0.0019566
0.00195138
0.00194262
0.0019292
0.00191
0.00188442
0.00185371
0.00182765
0.0018341
0.00202474
0.00349146
0.00353896
0.0020565
0.00186317
0.00184626
0.00186438
0.00188706
0.0019065
0.0019213
0.00193194
0.00193932
0.0019443
0.00194761
0.00194979
0.00195124
0.00195225
0.00195305
0.00195377
0.00195454
0.00195543
0.0019565
0.00195779
0.00195932
0.00196108
0.00196303
0.00196509
0.00196709
0.0019688
0.00196973
0.00196955
0.00196757
0.00196293
0.0019546
0.00194138
0.00192215
0.00189633
0.00186547
0.00184025
0.00185075
0.00205994
0.00362951
0.0036186
0.00207713
0.00187293
0.00185264
0.00186932
0.00189133
0.00191046
0.00192511
0.00193569
0.00194305
0.00194805
0.0019514
0.00195363
0.00195516
0.00195628
0.0019572
0.00195809
0.00195906
0.0019602
0.00196157
0.00196324
0.00196522
0.00196751
0.00197011
0.00197291
0.00197579
0.00197849
0.00198059
0.00198149
0.00198064
0.00197703
0.00196951
0.00195677
0.00193759
0.00191145
0.00188015
0.00185547
0.00186998
0.00209962
0.00378358
0.00369855
0.00209741
0.00188215
0.00185845
0.00187368
0.00189504
0.00191385
0.00192837
0.00193888
0.00194623
0.00195124
0.00195463
0.00195693
0.00195854
0.00195978
0.00196085
0.00196193
0.00196314
0.00196459
0.00196635
0.0019685
0.00197107
0.0019741
0.00197758
0.00198145
0.00198559
0.00198977
0.00199359
0.00199637
0.00199732
0.0019955
0.00198949
0.00197776
0.00195889
0.00193232
0.00190014
0.00187547
0.00189377
0.00214622
0.00396025
0.00378048
0.002118
0.00189131
0.00186406
0.00187779
0.00189847
0.00191696
0.00193131
0.00194176
0.00194908
0.0019541
0.00195752
0.00195988
0.00196158
0.00196293
0.00196417
0.00196547
0.00196698
0.0019688
0.00197104
0.00197379
0.00197714
0.00198114
0.00198583
0.0019912
0.00199717
0.00200353
0.00200993
0.00201573
0.00201979
0.00202099
0.00201777
0.0020081
0.00199013
0.00196305
0.0019292
0.00190348
0.00192472
0.00220252
0.0041668
0.00386561
0.00213933
0.0019007
0.00186973
0.00188187
0.00190182
0.00191995
0.00193413
0.00194448
0.00195176
0.00195678
0.00196021
0.00196261
0.0019644
0.00196588
0.0019673
0.00196884
0.00197068
0.00197294
0.00197576
0.00197927
0.00198359
0.00198887
0.00199519
0.00200266
0.00201126
0.0020209
0.00203126
0.00204174
0.00205128
0.00205786
0.00205972
0.00205423
0.00203848
0.00201093
0.00197392
0.00194494
0.00196678
0.00227194
0.00441177
0.00395486
0.00216175
0.00191054
0.00187563
0.00188608
0.00190524
0.00192297
0.00193694
0.00194717
0.00195438
0.00195936
0.00196279
0.00196522
0.00196707
0.00196867
0.00197027
0.00197208
0.00197429
0.00197706
0.00198056
0.001985
0.00199056
0.00199749
0.00200602
0.00201639
0.0020288
0.00204335
0.00205991
0.00207799
0.00209651
0.00211352
0.00212503
0.00212796
0.00211764
0.00209024
0.00204731
0.00201014
0.00202654
0.00235875
0.00470502
0.004049
0.00218549
0.00192098
0.00188191
0.00189054
0.00190883
0.00192612
0.00193983
0.0019499
0.00195701
0.00196191
0.0019653
0.00196773
0.00196963
0.00197133
0.00197311
0.0019752
0.0019778
0.00198114
0.00198545
0.00199099
0.0019981
0.00200716
0.00201864
0.00203305
0.00205098
0.00207294
0.00209929
0.00212999
0.00216415
0.0021996
0.00223225
0.00225275
0.00225569
0.00223163
0.00217805
0.00212085
0.00211681
0.00246809
0.00505662
0.0041488
0.00221078
0.00193216
0.00188865
0.00189534
0.00191268
0.00192946
0.00194286
0.00195272
0.00195967
0.00196446
0.00196776
0.00197015
0.00197206
0.00197383
0.00197577
0.00197813
0.00198116
0.00198512
0.00199034
0.00199721
0.00200621
0.002018
0.0020334
0.00205343
0.00207934
0.00211256
0.00215452
0.00220641
0.00226847
0.00233901
0.00241286
0.00247929
0.0025138
0.00250576
0.00243751
0.00232786
0.00226845
0.0026066
0.0054735
0.00425509
0.00223786
0.00194421
0.00189597
0.00190055
0.00191686
0.00193306
0.00194608
0.00195566
0.00196239
0.001967
0.00197017
0.00197246
0.00197432
0.00197613
0.0019782
0.0019808
0.00198425
0.00198889
0.00199513
0.00200353
0.00201484
0.00203008
0.00205066
0.00207844
0.00211592
0.00216625
0.00223322
0.00232099
0.00243333
0.00257192
0.00273321
0.00290282
0.003036
0.00307958
0.0030021
0.00277773
0.00256372
0.00278845
0.00594874
0.00436886
0.00226698
0.00195727
0.00190395
0.00190628
0.00192144
0.00193695
0.00194951
0.00195874
0.00196516
0.00196952
0.00197248
0.0019746
0.00197637
0.00197815
0.00198029
0.0019831
0.00198696
0.00199228
0.00199962
0.00200977
0.00202383
0.00204339
0.00207074
0.00210915
0.00216325
0.00223942
0.00234622
0.0024946
0.00269759
0.0029683
0.00331454
0.00372332
0.00413728
0.00434801
0.00431496
0.00386891
0.00323122
0.00307281
0.00642423
0.00449133
0.00229848
0.00197152
0.0019127
0.0019126
0.00192648
0.0019412
0.00195319
0.00196196
0.00196799
0.00197199
0.00197465
0.00197654
0.00197812
0.0019798
0.00198194
0.00198491
0.00198912
0.00199511
0.00200362
0.00201572
0.00203299
0.00205784
0.00209389
0.00214659
0.00222413
0.00233862
0.00250772
0.00275672
0.00312054
0.00364386
0.0043747
0.00532694
0.00641446
0.00716371
0.00733045
0.00656992
0.00489804
0.0037013
0.00676544
0.00462409
0.00233273
0.00198714
0.00192232
0.00191963
0.00193204
0.00194583
0.00195713
0.00196531
0.00197084
0.00197439
0.00197665
0.0019782
0.00197952
0.00198101
0.00198308
0.00198611
0.00199061
0.00199722
0.00200691
0.0020211
0.00204202
0.00207317
0.00212007
0.00219143
0.00230099
0.00247039
0.00273361
0.00314375
0.0037823
0.0047676
0.00624523
0.00829255
0.0107522
0.0127873
0.0135251
0.0126053
0.00924505
0.00535206
0.00690404
0.0047692
0.00237021
0.00200437
0.001933
0.00192746
0.00193821
0.0019509
0.00196134
0.0019688
0.00197369
0.00197667
0.00197843
0.00197956
0.00198052
0.00198175
0.00198365
0.00198667
0.00199135
0.0019985
0.00200931
0.00202566
0.00205057
0.00208895
0.00214881
0.00224339
0.00239451
0.00263845
0.00303605
0.00368947
0.00476676
0.00652087
0.009243
0.0129876
0.0174252
0.0218269
0.0241719
0.0238427
0.0194403
0.0104952
0.00729049
0.00492936
0.00241155
0.00202347
0.00194492
0.00193621
0.00194505
0.00195642
0.00196583
0.00197242
0.00197653
0.00197882
0.00197999
0.00198061
0.00198115
0.00198204
0.00198371
0.00198661
0.00199138
0.00199895
0.00201077
0.00202925
0.00205829
0.00210448
0.00217893
0.00230051
0.00250163
0.00283877
0.00341171
0.00439695
0.00609029
0.00889425
0.0130258
0.0178502
0.0222613
0.026675
0.03258
0.0382093
0.0380807
0.024954
0.00991542
0.00510809
0.00245748
0.00204478
0.00195827
0.001946
0.00195263
0.00196245
0.00197062
0.00197617
0.00197936
0.00198087
0.00198138
0.00198146
0.00198154
0.00198206
0.00198344
0.00198617
0.00199093
0.00199879
0.00201148
0.00203189
0.00206492
0.00211894
0.00220841
0.00235849
0.00261356
0.0030535
0.00382385
0.00518385
0.00753693
0.0112306
0.0157423
0.0195141
0.0224708
0.0262474
0.0325275
0.0444663
0.0565258
0.0551022
0.0233982
0.00530997
0.00250894
0.00206867
0.00197325
0.00195696
0.00196101
0.00196901
0.00197576
0.0019801
0.00198227
0.00198297
0.00198284
0.00198239
0.00198206
0.00198223
0.00198335
0.0019859
0.00199062
0.00199868
0.00201202
0.00203402
0.00207053
0.00213157
0.00223473
0.00241092
0.00271533
0.00324825
0.00419134
0.00584961
0.00860013
0.0123678
0.0156495
0.0175263
0.0183223
0.0200566
0.0258896
0.0398157
0.0645868
0.0895846
0.0680367
0.0055409
0.00256699
0.00209553
0.00199006
0.00196917
0.0019703
0.00197624
0.0019814
0.00198446
0.00198565
0.00198562
0.00198491
0.00198405
0.00198343
0.00198337
0.0019843
0.00198676
0.00199147
0.00199969
0.00201356
0.00203677
0.00207587
0.00214225
0.00225571
0.00245106
0.00278991
0.0033821
0.00441786
0.00617856
0.00887927
0.0121685
0.0141137
0.0139259
0.0127325
0.0123283
0.0162663
0.0299497
0.0575342
0.110633
0.145838
0.00580837
0.00263285
0.00212576
0.00200896
0.00198275
0.00198076
0.00198447
0.00198803
0.00198992
0.00199035
0.0019898
0.00198881
0.00198781
0.00198716
0.00198715
0.00198818
0.00199076
0.00199564
0.0020041
0.00201839
0.00204242
0.00208303
0.00215237
0.00227121
0.00247534
0.00282646
0.0034292
0.00445339
0.00612702
0.00860802
0.0112862
0.0119884
0.0109667
0.00900823
0.00808322
0.0100197
0.0198613
0.0476208
0.115048
0.219347
0.00612173
0.00270778
0.00215968
0.00203017
0.00199812
0.00199298
0.00199461
0.0019969
0.00199809
0.00199826
0.00199774
0.00199701
0.00199643
0.0019963
0.0019969
0.00199857
0.00200176
0.00200722
0.0020162
0.00203097
0.00205548
0.00209664
0.00216633
0.00228514
0.00248718
0.00282888
0.00340399
0.00436172
0.00588012
0.00797896
0.0100256
0.0104498
0.00925221
0.00759573
0.00664423
0.00777141
0.0141881
0.0397836
0.111275
0.267101
0.00649256
0.00279296
0.00219762
0.00205426
0.00201646
0.00200871
0.00200912
0.00201112
0.0020127
0.00201366
0.00201422
0.00201476
0.00201562
0.00201705
0.00201927
0.00202254
0.00202727
0.00203414
0.00204434
0.00206004
0.00208505
0.00212601
0.00219422
0.00230849
0.00249976
0.00281728
0.00333732
0.00416757
0.00542775
0.00712895
0.00883739
0.0093405
0.00850733
0.00720787
0.00655264
0.00740472
0.0117923
0.03185
0.105665
0.299544
0.00693467
0.00288933
0.00224019
0.00208302
0.00204118
0.00203287
0.00203436
0.00203837
0.00204242
0.00204611
0.00204967
0.00205343
0.00205765
0.00206253
0.00206821
0.00207492
0.00208297
0.00209295
0.00210593
0.00212388
0.00215026
0.00219113
0.00225669
0.00236362
0.00253838
0.00282128
0.00326619
0.00394936
0.00495083
0.00627841
0.00768501
0.00842418
0.00806584
0.007249
0.00695683
0.00785038
0.0113718
0.028197
0.101772
0.322677
0.00746893
0.00299789
0.0022898
0.00212295
0.00208308
0.0020794
0.00208679
0.00209706
0.00210765
0.00211806
0.00212852
0.0021393
0.00215064
0.00216269
0.00217559
0.00218948
0.00220461
0.00222145
0.00224087
0.00226452
0.00229534
0.00233847
0.0024026
0.00250176
0.00265755
0.00290163
0.00327957
0.00382955
0.00458771
0.00557107
0.00664093
0.00742171
0.0074285
0.00715585
0.00715266
0.00803234
0.01133
0.0266981
0.0984183
0.340797
0.0080985
0.0031192
0.00235949
0.0022
0.00217411
0.00218631
0.00221011
0.00223637
0.00226255
0.00228834
0.00231414
0.00234033
0.00236723
0.00239503
0.00242387
0.00245391
0.00248534
0.00251846
0.00255391
0.00259283
0.00263743
0.0026916
0.00276206
0.00285976
0.00300137
0.0032104
0.00351823
0.00396438
0.0045703
0.00528105
0.00601926
0.00659572
0.00676538
0.00672354
0.00691837
0.00794278
0.0113157
0.0262062
0.0970667
0.357988
0.00895934
0.00327536
0.00251431
0.00239972
0.00242064
0.00247924
0.00254632
0.00261334
0.00267857
0.00274255
0.00280642
0.00287113
0.00293734
0.00300533
0.00307536
0.00314786
0.00322306
0.00330114
0.00338231
0.00346707
0.00355645
0.00365254
0.00375929
0.00388368
0.00403686
0.00423479
0.00449728
0.00484629
0.00529413
0.00583302
0.00638192
0.0067998
0.00694693
0.00694761
0.00720651
0.00847131
0.0124603
0.0282465
0.100295
0.378535
0.00968877
0.00365896
0.00307471
0.00313257
0.00331296
0.00351693
0.00371947
0.00391449
0.00410272
0.00428747
0.00447267
0.0046613
0.00485523
0.00505512
0.00526176
0.0054767
0.00570049
0.00593308
0.00617397
0.00642232
0.00667704
0.00693686
0.00720071
0.00746845
0.0077425
0.00802872
0.00833665
0.00867502
0.00904647
0.00944296
0.00981557
0.0100773
0.0101953
0.0103526
0.0109239
0.0129877
0.018737
0.0388133
0.120237
0.405801
0.0120787
0.00579636
0.00655902
0.00754717
0.00846417
0.00934599
0.0101789
0.010959
0.0116969
0.0124086
0.0131136
0.0138243
0.0145482
0.0152924
0.0160632
0.0168603
0.0176839
0.0185325
0.0194034
0.0202916
0.0211905
0.0220908
0.0229801
0.023842
0.0246601
0.025417
0.0261008
0.0267014
0.0272116
0.0276507
0.0280012
0.028326
0.0286006
0.029176
0.0306071
0.0343828
0.0433062
0.0708521
0.158279
0.445708
0.0224145
0.0336175
0.0484127
0.057467
0.0634403
0.0682424
0.0722597
0.0757177
0.0787535
0.0814491
0.0839641
0.0863734
0.0887186
0.0910262
0.0933192
0.0956043
0.097881
0.100145
0.102389
0.1046
0.106766
0.108864
0.110873
0.112754
0.114479
0.115999
0.117275
0.118273
0.118921
0.119312
0.119385
0.119476
0.119743
0.12053
0.12317
0.13037
0.143423
0.177774
0.259638
0.511772
0.266347
0.494847
0.654529
0.722029
0.749603
0.761422
0.763963
0.762457
0.758379
0.751783
0.74433
0.736447
0.728394
0.720328
0.712347
0.70451
0.696848
0.689373
0.682092
0.674996
0.668076
0.661309
0.654679
0.648144
0.64168
0.635248
0.628821
0.622362
0.61585
0.609329
0.602887
0.596792
0.591391
0.58745
0.585358
0.585532
0.588358
0.595005
0.640918
0.604903
)
;

boundaryField
{
    movingWall
    {
        type            epsilonWallFunction;
        blending        stepwise;
        value           nonuniform List<scalar> 
40
(
0.266347
0.494847
0.654529
0.722029
0.749603
0.761422
0.763963
0.762457
0.758379
0.751783
0.74433
0.736447
0.728394
0.720328
0.712347
0.70451
0.696848
0.689373
0.682092
0.674996
0.668076
0.661309
0.654679
0.648144
0.64168
0.635248
0.628821
0.622362
0.61585
0.609329
0.602887
0.596792
0.591391
0.58745
0.585358
0.585532
0.588358
0.595005
0.640918
0.604903
)
;
    }
    fixedWalls
    {
        type            epsilonWallFunction;
        blending        stepwise;
        value           nonuniform List<scalar> 
120
(
0.000675143
0.0010864
0.00157607
0.00200459
0.00235282
0.00262949
0.00284771
0.00302029
0.00315864
0.00327255
0.00336999
0.00345723
0.00353896
0.0036186
0.00369855
0.00378048
0.00386561
0.00395486
0.004049
0.0041488
0.00425509
0.00436886
0.00449133
0.00462409
0.0047692
0.00492936
0.00510809
0.00530997
0.0055409
0.00580837
0.00612173
0.00649256
0.00693467
0.00746893
0.0080985
0.00895934
0.00968877
0.0120787
0.0224145
0.266347
0.000676203
0.00109304
0.00157545
0.00199078
0.0023238
0.00258673
0.00279551
0.00296528
0.00310943
0.00323904
0.0033635
0.00349146
0.00362951
0.00378358
0.00396025
0.0041668
0.00441177
0.00470502
0.00505662
0.0054735
0.00594874
0.00642423
0.00676544
0.00690404
0.00729049
0.00991542
0.0233982
0.0680367
0.145838
0.219347
0.267101
0.299544
0.322677
0.340797
0.357988
0.378535
0.405801
0.445708
0.511772
0.604903
0.000675143
0.00108201
0.00155157
0.00195137
0.00226668
0.00250958
0.00269529
0.00283769
0.0029485
0.00303707
0.00311045
0.00317361
0.00322982
0.00328106
0.00332838
0.00337226
0.00341277
0.00344976
0.00348291
0.00351184
0.00353607
0.003555
0.00356847
0.00357631
0.00357808
0.0035722
0.00355731
0.00353203
0.00349408
0.00343992
0.00336502
0.00326341
0.00312771
0.00294909
0.00271756
0.00242232
0.00205282
0.00160354
0.0010966
0.000676203
)
;
    }
    frontAndBack
    {
        type            empty;
    }
}


// ************************************************************************* //
