/*--------------------------------*- C++ -*----------------------------------*\
| =========                 |                                                 |
| \\      /  F ield         | OpenFOAM: The Open Source CFD Toolbox           |
|  \\    /   O peration     | Version:  2412                                  |
|   \\  /    A nd           | Website:  www.openfoam.com                      |
|    \\/     M anipulation  |                                                 |
\*---------------------------------------------------------------------------*/
FoamFile
{
    version     2.0;
    format      ascii;
    arch        "LSB;label=32;scalar=64";
    class       volScalarField;
    location    "0.5";
    object      nut;
}
// * * * * * * * * * * * * * * * * * * * * * * * * * * * * * * * * * * * * * //

dimensions      [0 2 -1 0 0 0 0];

internalField   nonuniform List<scalar> 
1600
(
3.51221e-06
4.11421e-06
4.64669e-06
5.02291e-06
5.28682e-06
5.4756e-06
5.61325e-06
5.71562e-06
5.79366e-06
5.85511e-06
5.90539e-06
5.94817e-06
5.98583e-06
6.01982e-06
6.05094e-06
6.07958e-06
6.10585e-06
6.12972e-06
6.15105e-06
6.16962e-06
6.18518e-06
6.19741e-06
6.20613e-06
6.21128e-06
6.2126e-06
6.20911e-06
6.19982e-06
6.18387e-06
6.15967e-06
6.12484e-06
6.07628e-06
6.0097e-06
5.91943e-06
5.79781e-06
5.63443e-06
5.41438e-06
5.1152e-06
4.70217e-06
4.13431e-06
3.51442e-06
4.12006e-06
1.35889e-05
2.01928e-05
2.43181e-05
2.70547e-05
2.89289e-05
3.02171e-05
3.10885e-05
3.1662e-05
3.20268e-05
3.22512e-05
3.23867e-05
3.24708e-05
3.25295e-05
3.25801e-05
3.26336e-05
3.26969e-05
3.27743e-05
3.28682e-05
3.29801e-05
3.31098e-05
3.32556e-05
3.34109e-05
3.3561e-05
3.37127e-05
3.38651e-05
3.40014e-05
3.41145e-05
3.41741e-05
3.41428e-05
3.39738e-05
3.36068e-05
3.29653e-05
3.19531e-05
3.04446e-05
2.82627e-05
2.51344e-05
2.05753e-05
1.35039e-05
4.12962e-06
4.67206e-06
2.06138e-05
3.34125e-05
4.19163e-05
4.77843e-05
5.19448e-05
5.48992e-05
5.69736e-05
5.84027e-05
5.93672e-05
6.00081e-05
6.04339e-05
6.07254e-05
6.09396e-05
6.11154e-05
6.12778e-05
6.1442e-05
6.16171e-05
6.1808e-05
6.20168e-05
6.22429e-05
6.24832e-05
6.27305e-05
6.29733e-05
6.32079e-05
6.3417e-05
6.35605e-05
6.36202e-05
6.35246e-05
6.3198e-05
6.25433e-05
6.14403e-05
5.97455e-05
5.7281e-05
5.38177e-05
4.90403e-05
4.24612e-05
3.32407e-05
1.99612e-05
4.67312e-06
5.07003e-06
2.51757e-05
4.25875e-05
5.46742e-05
6.32382e-05
6.94062e-05
7.38601e-05
7.7043e-05
7.92782e-05
8.08198e-05
8.18678e-05
8.25789e-05
8.30723e-05
8.34327e-05
8.37186e-05
8.39687e-05
8.42071e-05
8.44481e-05
8.46994e-05
8.49642e-05
8.5242e-05
8.55289e-05
8.58166e-05
8.60916e-05
8.6338e-05
8.6525e-05
8.66063e-05
8.65292e-05
8.62006e-05
8.55112e-05
8.43242e-05
8.24738e-05
7.97612e-05
7.59491e-05
7.07411e-05
6.37372e-05
5.43411e-05
4.15166e-05
2.39146e-05
5.06049e-06
5.35568e-06
2.83246e-05
4.91604e-05
6.40475e-05
7.47966e-05
8.2661e-05
8.8415e-05
9.25816e-05
9.55489e-05
9.76208e-05
9.9044e-05
0.000100015
0.000100683
0.000101161
0.000101527
0.000101833
0.000102113
0.000102385
0.000102661
0.000102945
0.000103237
0.000103533
0.000103822
0.000104088
0.000104304
0.000104425
0.000104406
0.000104156
0.000103568
0.000102505
0.0001008
9.82539e-05
9.46342e-05
8.96648e-05
8.3007e-05
7.42117e-05
6.26245e-05
4.71229e-05
2.64603e-05
5.33621e-06
5.56503e-06
3.05525e-05
5.39727e-05
7.10645e-05
8.35854e-05
9.28556e-05
9.97093e-05
0.00010472
0.00010832
0.000110855
0.000112608
0.000113806
0.000114627
0.000115205
0.000115633
0.000115977
0.000116279
0.000116563
0.000116844
0.000117128
0.000117415
0.0001177
0.000117969
0.0001182
0.000118355
0.000118393
0.000118246
0.000117808
0.000116954
0.000115528
0.00011334
0.000110169
0.000105759
9.98115e-05
9.19641e-05
8.17411e-05
6.84554e-05
5.09817e-05
2.81173e-05
5.53791e-06
5.72154e-06
3.21308e-05
5.75139e-05
7.63338e-05
9.0278e-05
0.000100701
0.000108474
0.000114202
0.000118349
0.000121288
0.00012333
0.000124727
0.00012568
0.000126339
0.000126814
0.000127182
0.00012749
0.000127772
0.000128043
0.000128312
0.000128578
0.000128835
0.000129066
0.000129246
0.000129325
0.000129268
0.000128981
0.00012835
0.000127237
0.000125469
0.00012284
0.000119116
0.000114026
0.000107262
9.8449e-05
8.71004e-05
7.25118e-05
5.35809e-05
2.91519e-05
5.69027e-06
5.8409e-06
3.3233e-05
6.00999e-05
8.02631e-05
9.53374e-05
0.000106694
0.000115222
0.00012155
0.000126158
0.000129442
0.000131732
0.000133299
0.000134362
0.000135087
0.000135596
0.000135975
0.000136282
0.00013655
0.000136802
0.000137045
0.000137281
0.0001375
0.000137685
0.0001378
0.000137803
0.00013764
0.000137211
0.000136392
0.000135033
0.000132949
0.000129926
0.000125719
0.000120053
0.000112614
0.000103029
9.08083e-05
7.52236e-05
5.52355e-05
2.97251e-05
5.81001e-06
5.93411e-06
3.3981e-05
6.19587e-05
8.3153e-05
9.91118e-05
0.00011121
0.000120349
0.000127165
0.000132155
0.000135725
0.000138222
0.00013993
0.000141082
0.000141859
0.000142391
0.000142775
0.000143071
0.000143322
0.000143548
0.000143761
0.000143961
0.000144138
0.000144272
0.000144319
0.000144244
0.000143974
0.000143407
0.00014241
0.000140823
0.000138455
0.000135084
0.000130461
0.000124311
0.000116322
0.000106125
9.32374e-05
7.69092e-05
5.61724e-05
2.99494e-05
5.90913e-06
6.00928e-06
3.44665e-05
6.32675e-05
8.52409e-05
0.000101882
0.00011456
0.00012418
0.000131386
0.000136681
0.000140482
0.000143145
0.000144966
0.000146189
0.000147003
0.000147551
0.000147932
0.000148216
0.000148445
0.000148645
0.000148826
0.000148989
0.000149123
0.000149203
0.00014919
0.000149037
0.000148664
0.000147969
0.000146808
0.000145015
0.000142393
0.000138717
0.00013374
0.000127186
0.000118751
0.000108072
9.46813e-05
7.78114e-05
5.65547e-05
2.98998e-05
5.9963e-06
6.07234e-06
3.47615e-05
6.41645e-05
8.67225e-05
0.000103882
0.000117002
0.000126994
0.000134502
0.000140034
0.000144015
0.000146806
0.000148714
0.00014999
0.000150831
0.000151387
0.000151763
0.000152032
0.00015224
0.000152413
0.000152565
0.000152694
0.000152788
0.000152818
0.000152749
0.000152524
0.000152058
0.000151245
0.000149936
0.000147959
0.000145113
0.000141172
0.000135891
0.000128999
0.000120201
0.000109143
9.53704e-05
7.81063e-05
5.64959e-05
2.96301e-05
6.07819e-06
6.12769e-06
3.49217e-05
6.47629e-05
8.77574e-05
0.000105305
0.000118758
0.000129028
0.000136763
0.000142474
0.000146588
0.000149475
0.000151446
0.000152759
0.000153618
0.000154176
0.000154545
0.0001548
0.000154988
0.000155139
0.000155264
0.000155364
0.000155425
0.000155412
0.000155296
0.000155008
0.00015446
0.000153541
0.000152102
0.000149961
0.000146916
0.000142742
0.000137196
0.000130017
0.000120916
0.000109553
9.54824e-05
7.79364e-05
5.61181e-05
2.92013e-05
6.16047e-06
6.1785e-06
3.49897e-05
6.51523e-05
8.8474e-05
0.000106311
0.000120009
0.000130483
0.000138383
0.000144222
0.000148432
0.000151385
0.000153399
0.000154736
0.000155604
0.000156162
0.000156523
0.000156765
0.000156938
0.00015707
0.000157175
0.000157252
0.000157287
0.000157241
0.000157086
0.000156748
0.000156133
0.000155119
0.000153565
0.000151277
0.000148053
0.000143669
0.000137886
0.000130451
0.000121089
0.000109471
9.51649e-05
7.74305e-05
5.54855e-05
2.8636e-05
6.24704e-06
6.22699e-06
3.49968e-05
6.54013e-05
8.89724e-05
0.000107025
0.000120902
0.000131521
0.000139536
0.000145462
0.000149736
0.000152732
0.000154772
0.000156122
0.000156994
0.000157549
0.000157903
0.000158135
0.000158295
0.000158415
0.000158506
0.000158568
0.000158585
0.00015852
0.000158335
0.000157958
0.000157289
0.000156199
0.000154535
0.000152118
0.000148728
0.000144147
0.00013814
0.000130465
0.00012086
0.000109013
9.45107e-05
7.66224e-05
5.46141e-05
2.7938e-05
6.34103e-06
6.27468e-06
3.49655e-05
6.55603e-05
8.93281e-05
0.000107545
0.000121551
0.000132271
0.000140362
0.000146344
0.000150656
0.000153676
0.000155728
0.000157083
0.000157954
0.000158505
0.000158852
0.000159076
0.00015923
0.000159342
0.000159426
0.000159481
0.00015949
0.000159418
0.000159213
0.000158811
0.000158101
0.000156949
0.000155191
0.000152647
0.000149103
0.000144325
0.000138093
0.000130173
0.00012032
0.000108245
9.35576e-05
7.55341e-05
5.35144e-05
2.71128e-05
6.44552e-06
6.32259e-06
3.49111e-05
6.56648e-05
8.95956e-05
0.000107941
0.000122042
0.00013283
0.000140968
0.000146981
0.000151311
0.00015434
0.000156394
0.000157747
0.000158614
0.000159158
0.0001595
0.00015972
0.000159871
0.000159981
0.000160065
0.000160121
0.000160133
0.000160066
0.000159854
0.000159439
0.000158703
0.000157504
0.000155667
0.000152995
0.00014929
0.000144311
0.000137831
0.000129637
0.000119508
0.000107182
9.23003e-05
7.41485e-05
5.21731e-05
2.6158e-05
6.56343e-06
6.37141e-06
3.48434e-05
6.57391e-05
8.98131e-05
0.000108265
0.000122437
0.000133269
0.000141433
0.000147458
0.000151791
0.000154817
0.000156865
0.00015821
0.000159069
0.000159608
0.000159946
0.000160164
0.000160315
0.000160429
0.00016052
0.000160585
0.000160609
0.000160554
0.000160363
0.000159941
0.000159196
0.000157963
0.000156058
0.000153268
0.000149366
0.000144156
0.000137385
0.000128852
0.000118379
0.000105755
9.06686e-05
7.24236e-05
5.05552e-05
2.50696e-05
6.69754e-06
6.42161e-06
3.4769e-05
6.57996e-05
9.00068e-05
0.000108552
0.000122778
0.000133638
0.000141813
0.000147836
0.00015216
0.000155173
0.000157208
0.000158541
0.000159391
0.000159923
0.000160257
0.000160475
0.00016063
0.000160752
0.000160856
0.000160939
0.000160985
0.000160956
0.000160794
0.000160402
0.00015965
0.0001584
0.00015643
0.000153509
0.000149386
0.000143818
0.000136657
0.000127662
0.000116714
0.00010371
8.84277e-05
7.01575e-05
4.85839e-05
2.38466e-05
6.85012e-06
6.47357e-06
3.46918e-05
6.58568e-05
9.01941e-05
0.000108825
0.000123096
0.000133973
0.000142145
0.000148155
0.00015246
0.000155454
0.00015747
0.000158787
0.000159625
0.000160149
0.000160479
0.000160699
0.00016086
0.000160995
0.000161117
0.000161225
0.000161304
0.000161315
0.000161197
0.000160851
0.00016014
0.000158856
0.000156812
0.000153708
0.000149253
0.000143174
0.000135257
0.000125557
0.00011388
0.000100352
8.49514e-05
6.69584e-05
4.60917e-05
2.24942e-05
7.02175e-06
6.52759e-06
3.46147e-05
6.59183e-05
9.03874e-05
0.000109101
0.00012341
0.000134294
0.000142455
0.000148443
0.000152722
0.000155688
0.00015768
0.000158978
0.0001598
0.000160315
0.000160642
0.000160863
0.000161032
0.000161181
0.000161326
0.000161468
0.00016159
0.000161657
0.000161602
0.000161319
0.000160652
0.000159386
0.000157164
0.000153735
0.000148681
0.000141671
0.000132506
0.000121216
0.00010844
9.41339e-05
7.87767e-05
6.19848e-05
4.27043e-05
2.11253e-05
7.20938e-06
6.584e-06
3.45397e-05
6.59896e-05
9.05954e-05
0.000109392
0.000123734
0.000134619
0.000142759
0.000148717
0.000152961
0.000155894
0.000157856
0.000159129
0.000159933
0.000160436
0.000160758
0.00016098
0.000161157
0.000161323
0.000161495
0.000161676
0.000161854
0.00016199
0.000162017
0.000161813
0.000161185
0.000159848
0.000157406
0.000153296
0.000147026
0.000138259
0.000126789
0.00011288
9.78182e-05
8.27211e-05
6.78108e-05
5.35447e-05
3.77264e-05
1.98271e-05
7.39864e-06
6.64316e-06
3.4469e-05
6.60756e-05
9.08256e-05
0.000109706
0.000124077
0.000134955
0.000143067
0.000148985
0.000153186
0.000156078
0.000158004
0.000159247
0.000160029
0.000160517
0.00016083
0.000161052
0.000161236
0.000161419
0.000161621
0.000161847
0.000162088
0.000162309
0.00016243
0.000162303
0.000161671
0.000160126
0.000157081
0.000151802
0.000143373
0.000131381
0.000116263
9.86263e-05
8.03121e-05
6.49657e-05
5.14645e-05
4.06967e-05
3.04953e-05
1.83936e-05
7.55097e-06
6.70553e-06
3.44046e-05
6.61809e-05
9.10854e-05
0.000110049
0.000124444
0.000135307
0.000143381
0.000149249
0.000153397
0.000156239
0.000158122
0.000159329
0.000160083
0.000160551
0.000160851
0.000161068
0.000161257
0.000161456
0.000161688
0.000161963
0.000162276
0.000162588
0.000162803
0.000162722
0.000161972
0.000159934
0.000155715
0.000148247
0.000136595
0.000119809
0.000100064
7.8756e-05
5.87855e-05
4.45471e-05
3.46853e-05
2.73667e-05
2.22109e-05
1.61603e-05
7.60591e-06
6.7717e-06
3.43489e-05
6.63103e-05
9.13817e-05
0.000110425
0.000124839
0.000135676
0.000143698
0.000149504
0.000153587
0.000156368
0.000158197
0.000159359
0.000160077
0.000160518
0.0001608
0.000161007
0.000161196
0.000161408
0.000161669
0.000161994
0.000162379
0.00016278
0.000163069
0.000162954
0.000161876
0.000158898
0.000152722
0.000141961
0.000125788
0.000103952
8.00933e-05
5.74937e-05
3.946e-05
2.92903e-05
2.48345e-05
2.06782e-05
1.70955e-05
1.35209e-05
7.5992e-06
6.84242e-06
3.43048e-05
6.64699e-05
9.17181e-05
0.000110838
0.000125261
0.000136056
0.000144009
0.000149734
0.000153736
0.000156442
0.000158204
0.000159309
0.000159982
0.000160391
0.00016065
0.000160842
0.000161025
0.000161239
0.000161519
0.000161891
0.000162345
0.000162821
0.000163134
0.000162857
0.00016116
0.000156701
0.000147768
0.000132905
0.000111948
8.57162e-05
6.05785e-05
4.00054e-05
2.80071e-05
2.38056e-05
2.35879e-05
2.21311e-05
1.83738e-05
1.25628e-05
7.81557e-06
6.91867e-06
3.4275e-05
6.66646e-05
9.20976e-05
0.000111286
0.0001257
0.000136431
0.000144292
0.000149912
0.000153812
0.000156422
0.0001581
0.00015914
0.000159763
0.000160127
0.00016035
0.000160516
0.000160685
0.000160901
0.000161197
0.000161592
0.000162099
0.000162623
0.000162896
0.000162308
0.0001597
0.000153313
0.000141189
0.000122256
9.71861e-05
6.88286e-05
4.51833e-05
3.07266e-05
2.4789e-05
2.48079e-05
2.42211e-05
2.40808e-05
2.31233e-05
1.58689e-05
9.18891e-06
7.00169e-06
3.42622e-05
6.6898e-05
9.25194e-05
0.000111759
0.000126138
0.000136773
0.000144506
0.00014999
0.000153757
0.000156248
0.000157833
0.000158786
0.000159332
0.000159632
0.000159803
0.000159931
0.000160073
0.00016028
0.00016059
0.00016102
0.000161548
0.000162086
0.000162262
0.000161256
0.000157591
0.0001492
0.000134184
0.000112303
8.42552e-05
5.69186e-05
3.61112e-05
2.7115e-05
2.40631e-05
2.42374e-05
2.37205e-05
2.41284e-05
2.41316e-05
2.15992e-05
1.31651e-05
7.09302e-06
3.42676e-05
6.71695e-05
9.29743e-05
0.000112236
0.000126536
0.000137027
0.000144585
0.000149888
0.000153489
0.000155843
0.000157291
0.000158123
0.000158566
0.000158787
0.000158893
0.000158967
0.000159068
0.000159249
0.000159555
0.00016001
0.000160584
0.000161097
0.000161153
0.000159748
0.000155169
0.000145246
0.000128397
0.000105114
7.61662e-05
5.07861e-05
3.28127e-05
2.52061e-05
2.28067e-05
2.19782e-05
2.16858e-05
2.31585e-05
2.41814e-05
2.35781e-05
1.85674e-05
7.19456e-06
3.429e-05
6.74714e-05
9.34387e-05
0.000112672
0.000126829
0.000137106
0.000144421
0.00014949
0.000152889
0.000155036
0.000156301
0.000156981
0.0001573
0.00015742
0.000157443
0.000157444
0.000157488
0.000157628
0.000157912
0.000158373
0.000158981
0.000159547
0.000159507
0.000157854
0.000152832
0.000142336
0.000125196
0.000101974
7.41338e-05
4.92796e-05
3.09874e-05
2.35004e-05
2.19829e-05
2.17035e-05
2.2043e-05
2.25473e-05
2.37117e-05
2.37036e-05
2.28817e-05
7.30857e-06
3.43236e-05
6.7783e-05
9.38636e-05
0.000112992
0.000126899
0.000136862
0.00014385
0.000148627
0.000151716
0.00015359
0.000154623
0.00015511
0.000155274
0.000155263
0.000155173
0.000155081
0.000155047
0.000155129
0.000155378
0.000155832
0.000156476
0.00015712
0.000157234
0.00015566
0.000150743
0.000140792
0.000124831
0.000102917
7.5929e-05
5.0552e-05
3.22892e-05
2.32084e-05
2.26031e-05
2.38637e-05
2.68081e-05
2.59965e-05
2.30907e-05
2.3766e-05
2.53278e-05
7.43767e-06
3.43552e-05
6.80641e-05
9.41648e-05
0.000113056
0.00012656
0.000136074
0.000142636
0.000146958
0.000149635
0.000151154
0.000151888
0.000152136
0.0001521
0.00015191
0.000151671
0.000151453
0.000151315
0.000151316
0.000151514
0.000151953
0.000152635
0.000153413
0.000153803
0.000152829
0.000148921
0.000140317
0.000125919
0.000105948
8.15396e-05
5.76161e-05
3.81255e-05
2.62444e-05
2.34046e-05
2.59485e-05
3.08931e-05
3.1731e-05
2.52219e-05
2.36282e-05
2.66657e-05
7.58483e-06
3.43606e-05
6.82414e-05
9.41919e-05
0.000112624
0.000125502
0.000134405
0.000140293
0.000143989
0.000146128
0.000147184
0.00014754
0.000147481
0.000147173
0.000146751
0.000146311
0.000145926
0.000145645
0.000145532
0.000145649
0.000146054
0.00014677
0.000147702
0.000148485
0.000148286
0.000145768
0.000139338
0.000127947
0.00011148
9.04158e-05
6.76431e-05
4.76801e-05
3.28047e-05
2.77279e-05
2.93323e-05
3.355e-05
3.64745e-05
2.90305e-05
2.46905e-05
2.75575e-05
7.75317e-06
3.42999e-05
6.81837e-05
9.36696e-05
0.000111258
0.000123246
0.000131127
0.000136054
0.000138925
0.000140352
0.000140816
0.000140699
0.000140228
0.000139569
0.000138845
0.000138142
0.000137531
0.000137052
0.000136771
0.000136754
0.000137075
0.000137788
0.000138866
0.000140077
0.000140806
0.000139969
0.000136377
0.000128767
0.000116519
9.98684e-05
7.98175e-05
6.27698e-05
4.67642e-05
3.74385e-05
3.82895e-05
4.21806e-05
4.08274e-05
3.06189e-05
2.58944e-05
2.81628e-05
7.94759e-06
3.41013e-05
6.76311e-05
9.20344e-05
0.000108239
0.000118634
0.000125001
0.00012864
0.000130406
0.000130913
0.00013064
0.000129913
0.000128926
0.000127832
0.000126734
0.000125705
0.000124798
0.000124053
0.00012353
0.000123296
0.000123435
0.000124036
0.000125147
0.000126693
0.000128322
0.000129272
0.000128296
0.000124704
0.000117731
0.000106418
9.10674e-05
7.63146e-05
6.42644e-05
5.33623e-05
5.08786e-05
5.0808e-05
4.35161e-05
3.07357e-05
2.7578e-05
2.86476e-05
8.16546e-06
3.36494e-05
6.593e-05
8.808e-05
0.000101693
0.000109595
0.00011384
0.000115727
0.000116073
0.000115465
0.000114326
0.000112897
0.000111341
0.000109779
0.000108289
0.000106915
0.000105688
0.000104644
0.000103827
0.000103297
0.000103135
0.000103445
0.000104335
0.000105869
0.000107969
0.000110276
0.000111995
0.000111867
0.000108982
0.000103611
9.49614e-05
8.41867e-05
7.4917e-05
6.51571e-05
5.83053e-05
5.35122e-05
4.25183e-05
2.94115e-05
2.84427e-05
2.91051e-05
8.44748e-06
3.24593e-05
6.13516e-05
7.87847e-05
8.79231e-05
9.2178e-05
9.36093e-05
9.33973e-05
9.22326e-05
9.05674e-05
8.86802e-05
8.67291e-05
8.48111e-05
8.30076e-05
8.13653e-05
7.98758e-05
7.85503e-05
7.74058e-05
7.64668e-05
7.57707e-05
7.53729e-05
7.53525e-05
7.58119e-05
7.68654e-05
7.86008e-05
8.10037e-05
8.38337e-05
8.64651e-05
8.79598e-05
8.72031e-05
8.36242e-05
7.73502e-05
7.15269e-05
6.38009e-05
5.55404e-05
4.84873e-05
3.67213e-05
2.68579e-05
2.98392e-05
2.96588e-05
8.67255e-06
2.93827e-05
4.9234e-05
5.78377e-05
6.07092e-05
6.09598e-05
5.9996e-05
5.85035e-05
5.68299e-05
5.51582e-05
5.35748e-05
5.21169e-05
5.07918e-05
4.95509e-05
4.83664e-05
4.73162e-05
4.64085e-05
4.56444e-05
4.50276e-05
4.45682e-05
4.42858e-05
4.42129e-05
4.43996e-05
4.49158e-05
4.58479e-05
4.72843e-05
4.92697e-05
5.17268e-05
5.43398e-05
5.6453e-05
5.72555e-05
5.55382e-05
5.3081e-05
4.84437e-05
4.18123e-05
3.60417e-05
2.88138e-05
2.52597e-05
2.97422e-05
3.03553e-05
9.34442e-06
1.96699e-05
2.46779e-05
2.55512e-05
2.54109e-05
2.49098e-05
2.43372e-05
2.38079e-05
2.33654e-05
2.30264e-05
2.27857e-05
2.26378e-05
2.25754e-05
2.25967e-05
2.27017e-05
2.28756e-05
2.31143e-05
2.34136e-05
2.37693e-05
2.4178e-05
2.46373e-05
2.51466e-05
2.57071e-05
2.63238e-05
2.70062e-05
2.77702e-05
2.86373e-05
2.96262e-05
3.07303e-05
3.18742e-05
3.28862e-05
3.33851e-05
3.31498e-05
3.23931e-05
3.11685e-05
2.91966e-05
2.70148e-05
2.71761e-05
3.08082e-05
3.13219e-05
1.1518e-05
1.02688e-05
1.16968e-05
1.26818e-05
1.34396e-05
1.41295e-05
1.47924e-05
1.54265e-05
1.60368e-05
1.66375e-05
1.7238e-05
1.78447e-05
1.84611e-05
1.90904e-05
1.97368e-05
2.03984e-05
2.10735e-05
2.176e-05
2.24556e-05
2.31573e-05
2.38617e-05
2.45648e-05
2.52619e-05
2.59458e-05
2.66115e-05
2.72494e-05
2.78529e-05
2.84175e-05
2.89266e-05
2.94025e-05
2.98106e-05
3.01953e-05
3.04934e-05
3.07156e-05
3.08985e-05
3.09157e-05
3.07819e-05
3.17175e-05
3.09932e-05
3.28013e-05
2.63809e-05
3.2435e-05
3.56062e-05
3.67906e-05
3.7253e-05
3.74477e-05
3.7489e-05
3.74641e-05
3.73969e-05
3.72877e-05
3.71636e-05
3.70314e-05
3.68953e-05
3.67579e-05
3.66208e-05
3.64852e-05
3.63515e-05
3.622e-05
3.60909e-05
3.59641e-05
3.58394e-05
3.57166e-05
3.55952e-05
3.54748e-05
3.53545e-05
3.52339e-05
3.51124e-05
3.49897e-05
3.48653e-05
3.47409e-05
3.46177e-05
3.45028e-05
3.44014e-05
3.43297e-05
3.42943e-05
3.42997e-05
3.4358e-05
3.44899e-05
3.53612e-05
3.46854e-05
)
;

boundaryField
{
    movingWall
    {
        type            nutkWallFunction;
        blending        stepwise;
        value           uniform 0;
    }
    fixedWalls
    {
        type            nutkWallFunction;
        blending        stepwise;
        value           uniform 0;
    }
    frontAndBack
    {
        type            empty;
    }
}


// ************************************************************************* //
