/*--------------------------------*- C++ -*----------------------------------*\
| =========                 |                                                 |
| \\      /  F ield         | OpenFOAM: The Open Source CFD Toolbox           |
|  \\    /   O peration     | Version:  2412                                  |
|   \\  /    A nd           | Website:  www.openfoam.com                      |
|    \\/     M anipulation  |                                                 |
\*---------------------------------------------------------------------------*/
FoamFile
{
    version     2.0;
    format      ascii;
    arch        "LSB;label=32;scalar=64";
    class       volScalarField;
    location    "0.5";
    object      p;
}
// * * * * * * * * * * * * * * * * * * * * * * * * * * * * * * * * * * * * * //

dimensions      [0 2 -2 0 0 0 0];

internalField   nonuniform List<scalar> 
1600
(
3.27059e-08
-3.18221e-06
-5.51476e-06
-5.85839e-06
-3.06628e-06
3.47479e-06
1.40734e-05
2.88585e-05
4.7856e-05
7.10332e-05
9.83265e-05
0.000129657
0.000164936
0.000204071
0.000246956
0.000293473
0.000343482
0.000396811
0.000453252
0.000512546
0.00057437
0.000638316
0.000704003
0.000770939
0.000838401
0.000905752
0.000972226
0.00103698
0.00109911
0.00115767
0.00121167
0.00126018
0.0013023
0.00133722
0.00136436
0.00138344
0.00139464
0.00139884
0.0013979
0.00139401
3.22041e-06
-8.77889e-09
-1.48561e-06
-4.997e-07
3.52894e-06
1.09889e-05
2.21658e-05
3.7231e-05
5.62645e-05
7.92856e-05
0.000106274
0.000137184
0.000171953
0.000210503
0.00025274
0.000298552
0.000347801
0.000400318
0.000455891
0.000514263
0.000575112
0.000638065
0.000702717
0.000768481
0.00083479
0.00090097
0.000966269
0.00102987
0.0010909
0.00114846
0.00120164
0.00124956
0.00129139
0.00132647
0.0013543
0.00137465
0.00138766
0.00139379
0.00139406
0.00139018
5.55098e-06
1.3347e-06
-2.52506e-07
1.661e-06
6.93834e-06
1.54949e-05
2.74779e-05
4.30487e-05
6.23158e-05
8.53386e-05
0.000112138
0.000142707
0.000177013
0.000215002
0.000256602
0.000301713
0.000350211
0.000401935
0.000456681
0.000514199
0.000574178
0.000636254
0.000700002
0.000764884
0.00083032
0.000895654
0.000960156
0.00102304
0.00108347
0.00114059
0.00119355
0.00124153
0.00128381
0.00131978
0.00134898
0.00137117
0.00138622
0.00139387
0.00139414
0.00138907
5.75278e-06
-3.31758e-08
-2.8976e-06
-1.19793e-06
4.53394e-06
1.37335e-05
2.63188e-05
4.23585e-05
6.19284e-05
8.50858e-05
0.000111867
0.000142286
0.000176338
0.000213995
0.000255207
0.000299901
0.000347969
0.000399269
0.000453615
0.000510772
0.000570445
0.000632279
0.000695851
0.000760653
0.000826107
0.000891568
0.000956319
0.00101958
0.00108055
0.00113838
0.00119224
0.00124132
0.00128491
0.00132236
0.00135316
0.00137692
0.00139313
0.00140082
0.00139952
0.00139241
2.50914e-06
-4.86413e-06
-9.4702e-06
-8.75371e-06
-3.30901e-06
5.96306e-06
1.87645e-05
3.50464e-05
5.48195e-05
7.811e-05
0.000104946
0.000135348
0.000169327
0.000206876
0.000247972
0.000292564
0.000340573
0.000391881
0.000446326
0.000503693
0.000563709
0.000626033
0.000690255
0.000755879
0.000822337
0.000888983
0.000955096
0.00101989
0.00108255
0.00114219
0.00119796
0.00124901
0.00129455
0.00133384
0.00136624
0.00139115
0.00140771
0.00141446
0.00141097
0.00140172
-4.91598e-06
-1.36492e-05
-1.99633e-05
-2.05186e-05
-1.57824e-05
-6.84328e-06
5.84202e-06
2.21217e-05
4.19399e-05
6.52833e-05
9.21613e-05
0.000122593
0.000156597
0.000194186
0.00023536
0.000280096
0.000328343
0.000380014
0.000434977
0.000493043
0.000553965
0.000617423
0.000683019
0.000750272
0.000818613
0.000887388
0.000955856
0.0010232
0.00108855
0.00115098
0.00120955
0.00126331
0.00131136
0.00135282
0.00138688
0.00141275
0.00142929
0.00143478
0.00142907
0.00141784
-1.68829e-05
-2.67156e-05
-3.45483e-05
-3.6428e-05
-3.26098e-05
-2.42626e-05
-1.19433e-05
4.1216e-06
2.38217e-05
4.71078e-05
7.39699e-05
0.000104422
0.00013849
0.000176203
0.000217585
0.000262643
0.000311359
0.000363681
0.000419512
0.000478698
0.00054102
0.000606186
0.000673817
0.00074344
0.000814485
0.000886279
0.000958049
0.00102893
0.00109796
0.00116412
0.00122636
0.00128359
0.00133474
0.00137878
0.00141471
0.00144154
0.00145797
0.00146212
0.00145429
0.00144125
-3.35204e-05
-4.42306e-05
-5.33797e-05
-5.65461e-05
-5.37437e-05
-4.61533e-05
-3.43858e-05
-1.87145e-05
7.12331e-07
2.3818e-05
5.05776e-05
8.10017e-05
0.000115124
0.000152993
0.000194656
0.000240155
0.00028951
0.000342709
0.000399697
0.000460363
0.000524525
0.000591923
0.000662202
0.000734903
0.000809449
0.000885144
0.000961167
0.00103657
0.00111031
0.00118122
0.00124807
0.00130961
0.00136456
0.00141168
0.00144981
0.00147777
0.00149411
0.00149693
0.00148704
0.00147226
-5.48211e-05
-6.62401e-05
-7.65346e-05
-8.09218e-05
-7.91754e-05
-7.24493e-05
-6.13757e-05
-4.62516e-05
-2.7247e-05
-4.45527e-06
2.20903e-05
5.24017e-05
8.65243e-05
0.000124526
0.000166486
0.000212483
0.00026258
0.000316815
0.000375183
0.000437624
0.000504004
0.000574105
0.000647604
0.00072406
0.000802892
0.000883377
0.000964635
0.00104563
0.00112516
0.00120192
0.00127445
0.00134126
0.00140084
0.0014517
0.00149246
0.00152178
0.00153813
0.00153961
0.00152763
0.00151106
-8.06962e-05
-9.27126e-05
-0.000104023
-0.000109568
-0.000108893
-0.000103108
-9.28437e-05
-7.84049e-05
-5.99695e-05
-3.76373e-05
-1.14421e-05
1.8635e-05
5.26555e-05
9.07131e-05
0.000132922
0.000179404
0.000230274
0.000285627
0.000345519
0.000409953
0.000478857
0.000552068
0.000629308
0.000710161
0.000794054
0.000880235
0.00096776
0.00105548
0.00114203
0.00122587
0.00130531
0.00137854
0.00144374
0.00149912
0.00154306
0.00157406
0.00159049
0.00159056
0.00157632
0.00155782
-0.000111012
-0.000123564
-0.000135808
-0.000142463
-0.000142872
-0.000138091
-0.000128741
-0.000115121
-9.74059e-05
-7.56939e-05
-5.00125e-05
-2.03298e-05
1.34371e-05
5.1413e-05
9.3753e-05
0.00014063
0.00019222
0.000248683
0.000310153
0.000376707
0.000448352
0.000525
0.000606435
0.000692286
0.000781999
0.000874802
0.000969684
0.00106537
0.0011603
0.00125267
0.00134046
0.00142147
0.00149349
0.00155435
0.00160214
0.00163515
0.00165171
0.00165017
0.00163336
0.00161266
-0.000145614
-0.000158677
-0.000171811
-0.000179556
-0.000181069
-0.000177358
-0.000169026
-0.00015636
-0.000139528
-0.000118617
-9.3644e-05
-6.45579e-05
-3.12494e-05
6.44244e-06
4.87202e-05
9.58154e-05
0.000147974
0.000205438
0.000268427
0.000337117
0.000411613
0.000491923
0.000577921
0.000669309
0.000765568
0.000865931
0.000969326
0.00107434
0.0011792
0.00128178
0.00137963
0.00147009
0.0015504
0.00161791
0.00167032
0.0017057
0.00172232
0.00171878
0.00169889
0.0016756
-0.000184338
-0.000197908
-0.000211928
-0.000220767
-0.00022342
-0.000220852
-0.000213649
-0.000202085
-0.000186314
-0.000166412
-0.000142376
-0.000114135
-8.15486e-05
-4.4414e-05
-2.4753e-06
4.45651e-05
9.7033e-05
0.000155265
0.000219587
0.000290291
0.000367608
0.000451673
0.000542483
0.000639847
0.000743325
0.000852179
0.000965301
0.00108115
0.00119771
0.00131246
0.00142246
0.0015244
0.00161483
0.00169045
0.0017484
0.00178647
0.00180292
0.00179672
0.00177298
0.00174654
-0.000227008
-0.000241103
-0.000256029
-0.000265992
-0.00026984
-0.000268502
-0.000262554
-0.000252255
-0.000237745
-0.000219084
-0.000196253
-0.000169156
-0.000137618
-0.00010139
-6.01597e-05
-1.35548e-05
3.884e-05
9.74677e-05
0.00016278
0.000235211
0.000315145
0.000402882
0.000498586
0.000602223
0.000713486
0.000831722
0.00095582
0.00108414
0.0012144
0.00134367
0.00146834
0.00158432
0.0016872
0.00177275
0.00183734
0.00187837
0.00189415
0.00188424
0.00185549
0.00182513
-0.000273443
-0.000288094
-0.000303969
-0.00031511
-0.000320224
-0.000320222
-0.00031567
-0.000306816
-0.000293788
-0.000276633
-0.000255315
-0.000229711
-0.000199612
-0.000164724
-0.00012467
-7.89996e-05
-2.72002e-05
3.12916e-05
9.70691e-05
0.000170734
0.000252862
0.00034396
0.000444412
0.000554407
0.000673846
0.00080224
0.000938552
0.00108108
0.00122733
0.00137387
0.00151634
0.00164957
0.00176791
0.00186576
0.00193837
0.00198253
0.00199668
0.00198137
0.00194594
0.00191061
-0.000323454
-0.000338703
-0.000355588
-0.000367979
-0.000374452
-0.000375905
-0.000372905
-0.000365694
-0.000354393
-0.000339038
-0.000319579
-0.00029587
-0.000267669
-0.000234635
-0.000196331
-0.000152224
-0.000101696
-4.40558e-05
2.14502e-05
9.56136e-05
0.000179236
0.000273085
0.000377829
0.000493961
0.000621695
0.000760793
0.00091044
0.00106898
0.00123372
0.00140077
0.00156489
0.00171954
0.0018573
0.00197063
0.00205304
0.00210032
0.00211117
0.00208783
0.00204321
0.00200143
-0.000376844
-0.00039274
-0.000410711
-0.000424441
-0.00043238
-0.000435423
-0.000434144
-0.00042879
-0.000419481
-0.000406247
-0.00038903
-0.000367666
-0.000341886
-0.000311307
-0.000275432
-0.00023365
-0.000185239
-0.000129369
-6.51166e-05
8.52128e-06
9.26052e-05
0.000188213
0.000296376
0.000417987
0.00055368
0.000703652
0.000867479
0.00104372
0.00122965
0.00142096
0.00161144
0.00179291
0.0019555
0.00208874
0.00218337
0.0022335
0.00223825
0.00220268
0.00214513
0.00209487
-0.000433406
-0.000450004
-0.00046915
-0.000484323
-0.000493845
-0.000498621
-0.000499245
-0.000495973
-0.000488933
-0.000478162
-0.000463599
-0.000445074
-0.000422296
-0.000394851
-0.000362192
-0.000323635
-0.000278357
-0.000225397
-0.000163656
-9.19035e-05
-8.7939e-06
8.71052e-05
0.000197261
0.000323083
0.000465785
0.000626191
0.000804413
0.000999726
0.00120953
0.0014293
0.00165188
0.00186718
0.00206212
0.00222176
0.00233214
0.0023842
0.00237806
0.0023237
0.0022477
0.00218619
-0.000492921
-0.000510285
-0.000530703
-0.000547433
-0.000558664
-0.000565321
-0.000568028
-0.000567066
-0.00056258
-0.000554625
-0.000543149
-0.000527987
-0.000508841
-0.000485279
-0.000456718
-0.000422415
-0.000381465
-0.000332784
-0.000275107
-0.000206978
-0.000126751
-3.26079e-05
7.74142e-05
0.00020535
0.000353167
0.000522507
0.000714315
0.000929407
0.0011654
0.00141811
0.00167971
0.0019379
0.00217576
0.00237175
0.0025031
0.00255507
0.00252975
0.00244601
0.00234347
0.00226758
-0.000555161
-0.00057336
-0.000595158
-0.000613565
-0.000626632
-0.000635315
-0.000640281
-0.000641847
-0.000640193
-0.000635404
-0.000627453
-0.000616194
-0.000601343
-0.000582464
-0.000558962
-0.000530061
-0.000494795
-0.000451987
-0.000400232
-0.000337869
-0.000262966
-0.00017331
-6.64074e-05
6.04792e-05
0.000210219
0.000385709
0.000589631
0.000822864
0.00108607
0.00137598
0.00168482
0.00199818
0.00229438
0.00254217
0.00270396
0.00275204
0.00269112
0.00255906
0.00241809
0.00232569
-0.000619887
-0.000639001
-0.000662299
-0.000682508
-0.000697531
-0.000708369
-0.000715749
-0.000720042
-0.000721475
-0.000720181
-0.000716179
-0.000709359
-0.00069947
-0.000686102
-0.000668673
-0.000646408
-0.00061832
-0.000583183
-0.000539498
-0.000485452
-0.000418879
-0.00033721
-0.000237437
-0.000116114
3.06156e-05
0.000207098
0.000417806
0.000666571
0.000956147
0.00128645
0.00165202
0.00203761
0.00241569
0.00274137
0.00295109
0.00298992
0.00286243
0.00264642
0.00244788
0.00233836
-0.000686861
-0.000706984
-0.000731912
-0.000754046
-0.00077113
-0.000784226
-0.000794142
-0.000801318
-0.000806052
-0.000808543
-0.000808873
-0.000806996
-0.000802716
-0.000795678
-0.00078535
-0.000771
-0.000751673
-0.000726157
-0.000692935
-0.000650133
-0.000595446
-0.000526056
-0.000438556
-0.000328898
-0.000192179
-2.24931e-05
0.000186975
0.000443701
0.000754937
0.00112624
0.00155834
0.00203828
0.00253263
0.00297555
0.00326077
0.00328475
0.00304567
0.00269022
0.00239717
0.00226834
-0.000755853
-0.000777096
-0.000803797
-0.000827974
-0.000847196
-0.000862612
-0.000875131
-0.000885288
-0.000893473
-0.000899971
-0.000904953
-0.000908456
-0.000910372
-0.000910432
-0.000908195
-0.000903025
-0.000894063
-0.000880193
-0.000859987
-0.000831636
-0.000792858
-0.000740783
-0.000671847
-0.000581626
-0.000464375
-0.000312738
-0.00011735
0.000133745
0.000454999
0.000861166
0.00136464
0.00195873
0.00260693
0.00321321
0.00360456
0.00359875
0.00318657
0.00261938
0.00219249
0.00204272
-0.000826658
-0.000849156
-0.000877788
-0.000904114
-0.000925512
-0.000943246
-0.000958362
-0.000971513
-0.000983205
-0.000993839
-0.00100369
-0.00101292
-0.00102151
-0.00102934
-0.00103608
-0.00104127
-0.0010442
-0.00104396
-0.00103935
-0.00102878
-0.00101022
-0.000981055
-0.000937935
-0.000876517
-0.000790787
-0.000672423
-0.000509792
-0.000286415
2.07047e-05
0.000440074
0.000993855
0.00169115
0.00249936
0.0032839
0.00378668
0.00374683
0.00312992
0.00229161
0.00172155
0.00156738
-0.000899122
-0.000923039
-0.000953776
-0.000982335
-0.00100589
-0.00102585
-0.00104345
-0.0010595
-0.00107464
-0.00108942
-0.00110424
-0.00111938
-0.001135
-0.00115109
-0.00116754
-0.00118407
-0.00120025
-0.00121545
-0.00122883
-0.00123926
-0.00124524
-0.00124476
-0.00123524
-0.00121315
-0.00117321
-0.00110729
-0.00100296
-0.000840927
-0.000591758
-0.000218318
0.000302557
0.000972483
0.0017829
0.00256871
0.00310645
0.00318256
0.00263888
0.00169976
0.00108414
0.000862797
-0.000973173
-0.000998712
-0.00103174
-0.00106258
-0.00108818
-0.00111017
-0.00113002
-0.00114872
-0.0011671
-0.00118587
-0.00120558
-0.00122668
-0.00124946
-0.00127413
-0.00130077
-0.00132937
-0.00135982
-0.00139191
-0.0014253
-0.00145953
-0.00149392
-0.00152754
-0.00155918
-0.00158712
-0.00160826
-0.00161681
-0.00160286
-0.00154934
-0.0014263
-0.00120404
-0.000912845
-0.000639948
-0.000450705
-0.000244757
0.000136255
0.000693039
0.00104751
0.000904198
0.00051938
0.000222875
-0.00104887
-0.00107628
-0.00111181
-0.00114491
-0.00117231
-0.00119597
-0.00121765
-0.00123859
-0.00125984
-0.00128227
-0.00130662
-0.0013335
-0.00136337
-0.00139665
-0.00143366
-0.00147469
-0.00152003
-0.00156993
-0.00162473
-0.00168477
-0.00175051
-0.00182254
-0.00190162
-0.00198886
-0.00208518
-0.00219026
-0.002302
-0.00241479
-0.00251331
-0.00261267
-0.00288927
-0.00368242
-0.00502086
-0.00623686
-0.00645025
-0.0052591
-0.00308584
-0.000879897
0.000158164
3.82947e-05
-0.00112647
-0.00115605
-0.00119427
-0.00122952
-0.00125832
-0.00128308
-0.00130596
-0.00132852
-0.00135204
-0.00137761
-0.00140614
-0.0014384
-0.00147504
-0.00151668
-0.0015639
-0.00161731
-0.00167759
-0.00174557
-0.00182228
-0.00190905
-0.00200765
-0.00212046
-0.00225084
-0.00240357
-0.00258504
-0.00280316
-0.00306905
-0.00339922
-0.00381496
-0.00441567
-0.00558234
-0.00794606
-0.0114255
-0.0145157
-0.0157701
-0.0143266
-0.0104392
-0.00489789
-0.000525728
8.37824e-05
-0.00120653
-0.00123862
-0.00127969
-0.0013168
-0.00134633
-0.00137134
-0.00139453
-0.00141784
-0.00144282
-0.0014708
-0.00150283
-0.00153985
-0.00158269
-0.00163214
-0.00168903
-0.00175428
-0.00182899
-0.00191454
-0.00201269
-0.00212576
-0.00225686
-0.00241031
-0.00259226
-0.00281127
-0.00307949
-0.00341424
-0.0038417
-0.00440404
-0.00517115
-0.00632688
-0.00840514
-0.0122091
-0.0175035
-0.022086
-0.0239399
-0.0225684
-0.0183418
-0.0110281
-0.00289478
-0.000371671
-0.00129005
-0.00132503
-0.00136898
-0.00140737
-0.00143658
-0.00146062
-0.00148291
-0.00150582
-0.00153124
-0.00156067
-0.00159533
-0.00163629
-0.0016845
-0.00174091
-0.00180658
-0.0018827
-0.00197071
-0.00207253
-0.00219059
-0.00232809
-0.00248942
-0.00268057
-0.00291004
-0.00318984
-0.00353694
-0.00397586
-0.00454377
-0.00530175
-0.00635512
-0.00792566
-0.010544
-0.0149578
-0.0208554
-0.0257545
-0.0276561
-0.0263747
-0.0228623
-0.0165794
-0.00729113
-0.00199323
-0.00137868
-0.00141689
-0.00146351
-0.00150212
-0.0015294
-0.00155077
-0.00157054
-0.00159162
-0.00161619
-0.00164594
-0.0016822
-0.0017261
-0.00177866
-0.00184095
-0.00191421
-0.00199978
-0.00209943
-0.00221549
-0.00235095
-0.00250976
-0.00269723
-0.00292064
-0.00319012
-0.00351988
-0.0039298
-0.00444788
-0.00511536
-0.00599819
-0.0072089
-0.00894987
-0.0116128
-0.0156663
-0.021139
-0.025722
-0.027336
-0.0260462
-0.02332
-0.019032
-0.0118063
-0.00445077
-0.00147511
-0.00151673
-0.00156523
-0.00160219
-0.00162513
-0.00164145
-0.00165663
-0.00167412
-0.00169637
-0.00172519
-0.00176192
-0.00180765
-0.00186344
-0.0019304
-0.00200973
-0.00210297
-0.00221216
-0.00233987
-0.00248946
-0.00266539
-0.0028736
-0.00312213
-0.00342191
-0.00378799
-0.00424096
-0.00480891
-0.00553094
-0.00646554
-0.00770621
-0.00939704
-0.0118055
-0.0151985
-0.0194156
-0.0229323
-0.0243178
-0.0234027
-0.0213858
-0.0184341
-0.0144757
-0.00673405
-0.00158355
-0.00162834
-0.00167676
-0.00170885
-0.00172384
-0.00173192
-0.00173992
-0.0017518
-0.00177016
-0.00179675
-0.00183278
-0.00187923
-0.00193708
-0.00200733
-0.00209111
-0.0021901
-0.00230642
-0.00244274
-0.00260262
-0.00279078
-0.00301345
-0.00327899
-0.0035985
-0.00398677
-0.00446351
-0.00505412
-0.00579107
-0.0067188
-0.00789944
-0.00941934
-0.0113959
-0.0139242
-0.016833
-0.0192621
-0.0203174
-0.0197651
-0.0183682
-0.0159744
-0.0151207
-0.00802662
-0.00171066
-0.00175727
-0.00180146
-0.00182329
-0.00182504
-0.00182071
-0.00181847
-0.00182257
-0.00183546
-0.00185856
-0.00189282
-0.00193903
-0.00199781
-0.00206995
-0.00215657
-0.00225924
-0.00238004
-0.00252164
-0.00268762
-0.00288266
-0.00311301
-0.00338694
-0.00371533
-0.00411216
-0.00459538
-0.00518686
-0.00591206
-0.00680035
-0.00788609
-0.00920717
-0.0107901
-0.0126199
-0.0145401
-0.0160921
-0.0167243
-0.0162257
-0.0150856
-0.0129608
-0.0135548
-0.00744883
-0.00186838
-0.00191243
-0.00194415
-0.00194655
-0.00192727
-0.00190511
-0.00188911
-0.00188311
-0.00188897
-0.00190758
-0.00193933
-0.00198438
-0.00204299
-0.00211574
-0.00220357
-0.00230786
-0.00243051
-0.00257405
-0.00274184
-0.00293836
-0.00316951
-0.00344314
-0.00376959
-0.00416158
-0.00463598
-0.00521132
-0.00590772
-0.00674457
-0.00773829
-0.00889577
-0.0101991
-0.0115801
-0.0128803
-0.0138046
-0.0140144
-0.0133503
-0.0121665
-0.00995537
-0.0103255
-0.00410951
-0.0020723
-0.00210366
-0.0021072
-0.00207479
-0.00202328
-0.00197653
-0.0019429
-0.00192475
-0.0019227
-0.00193653
-0.00196561
-0.0020093
-0.00206731
-0.00213985
-0.00222768
-0.00233195
-0.00245429
-0.00259697
-0.00276304
-0.00295652
-0.00318269
-0.00344866
-0.00376379
-0.00413993
-0.00459195
-0.00513697
-0.00579263
-0.00657389
-0.00748778
-0.00852495
-0.00964589
-0.0107591
-0.011702
-0.0122294
-0.012103
-0.0112092
-0.00985418
-0.00730942
-0.00687146
0.00030945
-0.00239038
-0.00236931
-0.00229567
-0.00219416
-0.00209262
-0.00201319
-0.00195911
-0.00192894
-0.00192061
-0.00193164
-0.00195986
-0.0020037
-0.00206232
-0.00213557
-0.00222388
-0.00232815
-0.00244984
-0.00259102
-0.00275442
-0.0029436
-0.00316323
-0.00341942
-0.00372008
-0.00407577
-0.00449981
-0.00500823
-0.00561783
-0.00634261
-0.00718745
-0.00813715
-0.00914327
-0.0101036
-0.0108471
-0.0111457
-0.0107734
-0.00954272
-0.00768284
-0.00424275
-0.00378623
0.00136402
-0.00265642
-0.00244141
-0.00225215
-0.00214153
-0.00204506
-0.00196657
-0.0019129
-0.00188317
-0.0018765
-0.00189024
-0.00192133
-0.00196779
-0.00202872
-0.00210391
-0.00219361
-0.00229863
-0.00242045
-0.00256106
-0.00272295
-0.00290944
-0.0031248
-0.00337453
-0.00366577
-0.00400789
-0.00441305
-0.00489564
-0.00547049
-0.00615042
-0.00694035
-0.00782521
-0.00875383
-0.00961682
-0.0102382
-0.0103721
-0.00971783
-0.00780794
-0.00448181
0.00155052
0.00169308
0.00608024
-0.00442671
-0.00391267
-0.00336456
-0.00282218
-0.00243296
-0.00218753
-0.00204189
-0.00196151
-0.00192432
-0.00191763
-0.00193463
-0.00197098
-0.00202405
-0.00209265
-0.00217666
-0.00227664
-0.00239376
-0.00252987
-0.00268756
-0.0028701
-0.00308168
-0.00332773
-0.0036152
-0.00395318
-0.00435331
-0.00482863
-0.00539078
-0.00604851
-0.00680299
-0.00763616
-0.00849439
-0.00926565
-0.00976006
-0.00968086
-0.00859754
-0.00570561
-0.000190413
0.0100657
0.0155324
0.044761
-0.00212643
0.00138696
0.00116387
-0.000111449
-0.000804696
-0.00106669
-0.00122934
-0.00136417
-0.00146712
-0.00155038
-0.0016287
-0.00170906
-0.00179429
-0.00188672
-0.00198886
-0.00210316
-0.00223203
-0.00237817
-0.00254476
-0.00273558
-0.00295529
-0.00320974
-0.0035063
-0.00385425
-0.00426454
-0.00474852
-0.00531684
-0.00597587
-0.00671982
-0.00752064
-0.00831166
-0.00896614
-0.00927646
-0.00892214
-0.00751377
-0.00435084
0.00108924
0.0129799
0.0338155
0.124421
)
;

boundaryField
{
    movingWall
    {
        type            zeroGradient;
    }
    fixedWalls
    {
        type            zeroGradient;
    }
    frontAndBack
    {
        type            empty;
    }
}


// ************************************************************************* //
