/*--------------------------------*- C++ -*----------------------------------*\
| =========                 |                                                 |
| \\      /  F ield         | OpenFOAM: The Open Source CFD Toolbox           |
|  \\    /   O peration     | Version:  2412                                  |
|   \\  /    A nd           | Website:  www.openfoam.com                      |
|    \\/     M anipulation  |                                                 |
\*---------------------------------------------------------------------------*/
FoamFile
{
    version     2.0;
    format      ascii;
    arch        "LSB;label=32;scalar=64";
    class       surfaceScalarField;
    location    "0.5";
    object      phi;
}
// * * * * * * * * * * * * * * * * * * * * * * * * * * * * * * * * * * * * * //

dimensions      [0 3 -1 0 0 0 0];

oriented        oriented;

internalField   nonuniform List<scalar> 
3120
(
1.9684e-10
-1.99948e-10
-3.72456e-09
3.92129e-09
-1.13485e-08
7.62384e-09
-2.12534e-08
9.90478e-09
-3.23308e-08
1.10773e-08
-4.38822e-08
1.15513e-08
-5.54853e-08
1.1603e-08
-6.68865e-08
1.14011e-08
-7.79361e-08
1.10495e-08
-8.85481e-08
1.06119e-08
-9.86726e-08
1.01245e-08
-1.08278e-07
9.60491e-09
-1.17335e-07
9.05768e-09
-1.25815e-07
8.47935e-09
-1.33677e-07
7.86207e-09
-1.40873e-07
7.19595e-09
-1.47344e-07
6.4707e-09
-1.5302e-07
5.67655e-09
-1.57825e-07
4.80468e-09
-1.61672e-07
3.84697e-09
-1.64467e-07
2.79464e-09
-1.66108e-07
1.64164e-09
-1.66534e-07
4.25137e-10
-1.65614e-07
-9.19775e-10
-1.63262e-07
-2.35168e-09
-1.59389e-07
-3.87357e-09
-1.53916e-07
-5.47285e-09
-1.46783e-07
-7.13319e-09
-1.37953e-07
-8.8296e-09
-1.27426e-07
-1.05268e-08
-1.15251e-07
-1.2176e-08
-1.0154e-07
-1.37109e-08
-8.64897e-08
-1.505e-08
-7.0405e-08
-1.60847e-08
-5.37455e-08
-1.66595e-08
-3.72042e-08
-1.65414e-08
-2.18445e-08
-1.53597e-08
-9.28903e-09
-1.25555e-08
-1.63764e-09
-7.65146e-09
-1.63766e-09
-3.89187e-09
3.69186e-09
-1.24042e-08
1.24335e-08
-2.36587e-08
1.88783e-08
-3.65971e-08
2.28431e-08
-5.05176e-08
2.49977e-08
-6.49242e-08
2.59578e-08
-7.94626e-08
2.61413e-08
-9.38775e-08
2.58159e-08
-1.07983e-07
2.51554e-08
-1.21643e-07
2.42719e-08
-1.34754e-07
2.32348e-08
-1.47231e-07
2.20821e-08
-1.59003e-07
2.08293e-08
-1.7e-07
1.94764e-08
-1.80152e-07
1.80137e-08
-1.89382e-07
1.64259e-08
-1.97606e-07
1.46955e-08
-2.04735e-07
1.28049e-08
-2.10668e-07
1.07379e-08
-2.15301e-07
8.48025e-09
-2.18527e-07
6.02045e-09
-2.20241e-07
3.35498e-09
-2.20306e-07
4.90429e-10
-2.18642e-07
-2.5838e-09
-2.1514e-07
-5.85339e-09
-2.09721e-07
-9.29351e-09
-2.02321e-07
-1.28729e-08
-1.92908e-07
-1.65462e-08
-1.81487e-07
-2.02502e-08
-1.6811e-07
-2.39033e-08
-1.52885e-07
-2.74011e-08
-1.35984e-07
-3.06129e-08
-1.17658e-07
-3.33759e-08
-9.82564e-08
-3.5486e-08
-7.82404e-08
-3.66755e-08
-5.82128e-08
-3.65691e-08
-3.89708e-08
-3.46017e-08
-2.15881e-08
-2.99383e-08
-7.6177e-09
-2.16219e-08
-9.25539e-09
-7.61678e-09
1.13087e-08
-1.8856e-08
2.36727e-08
-3.15582e-08
3.15804e-08
-4.52277e-08
3.65125e-08
-5.95704e-08
3.93402e-08
-7.43175e-08
4.07049e-08
-8.9229e-08
4.10527e-08
-1.04098e-07
4.06844e-08
-1.18747e-07
3.98047e-08
-1.33028e-07
3.8553e-08
-1.46814e-07
3.70203e-08
-1.59993e-07
3.52613e-08
-1.72467e-07
3.33033e-08
-1.84143e-07
3.11528e-08
-1.94932e-07
2.88021e-08
-2.0474e-07
2.62344e-08
-2.13473e-07
2.34285e-08
-2.2103e-07
2.03616e-08
-2.27304e-07
1.70119e-08
-2.32185e-07
1.3361e-08
-2.35559e-07
9.39503e-09
-2.37313e-07
5.10863e-09
-2.37327e-07
5.04677e-10
-2.355e-07
-4.41074e-09
-2.3174e-07
-9.61366e-09
-2.25971e-07
-1.50624e-08
-2.18146e-07
-2.06987e-08
-2.0825e-07
-2.64418e-08
-1.96314e-07
-3.21865e-08
-1.82416e-07
-3.7801e-08
-1.66693e-07
-4.31246e-08
-1.4934e-07
-4.79658e-08
-1.30619e-07
-5.20972e-08
-1.10857e-07
-5.52476e-08
-9.04509e-08
-5.70818e-08
-6.98591e-08
-5.71609e-08
-4.95921e-08
-5.48688e-08
-3.02048e-08
-4.93256e-08
-1.2555e-08
-3.92717e-08
-2.18104e-08
-9.98027e-09
2.12889e-08
-2.29483e-08
3.66407e-08
-3.66503e-08
4.52824e-08
-5.08047e-08
5.06668e-08
-6.5333e-08
5.38685e-08
-8.01275e-08
5.54994e-08
-9.50504e-08
5.59755e-08
-1.09953e-07
5.5587e-08
-1.24688e-07
5.45401e-08
-1.39117e-07
5.29812e-08
-1.53108e-07
5.10111e-08
-1.66541e-07
4.86945e-08
-1.79305e-07
4.60672e-08
-1.91294e-07
4.31418e-08
-2.02406e-07
3.99137e-08
-2.12538e-07
3.63665e-08
-2.21586e-07
3.24769e-08
-2.29443e-07
2.82182e-08
-2.35996e-07
2.35647e-08
-2.41129e-07
1.84939e-08
-2.44723e-07
1.29898e-08
-2.4666e-07
7.0456e-09
-2.46822e-07
6.66423e-10
-2.45102e-07
-6.13121e-09
-2.41407e-07
-1.33085e-08
-2.35665e-07
-2.08043e-08
-2.27833e-07
-2.85309e-08
-2.17904e-07
-3.63708e-08
-2.05916e-07
-4.4175e-08
-1.91955e-07
-5.17619e-08
-1.76161e-07
-5.89178e-08
-1.5873e-07
-6.53972e-08
-1.39906e-07
-7.09214e-08
-1.1998e-07
-7.51737e-08
-9.92771e-08
-7.77847e-08
-7.81378e-08
-7.83002e-08
-5.68881e-08
-7.61185e-08
-3.58418e-08
-7.03719e-08
-1.56677e-08
-5.94458e-08
-3.74782e-08
-1.12949e-08
3.25839e-08
-2.53796e-08
5.07253e-08
-3.98805e-08
5.97833e-08
-5.45306e-08
6.53169e-08
-6.93249e-08
6.86628e-08
-8.4241e-08
7.04154e-08
-9.92133e-08
7.09477e-08
-1.14146e-07
7.05196e-08
-1.28926e-07
6.93205e-08
-1.43435e-07
6.74896e-08
-1.57551e-07
6.51267e-08
-1.71155e-07
6.2299e-08
-1.84134e-07
5.90458e-08
-1.96376e-07
5.53836e-08
-2.07772e-07
5.13096e-08
-2.18213e-07
4.68079e-08
-2.27589e-07
4.1853e-08
-2.35786e-07
3.64153e-08
-2.42686e-07
3.04647e-08
-2.48167e-07
2.39747e-08
-2.52104e-07
1.69261e-08
-2.54369e-07
9.31146e-09
-2.54842e-07
1.13853e-09
-2.53406e-07
-7.56714e-09
-2.49962e-07
-1.67521e-08
-2.44432e-07
-2.6334e-08
-2.36768e-07
-3.61956e-08
-2.26956e-07
-4.61823e-08
-2.1503e-07
-5.61017e-08
-2.01068e-07
-6.57239e-08
-1.85201e-07
-7.4785e-08
-1.67607e-07
-8.29908e-08
-1.48509e-07
-9.00196e-08
-1.28161e-07
-9.55216e-08
-1.06837e-07
-9.91093e-08
-8.48069e-08
-1.0033e-07
-6.2324e-08
-9.86015e-08
-3.96617e-08
-9.30343e-08
-1.75638e-08
-8.15437e-08
-5.5042e-08
-1.19724e-08
4.45563e-08
-2.67822e-08
6.55351e-08
-4.19272e-08
7.49282e-08
-5.70771e-08
8.04668e-08
-7.22234e-08
8.38091e-08
-8.73749e-08
8.55669e-08
-1.02507e-07
8.60799e-08
-1.17563e-07
8.5575e-08
-1.3246e-07
8.42176e-08
-1.47101e-07
8.2131e-08
-1.61381e-07
7.94063e-08
-1.75189e-07
7.61068e-08
-1.88414e-07
7.2271e-08
-2.00945e-07
6.79151e-08
-2.12672e-07
6.30367e-08
-2.23483e-07
5.76184e-08
-2.33262e-07
5.16322e-08
-2.41891e-07
4.50442e-08
-2.49246e-07
3.78192e-08
-2.55196e-07
2.99255e-08
-2.5961e-07
2.13397e-08
-2.62351e-07
1.2052e-08
-2.63284e-07
2.07203e-09
-2.62283e-07
-8.56795e-09
-2.59235e-07
-1.9801e-08
-2.54044e-07
-3.15246e-08
-2.46647e-07
-4.35925e-08
-2.37015e-07
-5.58141e-08
-2.25163e-07
-6.79539e-08
-2.11152e-07
-7.97348e-08
-1.95094e-07
-9.08434e-08
-1.77147e-07
-1.00938e-07
-1.5751e-07
-1.09656e-07
-1.36416e-07
-1.16616e-07
-1.14114e-07
-1.21412e-07
-9.08564e-08
-1.23587e-07
-6.69031e-08
-1.22555e-07
-4.25968e-08
-1.17341e-07
-1.88526e-08
-1.05288e-07
-7.38947e-08
-1.22906e-08
5.68468e-08
-2.75806e-08
8.08252e-08
-4.32508e-08
9.05983e-08
-5.88862e-08
9.61022e-08
-7.44413e-08
9.93641e-08
-8.99232e-08
1.01049e-07
-1.05325e-07
1.01481e-07
-1.20612e-07
1.00862e-07
-1.35727e-07
9.93322e-08
-1.50592e-07
9.69962e-08
-1.65117e-07
9.39319e-08
-1.79205e-07
9.01944e-08
-1.92751e-07
8.58171e-08
-2.05649e-07
8.08133e-08
-2.1779e-07
7.51778e-08
-2.29062e-07
6.88898e-08
-2.39347e-07
6.19169e-08
-2.48522e-07
5.42191e-08
-2.56457e-07
4.57545e-08
-2.63015e-07
3.64839e-08
-2.68053e-07
2.63774e-08
-2.71421e-07
1.54202e-08
-2.7297e-07
3.62046e-09
-2.72553e-07
-8.98467e-09
-2.70035e-07
-2.2319e-08
-2.65298e-07
-3.62613e-08
-2.58252e-07
-5.06389e-08
-2.4884e-07
-6.52263e-08
-2.37049e-07
-7.97453e-08
-2.22913e-07
-9.38702e-08
-2.0652e-07
-1.07237e-07
-1.88007e-07
-1.19451e-07
-1.67558e-07
-1.30105e-07
-1.45397e-07
-1.38776e-07
-1.21778e-07
-1.45031e-07
-9.69785e-08
-1.48387e-07
-7.1316e-08
-1.48217e-07
-4.52538e-08
-1.43403e-07
-1.99136e-08
-1.30628e-07
-9.38083e-08
-1.24175e-08
6.92642e-08
-2.80416e-08
9.64492e-08
-4.41544e-08
1.06711e-07
-6.02576e-08
1.12205e-07
-7.62567e-08
1.15363e-07
-9.21408e-08
1.16933e-07
-1.07904e-07
1.17244e-07
-1.23523e-07
1.16482e-07
-1.38958e-07
1.14766e-07
-1.54146e-07
1.12184e-07
-1.69013e-07
1.08799e-07
-1.83473e-07
1.04655e-07
-1.97433e-07
9.97769e-08
-2.10793e-07
9.41732e-08
-2.23448e-07
8.78331e-08
-2.35288e-07
8.07301e-08
-2.46196e-07
7.28248e-08
-2.56046e-07
6.4069e-08
-2.64703e-07
5.4411e-08
-2.7202e-07
4.38012e-08
-2.77842e-07
3.21994e-08
-2.82005e-07
1.95823e-08
-2.84336e-07
5.95197e-09
-2.84666e-07
-8.65478e-09
-2.82829e-07
-2.41563e-08
-2.78673e-07
-4.0417e-08
-2.72071e-07
-5.72411e-08
-2.62928e-07
-7.43696e-08
-2.51191e-07
-9.14815e-08
-2.36862e-07
-1.082e-07
-2.19995e-07
-1.24104e-07
-2.00707e-07
-1.38739e-07
-1.79177e-07
-1.51635e-07
-1.55636e-07
-1.62317e-07
-1.30366e-07
-1.703e-07
-1.03701e-07
-1.75052e-07
-7.60522e-08
-1.75866e-07
-4.80284e-08
-1.71427e-07
-2.09747e-08
-1.57682e-07
-1.14783e-07
-1.24556e-08
8.17199e-08
-2.83346e-08
1.12328e-07
-4.48397e-08
1.23216e-07
-6.13975e-08
1.28763e-07
-7.78645e-08
1.3183e-07
-9.42043e-08
1.33273e-07
-1.10403e-07
1.33443e-07
-1.26442e-07
1.32521e-07
-1.42289e-07
1.30613e-07
-1.57895e-07
1.27791e-07
-1.732e-07
1.24103e-07
-1.88129e-07
1.19584e-07
-2.026e-07
1.14248e-07
-2.16524e-07
1.08097e-07
-2.29802e-07
1.01111e-07
-2.42327e-07
9.32559e-08
-2.53986e-07
8.44833e-08
-2.6465e-07
7.47334e-08
-2.74181e-07
6.39413e-08
-2.82423e-07
5.20431e-08
-2.89206e-07
3.89834e-08
-2.94349e-07
2.47246e-08
-2.97654e-07
9.25722e-09
-2.9892e-07
-7.38937e-09
-2.97942e-07
-2.51343e-08
-2.94525e-07
-4.38338e-08
-2.88492e-07
-6.32736e-08
-2.79698e-07
-8.31638e-08
-2.68039e-07
-1.0314e-07
-2.5347e-07
-1.2277e-07
-2.36009e-07
-1.41565e-07
-2.15752e-07
-1.58995e-07
-1.92875e-07
-1.74512e-07
-1.67632e-07
-1.8756e-07
-1.40357e-07
-1.97575e-07
-1.11467e-07
-2.03942e-07
-8.14908e-08
-2.05843e-07
-5.12024e-08
-2.01715e-07
-2.21847e-08
-1.867e-07
-1.36968e-07
-1.2467e-08
9.41868e-08
-2.85679e-08
1.28429e-07
-4.54415e-08
1.4009e-07
-6.24491e-08
1.45771e-07
-7.94027e-08
1.48784e-07
-9.62394e-08
1.50109e-07
-1.12933e-07
1.50137e-07
-1.29464e-07
1.49052e-07
-1.45804e-07
1.46953e-07
-1.61914e-07
1.43901e-07
-1.77745e-07
1.39934e-07
-1.93236e-07
1.35074e-07
-2.08315e-07
1.29328e-07
-2.22904e-07
1.22686e-07
-2.36914e-07
1.15121e-07
-2.50246e-07
1.06587e-07
-2.62788e-07
9.70251e-08
-2.74414e-07
8.63599e-08
-2.84982e-07
7.45094e-08
-2.94329e-07
6.13904e-08
-3.02273e-07
4.69266e-08
-3.08607e-07
3.10591e-08
-3.13108e-07
1.37582e-08
-3.15535e-07
-4.96235e-09
-3.15638e-07
-2.50318e-08
-3.13165e-07
-4.63069e-08
-3.07877e-07
-6.85616e-08
-2.99561e-07
-9.14794e-08
-2.88049e-07
-1.14652e-07
-2.73233e-07
-1.37586e-07
-2.55087e-07
-1.59711e-07
-2.33679e-07
-1.80403e-07
-2.09186e-07
-1.99006e-07
-1.81898e-07
-2.14848e-07
-1.52221e-07
-2.27252e-07
-1.20682e-07
-2.35482e-07
-8.79533e-08
-2.38572e-07
-5.49932e-08
-2.34675e-07
-2.36458e-08
-2.18047e-07
-1.60614e-07
-1.24869e-08
1.06674e-07
-2.88109e-08
1.44753e-07
-4.60495e-08
1.57328e-07
-6.35103e-08
1.63232e-07
-8.09675e-08
1.66241e-07
-9.83338e-08
1.67475e-07
-1.1557e-07
1.67373e-07
-1.3265e-07
1.66132e-07
-1.4955e-07
1.63853e-07
-1.66238e-07
1.60589e-07
-1.82675e-07
1.56371e-07
-1.98811e-07
1.5121e-07
-2.14588e-07
1.45105e-07
-2.2994e-07
1.38038e-07
-2.44789e-07
1.29969e-07
-2.59045e-07
1.20844e-07
-2.72605e-07
1.10585e-07
-2.85347e-07
9.91016e-08
-2.97127e-07
8.62894e-08
-3.07777e-07
7.204e-08
-3.17099e-07
5.6249e-08
-3.24868e-07
3.88277e-08
-3.30825e-07
1.9716e-08
-3.34688e-07
-1.09964e-09
-3.36149e-07
-2.35713e-08
-3.34888e-07
-4.75673e-08
-3.30589e-07
-7.2861e-08
-3.22952e-07
-9.91164e-08
-3.11721e-07
-1.25883e-07
-2.96709e-07
-1.52598e-07
-2.77824e-07
-1.78596e-07
-2.55097e-07
-2.03129e-07
-2.28707e-07
-2.25396e-07
-1.9899e-07
-2.44565e-07
-1.66447e-07
-2.59795e-07
-1.31744e-07
-2.70184e-07
-9.57322e-08
-2.74584e-07
-5.95802e-08
-2.70827e-07
-2.54318e-08
-2.52196e-07
-1.86045e-07
-1.25371e-08
1.19211e-07
-2.91054e-08
1.61321e-07
-4.67205e-08
1.74943e-07
-6.46454e-08
1.81156e-07
-8.26236e-08
1.84219e-07
-1.00546e-07
1.85398e-07
-1.18361e-07
1.85188e-07
-1.36038e-07
1.83809e-07
-1.53552e-07
1.81367e-07
-1.70878e-07
1.77915e-07
-1.87985e-07
1.73478e-07
-2.04838e-07
1.68063e-07
-2.21392e-07
1.61659e-07
-2.37594e-07
1.5424e-07
-2.53381e-07
1.45756e-07
-2.68677e-07
1.36139e-07
-2.83388e-07
1.25297e-07
-2.97401e-07
1.13114e-07
-3.10575e-07
9.94634e-08
-3.22739e-07
8.42036e-08
-3.33684e-07
6.71944e-08
-3.43163e-07
4.83067e-08
-3.50885e-07
2.74375e-08
-3.56516e-07
4.53129e-09
-3.59684e-07
-2.04033e-08
-3.59988e-07
-4.72632e-08
-3.57012e-07
-7.58368e-08
-3.50348e-07
-1.05781e-07
-3.39624e-07
-1.36607e-07
-3.24541e-07
-1.67681e-07
-3.04917e-07
-1.9822e-07
-2.80726e-07
-2.27321e-07
-2.52139e-07
-2.53983e-07
-2.19548e-07
-2.77156e-07
-1.83577e-07
-2.95766e-07
-1.45073e-07
-3.08688e-07
-1.05114e-07
-3.14544e-07
-6.51257e-08
-3.10815e-07
-2.76019e-08
-2.8972e-07
-2.13647e-07
-1.26287e-08
1.31839e-07
-2.94747e-08
1.78167e-07
-4.74878e-08
1.92957e-07
-6.5894e-08
1.99563e-07
-8.44113e-08
2.02736e-07
-1.02913e-07
2.039e-07
-1.21335e-07
2.0361e-07
-1.39642e-07
2.02116e-07
-1.57811e-07
1.99535e-07
-1.7582e-07
1.95925e-07
-1.9365e-07
1.91308e-07
-2.11277e-07
1.8569e-07
-2.28671e-07
1.79054e-07
-2.45798e-07
1.71366e-07
-2.6261e-07
1.62569e-07
-2.79049e-07
1.52579e-07
-2.95038e-07
1.41285e-07
-3.10475e-07
1.28552e-07
-3.2523e-07
1.14218e-07
-3.39132e-07
9.81058e-08
-3.51968e-07
8.003e-08
-3.6347e-07
5.98091e-08
-3.73315e-07
3.72824e-08
-3.81116e-07
1.23324e-08
-3.86429e-07
-1.50903e-08
-3.88755e-07
-4.49375e-08
-3.87557e-07
-7.70345e-08
-3.82287e-07
-1.11051e-07
-3.72418e-07
-1.46476e-07
-3.575e-07
-1.82599e-07
-3.37213e-07
-2.18507e-07
-3.11441e-07
-2.53093e-07
-2.80329e-07
-2.85095e-07
-2.44335e-07
-3.13151e-07
-2.04239e-07
-3.35861e-07
-1.61133e-07
-3.51794e-07
-1.16395e-07
-3.59281e-07
-7.17773e-08
-3.55433e-07
-3.01934e-08
-3.31304e-07
-2.43841e-07
-1.27657e-08
1.44605e-07
-2.99291e-08
1.95331e-07
-4.8369e-08
2.11397e-07
-6.72779e-08
2.18471e-07
-8.63532e-08
2.21812e-07
-1.05453e-07
2.22999e-07
-1.24504e-07
2.22661e-07
-1.43466e-07
2.21078e-07
-1.62315e-07
2.18385e-07
-1.81038e-07
2.14648e-07
-1.99624e-07
2.09894e-07
-2.18063e-07
2.04129e-07
-2.36344e-07
1.97334e-07
-2.5445e-07
1.89472e-07
-2.72357e-07
1.80476e-07
-2.90029e-07
1.7025e-07
-3.07409e-07
1.58666e-07
-3.24417e-07
1.4556e-07
-3.40937e-07
1.30738e-07
-3.56811e-07
1.1398e-07
-3.71825e-07
9.50441e-08
-3.85701e-07
7.3685e-08
-3.98085e-07
4.96664e-08
-4.08539e-07
2.27868e-08
-4.16541e-07
-7.08911e-09
-4.21476e-07
-4.00021e-08
-4.22665e-07
-7.58461e-08
-4.19377e-07
-1.14338e-07
-4.10884e-07
-1.54969e-07
-3.96517e-07
-1.96967e-07
-3.75756e-07
-2.39267e-07
-3.48336e-07
-2.80513e-07
-3.14342e-07
-3.19089e-07
-2.74297e-07
-3.53195e-07
-2.29193e-07
-3.80965e-07
-1.80459e-07
-4.00529e-07
-1.29882e-07
-4.09858e-07
-7.96534e-08
-4.05662e-07
-3.32118e-08
-3.77745e-07
-2.77052e-07
-1.29473e-08
1.57552e-07
-3.04709e-08
2.12854e-07
-4.93709e-08
2.30297e-07
-6.88076e-08
2.37908e-07
-8.84603e-08
2.41464e-07
-1.08174e-07
2.42714e-07
-1.27868e-07
2.42354e-07
-1.47498e-07
2.40707e-07
-1.67042e-07
2.37929e-07
-1.86491e-07
2.34098e-07
-2.05848e-07
2.29251e-07
-2.25118e-07
2.23398e-07
-2.44308e-07
2.16525e-07
-2.63427e-07
2.08591e-07
-2.82476e-07
1.99525e-07
-3.01447e-07
1.8922e-07
-3.20312e-07
1.77531e-07
-3.3902e-07
1.64268e-07
-3.57483e-07
1.49201e-07
-3.75562e-07
1.32059e-07
-3.93058e-07
1.1254e-07
-4.09692e-07
9.0319e-08
-4.25091e-07
6.5065e-08
-4.3877e-07
3.64656e-08
-4.50128e-07
4.26875e-09
-4.58422e-07
-3.17079e-08
-4.62801e-07
-7.14665e-08
-4.62311e-07
-1.14828e-07
-4.55947e-07
-1.61333e-07
-4.42738e-07
-2.10176e-07
-4.21863e-07
-2.60141e-07
-3.92811e-07
-3.09566e-07
-3.55542e-07
-3.56358e-07
-3.10638e-07
-3.98099e-07
-2.59375e-07
-4.32229e-07
-2.0366e-07
-4.56244e-07
-1.45876e-07
-4.67642e-07
-8.88245e-08
-4.62714e-07
-3.66181e-08
-4.29952e-07
-3.13671e-07
-1.31709e-08
1.70723e-07
-3.10988e-08
2.30782e-07
-5.04952e-08
2.49693e-07
-7.04872e-08
2.579e-07
-9.07372e-08
2.61714e-07
-1.11079e-07
2.63055e-07
-1.31423e-07
2.62699e-07
-1.51724e-07
2.61008e-07
-1.71961e-07
2.58166e-07
-1.92134e-07
2.5427e-07
-2.12255e-07
2.49373e-07
-2.3235e-07
2.43493e-07
-2.52448e-07
2.36623e-07
-2.72584e-07
2.28727e-07
-2.92792e-07
2.19733e-07
-3.13098e-07
2.09526e-07
-3.33513e-07
1.97946e-07
-3.54026e-07
1.84781e-07
-3.74587e-07
1.69762e-07
-3.95096e-07
1.52568e-07
-4.15383e-07
1.32827e-07
-4.35187e-07
1.10123e-07
-4.54132e-07
8.40102e-08
-4.71704e-07
5.4038e-08
-4.87219e-07
1.97833e-08
-4.99819e-07
-1.91075e-08
-5.08444e-07
-6.28419e-08
-5.11859e-07
-1.11413e-07
-5.08702e-07
-1.64491e-07
-4.97572e-07
-2.21306e-07
-4.77199e-07
-2.80515e-07
-4.46667e-07
-3.40097e-07
-4.05694e-07
-3.97331e-07
-3.54894e-07
-4.48899e-07
-2.95927e-07
-4.91196e-07
-2.31414e-07
-5.20756e-07
-1.64626e-07
-5.3443e-07
-9.92462e-08
-5.28094e-07
-4.02817e-08
-4.88916e-07
-3.53952e-07
-1.34339e-08
1.84157e-07
-3.18114e-08
2.4916e-07
-5.17432e-08
2.69625e-07
-7.23206e-08
2.78477e-07
-9.31883e-08
2.82582e-07
-1.14169e-07
2.84036e-07
-1.35166e-07
2.83696e-07
-1.5613e-07
2.81972e-07
-1.77044e-07
2.7908e-07
-1.97917e-07
2.75143e-07
-2.18775e-07
2.70231e-07
-2.39662e-07
2.6438e-07
-2.60635e-07
2.57596e-07
-2.8176e-07
2.49852e-07
-3.03107e-07
2.4108e-07
-3.24746e-07
2.31165e-07
-3.46737e-07
2.19937e-07
-3.69119e-07
2.07163e-07
-3.919e-07
1.92543e-07
-4.15035e-07
1.75704e-07
-4.38409e-07
1.56201e-07
-4.61805e-07
1.33518e-07
-4.84873e-07
1.07078e-07
-5.07094e-07
7.62588e-08
-5.27733e-07
4.04218e-08
-5.45806e-07
-1.03379e-09
-5.60035e-07
-4.86127e-08
-5.6885e-07
-1.02599e-07
-5.70414e-07
-1.62927e-07
-5.62731e-07
-2.28988e-07
-5.43853e-07
-2.99392e-07
-5.12211e-07
-3.7174e-07
-4.67063e-07
-4.42479e-07
-4.08984e-07
-5.06978e-07
-3.40173e-07
-5.60006e-07
-2.64354e-07
-5.96576e-07
-1.86171e-07
-6.12612e-07
-1.10615e-07
-6.0365e-07
-4.38932e-08
-5.55638e-07
-3.97845e-07
-1.37358e-08
1.97893e-07
-3.261e-08
2.68034e-07
-5.31198e-08
2.90135e-07
-7.43159e-08
2.99674e-07
-9.58231e-08
3.04089e-07
-1.17451e-07
3.05664e-07
-1.39096e-07
3.05341e-07
-1.60706e-07
3.03582e-07
-1.82268e-07
3.00642e-07
-2.03797e-07
2.96673e-07
-2.25338e-07
2.91771e-07
-2.46956e-07
2.85997e-07
-2.68736e-07
2.79376e-07
-2.90781e-07
2.71897e-07
-3.13204e-07
2.63503e-07
-3.36125e-07
2.54087e-07
-3.59663e-07
2.43475e-07
-3.83925e-07
2.31425e-07
-4.08992e-07
2.1761e-07
-4.34902e-07
2.01613e-07
-4.61622e-07
1.82921e-07
-4.89017e-07
1.60914e-07
-5.16807e-07
1.34868e-07
-5.4451e-07
1.03962e-07
-5.71383e-07
6.72944e-08
-5.96343e-07
2.39262e-08
-6.17902e-07
-2.70535e-08
-6.3409e-07
-8.6411e-08
-6.42476e-07
-1.54541e-07
-6.40233e-07
-2.31231e-07
-6.24397e-07
-3.15229e-07
-5.92336e-07
-4.03801e-07
-5.42469e-07
-4.92346e-07
-4.75158e-07
-5.74289e-07
-3.93385e-07
-6.41779e-07
-3.02671e-07
-6.8729e-07
-2.09894e-07
-7.05389e-07
-1.22029e-07
-6.91515e-07
-4.68114e-08
-6.30856e-07
-4.44657e-07
-1.40788e-08
2.11972e-07
-3.35019e-08
2.87457e-07
-5.4638e-08
3.11271e-07
-7.64908e-08
3.21526e-07
-9.86617e-08
3.2626e-07
-1.20945e-07
3.27947e-07
-1.43228e-07
3.27624e-07
-1.65456e-07
3.2581e-07
-1.87618e-07
3.22804e-07
-2.0974e-07
3.18795e-07
-2.31884e-07
3.13915e-07
-2.54137e-07
3.08251e-07
-2.76619e-07
3.01858e-07
-2.9947e-07
2.94748e-07
-3.22852e-07
2.86886e-07
-3.46945e-07
2.78179e-07
-3.71935e-07
2.68466e-07
-3.98012e-07
2.57502e-07
-4.25353e-07
2.44951e-07
-4.54105e-07
2.30364e-07
-4.84356e-07
2.13172e-07
-5.16101e-07
1.92659e-07
-5.49189e-07
1.67955e-07
-5.83245e-07
1.38018e-07
-6.17581e-07
1.01631e-07
-6.51078e-07
5.74231e-08
-6.82096e-07
3.96423e-09
-7.08207e-07
-6.02995e-08
-7.2627e-07
-1.36479e-07
-7.32326e-07
-2.25175e-07
-7.21893e-07
-3.25662e-07
-6.90606e-07
-4.35088e-07
-6.35337e-07
-5.47614e-07
-5.55816e-07
-6.53811e-07
-4.5613e-07
-7.41464e-07
-3.4493e-07
-7.9849e-07
-2.33117e-07
-8.17201e-07
-1.30909e-07
-7.93723e-07
-4.76573e-08
-7.14107e-07
-4.92314e-07
-1.44697e-08
2.26441e-07
-3.45027e-08
3.0749e-07
-5.63222e-08
3.3309e-07
-7.88772e-08
3.44081e-07
-1.0174e-07
3.49123e-07
-1.24686e-07
3.50894e-07
-1.47592e-07
3.5053e-07
-1.70399e-07
3.48616e-07
-1.93098e-07
3.45503e-07
-2.15727e-07
3.41424e-07
-2.38364e-07
3.36551e-07
-2.61123e-07
3.31011e-07
-2.84157e-07
3.24891e-07
-3.07649e-07
3.18239e-07
-3.31813e-07
3.11051e-07
-3.56895e-07
3.0326e-07
-3.83159e-07
2.9473e-07
-4.10892e-07
2.85235e-07
-4.40386e-07
2.74445e-07
-4.71929e-07
2.61907e-07
-5.05773e-07
2.47017e-07
-5.42103e-07
2.28989e-07
-5.80971e-07
2.06823e-07
-6.22205e-07
1.79253e-07
-6.65292e-07
1.44718e-07
-7.09207e-07
1.01338e-07
-7.52153e-07
4.69098e-08
-7.91414e-07
-2.10382e-08
-8.22941e-07
-1.04951e-07
-8.41329e-07
-2.06787e-07
-8.39907e-07
-3.27083e-07
-8.11513e-07
-4.63482e-07
-7.50131e-07
-6.08996e-07
-6.53718e-07
-7.50224e-07
-5.27544e-07
-8.67639e-07
-3.85971e-07
-9.40063e-07
-2.48044e-07
-9.55128e-07
-1.3027e-07
-9.11497e-07
-4.32406e-08
-8.01137e-07
-5.35555e-07
-1.49209e-08
2.41362e-07
-3.56394e-08
3.28209e-07
-5.82132e-08
3.55664e-07
-8.15263e-08
3.67394e-07
-1.05116e-07
3.72712e-07
-1.28734e-07
3.74512e-07
-1.52242e-07
3.74038e-07
-1.75577e-07
3.7195e-07
-1.98732e-07
3.68659e-07
-2.21757e-07
3.64449e-07
-2.44747e-07
3.59542e-07
-2.67845e-07
3.54108e-07
-2.91235e-07
3.48282e-07
-3.15147e-07
3.42151e-07
-3.3985e-07
3.35754e-07
-3.65657e-07
3.29066e-07
-3.92918e-07
3.21992e-07
-4.22028e-07
3.14345e-07
-4.53415e-07
3.05832e-07
-4.87534e-07
2.96026e-07
-5.2485e-07
2.84332e-07
-5.65799e-07
2.69939e-07
-6.10731e-07
2.51755e-07
-6.59803e-07
2.28326e-07
-7.12841e-07
1.97756e-07
-7.69081e-07
1.57578e-07
-8.26832e-07
1.0466e-07
-8.83093e-07
3.52229e-08
-9.33041e-07
-5.50031e-08
-9.69553e-07
-1.70275e-07
-9.83022e-07
-3.13615e-07
-9.61889e-07
-4.84616e-07
-8.94723e-07
-6.76162e-07
-7.7495e-07
-8.69997e-07
-6.08069e-07
-1.03452e-06
-4.1742e-07
-1.13071e-06
-2.39092e-07
-1.13346e-06
-1.04628e-07
-1.04596e-06
-2.60999e-08
-8.79665e-07
-5.61655e-07
-1.54524e-08
2.56815e-07
-3.69535e-08
3.4971e-07
-6.03716e-08
3.79082e-07
-8.45135e-08
3.91536e-07
-1.08872e-07
3.97071e-07
-1.33172e-07
3.98812e-07
-1.57258e-07
3.98123e-07
-1.81058e-07
3.9575e-07
-2.0457e-07
3.92171e-07
-2.27855e-07
3.87734e-07
-2.51026e-07
3.82714e-07
-2.74254e-07
3.77337e-07
-2.97759e-07
3.71786e-07
-3.21812e-07
3.66204e-07
-3.46737e-07
3.60679e-07
-3.72915e-07
3.55244e-07
-4.00785e-07
3.49863e-07
-4.30855e-07
3.44415e-07
-4.637e-07
3.38677e-07
-4.99968e-07
3.32295e-07
-5.40374e-07
3.24738e-07
-5.85674e-07
3.15238e-07
-6.36615e-07
3.02696e-07
-6.93838e-07
2.85548e-07
-7.57706e-07
2.61623e-07
-8.27993e-07
2.27866e-07
-9.0345e-07
1.80118e-07
-9.81166e-07
1.12939e-07
-1.05597e-06
1.98035e-08
-1.11918e-06
-1.07071e-07
-1.15794e-06
-2.7485e-07
-1.15451e-06
-4.88048e-07
-1.08787e-06
-7.42802e-07
-9.41144e-07
-1.01672e-06
-7.15967e-07
-1.2597e-06
-4.46339e-07
-1.40034e-06
-1.97688e-07
-1.38211e-06
-3.60485e-08
-1.2076e-06
1.48654e-08
-9.30579e-07
-5.46789e-07
-1.60934e-08
2.72908e-07
-3.85052e-08
3.72122e-07
-6.28838e-08
4.03461e-07
-8.7944e-08
4.16597e-07
-1.13126e-07
4.22253e-07
-1.3812e-07
4.23805e-07
-1.6275e-07
4.22754e-07
-1.86938e-07
4.19939e-07
-2.10687e-07
4.1592e-07
-2.34067e-07
4.11115e-07
-2.57216e-07
4.05862e-07
-2.80327e-07
4.00448e-07
-3.03655e-07
3.95114e-07
-3.2751e-07
3.90059e-07
-3.52268e-07
3.85437e-07
-3.78372e-07
3.81348e-07
-4.06345e-07
3.77835e-07
-4.36803e-07
3.74872e-07
-4.70471e-07
3.72345e-07
-5.08201e-07
3.70024e-07
-5.50982e-07
3.67519e-07
-5.99942e-07
3.64198e-07
-6.56317e-07
3.59072e-07
-7.21383e-07
3.50614e-07
-7.96273e-07
3.36513e-07
-8.8167e-07
3.13263e-07
-9.77314e-07
2.75762e-07
-1.08129e-06
2.16911e-07
-1.18887e-06
1.27383e-07
-1.29165e-06
-4.28884e-09
-1.37454e-06
-1.91962e-07
-1.41338e-06
-4.49207e-07
-1.37348e-06
-7.82695e-07
-1.21888e-06
-1.17133e-06
-9.3593e-07
-1.54264e-06
-5.61025e-07
-1.77525e-06
-1.91265e-07
-1.75187e-06
4.56879e-08
-1.44455e-06
7.95935e-08
-9.64485e-07
-4.67196e-07
-1.68852e-08
2.89793e-07
-4.03776e-08
3.95614e-07
-6.58667e-08
4.2895e-07
-9.19579e-08
4.42688e-07
-1.18028e-07
4.48323e-07
-1.43727e-07
4.49505e-07
-1.6886e-07
4.47886e-07
-1.93342e-07
4.44421e-07
-2.17182e-07
4.3976e-07
-2.40466e-07
4.34399e-07
-2.63352e-07
4.28748e-07
-2.86061e-07
4.23157e-07
-3.08875e-07
4.17928e-07
-3.32142e-07
4.13326e-07
-3.56275e-07
4.09571e-07
-3.81771e-07
4.06844e-07
-4.09221e-07
4.05286e-07
-4.39337e-07
4.04988e-07
-4.72978e-07
4.05986e-07
-5.11187e-07
4.08234e-07
-5.55228e-07
4.1156e-07
-6.06617e-07
4.15587e-07
-6.67131e-07
4.19587e-07
-7.38786e-07
4.22268e-07
-8.23708e-07
4.21435e-07
-9.23905e-07
4.13461e-07
-1.04089e-06
3.92745e-07
-1.17508e-06
3.511e-07
-1.32482e-06
2.77126e-07
-1.48482e-06
1.55712e-07
-1.64346e-06
-3.3326e-08
-1.77508e-06
-3.17585e-07
-1.83079e-06
-7.26982e-07
-1.74364e-06
-1.25848e-06
-1.46188e-06
-1.8244e-06
-9.95118e-07
-2.24201e-06
-4.45013e-07
-2.30197e-06
-8.48044e-09
-1.88108e-06
1.20991e-07
-1.09396e-06
-3.46205e-07
-1.78851e-08
3.07679e-07
-4.26831e-08
4.20412e-07
-6.94747e-08
4.55741e-07
-9.67353e-08
4.69948e-07
-1.23768e-07
4.75356e-07
-1.50181e-07
4.75917e-07
-1.75758e-07
4.73463e-07
-2.00415e-07
4.69078e-07
-2.24172e-07
4.63517e-07
-2.47136e-07
4.57363e-07
-2.69487e-07
4.51099e-07
-2.91471e-07
4.45141e-07
-3.13397e-07
4.39854e-07
-3.35635e-07
4.35564e-07
-3.5863e-07
4.32565e-07
-3.82909e-07
4.31123e-07
-4.09109e-07
4.31486e-07
-4.38007e-07
4.33886e-07
-4.70562e-07
4.38541e-07
-5.07969e-07
4.45641e-07
-5.51722e-07
4.55313e-07
-6.03685e-07
4.6755e-07
-6.66151e-07
4.82053e-07
-7.41882e-07
4.98e-07
-8.34109e-07
5.13662e-07
-9.46502e-07
5.25854e-07
-1.08317e-06
5.29418e-07
-1.24871e-06
5.16632e-07
-1.44797e-06
4.76389e-07
-1.68537e-06
3.93112e-07
-1.96164e-06
2.42946e-07
-2.26122e-06
-1.80062e-08
-2.51565e-06
-4.7255e-07
-2.60696e-06
-1.16717e-06
-2.42301e-06
-2.00835e-06
-1.92517e-06
-2.73985e-06
-1.18252e-06
-3.04462e-06
-4.07837e-07
-2.65577e-06
4.23164e-08
-1.54411e-06
-3.03888e-07
-1.91706e-08
3.26849e-07
-4.55699e-08
4.46811e-07
-7.39053e-08
4.84077e-07
-1.025e-07
4.98543e-07
-1.30574e-07
5.03431e-07
-1.57694e-07
5.03037e-07
-1.83632e-07
4.99401e-07
-2.08313e-07
4.93759e-07
-2.31779e-07
4.86982e-07
-2.54162e-07
4.79746e-07
-2.75671e-07
4.72608e-07
-2.96577e-07
4.66046e-07
-3.17207e-07
4.60484e-07
-3.37947e-07
4.56305e-07
-3.59251e-07
4.53869e-07
-3.81654e-07
4.53527e-07
-4.05805e-07
4.55637e-07
-4.325e-07
4.60582e-07
-4.62742e-07
4.68783e-07
-4.97804e-07
4.80702e-07
-5.39319e-07
4.96829e-07
-5.89384e-07
5.17614e-07
-6.50666e-07
5.43336e-07
-7.2653e-07
5.73863e-07
-8.21182e-07
6.08314e-07
-9.39971e-07
6.44643e-07
-1.09001e-06
6.79453e-07
-1.28136e-06
7.07984e-07
-1.52881e-06
7.23843e-07
-1.85365e-06
7.17946e-07
-2.27862e-06
6.67921e-07
-2.78823e-06
4.91599e-07
-3.27951e-06
1.87343e-08
-3.57587e-06
-8.70817e-07
-3.54196e-06
-2.04226e-06
-3.10861e-06
-3.17321e-06
-2.2738e-06
-3.87943e-06
-1.18225e-06
-3.74732e-06
-2.37622e-07
-2.48874e-06
-5.4151e-07
-2.08457e-08
3.47695e-07
-4.923e-08
4.75196e-07
-7.94053e-08
5.14252e-07
-1.09519e-07
5.28657e-07
-1.38706e-07
5.32618e-07
-1.66498e-07
5.30829e-07
-1.92673e-07
5.25576e-07
-2.1718e-07
5.18267e-07
-2.40099e-07
5.09901e-07
-2.61601e-07
5.01248e-07
-2.81928e-07
4.92935e-07
-3.01375e-07
4.85494e-07
-3.20284e-07
4.79393e-07
-3.39042e-07
4.75063e-07
-3.58091e-07
4.72918e-07
-3.77946e-07
4.73382e-07
-3.99224e-07
4.76915e-07
-4.22686e-07
4.84044e-07
-4.493e-07
4.95396e-07
-4.80313e-07
5.11716e-07
-5.17358e-07
5.33874e-07
-5.62574e-07
5.6283e-07
-6.18757e-07
5.99518e-07
-6.89542e-07
6.44649e-07
-7.79682e-07
6.98454e-07
-8.95619e-07
7.6058e-07
-1.04673e-06
8.30561e-07
-1.24775e-06
9.09009e-07
-1.52274e-06
9.98836e-07
-1.90871e-06
1.10391e-06
-2.4397e-06
1.19892e-06
-3.08259e-06
1.13449e-06
-3.6912e-06
6.27342e-07
-4.09618e-06
-4.65837e-07
-4.21907e-06
-1.91937e-06
-3.98739e-06
-3.40489e-06
-3.29466e-06
-4.57215e-06
-2.0931e-06
-4.94888e-06
-6.92488e-07
-3.88935e-06
-1.234e-06
-2.30486e-08
3.70744e-07
-5.39086e-08
5.06056e-07
-8.62753e-08
5.46619e-07
-1.18101e-07
5.60482e-07
-1.48443e-07
5.6296e-07
-1.7682e-07
5.59207e-07
-2.03042e-07
5.51798e-07
-2.27114e-07
5.42338e-07
-2.49172e-07
5.3196e-07
-2.69444e-07
5.21521e-07
-2.88214e-07
5.11705e-07
-3.05804e-07
5.03083e-07
-3.22562e-07
4.96151e-07
-3.38864e-07
4.91364e-07
-3.55118e-07
4.89172e-07
-3.71783e-07
4.90047e-07
-3.89401e-07
4.94532e-07
-4.08635e-07
5.03278e-07
-4.30331e-07
5.17091e-07
-4.5559e-07
5.36975e-07
-4.85873e-07
5.64157e-07
-5.23122e-07
6.00079e-07
-5.6992e-07
6.46316e-07
-6.29662e-07
7.04391e-07
-7.06852e-07
7.75644e-07
-8.07803e-07
8.61531e-07
-9.42018e-07
9.64777e-07
-1.12485e-06
1.09184e-06
-1.38173e-06
1.25571e-06
-1.74933e-06
1.47151e-06
-2.24876e-06
1.69835e-06
-2.82894e-06
1.71467e-06
-3.36846e-06
1.16686e-06
-3.73193e-06
-1.02367e-07
-3.9633e-06
-1.688e-06
-4.01757e-06
-3.35062e-06
-3.72966e-06
-4.86006e-06
-2.79998e-06
-5.87856e-06
-1.22641e-06
-5.46292e-06
-2.4604e-06
-2.59622e-08
3.96706e-07
-5.99146e-08
5.40008e-07
-9.48722e-08
5.81577e-07
-1.28586e-07
5.94196e-07
-1.6006e-07
5.94434e-07
-1.88847e-07
5.87993e-07
-2.14833e-07
5.77784e-07
-2.38116e-07
5.65622e-07
-2.58926e-07
5.52769e-07
-2.77563e-07
5.40158e-07
-2.94368e-07
5.28509e-07
-3.0969e-07
5.18405e-07
-3.23879e-07
5.10341e-07
-3.37283e-07
5.04769e-07
-3.50256e-07
5.02144e-07
-3.6317e-07
5.02962e-07
-3.76447e-07
5.07809e-07
-3.9059e-07
5.17422e-07
-4.0624e-07
5.32741e-07
-4.24233e-07
5.54969e-07
-4.4569e-07
5.85615e-07
-4.72113e-07
6.26501e-07
-5.05496e-07
6.797e-07
-5.4846e-07
7.47355e-07
-6.04473e-07
8.31656e-07
-6.78265e-07
9.35322e-07
-7.76643e-07
1.06315e-06
-9.09887e-07
1.22509e-06
-1.09313e-06
1.43896e-06
-1.34392e-06
1.7223e-06
-1.66368e-06
2.01811e-06
-2.01177e-06
2.06275e-06
-2.31343e-06
1.46852e-06
-2.57128e-06
1.55484e-07
-2.78369e-06
-1.47559e-06
-3.04558e-06
-3.08873e-06
-3.25126e-06
-4.65438e-06
-2.92707e-06
-6.20276e-06
-1.60297e-06
-6.78702e-06
-4.06337e-06
-2.98295e-08
4.26535e-07
-6.76338e-08
5.77813e-07
-1.05608e-07
6.19551e-07
-1.41323e-07
6.29911e-07
-1.73792e-07
6.26903e-07
-2.02675e-07
6.16877e-07
-2.28005e-07
6.03114e-07
-2.50029e-07
5.87645e-07
-2.69104e-07
5.71845e-07
-2.85636e-07
5.56691e-07
-3.00031e-07
5.42904e-07
-3.12669e-07
5.31043e-07
-3.23894e-07
5.21566e-07
-3.34012e-07
5.14887e-07
-3.43302e-07
5.11434e-07
-3.52029e-07
5.11689e-07
-3.60451e-07
5.16231e-07
-3.68866e-07
5.25837e-07
-3.7764e-07
5.41514e-07
-3.87248e-07
5.64577e-07
-3.98339e-07
5.96705e-07
-4.11786e-07
6.39948e-07
-4.2874e-07
6.96654e-07
-4.50682e-07
7.69297e-07
-4.79455e-07
8.6043e-07
-5.1727e-07
9.73137e-07
-5.6659e-07
1.11247e-06
-6.29422e-07
1.28792e-06
-7.05318e-07
1.51485e-06
-7.88448e-07
1.80543e-06
-8.68416e-07
2.09808e-06
-9.39167e-07
2.1335e-06
-1.01129e-06
1.54065e-06
-1.12392e-06
2.68115e-07
-1.28096e-06
-1.31856e-06
-1.57939e-06
-2.79029e-06
-2.07487e-06
-4.1589e-06
-2.38472e-06
-5.89291e-06
-1.653e-06
-7.51874e-06
-5.71637e-06
-3.49743e-08
4.6151e-07
-7.75389e-08
6.20377e-07
-1.18942e-07
6.60954e-07
-1.5664e-07
6.67609e-07
-1.89777e-07
6.6004e-07
-2.18239e-07
6.45339e-07
-2.42304e-07
6.27178e-07
-2.62436e-07
6.07778e-07
-2.79176e-07
5.88585e-07
-2.93055e-07
5.7057e-07
-3.04556e-07
5.54405e-07
-3.14087e-07
5.40574e-07
-3.21979e-07
5.29458e-07
-3.28484e-07
5.21392e-07
-3.33792e-07
5.16742e-07
-3.38044e-07
5.1594e-07
-3.41307e-07
5.19495e-07
-3.43647e-07
5.28176e-07
-3.4511e-07
5.42978e-07
-3.45761e-07
5.65228e-07
-3.45698e-07
5.96643e-07
-3.45083e-07
6.39333e-07
-3.44127e-07
6.95698e-07
-3.43072e-07
7.68242e-07
-3.42037e-07
8.59395e-07
-3.40644e-07
9.71745e-07
-3.37127e-07
1.10896e-06
-3.26314e-07
1.27711e-06
-2.95943e-07
1.48448e-06
-2.23089e-07
1.73257e-06
-9.53863e-08
1.97038e-06
4.45861e-08
1.99353e-06
1.15603e-07
1.46963e-06
9.44339e-08
2.89284e-07
-5.52147e-08
-1.16891e-06
-3.45051e-07
-2.50046e-06
-8.45802e-07
-3.65815e-06
-1.49158e-06
-5.24712e-06
-1.40904e-06
-7.60128e-06
-7.12541e-06
-4.18282e-08
5.03338e-07
-9.02373e-08
6.68786e-07
-1.35397e-07
7.06113e-07
-1.74813e-07
7.07026e-07
-2.07981e-07
6.93208e-07
-2.35204e-07
6.72562e-07
-2.57136e-07
6.4911e-07
-2.7455e-07
6.25192e-07
-2.88209e-07
6.02244e-07
-2.9879e-07
5.81151e-07
-3.06854e-07
5.62468e-07
-3.12833e-07
5.46554e-07
-3.1704e-07
5.33665e-07
-3.19664e-07
5.24016e-07
-3.20787e-07
5.17865e-07
-3.20407e-07
5.1556e-07
-3.18421e-07
5.17509e-07
-3.1464e-07
5.24395e-07
-3.08789e-07
5.37127e-07
-3.00508e-07
5.56947e-07
-2.89348e-07
5.85483e-07
-2.74765e-07
6.2475e-07
-2.56089e-07
6.77022e-07
-2.32453e-07
7.44606e-07
-2.02565e-07
8.29506e-07
-1.64132e-07
9.33312e-07
-1.12671e-07
1.0575e-06
-3.91378e-08
1.20357e-06
7.36076e-08
1.37174e-06
2.51351e-07
1.55483e-06
5.14734e-07
1.70699e-06
8.24824e-07
1.68344e-06
1.04161e-06
1.25285e-06
1.02515e-06
3.0574e-07
7.9778e-07
-9.41534e-07
4.41315e-07
-2.14399e-06
-8.1299e-09
-3.2087e-06
-6.48737e-07
-4.60652e-06
-1.04005e-06
-7.20997e-06
-8.16546e-06
-5.10297e-08
5.54368e-07
-1.06544e-07
7.24301e-07
-1.55516e-07
7.55085e-07
-1.9594e-07
7.4745e-07
-2.28041e-07
7.25309e-07
-2.52801e-07
6.97322e-07
-2.71414e-07
6.67723e-07
-2.85039e-07
6.38817e-07
-2.94688e-07
6.11893e-07
-3.01187e-07
5.8765e-07
-3.0517e-07
5.66452e-07
-3.07095e-07
5.4848e-07
-3.07237e-07
5.33807e-07
-3.05706e-07
5.22485e-07
-3.02479e-07
5.14637e-07
-2.97401e-07
5.10483e-07
-2.90216e-07
5.10324e-07
-2.80501e-07
5.14681e-07
-2.6769e-07
5.24315e-07
-2.51037e-07
5.40294e-07
-2.29596e-07
5.64042e-07
-2.02201e-07
5.97356e-07
-1.6745e-07
6.4227e-07
-1.23626e-07
7.00782e-07
-6.85488e-08
7.74429e-07
9.54703e-10
8.63808e-07
9.00205e-08
9.68431e-07
2.07357e-07
1.08624e-06
3.67547e-07
1.21155e-06
5.92189e-07
1.33019e-06
8.94989e-07
1.40419e-06
1.23835e-06
1.34008e-06
1.50018e-06
9.91016e-07
1.53351e-06
2.72411e-07
1.30234e-06
-7.10368e-07
9.00194e-07
-1.74184e-06
4.40613e-07
-2.74912e-06
-1.06612e-07
-4.05929e-06
-6.99399e-07
-6.61718e-06
-8.86486e-06
-6.35556e-08
6.17923e-07
-1.27477e-07
7.88222e-07
-1.79751e-07
8.0736e-07
-2.19757e-07
7.87456e-07
-2.49038e-07
7.5459e-07
-2.69596e-07
7.1788e-07
-2.83304e-07
6.8143e-07
-2.91741e-07
6.47255e-07
-2.96179e-07
6.16331e-07
-2.97602e-07
5.89072e-07
-2.96706e-07
5.65556e-07
-2.93913e-07
5.45686e-07
-2.89427e-07
5.2932e-07
-2.83292e-07
5.1635e-07
-2.75397e-07
5.06742e-07
-2.65466e-07
5.00553e-07
-2.53087e-07
4.97945e-07
-2.37663e-07
4.99257e-07
-2.18393e-07
5.05045e-07
-1.94226e-07
5.16127e-07
-1.63821e-07
5.33637e-07
-1.25512e-07
5.59047e-07
-7.73235e-08
5.94082e-07
-1.69586e-08
6.40417e-07
5.82098e-08
6.99261e-07
1.5133e-07
7.70688e-07
2.66801e-07
8.52961e-07
4.11083e-07
9.41955e-07
5.93151e-07
1.02948e-06
8.23809e-07
1.09953e-06
1.10689e-06
1.12112e-06
1.41102e-06
1.03594e-06
1.64478e-06
7.57256e-07
1.68879e-06
2.28399e-07
1.49249e-06
-5.14064e-07
1.11306e-06
-1.36241e-06
6.53086e-07
-2.28915e-06
1.86321e-07
-3.59253e-06
-4.20155e-07
-6.0107e-06
-9.28502e-06
-8.09458e-08
6.98869e-07
-1.54447e-07
8.61723e-07
-2.08352e-07
8.61265e-07
-2.45401e-07
8.24505e-07
-2.69226e-07
7.78415e-07
-2.83132e-07
7.31786e-07
-2.89739e-07
6.88037e-07
-2.91055e-07
6.48571e-07
-2.88603e-07
6.13879e-07
-2.83465e-07
5.83934e-07
-2.76334e-07
5.58425e-07
-2.67595e-07
5.36948e-07
-2.57395e-07
5.1912e-07
-2.45693e-07
5.04648e-07
-2.32286e-07
4.93335e-07
-2.16812e-07
4.85079e-07
-1.9875e-07
4.79883e-07
-1.7739e-07
4.77897e-07
-1.51792e-07
4.79446e-07
-1.20725e-07
4.8506e-07
-8.26047e-08
4.95517e-07
-3.54318e-08
5.11874e-07
2.31982e-08
5.35452e-07
9.59791e-08
5.67636e-07
1.85805e-07
6.09435e-07
2.95596e-07
6.60897e-07
4.28338e-07
7.20218e-07
5.8742e-07
7.82874e-07
7.76309e-07
8.40589e-07
9.9685e-07
8.78991e-07
1.24381e-06
8.74157e-07
1.49026e-06
7.89494e-07
1.67194e-06
5.75574e-07
1.70567e-06
1.94669e-07
1.5423e-06
-3.50688e-07
1.20892e-06
-1.02903e-06
7.85816e-07
-1.86605e-06
3.75363e-07
-3.18208e-06
-1.97064e-07
-5.43828e-06
-9.48208e-06
-1.05658e-07
8.04527e-07
-1.8824e-07
9.44305e-07
-2.40768e-07
9.13793e-07
-2.70963e-07
8.54701e-07
-2.8538e-07
7.92831e-07
-2.88865e-07
7.35271e-07
-2.84803e-07
6.83975e-07
-2.75633e-07
6.39401e-07
-2.63116e-07
6.01362e-07
-2.48401e-07
5.69219e-07
-2.32148e-07
5.42173e-07
-2.14673e-07
5.19472e-07
-1.96043e-07
5.00491e-07
-1.76134e-07
4.8474e-07
-1.5467e-07
4.71871e-07
-1.31229e-07
4.61637e-07
-1.05243e-07
4.53898e-07
-7.59809e-08
4.48635e-07
-4.24909e-08
4.45956e-07
-3.53984e-09
4.46109e-07
4.24668e-08
4.49511e-07
9.75658e-08
4.56775e-07
1.64341e-07
4.68676e-07
2.45817e-07
4.86159e-07
3.45161e-07
5.10092e-07
4.65292e-07
5.40766e-07
6.08287e-07
5.77223e-07
7.74919e-07
6.16242e-07
9.64301e-07
6.51207e-07
1.17242e-06
6.7087e-07
1.3887e-06
6.57879e-07
1.58904e-06
5.89156e-07
1.72832e-06
4.36294e-07
1.74989e-06
1.731e-07
1.61376e-06
-2.14561e-07
1.33515e-06
-7.50421e-07
9.83565e-07
-1.51446e-06
6.08804e-07
-2.80731e-06
4.27634e-08
-4.87224e-06
-9.43932e-06
-1.48325e-07
9.52853e-07
-2.41648e-07
1.03763e-06
-2.80719e-07
9.52863e-07
-2.93767e-07
8.67749e-07
-2.89917e-07
7.88982e-07
-2.74334e-07
7.19687e-07
-2.50833e-07
6.60474e-07
-2.22473e-07
6.1104e-07
-1.91399e-07
5.70288e-07
-1.58809e-07
5.3663e-07
-1.25238e-07
5.08601e-07
-9.08368e-08
4.85071e-07
-5.55449e-08
4.65199e-07
-1.91527e-08
4.48347e-07
1.86873e-08
4.34031e-07
5.84188e-08
4.21906e-07
1.00586e-07
4.11731e-07
1.45834e-07
4.03387e-07
1.94963e-07
3.96827e-07
2.48982e-07
3.9209e-07
3.09181e-07
3.89312e-07
3.77212e-07
3.88744e-07
4.55125e-07
3.90763e-07
5.45414e-07
3.95871e-07
6.50939e-07
4.04566e-07
7.74691e-07
4.17014e-07
9.19134e-07
4.32779e-07
1.08507e-06
4.50303e-07
1.27025e-06
4.66031e-07
1.46785e-06
4.73264e-07
1.66469e-06
4.61039e-07
1.83927e-06
4.14577e-07
1.95763e-06
3.17936e-07
1.98006e-06
1.5067e-07
1.87789e-06
-1.12394e-07
1.65869e-06
-5.31219e-07
1.37043e-06
-1.22621e-06
9.71328e-07
-2.40821e-06
3.13763e-07
-4.21467e-06
-9.12556e-06
-2.4021e-07
1.19306e-06
-3.05755e-07
1.10317e-06
-3.00211e-07
9.47319e-07
-2.75546e-07
8.43084e-07
-2.27794e-07
7.4123e-07
-1.61517e-07
6.53411e-07
-8.48333e-08
5.83791e-07
-4.64702e-09
5.30854e-07
7.56538e-08
4.89987e-07
1.55248e-07
4.57036e-07
2.34227e-07
4.29623e-07
3.12895e-07
4.06403e-07
3.91625e-07
3.86469e-07
4.70814e-07
3.69158e-07
5.5085e-07
3.53995e-07
6.32112e-07
3.40643e-07
7.14973e-07
3.2887e-07
7.99847e-07
3.18513e-07
8.87219e-07
3.09456e-07
9.77651e-07
3.01657e-07
1.07184e-06
2.95127e-07
1.17064e-06
2.89938e-07
1.27517e-06
2.86235e-07
1.38679e-06
2.84251e-07
1.50718e-06
2.8418e-07
1.63827e-06
2.85922e-07
1.78202e-06
2.89028e-07
1.93967e-06
2.92656e-07
2.11049e-06
2.95208e-07
2.29019e-06
2.93564e-07
2.46863e-06
2.82597e-07
2.62854e-06
2.54666e-07
2.74634e-06
2.00138e-07
2.79368e-06
1.0333e-07
2.74275e-06
-6.14598e-08
2.56206e-06
-3.50528e-07
2.19329e-06
-8.57437e-07
1.52017e-06
-1.7351e-06
6.58261e-07
-3.35276e-06
-8.46729e-06
-3.42189e-07
1.53525e-06
-3.03131e-07
1.06411e-06
-4.37859e-08
6.87974e-07
2.54414e-07
5.44884e-07
5.33554e-07
4.62089e-07
7.89629e-07
3.97337e-07
1.02417e-06
3.49251e-07
1.2396e-06
3.15425e-07
1.43977e-06
2.89815e-07
1.62809e-06
2.68717e-07
1.80691e-06
2.50804e-07
1.97793e-06
2.35378e-07
2.14249e-06
2.21909e-07
2.30164e-06
2.10009e-07
2.45622e-06
1.99412e-07
2.60694e-06
1.89932e-07
2.75437e-06
1.81437e-07
2.89906e-06
1.73825e-07
3.04148e-06
1.67027e-07
3.18214e-06
1.61003e-07
3.32152e-06
1.55741e-07
3.46021e-06
1.51256e-07
3.59885e-06
1.47593e-07
3.73829e-06
1.44812e-07
3.87958e-06
1.42889e-07
4.02379e-06
1.41712e-07
4.17165e-06
1.41166e-07
4.32342e-06
1.40888e-07
4.4786e-06
1.40031e-07
4.63514e-06
1.37015e-07
4.78837e-06
1.29375e-07
4.92949e-06
1.13547e-07
5.04453e-06
8.50947e-08
5.1088e-06
3.9055e-08
5.07906e-06
-3.17177e-08
4.86449e-06
-1.35952e-07
4.26451e-06
-2.5746e-07
3.0437e-06
-5.14289e-07
1.46496e-06
-1.77402e-06
-7.00233e-06
1.53525e-06
2.59937e-06
3.28734e-06
3.83223e-06
4.29431e-06
4.69165e-06
5.0409e-06
5.35633e-06
5.64614e-06
5.91486e-06
6.16566e-06
6.40104e-06
6.62295e-06
6.83296e-06
7.03237e-06
7.2223e-06
7.40374e-06
7.57756e-06
7.74459e-06
7.9056e-06
8.06134e-06
8.21259e-06
8.36019e-06
8.505e-06
8.64789e-06
8.7896e-06
8.93076e-06
9.07165e-06
9.21168e-06
9.3487e-06
9.47807e-06
9.59162e-06
9.67672e-06
9.71577e-06
9.68405e-06
9.5481e-06
9.29064e-06
8.77635e-06
7.00233e-06
)
;

boundaryField
{
    movingWall
    {
        type            calculated;
        value           uniform 0;
    }
    fixedWalls
    {
        type            calculated;
        value           uniform 0;
    }
    frontAndBack
    {
        type            empty;
    }
}


// ************************************************************************* //
