/*--------------------------------*- C++ -*----------------------------------*\
| =========                 |                                                 |
| \\      /  F ield         | OpenFOAM: The Open Source CFD Toolbox           |
|  \\    /   O peration     | Version:  2412                                  |
|   \\  /    A nd           | Website:  www.openfoam.com                      |
|    \\/     M anipulation  |                                                 |
\*---------------------------------------------------------------------------*/
FoamFile
{
    version     2.0;
    format      ascii;
    arch        "LSB;label=32;scalar=64";
    class       volScalarField;
    location    "2.25";
    object      nut;
}
// * * * * * * * * * * * * * * * * * * * * * * * * * * * * * * * * * * * * * //

dimensions      [0 2 -1 0 0 0 0];

internalField   nonuniform List<scalar> 
1600
(
1.726e-06
1.95037e-06
2.18075e-06
2.34317e-06
2.48462e-06
2.65235e-06
2.85383e-06
3.09953e-06
3.38495e-06
3.73103e-06
4.16573e-06
4.71338e-06
5.38938e-06
6.19256e-06
7.09715e-06
8.05233e-06
8.9927e-06
9.85887e-06
1.06013e-05
1.11836e-05
1.15779e-05
1.1761e-05
1.18164e-05
1.17451e-05
1.14948e-05
1.11607e-05
1.07152e-05
1.01796e-05
9.55455e-06
8.81051e-06
7.93528e-06
6.94222e-06
5.88029e-06
5.1552e-06
4.70128e-06
4.27669e-06
3.81306e-06
3.22923e-06
2.56436e-06
2.05596e-06
2.01723e-06
4.50711e-06
6.73371e-06
7.77618e-06
8.1388e-06
8.15717e-06
8.04852e-06
7.94523e-06
7.9352e-06
8.09379e-06
8.47847e-06
9.11973e-06
1.00253e-05
1.11483e-05
1.23694e-05
1.3473e-05
1.43707e-05
1.51731e-05
1.6232e-05
1.7677e-05
1.91071e-05
2.08657e-05
2.29572e-05
2.47211e-05
2.63436e-05
2.76748e-05
2.8869e-05
2.98855e-05
3.06549e-05
3.08476e-05
3.00398e-05
2.79209e-05
2.42453e-05
1.98329e-05
1.52768e-05
1.11361e-05
7.79271e-06
5.65644e-06
3.93694e-06
2.36786e-06
2.34623e-06
7.85277e-06
1.30876e-05
1.54345e-05
1.60635e-05
1.58718e-05
1.53624e-05
1.48384e-05
1.4492e-05
1.44421e-05
1.47715e-05
1.55209e-05
1.66387e-05
1.80028e-05
1.95112e-05
2.14594e-05
2.33397e-05
2.53835e-05
2.74756e-05
2.94792e-05
3.11028e-05
3.25415e-05
3.36101e-05
3.41593e-05
3.43031e-05
3.43768e-05
3.42865e-05
3.39448e-05
3.34085e-05
3.26677e-05
3.18118e-05
3.1283e-05
3.00073e-05
2.58204e-05
2.12447e-05
1.63007e-05
1.19575e-05
8.4921e-06
5.29005e-06
2.83438e-06
2.65793e-06
1.11742e-05
1.92357e-05
2.27727e-05
2.37473e-05
2.35566e-05
2.29617e-05
2.24425e-05
2.22912e-05
2.26062e-05
2.33774e-05
2.45597e-05
2.60609e-05
2.77417e-05
2.94606e-05
3.07958e-05
3.19472e-05
3.25938e-05
3.29901e-05
3.32795e-05
3.35486e-05
3.34624e-05
3.28906e-05
3.20627e-05
3.13268e-05
3.0832e-05
3.05697e-05
3.06452e-05
3.07914e-05
3.06953e-05
3.02452e-05
2.95766e-05
2.88299e-05
2.84363e-05
2.52567e-05
2.00967e-05
1.45723e-05
1.03693e-05
6.41916e-06
3.27659e-06
3.11618e-06
1.4077e-05
2.5112e-05
2.98528e-05
3.11175e-05
3.08577e-05
3.01271e-05
2.9592e-05
2.96075e-05
3.01952e-05
3.11911e-05
3.2417e-05
3.37168e-05
3.48931e-05
3.52331e-05
3.47834e-05
3.44338e-05
3.44044e-05
3.40425e-05
3.3199e-05
3.12178e-05
2.93063e-05
2.81897e-05
2.74142e-05
2.62644e-05
2.57696e-05
2.50845e-05
2.46085e-05
2.45145e-05
2.5131e-05
2.64627e-05
2.73087e-05
2.735e-05
2.66056e-05
2.67809e-05
2.39917e-05
1.79545e-05
1.14495e-05
6.88699e-06
3.66135e-06
3.69943e-06
1.64857e-05
3.0457e-05
3.64669e-05
3.79038e-05
3.74212e-05
3.64484e-05
3.58378e-05
3.59143e-05
3.65432e-05
3.74187e-05
3.82951e-05
3.83864e-05
3.75243e-05
3.66716e-05
3.57873e-05
3.52604e-05
3.41701e-05
3.15013e-05
2.96558e-05
2.90677e-05
2.88266e-05
2.88125e-05
2.88702e-05
2.88608e-05
2.84991e-05
2.77764e-05
2.67632e-05
2.54752e-05
2.39699e-05
2.26595e-05
2.2614e-05
2.44723e-05
2.50901e-05
2.48792e-05
2.52955e-05
2.18767e-05
1.36796e-05
7.74186e-06
4.0419e-06
4.29068e-06
1.83971e-05
3.50922e-05
4.24264e-05
4.39198e-05
4.30901e-05
4.18124e-05
4.10733e-05
4.10779e-05
4.15102e-05
4.19551e-05
4.08498e-05
3.96623e-05
3.84559e-05
3.68583e-05
3.57103e-05
3.31561e-05
3.10026e-05
3.06957e-05
3.10139e-05
3.1527e-05
3.26516e-05
3.3701e-05
3.39842e-05
3.41939e-05
3.36422e-05
3.2715e-05
3.13433e-05
2.96182e-05
2.76374e-05
2.5352e-05
2.3136e-05
2.13546e-05
2.21109e-05
2.34031e-05
2.34138e-05
2.40163e-05
1.80353e-05
9.37574e-06
4.49163e-06
4.86715e-06
1.97738e-05
3.89521e-05
4.76079e-05
4.90859e-05
4.78599e-05
4.62666e-05
4.53505e-05
4.51458e-05
4.51603e-05
4.34145e-05
4.19989e-05
4.03601e-05
3.83401e-05
3.58236e-05
3.28015e-05
3.20717e-05
3.26005e-05
3.36128e-05
3.50103e-05
3.73661e-05
3.90338e-05
4.05928e-05
4.14181e-05
4.14956e-05
4.08129e-05
3.93615e-05
3.72543e-05
3.46665e-05
3.1856e-05
2.90664e-05
2.6203e-05
2.3388e-05
2.09735e-05
2.04055e-05
2.19752e-05
2.20572e-05
2.11808e-05
1.13966e-05
5.03991e-06
5.42023e-06
2.06413e-05
4.20064e-05
5.19609e-05
5.34178e-05
5.18184e-05
4.99242e-05
4.87791e-05
4.82676e-05
4.64085e-05
4.44669e-05
4.28941e-05
4.02279e-05
3.69178e-05
3.33632e-05
3.31983e-05
3.4328e-05
3.58528e-05
3.81781e-05
4.12054e-05
4.46617e-05
4.74219e-05
4.93883e-05
5.07249e-05
5.11695e-05
5.0721e-05
4.9228e-05
4.669e-05
4.3191e-05
3.89887e-05
3.45568e-05
3.01874e-05
2.61609e-05
2.29228e-05
2.03736e-05
1.94475e-05
2.04685e-05
2.08373e-05
1.42942e-05
5.71875e-06
5.94546e-06
2.10465e-05
4.42678e-05
5.54983e-05
5.69907e-05
5.50878e-05
5.29021e-05
5.14037e-05
4.99327e-05
4.73059e-05
4.58415e-05
4.27592e-05
3.89008e-05
3.46905e-05
3.3895e-05
3.5534e-05
3.76279e-05
4.03638e-05
4.44101e-05
4.88662e-05
5.26171e-05
5.58986e-05
5.82825e-05
5.99877e-05
6.08057e-05
6.07616e-05
5.97118e-05
5.74412e-05
5.3787e-05
4.87573e-05
4.28088e-05
3.67951e-05
3.10122e-05
2.52504e-05
2.17313e-05
1.93083e-05
1.95137e-05
1.98501e-05
1.69252e-05
6.60394e-06
6.43477e-06
2.11302e-05
4.57967e-05
5.82753e-05
5.99033e-05
5.77964e-05
5.5386e-05
5.3629e-05
5.05137e-05
4.83753e-05
4.58746e-05
4.18892e-05
3.71249e-05
3.41634e-05
3.6045e-05
3.87099e-05
4.13621e-05
4.58645e-05
5.11685e-05
5.57159e-05
5.96198e-05
6.32009e-05
6.57954e-05
6.76622e-05
6.87866e-05
6.91338e-05
6.85293e-05
6.6803e-05
6.37593e-05
5.92322e-05
5.28849e-05
4.53525e-05
3.78059e-05
3.07594e-05
2.4003e-05
1.9931e-05
1.76798e-05
1.8619e-05
1.78924e-05
8.44207e-06
6.88501e-06
2.0974e-05
4.66652e-05
6.03654e-05
6.22548e-05
6.00295e-05
5.73166e-05
5.49058e-05
5.13262e-05
4.93486e-05
4.56325e-05
4.06156e-05
3.57779e-05
3.59518e-05
3.87306e-05
4.18252e-05
4.58012e-05
5.13913e-05
5.68523e-05
6.16313e-05
6.54302e-05
6.85912e-05
7.0908e-05
7.25622e-05
7.37737e-05
7.44861e-05
7.45866e-05
7.37995e-05
7.17078e-05
6.78782e-05
6.22567e-05
5.45341e-05
4.57113e-05
3.70438e-05
2.92739e-05
2.21761e-05
1.84163e-05
1.80205e-05
1.79374e-05
1.08878e-05
7.29949e-06
2.05822e-05
4.69393e-05
6.18413e-05
6.41343e-05
6.1913e-05
5.90843e-05
5.57288e-05
5.23488e-05
4.98474e-05
4.51746e-05
3.96869e-05
3.56487e-05
3.79501e-05
4.14739e-05
4.49095e-05
5.00183e-05
5.6126e-05
6.17064e-05
6.60928e-05
6.92002e-05
7.14157e-05
7.34107e-05
7.47424e-05
7.58452e-05
7.68104e-05
7.75766e-05
7.78658e-05
7.71774e-05
7.48383e-05
7.01671e-05
6.31175e-05
5.3705e-05
4.36565e-05
3.42596e-05
2.60445e-05
1.9077e-05
1.70452e-05
1.7741e-05
1.35894e-05
7.67704e-06
1.99914e-05
4.66885e-05
6.27693e-05
6.56135e-05
6.34929e-05
6.05257e-05
5.64031e-05
5.33292e-05
5.01892e-05
4.47166e-05
3.89104e-05
3.6721e-05
3.99469e-05
4.38331e-05
4.7871e-05
5.37536e-05
5.99851e-05
6.49081e-05
6.84411e-05
7.10108e-05
7.25129e-05
7.36684e-05
7.47028e-05
7.55159e-05
7.65588e-05
7.78647e-05
7.91978e-05
8.00195e-05
7.95108e-05
7.66978e-05
7.07566e-05
6.17355e-05
5.07095e-05
3.98834e-05
3.02422e-05
2.20312e-05
1.73108e-05
1.75535e-05
1.59985e-05
8.01539e-06
1.92448e-05
4.6005e-05
6.31915e-05
6.67661e-05
6.49857e-05
6.19776e-05
5.72866e-05
5.42952e-05
5.0349e-05
4.44902e-05
3.86954e-05
3.80351e-05
4.16803e-05
4.58257e-05
5.04351e-05
5.67004e-05
6.22525e-05
6.63539e-05
6.95577e-05
7.14226e-05
7.22935e-05
7.26738e-05
7.31e-05
7.35108e-05
7.44084e-05
7.60351e-05
7.82441e-05
8.05034e-05
8.18913e-05
8.11888e-05
7.71352e-05
6.91008e-05
5.76351e-05
4.52381e-05
3.41754e-05
2.44011e-05
1.73936e-05
1.74976e-05
1.79604e-05
8.31203e-06
1.83698e-05
4.4921e-05
6.31058e-05
6.78158e-05
6.62752e-05
6.29234e-05
5.80238e-05
5.53081e-05
5.07402e-05
4.4662e-05
3.89532e-05
3.9155e-05
4.30152e-05
4.73624e-05
5.2282e-05
5.83713e-05
6.31589e-05
6.70938e-05
6.96885e-05
7.09562e-05
7.12589e-05
7.09469e-05
7.07707e-05
7.06584e-05
7.12149e-05
7.29033e-05
7.57332e-05
7.92332e-05
8.24366e-05
8.3938e-05
8.21392e-05
7.56878e-05
6.45716e-05
5.10859e-05
3.8545e-05
2.78768e-05
1.9093e-05
1.72338e-05
1.95181e-05
8.56432e-06
1.74333e-05
4.35532e-05
6.26886e-05
6.80892e-05
6.69408e-05
6.3764e-05
5.9181e-05
5.62637e-05
5.13442e-05
4.51135e-05
3.96825e-05
3.99748e-05
4.38331e-05
4.8334e-05
5.33559e-05
5.89195e-05
6.34024e-05
6.70252e-05
6.91856e-05
7.00414e-05
6.99013e-05
6.89437e-05
6.83201e-05
6.77123e-05
6.78204e-05
6.93293e-05
7.2481e-05
7.69222e-05
8.17058e-05
8.52739e-05
8.58186e-05
8.12343e-05
7.085e-05
5.6495e-05
4.2256e-05
3.03771e-05
2.03934e-05
1.71902e-05
2.07393e-05
8.76799e-06
1.64132e-05
4.20176e-05
6.19365e-05
6.84501e-05
6.79608e-05
6.50639e-05
6.04769e-05
5.73383e-05
5.23754e-05
4.64113e-05
4.09317e-05
4.06704e-05
4.42669e-05
4.87367e-05
5.3595e-05
5.87151e-05
6.30051e-05
6.63254e-05
6.82369e-05
6.88741e-05
6.85015e-05
6.71327e-05
6.59283e-05
6.49321e-05
6.46816e-05
6.60162e-05
6.92259e-05
7.42804e-05
8.02348e-05
8.56641e-05
8.80841e-05
8.56848e-05
7.67739e-05
6.19975e-05
4.61929e-05
3.32036e-05
2.22749e-05
1.72831e-05
2.16938e-05
8.92217e-06
1.55083e-05
4.01196e-05
6.06877e-05
6.85401e-05
6.88073e-05
6.61884e-05
6.19207e-05
5.85772e-05
5.3775e-05
4.76686e-05
4.19101e-05
4.08589e-05
4.39257e-05
4.85471e-05
5.3167e-05
5.78986e-05
6.19859e-05
6.50942e-05
6.69032e-05
6.74749e-05
6.70217e-05
6.565e-05
6.40511e-05
6.27958e-05
6.22278e-05
6.31008e-05
6.61116e-05
7.16298e-05
7.88687e-05
8.58635e-05
9.01584e-05
8.95151e-05
8.19895e-05
6.71153e-05
4.96444e-05
3.52198e-05
2.37435e-05
1.76241e-05
2.24423e-05
9.01627e-06
1.45005e-05
3.80377e-05
5.92618e-05
6.83762e-05
6.95194e-05
6.73215e-05
6.35713e-05
5.99555e-05
5.52554e-05
4.91949e-05
4.36382e-05
4.13379e-05
4.36453e-05
4.73086e-05
5.2071e-05
5.66038e-05
6.0463e-05
6.34287e-05
6.51919e-05
6.5756e-05
6.53634e-05
6.42651e-05
6.28059e-05
6.15378e-05
6.08315e-05
6.14245e-05
6.42664e-05
7.00728e-05
7.81897e-05
8.62828e-05
9.23794e-05
9.34337e-05
8.67726e-05
7.20588e-05
5.30478e-05
3.71031e-05
2.51087e-05
1.81281e-05
2.30314e-05
9.02604e-06
1.35039e-05
3.5593e-05
5.75129e-05
6.79605e-05
7.01218e-05
6.84916e-05
6.52683e-05
6.15767e-05
5.72051e-05
5.15634e-05
4.58232e-05
4.23857e-05
4.33347e-05
4.65983e-05
5.01595e-05
5.44538e-05
5.82166e-05
6.11683e-05
6.29313e-05
6.3708e-05
6.3603e-05
6.27569e-05
6.14984e-05
6.04151e-05
5.99502e-05
6.05619e-05
6.331e-05
6.90547e-05
7.72625e-05
8.65488e-05
9.40773e-05
9.67602e-05
9.14256e-05
7.66765e-05
5.61745e-05
3.85041e-05
2.60779e-05
1.87988e-05
2.35198e-05
8.99326e-06
1.26191e-05
3.29968e-05
5.53235e-05
6.72538e-05
7.06323e-05
6.96893e-05
6.69622e-05
6.34513e-05
5.92981e-05
5.45178e-05
4.83159e-05
4.4098e-05
4.31718e-05
4.56352e-05
4.88278e-05
5.20333e-05
5.54128e-05
5.83163e-05
6.03383e-05
6.13635e-05
6.14784e-05
6.09072e-05
5.98502e-05
5.90414e-05
5.85577e-05
5.9074e-05
6.18311e-05
6.80893e-05
7.72232e-05
8.74133e-05
9.5996e-05
9.98512e-05
9.55833e-05
8.0831e-05
5.9048e-05
3.95362e-05
2.67839e-05
1.94534e-05
2.39459e-05
8.90404e-06
1.1802e-05
3.03672e-05
5.27902e-05
6.61445e-05
7.10267e-05
7.08708e-05
6.86859e-05
6.5521e-05
6.14654e-05
5.77082e-05
5.14534e-05
4.66821e-05
4.41223e-05
4.47305e-05
4.74725e-05
5.03926e-05
5.29614e-05
5.54167e-05
5.73958e-05
5.85538e-05
5.8966e-05
5.87755e-05
5.80164e-05
5.75997e-05
5.73964e-05
5.82906e-05
6.15731e-05
6.83686e-05
7.80108e-05
8.87937e-05
9.81041e-05
0.000102793
9.92629e-05
8.44967e-05
6.16015e-05
4.02534e-05
2.72026e-05
2.01522e-05
2.43372e-05
8.74413e-06
1.12014e-05
2.79173e-05
5.00171e-05
6.45835e-05
7.1252e-05
7.20052e-05
7.04423e-05
6.77324e-05
6.4066e-05
6.07168e-05
5.56678e-05
4.98993e-05
4.63658e-05
4.47489e-05
4.61453e-05
4.86281e-05
5.11333e-05
5.32365e-05
5.49075e-05
5.60398e-05
5.65932e-05
5.66119e-05
5.61769e-05
5.60551e-05
5.63293e-05
5.78607e-05
6.2013e-05
6.94173e-05
7.95144e-05
9.06787e-05
0.000100405
0.000105582
0.000102527
8.76481e-05
6.34574e-05
4.08261e-05
2.7363e-05
2.08043e-05
2.47119e-05
8.53452e-06
1.06113e-05
2.57292e-05
4.71226e-05
6.26915e-05
7.11916e-05
7.30337e-05
7.22096e-05
7.00604e-05
6.70978e-05
6.35124e-05
6.02786e-05
5.45556e-05
5.00616e-05
4.7008e-05
4.56176e-05
4.70411e-05
4.90093e-05
5.09448e-05
5.25052e-05
5.36145e-05
5.42028e-05
5.44435e-05
5.4444e-05
5.46721e-05
5.56284e-05
5.81512e-05
6.33221e-05
7.13472e-05
8.17324e-05
9.30059e-05
0.000102815
0.000108126
0.000105323
9.00847e-05
6.50881e-05
4.092e-05
2.72427e-05
2.14493e-05
2.50818e-05
8.28061e-06
1.01008e-05
2.37338e-05
4.42054e-05
6.06071e-05
7.06633e-05
7.39492e-05
7.39627e-05
7.24362e-05
7.00331e-05
6.66185e-05
6.40712e-05
6.01115e-05
5.47444e-05
5.10961e-05
4.84372e-05
4.69112e-05
4.75054e-05
4.89261e-05
5.01941e-05
5.12036e-05
5.19947e-05
5.25319e-05
5.29477e-05
5.38961e-05
5.59167e-05
5.96616e-05
6.57009e-05
7.41644e-05
8.45621e-05
9.56405e-05
0.000105194
0.000110408
0.000107391
9.17501e-05
6.6204e-05
4.06682e-05
2.68448e-05
2.20563e-05
2.54533e-05
7.9907e-06
9.72131e-06
2.1963e-05
4.13734e-05
5.83592e-05
6.97189e-05
7.46674e-05
7.5665e-05
7.4856e-05
7.30333e-05
7.03241e-05
6.74636e-05
6.53375e-05
6.11385e-05
5.65645e-05
5.33123e-05
5.08314e-05
4.91977e-05
4.86309e-05
4.89726e-05
4.97035e-05
5.07718e-05
5.15616e-05
5.27391e-05
5.47841e-05
5.79407e-05
6.26446e-05
6.92517e-05
7.77708e-05
8.78196e-05
9.84706e-05
0.000107446
0.000111817
0.000108343
9.3017e-05
6.67693e-05
4.00479e-05
2.64645e-05
2.26453e-05
2.5831e-05
7.67529e-06
9.40606e-06
2.0519e-05
3.87696e-05
5.60367e-05
6.8448e-05
7.5125e-05
7.72717e-05
7.73062e-05
7.61801e-05
7.44463e-05
7.15197e-05
6.94357e-05
6.73511e-05
6.35347e-05
5.98027e-05
5.69171e-05
5.46816e-05
5.31908e-05
5.24453e-05
5.23068e-05
5.30174e-05
5.43136e-05
5.57023e-05
5.82386e-05
6.20705e-05
6.71792e-05
7.37931e-05
8.18872e-05
9.15875e-05
0.000101226
0.000108662
0.000112348
0.000108824
9.32414e-05
6.66717e-05
3.90907e-05
2.57866e-05
2.31904e-05
2.62165e-05
7.34668e-06
9.14834e-06
1.93455e-05
3.64829e-05
5.37563e-05
6.69738e-05
7.53077e-05
7.87471e-05
7.97633e-05
7.93987e-05
7.82626e-05
7.62911e-05
7.39314e-05
7.2344e-05
7.05668e-05
6.73916e-05
6.43907e-05
6.20314e-05
6.02358e-05
5.90723e-05
5.86e-05
5.87103e-05
6.03665e-05
6.15334e-05
6.39445e-05
6.79446e-05
7.27561e-05
7.8832e-05
8.66421e-05
9.50113e-05
0.000102704
0.000109335
0.000112143
0.000107959
9.2338e-05
6.58287e-05
3.77768e-05
2.46721e-05
2.37031e-05
2.66101e-05
7.01868e-06
8.94297e-06
1.84249e-05
3.45754e-05
5.16471e-05
6.5456e-05
7.52642e-05
8.00892e-05
8.22279e-05
8.27326e-05
8.22908e-05
8.1304e-05
7.92393e-05
7.74123e-05
7.62287e-05
7.49452e-05
7.25623e-05
7.0274e-05
6.8548e-05
6.73219e-05
6.66966e-05
6.66336e-05
6.76915e-05
6.92836e-05
7.11178e-05
7.43819e-05
7.88061e-05
8.44476e-05
9.05065e-05
9.68915e-05
0.000103657
0.00010891
0.000110491
0.000105542
9.01436e-05
6.41616e-05
3.62454e-05
2.36645e-05
2.41684e-05
2.70112e-05
6.70703e-06
8.78785e-06
1.7759e-05
3.31001e-05
4.98476e-05
6.40892e-05
7.51187e-05
8.13569e-05
8.4741e-05
8.62469e-05
8.65883e-05
8.62284e-05
8.53437e-05
8.35112e-05
8.19382e-05
8.10354e-05
8.03019e-05
7.87911e-05
7.7194e-05
7.60547e-05
7.53766e-05
7.51923e-05
7.56553e-05
7.70209e-05
7.87461e-05
8.08941e-05
8.43997e-05
8.83643e-05
9.29075e-05
9.81673e-05
0.000103272
0.000106895
0.000107076
0.000101247
8.64036e-05
6.13881e-05
3.4292e-05
2.23347e-05
2.45762e-05
2.74196e-05
6.42913e-06
8.68735e-06
1.73664e-05
3.21193e-05
4.85139e-05
6.31061e-05
7.50809e-05
8.26906e-05
8.73941e-05
9.00241e-05
9.12633e-05
9.16021e-05
9.13275e-05
9.05357e-05
8.90781e-05
8.7665e-05
8.65906e-05
8.60477e-05
8.52138e-05
8.43961e-05
8.372e-05
8.33323e-05
8.33436e-05
8.38844e-05
8.50115e-05
8.65333e-05
8.81099e-05
9.08107e-05
9.41891e-05
9.76879e-05
0.000100917
0.00010273
0.000101422
9.47379e-05
8.07675e-05
5.7286e-05
3.18639e-05
2.1003e-05
2.49154e-05
2.78339e-05
6.20346e-06
8.65053e-06
1.73128e-05
3.17084e-05
4.78403e-05
6.28004e-05
7.54351e-05
8.42428e-05
9.01925e-05
9.39639e-05
9.61636e-05
9.72605e-05
9.75852e-05
9.73629e-05
9.6644e-05
9.53264e-05
9.3964e-05
9.26459e-05
9.18847e-05
9.08434e-05
9.00249e-05
8.94357e-05
8.90062e-05
8.8825e-05
8.89921e-05
8.95832e-05
9.03899e-05
9.12672e-05
9.27701e-05
9.44414e-05
9.55396e-05
9.53822e-05
9.25572e-05
8.51125e-05
7.24906e-05
5.14733e-05
2.87799e-05
1.95354e-05
2.51362e-05
2.82513e-05
6.05752e-06
8.74061e-06
1.76856e-05
3.20599e-05
4.81207e-05
6.325e-05
7.57482e-05
8.51462e-05
9.19492e-05
9.67212e-05
9.98879e-05
0.000101734
0.000102609
0.000102783
0.000102465
0.000101688
0.000100431
9.8788e-05
9.74854e-05
9.61764e-05
9.44654e-05
9.30886e-05
9.18615e-05
9.07739e-05
8.98252e-05
8.90482e-05
8.81782e-05
8.77553e-05
8.7246e-05
8.66087e-05
8.56747e-05
8.38012e-05
7.99579e-05
7.23854e-05
6.13118e-05
4.28283e-05
2.43143e-05
1.80066e-05
2.52353e-05
2.86763e-05
6.00484e-06
8.8715e-06
1.88563e-05
3.35574e-05
4.87881e-05
6.28895e-05
7.46828e-05
8.36007e-05
9.00642e-05
9.46213e-05
9.76835e-05
9.9744e-05
0.000100978
0.00010149
0.000101399
0.000100841
9.98525e-05
9.8293e-05
9.65607e-05
9.49873e-05
9.27595e-05
9.04471e-05
8.81656e-05
8.59044e-05
8.36774e-05
8.14937e-05
7.91751e-05
7.72144e-05
7.54577e-05
7.30922e-05
7.04944e-05
6.74843e-05
6.32377e-05
5.63962e-05
4.78374e-05
3.43387e-05
2.14581e-05
1.72066e-05
2.54625e-05
2.91304e-05
6.07586e-06
9.27779e-06
1.98573e-05
3.33512e-05
4.67077e-05
5.80659e-05
6.69184e-05
7.37129e-05
7.87405e-05
8.23143e-05
8.47857e-05
8.63718e-05
8.7204e-05
8.74222e-05
8.71322e-05
8.64066e-05
8.5294e-05
8.36913e-05
8.1806e-05
7.99189e-05
7.75484e-05
7.49344e-05
7.21272e-05
6.91718e-05
6.6182e-05
6.32067e-05
6.01995e-05
5.7249e-05
5.44634e-05
5.1979e-05
4.93581e-05
4.65864e-05
4.36082e-05
3.9185e-05
3.37669e-05
2.52476e-05
1.74494e-05
1.61626e-05
2.56512e-05
2.96593e-05
6.20536e-06
8.95485e-06
1.69118e-05
2.52906e-05
3.21379e-05
3.74332e-05
4.14464e-05
4.4449e-05
4.66932e-05
4.83421e-05
4.95406e-05
5.03722e-05
5.09201e-05
5.11877e-05
5.11604e-05
5.08335e-05
5.02081e-05
4.92792e-05
4.79626e-05
4.65571e-05
4.49473e-05
4.30739e-05
4.10749e-05
3.89914e-05
3.68894e-05
3.48197e-05
3.28283e-05
3.0934e-05
2.92061e-05
2.76859e-05
2.62082e-05
2.4903e-05
2.37373e-05
2.23276e-05
2.02114e-05
1.72279e-05
1.48692e-05
1.68411e-05
2.60748e-05
3.0307e-05
7.08691e-06
5.14549e-06
6.15502e-06
7.77274e-06
9.28407e-06
1.05938e-05
1.17145e-05
1.26648e-05
1.34905e-05
1.42128e-05
1.48484e-05
1.54066e-05
1.58961e-05
1.63101e-05
1.66366e-05
1.6866e-05
1.6991e-05
1.70149e-05
1.69206e-05
1.67436e-05
1.65058e-05
1.62102e-05
1.58832e-05
1.5548e-05
1.52267e-05
1.49428e-05
1.47122e-05
1.45587e-05
1.44825e-05
1.45258e-05
1.46609e-05
1.49413e-05
1.53353e-05
1.58955e-05
1.65902e-05
1.6643e-05
1.71885e-05
2.02449e-05
2.73136e-05
3.12394e-05
1.02165e-05
5.72233e-06
7.13171e-06
8.12928e-06
8.93797e-06
9.65056e-06
1.0271e-05
1.08117e-05
1.12887e-05
1.17181e-05
1.21137e-05
1.24847e-05
1.28379e-05
1.31778e-05
1.35074e-05
1.3829e-05
1.41444e-05
1.44563e-05
1.47674e-05
1.50803e-05
1.53982e-05
1.57278e-05
1.60701e-05
1.64346e-05
1.68178e-05
1.72356e-05
1.76743e-05
1.81637e-05
1.86704e-05
1.92529e-05
1.98409e-05
2.05566e-05
2.12499e-05
2.21926e-05
2.3064e-05
2.39622e-05
2.47649e-05
2.677e-05
2.90301e-05
3.26949e-05
2.64016e-05
3.26345e-05
3.57935e-05
3.69335e-05
3.73507e-05
3.74942e-05
3.74823e-05
3.74224e-05
3.72952e-05
3.71348e-05
3.69599e-05
3.67777e-05
3.65924e-05
3.64068e-05
3.6223e-05
3.60423e-05
3.58658e-05
3.56945e-05
3.55292e-05
3.53703e-05
3.52184e-05
3.50739e-05
3.49367e-05
3.48073e-05
3.46851e-05
3.45707e-05
3.44631e-05
3.4363e-05
3.42694e-05
3.41838e-05
3.41055e-05
3.40389e-05
3.39851e-05
3.39567e-05
3.39601e-05
3.39792e-05
3.4054e-05
3.42009e-05
3.51051e-05
3.45025e-05
)
;

boundaryField
{
    movingWall
    {
        type            nutkWallFunction;
        blending        stepwise;
        value           uniform 0;
    }
    fixedWalls
    {
        type            nutkWallFunction;
        blending        stepwise;
        value           uniform 0;
    }
    frontAndBack
    {
        type            empty;
    }
}


// ************************************************************************* //
