/*--------------------------------*- C++ -*----------------------------------*\
| =========                 |                                                 |
| \\      /  F ield         | OpenFOAM: The Open Source CFD Toolbox           |
|  \\    /   O peration     | Version:  2412                                  |
|   \\  /    A nd           | Website:  www.openfoam.com                      |
|    \\/     M anipulation  |                                                 |
\*---------------------------------------------------------------------------*/
FoamFile
{
    version     2.0;
    format      ascii;
    arch        "LSB;label=32;scalar=64";
    class       volScalarField;
    location    "2.25";
    object      p;
}
// * * * * * * * * * * * * * * * * * * * * * * * * * * * * * * * * * * * * * //

dimensions      [0 2 -2 0 0 0 0];

internalField   nonuniform List<scalar> 
1600
(
3.99254e-08
-1.48988e-05
-4.55109e-05
-8.76152e-05
-0.00013968
-0.000202809
-0.000278327
-0.000366353
-0.00046515
-0.000571366
-0.000680766
-0.000790519
-0.000898847
-0.00100371
-0.00110406
-0.00119973
-0.00128861
-0.00136543
-0.00142193
-0.00144353
-0.00140491
-0.00127278
-0.00101035
-0.000589127
-2.91363e-07
0.000730656
0.001552
0.00238555
0.00313723
0.00371464
0.00405407
0.00414946
0.00405178
0.00382859
0.00359803
0.00340195
0.00326649
0.00319136
0.00315641
0.00314932
1.30505e-05
-2.80138e-06
-3.11062e-05
-6.97582e-05
-0.000118995
-0.000180485
-0.000255445
-0.000343486
-0.00044225
-0.00054796
-0.000656569
-0.000765042
-0.000872641
-0.000979807
-0.00108727
-0.00119685
-0.00130828
-0.00141729
-0.00151364
-0.00157667
-0.00157619
-0.00147731
-0.00124603
-0.000856199
-0.000303419
0.000394592
0.00119004
0.0020123
0.00277397
0.00338504
0.00377843
0.00393212
0.00387765
0.00369813
0.00349191
0.00332279
0.00321328
0.00315605
0.00313397
0.00313223
4.53813e-05
2.44344e-05
-3.96446e-06
-3.9491e-05
-8.40405e-05
-0.000141248
-0.000213279
-0.000299896
-0.00039852
-0.000505995
-0.000619441
-0.0007375
-0.000861796
-0.000995706
-0.00114475
-0.00131342
-0.00150131
-0.001699
-0.00188546
-0.00203067
-0.00210148
-0.00206209
-0.00187504
-0.00151452
-0.000980615
-0.000293179
0.000509246
0.00136603
0.00219337
0.00289775
0.00340204
0.00366699
0.00370304
0.0035781
0.00339612
0.00323771
0.00313706
0.00309017
0.00307708
0.00307903
9.15619e-05
6.52063e-05
3.19447e-05
-2.58898e-06
-4.22863e-05
-9.38398e-05
-0.000160914
-0.000244352
-0.000343103
-0.000455412
-0.000581622
-0.000725671
-0.000895493
-0.00110033
-0.00134554
-0.00162862
-0.00194119
-0.00226643
-0.00257579
-0.00283281
-0.00299877
-0.00304089
-0.00292531
-0.00261954
-0.00215178
-0.00150294
-0.000693923
0.000217166
0.00115037
0.00201344
0.00271322
0.00318524
0.00341083
0.00342145
0.00330132
0.00315749
0.00305615
0.00300675
0.00299414
0.00299614
0.000150052
0.000110421
6.70628e-05
2.9573e-05
-7.57543e-06
-5.48539e-05
-0.00011831
-0.000200871
-0.000304433
-0.000432198
-0.000590979
-0.000791467
-0.001046
-0.00136314
-0.00174437
-0.00218332
-0.00266339
-0.00315796
-0.00362916
-0.00403596
-0.00434163
-0.0045122
-0.00451846
-0.00433562
-0.00394079
-0.00334888
-0.00258151
-0.00166203
-0.000639863
0.000408923
0.00139163
0.00220839
0.00277774
0.00307789
0.00314989
0.0030825
0.00298945
0.00292759
0.00290221
0.00289451
0.000194115
0.000145111
8.85382e-05
4.39626e-05
5.99149e-06
-4.05579e-05
-0.000104876
-0.000194088
-0.000315502
-0.000478524
-0.000696089
-0.000984652
-0.00135807
-0.0018241
-0.00238138
-0.0030178
-0.00370523
-0.00440105
-0.00506158
-0.00564339
-0.00610235
-0.00639514
-0.00649521
-0.00640764
-0.00611952
-0.00562068
-0.00492276
-0.00404422
-0.0030091
-0.0018548
-0.000641003
0.000543411
0.00158042
0.00235246
0.00280193
0.00295615
0.00292653
0.00286316
0.00280845
0.00277899
0.000216253
0.000156671
8.36461e-05
2.79283e-05
-1.49297e-05
-6.58266e-05
-0.000138907
-0.000246196
-0.000400574
-0.000617584
-0.000917603
-0.00132166
-0.00184542
-0.00249627
-0.00326643
-0.00412886
-0.00503832
-0.00593807
-0.00677025
-0.00748075
-0.00802534
-0.00837785
-0.00853247
-0.00848988
-0.00824294
-0.00781643
-0.00721136
-0.00643417
-0.00548468
-0.00436333
-0.00308257
-0.00168351
-0.00025444
0.00105507
0.00206579
0.00265136
0.00283309
0.00279957
0.00270568
0.00264148
0.000202237
0.000132394
4.09852e-05
-2.9621e-05
-8.2267e-05
-0.000143765
-0.000234013
-0.000370134
-0.000570927
-0.000859436
-0.00126374
-0.00180746
-0.00250884
-0.00337043
-0.00437105
-0.00546062
-0.006569
-0.00761918
-0.0085431
-0.00929431
-0.00984599
-0.010188
-0.010326
-0.0102779
-0.0100561
-0.00967575
-0.00914561
-0.00847129
-0.00764757
-0.00665802
-0.00547719
-0.00408434
-0.00249507
-0.00080432
0.000785006
0.00198923
0.00259925
0.0026899
0.00259034
0.00247503
0.000140885
6.19738e-05
-4.83372e-05
-0.000136776
-0.000203497
-0.000281351
-0.000396432
-0.00057124
-0.000830632
-0.00120723
-0.00173266
-0.00243454
-0.00333148
-0.00441389
-0.00563493
-0.00691229
-0.00815119
-0.00926711
-0.010203
-0.0109316
-0.0114477
-0.0117564
-0.0118715
-0.0118102
-0.0115891
-0.0112249
-0.0107314
-0.0101182
-0.00938688
-0.00852466
-0.00749984
-0.00626173
-0.00475562
-0.00296757
-0.00100756
0.000812886
0.00204816
0.00248596
0.00245757
0.00225603
2.52705e-05
-6.08349e-05
-0.000188729
-0.000296503
-0.000380944
-0.000480588
-0.000627377
-0.000848688
-0.00117787
-0.00165411
-0.00231115
-0.00318271
-0.00427917
-0.00556883
-0.00696797
-0.00836794
-0.00966466
-0.0107842
-0.0116919
-0.0123815
-0.0128613
-0.0131433
-0.0132409
-0.0131671
-0.0129373
-0.0125696
-0.0120809
-0.0114863
-0.0107961
-0.0100088
-0.00910378
-0.00803416
-0.00672261
-0.00507818
-0.00306473
-0.000851211
0.00106259
0.00210341
0.00225301
0.00192837
-0.000146508
-0.000237082
-0.000380009
-0.000507741
-0.000613031
-0.000738947
-0.00092284
-0.00119702
-0.00160311
-0.00218286
-0.00297683
-0.00401796
-0.00529992
-0.00675907
-0.0082813
-0.00974404
-0.0110487
-0.0121448
-0.0130199
-0.0136807
-0.0141395
-0.0144074
-0.0144947
-0.0144105
-0.0141688
-0.0137874
-0.0132851
-0.0126812
-0.0119929
-0.0112295
-0.0103857
-0.00943206
-0.00830307
-0.00688965
-0.00506359
-0.00278963
-0.000373084
0.00139009
0.00186255
0.00150578
-0.000371197
-0.000463172
-0.000618351
-0.000765781
-0.000894254
-0.00104954
-0.00127328
-0.00160393
-0.00208844
-0.00277117
-0.00369804
-0.00489381
-0.00633205
-0.00791584
-0.00951198
-0.0109951
-0.0122857
-0.0133572
-0.0142117
-0.0148605
-0.0153142
-0.01558
-0.015664
-0.0155723
-0.0153176
-0.0149168
-0.0143904
-0.0137616
-0.0130528
-0.0122812
-0.0114533
-0.0105575
-0.00955127
-0.00834519
-0.00679163
-0.00471627
-0.00213022
0.000270589
0.00127361
0.00105782
-0.000641037
-0.000732129
-0.000896459
-0.00106242
-0.00121527
-0.00140135
-0.00166565
-0.00205222
-0.00261102
-0.00339063
-0.00443701
-0.00576346
-0.00732089
-0.0089885
-0.010622
-0.0121036
-0.0133778
-0.0144353
-0.0152847
-0.015937
-0.0163987
-0.0166722
-0.0167593
-0.0166636
-0.0163959
-0.0159721
-0.015415
-0.0147517
-0.0140097
-0.0132123
-0.0123746
-0.0114973
-0.0105583
-0.00949605
-0.00818739
-0.00642268
-0.00398444
-0.00118938
0.000522036
0.000524017
-0.000945266
-0.00103424
-0.00120435
-0.00138675
-0.00156392
-0.00178028
-0.00208345
-0.00252168
-0.00314703
-0.00401095
-0.0051555
-0.00658312
-0.0082244
-0.00994306
-0.0115908
-0.0130648
-0.0143299
-0.0153862
-0.0162441
-0.0169117
-0.0173913
-0.0176804
-0.0177766
-0.0176806
-0.0174008
-0.0169523
-0.0163603
-0.0156562
-0.014873
-0.0140404
-0.0131794
-0.0122994
-0.0113921
-0.0104193
-0.00929267
-0.00783148
-0.00571724
-0.00284777
-0.00049144
-0.000208475
-0.00127177
-0.00135767
-0.00153026
-0.00172609
-0.00192577
-0.00217041
-0.00250873
-0.0029916
-0.00367178
-0.00460206
-0.00581914
-0.00731639
-0.00901113
-0.010757
-0.0124075
-0.0138765
-0.0151418
-0.0162078
-0.017084
-0.0177751
-0.0182791
-0.0185892
-0.0186993
-0.0186066
-0.0183168
-0.017844
-0.0172153
-0.0164668
-0.0156381
-0.0147651
-0.0138748
-0.0129824
-0.0120882
-0.0111698
-0.0101684
-0.00895175
-0.0072066
-0.00455259
-0.00181136
-0.00116586
-0.00160785
-0.00168967
-0.00186164
-0.00206711
-0.00228623
-0.00255625
-0.0029243
-0.0034415
-0.00416171
-0.00513734
-0.00639972
-0.00793613
-0.00965878
-0.0114155
-0.0130649
-0.0145339
-0.0158071
-0.01689
-0.0177902
-0.0185088
-0.0190403
-0.0193741
-0.0195007
-0.0194143
-0.0191176
-0.0186229
-0.0179589
-0.0171659
-0.0162903
-0.0153757
-0.0144546
-0.0135468
-0.0126578
-0.0117755
-0.0108623
-0.00982873
-0.00841497
-0.00614127
-0.00335904
-0.00232509
-0.00194089
-0.00201778
-0.00218644
-0.0023975
-0.00263206
-0.0029227
-0.00331315
-0.00385232
-0.0045961
-0.00559559
-0.00687647
-0.00842254
-0.010152
-0.0119083
-0.0135554
-0.0150287
-0.0163148
-0.0174181
-0.0183436
-0.0190895
-0.0196477
-0.0200046
-0.0201481
-0.0200698
-0.0197693
-0.0192569
-0.018562
-0.0177281
-0.0168087
-0.0158547
-0.0149052
-0.0139834
-0.0130982
-0.0122437
-0.0113969
-0.0104994
-0.00935485
-0.00750804
-0.00498252
-0.00357193
-0.00225945
-0.00233042
-0.00249349
-0.00270616
-0.00295122
-0.00325573
-0.00366006
-0.00420978
-0.00496036
-0.00596091
-0.00723506
-0.00876536
-0.0104804
-0.0122261
-0.0138703
-0.0153504
-0.0166513
-0.017775
-0.0187236
-0.0194933
-0.020074
-0.0204503
-0.0206081
-0.0205374
-0.0202355
-0.0197108
-0.0189918
-0.0181244
-0.0171682
-0.0161818
-0.0152101
-0.0142798
-0.0134012
-0.012572
-0.0117776
-0.0109814
-0.0100503
-0.00860416
-0.00651653
-0.0047768
-0.00255391
-0.0026179
-0.00277376
-0.0029835
-0.00323338
-0.00354503
-0.00395501
-0.00450439
-0.0052456
-0.00622541
-0.00746816
-0.00896151
-0.0106384
-0.0123634
-0.0140013
-0.015488
-0.0168031
-0.0179443
-0.0189114
-0.0196987
-0.0202951
-0.0206844
-0.0208512
-0.0207853
-0.0204829
-0.0199502
-0.0192152
-0.018325
-0.0173434
-0.0163358
-0.0153524
-0.0144222
-0.0135565
-0.012754
-0.0120044
-0.0112839
-0.010509
-0.00940056
-0.00777998
-0.00592071
-0.00281604
-0.00287387
-0.00302074
-0.00322294
-0.00347188
-0.00378408
-0.00419104
-0.00472933
-0.00544677
-0.00638789
-0.00757727
-0.0090104
-0.0106259
-0.0123173
-0.0139439
-0.0154342
-0.01676
-0.0179144
-0.0188941
-0.0196921
-0.0202966
-0.0206916
-0.0208618
-0.0207964
-0.0204923
-0.0199545
-0.0192105
-0.0183081
-0.0173144
-0.0162994
-0.0153172
-0.014398
-0.0135531
-0.0127808
-0.0120723
-0.011411
-0.0107436
-0.00989133
-0.00865791
-0.00698959
-0.0030418
-0.00309405
-0.00322818
-0.00342027
-0.00366301
-0.00396923
-0.00436459
-0.00488201
-0.0055633
-0.00645044
-0.00756713
-0.00891843
-0.0104556
-0.0120903
-0.0136956
-0.0151819
-0.0165129
-0.0176752
-0.0186619
-0.0194645
-0.0200706
-0.0204647
-0.0206322
-0.0205638
-0.0202562
-0.0197149
-0.0189676
-0.0180633
-0.0170708
-0.016063
-0.0150958
-0.0141998
-0.0133845
-0.0126466
-0.0119774
-0.0113642
-0.010775
-0.0101066
-0.00915866
-0.00786022
-0.00322906
-0.00327486
-0.00339573
-0.00357385
-0.00380557
-0.00409943
-0.00447646
-0.00496482
-0.00559964
-0.0064201
-0.00745092
-0.00870279
-0.0101438
-0.011697
-0.0132587
-0.0147282
-0.0160566
-0.0172215
-0.0182104
-0.0190124
-0.0196149
-0.0200033
-0.020164
-0.0200893
-0.0197767
-0.0192332
-0.0184879
-0.0175918
-0.0166148
-0.0156297
-0.0146919
-0.0138307
-0.0130533
-0.0123538
-0.0117223
-0.0111491
-0.0106229
-0.0100845
-0.00933932
-0.00842762
-0.00337793
-0.00341697
-0.00352355
-0.00368486
-0.0039008
-0.00417714
-0.00452988
-0.0049826
-0.00556467
-0.00631037
-0.00724743
-0.00838632
-0.00970937
-0.0111586
-0.0126484
-0.0140811
-0.0153947
-0.0165546
-0.0175404
-0.0183376
-0.0189327
-0.0193119
-0.0194628
-0.0193795
-0.0190619
-0.0185186
-0.0177822
-0.016906
-0.0159597
-0.0150136
-0.0141201
-0.0133048
-0.0125721
-0.0119137
-0.0113177
-0.010777
-0.0103064
-0.00985706
-0.00925918
-0.0086652
-0.00349037
-0.00352259
-0.00361375
-0.00375584
-0.0039518
-0.00420609
-0.00453029
-0.00494328
-0.00546931
-0.00613694
-0.00697493
-0.00799343
-0.00918306
-0.0105072
-0.0118969
-0.0132663
-0.0145454
-0.0156875
-0.0166627
-0.0174507
-0.0180358
-0.018404
-0.0185442
-0.0184528
-0.0181324
-0.0175952
-0.0168767
-0.016033
-0.0151324
-0.0142405
-0.013404
-0.0126436
-0.0119609
-0.011345
-0.0107824
-0.010269
-0.00984156
-0.00944803
-0.00897665
-0.00860212
-0.00356966
-0.00359493
-0.00366996
-0.00379085
-0.00396319
-0.00419161
-0.00448433
-0.00485548
-0.00532428
-0.00591515
-0.00665272
-0.00754989
-0.00860066
-0.00978405
-0.0110493
-0.0123254
-0.0135432
-0.0146477
-0.0155998
-0.016372
-0.016944
-0.017301
-0.0174321
-0.0173358
-0.0170185
-0.0164976
-0.0158106
-0.0150144
-0.014174
-0.0133482
-0.012577
-0.0118766
-0.0112461
-0.0106723
-0.0101407
-0.0096478
-0.00925422
-0.00888593
-0.00853518
-0.00829422
-0.00362023
-0.00363813
-0.00369635
-0.00379457
-0.00394056
-0.00414012
-0.00439931
-0.00472797
-0.00514109
-0.00565908
-0.0063005
-0.00707987
-0.00799581
-0.00903331
-0.0101582
-0.0113155
-0.0124436
-0.0134857
-0.0143962
-0.0151408
-0.0156944
-0.0160398
-0.0161656
-0.0160713
-0.0157672
-0.0152765
-0.014637
-0.0139036
-0.0131351
-0.0123827
-0.0116799
-0.0110395
-0.0104592
-0.00992477
-0.00942084
-0.00894335
-0.00857869
-0.00820788
-0.00796255
-0.00780166
-0.00364657
-0.00365694
-0.00369764
-0.00377197
-0.00388972
-0.00405824
-0.00428267
-0.00456975
-0.00493074
-0.00538127
-0.0059358
-0.00660637
-0.00739652
-0.00829445
-0.00927631
-0.0103009
-0.0113172
-0.0122734
-0.0131217
-0.0138238
-0.0143506
-0.0146822
-0.014807
-0.0147247
-0.0144467
-0.0140003
-0.0134225
-0.0127623
-0.0120711
-0.0113928
-0.0107554
-0.0101699
-0.00963373
-0.00913326
-0.00865235
-0.00818459
-0.00784197
-0.00745917
-0.00730205
-0.00717863
-0.00365298
-0.00365602
-0.00367879
-0.00372811
-0.00381623
-0.00395226
-0.00414142
-0.00438873
-0.00470211
-0.00509224
-0.00557093
-0.00614713
-0.00682528
-0.0075976
-0.00844563
-0.00933882
-0.0102356
-0.0110911
-0.0118615
-0.0125081
-0.0129998
-0.0133147
-0.0134414
-0.0133794
-0.013139
-0.0127462
-0.0122366
-0.0116515
-0.0110351
-0.0104245
-0.00984391
-0.00930354
-0.00880248
-0.00832805
-0.00786388
-0.00740089
-0.00708026
-0.00666309
-0.0065957
-0.00646736
-0.00364359
-0.00363962
-0.00364435
-0.0036677
-0.00372509
-0.00382776
-0.00398173
-0.00419144
-0.004462
-0.00480009
-0.00521447
-0.00571227
-0.00629619
-0.00696143
-0.00769302
-0.00846743
-0.00925172
-0.010007
-0.0106948
-0.0112794
-0.011731
-0.0120275
-0.0121572
-0.0121185
-0.0119197
-0.0115818
-0.011137
-0.0106212
-0.0100706
-0.00951607
-0.00897968
-0.00847256
-0.00799503
-0.00753606
-0.00708134
-0.00661774
-0.00631764
-0.00584585
-0.00587008
-0.00567415
-0.00362241
-0.00361175
-0.00359833
-0.00359475
-0.00362048
-0.00368938
-0.00380879
-0.0039833
-0.00421601
-0.00451053
-0.00487236
-0.00530692
-0.00581555
-0.0063942
-0.00703048
-0.00770486
-0.00839148
-0.009058
-0.0096699
-0.0101954
-0.0106073
-0.0108849
-0.0110161
-0.0109988
-0.0108386
-0.0105514
-0.0101635
-0.00970546
-0.00920691
-0.00869479
-0.00818968
-0.00770264
-0.00723541
-0.0067808
-0.00632781
-0.00585911
-0.00558328
-0.00503556
-0.00512654
-0.00476677
-0.00359322
-0.0035761
-0.00354421
-0.00351255
-0.00350573
-0.00354077
-0.00362674
-0.0037687
-0.00396853
-0.00422741
-0.00454819
-0.00493371
-0.00538432
-0.00589591
-0.00645818
-0.00705393
-0.00766093
-0.00825313
-0.0088012
-0.00927646
-0.00965412
-0.00991503
-0.0100466
-0.0100461
-0.00991764
-0.00967347
-0.00933285
-0.00891981
-0.0084604
-0.00797839
-0.00749183
-0.00701188
-0.00654253
-0.00608116
-0.00562167
-0.00514459
-0.00490258
-0.00425273
-0.00440555
-0.00376642
-0.00355972
-0.00353621
-0.0034848
-0.00342364
-0.00338344
-0.00338487
-0.00343898
-0.00355133
-0.00372306
-0.00395352
-0.00424329
-0.00459287
-0.00500099
-0.00546286
-0.00596933
-0.00650582
-0.00705251
-0.00758637
-0.00808289
-0.00851742
-0.00886714
-0.0091142
-0.00924722
-0.00926116
-0.00915824
-0.00894775
-0.00864469
-0.00826784
-0.00783815
-0.0073757
-0.00689716
-0.006414
-0.00593191
-0.005453
-0.00497656
-0.00448475
-0.00427827
-0.00349181
-0.00383544
-0.00282403
-0.00352601
-0.00349602
-0.00342232
-0.00333
-0.00325576
-0.00322414
-0.00324807
-0.0033336
-0.00348151
-0.00368984
-0.0039571
-0.00428166
-0.00466046
-0.00508783
-0.00555451
-0.00604743
-0.00654967
-0.00704063
-0.00749832
-0.00790139
-0.00822982
-0.00846684
-0.00860144
-0.00862817
-0.0085471
-0.00836458
-0.00809224
-0.00774503
-0.00733931
-0.00689115
-0.00641488
-0.00592172
-0.00541865
-0.00491164
-0.00440439
-0.00388255
-0.00367841
-0.00270809
-0.00344103
-0.00192624
-0.00349636
-0.00345946
-0.00335856
-0.00323335
-0.00312442
-0.00305993
-0.00305468
-0.00311515
-0.00324186
-0.0034321
-0.00368269
-0.00399013
-0.00434973
-0.00475464
-0.00519526
-0.00565893
-0.0061303
-0.00659122
-0.00702186
-0.0074031
-0.00771753
-0.00794963
-0.00808839
-0.00812809
-0.00806742
-0.00791064
-0.00766602
-0.00734545
-0.0069618
-0.00652742
-0.00605352
-0.00554928
-0.00502097
-0.00447621
-0.00392105
-0.00334457
-0.00306653
-0.00185656
-0.00282337
-0.000262546
-0.00348245
-0.00342963
-0.00329685
-0.00313542
-0.00298909
-0.0028892
-0.00285258
-0.00288666
-0.00299204
-0.00316544
-0.00340226
-0.00369738
-0.00404451
-0.00443569
-0.00486083
-0.00530742
-0.00576075
-0.00620434
-0.00662019
-0.00699071
-0.00730032
-0.00753495
-0.00768379
-0.00773988
-0.00770213
-0.00757305
-0.00735808
-0.00706588
-0.00670615
-0.00628837
-0.00582048
-0.00530956
-0.00475794
-0.0041699
-0.00355238
-0.00289811
-0.00246367
-0.000961413
-0.0014495
0.00329252
-0.00349265
-0.00340857
-0.00323647
-0.00302769
-0.00283215
-0.00268586
-0.00260938
-0.00261176
-0.00269304
-0.00284892
-0.00307345
-0.00335991
-0.00370041
-0.0040858
-0.00450537
-0.00494667
-0.00539543
-0.00583595
-0.00625155
-0.006626
-0.00694465
-0.00719448
-0.00736367
-0.00744484
-0.00743655
-0.00734014
-0.00715941
-0.00689975
-0.00656761
-0.00616923
-0.0057102
-0.0051978
-0.00462733
-0.00399539
-0.00329801
-0.00251297
-0.0018367
5.80633e-05
0.000442844
0.00729638
-0.00360891
-0.0034612
-0.00320908
-0.00291285
-0.00263331
-0.00241748
-0.00228849
-0.00225443
-0.00231151
-0.00245234
-0.00266886
-0.0029524
-0.00329353
-0.00368199
-0.00410655
-0.00455497
-0.00501366
-0.00546727
-0.00589947
-0.00629381
-0.00663495
-0.00691012
-0.00710922
-0.00722532
-0.00725379
-0.00719364
-0.00704683
-0.00681768
-0.0065117
-0.0061334
-0.00568541
-0.00516449
-0.0045692
-0.00387926
-0.00304975
-0.00195331
-0.000680711
0.00219684
0.00269187
0.00787114
-0.00357952
-0.00329009
-0.0029627
-0.00263933
-0.00232174
-0.00206469
-0.00190484
-0.00185222
-0.00190329
-0.00204578
-0.00226811
-0.00255991
-0.00291106
-0.00331108
-0.00374881
-0.00421166
-0.00468566
-0.00515607
-0.00560713
-0.0060229
-0.00638842
-0.00669048
-0.00691882
-0.00706564
-0.0071251
-0.00709471
-0.00697544
-0.00677054
-0.00648391
-0.00611804
-0.00567187
-0.00513659
-0.00449042
-0.0036687
-0.00253837
-0.000699734
0.00219204
0.0078993
0.00821783
0.0127513
-0.00528015
-0.00464668
-0.00387855
-0.00308776
-0.00247219
-0.00206317
-0.00183028
-0.00174188
-0.00177356
-0.00190564
-0.00212308
-0.00241337
-0.0027649
-0.00316654
-0.00360685
-0.00407319
-0.00455165
-0.00502755
-0.0054854
-0.00590944
-0.00628485
-0.00659832
-0.00683876
-0.00699747
-0.00706831
-0.0070484
-0.00693793
-0.00673887
-0.00645331
-0.0060812
-0.00561643
-0.00503603
-0.00428556
-0.00322897
-0.00157531
0.00144323
0.00685052
0.0171245
0.0229469
0.0527803
-0.00335444
0.000323726
0.000446731
-0.000515848
-0.00097118
-0.00105696
-0.00111445
-0.00122714
-0.00138796
-0.00160085
-0.00187244
-0.00220104
-0.0025799
-0.00300082
-0.00345453
-0.00392999
-0.0044144
-0.00489374
-0.00535317
-0.00577753
-0.00615231
-0.00646453
-0.00670332
-0.00686037
-0.00692995
-0.0069092
-0.00679762
-0.0065964
-0.00630546
-0.00592017
-0.00542368
-0.00477676
-0.00389525
-0.00260046
-0.000615259
0.00281504
0.00834202
0.0205278
0.0421707
0.134211
)
;

boundaryField
{
    movingWall
    {
        type            zeroGradient;
    }
    fixedWalls
    {
        type            zeroGradient;
    }
    frontAndBack
    {
        type            empty;
    }
}


// ************************************************************************* //
