/*--------------------------------*- C++ -*----------------------------------*\
| =========                 |                                                 |
| \\      /  F ield         | OpenFOAM: The Open Source CFD Toolbox           |
|  \\    /   O peration     | Version:  2412                                  |
|   \\  /    A nd           | Website:  www.openfoam.com                      |
|    \\/     M anipulation  |                                                 |
\*---------------------------------------------------------------------------*/
FoamFile
{
    version     2.0;
    format      ascii;
    arch        "LSB;label=32;scalar=64";
    class       surfaceScalarField;
    location    "2.25";
    object      phi;
}
// * * * * * * * * * * * * * * * * * * * * * * * * * * * * * * * * * * * * * //

dimensions      [0 3 -1 0 0 0 0];

oriented        oriented;

internalField   nonuniform List<scalar> 
3120
(
2.17034e-08
-2.17072e-08
3.69881e-08
-1.52849e-08
3.8476e-08
-1.48809e-09
3.10455e-08
7.43031e-09
2.01729e-08
1.08725e-08
8.61321e-09
1.15595e-08
-4.01972e-09
1.26328e-08
-2.0257e-08
1.62372e-08
-4.36894e-08
2.34323e-08
-7.83304e-08
3.46409e-08
-1.28287e-07
4.99561e-08
-1.97884e-07
6.95973e-08
-2.91771e-07
9.38868e-08
-4.13972e-07
1.22201e-07
-5.66545e-07
1.52573e-07
-7.48274e-07
1.81729e-07
-9.53487e-07
2.05213e-07
-1.17229e-06
2.18803e-07
-1.39122e-06
2.18925e-07
-1.59469e-06
2.03475e-07
-1.76699e-06
1.72298e-07
-1.89469e-06
1.27702e-07
-1.96824e-06
7.35473e-08
-1.98162e-06
1.33802e-08
-1.92913e-06
-5.24834e-08
-1.81069e-06
-1.18442e-07
-1.62882e-06
-1.8187e-07
-1.39049e-06
-2.38333e-07
-1.10825e-06
-2.82237e-07
-8.00563e-07
-3.0769e-07
-4.91397e-07
-3.09166e-07
-2.09193e-07
-2.82203e-07
1.66601e-08
-2.25853e-07
1.67779e-07
-1.51119e-07
2.33718e-07
-6.59384e-08
2.29787e-07
3.93089e-09
1.79459e-07
5.03274e-08
1.11139e-07
6.83204e-08
4.51954e-08
6.59435e-08
4.51954e-08
1.5486e-08
-3.71933e-08
1.28374e-08
-1.26364e-08
-1.03856e-08
2.17347e-08
-4.73064e-08
4.4351e-08
-9.11522e-08
5.47181e-08
-1.38631e-07
5.90382e-08
-1.90192e-07
6.41938e-08
-2.49485e-07
7.55296e-08
-3.22459e-07
9.64065e-08
-4.16367e-07
1.28549e-07
-5.38325e-07
1.71914e-07
-6.9412e-07
2.25393e-07
-8.86315e-07
2.86081e-07
-1.11292e-06
3.48803e-07
-1.36709e-06
4.06744e-07
-1.63786e-06
4.52497e-07
-1.91138e-06
4.78741e-07
-2.17243e-06
4.79855e-07
-2.40688e-06
4.53368e-07
-2.60362e-06
4.00221e-07
-2.75477e-06
3.23443e-07
-2.85416e-06
2.27098e-07
-2.89604e-06
1.15422e-07
-2.8753e-06
-7.36047e-09
-2.78909e-06
-1.38692e-07
-2.63504e-06
-2.72493e-07
-2.41426e-06
-4.02649e-07
-2.13162e-06
-5.2097e-07
-1.79701e-06
-6.16857e-07
-1.42622e-06
-6.78473e-07
-1.04102e-06
-6.94371e-07
-6.67067e-07
-6.56155e-07
-3.30991e-07
-5.61929e-07
-6.38738e-08
-4.18237e-07
1.15986e-07
-2.45798e-07
1.97046e-07
-7.71292e-08
1.95768e-07
5.16053e-08
1.40189e-07
1.239e-07
6.22145e-08
1.43918e-07
1.0741e-07
-6.0115e-09
-3.11816e-08
-3.83719e-08
1.9724e-08
-9.1367e-08
7.47298e-08
-1.57444e-07
1.10428e-07
-2.31928e-07
1.29202e-07
-3.13215e-07
1.40325e-07
-4.03036e-07
1.54015e-07
-5.06538e-07
1.79032e-07
-6.31148e-07
2.21016e-07
-7.84398e-07
2.81798e-07
-9.71659e-07
3.59176e-07
-1.19439e-06
4.48119e-07
-1.4494e-06
5.41095e-07
-1.72914e-06
6.28547e-07
-2.02206e-06
6.99663e-07
-2.31463e-06
7.45064e-07
-2.59443e-06
7.58541e-07
-2.85113e-06
7.36553e-07
-3.07685e-06
6.79094e-07
-3.26571e-06
5.89078e-07
-3.41263e-06
4.70365e-07
-3.51283e-06
3.27298e-07
-3.56143e-06
1.64016e-07
-3.55355e-06
-1.52402e-08
-3.4851e-06
-2.07139e-07
-3.35206e-06
-4.05537e-07
-3.14986e-06
-6.04847e-07
-2.87671e-06
-7.94112e-07
-2.53571e-06
-9.57861e-07
-2.13602e-06
-1.07817e-06
-1.69575e-06
-1.13464e-06
-1.24226e-06
-1.10964e-06
-8.08703e-07
-9.95484e-07
-4.28326e-07
-7.98614e-07
-1.32882e-07
-5.41243e-07
5.34499e-08
-2.63461e-07
1.27233e-07
-2.21777e-08
1.13824e-07
1.37309e-07
5.63772e-08
2.01364e-07
1.63787e-07
-3.16259e-08
4.44348e-10
-9.35381e-08
8.16362e-08
-1.73157e-07
1.54348e-07
-2.64085e-07
2.01356e-07
-3.64173e-07
2.2929e-07
-4.74132e-07
2.50284e-07
-5.97825e-07
2.77708e-07
-7.4141e-07
3.22617e-07
-9.11683e-07
3.91289e-07
-1.11386e-06
4.8398e-07
-1.34989e-06
5.952e-07
-1.61699e-06
7.15225e-07
-1.90776e-06
8.31864e-07
-2.21173e-06
9.32519e-07
-2.5181e-06
1.00603e-06
-2.81695e-06
1.04391e-06
-3.10005e-06
1.04165e-06
-3.36092e-06
9.9742e-07
-3.59367e-06
9.11849e-07
-3.79311e-06
7.88517e-07
-3.95453e-06
6.31786e-07
-4.07337e-06
4.46137e-07
-4.14588e-06
2.36528e-07
-4.16501e-06
3.88763e-09
-4.1299e-06
-2.42253e-07
-4.03341e-06
-5.02024e-07
-3.87287e-06
-7.65387e-07
-3.64248e-06
-1.02451e-06
-3.33518e-06
-1.26516e-06
-2.94798e-06
-1.46536e-06
-2.48603e-06
-1.59659e-06
-1.96809e-06
-1.62759e-06
-1.43008e-06
-1.53349e-06
-9.1957e-07
-1.30912e-06
-4.8403e-07
-9.76783e-07
-1.63354e-07
-5.84137e-07
1.6238e-08
-2.0177e-07
6.63558e-08
8.71908e-08
4.17252e-08
2.25995e-07
2.05512e-07
-5.57108e-08
5.61553e-08
-1.44074e-07
1.7e-07
-2.46041e-07
2.56315e-07
-3.57517e-07
3.12833e-07
-4.78631e-07
3.50404e-07
-6.12334e-07
3.83986e-07
-7.63948e-07
4.29322e-07
-9.39821e-07
4.9849e-07
-1.14556e-06
5.97028e-07
-1.38357e-06
7.21992e-07
-1.65191e-06
8.6354e-07
-1.94485e-06
1.00816e-06
-2.25439e-06
1.1414e-06
-2.57178e-06
1.24991e-06
-2.8887e-06
1.32295e-06
-3.19703e-06
1.35224e-06
-3.48794e-06
1.33255e-06
-3.75331e-06
1.26279e-06
-3.98622e-06
1.14476e-06
-4.18079e-06
9.83085e-07
-4.3328e-06
7.83794e-07
-4.44004e-06
5.53387e-07
-4.50227e-06
2.98754e-07
-4.52301e-06
2.46289e-08
-4.50721e-06
-2.58054e-07
-4.45355e-06
-5.55684e-07
-4.35409e-06
-8.64848e-07
-4.19924e-06
-1.17937e-06
-3.97513e-06
-1.48927e-06
-3.66537e-06
-1.77512e-06
-3.25672e-06
-2.00524e-06
-2.7469e-06
-2.13741e-06
-2.15507e-06
-2.12532e-06
-1.52955e-06
-1.93464e-06
-9.41794e-07
-1.56454e-06
-4.61061e-07
-1.06487e-06
-1.3837e-07
-5.24461e-07
7.5282e-09
-5.87077e-08
2.65115e-08
2.07012e-07
2.32024e-07
-7.74766e-08
1.33632e-07
-1.86654e-07
2.79177e-07
-3.06374e-07
3.76036e-07
-4.34244e-07
4.40702e-07
-5.72285e-07
4.88445e-07
-7.25109e-07
5.36809e-07
-8.98778e-07
6.02991e-07
-1.09936e-06
6.99074e-07
-1.33042e-06
8.2809e-07
-1.59171e-06
9.83277e-07
-1.87941e-06
1.15124e-06
-2.18777e-06
1.31652e-06
-2.51002e-06
1.46366e-06
-2.83792e-06
1.57781e-06
-3.16106e-06
1.64609e-06
-3.4678e-06
1.65898e-06
-3.74616e-06
1.61092e-06
-3.98533e-06
1.50196e-06
-4.17733e-06
1.33675e-06
-4.31806e-06
1.12382e-06
-4.40975e-06
8.75487e-07
-4.46069e-06
6.04324e-07
-4.48187e-06
3.19932e-07
-4.48131e-06
2.40686e-08
-4.46327e-06
-2.76094e-07
-4.43332e-06
-5.85635e-07
-4.39173e-06
-9.06436e-07
-4.32962e-06
-1.24148e-06
-4.2289e-06
-1.58998e-06
-4.06203e-06
-1.94199e-06
-3.79526e-06
-2.27201e-06
-3.39863e-06
-2.53404e-06
-2.86049e-06
-2.66346e-06
-2.20353e-06
-2.5916e-06
-1.49732e-06
-2.27075e-06
-8.47698e-07
-1.71449e-06
-3.52027e-07
-1.02013e-06
-6.81581e-08
-3.42576e-07
1.44587e-08
1.24395e-07
2.46482e-07
-9.45869e-08
2.28219e-07
-2.19696e-07
4.04286e-07
-3.52962e-07
5.09302e-07
-4.93368e-07
5.81108e-07
-6.44516e-07
6.39593e-07
-8.11994e-07
7.04288e-07
-1.00192e-06
7.92922e-07
-1.21944e-06
9.16586e-07
-1.46648e-06
1.07513e-06
-1.74132e-06
1.25812e-06
-2.04032e-06
1.45025e-06
-2.35837e-06
1.63456e-06
-2.68672e-06
1.792e-06
-3.01336e-06
1.90445e-06
-3.32367e-06
1.9564e-06
-3.60146e-06
1.93676e-06
-3.83163e-06
1.8411e-06
-4.00312e-06
1.67344e-06
-4.11332e-06
1.44696e-06
-4.16918e-06
1.17967e-06
-4.18319e-06
8.89502e-07
-4.16879e-06
5.89919e-07
-4.13719e-06
2.88331e-07
-4.10173e-06
-1.13876e-08
-4.0688e-06
-3.09025e-07
-4.04508e-06
-6.09356e-07
-4.03381e-06
-9.17708e-07
-4.03364e-06
-1.24164e-06
-4.03508e-06
-1.58854e-06
-4.01521e-06
-1.96186e-06
-3.93404e-06
-2.35319e-06
-3.73742e-06
-2.73065e-06
-3.37226e-06
-3.02862e-06
-2.81416e-06
-3.1497e-06
-2.09468e-06
-2.99024e-06
-1.31847e-06
-2.4907e-06
-6.40528e-07
-1.69807e-06
-1.87315e-07
-7.9579e-07
-7.43299e-09
-5.54869e-08
2.39049e-07
-1.06646e-07
3.34865e-07
-2.42993e-07
5.40633e-07
-3.85864e-07
6.52173e-07
-5.35168e-07
7.30412e-07
-6.95465e-07
7.9989e-07
-8.72807e-07
8.8163e-07
-1.07315e-06
9.93262e-07
-1.3005e-06
1.14394e-06
-1.55558e-06
1.33021e-06
-1.83672e-06
1.53926e-06
-2.14066e-06
1.75418e-06
-2.45917e-06
1.95308e-06
-2.77953e-06
2.11236e-06
-3.0855e-06
2.21042e-06
-3.35793e-06
2.22883e-06
-3.57715e-06
2.15598e-06
-3.72947e-06
1.99342e-06
-3.81371e-06
1.75768e-06
-3.84024e-06
1.47349e-06
-3.82542e-06
1.16485e-06
-3.78537e-06
8.49454e-07
-3.73279e-06
5.3734e-07
-3.67699e-06
2.32534e-07
-3.62381e-06
-6.45753e-08
-3.5764e-06
-3.5643e-07
-3.54057e-06
-6.45187e-07
-3.52286e-06
-9.35418e-07
-3.53001e-06
-1.2345e-06
-3.56554e-06
-1.55301e-06
-3.62328e-06
-1.90412e-06
-3.67829e-06
-2.29818e-06
-3.67882e-06
-2.73012e-06
-3.54789e-06
-3.15955e-06
-3.20576e-06
-3.49183e-06
-2.61489e-06
-3.58112e-06
-1.82789e-06
-3.2777e-06
-1.0053e-06
-2.52066e-06
-3.61423e-07
-1.43967e-06
-4.22606e-08
-3.74649e-07
1.96789e-07
-1.13695e-07
4.4856e-07
-2.56832e-07
6.8377e-07
-4.05459e-07
8.008e-07
-5.59937e-07
8.8489e-07
-7.25395e-07
9.65349e-07
-9.0796e-07
1.06419e-06
-1.113e-06
1.19831e-06
-1.34353e-06
1.37447e-06
-1.59985e-06
1.58652e-06
-1.88063e-06
1.82004e-06
-2.17993e-06
2.05349e-06
-2.48564e-06
2.25878e-06
-2.78186e-06
2.40858e-06
-3.04827e-06
2.47684e-06
-3.26226e-06
2.44282e-06
-3.407e-06
2.30071e-06
-3.48089e-06
2.06732e-06
-3.49686e-06
1.77365e-06
-3.47411e-06
1.45075e-06
-3.43042e-06
1.12116e-06
-3.37775e-06
7.96787e-07
-3.32203e-06
4.81613e-07
-3.26524e-06
1.75746e-07
-3.20777e-06
-1.22039e-07
-3.15144e-06
-4.12766e-07
-3.09987e-06
-6.96756e-07
-3.0594e-06
-9.7589e-07
-3.03948e-06
-1.25441e-06
-3.05159e-06
-1.5409e-06
-3.10556e-06
-1.85014e-06
-3.20074e-06
-2.203e-06
-3.31138e-06
-2.61948e-06
-3.37227e-06
-3.09867e-06
-3.27958e-06
-3.58452e-06
-2.92566e-06
-3.93503e-06
-2.26964e-06
-3.93372e-06
-1.40963e-06
-3.38068e-06
-5.93626e-07
-2.25567e-06
-9.79815e-08
-8.70294e-07
9.88073e-08
-1.15976e-07
5.64536e-07
-2.61699e-07
8.29493e-07
-4.12425e-07
9.51526e-07
-5.6851e-07
1.04097e-06
-7.35167e-07
1.13201e-06
-9.18248e-07
1.24728e-06
-1.12236e-06
1.40242e-06
-1.34979e-06
1.6019e-06
-1.60083e-06
1.83757e-06
-1.87288e-06
2.09209e-06
-2.15617e-06
2.33678e-06
-2.43662e-06
2.53924e-06
-2.69547e-06
2.66743e-06
-2.90949e-06
2.69085e-06
-3.05812e-06
2.59145e-06
-3.13632e-06
2.37892e-06
-3.15684e-06
2.08783e-06
-3.14053e-06
1.75734e-06
-3.10656e-06
1.41677e-06
-3.06675e-06
1.08135e-06
-3.02535e-06
7.55387e-07
-2.98194e-06
4.38207e-07
-2.93447e-06
1.28271e-07
-2.88149e-06
-1.75012e-07
-2.82348e-06
-4.70781e-07
-2.76259e-06
-7.57647e-07
-2.70357e-06
-1.03491e-06
-2.65433e-06
-1.30366e-06
-2.62649e-06
-1.56874e-06
-2.63542e-06
-1.84121e-06
-2.69689e-06
-2.14153e-06
-2.81572e-06
-2.50065e-06
-2.96398e-06
-2.95041e-06
-3.05767e-06
-3.49083e-06
-2.95964e-06
-4.03306e-06
-2.53884e-06
-4.35452e-06
-1.77971e-06
-4.13981e-06
-8.757e-07
-3.15967e-06
-1.91148e-07
-1.55485e-06
-9.23405e-08
-1.14044e-07
6.7858e-07
-2.58352e-07
9.73801e-07
-4.07682e-07
1.10086e-06
-5.61903e-07
1.1952e-06
-7.25851e-07
1.29595e-06
-9.04803e-07
1.42623e-06
-1.10249e-06
1.6001e-06
-1.3207e-06
1.82011e-06
-1.55953e-06
2.0764e-06
-1.81367e-06
2.34623e-06
-2.0713e-06
2.5944e-06
-2.31722e-06
2.78516e-06
-2.53089e-06
2.8811e-06
-2.68991e-06
2.84987e-06
-2.78249e-06
2.68404e-06
-2.81732e-06
2.41375e-06
-2.81499e-06
2.0855e-06
-2.79589e-06
1.73824e-06
-2.77291e-06
1.39379e-06
-2.75023e-06
1.05867e-06
-2.7265e-06
7.31654e-07
-2.69829e-06
4.10002e-07
-2.66234e-06
9.23225e-08
-2.61673e-06
-2.20621e-07
-2.56116e-06
-5.26354e-07
-2.49707e-06
-8.21735e-07
-2.42808e-06
-1.1039e-06
-2.3602e-06
-1.37154e-06
-2.30242e-06
-1.62651e-06
-2.26784e-06
-1.8758e-06
-2.27462e-06
-2.13474e-06
-2.34329e-06
-2.43198e-06
-2.48191e-06
-2.81179e-06
-2.65422e-06
-3.31853e-06
-2.74664e-06
-3.94063e-06
-2.58317e-06
-4.51799e-06
-2.03022e-06
-4.69277e-06
-1.15607e-06
-4.03382e-06
-3.13052e-07
-2.39786e-06
-4.05392e-07
-1.08541e-07
7.87121e-07
-2.47619e-07
1.11288e-06
-3.92246e-07
1.24548e-06
-5.41275e-07
1.34423e-06
-6.98743e-07
1.45342e-06
-8.69115e-07
1.5966e-06
-1.0553e-06
1.78629e-06
-1.25861e-06
2.02341e-06
-1.47803e-06
2.29583e-06
-1.70608e-06
2.57427e-06
-1.93114e-06
2.81947e-06
-2.13765e-06
2.99167e-06
-2.30523e-06
3.04869e-06
-2.41647e-06
2.9611e-06
-2.4713e-06
2.73887e-06
-2.48672e-06
2.42916e-06
-2.48348e-06
2.08226e-06
-2.4764e-06
1.73116e-06
-2.47116e-06
1.38855e-06
-2.46679e-06
1.0543e-06
-2.45951e-06
7.24374e-07
-2.44511e-06
3.95595e-07
-2.42012e-06
6.73319e-08
-2.38236e-06
-2.58381e-07
-2.3311e-06
-5.77609e-07
-2.26745e-06
-8.85386e-07
-2.19448e-06
-1.17687e-06
-2.11721e-06
-1.44881e-06
-2.04266e-06
-1.70106e-06
-1.98053e-06
-1.93793e-06
-1.94493e-06
-2.17034e-06
-1.95653e-06
-2.42039e-06
-2.03945e-06
-2.72887e-06
-2.19995e-06
-3.15803e-06
-2.38027e-06
-3.76031e-06
-2.42122e-06
-4.47705e-06
-2.11342e-06
-5.00056e-06
-1.37679e-06
-4.77045e-06
-4.66013e-07
-3.30864e-06
-8.71406e-07
-9.9839e-08
8.8696e-07
-2.30299e-07
1.24334e-06
-3.67216e-07
1.3824e-06
-5.07954e-07
1.48496e-06
-6.55486e-07
1.60095e-06
-8.13185e-07
1.7543e-06
-9.83184e-07
1.95629e-06
-1.16622e-06
2.20645e-06
-1.35997e-06
2.48957e-06
-1.55639e-06
2.7707e-06
-1.74498e-06
3.00806e-06
-1.91116e-06
3.15784e-06
-2.03733e-06
3.17486e-06
-2.11358e-06
3.03735e-06
-2.14859e-06
2.77388e-06
-2.16103e-06
2.4416e-06
-2.16727e-06
2.08851e-06
-2.1756e-06
1.73949e-06
-2.18673e-06
1.39968e-06
-2.1975e-06
1.06507e-06
-2.2036e-06
7.30471e-07
-2.20086e-06
3.92855e-07
-2.18578e-06
5.22578e-08
-2.15593e-06
-2.88236e-07
-2.11018e-06
-6.23356e-07
-2.04933e-06
-9.46237e-07
-1.9762e-06
-1.25e-06
-1.89548e-06
-1.52953e-06
-1.81337e-06
-1.78317e-06
-1.73747e-06
-2.01383e-06
-1.67775e-06
-2.23006e-06
-1.64935e-06
-2.44878e-06
-1.67582e-06
-2.7024e-06
-1.78334e-06
-3.05051e-06
-1.96622e-06
-3.57743e-06
-2.12251e-06
-4.32076e-06
-2.0319e-06
-5.09117e-06
-1.49422e-06
-5.30813e-06
-6.1641e-07
-4.18645e-06
-1.48782e-06
-8.81711e-08
9.75131e-07
-2.07303e-07
1.36247e-06
-3.33812e-07
1.50891e-06
-4.63482e-07
1.61463e-06
-5.98031e-07
1.7355e-06
-7.39504e-07
1.89577e-06
-8.89293e-07
2.10608e-06
-1.04748e-06
2.36463e-06
-1.21084e-06
2.65293e-06
-1.37231e-06
2.93217e-06
-1.52319e-06
3.15893e-06
-1.65129e-06
3.28594e-06
-1.74364e-06
3.26721e-06
-1.79758e-06
3.09129e-06
-1.8253e-06
2.8016e-06
-1.84268e-06
2.45897e-06
-1.86041e-06
2.10624e-06
-1.88179e-06
1.76088e-06
-1.90519e-06
1.42307e-06
-1.927e-06
1.08688e-06
-1.9432e-06
7.46674e-07
-1.94992e-06
3.99573e-07
-1.94367e-06
4.60037e-08
-1.92178e-06
-3.10126e-07
-1.88275e-06
-6.62381e-07
-1.82692e-06
-1.00207e-06
-1.75678e-06
-1.32013e-06
-1.67691e-06
-1.60941e-06
-1.59334e-06
-1.86674e-06
-1.51287e-06
-2.0943e-06
-1.44298e-06
-2.29994e-06
-1.39376e-06
-2.49801e-06
-1.3821e-06
-2.71405e-06
-1.43521e-06
-2.9974e-06
-1.57615e-06
-3.43649e-06
-1.76542e-06
-4.13149e-06
-1.82684e-06
-5.02975e-06
-1.49759e-06
-5.63739e-06
-7.16911e-07
-4.96712e-06
-2.20473e-06
-7.40065e-08
1.04914e-06
-1.79591e-07
1.46806e-06
-2.93374e-07
1.62269e-06
-4.09634e-07
1.73089e-06
-5.28662e-07
1.85453e-06
-6.51159e-07
2.01827e-06
-7.77544e-07
2.23246e-06
-9.07433e-07
2.49452e-06
-1.03748e-06
2.78298e-06
-1.16243e-06
3.05712e-06
-1.27602e-06
3.27253e-06
-1.36973e-06
3.37965e-06
-1.43597e-06
3.33345e-06
-1.47682e-06
3.13214e-06
-1.50369e-06
2.82847e-06
-1.52775e-06
2.48304e-06
-1.5547e-06
2.13319e-06
-1.5849e-06
1.79108e-06
-1.61599e-06
1.45416e-06
-1.64471e-06
1.1156e-06
-1.66764e-06
7.69601e-07
-1.68139e-06
4.13326e-07
-1.68269e-06
4.73071e-08
-1.66878e-06
-3.24033e-07
-1.6378e-06
-6.93361e-07
-1.58946e-06
-1.05041e-06
-1.52565e-06
-1.38394e-06
-1.45067e-06
-1.68438e-06
-1.37058e-06
-1.94684e-06
-1.29198e-06
-2.1729e-06
-1.22129e-06
-2.37064e-06
-1.1654e-06
-2.55389e-06
-1.13505e-06
-2.74441e-06
-1.15062e-06
-2.98183e-06
-1.2421e-06
-3.34501e-06
-1.41337e-06
-3.96022e-06
-1.55351e-06
-4.88961e-06
-1.4011e-06
-5.7898e-06
-7.62692e-07
-5.60552e-06
-2.96742e-06
-5.79758e-08
1.10711e-06
-1.48175e-07
1.55825e-06
-2.47421e-07
1.72194e-06
-3.48447e-07
1.83192e-06
-4.4999e-07
1.95607e-06
-5.51549e-07
2.11983e-06
-6.52509e-07
2.33342e-06
-7.51994e-07
2.59401e-06
-8.4725e-07
2.87824e-06
-9.35272e-07
3.14514e-06
-1.01283e-06
3.35008e-06
-1.07565e-06
3.44248e-06
-1.12149e-06
3.37929e-06
-1.15425e-06
3.16489e-06
-1.1821e-06
2.85633e-06
-1.21129e-06
2.51222e-06
-1.24376e-06
2.16566e-06
-1.27839e-06
1.82571e-06
-1.31284e-06
1.48861e-06
-1.34448e-06
1.14725e-06
-1.37069e-06
7.95811e-07
-1.38879e-06
4.31419e-07
-1.39602e-06
5.45397e-08
-1.38978e-06
-3.30271e-07
-1.36799e-06
-7.1515e-07
-1.32967e-06
-1.08873e-06
-1.27583e-06
-1.43778e-06
-1.2101e-06
-1.75012e-06
-1.13833e-06
-2.01861e-06
-1.06714e-06
-2.24409e-06
-1.00248e-06
-2.4353e-06
-9.49614e-07
-2.60675e-06
-9.15164e-07
-2.77886e-06
-9.12235e-07
-2.98476e-06
-9.66329e-07
-3.29091e-06
-1.10113e-06
-3.82543e-06
-1.26365e-06
-4.72709e-06
-1.23717e-06
-5.81628e-06
-7.57755e-07
-6.08494e-06
-3.72517e-06
-4.06943e-08
1.14781e-06
-1.14053e-07
1.63161e-06
-1.97308e-07
1.80519e-06
-2.81726e-07
1.91634e-06
-3.64596e-07
2.03894e-06
-4.44192e-07
2.19942e-06
-5.18866e-07
2.4081e-06
-5.87095e-07
2.66224e-06
-6.47275e-07
2.93842e-06
-6.98796e-07
3.19666e-06
-7.41784e-07
3.39307e-06
-7.75786e-07
3.47648e-06
-8.04204e-07
3.40771e-06
-8.30358e-07
3.19105e-06
-8.58246e-07
2.88421e-06
-8.89699e-07
2.54368e-06
-9.23991e-07
2.19995e-06
-9.59224e-07
1.86094e-06
-9.93324e-07
1.52271e-06
-1.02442e-06
1.17834e-06
-1.05072e-06
8.22118e-07
-1.07044e-06
4.51141e-07
-1.08166e-06
6.57569e-08
-1.08225e-06
-3.29682e-07
-1.0702e-06
-7.27195e-07
-1.04401e-06
-1.11493e-06
-1.0036e-06
-1.47819e-06
-9.51544e-07
-1.80217e-06
-8.93096e-07
-2.07706e-06
-8.34652e-07
-2.30253e-06
-7.81854e-07
-2.48809e-06
-7.39074e-07
-2.64953e-06
-7.10604e-07
-2.80733e-06
-7.04286e-07
-2.99108e-06
-7.38224e-07
-3.25698e-06
-8.39912e-07
-3.72374e-06
-9.94254e-07
-4.57274e-06
-1.04151e-06
-5.76902e-06
-7.15095e-07
-6.41135e-06
-4.44027e-06
-2.28116e-08
1.17062e-06
-7.82524e-08
1.68705e-06
-1.44558e-07
1.8715e-06
-2.1154e-07
1.98332e-06
-2.75165e-07
2.10257e-06
-3.3254e-07
2.2568e-06
-3.81071e-07
2.45663e-06
-4.18615e-07
2.69978e-06
-4.4461e-07
2.96441e-06
-4.60633e-07
3.21268e-06
-4.70012e-07
3.40245e-06
-4.75878e-07
3.48235e-06
-4.86777e-07
3.41861e-06
-5.05129e-07
3.2094e-06
-5.30612e-07
2.9097e-06
-5.61286e-07
2.57435e-06
-5.94321e-07
2.23299e-06
-6.27241e-07
1.89386e-06
-6.58285e-07
1.55376e-06
-6.86263e-07
1.20632e-06
-7.10249e-07
8.46104e-07
-7.29389e-07
4.70281e-07
-7.42747e-07
7.91141e-08
-7.48946e-07
-3.23482e-07
-7.46372e-07
-7.2977e-07
-7.33319e-07
-1.12798e-06
-7.08872e-07
-1.50263e-06
-6.7436e-07
-1.83668e-06
-6.33999e-07
-2.11742e-06
-5.93471e-07
-2.34306e-06
-5.5787e-07
-2.52369e-06
-5.30879e-07
-2.67653e-06
-5.15559e-07
-2.82265e-06
-5.16708e-07
-2.98993e-06
-5.46016e-07
-3.22767e-06
-6.2666e-07
-3.64309e-06
-7.63807e-07
-4.4356e-06
-8.43084e-07
-5.68975e-06
-6.44464e-07
-6.60997e-06
-5.08473e-06
-4.83389e-09
1.17545e-06
-4.18177e-08
1.72404e-06
-9.07513e-08
1.92043e-06
-1.40072e-07
2.03264e-06
-1.84516e-07
2.14701e-06
-2.20134e-07
2.29242e-06
-2.435e-07
2.47999e-06
-2.51978e-07
2.70826e-06
-2.45691e-07
2.95813e-06
-2.27777e-07
3.19477e-06
-2.03979e-07
3.37865e-06
-1.82042e-07
3.46041e-06
-1.72218e-07
3.40878e-06
-1.79487e-07
3.21667e-06
-1.99138e-07
2.92935e-06
-2.26096e-07
2.60131e-06
-2.55542e-07
2.26243e-06
-2.84288e-07
1.92261e-06
-3.10725e-07
1.58019e-06
-3.34217e-07
1.22981e-06
-3.546e-07
8.66487e-07
-3.71902e-07
4.87583e-07
-3.86145e-07
9.3357e-08
-3.96762e-07
-3.12866e-07
-4.02782e-07
-7.2375e-07
-4.02756e-07
-1.12801e-06
-3.95432e-07
-1.50996e-06
-3.81151e-07
-1.85096e-06
-3.62813e-07
-2.13575e-06
-3.44807e-07
-2.36107e-06
-3.3117e-07
-2.53733e-06
-3.24733e-07
-2.68296e-06
-3.27724e-07
-2.81966e-06
-3.43504e-07
-2.97415e-06
-3.79831e-07
-3.19134e-06
-4.53582e-07
-3.56934e-06
-5.77113e-07
-4.31207e-06
-6.64994e-07
-5.60187e-06
-5.52571e-07
-6.7224e-06
-5.63731e-06
1.1936e-08
1.16352e-06
-6.25628e-09
1.74223e-06
-3.74527e-08
1.95163e-06
-6.92919e-08
2.06448e-06
-9.51499e-08
2.17287e-06
-1.10144e-07
2.30741e-06
-1.10116e-07
2.47997e-06
-9.1986e-08
2.69013e-06
-5.60697e-08
2.92221e-06
-6.468e-09
3.14517e-06
5.00473e-08
3.32214e-06
1.00975e-07
3.40948e-06
1.35182e-07
3.37457e-06
1.44156e-07
3.20769e-06
1.3442e-07
2.93909e-06
1.14122e-07
2.62161e-06
9.01572e-08
2.2864e-06
6.66601e-08
1.94611e-06
4.53838e-08
1.60147e-06
2.66164e-08
1.24858e-06
9.90034e-09
8.83204e-07
-5.39153e-09
5.02875e-07
-1.98002e-08
1.07766e-07
-3.39165e-08
-2.98749e-07
-4.74609e-08
-7.10205e-07
-5.96154e-08
-1.11585e-06
-6.94801e-08
-1.50009e-06
-7.69965e-08
-1.84345e-06
-8.36531e-08
-2.1291e-06
-9.19395e-08
-2.35278e-06
-1.04213e-07
-2.52506e-06
-1.22151e-07
-2.66503e-06
-1.47235e-07
-2.79457e-06
-1.82112e-07
-2.93927e-06
-2.32781e-07
-3.14067e-06
-3.11643e-07
-3.49048e-06
-4.30025e-07
-4.19368e-06
-5.21882e-07
-5.51001e-06
-4.52758e-07
-6.79152e-06
-6.09006e-06
2.7591e-08
1.13593e-06
2.83434e-08
1.74148e-06
1.40877e-08
1.96589e-06
-9.39712e-10
2.07951e-06
-9.288e-09
2.18122e-06
-5.29339e-09
2.30341e-06
1.5788e-08
2.45888e-06
5.73206e-08
2.6486e-06
1.19564e-07
2.85997e-06
1.98082e-07
3.06665e-06
2.85342e-07
3.23488e-06
3.67211e-07
3.32761e-06
4.29316e-07
3.31247e-06
4.61122e-07
3.17589e-06
4.66643e-07
2.93356e-06
4.56551e-07
2.6317e-06
4.39958e-07
2.30299e-06
4.22437e-07
1.96363e-06
4.06344e-07
1.61756e-06
3.91982e-07
1.26294e-06
3.78595e-07
8.96592e-07
3.64972e-07
5.16497e-07
3.49835e-07
1.22903e-07
3.32237e-07
-2.81151e-07
3.11568e-07
-6.89537e-07
2.87735e-07
-1.09202e-06
2.60817e-07
-1.47318e-06
2.30796e-07
-1.81343e-06
1.9743e-07
-2.09573e-06
1.60395e-07
-2.31575e-06
1.19477e-07
-2.48414e-06
7.44439e-08
-2.61999e-06
2.46336e-08
-2.74476e-06
-3.20792e-08
-2.88256e-06
-1.00953e-07
-3.0718e-06
-1.9217e-07
-3.39926e-06
-3.14411e-07
-4.07144e-06
-4.14628e-07
-5.40979e-06
-3.63598e-07
-6.84255e-06
-6.45366e-06
4.15979e-08
1.09433e-06
6.02345e-08
1.72284e-06
6.2507e-08
1.96361e-06
6.32769e-08
2.07874e-06
7.0963e-08
2.17353e-06
9.18032e-08
2.28257e-06
1.31091e-07
2.4196e-06
1.92717e-07
2.58697e-06
2.77427e-07
2.77526e-06
3.81194e-07
2.96288e-06
4.96122e-07
3.11995e-06
6.08556e-07
3.21518e-06
7.01676e-07
3.21935e-06
7.63041e-07
3.11452e-06
7.91067e-07
2.90554e-06
7.96428e-07
2.62634e-06
7.90146e-07
2.30927e-06
7.79721e-07
1.97405e-06
7.68765e-07
1.62852e-06
7.58117e-07
1.27359e-06
7.47038e-07
9.0767e-07
7.34084e-07
5.29452e-07
7.17636e-07
1.39351e-07
6.9612e-07
-2.59635e-07
6.68132e-07
-6.61549e-07
6.32506e-07
-1.05639e-06
5.88237e-07
-1.42891e-06
5.34979e-07
-1.76017e-06
4.73752e-07
-2.0345e-06
4.06576e-07
-2.24857e-06
3.35544e-07
-2.41311e-06
2.61983e-07
-2.54643e-06
1.86071e-07
-2.66885e-06
1.0608e-07
-2.80257e-06
1.7131e-08
-2.98285e-06
-9.00378e-08
-3.29209e-06
-2.22364e-07
-3.93912e-06
-3.36199e-07
-5.29596e-06
-2.9511e-07
-6.88364e-06
-6.74877e-06
5.34586e-08
1.04087e-06
8.87949e-08
1.6875e-06
1.0673e-07
1.94568e-06
1.22199e-07
2.06327e-06
1.4432e-07
2.15141e-06
1.79843e-07
2.24705e-06
2.34423e-07
2.36502e-06
3.12314e-07
2.50908e-06
4.15062e-07
2.67251e-06
5.39592e-07
2.83835e-06
6.77949e-07
2.98159e-06
8.18154e-07
3.07497e-06
9.43469e-07
3.09404e-06
1.03874e-06
3.01925e-06
1.09707e-06
2.84721e-06
1.12511e-06
2.5983e-06
1.13416e-06
2.30022e-06
1.13355e-06
1.97466e-06
1.12869e-06
1.63339e-06
1.12157e-06
1.2807e-06
1.11202e-06
9.1722e-07
1.09866e-06
5.42811e-07
1.07964e-06
1.58373e-07
1.0529e-06
-2.32897e-07
1.01626e-06
-6.24906e-07
9.67489e-07
-1.00762e-06
9.04652e-07
-1.36607e-06
8.27341e-07
-1.68286e-06
7.37866e-07
-1.94503e-06
6.40429e-07
-2.15114e-06
5.39223e-07
-2.3119e-06
4.37144e-07
-2.44435e-06
3.35078e-07
-2.56678e-06
2.31551e-07
-2.69904e-06
1.21935e-07
-2.87323e-06
-2.78306e-09
-3.16738e-06
-1.48267e-07
-3.79363e-06
-2.78437e-07
-5.16579e-06
-2.47842e-07
-6.91424e-06
-6.99661e-06
6.28495e-08
9.7802e-07
1.13232e-07
1.63712e-06
1.458e-07
1.91311e-06
1.74703e-07
2.03437e-06
2.09615e-07
2.1165e-06
2.57584e-07
2.19908e-06
3.24521e-07
2.29808e-06
4.15007e-07
2.41859e-06
5.31245e-07
2.55627e-06
6.71288e-07
2.69831e-06
8.27961e-07
2.82492e-06
9.90943e-07
2.91199e-06
1.14575e-06
2.93923e-06
1.27591e-06
2.88909e-06
1.37023e-06
2.75289e-06
1.42899e-06
2.53953e-06
1.4606e-06
2.26861e-06
1.47488e-06
1.96038e-06
1.47898e-06
1.62929e-06
1.47654e-06
1.28314e-06
1.46846e-06
9.25295e-07
1.45387e-06
5.57405e-07
1.43088e-06
1.81357e-07
1.39706e-06
-1.99076e-07
1.34954e-06
-5.77383e-07
1.28519e-06
-9.43274e-07
1.20169e-06
-1.28257e-06
1.09931e-06
-1.58048e-06
9.81901e-07
-1.82762e-06
8.55493e-07
-2.02473e-06
7.25816e-07
-2.18222e-06
5.96808e-07
-2.31534e-06
4.69866e-07
-2.43984e-06
3.43717e-07
-2.57289e-06
2.13907e-07
-2.74342e-06
7.19386e-08
-3.02541e-06
-8.84893e-08
-3.63321e-06
-2.34517e-07
-5.01976e-06
-2.18705e-07
-6.93005e-06
-7.21532e-06
6.9472e-08
9.08549e-07
1.3285e-07
1.57374e-06
1.78791e-07
1.86717e-06
2.19859e-07
1.9933e-06
2.66004e-07
2.07035e-06
3.24352e-07
2.14074e-06
4.00944e-07
2.22149e-06
5.00545e-07
2.31899e-06
6.2581e-07
2.43101e-06
7.75949e-07
2.54817e-06
9.45483e-07
2.65538e-06
1.12486e-06
2.73261e-06
1.30266e-06
2.76143e-06
1.46385e-06
2.7279e-06
1.59485e-06
2.62189e-06
1.68998e-06
2.4444e-06
1.75196e-06
2.20663e-06
1.7883e-06
1.92404e-06
1.8066e-06
1.611e-06
1.81196e-06
1.27777e-06
1.80669e-06
9.30569e-07
1.79077e-06
5.73329e-07
1.76258e-06
2.09543e-07
1.71948e-06
-1.55977e-07
1.65829e-06
-5.16196e-07
1.57558e-06
-8.60559e-07
1.46961e-06
-1.17661e-06
1.34213e-06
-1.45299e-06
1.19853e-06
-1.68402e-06
1.04604e-06
-1.87223e-06
8.91203e-07
-2.02739e-06
7.38338e-07
-2.16248e-06
5.89023e-07
-2.29053e-06
4.42146e-07
-2.42602e-06
2.93438e-07
-2.59472e-06
1.34795e-07
-2.86676e-06
-4.07713e-08
-3.45764e-06
-2.01134e-07
-4.8594e-06
-2.03403e-07
-6.92778e-06
-7.41872e-06
7.31768e-08
8.35372e-07
1.47147e-07
1.49977e-06
2.04939e-07
1.80938e-06
2.56913e-07
1.94132e-06
3.12881e-07
2.01439e-06
3.79848e-07
2.07377e-06
4.63771e-07
2.13756e-06
5.69438e-07
2.21333e-06
6.99821e-07
2.30063e-06
8.55079e-07
2.39291e-06
1.03163e-06
2.47883e-06
1.22108e-06
2.54317e-06
1.41361e-06
2.5689e-06
1.59751e-06
2.544e-06
1.75937e-06
2.46003e-06
1.88992e-06
2.31385e-06
1.9864e-06
2.11015e-06
2.05148e-06
1.85895e-06
2.09054e-06
1.57194e-06
2.10874e-06
1.25958e-06
2.1093e-06
9.30007e-07
2.09321e-06
5.89416e-07
2.0594e-06
2.43354e-07
2.00531e-06
-1.01883e-07
1.92831e-06
-4.39197e-07
1.82579e-06
-7.58041e-07
1.69771e-06
-1.04852e-06
1.54752e-06
-1.30281e-06
1.38171e-06
-1.51821e-06
1.20786e-06
-1.69838e-06
1.03255e-06
-1.85209e-06
8.6e-07
-1.98992e-06
6.91715e-07
-2.12224e-06
5.26763e-07
-2.26107e-06
3.61341e-07
-2.42929e-06
1.87896e-07
-2.69332e-06
-5.22671e-10
-3.26922e-06
-1.75273e-07
-4.68465e-06
-1.97428e-07
-6.90562e-06
-7.61615e-06
7.39571e-08
7.61415e-07
1.55701e-07
1.41803e-06
2.23633e-07
1.74144e-06
2.85278e-07
1.87968e-06
3.49845e-07
1.94982e-06
4.24036e-07
1.99958e-06
5.13505e-07
2.0481e-06
6.22899e-07
2.10393e-06
7.55315e-07
2.16821e-06
9.11556e-07
2.23667e-06
1.08951e-06
2.30088e-06
1.28293e-06
2.34974e-06
1.48251e-06
2.36933e-06
1.67887e-06
2.34764e-06
1.86122e-06
2.27768e-06
2.01922e-06
2.15585e-06
2.14649e-06
1.98288e-06
2.24123e-06
1.76421e-06
2.30497e-06
1.5082e-06
2.34066e-06
1.22389e-06
2.35092e-06
9.19741e-07
2.33716e-06
6.03183e-07
2.299e-06
2.81507e-07
2.23455e-06
-3.74252e-08
2.14271e-06
-3.47365e-07
2.02281e-06
-6.38137e-07
1.87682e-06
-9.02537e-07
1.70958e-06
-1.13556e-06
1.52784e-06
-1.33647e-06
1.33891e-06
-1.50945e-06
1.14885e-06
-1.66203e-06
9.61334e-07
-1.80241e-06
7.7787e-07
-1.93878e-06
5.98003e-07
-2.0812e-06
4.18573e-07
-2.24986e-06
2.32166e-07
-2.50691e-06
3.10748e-08
-3.06813e-06
-1.55076e-07
-4.4985e-06
-1.98185e-07
-6.86251e-06
-7.81433e-06
7.19024e-08
6.89512e-07
1.58272e-07
1.33166e-06
2.34372e-07
1.66534e-06
3.0446e-07
1.80959e-06
3.76618e-07
1.87766e-06
4.57026e-07
1.91917e-06
5.50832e-07
1.95429e-06
6.62375e-07
1.99239e-06
7.94683e-07
2.0359e-06
9.4889e-07
2.08246e-06
1.12377e-06
2.126e-06
1.31538e-06
2.15813e-06
1.51578e-06
2.16892e-06
1.71599e-06
2.14744e-06
1.90743e-06
2.08624e-06
2.08118e-06
1.9821e-06
2.22944e-06
1.83462e-06
2.34732e-06
1.64632e-06
2.43295e-06
1.42257e-06
2.48636e-06
1.17047e-06
2.50838e-06
8.97722e-07
2.49971e-06
6.11852e-07
2.46043e-06
3.20796e-07
2.39047e-06
3.25271e-08
2.28931e-06
-2.46206e-07
2.15904e-06
-5.07863e-07
2.00312e-06
-7.46618e-07
1.82687e-06
-9.59315e-07
1.63694e-06
-1.14654e-06
1.43996e-06
-1.31247e-06
1.24094e-06
-1.463e-06
1.04313e-06
-1.60459e-06
8.48502e-07
-1.74415e-06
6.57199e-07
-1.8899e-06
4.66473e-07
-2.05914e-06
2.69557e-07
-2.30999e-06
5.87148e-08
-2.85729e-06
-1.3767e-07
-4.30211e-06
-2.0412e-07
-6.79606e-06
-8.01846e-06
6.71672e-08
6.22345e-07
1.54791e-07
1.24404e-06
2.3678e-07
1.58336e-06
3.14044e-07
1.73233e-06
3.92988e-07
1.79872e-06
4.78993e-07
1.83316e-06
5.76506e-07
1.85678e-06
6.89366e-07
1.87953e-06
8.20376e-07
1.90489e-06
9.70811e-07
1.93203e-06
1.13998e-06
1.95683e-06
1.32519e-06
1.97293e-06
1.52092e-06
1.97319e-06
1.71892e-06
1.94945e-06
1.91089e-06
1.89426e-06
2.08939e-06
1.8036e-06
2.24725e-06
1.67677e-06
2.37834e-06
1.51524e-06
2.47852e-06
1.32239e-06
2.54552e-06
1.10348e-06
2.57832e-06
8.64919e-07
2.57663e-06
6.13545e-07
2.54059e-06
3.56833e-07
2.47098e-06
1.02132e-07
2.36885e-06
-1.44071e-07
2.23717e-06
-3.76184e-07
2.08021e-06
-5.89658e-07
1.90345e-06
-7.82552e-07
1.71301e-06
-9.56104e-07
1.51424e-06
-1.1137e-06
1.31135e-06
-1.26011e-06
1.10783e-06
-1.40107e-06
9.05944e-07
-1.54227e-06
7.06205e-07
-1.69016e-06
5.0657e-07
-1.8595e-06
3.01389e-07
-2.10481e-06
8.32527e-08
-2.63915e-06
-1.21411e-07
-4.09745e-06
-2.1408e-07
-6.70339e-06
-8.23254e-06
5.98807e-08
5.62464e-07
1.45241e-07
1.15868e-06
2.3058e-07
1.49802e-06
3.13687e-07
1.64922e-06
3.98791e-07
1.71361e-06
4.90135e-07
1.74182e-06
5.91263e-07
1.75565e-06
7.05347e-07
1.76544e-06
8.34818e-07
1.77542e-06
9.80909e-07
1.78594e-06
1.14324e-06
1.79449e-06
1.3197e-06
1.79647e-06
1.50654e-06
1.78634e-06
1.69753e-06
1.75846e-06
1.88478e-06
1.70701e-06
2.06087e-06
1.62751e-06
2.21939e-06
1.51825e-06
2.35455e-06
1.38007e-06
2.46143e-06
1.21551e-06
2.53646e-06
1.02845e-06
2.57736e-06
8.24018e-07
2.58293e-06
6.07972e-07
2.55334e-06
3.86421e-07
2.48968e-06
1.65796e-07
2.39365e-06
-4.80422e-08
2.26821e-06
-2.5075e-07
2.11783e-06
-4.39279e-07
1.94767e-06
-6.12383e-07
1.76253e-06
-7.70966e-07
1.56683e-06
-9.18e-07
1.36469e-06
-1.05797e-06
1.15944e-06
-1.19583e-06
9.53346e-07
-1.33617e-06
7.47481e-07
-1.48429e-06
5.4095e-07
-1.65297e-06
3.29706e-07
-1.89357e-06
1.07954e-07
-2.4174e-06
-1.03711e-07
-3.88578e-06
-2.25709e-07
-6.5814e-06
-8.45824e-06
5.00726e-08
5.12392e-07
1.29548e-07
1.0792e-06
2.1551e-07
1.41205e-06
3.03085e-07
1.56165e-06
3.93888e-07
1.62281e-06
4.90636e-07
1.64507e-06
5.95754e-07
1.65053e-06
7.11604e-07
1.64959e-06
8.40101e-07
1.64692e-06
9.82275e-07
1.64376e-06
1.13792e-06
1.63885e-06
1.30531e-06
1.62908e-06
1.48141e-06
1.61024e-06
1.66187e-06
1.578e-06
1.84053e-06
1.52836e-06
2.01029e-06
1.45775e-06
2.16462e-06
1.36392e-06
2.29804e-06
1.24665e-06
2.40591e-06
1.10765e-06
2.48438e-06
9.4998e-07
2.53075e-06
7.7765e-07
2.54345e-06
5.95275e-07
2.52208e-06
4.07786e-07
2.46749e-06
2.20394e-07
2.38175e-06
3.7692e-08
2.26763e-06
-1.36626e-07
2.12879e-06
-3.00443e-07
1.96939e-06
-4.52979e-07
1.79346e-06
-5.95036e-07
1.60487e-06
-7.29413e-07
1.4071e-06
-8.60202e-07
1.20295e-06
-9.91677e-07
9.94669e-07
-1.12789e-06
7.84064e-07
-1.27369e-06
5.71784e-07
-1.44069e-06
3.56243e-07
-1.67803e-06
1.35847e-07
-2.197e-06
-7.95668e-08
-3.67037e-06
-2.35594e-07
-6.42537e-06
-8.69384e-06
3.7618e-08
4.74774e-07
1.07345e-07
1.00947e-06
1.91212e-07
1.32819e-06
2.81936e-07
1.47092e-06
3.78149e-07
1.5266e-06
4.80631e-07
1.54259e-06
5.9047e-07
1.54069e-06
7.0911e-07
1.53095e-06
8.37832e-07
1.5182e-06
9.77338e-07
1.50426e-06
1.12742e-06
1.48876e-06
1.28672e-06
1.46979e-06
1.45262e-06
1.44433e-06
1.62159e-06
1.40903e-06
1.78914e-06
1.36081e-06
1.94972e-06
1.29717e-06
2.09733e-06
1.2163e-06
2.22644e-06
1.11754e-06
2.33248e-06
1.0016e-06
2.41183e-06
8.70632e-07
2.46178e-06
7.27704e-07
2.48065e-06
5.76397e-07
2.46784e-06
4.20605e-07
2.42396e-06
2.6427e-07
2.35064e-06
1.11011e-07
2.25021e-06
-3.61969e-08
2.1254e-06
-1.75636e-07
1.97939e-06
-3.06964e-07
1.81548e-06
-4.31125e-07
1.63665e-06
-5.5059e-07
1.44547e-06
-6.69017e-07
1.24411e-06
-7.90321e-07
1.03469e-06
-9.1847e-07
8.19599e-07
-1.0586e-06
6.01318e-07
-1.22241e-06
3.81819e-07
-1.45853e-06
1.67123e-07
-1.98231e-06
-4.66124e-08
-3.45663e-06
-2.40958e-07
-6.23102e-06
-8.9348e-06
2.18227e-08
4.52951e-07
7.76868e-08
9.53611e-07
1.57091e-07
1.24878e-06
2.49859e-07
1.37816e-06
3.51347e-07
1.42511e-06
4.60015e-07
1.43392e-06
5.75536e-07
1.42517e-06
6.98337e-07
1.40815e-06
8.28968e-07
1.38757e-06
9.677e-07
1.36553e-06
1.11419e-06
1.34227e-06
1.26728e-06
1.3167e-06
1.42483e-06
1.28678e-06
1.58381e-06
1.25004e-06
1.74059e-06
1.20404e-06
1.89095e-06
1.14681e-06
2.0302e-06
1.07705e-06
2.15353e-06
9.94216e-07
2.25657e-06
8.9856e-07
2.33581e-06
7.91386e-07
2.38862e-06
6.74898e-07
2.41328e-06
5.51734e-07
2.40907e-06
4.24817e-07
2.37622e-06
2.97126e-07
2.31583e-06
1.71397e-07
2.2297e-06
4.99336e-08
2.11993e-06
-6.58666e-08
1.98869e-06
-1.75725e-07
1.8382e-06
-2.80631e-07
1.67048e-06
-3.82872e-07
1.48712e-06
-4.85662e-07
1.28955e-06
-5.92745e-07
1.07946e-06
-7.0838e-07
8.59518e-07
-8.38655e-07
6.3412e-07
-9.97013e-07
4.09748e-07
-1.23416e-06
2.0257e-07
-1.77513e-06
-5.3557e-09
-3.24871e-06
-2.41879e-07
-5.9945e-06
-9.17668e-06
-3.03089e-10
4.53254e-07
3.90708e-08
9.14237e-07
1.12159e-07
1.17569e-06
2.06024e-07
1.28429e-06
3.12629e-07
1.3185e-06
4.27962e-07
1.31859e-06
5.50306e-07
1.30283e-06
6.78958e-07
1.2795e-06
8.13615e-07
1.25292e-06
9.53998e-07
1.22514e-06
1.09953e-06
1.19673e-06
1.24914e-06
1.16709e-06
1.40107e-06
1.13486e-06
1.55284e-06
1.09827e-06
1.7014e-06
1.05548e-06
1.8433e-06
1.00491e-06
1.97487e-06
9.4548e-07
2.09235e-06
8.76733e-07
2.19206e-06
7.98857e-07
2.27079e-06
7.12654e-07
2.32608e-06
6.19611e-07
2.35622e-06
5.21588e-07
2.36037e-06
4.20666e-07
2.33835e-06
3.19153e-07
2.29077e-06
2.18975e-07
2.21873e-06
1.21967e-07
2.12369e-06
2.9174e-08
2.00715e-06
-5.91789e-08
1.87042e-06
-1.43905e-07
1.71448e-06
-2.26927e-07
1.54e-06
-3.11187e-07
1.34754e-06
-4.00279e-07
1.13809e-06
-4.98933e-07
9.1433e-07
-6.14896e-07
6.82463e-07
-7.65146e-07
4.5497e-07
-1.00666e-06
2.57009e-07
-1.57717e-06
5.94749e-08
-3.05117e-06
-2.33364e-07
-5.70166e-06
-9.41004e-06
-2.80356e-08
4.8129e-07
-1.10834e-08
8.97285e-07
5.34668e-08
1.11114e-06
1.47752e-07
1.19e-06
2.5974e-07
1.20652e-06
3.8282e-07
1.19551e-06
5.13561e-07
1.17209e-06
6.50019e-07
1.14304e-06
7.9106e-07
1.11187e-06
9.35875e-07
1.08033e-06
1.08362e-06
1.04899e-06
1.23317e-06
1.01755e-06
1.38297e-06
9.85067e-07
1.531e-06
9.50241e-07
1.67479e-06
9.11682e-07
1.81153e-06
8.68167e-07
1.93821e-06
8.18807e-07
2.05181e-06
7.6313e-07
2.14941e-06
7.01255e-07
2.22828e-06
6.33787e-07
2.28623e-06
5.61656e-07
2.32177e-06
4.86045e-07
2.33392e-06
4.08523e-07
2.32222e-06
3.30854e-07
2.28665e-06
2.5454e-07
2.2279e-06
1.80716e-07
2.14685e-06
1.10231e-07
2.04447e-06
4.31932e-08
1.92165e-06
-2.10836e-08
1.77862e-06
-8.38944e-08
1.61541e-06
-1.47982e-07
1.4315e-06
-2.16367e-07
1.2275e-06
-2.94934e-07
1.00579e-06
-3.93187e-07
7.75505e-07
-5.34858e-07
5.59348e-07
-7.90507e-07
3.83577e-07
-1.4014e-06
2.00985e-07
-2.86858e-06
-1.72827e-07
-5.32785e-06
-9.58287e-06
-7.45625e-08
5.55852e-07
-8.10395e-08
9.03762e-07
-2.41037e-08
1.05421e-06
7.07472e-08
1.09515e-06
1.89202e-07
1.08806e-06
3.22133e-07
1.06258e-06
4.64088e-07
1.03013e-06
6.11404e-07
9.95727e-07
7.61953e-07
9.61326e-07
9.14438e-07
9.27841e-07
1.06777e-06
8.95652e-07
1.22081e-06
8.64507e-07
1.37223e-06
8.33653e-07
1.52038e-06
8.02088e-07
1.66329e-06
7.68772e-07
1.79867e-06
7.32788e-07
1.92406e-06
6.93418e-07
2.03697e-06
6.50214e-07
2.13503e-06
6.03195e-07
2.21606e-06
5.52758e-07
2.27833e-06
4.99385e-07
2.32041e-06
4.43972e-07
2.34107e-06
3.8786e-07
2.33976e-06
3.32162e-07
2.31627e-06
2.78032e-07
2.27093e-06
2.26052e-07
2.2045e-06
1.76669e-07
2.11769e-06
1.29998e-07
2.01088e-06
8.57264e-08
1.88421e-06
4.27759e-08
1.73846e-06
-2.23268e-09
1.57156e-06
-4.94689e-08
1.38493e-06
-1.08297e-07
1.18172e-06
-1.89979e-07
9.73436e-07
-3.26574e-07
7.92529e-07
-6.096e-07
6.61422e-07
-1.27029e-06
4.76001e-07
-2.68316e-06
2.16189e-08
-4.87347e-06
-9.56125e-06
-1.46064e-07
7.01917e-07
-1.91745e-07
9.49442e-07
-1.42041e-07
1.0045e-06
-4.04294e-08
9.93542e-07
9.0424e-08
9.57208e-07
2.39369e-07
9.13633e-07
3.9849e-07
8.71011e-07
5.62184e-07
8.32033e-07
7.27565e-07
7.95945e-07
8.92936e-07
7.6247e-07
1.05705e-06
7.31533e-07
1.21883e-06
7.02734e-07
1.37714e-06
6.75336e-07
1.5307e-06
6.48531e-07
1.67793e-06
6.2154e-07
1.81713e-06
5.93591e-07
1.94645e-06
5.64093e-07
2.06396e-06
5.32709e-07
2.16776e-06
4.99396e-07
2.25604e-06
4.64478e-07
2.32707e-06
4.28349e-07
2.37939e-06
3.91651e-07
2.4123e-06
3.54952e-07
2.42569e-06
3.18777e-07
2.41982e-06
2.839e-07
2.39498e-06
2.50896e-07
2.35155e-06
2.20094e-07
2.29015e-06
1.91393e-07
2.21146e-06
1.64423e-07
2.11605e-06
1.38181e-07
2.00291e-06
1.10905e-07
1.87384e-06
7.96013e-08
1.72966e-06
3.58855e-08
1.57594e-06
-3.62531e-08
1.42256e-06
-1.73195e-07
1.29071e-06
-4.77751e-07
1.17099e-06
-1.15058e-06
8.98318e-07
-2.41048e-06
3.03711e-07
-4.27886e-06
-9.25754e-06
-2.88269e-07
9.90186e-07
-3.4567e-07
1.00684e-06
-2.96681e-07
9.55515e-07
-1.92704e-07
8.89565e-07
-4.17635e-08
8.06267e-07
1.38182e-07
7.33687e-07
3.32064e-07
6.77129e-07
5.3123e-07
6.32867e-07
7.30704e-07
5.96471e-07
9.27146e-07
5.66028e-07
1.11901e-06
5.39666e-07
1.30567e-06
5.16077e-07
1.48658e-06
4.94423e-07
1.6611e-06
4.7401e-07
1.82839e-06
4.54256e-07
1.98727e-06
4.34711e-07
2.13632e-06
4.15042e-07
2.27404e-06
3.94991e-07
2.39902e-06
3.74416e-07
2.51012e-06
3.53374e-07
2.60646e-06
3.32009e-07
2.68755e-06
3.10565e-07
2.75321e-06
2.8929e-07
2.80358e-06
2.68406e-07
2.83926e-06
2.48218e-07
2.86117e-06
2.28987e-07
2.87039e-06
2.10874e-07
2.86801e-06
1.93775e-07
2.85503e-06
1.77404e-07
2.8322e-06
1.6101e-07
2.79981e-06
1.43301e-07
2.75833e-06
1.2108e-07
2.70656e-06
8.76541e-08
2.64279e-06
2.75119e-08
2.56238e-06
-9.27778e-08
2.43312e-06
-3.48491e-07
2.14694e-06
-8.64403e-07
1.51616e-06
-1.7797e-06
6.71431e-07
-3.43413e-06
-8.58611e-06
-4.88081e-07
1.47827e-06
-4.96544e-07
1.01531e-06
-2.12098e-07
6.71069e-07
1.38525e-07
5.38942e-07
4.79601e-07
4.6519e-07
8.03941e-07
4.09348e-07
1.11176e-06
3.6931e-07
1.40264e-06
3.41986e-07
1.67756e-06
3.21551e-07
1.93916e-06
3.04429e-07
2.18938e-06
2.89441e-07
2.42941e-06
2.76047e-07
2.66002e-06
2.63818e-07
2.88162e-06
2.52405e-07
3.09434e-06
2.41539e-07
3.29804e-06
2.31012e-07
3.49241e-06
2.20671e-07
3.67701e-06
2.10393e-07
3.85133e-06
2.0009e-07
4.01497e-06
1.8974e-07
4.16762e-06
1.79359e-07
4.30918e-06
1.68999e-07
4.43974e-06
1.58735e-07
4.5595e-06
1.48644e-07
4.6689e-06
1.3882e-07
4.76856e-06
1.29328e-07
4.85923e-06
1.20201e-07
4.94163e-06
1.11376e-07
5.01635e-06
1.02679e-07
5.08377e-06
9.35946e-08
5.14397e-06
8.30967e-08
5.19581e-06
6.92408e-08
5.23465e-06
4.88119e-08
5.24522e-06
1.69414e-08
5.19394e-06
-4.14907e-08
4.98053e-06
-1.35088e-07
4.37566e-06
-2.59525e-07
3.12516e-06
-5.29204e-07
1.51177e-06
-1.82074e-06
-7.07434e-06
1.47827e-06
2.49357e-06
3.16464e-06
3.70358e-06
4.16877e-06
4.57812e-06
4.94743e-06
5.28942e-06
5.61097e-06
5.9154e-06
6.20484e-06
6.48089e-06
6.74471e-06
6.99711e-06
7.23865e-06
7.46966e-06
7.69033e-06
7.90072e-06
8.10082e-06
8.29056e-06
8.46991e-06
8.63891e-06
8.79765e-06
8.94629e-06
9.08511e-06
9.21444e-06
9.33464e-06
9.44602e-06
9.5487e-06
9.64229e-06
9.72539e-06
9.79463e-06
9.84344e-06
9.86038e-06
9.81889e-06
9.68381e-06
9.42428e-06
8.89508e-06
7.07434e-06
)
;

boundaryField
{
    movingWall
    {
        type            calculated;
        value           uniform 0;
    }
    fixedWalls
    {
        type            calculated;
        value           uniform 0;
    }
    frontAndBack
    {
        type            empty;
    }
}


// ************************************************************************* //
