/*--------------------------------*- C++ -*----------------------------------*\
| =========                 |                                                 |
| \\      /  F ield         | OpenFOAM: The Open Source CFD Toolbox           |
|  \\    /   O peration     | Version:  2412                                  |
|   \\  /    A nd           | Website:  www.openfoam.com                      |
|    \\/     M anipulation  |                                                 |
\*---------------------------------------------------------------------------*/
FoamFile
{
    version     2.0;
    format      ascii;
    arch        "LSB;label=32;scalar=64";
    class       volVectorField;
    location    "2.25";
    object      U;
}
// * * * * * * * * * * * * * * * * * * * * * * * * * * * * * * * * * * * * * //

dimensions      [0 1 -1 0 0 0 0];

internalField   nonuniform List<vector> 
1600
(
(0.000450126 -0.000466108 0)
(0.00128454 -0.000397407 0)
(0.00160816 -0.000212977 0)
(0.00145338 -9.46435e-05 0)
(0.00104568 -6.66531e-05 0)
(0.000584656 -8.41938e-05 0)
(0.000110304 -8.99286e-05 0)
(-0.000446756 -5.11804e-05 0)
(-0.0012132 4.12786e-05 0)
(-0.00233644 0.000187016 0)
(-0.00398304 0.000384079 0)
(-0.00632944 0.000637487 0)
(-0.00954905 0.000964151 0)
(-0.0138273 0.00138983 0)
(-0.0193092 0.00193802 0)
(-0.0260395 0.00260842 0)
(-0.033866 0.00334446 0)
(-0.0424716 0.00403034 0)
(-0.0513939 0.00450144 0)
(-0.0600304 0.00460787 0)
(-0.0677024 0.00427923 0)
(-0.0738142 0.00354664 0)
(-0.0778747 0.00249818 0)
(-0.0796175 0.0012318 0)
(-0.0788005 -0.000182714 0)
(-0.0753063 -0.00167972 0)
(-0.0691965 -0.00315685 0)
(-0.0606592 -0.00450599 0)
(-0.0501008 -0.00558144 0)
(-0.0381811 -0.00622378 0)
(-0.0258075 -0.00628365 0)
(-0.0139057 -0.00564206 0)
(-0.00338027 -0.00428292 0)
(0.00435681 -0.00256195 0)
(0.00864626 -0.000650273 0)
(0.00975535 0.000726066 0)
(0.00860231 0.00120638 0)
(0.00596078 0.00128617 0)
(0.00307482 0.00109845 0)
(0.000732618 0.000757604 0)
(0.000403329 -0.00133015 0)
(0.000790921 -0.000849694 0)
(0.000216151 0.000102007 0)
(-0.00104661 0.000740639 0)
(-0.00271002 0.00100122 0)
(-0.00455821 0.00107136 0)
(-0.00652932 0.00115533 0)
(-0.00870767 0.00139832 0)
(-0.0112915 0.00187914 0)
(-0.0145558 0.00264026 0)
(-0.0187928 0.00370665 0)
(-0.0242903 0.00509769 0)
(-0.0312467 0.00681043 0)
(-0.0396607 0.00875307 0)
(-0.0493668 0.0107351 0)
(-0.0600019 0.0124854 0)
(-0.0710468 0.0136964 0)
(-0.0819049 0.01413 0)
(-0.091961 0.0136522 0)
(-0.100687 0.0122623 0)
(-0.107711 0.0100412 0)
(-0.11277 0.00714526 0)
(-0.115636 0.00376631 0)
(-0.116058 4.21707e-05 0)
(-0.113912 -0.00388177 0)
(-0.109075 -0.00784683 0)
(-0.101519 -0.0116524 0)
(-0.0913565 -0.0150266 0)
(-0.0788898 -0.0176454 0)
(-0.0646403 -0.0191758 0)
(-0.0493667 -0.0193241 0)
(-0.0340276 -0.0178837 0)
(-0.0197204 -0.0148161 0)
(-0.00734143 -0.0103942 0)
(0.00187604 -0.00522358 0)
(0.00719391 -0.000553444 0)
(0.00862526 0.00260215 0)
(0.00720624 0.00416685 0)
(0.00418595 0.0043342 0)
(0.000992358 0.00303988 0)
(9.83121e-05 -0.0015738 0)
(-0.000653091 -0.000137205 0)
(-0.00243351 0.00168774 0)
(-0.0048525 0.00288187 0)
(-0.00770052 0.00346777 0)
(-0.0108281 0.00375473 0)
(-0.0142268 0.00408648 0)
(-0.0180343 0.00474729 0)
(-0.0225129 0.00593465 0)
(-0.0280024 0.00774413 0)
(-0.0347631 0.0101474 0)
(-0.042966 0.013044 0)
(-0.0525734 0.016216 0)
(-0.0633615 0.0193406 0)
(-0.0749567 0.0220348 0)
(-0.0868103 0.0239474 0)
(-0.0983877 0.0247902 0)
(-0.109223 0.0243722 0)
(-0.118943 0.0226663 0)
(-0.127286 0.0197659 0)
(-0.134055 0.0158215 0)
(-0.139042 0.0110041 0)
(-0.142045 0.00548732 0)
(-0.142873 -0.00056588 0)
(-0.141361 -0.00697469 0)
(-0.137355 -0.0135891 0)
(-0.130667 -0.0201153 0)
(-0.121127 -0.026131 0)
(-0.108789 -0.0311181 0)
(-0.0938746 -0.034484 0)
(-0.0768967 -0.0356186 0)
(-0.0587762 -0.0340498 0)
(-0.0408076 -0.02966 0)
(-0.0242938 -0.0228246 0)
(-0.0104061 -0.014396 0)
(-0.000468196 -0.005731 0)
(0.00476997 0.0013714 0)
(0.0055853 0.0056056 0)
(0.00371806 0.00707956 0)
(0.000970125 0.00547527 0)
(-0.000359523 -0.000852153 0)
(-0.00234125 0.00180436 0)
(-0.00520134 0.00438913 0)
(-0.00861423 0.00605953 0)
(-0.0124566 0.00699014 0)
(-0.0166489 0.0076075 0)
(-0.021275 0.00838473 0)
(-0.0265566 0.00973892 0)
(-0.0327662 0.0119214 0)
(-0.0401704 0.0149939 0)
(-0.0489272 0.0188094 0)
(-0.0590385 0.0230537 0)
(-0.0702945 0.0273228 0)
(-0.0823125 0.0311543 0)
(-0.0946347 0.0340793 0)
(-0.106837 0.0357386 0)
(-0.118557 0.0359467 0)
(-0.129508 0.034605 0)
(-0.139442 0.031725 0)
(-0.14813 0.027443 0)
(-0.155386 0.0219343 0)
(-0.161049 0.0153659 0)
(-0.164889 0.00787413 0)
(-0.16673 -0.000422839 0)
(-0.166501 -0.00935041 0)
(-0.163846 -0.0186332 0)
(-0.158707 -0.0279624 0)
(-0.150964 -0.0369574 0)
(-0.140251 -0.0449477 0)
(-0.126373 -0.0511034 0)
(-0.109325 -0.0544438 0)
(-0.0895036 -0.0540342 0)
(-0.068004 -0.0493318 0)
(-0.0466292 -0.0405177 0)
(-0.0273256 -0.0286238 0)
(-0.0117386 -0.0153789 0)
(-0.00141781 -0.00326558 0)
(0.00281563 0.00514508 0)
(0.00269361 0.00882035 0)
(0.000802047 0.00748459 0)
(-0.000810438 0.000938917 0)
(-0.00392015 0.00486743 0)
(-0.00770492 0.00806309 0)
(-0.011939 0.0101398 0)
(-0.0165962 0.0114411 0)
(-0.0216609 0.0125065 0)
(-0.0273117 0.0139302 0)
(-0.0337961 0.0161835 0)
(-0.0413791 0.0195177 0)
(-0.0502446 0.0238803 0)
(-0.0604106 0.0289656 0)
(-0.0717106 0.0343066 0)
(-0.0838575 0.0393374 0)
(-0.0964926 0.0435307 0)
(-0.109266 0.0464765 0)
(-0.121866 0.0478425 0)
(-0.133949 0.0474444 0)
(-0.145158 0.0452291 0)
(-0.155185 0.0412424 0)
(-0.163782 0.0356348 0)
(-0.170745 0.0285492 0)
(-0.175939 0.0201658 0)
(-0.179322 0.010738 0)
(-0.180903 0.000486265 0)
(-0.180911 -0.0104685 0)
(-0.179616 -0.0219341 0)
(-0.17662 -0.0337064 0)
(-0.171614 -0.045438 0)
(-0.164185 -0.0565992 0)
(-0.153657 -0.066272 0)
(-0.139388 -0.0731704 0)
(-0.120993 -0.075817 0)
(-0.0987012 -0.0728734 0)
(-0.0737726 -0.0637069 0)
(-0.0488161 -0.0490426 0)
(-0.0269234 -0.0310794 0)
(-0.0102607 -0.0128174 0)
(-0.000874817 0.00169984 0)
(0.0015743 0.00913675 0)
(0.000649089 0.00887447 0)
(-0.00123791 0.0036907 0)
(-0.00528773 0.00886317 0)
(-0.00979951 0.0125282 0)
(-0.0146788 0.0149541 0)
(-0.019985 0.0166517 0)
(-0.0257582 0.0182723 0)
(-0.0322237 0.0204828 0)
(-0.0396533 0.0237711 0)
(-0.048267 0.028319 0)
(-0.058132 0.0339406 0)
(-0.0691642 0.0401624 0)
(-0.0811582 0.0463733 0)
(-0.0938492 0.0519896 0)
(-0.106958 0.0564733 0)
(-0.120102 0.0593644 0)
(-0.132835 0.0603192 0)
(-0.144666 0.0590986 0)
(-0.155106 0.0556829 0)
(-0.163797 0.0501511 0)
(-0.170468 0.0427006 0)
(-0.175057 0.0336936 0)
(-0.177779 0.0235222 0)
(-0.179077 0.0125413 0)
(-0.1795 0.000989811 0)
(-0.179026 -0.0110092 0)
(-0.178006 -0.0234558 0)
(-0.176618 -0.0364032 0)
(-0.174672 -0.0497946 0)
(-0.171629 -0.0633741 0)
(-0.166579 -0.0764695 0)
(-0.158232 -0.0878026 0)
(-0.145188 -0.0954413 0)
(-0.126489 -0.0970574 0)
(-0.102224 -0.0906993 0)
(-0.0740856 -0.0756488 0)
(-0.0459651 -0.0536729 0)
(-0.0223832 -0.0289495 0)
(-0.00603758 -0.00631918 0)
(0.000475851 0.00747838 0)
(0.000669685 0.00977836 0)
(-0.00156904 0.00717156 0)
(-0.00635402 0.0135796 0)
(-0.0114246 0.0176157 0)
(-0.0167909 0.020347 0)
(-0.0225938 0.0224647 0)
(-0.0289176 0.0247132 0)
(-0.0360032 0.0277959 0)
(-0.0441123 0.0321887 0)
(-0.053401 0.0379532 0)
(-0.0638684 0.0447389 0)
(-0.0753906 0.0519472 0)
(-0.087805 0.0589498 0)
(-0.100853 0.0650959 0)
(-0.114102 0.0697259 0)
(-0.127019 0.0722637 0)
(-0.138954 0.0722948 0)
(-0.14926 0.069609 0)
(-0.157372 0.0642142 0)
(-0.162973 0.0564188 0)
(-0.166175 0.0467496 0)
(-0.167414 0.0358521 0)
(-0.16726 0.0242971 0)
(-0.16625 0.0124506 0)
(-0.164744 0.000474945 0)
(-0.163346 -0.0116099 0)
(-0.162147 -0.0239171 0)
(-0.161442 -0.0366876 0)
(-0.161257 -0.0501803 0)
(-0.161427 -0.0645552 0)
(-0.161352 -0.0796622 0)
(-0.159792 -0.0947137 0)
(-0.154786 -0.107934 0)
(-0.143966 -0.116442 0)
(-0.12551 -0.11669 0)
(-0.0993681 -0.105727 0)
(-0.0682028 -0.0830429 0)
(-0.037744 -0.0522548 0)
(-0.0140761 -0.0207518 0)
(-0.00147774 0.00254531 0)
(0.000769657 0.0100487 0)
(-0.00178438 0.0112174 0)
(-0.00710211 0.0188348 0)
(-0.012575 0.0231655 0)
(-0.0182832 0.0261667 0)
(-0.024437 0.0287221 0)
(-0.0311384 0.031646 0)
(-0.0386364 0.0356508 0)
(-0.0471649 0.0411471 0)
(-0.0568199 0.048061 0)
(-0.0675641 0.0559119 0)
(-0.0793252 0.0640641 0)
(-0.0918954 0.0717948 0)
(-0.104836 0.0782272 0)
(-0.117566 0.0825671 0)
(-0.129361 0.0841411 0)
(-0.139394 0.0824734 0)
(-0.14691 0.0774295 0)
(-0.151569 0.0693528 0)
(-0.153615 0.0590183 0)
(-0.153659 0.0473351 0)
(-0.152401 0.0350718 0)
(-0.150427 0.0227356 0)
(-0.148169 0.0105719 0)
(-0.145965 -0.00133791 0)
(-0.143907 -0.0130721 0)
(-0.14218 -0.0248016 0)
(-0.141051 -0.036743 0)
(-0.140785 -0.0492474 0)
(-0.141641 -0.0627516 0)
(-0.14364 -0.0776729 0)
(-0.146249 -0.0940865 0)
(-0.147981 -0.111155 0)
(-0.14617 -0.126465 0)
(-0.137342 -0.135728 0)
(-0.118651 -0.133592 0)
(-0.0901233 -0.115925 0)
(-0.0561866 -0.08311 0)
(-0.0251473 -0.0426733 0)
(-0.00463366 -0.00697615 0)
(0.000726535 0.00929864 0)
(-0.0018832 0.0156394 0)
(-0.00754136 0.0244485 0)
(-0.0132682 0.0290215 0)
(-0.0191697 0.0322713 0)
(-0.0255224 0.0352715 0)
(-0.0324348 0.0388856 0)
(-0.0401418 0.043809 0)
(-0.0488372 0.0503619 0)
(-0.0585723 0.0583466 0)
(-0.0693478 0.0672109 0)
(-0.0810513 0.0762389 0)
(-0.0933117 0.0844082 0)
(-0.105558 0.0906964 0)
(-0.117072 0.0941648 0)
(-0.12693 0.0940105 0)
(-0.134213 0.0898063 0)
(-0.138495 0.081833 0)
(-0.140083 0.0710821 0)
(-0.139722 0.0587448 0)
(-0.138224 0.0458181 0)
(-0.136206 0.0329314 0)
(-0.133996 0.0203632 0)
(-0.131737 0.00817953 0)
(-0.129445 -0.00366735 0)
(-0.127138 -0.0152405 0)
(-0.124942 -0.0266029 0)
(-0.123026 -0.0378765 0)
(-0.121721 -0.0493103 0)
(-0.12146 -0.0613322 0)
(-0.122723 -0.0745968 0)
(-0.125806 -0.0898711 0)
(-0.130336 -0.107568 0)
(-0.134585 -0.126798 0)
(-0.135017 -0.144173 0)
(-0.126869 -0.153311 0)
(-0.106451 -0.146378 0)
(-0.0746454 -0.118318 0)
(-0.0388009 -0.0722492 0)
(-0.00967819 -0.0226339 0)
(0.000514117 0.00698935 0)
(-0.00187546 0.0202496 0)
(-0.00769168 0.0302523 0)
(-0.013525 0.0350377 0)
(-0.0194826 0.0385128 0)
(-0.0258869 0.0419484 0)
(-0.0328413 0.04624 0)
(-0.04055 0.0520418 0)
(-0.0491634 0.059578 0)
(-0.0587343 0.0685508 0)
(-0.0692652 0.0783535 0)
(-0.0805058 0.0879931 0)
(-0.0919697 0.0962298 0)
(-0.103015 0.101898 0)
(-0.112764 0.103851 0)
(-0.120182 0.101261 0)
(-0.124649 0.0941031 0)
(-0.126393 0.0834393 0)
(-0.126225 0.0707548 0)
(-0.125037 0.0573248 0)
(-0.123478 0.043938 0)
(-0.121843 0.0309118 0)
(-0.120165 0.0182874 0)
(-0.118368 0.00601351 0)
(-0.116355 -0.0059599 0)
(-0.114121 -0.0176307 0)
(-0.111717 -0.0289778 0)
(-0.109259 -0.0400138 0)
(-0.107006 -0.0508394 0)
(-0.105342 -0.061721 0)
(-0.104814 -0.0732029 0)
(-0.106103 -0.0862105 0)
(-0.109779 -0.101958 0)
(-0.115621 -0.121265 0)
(-0.121539 -0.142978 0)
(-0.122803 -0.161987 0)
(-0.113204 -0.16868 0)
(-0.0889268 -0.152148 0)
(-0.0532638 -0.107831 0)
(-0.0177685 -0.0464131 0)
(-5.28586e-05 0.000946529 0)
(-0.00178337 0.0248715 0)
(-0.00757809 0.0360828 0)
(-0.0133792 0.0410672 0)
(-0.0192622 0.0447485 0)
(-0.0255734 0.0485947 0)
(-0.0324006 0.0535219 0)
(-0.0399072 0.0601265 0)
(-0.0482011 0.0685437 0)
(-0.0573669 0.0784143 0)
(-0.0673203 0.0889663 0)
(-0.0777138 0.0988892 0)
(-0.0880007 0.106826 0)
(-0.0974842 0.11139 0)
(-0.105183 0.111297 0)
(-0.110223 0.105944 0)
(-0.112554 0.0961258 0)
(-0.112932 0.0835491 0)
(-0.112299 0.0698415 0)
(-0.111366 0.0560598 0)
(-0.110447 0.0426291 0)
(-0.109552 0.0295839 0)
(-0.108554 0.0168366 0)
(-0.107294 0.00431832 0)
(-0.105662 -0.00796894 0)
(-0.103633 -0.0199572 0)
(-0.101218 -0.0315552 0)
(-0.0985093 -0.0426863 0)
(-0.0957041 -0.053339 0)
(-0.0930943 -0.0636341 0)
(-0.0911096 -0.0739185 0)
(-0.090371 -0.0849188 0)
(-0.0917157 -0.097922 0)
(-0.0959339 -0.114692 0)
(-0.10282 -0.136396 0)
(-0.10955 -0.160991 0)
(-0.109703 -0.180121 0)
(-0.0957234 -0.179271 0)
(-0.0654699 -0.144815 0)
(-0.0277922 -0.0779436 0)
(-0.000780334 -0.00880878 0)
(-0.00162675 0.0293449 0)
(-0.007234 0.0417824 0)
(-0.0128662 0.0469737 0)
(-0.0185524 0.0508424 0)
(-0.0246315 0.0550563 0)
(-0.0311675 0.0605479 0)
(-0.0382758 0.0678498 0)
(-0.0460475 0.0770268 0)
(-0.0545516 0.0876503 0)
(-0.0636079 0.0986765 0)
(-0.072832 0.108594 0)
(-0.081703 0.115903 0)
(-0.0894743 0.119 0)
(-0.0951779 0.116602 0)
(-0.0983634 0.108709 0)
(-0.0994925 0.0969368 0)
(-0.0995029 0.0832896 0)
(-0.0991781 0.0692407 0)
(-0.0989157 0.055476 0)
(-0.0987587 0.0420962 0)
(-0.0985734 0.0289754 0)
(-0.0981823 0.0159878 0)
(-0.0974158 0.00309183 0)
(-0.0961644 -0.00965506 0)
(-0.0943811 -0.0221241 0)
(-0.0920611 -0.0341539 0)
(-0.0892884 -0.0455896 0)
(-0.0862276 -0.0563375 0)
(-0.0831177 -0.066423 0)
(-0.0802832 -0.0760543 0)
(-0.0781805 -0.0857353 0)
(-0.077491 -0.0964805 0)
(-0.0791911 -0.110097 0)
(-0.0842162 -0.129014 0)
(-0.092049 -0.154371 0)
(-0.0983264 -0.18164 0)
(-0.0943154 -0.196504 0)
(-0.072787 -0.178041 0)
(-0.0373975 -0.114027 0)
(-0.0037471 -0.0232327 0)
(-0.00142164 0.0335419 0)
(-0.00668236 0.0471982 0)
(-0.012025 0.0526302 0)
(-0.0174014 0.056665 0)
(-0.0231201 0.0611866 0)
(-0.0292137 0.0671464 0)
(-0.0357465 0.0750155 0)
(-0.0428028 0.0848023 0)
(-0.0503993 0.0959671 0)
(-0.0583138 0.107208 0)
(-0.0661714 0.116893 0)
(-0.0735088 0.12335 0)
(-0.0795945 0.124817 0)
(-0.0836508 0.120223 0)
(-0.0856543 0.110359 0)
(-0.0863463 0.0973825 0)
(-0.0865616 0.0832973 0)
(-0.086808 0.0692646 0)
(-0.0872214 0.0556175 0)
(-0.0877062 0.0422514 0)
(-0.0880923 0.0289713 0)
(-0.0882001 0.0156518 0)
(-0.087864 0.0022854 0)
(-0.0869721 -0.0110236 0)
(-0.0854589 -0.0240899 0)
(-0.0833049 -0.0366787 0)
(-0.0805865 -0.0485566 0)
(-0.077457 -0.059558 0)
(-0.0741384 -0.0696436 0)
(-0.0709047 -0.078947 0)
(-0.0680913 -0.087836 0)
(-0.0661688 -0.0970623 0)
(-0.0658908 -0.10809 0)
(-0.0683954 -0.1235 0)
(-0.0746254 -0.146396 0)
(-0.082996 -0.176655 0)
(-0.086289 -0.203872 0)
(-0.0740759 -0.203844 0)
(-0.0441114 -0.150469 0)
(-0.00907793 -0.0458403 0)
(-0.00116635 0.0373298 0)
(-0.00595168 0.052212 0)
(-0.0108985 0.0579227 0)
(-0.0158634 0.0620981 0)
(-0.0211082 0.0668547 0)
(-0.026626 0.0731606 0)
(-0.0324327 0.0814478 0)
(-0.0386025 0.09167 0)
(-0.0450955 0.103149 0)
(-0.0516929 0.114391 0)
(-0.058084 0.123688 0)
(-0.0638883 0.129209 0)
(-0.0684587 0.129113 0)
(-0.0713067 0.122721 0)
(-0.0726998 0.111527 0)
(-0.0734026 0.0979374 0)
(-0.0740172 0.0837812 0)
(-0.0747982 0.0698893 0)
(-0.075731 0.056344 0)
(-0.0766815 0.0429336 0)
(-0.0774873 0.0294383 0)
(-0.0779843 0.0157408 0)
(-0.0780129 0.00185553 0)
(-0.0774579 -0.0120747 0)
(-0.07624 -0.0258119 0)
(-0.0743232 -0.0390479 0)
(-0.0717655 -0.0514646 0)
(-0.0687129 -0.0628198 0)
(-0.0653853 -0.0730186 0)
(-0.062044 -0.0821588 0)
(-0.0589688 -0.090555 0)
(-0.056485 -0.0988051 0)
(-0.0550844 -0.108036 0)
(-0.0556448 -0.120443 0)
(-0.0594939 -0.139699 0)
(-0.0671189 -0.169002 0)
(-0.074231 -0.203612 0)
(-0.0700109 -0.221046 0)
(-0.0471483 -0.18438 0)
(-0.0137076 -0.0730797 0)
(-0.000863862 0.0405958 0)
(-0.00507601 0.0567274 0)
(-0.00953288 0.0627496 0)
(-0.0139994 0.0670377 0)
(-0.0186743 0.0719507 0)
(-0.0235105 0.0784659 0)
(-0.0284756 0.0870018 0)
(-0.0336195 0.0974588 0)
(-0.0388721 0.109039 0)
(-0.0440559 0.120132 0)
(-0.0489452 0.128973 0)
(-0.0532789 0.133613 0)
(-0.0565687 0.13222 0)
(-0.0585897 0.124551 0)
(-0.059732 0.112583 0)
(-0.0606167 0.0987679 0)
(-0.0615991 0.0847036 0)
(-0.0627597 0.0709594 0)
(-0.0640242 0.0574711 0)
(-0.0652617 0.0439765 0)
(-0.0663343 0.0302456 0)
(-0.0671024 0.0161643 0)
(-0.0674219 0.0017581 0)
(-0.0671768 -0.0128039 0)
(-0.0662804 -0.0272385 0)
(-0.0646791 -0.0411696 0)
(-0.0624 -0.0541895 0)
(-0.0595726 -0.0659677 0)
(-0.056413 -0.0763474 0)
(-0.0531841 -0.0854047 0)
(-0.0501475 -0.093451 0)
(-0.0475548 -0.101033 0)
(-0.0457174 -0.109066 0)
(-0.0451938 -0.119298 0)
(-0.047098 -0.135137 0)
(-0.0528147 -0.161448 0)
(-0.0608375 -0.198836 0)
(-0.0621617 -0.23019 0)
(-0.0465621 -0.213139 0)
(-0.0169341 -0.103403 0)
(-0.000528284 0.0432545 0)
(-0.00408988 0.0606619 0)
(-0.00797859 0.0670277 0)
(-0.011879 0.0714021 0)
(-0.0159102 0.0763807 0)
(-0.0199852 0.0829618 0)
(-0.0240313 0.091559 0)
(-0.0280597 0.102064 0)
(-0.0319959 0.113558 0)
(-0.0357213 0.124396 0)
(-0.0391182 0.132788 0)
(-0.0420623 0.136718 0)
(-0.0442782 0.134423 0)
(-0.045724 0.125996 0)
(-0.0467732 0.113676 0)
(-0.0478355 0.0998552 0)
(-0.0490602 0.0859263 0)
(-0.0504268 0.0722931 0)
(-0.0518435 0.0588182 0)
(-0.0531989 0.045217 0)
(-0.0543892 0.0312567 0)
(-0.0553031 0.0168215 0)
(-0.0558242 0.00193795 0)
(-0.055848 -0.0132118 0)
(-0.0552882 -0.0283137 0)
(-0.0540776 -0.0429376 0)
(-0.0522041 -0.0565887 0)
(-0.0497646 -0.0688348 0)
(-0.0469583 -0.0794408 0)
(-0.0440473 -0.0884593 0)
(-0.0412887 -0.0962239 0)
(-0.0388998 -0.103293 0)
(-0.0370905 -0.11049 0)
(-0.0361903 -0.119235 0)
(-0.0369551 -0.132423 0)
(-0.0408213 -0.155308 0)
(-0.0480565 -0.192321 0)
(-0.0524338 -0.233157 0)
(-0.043205 -0.235555 0)
(-0.018389 -0.134329 0)
(-0.000177676 0.0452433 0)
(-0.00302784 0.063948 0)
(-0.00628312 0.0706923 0)
(-0.00956324 0.0751232 0)
(-0.0129 0.0800773 0)
(-0.0161709 0.0865932 0)
(-0.0192608 0.0950809 0)
(-0.022133 0.105426 0)
(-0.0247312 0.116671 0)
(-0.0269967 0.127183 0)
(-0.0289333 0.135188 0)
(-0.030553 0.138657 0)
(-0.0318171 0.135896 0)
(-0.0328026 0.127172 0)
(-0.0337736 0.114807 0)
(-0.0349234 0.101096 0)
(-0.0362469 0.0872934 0)
(-0.0376639 0.0737225 0)
(-0.0390797 0.0602204 0)
(-0.0404093 0.046502 0)
(-0.041583 0.0323355 0)
(-0.0425227 0.0176027 0)
(-0.0431491 0.00232412 0)
(-0.0433826 -0.0133184 0)
(-0.0431513 -0.028997 0)
(-0.0423838 -0.0442506 0)
(-0.0410292 -0.0585117 0)
(-0.0391392 -0.0712392 0)
(-0.0368787 -0.0820993 0)
(-0.0344946 -0.0911081 0)
(-0.0322352 -0.0986304 0)
(-0.030298 -0.10527 0)
(-0.0288379 -0.111833 0)
(-0.028051 -0.11955 0)
(-0.0284004 -0.130841 0)
(-0.0310224 -0.150696 0)
(-0.0369558 -0.185812 0)
(-0.0424926 -0.232226 0)
(-0.0381888 -0.251496 0)
(-0.0182075 -0.164007 0)
(0.000168951 0.0465224 0)
(-0.00192259 0.0665388 0)
(-0.0044976 0.0736947 0)
(-0.00712439 0.0781593 0)
(-0.0097378 0.0830138 0)
(-0.0121862 0.089337 0)
(-0.0143194 0.0975441 0)
(-0.0160484 0.107532 0)
(-0.0173357 0.118382 0)
(-0.0181792 0.128531 0)
(-0.0187037 0.136239 0)
(-0.0190242 0.139451 0)
(-0.0193614 0.136702 0)
(-0.0198743 0.128091 0)
(-0.0206879 0.115905 0)
(-0.0218042 0.102367 0)
(-0.0230982 0.0886652 0)
(-0.024444 0.0751087 0)
(-0.0257467 0.0615447 0)
(-0.0269457 0.047704 0)
(-0.0280029 0.0333615 0)
(-0.0288753 0.0183996 0)
(-0.0295236 0.00283319 0)
(-0.0299033 -0.0131688 0)
(-0.0299671 -0.0292826 0)
(-0.0296542 -0.0450408 0)
(-0.0288885 -0.0598294 0)
(-0.0276787 -0.0730065 0)
(-0.0261421 -0.0841223 0)
(-0.024488 -0.0931388 0)
(-0.0229401 -0.100451 0)
(-0.0216711 -0.106719 0)
(-0.0208036 -0.112773 0)
(-0.0204664 -0.119748 0)
(-0.0209382 -0.129719 0)
(-0.0229972 -0.147189 0)
(-0.0278164 -0.179999 0)
(-0.0334568 -0.229347 0)
(-0.0324879 -0.261682 0)
(-0.0166794 -0.191261 0)
(0.000488956 0.047077 0)
(-0.000810111 0.0683977 0)
(-0.00267292 0.0760046 0)
(-0.00463515 0.0804893 0)
(-0.00652319 0.0851759 0)
(-0.00815792 0.0911918 0)
(-0.00936405 0.0989708 0)
(-0.0100035 0.108435 0)
(-0.010052 0.118758 0)
(-0.009547 0.128478 0)
(-0.00869189 0.135959 0)
(-0.00775565 0.13913 0)
(-0.0070845 0.136781 0)
(-0.00700006 0.128647 0)
(-0.00752094 0.116853 0)
(-0.00847071 0.103554 0)
(-0.00962837 0.0899381 0)
(-0.0108192 0.0763579 0)
(-0.0119421 0.0627072 0)
(-0.012953 0.0487465 0)
(-0.0138412 0.0342645 0)
(-0.0145974 0.0191493 0)
(-0.0152156 0.00341139 0)
(-0.0156898 -0.0128011 0)
(-0.0160033 -0.0291831 0)
(-0.0161192 -0.0452783 0)
(-0.0159583 -0.0604563 0)
(-0.0155053 -0.0739947 0)
(-0.0148306 -0.0853265 0)
(-0.0140858 -0.0943501 0)
(-0.013442 -0.101478 0)
(-0.013032 -0.107429 0)
(-0.0129494 -0.113061 0)
(-0.0132869 -0.119464 0)
(-0.0142366 -0.128506 0)
(-0.016314 -0.144255 0)
(-0.0204966 -0.174833 0)
(-0.0259478 -0.225849 0)
(-0.0267934 -0.267291 0)
(-0.0142067 -0.215537 0)
(0.000770923 0.0469331 0)
(0.000276119 0.0695062 0)
(-0.000865362 0.0776102 0)
(-0.00216452 0.0821111 0)
(-0.0033443 0.0865765 0)
(-0.00419969 0.0921932 0)
(-0.00453341 0.0994209 0)
(-0.00417463 0.108219 0)
(-0.00308795 0.11789 0)
(-0.00134266 0.127107 0)
(0.00082911 0.134343 0)
(0.00305486 0.137714 0)
(0.00481342 0.135951 0)
(0.00569431 0.128694 0)
(0.00565947 0.11749 0)
(0.00501548 0.104534 0)
(0.00408913 0.0910313 0)
(0.00311039 0.0774211 0)
(0.00219846 0.063676 0)
(0.00139155 0.0496048 0)
(0.000681511 0.0350208 0)
(4.91141e-05 0.0198202 0)
(-0.000526942 0.00401037 0)
(-0.00107071 -0.0122738 0)
(-0.00159697 -0.0287576 0)
(-0.00210063 -0.0450024 0)
(-0.00252419 -0.0603799 0)
(-0.00285668 -0.0741187 0)
(-0.0031357 -0.0855643 0)
(-0.00343948 -0.0945599 0)
(-0.00385627 -0.101527 0)
(-0.00446205 -0.107223 0)
(-0.0053138 -0.112524 0)
(-0.00648053 -0.118478 0)
(-0.00811771 -0.126809 0)
(-0.0106092 -0.141291 0)
(-0.0146703 -0.170097 0)
(-0.0200591 -0.222257 0)
(-0.0217449 -0.270493 0)
(-0.0114236 -0.235658 0)
(0.00101242 0.0461343 0)
(0.00130212 0.0698561 0)
(0.000872871 0.078518 0)
(0.000225734 0.0830429 0)
(-0.000280516 0.0872501 0)
(-0.000412056 0.0923974 0)
(4.76081e-05 0.0989767 0)
(0.00128992 0.106997 0)
(0.00338291 0.115897 0)
(0.00623606 0.124521 0)
(0.00962943 0.131455 0)
(0.0131014 0.135085 0)
(0.0160965 0.134054 0)
(0.0179769 0.127963 0)
(0.0186984 0.117651 0)
(0.0185384 0.105196 0)
(0.0179457 0.0918751 0)
(0.0172275 0.0782601 0)
(0.0165388 0.064435 0)
(0.0159266 0.050277 0)
(0.0153742 0.0356339 0)
(0.0148421 0.020414 0)
(0.0142929 0.00462322 0)
(0.0136776 -0.0116143 0)
(0.0129487 -0.0280488 0)
(0.0120817 -0.0442584 0)
(0.0110928 -0.0596226 0)
(0.00996504 -0.0733533 0)
(0.00867963 -0.084759 0)
(0.00723872 -0.0936566 0)
(0.00565279 -0.10047 0)
(0.00392055 -0.105972 0)
(0.00202745 -0.111036 0)
(-7.19156e-05 -0.116658 0)
(-0.00251526 -0.124438 0)
(-0.00562162 -0.137936 0)
(-0.00995719 -0.165362 0)
(-0.0155466 -0.218483 0)
(-0.0177138 -0.272743 0)
(-0.00902581 -0.251721 0)
(0.0012052 0.0447386 0)
(0.00223833 0.0694635 0)
(0.00250114 0.0787523 0)
(0.00247867 0.0833198 0)
(0.00259869 0.0872501 0)
(0.00312254 0.0918811 0)
(0.0042813 0.0977424 0)
(0.00627937 0.104901 0)
(0.00922098 0.112919 0)
(0.0130278 0.12084 0)
(0.0174917 0.127376 0)
(0.0221386 0.131178 0)
(0.0263965 0.13099 0)
(0.0295295 0.12616 0)
(0.0312945 0.117078 0)
(0.0318771 0.105371 0)
(0.0317797 0.0923852 0)
(0.0313971 0.0788465 0)
(0.0309484 0.0649866 0)
(0.0305137 0.0507787 0)
(0.0300862 0.0361214 0)
(0.0296182 0.0209443 0)
(0.029059 0.00525721 0)
(0.0283415 -0.0108248 0)
(0.0273932 -0.0270653 0)
(0.0261551 -0.0430557 0)
(0.0245914 -0.0581863 0)
(0.0226484 -0.0716788 0)
(0.0203221 -0.0828614 0)
(0.0176967 -0.0915684 0)
(0.0148853 -0.0982291 0)
(0.0119687 -0.103599 0)
(0.00897798 -0.108521 0)
(0.00589064 -0.113925 0)
(0.00258036 -0.121284 0)
(-0.00122891 -0.133982 0)
(-0.00609151 -0.160317 0)
(-0.0120484 -0.214247 0)
(-0.0147672 -0.274572 0)
(-0.00730197 -0.264609 0)
(0.00133736 0.042818 0)
(0.00305954 0.0683726 0)
(0.00398121 0.0783426 0)
(0.00454685 0.0829853 0)
(0.00523767 0.0866393 0)
(0.00634102 0.090733 0)
(0.00809615 0.0958367 0)
(0.0107184 0.102074 0)
(0.0143373 0.109125 0)
(0.0189253 0.116224 0)
(0.0242622 0.122259 0)
(0.0299429 0.126088 0)
(0.0354032 0.126623 0)
(0.0399091 0.12307 0)
(0.0429906 0.115438 0)
(0.0446398 0.104798 0)
(0.0452889 0.0924048 0)
(0.0453933 0.079116 0)
(0.0452513 0.0653289 0)
(0.0450036 0.0511435 0)
(0.0446773 0.0365334 0)
(0.0442342 0.0214643 0)
(0.0436191 0.00595739 0)
(0.0427488 -0.00987125 0)
(0.0415313 -0.0257859 0)
(0.0398697 -0.0413802 0)
(0.0376747 -0.0560505 0)
(0.0348685 -0.0690619 0)
(0.0314762 -0.0798325 0)
(0.0276586 -0.088259 0)
(0.0236218 -0.0947701 0)
(0.0195221 -0.100073 0)
(0.0154338 -0.104949 0)
(0.0113527 -0.110246 0)
(0.00716138 -0.117307 0)
(0.00262502 -0.129343 0)
(-0.00291133 -0.154781 0)
(-0.00926229 -0.20939 0)
(-0.0127597 -0.276031 0)
(-0.00621274 -0.275241 0)
(0.00140816 0.0404711 0)
(0.00373894 0.0666413 0)
(0.00527538 0.0773231 0)
(0.00638801 0.0820864 0)
(0.00759359 0.0854841 0)
(0.00919858 0.089043 0)
(0.011447 0.093379 0)
(0.0145639 0.0986706 0)
(0.0186938 0.104699 0)
(0.0238619 0.110875 0)
(0.0298608 0.116307 0)
(0.0363598 0.11996 0)
(0.0428518 0.12097 0)
(0.0486795 0.118553 0)
(0.0532258 0.112433 0)
(0.0562485 0.103157 0)
(0.0579695 0.0916926 0)
(0.05881 0.078925 0)
(0.0591299 0.0654019 0)
(0.0591443 0.0513699 0)
(0.0589359 0.0369046 0)
(0.058497 0.0220309 0)
(0.0577816 0.00679794 0)
(0.0566939 -0.00866563 0)
(0.0551238 -0.0241134 0)
(0.0529428 -0.0391316 0)
(0.0500173 -0.0531339 0)
(0.0462787 -0.0654672 0)
(0.0418073 -0.0756795 0)
(0.0368357 -0.0837552 0)
(0.0316391 -0.0901186 0)
(0.0264266 -0.0954218 0)
(0.0212992 -0.100346 0)
(0.0162684 -0.105634 0)
(0.0112242 -0.112506 0)
(0.00596388 -0.124 0)
(-0.000311373 -0.148657 0)
(-0.00697869 -0.203823 0)
(-0.0115017 -0.277041 0)
(-0.00559194 -0.284397 0)
(0.00142056 0.0377986 0)
(0.00425273 0.064347 0)
(0.00634842 0.0757395 0)
(0.00796364 0.0806751 0)
(0.00963111 0.0838488 0)
(0.0116643 0.0868979 0)
(0.014312 0.0904832 0)
(0.0178016 0.0948358 0)
(0.0222893 0.0998265 0)
(0.0278219 0.105017 0)
(0.0342795 0.109725 0)
(0.0413487 0.113046 0)
(0.0486038 0.114231 0)
(0.0555185 0.112659 0)
(0.0614562 0.107901 0)
(0.065996 0.100121 0)
(0.0690891 0.0899131 0)
(0.0709828 0.0780173 0)
(0.0720173 0.0650453 0)
(0.0724592 0.0513795 0)
(0.0724545 0.0372174 0)
(0.0720409 0.0226686 0)
(0.0711972 0.00783478 0)
(0.0698238 -0.00712615 0)
(0.0677959 -0.0219445 0)
(0.0649733 -0.0361981 0)
(0.0612137 -0.0493425 0)
(0.0565019 -0.0608514 0)
(0.0509909 -0.0704254 0)
(0.0449673 -0.0781349 0)
(0.038743 -0.0843861 0)
(0.0325493 -0.0897449 0)
(0.0264957 -0.094788 0)
(0.0206029 -0.100147 0)
(0.014765 -0.106916 0)
(0.00883283 -0.11797 0)
(0.00180016 -0.141926 0)
(-0.00508105 -0.197689 0)
(-0.0108666 -0.277321 0)
(-0.00521719 -0.292737 0)
(0.00137588 0.0349158 0)
(0.00459035 0.061575 0)
(0.00717095 0.0736504 0)
(0.0092418 0.0788024 0)
(0.0113208 0.0817933 0)
(0.0137197 0.0843756 0)
(0.0166868 0.0872518 0)
(0.0204436 0.0907023 0)
(0.0251503 0.0946759 0)
(0.0308701 0.0988609 0)
(0.0375635 0.102739 0)
(0.0449656 0.105606 0)
(0.0526934 0.106734 0)
(0.0603362 0.105646 0)
(0.0673645 0.101948 0)
(0.0732697 0.0955551 0)
(0.0778119 0.0867577 0)
(0.0810054 0.0760544 0)
(0.083038 0.0639865 0)
(0.0841456 0.0509946 0)
(0.0845066 0.0373822 0)
(0.0841994 0.0233587 0)
(0.083239 0.0091061 0)
(0.0815357 -0.00516847 0)
(0.0789606 -0.0191684 0)
(0.0754073 -0.0324787 0)
(0.0707854 -0.044634 0)
(0.0651598 -0.0552559 0)
(0.0587456 -0.0641854 0)
(0.0518532 -0.0715531 0)
(0.0447966 -0.0777305 0)
(0.037802 -0.0831906 0)
(0.0309743 -0.0883994 0)
(0.0243384 -0.093882 0)
(0.0177974 -0.100607 0)
(0.0112837 -0.11131 0)
(0.00350007 -0.134626 0)
(-0.00345434 -0.190976 0)
(-0.0106552 -0.276837 0)
(-0.00503236 -0.300681 0)
(0.00128015 0.0319449 0)
(0.00474261 0.05843 0)
(0.00772078 0.0711179 0)
(0.0101966 0.076518 0)
(0.01264 0.0793711 0)
(0.0153554 0.0815399 0)
(0.0185792 0.0837682 0)
(0.0225218 0.08638 0)
(0.0273392 0.0893914 0)
(0.0331131 0.092592 0)
(0.0398332 0.0955904 0)
(0.0473347 0.0978795 0)
(0.0552787 0.0988179 0)
(0.06328 0.0979273 0)
(0.0709566 0.094929 0)
(0.0778477 0.089658 0)
(0.0835916 0.0821905 0)
(0.0880336 0.0728206 0)
(0.0911839 0.0619433 0)
(0.0931484 0.0499589 0)
(0.0940545 0.0372161 0)
(0.093984 0.0240025 0)
(0.0929734 0.0105844 0)
(0.0909689 -0.00277699 0)
(0.0878722 -0.0157593 0)
(0.0836425 -0.0279853 0)
(0.0782938 -0.039096 0)
(0.0719617 -0.0488435 0)
(0.0648914 -0.0571694 0)
(0.0573872 -0.0642334 0)
(0.0497435 -0.070367 0)
(0.0421591 -0.0759446 0)
(0.0347251 -0.0813269 0)
(0.0274785 -0.086953 0)
(0.0203517 -0.093684 0)
(0.0133601 -0.104093 0)
(0.00486004 -0.126829 0)
(-0.00195464 -0.18375 0)
(-0.0107947 -0.27555 0)
(-0.00493647 -0.30855 0)
(0.0011416 0.0290004 0)
(0.00470571 0.0550348 0)
(0.00798219 0.0682153 0)
(0.0108056 0.0738704 0)
(0.0135715 0.0766268 0)
(0.016566 0.0784389 0)
(0.0200038 0.0800926 0)
(0.0240765 0.0819479 0)
(0.0289329 0.0840789 0)
(0.0346636 0.0863571 0)
(0.0412637 0.088496 0)
(0.0486461 0.0901174 0)
(0.0565706 0.0907531 0)
(0.0646591 0.0899165 0)
(0.0725666 0.0873314 0)
(0.0799539 0.0828768 0)
(0.0864582 0.0765344 0)
(0.0918138 0.0684428 0)
(0.0958946 0.058866 0)
(0.098675 0.0481263 0)
(0.100183 0.0365521 0)
(0.100456 0.0244538 0)
(0.099507 0.0121507 0)
(0.0973518 -5.27842e-05 0)
(0.093946 -0.0118482 0)
(0.0892906 -0.0229154 0)
(0.0835257 -0.0329862 0)
(0.0768155 -0.0419026 0)
(0.0694071 -0.0496667 0)
(0.061592 -0.0564544 0)
(0.0536222 -0.0625371 0)
(0.0456508 -0.0681951 0)
(0.0377783 -0.0737272 0)
(0.0300749 -0.0794979 0)
(0.0224854 -0.0862573 0)
(0.0151209 -0.0964048 0)
(0.00591969 -0.118564 0)
(-0.000482024 -0.176076 0)
(-0.0112177 -0.273411 0)
(-0.00485122 -0.316586 0)
(0.000968195 0.0261938 0)
(0.00448336 0.0515202 0)
(0.00794449 0.0650286 0)
(0.0110507 0.0709095 0)
(0.0141006 0.0735968 0)
(0.0173487 0.0751053 0)
(0.0209771 0.0762616 0)
(0.0251515 0.0774542 0)
(0.0300094 0.0788043 0)
(0.0356363 0.0802509 0)
(0.0420414 0.081595 0)
(0.0491615 0.0825428 0)
(0.0568451 0.0827717 0)
(0.0648022 0.0818925 0)
(0.0726701 0.0795871 0)
(0.0801436 0.0757212 0)
(0.0869385 0.0702792 0)
(0.0927706 0.0633265 0)
(0.0974288 0.0550264 0)
(0.100792 0.0456192 0)
(0.102801 0.0353884 0)
(0.103435 0.0246248 0)
(0.102682 0.013647 0)
(0.10058 0.00277129 0)
(0.097146 -0.00773796 0)
(0.0924382 -0.0176193 0)
(0.0866156 -0.0266639 0)
(0.079875 -0.0347776 0)
(0.0724604 -0.0420033 0)
(0.0646205 -0.0484948 0)
(0.0565381 -0.054457 0)
(0.0483699 -0.0601295 0)
(0.0402377 -0.0657651 0)
(0.0322137 -0.0716534 0)
(0.024259 -0.07843 0)
(0.0166275 -0.0883408 0)
(0.00672751 -0.109945 0)
(0.00105791 -0.168032 0)
(-0.0118791 -0.270272 0)
(-0.00468545 -0.324931 0)
(0.000765304 0.0236277 0)
(0.00408026 0.0480245 0)
(0.00760145 0.0616548 0)
(0.0109169 0.0676875 0)
(0.0142154 0.0703095 0)
(0.0177018 0.0715565 0)
(0.0215155 0.0722895 0)
(0.0257894 0.072917 0)
(0.0306438 0.0735957 0)
(0.036151 0.0743188 0)
(0.0423311 0.0749578 0)
(0.0491305 0.0752962 0)
(0.056438 0.0750849 0)
(0.0640636 0.0740629 0)
(0.0717044 0.0719531 0)
(0.0790329 0.0685696 0)
(0.08578 0.0638703 0)
(0.0917096 0.0579051 0)
(0.0965961 0.0507864 0)
(0.100266 0.0426911 0)
(0.102608 0.0338474 0)
(0.103554 0.0245079 0)
(0.10307 0.0149512 0)
(0.101204 0.00544829 0)
(0.0980035 -0.00374602 0)
(0.0935465 -0.012439 0)
(0.0879769 -0.0204763 0)
(0.0815105 -0.0277981 0)
(0.0743545 -0.0344553 0)
(0.0666856 -0.0405695 0)
(0.0586799 -0.0463203 0)
(0.0504979 -0.0519249 0)
(0.0422454 -0.0575836 0)
(0.0340032 -0.0635251 0)
(0.0257625 -0.0702937 0)
(0.0179656 -0.0799978 0)
(0.00733342 -0.101118 0)
(0.00286248 -0.159717 0)
(-0.0126929 -0.265938 0)
(-0.00430946 -0.333643 0)
(0.000532247 0.0214062 0)
(0.0034972 0.044692 0)
(0.00694647 0.0581993 0)
(0.0103907 0.064259 0)
(0.0139055 0.0667867 0)
(0.0176245 0.0677962 0)
(0.0216338 0.0681699 0)
(0.0260274 0.0683261 0)
(0.0309014 0.068445 0)
(0.0363108 0.0685617 0)
(0.0422755 0.0686041 0)
(0.048758 0.0684219 0)
(0.0556588 0.0678196 0)
(0.0628361 0.0666069 0)
(0.0700834 0.0645958 0)
(0.0771199 0.061615 0)
(0.0836578 0.0575741 0)
(0.0894605 0.0524873 0)
(0.0943316 0.0464406 0)
(0.0980952 0.0395712 0)
(0.100618 0.0320605 0)
(0.101815 0.0241161 0)
(0.10165 0.0159511 0)
(0.100122 0.00780974 0)
(0.0973013 -0.000100953 0)
(0.0932785 -0.00762602 0)
(0.088182 -0.0146679 0)
(0.0821747 -0.0211856 0)
(0.0754227 -0.0272086 0)
(0.0680876 -0.032854 0)
(0.0603223 -0.0382966 0)
(0.052253 -0.0437162 0)
(0.0439783 -0.0492811 0)
(0.0355841 -0.0551876 0)
(0.0271026 -0.0619147 0)
(0.019214 -0.0714604 0)
(0.00775666 -0.0922641 0)
(0.00521728 -0.151158 0)
(-0.013522 -0.260375 0)
(-0.00355224 -0.342826 0)
(0.000261991 0.0196301 0)
(0.00272419 0.04167 0)
(0.00596504 0.0547758 0)
(0.00945741 0.06068 0)
(0.0131612 0.0630444 0)
(0.0171156 0.0638157 0)
(0.0213432 0.0638783 0)
(0.0258934 0.0636464 0)
(0.0308319 0.0633127 0)
(0.0361943 0.0629412 0)
(0.0419927 0.0625027 0)
(0.0481982 0.0618996 0)
(0.0547305 0.06099 0)
(0.0614632 0.0596197 0)
(0.0682391 0.0576555 0)
(0.0748579 0.0549818 0)
(0.0810796 0.0515097 0)
(0.0866643 0.0472131 0)
(0.0914078 0.0421392 0)
(0.0951503 0.0363939 0)
(0.0977628 0.0301173 0)
(0.0991562 0.0234726 0)
(0.0992828 0.0166353 0)
(0.0981454 0.00978422 0)
(0.0957884 0.00308501 0)
(0.0922924 -0.00332702 0)
(0.0877623 -0.00938211 0)
(0.0823125 -0.0150603 0)
(0.0760788 -0.020394 0)
(0.0691917 -0.0254887 0)
(0.0617623 -0.0305006 0)
(0.0538859 -0.0355921 0)
(0.0456471 -0.0409192 0)
(0.0371269 -0.0466745 0)
(0.0284034 -0.0533121 0)
(0.020428 -0.0627717 0)
(0.0080078 -0.0835913 0)
(0.00831166 -0.142583 0)
(-0.0142821 -0.253613 0)
(-0.00222716 -0.352698 0)
(-5.71778e-05 0.0184033 0)
(0.00172973 0.039115 0)
(0.00462388 0.0514883 0)
(0.0080971 0.0570005 0)
(0.0119707 0.0590885 0)
(0.0161678 0.0595948 0)
(0.0206427 0.0593785 0)
(0.0253978 0.058829 0)
(0.0304625 0.0581395 0)
(0.0358504 0.0573912 0)
(0.0415614 0.0565854 0)
(0.0475677 0.0556652 0)
(0.053804 0.0545333 0)
(0.0601658 0.0530739 0)
(0.0665168 0.0511765 0)
(0.0727015 0.0487566 0)
(0.0785397 0.0457554 0)
(0.0838387 0.0421468 0)
(0.0884067 0.0379429 0)
(0.0920838 0.0332106 0)
(0.0947509 0.028053 0)
(0.0963169 0.0225943 0)
(0.0967327 0.0169701 0)
(0.0959906 0.0113169 0)
(0.0941172 0.00576 0)
(0.0911712 0.00040318 0)
(0.0872341 -0.0046887 0)
(0.082393 -0.00950745 0)
(0.0767348 -0.014097 0)
(0.0703499 -0.0185491 0)
(0.063311 -0.0229997 0)
(0.0556729 -0.0276011 0)
(0.0475029 -0.0325169 0)
(0.0388615 -0.0379673 0)
(0.0298667 -0.0444386 0)
(0.0217345 -0.0538882 0)
(0.00830632 -0.0751128 0)
(0.0120549 -0.134067 0)
(-0.0151209 -0.245512 0)
(-0.000128855 -0.363055 0)
(-0.000491269 0.0179612 0)
(0.000442815 0.0371986 0)
(0.00286763 0.048432 0)
(0.00627492 0.0532588 0)
(0.010301 0.0549188 0)
(0.0147464 0.0551103 0)
(0.0195009 0.05462 0)
(0.02452 0.053803 0)
(0.0297879 0.0528418 0)
(0.0352931 0.0518221 0)
(0.0410189 0.0507632 0)
(0.0469344 0.0496331 0)
(0.0529842 0.0483666 0)
(0.0590839 0.0468815 0)
(0.0651213 0.0450936 0)
(0.0709643 0.0429315 0)
(0.076469 0.0403509 0)
(0.0814869 0.0373323 0)
(0.0858684 0.0338841 0)
(0.0894659 0.0300446 0)
(0.0921694 0.0258856 0)
(0.0938948 0.021494 0)
(0.0945899 0.0169688 0)
(0.0942352 0.0124117 0)
(0.0928387 0.00791768 0)
(0.0904376 0.00356638 0)
(0.0870841 -0.000595684 0)
(0.0828371 -0.0045548 0)
(0.07776 -0.00834831 0)
(0.0718973 -0.0120662 0)
(0.0652808 -0.0158294 0)
(0.0579328 -0.0197816 0)
(0.0498869 -0.0241014 0)
(0.0411742 -0.029061 0)
(0.031943 -0.0352459 0)
(0.0235964 -0.0447517 0)
(0.00948917 -0.066823 0)
(0.0164529 -0.125763 0)
(-0.0158706 -0.234947 0)
(0.00316868 -0.372383 0)
(-0.00107956 0.0183926 0)
(-0.00129741 0.035954 0)
(0.000570007 0.0456189 0)
(0.00387798 0.0494489 0)
(0.00804935 0.0505016 0)
(0.0127749 0.0503017 0)
(0.0178642 0.0495246 0)
(0.0232168 0.0484747 0)
(0.0287741 0.0473093 0)
(0.0344991 0.0461074 0)
(0.0403593 0.0448943 0)
(0.0463176 0.0436536 0)
(0.0523208 0.0423419 0)
(0.0582979 0.0409 0)
(0.0641593 0.0392652 0)
(0.0697983 0.0373816 0)
(0.0750956 0.0352096 0)
(0.0799294 0.0327313 0)
(0.0841841 0.0299531 0)
(0.0877407 0.026902 0)
(0.0904953 0.023625 0)
(0.0923814 0.0201828 0)
(0.0933456 0.0166408 0)
(0.0933638 0.0130854 0)
(0.0924154 0.00957361 0)
(0.0905259 0.00617046 0)
(0.0877229 0.00291516 0)
(0.0840445 -0.000188372 0)
(0.0795336 -0.00316748 0)
(0.0742155 -0.00608983 0)
(0.0680912 -0.00906777 0)
(0.0611454 -0.0122375 0)
(0.0533847 -0.015802 0)
(0.0448337 -0.0201062 0)
(0.0356053 -0.0259525 0)
(0.0273065 -0.0358804 0)
(0.0136758 -0.059477 0)
(0.0231316 -0.118566 0)
(-0.0146651 -0.220792 0)
(0.00870951 -0.378751 0)
(-0.00221028 0.020847 0)
(-0.00373762 0.0362786 0)
(-0.00247977 0.043443 0)
(0.000721394 0.0457621 0)
(0.00506533 0.0459461 0)
(0.0101339 0.0452366 0)
(0.0156579 0.0441389 0)
(0.0214634 0.0428761 0)
(0.0274341 0.0415606 0)
(0.0335059 0.0402493 0)
(0.0396324 0.0389637 0)
(0.0457711 0.0376957 0)
(0.0518738 0.0364137 0)
(0.0578819 0.0350729 0)
(0.0637231 0.0336257 0)
(0.0693116 0.0320307 0)
(0.074551 0.030257 0)
(0.0793409 0.0282858 0)
(0.0835847 0.0261191 0)
(0.0871883 0.023776 0)
(0.0900694 0.0212821 0)
(0.0921717 0.0186702 0)
(0.0934441 0.0160083 0)
(0.0938365 0.0133519 0)
(0.0933439 0.0107594 0)
(0.091964 0.00825376 0)
(0.0897212 0.00585892 0)
(0.0866523 0.0035851 0)
(0.0827766 0.00141325 0)
(0.0781058 -0.000701957 0)
(0.072656 -0.00285009 0)
(0.0663976 -0.00519642 0)
(0.0593143 -0.00795781 0)
(0.0514615 -0.0115722 0)
(0.0429862 -0.0172085 0)
(0.0356636 -0.0282491 0)
(0.0235395 -0.0544914 0)
(0.0357978 -0.113686 0)
(-0.00840416 -0.205153 0)
(0.0180059 -0.383477 0)
(-0.00355065 0.0218281 0)
(-0.00781219 0.0342147 0)
(-0.00718089 0.0395717 0)
(-0.00389284 0.0411439 0)
(0.000837093 0.040795 0)
(0.0064892 0.0396825 0)
(0.0126873 0.0383069 0)
(0.0191705 0.0368837 0)
(0.0257732 0.0354923 0)
(0.0324028 0.0341563 0)
(0.0390035 0.0328852 0)
(0.0455316 0.0316695 0)
(0.0519447 0.0304839 0)
(0.0581957 0.0292953 0)
(0.0642279 0.0280695 0)
(0.0699715 0.026773 0)
(0.07536 0.0253768 0)
(0.0803154 0.0238651 0)
(0.0847601 0.0222399 0)
(0.0886215 0.0205181 0)
(0.0918284 0.0187177 0)
(0.0943108 0.0168775 0)
(0.0960216 0.0150272 0)
(0.0969486 0.0131951 0)
(0.097101 0.011422 0)
(0.0964871 0.00973992 0)
(0.0951207 0.00816385 0)
(0.0930175 0.00668861 0)
(0.0902069 0.00530098 0)
(0.0867177 0.00395872 0)
(0.0825454 0.00259125 0)
(0.0776863 0.00103021 0)
(0.0721397 -0.00100444 0)
(0.0660486 -0.00415308 0)
(0.0594813 -0.00990234 0)
(0.0547198 -0.0223995 0)
(0.0439057 -0.0509586 0)
(0.0590862 -0.107089 0)
(0.00129695 -0.190137 0)
(0.0322596 -0.39017 0)
(-0.00797301 0.0416871 0)
(-0.0138009 0.0490249 0)
(-0.0135876 0.0467901 0)
(-0.0101511 0.0424099 0)
(-0.00493934 0.038537 0)
(0.00178301 0.0354971 0)
(0.00933389 0.0330969 0)
(0.0171971 0.0311278 0)
(0.0252229 0.0293895 0)
(0.0331715 0.0278689 0)
(0.040949 0.0265343 0)
(0.0485259 0.0253397 0)
(0.0558837 0.0242426 0)
(0.0629992 0.0232059 0)
(0.0698428 0.0221981 0)
(0.0763796 0.0211929 0)
(0.0825524 0.0201725 0)
(0.0883021 0.019123 0)
(0.0935703 0.0180374 0)
(0.0983048 0.0169212 0)
(0.102465 0.0157838 0)
(0.106021 0.0146397 0)
(0.108959 0.0135074 0)
(0.11128 0.0124035 0)
(0.112998 0.0113461 0)
(0.114145 0.0103497 0)
(0.114758 0.0094234 0)
(0.114885 0.0085644 0)
(0.114563 0.00775778 0)
(0.113835 0.00696668 0)
(0.112711 0.00612483 0)
(0.111205 0.00510472 0)
(0.109252 0.00360197 0)
(0.106836 0.00092418 0)
(0.103278 -0.0045114 0)
(0.100618 -0.0163509 0)
(0.0892558 -0.0409942 0)
(0.0994157 -0.0854124 0)
(0.00568949 -0.163009 0)
(0.0582 -0.384578 0)
(-0.0126287 0.0224059 0)
(-0.0243057 0.0121744 0)
(-0.0148172 0.0124208 0)
(-0.00114951 0.0165381 0)
(0.0124263 0.0179228 0)
(0.0257141 0.0177083 0)
(0.0384048 0.017159 0)
(0.0504057 0.0166634 0)
(0.0617106 0.0162298 0)
(0.0724277 0.0157884 0)
(0.0826544 0.015328 0)
(0.092453 0.0148597 0)
(0.101862 0.0143894 0)
(0.110903 0.0139172 0)
(0.119589 0.0134399 0)
(0.127919 0.012954 0)
(0.135885 0.0124566 0)
(0.143469 0.0119451 0)
(0.150653 0.0114185 0)
(0.157418 0.0108781 0)
(0.163749 0.0103283 0)
(0.169636 0.00977452 0)
(0.17508 0.00922251 0)
(0.180087 0.00867671 0)
(0.184668 0.00814329 0)
(0.188845 0.00762684 0)
(0.192644 0.00713093 0)
(0.196099 0.00665189 0)
(0.199232 0.00618173 0)
(0.202065 0.0056941 0)
(0.204592 0.00514269 0)
(0.206821 0.00441826 0)
(0.208584 0.00332463 0)
(0.209636 0.00143095 0)
(0.20853 -0.00198226 0)
(0.205044 -0.00833345 0)
(0.18877 -0.0194597 0)
(0.177845 -0.0407679 0)
(0.0305354 -0.103094 0)
(0.140474 -0.310993 0)
(0.054856 0.112444 0)
(0.0813028 0.0912498 0)
(0.111227 0.0583333 0)
(0.137989 0.0376284 0)
(0.158643 0.026199 0)
(0.175597 0.0195846 0)
(0.19082 0.0154724 0)
(0.204959 0.0127884 0)
(0.2182 0.0109338 0)
(0.230688 0.00958993 0)
(0.24254 0.00857624 0)
(0.253835 0.00778474 0)
(0.264622 0.00714742 0)
(0.274939 0.00661935 0)
(0.284813 0.00616985 0)
(0.294261 0.0057776 0)
(0.303293 0.00542752 0)
(0.311914 0.00510853 0)
(0.320124 0.00481243 0)
(0.327922 0.00453335 0)
(0.335306 0.00426705 0)
(0.342274 0.00401055 0)
(0.348829 0.00376186 0)
(0.354976 0.00351983 0)
(0.360724 0.00328424 0)
(0.366085 0.00305526 0)
(0.371072 0.00283265 0)
(0.375699 0.0026154 0)
(0.379977 0.00240064 0)
(0.3839 0.00218131 0)
(0.38744 0.00193981 0)
(0.390498 0.00164291 0)
(0.392875 0.00122669 0)
(0.394295 0.000578507 0)
(0.393703 -0.000451784 0)
(0.39108 -0.00197518 0)
(0.378512 -0.00396594 0)
(0.372179 -0.00598104 0)
(0.273957 -0.0161118 0)
(0.45101 -0.125669 0)
)
;

boundaryField
{
    movingWall
    {
        type            fixedValue;
        value           uniform (1 0 0);
    }
    fixedWalls
    {
        type            noSlip;
    }
    frontAndBack
    {
        type            empty;
    }
}


// ************************************************************************* //
