/*--------------------------------*- C++ -*----------------------------------*\
| =========                 |                                                 |
| \\      /  F ield         | OpenFOAM: The Open Source CFD Toolbox           |
|  \\    /   O peration     | Version:  2412                                  |
|   \\  /    A nd           | Website:  www.openfoam.com                      |
|    \\/     M anipulation  |                                                 |
\*---------------------------------------------------------------------------*/
FoamFile
{
    version     2.0;
    format      ascii;
    arch        "LSB;label=32;scalar=64";
    class       volScalarField;
    location    "6.5";
    object      epsilon;
}
// * * * * * * * * * * * * * * * * * * * * * * * * * * * * * * * * * * * * * //

dimensions      [0 2 -3 0 0 0 0];

internalField   nonuniform List<scalar> 
400
(
0.000480286
0.000600014
0.00115971
0.00344898
0.00775553
0.0119476
0.014289
0.0153513
0.0156473
0.0153398
0.0144071
0.013398
0.0123023
0.0113854
0.0105133
0.00982366
0.00856724
0.00654042
0.00305391
0.00133383
0.0010045
0.00147248
0.00362906
0.00637638
0.00779046
0.00834452
0.00698991
0.005645
0.00451508
0.00391939
0.00370079
0.00386365
0.0045219
0.00544801
0.00691884
0.00847165
0.00939584
0.00964006
0.00601145
0.00182821
0.00224172
0.00357959
0.00522071
0.0057968
0.0054755
0.0033813
0.00248109
0.00183061
0.00154375
0.00143613
0.00141723
0.0015677
0.00185595
0.00241916
0.00353802
0.00559934
0.00870596
0.0110709
0.0117518
0.00479557
0.00372927
0.00454918
0.00489835
0.00424325
0.00246204
0.00150308
0.0010674
0.000821644
0.000707594
0.000652019
0.000631868
0.000648934
0.000766847
0.00100032
0.00153327
0.00272077
0.00551323
0.011256
0.0155615
0.0131408
0.00499388
0.00460397
0.00409702
0.00239857
0.00125479
0.000776812
0.000555705
0.000426431
0.000353631
0.00031416
0.000299355
0.000300068
0.000358204
0.000469835
0.000736467
0.0013906
0.0030958
0.00747463
0.0173283
0.0231351
0.00594744
0.00438509
0.00299748
0.001405
0.000731742
0.000455155
0.00032171
0.000234384
0.00018896
0.000166579
0.000158756
0.00016318
0.000196275
0.000258671
0.000400626
0.000771711
0.00198128
0.00581245
0.0165926
0.0306668
0.0067078
0.00389219
0.00216146
0.000925008
0.000481379
0.000297262
0.000205485
0.000147017
0.000118966
0.00010544
0.000100829
0.000104195
0.000125863
0.000167221
0.000252956
0.000457027
0.00112186
0.00388309
0.014703
0.0359142
0.00756809
0.00334194
0.0016032
0.000674907
0.000355415
0.000218745
0.00014774
0.00010631
8.62524e-05
7.65389e-05
7.32186e-05
7.55772e-05
9.13317e-05
0.000123204
0.000185518
0.000320788
0.000744888
0.00283117
0.0130677
0.0395641
0.00841055
0.00297161
0.00129981
0.000553109
0.000294016
0.000179932
0.000120077
8.67852e-05
7.02996e-05
6.23373e-05
5.96675e-05
6.18529e-05
7.37361e-05
9.93321e-05
0.000151094
0.000254401
0.000541458
0.00202009
0.0113533
0.0422097
0.00938143
0.00267306
0.00111531
0.000480978
0.000266749
0.000165452
0.000108354
7.8492e-05
6.34976e-05
5.62067e-05
5.3835e-05
5.63242e-05
6.58736e-05
8.76332e-05
0.0001322
0.000221992
0.000448079
0.00161643
0.0103169
0.0445441
0.0101808
0.00271383
0.00105448
0.000471825
0.000269413
0.000168284
0.00011009
7.96085e-05
6.41969e-05
5.63844e-05
5.31238e-05
5.51133e-05
6.3399e-05
8.30552e-05
0.000123507
0.000207113
0.000408542
0.0013973
0.00960391
0.0467279
0.01093
0.00295571
0.00108854
0.000488137
0.000282022
0.000178648
0.000117607
8.49612e-05
6.8227e-05
5.95771e-05
5.66023e-05
5.84249e-05
6.53862e-05
8.26009e-05
0.000121003
0.000202614
0.000398918
0.00131912
0.00930551
0.0491045
0.0110292
0.00351388
0.00121257
0.000537101
0.000310338
0.000201792
0.000134544
9.72148e-05
7.79292e-05
6.78666e-05
6.51277e-05
6.73947e-05
7.50853e-05
9.28473e-05
0.000129965
0.000211294
0.000414831
0.00131493
0.00924949
0.0517996
0.0107463
0.00427532
0.00148486
0.000645681
0.000361196
0.000236104
0.000165323
0.000122797
9.89067e-05
8.59982e-05
8.34615e-05
8.63915e-05
9.53546e-05
0.000114745
0.000154306
0.000243932
0.000473483
0.00144475
0.00999389
0.055122
0.00987521
0.005162
0.00204298
0.000873047
0.000466088
0.000294978
0.000206372
0.000157217
0.000131838
0.00011807
0.000118163
0.000122267
0.000133129
0.000155154
0.000200444
0.000308498
0.000587434
0.00170455
0.0112044
0.0596283
0.00815452
0.00542977
0.00273437
0.00134328
0.000699421
0.000424907
0.000291332
0.000220117
0.000184372
0.000166094
0.00016698
0.000173295
0.000188021
0.000217814
0.000282718
0.000442043
0.000837389
0.00230748
0.0133176
0.0661599
0.00527651
0.00486152
0.00338963
0.00197829
0.00115281
0.000722397
0.000494383
0.000368456
0.000302795
0.000266276
0.000260027
0.000266121
0.000290815
0.000352306
0.000490015
0.000808515
0.00151634
0.0039094
0.0176007
0.0759855
0.00358477
0.00390168
0.00368817
0.00293013
0.00212005
0.00153369
0.00115416
0.000923092
0.000795203
0.000730467
0.000734653
0.000765664
0.000857174
0.00108481
0.00154379
0.0025202
0.0042045
0.00914421
0.0268739
0.0916993
0.0049273
0.0073777
0.00901103
0.0092119
0.00888117
0.0082751
0.00781132
0.00758447
0.00760518
0.00777113
0.00815331
0.00869836
0.00952965
0.0105406
0.0127502
0.0173684
0.0218281
0.0333242
0.0507041
0.118503
0.0516736
0.0984865
0.129734
0.135941
0.134649
0.131513
0.128329
0.126115
0.125179
0.125439
0.126323
0.12815
0.131166
0.134796
0.139286
0.141928
0.147665
0.15075
0.16883
0.150835
)
;

boundaryField
{
    movingWall
    {
        type            epsilonWallFunction;
        blending        stepwise;
        value           nonuniform List<scalar> 
20
(
0.0516736
0.0984865
0.129734
0.135941
0.134649
0.131513
0.128329
0.126115
0.125179
0.125439
0.126323
0.12815
0.131166
0.134796
0.139286
0.141928
0.147665
0.15075
0.16883
0.150835
)
;
    }
    fixedWalls
    {
        type            epsilonWallFunction;
        blending        stepwise;
        value           nonuniform List<scalar> 
60
(
0.000480286
0.0010045
0.00224172
0.00372927
0.00499388
0.00594744
0.0067078
0.00756809
0.00841055
0.00938143
0.0101808
0.01093
0.0110292
0.0107463
0.00987521
0.00815452
0.00527651
0.00358477
0.0049273
0.0516736
0.00133383
0.00182821
0.00479557
0.0131408
0.0231351
0.0306668
0.0359142
0.0395641
0.0422097
0.0445441
0.0467279
0.0491045
0.0517996
0.055122
0.0596283
0.0661599
0.0759855
0.0916993
0.118503
0.150835
0.000480286
0.000600014
0.00115971
0.00344898
0.00775553
0.0119476
0.014289
0.0153513
0.0156473
0.0153398
0.0144071
0.013398
0.0123023
0.0113854
0.0105133
0.00982366
0.00856724
0.00654042
0.00305391
0.00133383
)
;
    }
    frontAndBack
    {
        type            empty;
    }
}


// ************************************************************************* //
