/*--------------------------------*- C++ -*----------------------------------*\
| =========                 |                                                 |
| \\      /  F ield         | OpenFOAM: The Open Source CFD Toolbox           |
|  \\    /   O peration     | Version:  2412                                  |
|   \\  /    A nd           | Website:  www.openfoam.com                      |
|    \\/     M anipulation  |                                                 |
\*---------------------------------------------------------------------------*/
FoamFile
{
    version     2.0;
    format      ascii;
    arch        "LSB;label=32;scalar=64";
    class       volScalarField;
    location    "0.5";
    object      k;
}
// * * * * * * * * * * * * * * * * * * * * * * * * * * * * * * * * * * * * * //

dimensions      [0 2 -2 0 0 0 0];

internalField   nonuniform List<scalar> 
400
(
0.000354386
0.000449286
0.00051842
0.000556784
0.00057705
0.000588266
0.0005953
0.000600362
0.00060429
0.000607293
0.000609444
0.000611088
0.00061158
0.000610269
0.000605619
0.000594637
0.000571713
0.000527757
0.000451184
0.000355148
0.000450313
0.000803421
0.000981528
0.001074
0.00112053
0.00114358
0.00115568
0.00116336
0.00116953
0.00117522
0.00118053
0.00118484
0.00118741
0.00118698
0.00117894
0.00115523
0.00110206
0.000997099
0.000800848
0.000450505
0.000526489
0.000999679
0.00122997
0.00135167
0.00141447
0.00144553
0.00146081
0.00146904
0.00147458
0.0014792
0.00148337
0.00148666
0.00148784
0.00148418
0.0014697
0.00143421
0.00136127
0.00122466
0.000975483
0.000520033
0.000571522
0.00110662
0.00136768
0.00150817
0.00158245
0.0016197
0.00163772
0.00164667
0.00165184
0.00165562
0.00165871
0.00166055
0.00165976
0.00165254
0.00163209
0.00158708
0.00149989
0.00134266
0.00106272
0.0005588
0.000597357
0.0011639
0.00144375
0.00159659
0.00167876
0.00172044
0.00174042
0.00174986
0.00175471
0.00175772
0.0017597
0.00176023
0.0017574
0.00174698
0.00172153
0.00166904
0.00157134
0.00140012
0.00110164
0.000579857
0.000613302
0.00119394
0.00148463
0.00164507
0.00173221
0.00177666
0.00179784
0.00180748
0.001812
0.00181436
0.00181544
0.00181486
0.00181034
0.00179734
0.00176795
0.00170981
0.00160455
0.00142382
0.00111418
0.000592748
0.000625065
0.00121031
0.00150662
0.0016712
0.00176101
0.00180687
0.00182857
0.00183819
0.00184241
0.00184428
0.00184482
0.00184346
0.00183775
0.00182286
0.00179054
0.00172816
0.00161732
0.00143
0.001114
0.000603226
0.000635747
0.00122084
0.00151962
0.00168598
0.0017768
0.00182305
0.00184476
0.00185421
0.00185819
0.0018598
0.0018601
0.00185836
0.00185198
0.00183587
0.00180144
0.00173576
0.00162036
0.00142764
0.00110596
0.000614065
0.000646932
0.00122971
0.00152921
0.00169589
0.00178659
0.00183249
0.00185382
0.00186299
0.00186681
0.00186836
0.00186867
0.00186693
0.00186036
0.0018436
0.00180769
0.00173932
0.00161961
0.00142073
0.00109259
0.000627213
0.00065949
0.00123903
0.00153837
0.00170444
0.0017942
0.00183917
0.00185979
0.00186854
0.0018722
0.00187382
0.00187432
0.00187292
0.00186665
0.0018499
0.00181333
0.00174308
0.00161926
0.00141247
0.00107457
0.000644705
0.000674067
0.00125002
0.00154867
0.00171338
0.00180143
0.00184487
0.00186439
0.00187248
0.00187588
0.00187756
0.00187833
0.00187753
0.00187212
0.0018564
0.00182094
0.00175127
0.0016253
0.00140959
0.00105535
0.000671122
0.000691374
0.00126361
0.001561
0.00172341
0.00180874
0.00184986
0.00186769
0.0018747
0.00187753
0.00187904
0.00188
0.00187995
0.00187607
0.00186326
0.0018329
0.00177067
0.00164953
0.00142401
0.00105333
0.000731248
0.000712323
0.0012807
0.00157569
0.00173417
0.00181521
0.00185277
0.00186804
0.00187346
0.00187529
0.00187617
0.00187699
0.00187749
0.00187601
0.00186933
0.00185156
0.00180938
0.00170358
0.00147526
0.00115467
0.000954283
0.000738464
0.00130176
0.00159195
0.00174346
0.00181784
0.00185057
0.00186269
0.00186578
0.00186582
0.00186528
0.00186525
0.00186606
0.0018679
0.00187134
0.00187479
0.00185772
0.0017534
0.00165804
0.00178554
0.00176034
0.00076973
0.00132603
0.00160624
0.00174626
0.00181215
0.0018386
0.00184608
0.00184618
0.00184361
0.00184098
0.00183967
0.00184068
0.00184695
0.00186403
0.00188569
0.00187107
0.00184458
0.00232049
0.00327163
0.00348927
0.000812849
0.00134782
0.00161171
0.0017373
0.00179169
0.00180959
0.00181224
0.00180902
0.00180446
0.00180062
0.00179912
0.00180192
0.00181461
0.00184446
0.00186813
0.00182079
0.00181537
0.0024907
0.00400483
0.00529686
0.000845125
0.00137364
0.00160979
0.00171416
0.00175553
0.00176791
0.00176954
0.00176764
0.00176608
0.00176642
0.00177051
0.00178262
0.00181107
0.00186228
0.00189568
0.00182717
0.00168111
0.00216925
0.00407455
0.00647432
0.000923558
0.00139906
0.00163255
0.00173842
0.00178796
0.00181415
0.00183397
0.0018532
0.00187413
0.00189787
0.00192592
0.00196203
0.00201415
0.00209315
0.00216947
0.00213249
0.00195337
0.00210597
0.00386498
0.00750483
0.00110892
0.00175724
0.00218863
0.00245695
0.00262682
0.00276372
0.00289263
0.0030173
0.0031392
0.00325986
0.0033791
0.00349387
0.00359934
0.00369097
0.00374905
0.00372478
0.00361894
0.00400878
0.00497363
0.00895497
0.00438771
0.00669671
0.00866314
0.00979333
0.0104478
0.0108508
0.0111001
0.0112479
0.011333
0.0113833
0.0114198
0.0114447
0.0114718
0.0114683
0.0114497
0.0113939
0.011421
0.0114429
0.0120237
0.0109095
)
;

boundaryField
{
    movingWall
    {
        type            kqRWallFunction;
        value           nonuniform List<scalar> 
20
(
0.00438771
0.00669671
0.00866314
0.00979333
0.0104478
0.0108508
0.0111001
0.0112479
0.011333
0.0113833
0.0114198
0.0114447
0.0114718
0.0114683
0.0114497
0.0113939
0.011421
0.0114429
0.0120237
0.0109095
)
;
    }
    fixedWalls
    {
        type            kqRWallFunction;
        value           nonuniform List<scalar> 
60
(
0.000354386
0.000450313
0.000526489
0.000571522
0.000597357
0.000613302
0.000625065
0.000635747
0.000646932
0.00065949
0.000674067
0.000691374
0.000712323
0.000738464
0.00076973
0.000812849
0.000845125
0.000923558
0.00110892
0.00438771
0.000355148
0.000450505
0.000520033
0.0005588
0.000579857
0.000592748
0.000603226
0.000614065
0.000627213
0.000644705
0.000671122
0.000731248
0.000954283
0.00176034
0.00348927
0.00529686
0.00647432
0.00750483
0.00895497
0.0109095
0.000354386
0.000449286
0.00051842
0.000556784
0.00057705
0.000588266
0.0005953
0.000600362
0.00060429
0.000607293
0.000609444
0.000611088
0.00061158
0.000610269
0.000605619
0.000594637
0.000571713
0.000527757
0.000451184
0.000355148
)
;
    }
    frontAndBack
    {
        type            empty;
    }
}


// ************************************************************************* //
