/*--------------------------------*- C++ -*----------------------------------*\
| =========                 |                                                 |
| \\      /  F ield         | OpenFOAM: The Open Source CFD Toolbox           |
|  \\    /   O peration     | Version:  2412                                  |
|   \\  /    A nd           | Website:  www.openfoam.com                      |
|    \\/     M anipulation  |                                                 |
\*---------------------------------------------------------------------------*/
FoamFile
{
    version     2.0;
    format      ascii;
    arch        "LSB;label=32;scalar=64";
    class       volScalarField;
    location    "0.5";
    object      nut;
}
// * * * * * * * * * * * * * * * * * * * * * * * * * * * * * * * * * * * * * //

dimensions      [0 2 -1 0 0 0 0];

internalField   nonuniform List<scalar> 
400
(
1.03699e-05
1.1702e-05
1.2591e-05
1.30637e-05
1.331e-05
1.3446e-05
1.35312e-05
1.35924e-05
1.36398e-05
1.36761e-05
1.37021e-05
1.37217e-05
1.37276e-05
1.37118e-05
1.36556e-05
1.35234e-05
1.32476e-05
1.27101e-05
1.17281e-05
1.03825e-05
1.17152e-05
3.81148e-05
5.16753e-05
5.85936e-05
6.2143e-05
6.39512e-05
6.49312e-05
6.55801e-05
6.61309e-05
6.66685e-05
6.71871e-05
6.75916e-05
6.7848e-05
6.78688e-05
6.72756e-05
6.54366e-05
6.13208e-05
5.3285e-05
3.78707e-05
1.17199e-05
1.2692e-05
5.34969e-05
7.75421e-05
9.06151e-05
9.75676e-05
0.000101104
0.000102889
0.000103879
0.000104561
0.000105141
0.000105663
0.000106067
0.000106216
0.000105781
0.000104075
9.99719e-05
9.17633e-05
7.69331e-05
5.10138e-05
1.26132e-05
1.32422e-05
6.16912e-05
9.25037e-05
0.00011001
0.000119617
0.000124573
0.000127025
0.000128268
0.000128998
0.000129531
0.000129954
0.000130194
0.000130063
0.000129033
0.000126208
0.000120159
0.000108845
8.94181e-05
5.73102e-05
1.30905e-05
1.3552e-05
6.61105e-05
0.000101037
0.000121455
0.000132908
0.000138885
0.000141808
0.000143213
0.000143942
0.000144391
0.000144669
0.000144716
0.000144252
0.000142656
0.000138879
0.000131329
0.000117839
9.55106e-05
5.99504e-05
1.33463e-05
1.37414e-05
6.84025e-05
0.000105694
0.00012787
0.000140474
0.000147095
0.000150306
0.000151787
0.000152482
0.000152836
0.00015297
0.000152828
0.000152064
0.000149991
0.00014547
0.000136839
0.000121922
9.78462e-05
6.04885e-05
1.35026e-05
1.38796e-05
6.95736e-05
0.000108167
0.000131312
0.000144541
0.000151497
0.000154843
0.000156338
0.000156985
0.000157251
0.000157279
0.000156977
0.000155976
0.000153534
0.000148455
0.000139048
0.000123187
9.8071e-05
5.99027e-05
1.36295e-05
1.40031e-05
7.02267e-05
0.00010955
0.000133178
0.000146679
0.000153754
0.000157123
0.000158593
0.000159193
0.000159394
0.000159348
0.000158932
0.000157749
0.000155019
0.000149493
0.000139472
0.000122901
9.70762e-05
5.8467e-05
1.37605e-05
1.41304e-05
7.06945e-05
0.000110482
0.000134325
0.000147882
0.000154933
0.000158254
0.000159675
0.000160232
0.000160392
0.000160297
0.000159803
0.000158466
0.000155477
0.000149521
0.0001389
0.000121623
9.51003e-05
5.62727e-05
1.39188e-05
1.42713e-05
7.11457e-05
0.0001113
0.00013522
0.000148698
0.000155632
0.000158852
0.000160205
0.000160721
0.000160851
0.000160715
0.000160157
0.000158681
0.000155385
0.000148945
0.000137569
0.000119374
9.19852e-05
5.31161e-05
1.41293e-05
1.44327e-05
7.16683e-05
0.000112176
0.000136085
0.000149379
0.000156118
0.000159187
0.000160444
0.000160905
0.000161
0.00016081
0.000160173
0.000158522
0.000154866
0.000147711
0.000135168
0.000115503
8.68676e-05
4.84077e-05
1.44527e-05
1.46215e-05
7.23177e-05
0.000113184
0.000136987
0.000149971
0.000156411
0.000159254
0.000160361
0.000160724
0.000160743
0.000160462
0.00015969
0.000157772
0.000153555
0.000145255
0.00013063
0.000107676
7.61799e-05
4.02278e-05
1.52169e-05
1.48462e-05
7.31309e-05
0.000114315
0.000137821
0.000150273
0.000156228
0.000158709
0.000159582
0.000159772
0.000159629
0.000159176
0.000158141
0.000155773
0.000150577
0.000140002
0.000120834
9.11346e-05
5.54614e-05
2.80298e-05
1.78443e-05
1.51211e-05
7.40817e-05
0.000115368
0.000138116
0.000149599
0.000154781
0.000156729
0.000157179
0.000157015
0.000156535
0.000155752
0.00015432
0.00015127
0.000144355
0.000129377
0.000101854
6.38277e-05
3.50864e-05
2.63696e-05
2.48508e-05
1.54411e-05
7.49975e-05
0.000115594
0.000136556
0.000146436
0.000150335
0.000151265
0.000150962
0.000150111
0.000149036
0.000147753
0.000145848
0.000142159
0.000133462
0.000112378
7.66941e-05
4.35362e-05
3.47224e-05
3.65702e-05
3.4466e-05
1.58719e-05
7.4961e-05
0.000112817
0.000130419
0.000137286
0.000138774
0.000138006
0.000136359
0.000134473
0.000132589
0.000130753
0.00012866
0.000125367
0.000117677
9.7158e-05
6.24064e-05
3.59526e-05
3.40475e-05
4.1172e-05
4.14079e-05
1.61825e-05
7.25445e-05
0.000102474
0.000112646
0.000114362
0.000112612
0.000109742
0.000106661
0.000103805
0.000101294
9.92061e-05
9.76533e-05
9.65693e-05
9.44694e-05
8.54894e-05
6.4355e-05
4.01958e-05
3.49214e-05
4.15371e-05
4.52545e-05
1.69231e-05
6.00834e-05
7.27477e-05
7.3425e-05
7.10959e-05
6.79021e-05
6.48684e-05
6.22994e-05
6.0215e-05
5.85695e-05
5.7375e-05
5.67738e-05
5.70573e-05
5.8508e-05
5.98446e-05
5.62855e-05
4.5752e-05
3.84017e-05
4.19938e-05
4.85916e-05
1.8576e-05
3.32181e-05
3.44775e-05
3.48801e-05
3.50449e-05
3.52966e-05
3.58033e-05
3.65112e-05
3.73367e-05
3.82252e-05
3.91403e-05
4.00625e-05
4.09666e-05
4.19153e-05
4.29271e-05
4.28971e-05
4.15685e-05
3.99547e-05
4.13967e-05
5.30558e-05
3.71466e-05
4.5907e-05
5.22123e-05
5.55172e-05
5.73454e-05
5.84414e-05
5.91042e-05
5.94832e-05
5.96843e-05
5.97809e-05
5.98325e-05
5.98482e-05
5.98737e-05
5.98237e-05
5.97649e-05
5.96095e-05
5.96901e-05
5.97687e-05
6.13055e-05
5.84567e-05
)
;

boundaryField
{
    movingWall
    {
        type            nutkWallFunction;
        blending        stepwise;
        value           nonuniform List<scalar> 
20
(
0
0
8.24259e-07
1.36435e-06
1.66079e-06
1.83803e-06
1.9458e-06
2.00903e-06
2.04522e-06
2.06653e-06
2.08196e-06
2.09246e-06
2.10391e-06
2.10242e-06
2.09459e-06
2.07099e-06
2.08245e-06
2.0917e-06
2.33332e-06
1.86352e-06
)
;
    }
    fixedWalls
    {
        type            nutkWallFunction;
        blending        stepwise;
        value           nonuniform List<scalar> 
60
(
0
0
0
0
0
0
0
0
0
0
0
0
0
0
0
0
0
0
0
0
0
0
0
0
0
0
0
0
0
0
0
0
0
0
0
0
0
2.26704e-07
9.6743e-07
1.86352e-06
0
0
0
0
0
0
0
0
0
0
0
0
0
0
0
0
0
0
0
0
)
;
    }
    frontAndBack
    {
        type            empty;
    }
}


// ************************************************************************* //
