/*--------------------------------*- C++ -*----------------------------------*\
| =========                 |                                                 |
| \\      /  F ield         | OpenFOAM: The Open Source CFD Toolbox           |
|  \\    /   O peration     | Version:  2412                                  |
|   \\  /    A nd           | Website:  www.openfoam.com                      |
|    \\/     M anipulation  |                                                 |
\*---------------------------------------------------------------------------*/
FoamFile
{
    version     2.0;
    format      ascii;
    arch        "LSB;label=32;scalar=64";
    class       volVectorField;
    location    "0.5";
    object      U;
}
// * * * * * * * * * * * * * * * * * * * * * * * * * * * * * * * * * * * * * //

dimensions      [0 1 -1 0 0 0 0];

internalField   nonuniform List<vector> 
400
(
(-0.000150491 0.000152956 0)
(-0.000675005 0.000389187 0)
(-0.00153807 0.000506227 0)
(-0.00244014 0.000516948 0)
(-0.00331119 0.000478001 0)
(-0.00410431 0.000420676 0)
(-0.00479516 0.000355703 0)
(-0.00536868 0.00028516 0)
(-0.00581315 0.000207673 0)
(-0.0061144 0.000121349 0)
(-0.0062525 3.43018e-05 0)
(-0.00622606 -6.93897e-05 0)
(-0.00600728 -0.000178993 0)
(-0.00559049 -0.000295203 0)
(-0.00496897 -0.00041394 0)
(-0.00414954 -0.000525893 0)
(-0.00316176 -0.000611105 0)
(-0.00207309 -0.000627884 0)
(-0.000987473 -0.000509721 0)
(-0.000252385 -0.000247531 0)
(-0.000383758 0.000672804 0)
(-0.0011407 0.00114618 0)
(-0.00205395 0.00134874 0)
(-0.00299313 0.00137093 0)
(-0.003905 0.00129089 0)
(-0.00475147 0.00115557 0)
(-0.00550227 0.000987873 0)
(-0.00613287 0.000796628 0)
(-0.00662344 0.000583378 0)
(-0.0069562 0.000347361 0)
(-0.00711343 8.94635e-05 0)
(-0.00707982 -0.000191205 0)
(-0.00684174 -0.000492376 0)
(-0.00639132 -0.000805633 0)
(-0.00572977 -0.00111601 0)
(-0.00487245 -0.00139706 0)
(-0.00385148 -0.00160547 0)
(-0.0027207 -0.00167298 0)
(-0.00156085 -0.00150313 0)
(-0.000530814 -0.000992369 0)
(-0.000522171 0.00153678 0)
(-0.00139317 0.00206401 0)
(-0.00232865 0.00225986 0)
(-0.00327243 0.002267 0)
(-0.00418474 0.00214653 0)
(-0.005038 0.00193981 0)
(-0.0058045 0.00167194 0)
(-0.00645752 0.00135609 0)
(-0.0069738 0.00099766 0)
(-0.00733274 0.000598445 0)
(-0.00751498 0.00015995 0)
(-0.00750324 -0.000316063 0)
(-0.00728348 -0.000821983 0)
(-0.00684716 -0.00134218 0)
(-0.00619544 -0.0018501 0)
(-0.00534178 -0.00230535 0)
(-0.00431169 -0.00265203 0)
(-0.00314638 -0.00281769 0)
(-0.0019136 -0.00271559 0)
(-0.000704691 -0.00216614 0)
(-0.000576974 0.00249339 0)
(-0.00152738 0.00305914 0)
(-0.00251837 0.00322695 0)
(-0.00350331 0.00320336 0)
(-0.0044474 0.00303685 0)
(-0.00533008 0.00275955 0)
(-0.00612861 0.00239441 0)
(-0.00681799 0.00195618 0)
(-0.00737444 0.00145273 0)
(-0.00777591 0.000887702 0)
(-0.00800118 0.0002637 0)
(-0.00803025 -0.000414682 0)
(-0.00784529 -0.00113583 0)
(-0.00743292 -0.00187711 0)
(-0.00678768 -0.00260172 0)
(-0.00591416 -0.00325724 0)
(-0.00482754 -0.00377685 0)
(-0.00356203 -0.00408256 0)
(-0.00218762 -0.00408447 0)
(-0.000805847 -0.00350318 0)
(-0.000601358 0.00351127 0)
(-0.00161952 0.00412587 0)
(-0.00268694 0.00425928 0)
(-0.00374286 0.00419397 0)
(-0.00475056 0.00397437 0)
(-0.00569156 0.00362456 0)
(-0.00654712 0.00316362 0)
(-0.0072951 0.00260579 0)
(-0.00791292 0.0019598 0)
(-0.00837815 0.00122994 0)
(-0.00866778 0.000419083 0)
(-0.0087581 -0.000467141 0)
(-0.00862493 -0.00141499 0)
(-0.00824574 -0.00239678 0)
(-0.00760298 -0.00336759 0)
(-0.00668704 -0.00426398 0)
(-0.00550048 -0.00500612 0)
(-0.00407531 -0.00550156 0)
(-0.00249546 -0.00563828 0)
(-0.000904499 -0.00501128 0)
(-0.00062535 0.00457931 0)
(-0.00171395 0.00527075 0)
(-0.00287361 0.0053754 0)
(-0.00402285 0.00526354 0)
(-0.00511995 0.0049846 0)
(-0.00614522 0.0045586 0)
(-0.00708241 0.00400139 0)
(-0.00791242 0.00332587 0)
(-0.00861487 0.00254016 0)
(-0.00916803 0.00164752 0)
(-0.00954753 0.000649067 0)
(-0.00972542 -0.000451414 0)
(-0.0096691 -0.00164163 0)
(-0.00934284 -0.00289232 0)
(-0.00871129 -0.00415348 0)
(-0.00774376 -0.00535102 0)
(-0.00642415 -0.00638628 0)
(-0.00478135 -0.00713676 0)
(-0.00291967 -0.0074431 0)
(-0.00104407 -0.00673995 0)
(-0.000660775 0.0057081 0)
(-0.00183318 0.00650804 0)
(-0.0031015 0.00659443 0)
(-0.00436342 0.00643545 0)
(-0.0055711 0.00609264 0)
(-0.00670238 0.00558654 0)
(-0.00774279 0.00493186 0)
(-0.00867666 0.0041404 0)
(-0.00948706 0.00321874 0)
(-0.0101544 0.00216728 0)
(-0.0106541 0.000982583 0)
(-0.0109547 -0.000337313 0)
(-0.0110137 -0.00178713 0)
(-0.0107785 -0.00334158 0)
(-0.0101891 -0.00495112 0)
(-0.00918218 -0.00653296 0)
(-0.00770867 -0.00796261 0)
(-0.00578354 -0.00906539 0)
(-0.00353392 -0.00959844 0)
(-0.00125265 -0.00878835 0)
(-0.000711783 0.00691897 0)
(-0.00198828 0.00785651 0)
(-0.00338435 0.00793466 0)
(-0.00477748 0.00772896 0)
(-0.0061136 0.00731834 0)
(-0.00736806 0.00672834 0)
(-0.00852873 0.0059753 0)
(-0.00958468 0.0050711 0)
(-0.0105244 0.00402045 0)
(-0.0113328 0.00281902 0)
(-0.0119876 0.00145538 0)
(-0.0124566 -8.37741e-05 0)
(-0.0126879 -0.00180383 0)
(-0.0126089 -0.00369683 0)
(-0.0121271 -0.0057236 0)
(-0.0111286 -0.00780065 0)
(-0.00950204 -0.00977432 0)
(-0.00721905 -0.0113865 0)
(-0.0044236 -0.012251 0)
(-0.00155459 -0.0113011 0)
(-0.000780157 0.00823842 0)
(-0.00218603 0.00933942 0)
(-0.00373221 0.00941572 0)
(-0.00527507 0.00916114 0)
(-0.00675423 0.00867702 0)
(-0.00814361 0.0079984 0)
(-0.00943529 0.00714664 0)
(-0.0106255 0.00613556 0)
(-0.0117112 0.00496821 0)
(-0.0126862 0.00363445 0)
(-0.0135353 0.00211188 0)
(-0.0142273 0.000370623 0)
(-0.0147085 -0.00161669 0)
(-0.0148902 -0.00387265 0)
(-0.014636 -0.00638885 0)
(-0.013756 -0.00910439 0)
(-0.0120213 -0.0118471 0)
(-0.00929445 -0.0142375 0)
(-0.00570385 -0.0156277 0)
(-0.0019734 -0.0144796 0)
(-0.000868365 0.00969702 0)
(-0.0024345 0.0109849 0)
(-0.0041569 0.0110594 0)
(-0.00586773 0.0107476 0)
(-0.00750024 0.0101792 0)
(-0.00902903 0.00940438 0)
(-0.0104535 0.00845336 0)
(-0.0117807 0.00734429 0)
(-0.0130203 0.00607987 0)
(-0.0141802 0.00464401 0)
(-0.0152593 0.00300169 0)
(-0.0162391 0.00110203 0)
(-0.0170744 -0.00111843 0)
(-0.0176684 -0.00373 0)
(-0.0178436 -0.00679082 0)
(-0.0173031 -0.0103172 0)
(-0.0156029 -0.0141725 0)
(-0.0123375 -0.0178104 0)
(-0.00752603 -0.020073 0)
(-0.00251206 -0.0185784 0)
(-0.000982073 0.0113325 0)
(-0.00274815 0.0128267 0)
(-0.00467706 0.0128894 0)
(-0.00657235 0.0125008 0)
(-0.0083615 0.0118287 0)
(-0.0100234 0.0109445 0)
(-0.0115694 0.0098919 0)
(-0.013022 0.00869655 0)
(-0.0144088 0.00736279 0)
(-0.015758 0.00587027 0)
(-0.0170924 0.00417227 0)
(-0.0184217 0.0021944 0)
(-0.0197315 -0.00016956 0)
(-0.0209459 -0.00305709 0)
(-0.0218728 -0.00665336 0)
(-0.0220926 -0.0111673 0)
(-0.0207757 -0.0166703 0)
(-0.0168765 -0.0224448 0)
(-0.0100576 -0.0262095 0)
(-0.00304085 -0.0238213 0)
(-0.00113331 0.0131975 0)
(-0.00315339 0.0149079 0)
(-0.00532246 0.0149303 0)
(-0.00741254 0.0144273 0)
(-0.00934868 0.0136178 0)
(-0.0111207 0.0126024 0)
(-0.0127584 0.0114427 0)
(-0.0143048 0.0101743 0)
(-0.0158097 0.00880605 0)
(-0.0173272 0.00731782 0)
(-0.0189154 0.00565815 0)
(-0.0206335 0.00373757 0)
(-0.022529 0.00141093 0)
(-0.0246142 -0.00154988 0)
(-0.0267837 -0.0055129 0)
(-0.0285629 -0.0111025 0)
(-0.0285031 -0.0190697 0)
(-0.0240924 -0.028777 0)
(-0.0139787 -0.0355465 0)
(-0.00306505 -0.0306893 0)
(-0.00134621 0.0153594 0)
(-0.00369693 0.0172809 0)
(-0.00613475 0.0172031 0)
(-0.00841284 0.0165201 0)
(-0.0104629 0.0155207 0)
(-0.0122969 0.0143416 0)
(-0.0139715 0.0130643 0)
(-0.0155536 0.0117351 0)
(-0.0171164 0.01037 0)
(-0.0187417 0.00895683 0)
(-0.0205291 0.00745532 0)
(-0.0226085 0.00578775 0)
(-0.0251493 0.00380398 0)
(-0.0283482 0.00119706 0)
(-0.0324347 -0.00262088 0)
(-0.0373149 -0.00887809 0)
(-0.0409659 -0.0198989 0)
(-0.0383118 -0.0360768 0)
(-0.024534 -0.0490663 0)
(-0.00402723 -0.0396652 0)
(-0.00166107 0.0179941 0)
(-0.00443338 0.0200212 0)
(-0.0071517 0.0197171 0)
(-0.0095753 0.0187462 0)
(-0.0116674 0.0174821 0)
(-0.0134807 0.0160964 0)
(-0.015106 0.0146858 0)
(-0.0166348 0.0133036 0)
(-0.0181589 0.011974 0)
(-0.0197808 0.010702 0)
(-0.0216347 0.00948298 0)
(-0.0239279 0.00830365 0)
(-0.027002 0.00710659 0)
(-0.0313771 0.00566333 0)
(-0.0379638 0.00337343 0)
(-0.0483063 -0.00150091 0)
(-0.0609134 -0.0143719 0)
(-0.0658785 -0.0411881 0)
(-0.0493229 -0.0690419 0)
(-0.0153143 -0.0545175 0)
(-0.00215947 0.0209892 0)
(-0.00546939 0.0231144 0)
(-0.00838292 0.0223997 0)
(-0.0108338 0.020999 0)
(-0.0128334 0.0193861 0)
(-0.0144956 0.0177503 0)
(-0.0159479 0.0161913 0)
(-0.0173029 0.01476 0)
(-0.0186579 0.0134842 0)
(-0.0201142 0.01239 0)
(-0.0218069 0.0115331 0)
(-0.0239759 0.0110322 0)
(-0.0270894 0.0110962 0)
(-0.0319086 0.0119809 0)
(-0.0400628 0.013758 0)
(-0.0560011 0.0138638 0)
(-0.0784272 -0.00063626 0)
(-0.0897336 -0.0476875 0)
(-0.0756422 -0.106781 0)
(-0.0373252 -0.0945459 0)
(-0.00275357 0.0256817 0)
(-0.0066401 0.0267852 0)
(-0.00965675 0.0251568 0)
(-0.0119197 0.0230957 0)
(-0.0136113 0.0210495 0)
(-0.0149295 0.0191462 0)
(-0.0160262 0.0174525 0)
(-0.0170475 0.015985 0)
(-0.0180749 0.0147616 0)
(-0.0191703 0.0138217 0)
(-0.0204052 0.013279 0)
(-0.0219221 0.0134056 0)
(-0.0240468 0.0147699 0)
(-0.0272228 0.0183892 0)
(-0.0321946 0.0254332 0)
(-0.0433235 0.0321411 0)
(-0.0635706 0.015351 0)
(-0.0750374 -0.0514406 0)
(-0.073376 -0.145258 0)
(-0.0491786 -0.168175 0)
(-0.00431589 0.0273548 0)
(-0.00868929 0.0289737 0)
(-0.0108241 0.0268108 0)
(-0.0121714 0.0243874 0)
(-0.013078 0.0221015 0)
(-0.0137589 0.0200156 0)
(-0.014307 0.0182187 0)
(-0.0147906 0.0167403 0)
(-0.0152664 0.0155588 0)
(-0.0157457 0.014689 0)
(-0.0161765 0.01427 0)
(-0.016504 0.0146134 0)
(-0.0166253 0.0164434 0)
(-0.0161632 0.0209247 0)
(-0.0140978 0.0293593 0)
(-0.0109155 0.0369924 0)
(-0.0133594 0.0294487 0)
(-0.010169 -0.0273876 0)
(-0.0326621 -0.135399 0)
(-0.0388403 -0.240265 0)
(-0.00540717 0.0467465 0)
(-0.00879372 0.041133 0)
(-0.00917906 0.0339688 0)
(-0.00885207 0.0285792 0)
(-0.00844871 0.024871 0)
(-0.00780237 0.0219126 0)
(-0.00695578 0.0195988 0)
(-0.00605884 0.0178098 0)
(-0.0051764 0.0164084 0)
(-0.00427654 0.0153188 0)
(-0.00323861 0.0145694 0)
(-0.001827 0.014365 0)
(0.000281167 0.0151934 0)
(0.00413922 0.0178863 0)
(0.0110225 0.0232727 0)
(0.0237965 0.0280775 0)
(0.0325791 0.021377 0)
(0.0556415 -0.0147361 0)
(0.0161085 -0.0762947 0)
(-0.00828001 -0.269319 0)
(-0.00616684 0.0200484 0)
(-0.00720171 0.0123805 0)
(-0.0010478 0.0111189 0)
(0.00541053 0.0132657 0)
(0.0128053 0.0137288 0)
(0.0197015 0.0129849 0)
(0.0260023 0.012177 0)
(0.0317109 0.011545 0)
(0.0369229 0.0109836 0)
(0.0417724 0.0104346 0)
(0.0463994 0.00992603 0)
(0.0509988 0.0095425 0)
(0.0558537 0.00945024 0)
(0.0617199 0.00990316 0)
(0.0687946 0.0108978 0)
(0.0801226 0.010271 0)
(0.08377 0.00460133 0)
(0.10803 -0.0199911 0)
(0.0364234 -0.0461583 0)
(0.0691214 -0.224854 0)
(0.0408336 0.0925074 0)
(0.0635804 0.0693421 0)
(0.0890605 0.0433753 0)
(0.110757 0.0289337 0)
(0.127097 0.0213414 0)
(0.140512 0.0169018 0)
(0.152532 0.0140352 0)
(0.163568 0.0120846 0)
(0.173757 0.01069 0)
(0.183234 0.00961907 0)
(0.192098 0.00870531 0)
(0.200425 0.00784872 0)
(0.208261 0.00699015 0)
(0.215955 0.00612238 0)
(0.222887 0.00524055 0)
(0.231731 0.00411822 0)
(0.229795 0.0025776 0)
(0.253948 -0.00332949 0)
(0.129448 0.00112923 0)
(0.377597 -0.100879 0)
)
;

boundaryField
{
    movingWall
    {
        type            fixedValue;
        value           uniform (1 0 0);
    }
    fixedWalls
    {
        type            noSlip;
    }
    frontAndBack
    {
        type            empty;
    }
}


// ************************************************************************* //
