/*--------------------------------*- C++ -*----------------------------------*\
| =========                 |                                                 |
| \\      /  F ield         | OpenFOAM: The Open Source CFD Toolbox           |
|  \\    /   O peration     | Version:  2412                                  |
|   \\  /    A nd           | Website:  www.openfoam.com                      |
|    \\/     M anipulation  |                                                 |
\*---------------------------------------------------------------------------*/
FoamFile
{
    version     2.0;
    format      ascii;
    arch        "LSB;label=32;scalar=64";
    class       volScalarField;
    location    "1.5";
    object      k;
}
// * * * * * * * * * * * * * * * * * * * * * * * * * * * * * * * * * * * * * //

dimensions      [0 2 -2 0 0 0 0];

internalField   nonuniform List<scalar> 
1600
(
4.63436e-05
6.09962e-05
8.27926e-05
0.000108323
0.000134967
0.000161994
0.000189173
0.000216616
0.000244634
0.000273456
0.000303275
0.000334171
0.000366227
0.000399329
0.000433004
0.000466405
0.000498348
0.000527425
0.000552204
0.000571394
0.000581573
0.000584762
0.000580881
0.000567255
0.000546416
0.000519094
0.000485635
0.000447151
0.000405418
0.000361809
0.000317683
0.000274311
0.000232809
0.000194091
0.00015898
0.000129652
0.000110103
9.08967e-05
6.9265e-05
5.1173e-05
6.20599e-05
9.86902e-05
0.000136021
0.000167823
0.000194355
0.000216432
0.000235011
0.000251494
0.000267023
0.000282006
0.000296764
0.000311239
0.000326554
0.000343171
0.000361082
0.000379982
0.000399357
0.000418593
0.000437106
0.000454237
0.000468835
0.000481416
0.000491753
0.000497316
0.000499293
0.000498469
0.000492508
0.000480696
0.000463263
0.000440493
0.000412841
0.000380983
0.000345794
0.000308176
0.000268892
0.00022857
0.000187694
0.00014524
0.000101273
6.69873e-05
8.72418e-05
0.000143815
0.000196424
0.000238466
0.000272157
0.000299045
0.000320429
0.000337296
0.000350954
0.000363089
0.00037527
0.000388908
0.000404132
0.000421209
0.000440183
0.000460836
0.000482751
0.000505402
0.000528195
0.000550471
0.000571506
0.000590665
0.000607103
0.000620386
0.000628673
0.000631812
0.000630373
0.000619563
0.000600069
0.000572575
0.000538011
0.00049761
0.000452932
0.000405451
0.000356196
0.000305514
0.000252997
0.000197409
0.000137757
8.52759e-05
0.000117925
0.000186988
0.000251155
0.000301203
0.000341028
0.000372965
0.000398678
0.000419593
0.000437115
0.000452778
0.000467976
0.000483836
0.000500949
0.000519636
0.000540007
0.00056198
0.000585333
0.000609745
0.000634849
0.000660232
0.000685407
0.000709738
0.000732297
0.000751795
0.000765604
0.000771598
0.000772071
0.000760164
0.000735216
0.000698911
0.000653113
0.000599994
0.00054244
0.000483051
0.0004235
0.000364002
0.000303355
0.000239086
0.000168039
9.96828e-05
0.000151154
0.000226871
0.000300204
0.000356745
0.000401744
0.000438234
0.000468147
0.000493042
0.000514412
0.000533673
0.000552084
0.00057065
0.000590062
0.000610787
0.000633136
0.000657296
0.000683361
0.000711367
0.000741304
0.000773063
0.000806322
0.000840365
0.000873839
0.000904596
0.000929854
0.000943839
0.000948208
0.000939082
0.000908742
0.000860434
0.000797385
0.000722715
0.000642361
0.000561822
0.000485401
0.000413751
0.000344413
0.000272746
0.000192761
0.000110874
0.000185945
0.000263208
0.000344196
0.000406405
0.000455943
0.0004965
0.000530327
0.000559128
0.000584369
0.000607358
0.000629246
0.000650996
0.000673413
0.000697179
0.000722902
0.000751164
0.000782567
0.00081774
0.00085726
0.000901497
0.000950319
0.00100273
0.00105664
0.00110873
0.00115489
0.00118752
0.00120159
0.00120334
0.00117491
0.00111674
0.00103319
0.000925299
0.000803563
0.00067844
0.000564057
0.000466059
0.000381298
0.000300628
0.000213187
0.000120931
0.000221757
0.000296116
0.000383609
0.000450963
0.000504735
0.000549165
0.000586799
0.000619452
0.000648582
0.000675453
0.000701184
0.000726792
0.000753244
0.000781523
0.000812707
0.000848033
0.000888922
0.000936912
0.000993428
0.0010593
0.00113405
0.00121518
0.00129805
0.0013769
0.00144711
0.00150281
0.00153444
0.00154641
0.00153764
0.00148952
0.00140392
0.0012713
0.00110051
0.000904462
0.000711689
0.000548416
0.0004248
0.000326064
0.000230111
0.000131268
0.000258168
0.000325817
0.000418848
0.000490953
0.000548831
0.000597085
0.000638542
0.000675135
0.000708355
0.000739468
0.000769634
0.000800004
0.000831829
0.000866569
0.000906016
0.000952392
0.00100833
0.00107658
0.0011591
0.00125567
0.00136228
0.0014709
0.00156968
0.00164862
0.00170286
0.00173004
0.00174274
0.00174936
0.00175337
0.00175303
0.0017336
0.00168004
0.00153862
0.00130455
0.00101405
0.000726956
0.000505035
0.000357718
0.000245045
0.000142393
0.000294825
0.000352532
0.000450214
0.000526772
0.000588679
0.000640784
0.000686156
0.000726855
0.000764437
0.00080023
0.000835515
0.000871688
0.000910431
0.000953901
0.00100493
0.00106711
0.00114448
0.00124025
0.00135423
0.0014795
0.00160054
0.00170231
0.00175647
0.0017719
0.00177185
0.00175861
0.0017484
0.00174649
0.00176304
0.00178991
0.00181741
0.00183019
0.00182112
0.00174427
0.00149597
0.00109041
0.000693344
0.000419515
0.000262715
0.000154909
0.000331379
0.000376458
0.000477973
0.000558697
0.000624551
0.000680545
0.000729943
0.00077493
0.000817162
0.000858089
0.000899198
0.000942246
0.000989521
0.00104412
0.00111019
0.00119273
0.0012962
0.00142101
0.00155807
0.00168581
0.00174583
0.00175552
0.00172705
0.00166386
0.00158573
0.00151897
0.00149029
0.00148324
0.00151884
0.00158785
0.00168603
0.00180294
0.00186673
0.00189314
0.0018618
0.00162662
0.00108497
0.000570632
0.000296418
0.000170136
0.000367548
0.000397767
0.00050234
0.000586915
0.000656592
0.000716472
0.000769976
0.000819403
0.000866538
0.000913003
0.000960575
0.00101149
0.0010688
0.00113669
0.00122053
0.00132572
0.00145393
0.0015966
0.00171471
0.00175506
0.00174427
0.00166805
0.00153348
0.00136587
0.00128201
0.00124967
0.0012438
0.00126413
0.00130839
0.00136169
0.00143575
0.00154296
0.00171636
0.0018812
0.00195444
0.0019628
0.00166893
0.000921928
0.000382435
0.000191793
0.000402975
0.000416603
0.000523479
0.000611545
0.000684857
0.000748556
0.000806175
0.000860123
0.000912326
0.000964628
0.00101916
0.00107872
0.00114717
0.00122969
0.00133214
0.00145797
0.00160151
0.00172207
0.00176283
0.00174035
0.00163747
0.00143062
0.00124058
0.00116164
0.00113806
0.00113888
0.00117632
0.00121851
0.00126394
0.00131378
0.00137039
0.00143676
0.00152789
0.00166934
0.0019167
0.00204356
0.00206029
0.00153628
0.000594497
0.000232162
0.000437265
0.000433086
0.000541513
0.000632664
0.00070935
0.000776715
0.000838368
0.000896815
0.000954133
0.00101241
0.00107417
0.00114278
0.00122284
0.00132002
0.00143915
0.0015784
0.00171328
0.00176725
0.00175591
0.00164894
0.00140847
0.00118774
0.00110045
0.00107872
0.00108548
0.00113045
0.00117712
0.00122519
0.00127712
0.00132857
0.00137986
0.00143092
0.0014956
0.00158618
0.00172913
0.00202154
0.00217748
0.00210794
0.00103391
0.000322093
0.000469879
0.000447438
0.000556558
0.000650332
0.000730054
0.000800842
0.000866347
0.000929153
0.000991488
0.00105569
0.00112466
0.00120227
0.00129357
0.00140396
0.00153544
0.0016776
0.00176628
0.00177858
0.00169862
0.00146937
0.0011919
0.0010732
0.00104222
0.00104539
0.00108943
0.00114003
0.00118736
0.0012396
0.00129708
0.00136038
0.00142812
0.0014939
0.00154271
0.00158453
0.00167603
0.00185071
0.00218981
0.00233954
0.0017958
0.000549509
0.000500529
0.000459639
0.000568705
0.000664605
0.000746961
0.000820845
0.000889913
0.000956817
0.00102392
0.00109379
0.00116963
0.00125566
0.00135699
0.00147784
0.00161619
0.00174157
0.00178675
0.00175556
0.00158162
0.00128432
0.00108108
0.00101879
0.0010116
0.00104128
0.00109219
0.00113845
0.00118421
0.00123684
0.00129722
0.00136542
0.00144113
0.00152553
0.00161256
0.00168127
0.00170731
0.00180669
0.00206209
0.00243311
0.00246313
0.00104234
0.000528885
0.000469694
0.000578041
0.000675555
0.000760098
0.000836676
0.000908927
0.000979553
0.00105102
0.00112607
0.00120814
0.00130158
0.00141111
0.00153903
0.00167794
0.00177457
0.00179165
0.00170574
0.00145945
0.00115277
0.00102015
0.000988945
0.000994949
0.00103616
0.0010802
0.00111561
0.0011541
0.00120376
0.00126864
0.00134867
0.00143855
0.00153209
0.00163363
0.00174163
0.00183201
0.0018651
0.00201004
0.00247504
0.00281393
0.00181805
0.00055459
0.000477621
0.000584671
0.000683288
0.000769543
0.000848356
0.000923334
0.000997204
0.0010725
0.00115208
0.00123947
0.00133894
0.00145446
0.00158591
0.00172015
0.00178932
0.00178448
0.00164355
0.0013534
0.00107987
0.000983462
0.000966
0.000981184
0.00101954
0.00104762
0.00106658
0.00109261
0.00113546
0.00120381
0.00129859
0.0014109
0.00152755
0.00164143
0.00175985
0.00189158
0.00200161
0.00205043
0.00241621
0.00314927
0.00288705
0.000577285
0.000483457
0.000588714
0.000687933
0.000775417
0.000855978
0.000933176
0.00100974
0.00108823
0.00117153
0.00126316
0.00136712
0.00148646
0.00161889
0.00174483
0.00179789
0.00177134
0.00159469
0.00128513
0.00103831
0.000957552
0.00094516
0.000960756
0.000986251
0.000995818
0.000998412
0.00100843
0.00104114
0.001111
0.00122166
0.00136128
0.00150816
0.00164609
0.00177452
0.00191667
0.0020786
0.0021953
0.00237228
0.00336603
0.00399326
0.000596625
0.000487213
0.000590125
0.000689497
0.000777797
0.000859669
0.000938566
0.00101723
0.00109822
0.00118439
0.00127912
0.00138606
0.00150741
0.00163923
0.00175749
0.0018023
0.00176157
0.00156674
0.00125283
0.00101404
0.000936589
0.000924099
0.000934069
0.000942627
0.000938155
0.000924318
0.000919354
0.000938897
0.00100705
0.00113189
0.00130084
0.00148264
0.00165201
0.00179853
0.00194322
0.00212074
0.00229457
0.00247139
0.00343026
0.00495775
0.000612298
0.000488933
0.000589409
0.000688588
0.000777089
0.000859516
0.000939556
0.00101976
0.00110258
0.00119075
0.00128743
0.00139582
0.00151721
0.00164651
0.0017607
0.0018058
0.00176343
0.00157159
0.00126285
0.00101521
0.0009199
0.000902085
0.000902863
0.000901318
0.000884699
0.000857709
0.0008427
0.000849244
0.00091232
0.00104688
0.0012437
0.0014646
0.00166318
0.0018313
0.00198401
0.00216676
0.00239099
0.00257248
0.00346141
0.00575058
0.000624018
0.00048864
0.000587119
0.00068581
0.000774329
0.000857093
0.000937522
0.00101826
0.0011017
0.0011905
0.00128767
0.00139584
0.00151612
0.00164359
0.0017575
0.00180786
0.00177155
0.00159197
0.0012956
0.00103246
0.000917524
0.000879749
0.000873057
0.000864385
0.0008421
0.000810354
0.000788576
0.000791463
0.000850661
0.000991149
0.00121193
0.00145962
0.0016872
0.00187456
0.00203209
0.00220742
0.00244636
0.00266766
0.00349004
0.00638183
0.000631762
0.000487246
0.000582731
0.000680626
0.000768822
0.000851611
0.000932314
0.00101351
0.00109746
0.00118659
0.00128358
0.00139097
0.00150951
0.0016344
0.00174802
0.00180836
0.00178867
0.00163563
0.00136271
0.00107884
0.000929527
0.000871008
0.000847289
0.000833567
0.000811293
0.000782356
0.00076136
0.000768257
0.000825726
0.000969743
0.00120337
0.00147631
0.00173063
0.00193338
0.00209419
0.00226411
0.00251596
0.00277684
0.00352504
0.00687977
0.000634916
0.000484239
0.000576857
0.000673718
0.000761261
0.000843562
0.000923964
0.00100497
0.00108879
0.00117762
0.00127375
0.00137936
0.00149504
0.00161671
0.00173063
0.00180549
0.00180593
0.00169652
0.001461
0.00117465
0.000972089
0.000881385
0.000841283
0.000815637
0.000792288
0.000768412
0.000754432
0.000765655
0.000822954
0.000970538
0.0012272
0.00152531
0.00179598
0.00200588
0.00216312
0.00231847
0.00256109
0.00285054
0.00358074
0.00727451
0.000633639
0.000479735
0.000569418
0.000665338
0.000752067
0.00083363
0.000913381
0.000993753
0.0010768
0.00116449
0.00125891
0.00136192
0.00147418
0.00159278
0.00170737
0.00179512
0.00181915
0.00175494
0.0015808
0.00131475
0.00107029
0.000925839
0.000857006
0.000820341
0.000794195
0.000772775
0.000768045
0.000787782
0.000858301
0.00102506
0.00129835
0.00160608
0.00188052
0.00208785
0.0022349
0.00237258
0.00260306
0.00293605
0.0036635
0.0075908
0.000629436
0.000474037
0.000560798
0.000655784
0.000741613
0.000822268
0.000901108
0.000980511
0.0010624
0.00114856
0.0012408
0.00134075
0.00144909
0.00156394
0.0016779
0.00177399
0.00182203
0.00179845
0.00169524
0.0014858
0.00124317
0.00103883
0.000919928
0.000856258
0.000820083
0.000801723
0.000808708
0.00084396
0.000936693
0.00112831
0.0014068
0.00170997
0.0019753
0.00217044
0.00230063
0.00241373
0.00262128
0.00298917
0.00378348
0.00786509
0.000621258
0.000467287
0.000551302
0.000645359
0.000730269
0.000809928
0.000887701
0.000965921
0.00104641
0.00113078
0.00122056
0.00131715
0.00142124
0.00153172
0.00164361
0.00174519
0.0018156
0.00182633
0.00177866
0.00165001
0.00144993
0.00124596
0.00107675
0.000965152
0.000906122
0.000886915
0.000902424
0.000954621
0.00107034
0.0012734
0.00154099
0.0018234
0.00206713
0.00224186
0.00234662
0.00243294
0.00262601
0.00302737
0.00393788
0.00812143
0.000610184
0.000459556
0.000541258
0.00063439
0.00071841
0.000797066
0.000873722
0.000950668
0.00102965
0.00111209
0.0011993
0.00129242
0.0013921
0.00149773
0.00160607
0.00170936
0.00179396
0.00183399
0.00182469
0.00176748
0.00164125
0.00147672
0.00131665
0.00118862
0.00110137
0.00106742
0.00108284
0.00113735
0.00125463
0.00144292
0.00168058
0.00192828
0.00213842
0.00228343
0.00236514
0.00243652
0.0026058
0.00304101
0.00411288
0.00837213
0.000597092
0.000451122
0.000530938
0.000623219
0.000706426
0.000784159
0.000859752
0.000935451
0.00101294
0.00109347
0.00117813
0.00126783
0.00136311
0.00146363
0.00156731
0.00166906
0.00175962
0.00182423
0.00184631
0.00183032
0.00177431
0.0016689
0.0015478
0.00143631
0.00135137
0.00130586
0.00131482
0.00135646
0.00145048
0.00160561
0.00180029
0.00199894
0.00217109
0.00229678
0.00236488
0.00241135
0.00255264
0.00303811
0.00430445
0.00862649
0.000582886
0.000442426
0.000520722
0.000612218
0.00069475
0.00077172
0.000846407
0.000921002
0.000997118
0.00107587
0.00115813
0.00124458
0.00133562
0.00143101
0.00152936
0.00162735
0.00171894
0.00179548
0.00184167
0.00185475
0.0018391
0.00179273
0.00171712
0.00163676
0.00156812
0.00152261
0.00152318
0.0015476
0.00161229
0.00172748
0.00186998
0.00202618
0.00217548
0.00228082
0.00232649
0.00235116
0.00246607
0.0029754
0.00450279
0.00888794
0.000568648
0.000433843
0.000511065
0.000601834
0.000683885
0.000760337
0.000834364
0.000908084
0.000983032
0.00106019
0.00114024
0.00122369
0.00131073
0.00140114
0.00149391
0.00158676
0.00167567
0.00175478
0.00181683
0.00185021
0.00185723
0.00184455
0.00181047
0.00176056
0.0017114
0.00167332
0.0016627
0.00167474
0.00171198
0.00178558
0.001892
0.00202016
0.0021412
0.00222538
0.00225333
0.00226061
0.00235295
0.0028981
0.00470232
0.00915975
0.000555653
0.000425814
0.000502457
0.000592616
0.000674437
0.00075068
0.000824348
0.000897452
0.000971438
0.00104717
0.00112519
0.00120581
0.00128908
0.00137473
0.0014619
0.00154891
0.00163296
0.00171001
0.00177508
0.00182318
0.00184692
0.00184767
0.00183667
0.00181113
0.00177781
0.00174721
0.00172968
0.00173211
0.00174992
0.00179509
0.00187315
0.00197124
0.00206861
0.00213604
0.00214944
0.00214208
0.00220939
0.00277309
0.00489056
0.00944282
0.000545444
0.000418927
0.000495537
0.000585256
0.000667131
0.000743468
0.000817031
0.000889686
0.000962786
0.0010371
0.00111307
0.00119086
0.00127042
0.00135139
0.001433
0.00151388
0.00159191
0.00166418
0.00172713
0.00177707
0.00181104
0.00182563
0.00182247
0.00180844
0.00178401
0.00175792
0.00173716
0.00173003
0.00173696
0.00176171
0.00181375
0.00188759
0.00196538
0.00201903
0.00202046
0.00199986
0.00204133
0.00262591
0.00505861
0.00973784
0.000540501
0.000413867
0.000491183
0.000580632
0.000662785
0.000739376
0.000812832
0.000884875
0.000956785
0.00102929
0.0011028
0.00117742
0.00125302
0.00132917
0.00140512
0.00147968
0.00155114
0.00161725
0.0016753
0.00172251
0.00175645
0.00177541
0.00177841
0.00177187
0.0017546
0.00173006
0.00170626
0.00168931
0.00168582
0.00169618
0.00172642
0.00177955
0.00183972
0.00187996
0.00187223
0.00183538
0.00184854
0.00245013
0.00516582
0.010043
0.000541701
0.000412854
0.00049052
0.000579782
0.000661974
0.000738294
0.000811025
0.000881731
0.000951635
0.00102146
0.0010916
0.00116217
0.00123304
0.00130381
0.00137379
0.00144185
0.00150653
0.00156596
0.001618
0.00166044
0.00169132
0.00170917
0.00171267
0.00170701
0.00169225
0.00166931
0.00164414
0.00162221
0.00160925
0.00161063
0.00162433
0.00165647
0.00169877
0.00172403
0.00170721
0.00165118
0.0016414
0.00227154
0.0052087
0.0103622
0.000550344
0.000414068
0.000491772
0.000581052
0.000662729
0.000737643
0.000808218
0.000876101
0.000942548
0.00100832
0.00107376
0.0011391
0.00120429
0.00126896
0.00133241
0.00139366
0.00145142
0.00150412
0.00155001
0.00158735
0.00161452
0.00163031
0.00163324
0.00162788
0.00161413
0.00159237
0.00156737
0.00154321
0.00152434
0.00151594
0.00151915
0.00153221
0.0015556
0.00156461
0.00154155
0.0014816
0.00150784
0.00217467
0.00521279
0.010712
0.000577621
0.000418145
0.00049553
0.00058394
0.000662221
0.000733482
0.00079933
0.000861744
0.000922167
0.000981421
0.00104016
0.00109879
0.00115723
0.00121514
0.00127187
0.00132654
0.00137802
0.00142497
0.00146595
0.00149952
0.00152441
0.00153965
0.00154388
0.00154024
0.00152973
0.00151163
0.00148992
0.00146743
0.0014474
0.00143323
0.00142966
0.00143435
0.00144762
0.00145552
0.00144108
0.00140312
0.00146192
0.0021517
0.0052392
0.0111275
0.000606171
0.000428447
0.000500677
0.000583241
0.000655052
0.000717976
0.000774763
0.00082781
0.000878922
0.000929563
0.000980594
0.00103209
0.00108399
0.00113599
0.00118751
0.00123781
0.00128596
0.00133088
0.0013714
0.00140635
0.00143473
0.00145579
0.00146888
0.00147453
0.00147341
0.00146886
0.00145989
0.00144938
0.0014397
0.00143311
0.001434
0.00143968
0.00145275
0.00147063
0.0014809
0.0015081
0.00167242
0.00254678
0.00573263
0.0116417
0.000749326
0.000474893
0.000555302
0.000638042
0.00071081
0.000776576
0.000837255
0.000894299
0.000949257
0.00100368
0.00105839
0.00111366
0.00116955
0.00122591
0.00128239
0.00133849
0.00139356
0.00144684
0.00149756
0.00154491
0.00158823
0.00162705
0.00166115
0.001691
0.00171671
0.0017409
0.00176445
0.00178962
0.00181795
0.00185296
0.00189651
0.00195499
0.00202734
0.00212068
0.0022429
0.00240132
0.00274004
0.00380673
0.00675446
0.0123958
0.00139228
0.00140789
0.00187711
0.00216669
0.00237786
0.00255844
0.00271367
0.00284885
0.00296621
0.00306968
0.003164
0.00325156
0.00333387
0.00341203
0.00348678
0.00355867
0.00362814
0.00369564
0.00376156
0.00382643
0.00389072
0.00395516
0.00402024
0.00408734
0.00415648
0.00423004
0.00430709
0.00439249
0.00448218
0.0045858
0.00469335
0.00482382
0.00496073
0.00513245
0.00533877
0.00566715
0.00606193
0.00704228
0.0090157
0.0136037
0.00878555
0.0133684
0.0161221
0.0171989
0.0176187
0.0177923
0.0178096
0.0177766
0.0176941
0.017571
0.0174328
0.0172862
0.0171352
0.0169823
0.0168291
0.0166769
0.0165264
0.0163783
0.0162331
0.0160914
0.0159535
0.0158203
0.015692
0.0155692
0.0154524
0.015342
0.0152381
0.0151414
0.0150516
0.0149699
0.0148965
0.0148335
0.0147843
0.0147556
0.014758
0.0147735
0.0148361
0.0149606
0.0157497
0.0151839
)
;

boundaryField
{
    movingWall
    {
        type            kqRWallFunction;
        value           nonuniform List<scalar> 
40
(
0.00878555
0.0133684
0.0161221
0.0171989
0.0176187
0.0177923
0.0178096
0.0177766
0.0176941
0.017571
0.0174328
0.0172862
0.0171352
0.0169823
0.0168291
0.0166769
0.0165264
0.0163783
0.0162331
0.0160914
0.0159535
0.0158203
0.015692
0.0155692
0.0154524
0.015342
0.0152381
0.0151414
0.0150516
0.0149699
0.0148965
0.0148335
0.0147843
0.0147556
0.014758
0.0147735
0.0148361
0.0149606
0.0157497
0.0151839
)
;
    }
    fixedWalls
    {
        type            kqRWallFunction;
        value           nonuniform List<scalar> 
120
(
4.63436e-05
6.20599e-05
8.72418e-05
0.000117925
0.000151154
0.000185945
0.000221757
0.000258168
0.000294825
0.000331379
0.000367548
0.000402975
0.000437265
0.000469879
0.000500529
0.000528885
0.00055459
0.000577285
0.000596625
0.000612298
0.000624018
0.000631762
0.000634916
0.000633639
0.000629436
0.000621258
0.000610184
0.000597092
0.000582886
0.000568648
0.000555653
0.000545444
0.000540501
0.000541701
0.000550344
0.000577621
0.000606171
0.000749326
0.00139228
0.00878555
5.1173e-05
6.69873e-05
8.52759e-05
9.96828e-05
0.000110874
0.000120931
0.000131268
0.000142393
0.000154909
0.000170136
0.000191793
0.000232162
0.000322093
0.000549509
0.00104234
0.00181805
0.00288705
0.00399326
0.00495775
0.00575058
0.00638183
0.00687977
0.00727451
0.0075908
0.00786509
0.00812143
0.00837213
0.00862649
0.00888794
0.00915975
0.00944282
0.00973784
0.010043
0.0103622
0.010712
0.0111275
0.0116417
0.0123958
0.0136037
0.0151839
4.63436e-05
6.09962e-05
8.27926e-05
0.000108323
0.000134967
0.000161994
0.000189173
0.000216616
0.000244634
0.000273456
0.000303275
0.000334171
0.000366227
0.000399329
0.000433004
0.000466405
0.000498348
0.000527425
0.000552204
0.000571394
0.000581573
0.000584762
0.000580881
0.000567255
0.000546416
0.000519094
0.000485635
0.000447151
0.000405418
0.000361809
0.000317683
0.000274311
0.000232809
0.000194091
0.00015898
0.000129652
0.000110103
9.08967e-05
6.9265e-05
5.1173e-05
)
;
    }
    frontAndBack
    {
        type            empty;
    }
}


// ************************************************************************* //
