/*--------------------------------*- C++ -*----------------------------------*\
| =========                 |                                                 |
| \\      /  F ield         | OpenFOAM: The Open Source CFD Toolbox           |
|  \\    /   O peration     | Version:  2412                                  |
|   \\  /    A nd           | Website:  www.openfoam.com                      |
|    \\/     M anipulation  |                                                 |
\*---------------------------------------------------------------------------*/
FoamFile
{
    version     2.0;
    format      ascii;
    arch        "LSB;label=32;scalar=64";
    class       volScalarField;
    location    "1.5";
    object      nut;
}
// * * * * * * * * * * * * * * * * * * * * * * * * * * * * * * * * * * * * * //

dimensions      [0 2 -1 0 0 0 0];

internalField   nonuniform List<scalar> 
1600
(
1.90151e-06
2.18041e-06
2.5393e-06
2.90708e-06
3.24824e-06
3.56197e-06
3.8525e-06
4.12594e-06
4.38825e-06
4.64321e-06
4.89354e-06
5.1406e-06
5.38567e-06
5.6281e-06
5.86478e-06
6.09055e-06
6.29879e-06
6.48228e-06
6.63428e-06
6.74915e-06
6.8085e-06
6.82676e-06
6.80218e-06
6.71952e-06
6.59219e-06
6.42191e-06
6.20765e-06
5.952e-06
5.66228e-06
5.34345e-06
5.00107e-06
4.6411e-06
4.2697e-06
3.89312e-06
3.51934e-06
3.18034e-06
2.93619e-06
2.66837e-06
2.32848e-06
2.00107e-06
2.19985e-06
5.89093e-06
8.65326e-06
1.00468e-05
1.06938e-05
1.09552e-05
1.10066e-05
1.09745e-05
1.09243e-05
1.08633e-05
1.08025e-05
1.07377e-05
1.0743e-05
1.08476e-05
1.1063e-05
1.13943e-05
1.18425e-05
1.24041e-05
1.30956e-05
1.39431e-05
1.48164e-05
1.57584e-05
1.6683e-05
1.74862e-05
1.82617e-05
1.90515e-05
1.97338e-05
2.02354e-05
2.05503e-05
2.06651e-05
2.05566e-05
2.01953e-05
1.95478e-05
1.85714e-05
1.72065e-05
1.53546e-05
1.28729e-05
9.78933e-06
5.99605e-06
2.2893e-06
2.6083e-06
9.72739e-06
1.63091e-05
1.99931e-05
2.2049e-05
2.31853e-05
2.37529e-05
2.39134e-05
2.38334e-05
2.3692e-05
2.36464e-05
2.38364e-05
2.4261e-05
2.49523e-05
2.59288e-05
2.71863e-05
2.86983e-05
3.0419e-05
3.22867e-05
3.42062e-05
3.59977e-05
3.75212e-05
3.86567e-05
3.95862e-05
4.02441e-05
4.05499e-05
4.0892e-05
4.07106e-05
4.02348e-05
3.95427e-05
3.86326e-05
3.74549e-05
3.59224e-05
3.38982e-05
3.12027e-05
2.76238e-05
2.29239e-05
1.68887e-05
9.33543e-06
2.58465e-06
3.03624e-06
1.25897e-05
2.28338e-05
2.92669e-05
3.30446e-05
3.53195e-05
3.6758e-05
3.77867e-05
3.85304e-05
3.91865e-05
3.99269e-05
4.08768e-05
4.20894e-05
4.35725e-05
4.52821e-05
4.71199e-05
4.89658e-05
5.06852e-05
5.21437e-05
5.32215e-05
5.38194e-05
5.38724e-05
5.3431e-05
5.26434e-05
5.1465e-05
5.00466e-05
4.91741e-05
4.76413e-05
4.60437e-05
4.46345e-05
4.34189e-05
4.23196e-05
4.11958e-05
3.97472e-05
3.75337e-05
3.40322e-05
2.87516e-05
2.12581e-05
1.14482e-05
2.79603e-06
3.44204e-06
1.47709e-05
2.81135e-05
3.70696e-05
4.26555e-05
4.6359e-05
4.89892e-05
5.0922e-05
5.24888e-05
5.3929e-05
5.54154e-05
5.7057e-05
5.88244e-05
6.06114e-05
6.22807e-05
6.37011e-05
6.46627e-05
6.49688e-05
6.45177e-05
6.33063e-05
6.14421e-05
5.91418e-05
5.66065e-05
5.39835e-05
5.14044e-05
4.86995e-05
4.66771e-05
4.49365e-05
4.26072e-05
4.07406e-05
3.93153e-05
3.82759e-05
3.76779e-05
3.73212e-05
3.67197e-05
3.49199e-05
3.08153e-05
2.34807e-05
1.28017e-05
2.95e-06
3.82235e-06
1.63731e-05
3.23963e-05
4.37641e-05
5.10781e-05
5.60772e-05
5.97575e-05
6.26713e-05
6.51928e-05
6.75214e-05
6.97478e-05
7.18413e-05
7.37017e-05
7.51546e-05
7.59427e-05
7.57937e-05
7.45495e-05
7.2257e-05
6.91029e-05
6.53775e-05
6.14105e-05
5.74954e-05
5.38284e-05
5.05181e-05
4.76251e-05
4.49069e-05
4.23779e-05
4.09533e-05
3.87525e-05
3.66301e-05
3.48545e-05
3.32068e-05
3.20127e-05
3.13639e-05
3.14123e-05
3.14031e-05
2.95939e-05
2.39264e-05
1.35915e-05
3.08217e-06
4.17879e-06
1.75145e-05
3.58712e-05
4.94993e-05
5.84704e-05
6.47208e-05
6.94148e-05
7.32022e-05
7.6452e-05
7.93316e-05
8.18542e-05
8.38972e-05
8.52177e-05
8.54994e-05
8.4469e-05
8.20028e-05
7.82319e-05
7.34818e-05
6.82237e-05
6.29504e-05
5.80508e-05
5.37441e-05
5.00804e-05
4.7017e-05
4.45313e-05
4.23638e-05
4.01525e-05
3.8548e-05
3.73074e-05
3.55592e-05
3.39388e-05
3.1899e-05
2.96701e-05
2.7619e-05
2.62575e-05
2.59334e-05
2.57605e-05
2.26394e-05
1.38011e-05
3.21332e-06
4.51313e-06
1.82833e-05
3.87494e-05
5.43712e-05
6.49586e-05
7.24135e-05
7.80575e-05
8.26081e-05
8.64228e-05
8.96081e-05
9.20721e-05
9.35641e-05
9.37385e-05
9.22679e-05
8.8999e-05
8.40764e-05
7.79711e-05
7.13643e-05
6.49467e-05
5.92165e-05
5.43815e-05
5.04096e-05
4.70609e-05
4.413e-05
4.1482e-05
3.90717e-05
3.71478e-05
3.55173e-05
3.4125e-05
3.31892e-05
3.21287e-05
3.18425e-05
3.0552e-05
2.83177e-05
2.51977e-05
2.2501e-05
2.12972e-05
1.98304e-05
1.33771e-05
3.35089e-06
4.82694e-06
1.87723e-05
4.10628e-05
5.85154e-05
7.06472e-05
7.92498e-05
8.57689e-05
9.09648e-05
9.5166e-05
9.83971e-05
0.000100451
0.000100969
9.95601e-05
9.59888e-05
9.03586e-05
8.32054e-05
7.54017e-05
6.78759e-05
6.12837e-05
5.58265e-05
5.1309e-05
4.76944e-05
4.40391e-05
4.09031e-05
3.86945e-05
3.66669e-05
3.4945e-05
3.33785e-05
3.2297e-05
3.14495e-05
3.05961e-05
2.96084e-05
2.8744e-05
2.89213e-05
2.7754e-05
2.32467e-05
1.92915e-05
1.65652e-05
1.23228e-05
3.50124e-06
5.12114e-06
1.90426e-05
4.28746e-05
6.20199e-05
7.56133e-05
8.52982e-05
9.26085e-05
9.83241e-05
0.000102727
0.000105748
0.000107073
0.000106273
0.000103001
9.7233e-05
8.94581e-05
8.06588e-05
7.20146e-05
6.44408e-05
5.82513e-05
5.32165e-05
4.72802e-05
4.31208e-05
4.03029e-05
3.71792e-05
3.38834e-05
3.12897e-05
2.97577e-05
2.81542e-05
2.74309e-05
2.71546e-05
2.73487e-05
2.79454e-05
2.71289e-05
2.65385e-05
2.64647e-05
2.63818e-05
2.0917e-05
1.49748e-05
1.0831e-05
3.67814e-06
5.39672e-06
1.91392e-05
4.42439e-05
6.49464e-05
7.99117e-05
9.06055e-05
9.86163e-05
0.000104723
0.000109146
0.000111726
0.000112065
0.000109726
0.000104506
9.67116e-05
8.72814e-05
7.75704e-05
6.88039e-05
6.15692e-05
5.47777e-05
4.82249e-05
4.48793e-05
4.06499e-05
3.57043e-05
3.12804e-05
2.97885e-05
2.92054e-05
2.90482e-05
2.84189e-05
2.78813e-05
2.66152e-05
2.51828e-05
2.41077e-05
2.45256e-05
2.47677e-05
2.46736e-05
2.46934e-05
2.42993e-05
1.68852e-05
9.71679e-06
3.92084e-06
5.65383e-06
1.90977e-05
4.52199e-05
6.73406e-05
8.35811e-05
9.52042e-05
0.000103822
0.000110194
0.000114479
0.000116435
0.000115622
0.000111674
0.000104625
9.51838e-05
8.47045e-05
7.4708e-05
6.61831e-05
5.80279e-05
5.08131e-05
4.7057e-05
4.18157e-05
3.52847e-05
3.19242e-05
3.15797e-05
3.20871e-05
3.26991e-05
3.4376e-05
3.44069e-05
3.38976e-05
3.23993e-05
3.02592e-05
2.74577e-05
2.45971e-05
2.24828e-05
2.28332e-05
2.31187e-05
2.32522e-05
2.07991e-05
1.03232e-05
4.3468e-06
5.89197e-06
1.89471e-05
4.58428e-05
6.92379e-05
8.66491e-05
9.91186e-05
0.000108252
0.000114779
0.0001188
0.000120019
0.000118004
0.00011253
0.000103936
9.33283e-05
8.23337e-05
7.23863e-05
6.35617e-05
5.44292e-05
5.01442e-05
4.43212e-05
3.66045e-05
3.31747e-05
3.35155e-05
3.47876e-05
3.61559e-05
3.92473e-05
4.06659e-05
4.10375e-05
4.0585e-05
3.8845e-05
3.61532e-05
3.26381e-05
2.89602e-05
2.5363e-05
2.21208e-05
2.1708e-05
2.18827e-05
2.19711e-05
1.3158e-05
5.17009e-06
6.10974e-06
1.87215e-05
4.61451e-05
7.06772e-05
8.91352e-05
0.00010237
0.000111937
0.000118535
0.000122217
0.000122666
0.000119512
0.000112722
0.000102959
9.1644e-05
8.0492e-05
7.06724e-05
6.02395e-05
5.40446e-05
4.84529e-05
4.01281e-05
3.41273e-05
3.49014e-05
3.6836e-05
3.88018e-05
4.26898e-05
4.64923e-05
4.82704e-05
4.93454e-05
4.91474e-05
4.75629e-05
4.4584e-05
4.02554e-05
3.46428e-05
2.88643e-05
2.44946e-05
2.1173e-05
2.08284e-05
2.08764e-05
1.75237e-05
6.83098e-06
6.30758e-06
1.84304e-05
4.61539e-05
7.16895e-05
9.1056e-05
0.000104982
0.000114918
0.000121534
0.000124858
0.000124587
0.000120452
0.000112638
0.00010209
9.0431e-05
7.93173e-05
6.86742e-05
5.88991e-05
5.36275e-05
4.5468e-05
3.69709e-05
3.5644e-05
3.77641e-05
4.04517e-05
4.44795e-05
4.96692e-05
5.40972e-05
5.69968e-05
5.89311e-05
5.95426e-05
5.8439e-05
5.53485e-05
5.03165e-05
4.36277e-05
3.58917e-05
2.7786e-05
2.24471e-05
1.9224e-05
1.9648e-05
1.94498e-05
9.35949e-06
6.48518e-06
1.80837e-05
4.58996e-05
7.22773e-05
9.24406e-05
0.000106986
0.000117245
0.000123862
0.000126865
0.000125992
0.000121101
0.00011258
0.000101585
8.98107e-05
7.87582e-05
6.71651e-05
5.9341e-05
5.26626e-05
4.32799e-05
3.59799e-05
3.7635e-05
4.09245e-05
4.45411e-05
5.02556e-05
5.59187e-05
6.01588e-05
6.36585e-05
6.59402e-05
6.74361e-05
6.78094e-05
6.62974e-05
6.19093e-05
5.46183e-05
4.51874e-05
3.53203e-05
2.60616e-05
2.047e-05
1.91127e-05
1.91941e-05
1.22993e-05
6.64192e-06
1.7691e-05
4.54073e-05
7.24584e-05
9.33145e-05
0.000108417
0.000118973
0.000125612
0.000128376
0.000127071
0.00012168
0.000112758
0.000101582
8.98219e-05
7.87641e-05
6.64946e-05
5.98649e-05
5.14929e-05
4.16057e-05
3.68892e-05
3.97521e-05
4.3728e-05
4.83336e-05
5.47199e-05
5.99734e-05
6.31911e-05
6.63296e-05
6.84357e-05
7.03195e-05
7.20623e-05
7.27709e-05
7.09859e-05
6.52786e-05
5.54195e-05
4.33931e-05
3.18956e-05
2.22227e-05
1.83061e-05
1.90263e-05
1.53818e-05
6.77709e-06
1.72626e-05
4.47021e-05
7.22538e-05
9.3703e-05
0.000109312
0.000120162
0.000126873
0.000129519
0.000127981
0.000122354
0.000113307
0.000102159
9.05215e-05
7.93004e-05
6.74706e-05
6.06822e-05
5.11691e-05
4.1162e-05
3.8162e-05
4.1488e-05
4.5897e-05
5.09064e-05
5.68895e-05
6.1325e-05
6.36841e-05
6.5557e-05
6.73972e-05
6.94929e-05
7.25153e-05
7.54872e-05
7.64897e-05
7.34972e-05
6.49927e-05
5.23596e-05
3.88395e-05
2.69795e-05
1.88202e-05
1.8772e-05
1.79545e-05
6.88988e-06
1.68052e-05
4.37838e-05
7.16558e-05
9.36113e-05
0.000109704
0.000120877
0.000127737
0.000130415
0.000128864
0.000123277
0.000114412
0.00010359
9.2228e-05
8.07098e-05
6.88708e-05
6.18072e-05
5.1713e-05
4.1774e-05
3.91489e-05
4.25383e-05
4.71722e-05
5.21039e-05
5.70181e-05
6.08018e-05
6.23117e-05
6.29334e-05
6.41496e-05
6.62731e-05
7.03992e-05
7.56683e-05
7.9592e-05
7.96377e-05
7.34235e-05
6.05204e-05
4.49776e-05
3.08604e-05
2.06845e-05
1.8504e-05
1.99131e-05
6.97957e-06
1.63277e-05
4.27323e-05
7.0777e-05
9.31209e-05
0.000109637
0.000121174
0.000128323
0.00013123
0.000129934
0.000124674
0.000116153
0.00010545
9.39752e-05
8.2424e-05
7.1189e-05
6.37491e-05
5.36821e-05
4.37442e-05
4.01557e-05
4.28983e-05
4.74669e-05
5.18259e-05
5.61138e-05
5.90105e-05
5.97504e-05
5.96223e-05
5.97715e-05
6.17529e-05
6.66895e-05
7.3743e-05
8.07159e-05
8.36676e-05
8.03128e-05
6.90133e-05
5.21791e-05
3.58891e-05
2.28838e-05
1.84414e-05
2.13861e-05
7.04542e-06
1.58393e-05
4.16253e-05
6.97123e-05
9.24243e-05
0.00010928
0.000121085
0.000128454
0.000131587
0.000130553
0.000125618
0.00011743
0.000107166
9.61747e-05
8.52319e-05
7.41411e-05
6.61586e-05
5.59819e-05
4.57336e-05
4.08292e-05
4.25737e-05
4.64184e-05
5.06936e-05
5.42638e-05
5.64495e-05
5.67693e-05
5.59291e-05
5.54741e-05
5.74193e-05
6.3079e-05
7.20419e-05
8.1264e-05
8.70885e-05
8.60349e-05
7.60182e-05
5.82412e-05
3.9768e-05
2.50745e-05
1.86414e-05
2.24883e-05
7.08786e-06
1.53922e-05
4.03896e-05
6.83298e-05
9.12617e-05
0.000108511
0.000120729
0.000128496
0.000132045
0.000131493
0.00012713
0.000119631
0.000110074
9.95541e-05
8.88913e-05
7.80339e-05
6.94601e-05
5.95421e-05
4.93869e-05
4.24893e-05
4.2432e-05
4.51124e-05
4.81913e-05
5.14314e-05
5.33664e-05
5.37637e-05
5.32062e-05
5.32021e-05
5.52701e-05
6.1393e-05
7.12372e-05
8.22975e-05
9.07401e-05
9.18491e-05
8.25757e-05
6.43096e-05
4.38654e-05
2.74224e-05
1.90762e-05
2.3322e-05
7.10333e-06
1.48888e-05
3.90776e-05
6.67493e-05
8.98304e-05
0.000107414
0.000120038
0.000128271
0.000132389
0.000132535
0.000128963
0.000122272
0.000113395
0.000103367
9.30575e-05
8.27967e-05
7.35684e-05
6.4612e-05
5.40977e-05
4.59864e-05
4.30425e-05
4.43342e-05
4.6659e-05
4.87135e-05
5.02849e-05
5.09497e-05
5.09459e-05
5.1242e-05
5.34065e-05
5.94961e-05
7.04237e-05
8.33105e-05
9.36997e-05
9.68642e-05
8.86409e-05
6.95297e-05
4.68689e-05
2.89868e-05
1.97632e-05
2.39632e-05
7.09464e-06
1.44008e-05
3.76703e-05
6.49913e-05
8.81821e-05
0.000106052
0.000119093
0.000127838
0.000132579
0.00013348
0.000130793
0.000125035
0.000117015
0.000107685
9.7889e-05
8.81705e-05
7.86764e-05
7.02261e-05
6.07615e-05
5.09481e-05
4.52781e-05
4.4238e-05
4.5479e-05
4.71528e-05
4.84429e-05
4.9043e-05
4.92789e-05
4.99921e-05
5.27764e-05
5.98087e-05
7.1828e-05
8.57322e-05
9.72464e-05
0.000101526
9.40487e-05
7.40392e-05
4.92545e-05
3.04054e-05
2.06538e-05
2.44664e-05
7.06845e-06
1.39374e-05
3.62548e-05
6.31275e-05
8.63215e-05
0.000104452
0.000117938
0.000127218
0.000132645
0.000134392
0.000132692
0.000127982
0.000120948
0.000112437
0.000103252
9.39494e-05
8.46045e-05
7.61069e-05
6.90124e-05
5.84817e-05
5.09299e-05
4.61524e-05
4.54697e-05
4.60247e-05
4.68369e-05
4.77408e-05
4.83221e-05
5.00367e-05
5.41511e-05
6.25135e-05
7.50835e-05
8.93367e-05
0.000101281
0.000105961
9.85984e-05
7.74944e-05
5.0747e-05
3.08317e-05
2.14419e-05
2.48997e-05
7.01907e-06
1.35405e-05
3.48948e-05
6.11942e-05
8.43177e-05
0.000102661
0.000116603
0.000126434
0.000132589
0.000135244
0.000134607
0.000131039
0.000125108
0.000117546
0.000109103
0.000100374
9.16641e-05
8.29388e-05
7.65725e-05
6.83531e-05
5.92413e-05
5.311e-05
4.88297e-05
4.70716e-05
4.71018e-05
4.83695e-05
4.94843e-05
5.22703e-05
5.79965e-05
6.71823e-05
7.98949e-05
9.39149e-05
0.000105684
0.00011042
0.000102145
7.96795e-05
5.16934e-05
3.09002e-05
2.2226e-05
2.5299e-05
6.9531e-06
1.31621e-05
3.36484e-05
5.92907e-05
8.22521e-05
0.000100741
0.000115128
0.000125511
0.000132413
0.000136012
0.000136489
0.000134135
0.000129408
0.000122922
0.00011535
0.000107299
9.92367e-05
9.07357e-05
8.32293e-05
7.83283e-05
7.023e-05
6.29935e-05
5.78457e-05
5.44946e-05
5.26111e-05
5.3378e-05
5.48011e-05
5.8206e-05
6.46142e-05
7.3709e-05
8.59495e-05
9.97524e-05
0.000110531
0.000113582
0.000104054
8.13571e-05
5.18606e-05
3.05277e-05
2.28962e-05
2.56857e-05
6.87455e-06
1.28434e-05
3.24896e-05
5.74923e-05
8.02104e-05
9.87724e-05
0.000113564
0.000124483
0.000132128
0.000136679
0.000138293
0.0001372
0.000133758
0.000128465
0.000121899
0.000114637
0.00010715
9.96148e-05
9.19652e-05
8.60894e-05
8.15897e-05
7.47266e-05
6.92731e-05
6.5463e-05
6.31349e-05
6.28818e-05
6.46924e-05
6.75082e-05
7.31176e-05
8.19483e-05
9.3673e-05
0.000105196
0.000113337
0.000115392
0.000105897
8.21395e-05
5.11899e-05
3.01474e-05
2.35102e-05
2.60725e-05
6.78847e-06
1.26025e-05
3.15166e-05
5.58626e-05
7.82793e-05
9.68619e-05
0.000111971
0.000123392
0.000131751
0.000137231
0.000139974
0.000140159
0.000138056
0.000134053
0.000128628
0.000122297
0.000115539
0.000108779
0.000101711
9.50362e-05
9.02419e-05
8.64115e-05
8.13793e-05
7.75751e-05
7.51577e-05
7.42574e-05
7.60912e-05
7.81815e-05
8.29984e-05
9.10263e-05
9.97296e-05
0.000108497
0.000115834
0.000116938
0.000106191
8.1584e-05
4.97368e-05
2.88357e-05
2.40458e-05
2.64648e-05
6.70108e-06
1.24308e-05
3.07881e-05
5.44954e-05
7.65619e-05
9.5098e-05
0.000110426
0.000122279
0.000131283
0.000137629
0.000141451
0.000142888
0.000142141
0.000139496
0.00013533
0.000130075
0.000124176
0.000118047
0.000112001
0.000105648
9.9826e-05
9.55514e-05
9.24241e-05
8.91646e-05
8.69822e-05
8.58268e-05
8.67091e-05
8.84223e-05
9.16413e-05
9.7232e-05
0.000104274
0.000111979
0.000117404
0.000116754
0.000104856
7.98216e-05
4.77887e-05
2.76254e-05
2.45449e-05
2.68667e-05
6.62002e-06
1.23385e-05
3.03189e-05
5.3471e-05
7.51577e-05
9.35532e-05
0.000108968
0.000121117
0.000130635
0.000137724
0.000142516
0.000145122
0.000145689
0.000144422
0.000141598
0.000137556
0.000132672
0.000127326
0.000121859
0.000116532
0.00011105
0.000105957
0.00010227
9.92081e-05
9.67253e-05
9.56028e-05
9.56994e-05
9.71244e-05
9.89307e-05
0.000102737
0.000108377
0.000113846
0.000117047
0.000114534
0.000101643
7.67172e-05
4.52411e-05
2.60824e-05
2.49754e-05
2.72789e-05
6.55481e-06
1.2353e-05
3.01813e-05
5.28796e-05
7.41272e-05
9.21763e-05
0.000107419
0.000119616
0.000129418
0.000137049
0.000142625
0.000146225
0.000147986
0.000148048
0.000146589
0.000143857
0.000140143
0.000135761
0.000131025
0.000126207
0.000121535
0.000116948
0.000112678
0.000109317
0.00010644
0.000104183
0.000103364
0.000103872
0.000104773
0.000106808
0.000110243
0.000113355
0.00011417
0.000109774
9.62212e-05
7.20355e-05
4.20372e-05
2.44878e-05
2.53502e-05
2.77019e-05
6.52088e-06
1.24761e-05
3.04441e-05
5.27759e-05
7.33691e-05
9.09076e-05
0.000105702
0.000117564
0.000127131
0.000134679
0.000140471
0.000144735
0.00014748
0.000148756
0.000148585
0.000147187
0.000144763
0.000141536
0.000137746
0.000133624
0.000129386
0.000125187
0.000121034
0.000117673
0.000114681
0.000111809
0.000109623
0.000108342
0.000107795
0.000108063
0.000108901
0.000109499
0.000107868
0.000101544
8.804e-05
6.53708e-05
3.80148e-05
2.27696e-05
2.56281e-05
2.81327e-05
6.52591e-06
1.271e-05
3.10953e-05
5.29398e-05
7.26479e-05
8.91168e-05
0.000102695
0.000113561
0.000122341
0.000129375
0.000134869
0.000138958
0.000141759
0.000143395
0.000144201
0.000144055
0.000142992
0.000141108
0.000138529
0.000135347
0.00013178
0.000127976
0.00012392
0.000120314
0.000116943
0.000113563
0.000110356
0.000107551
0.000105358
0.000103855
0.00010196
9.9607e-05
9.57541e-05
8.81505e-05
7.55234e-05
5.52165e-05
3.2334e-05
2.093e-05
2.57687e-05
2.8576e-05
6.57465e-06
1.29591e-05
3.15232e-05
5.24001e-05
7.01253e-05
8.40843e-05
9.50674e-05
0.000103762
0.000110775
0.000116482
0.000121075
0.000124681
0.000127409
0.000129308
0.000130346
0.000130607
0.000130118
0.000128921
0.000127093
0.000124898
0.000122273
0.000119224
0.000115667
0.000112217
0.000108702
0.00010494
0.00010118
9.75279e-05
9.41145e-05
9.10726e-05
8.79274e-05
8.38941e-05
7.88917e-05
7.11336e-05
6.06992e-05
4.46403e-05
2.79873e-05
1.9821e-05
2.59891e-05
2.90542e-05
6.73198e-06
1.31031e-05
3.09211e-05
4.8358e-05
6.10098e-05
7.00338e-05
7.66479e-05
8.17407e-05
8.58502e-05
8.92642e-05
9.21622e-05
9.46449e-05
9.67494e-05
9.84731e-05
9.97459e-05
0.000100565
0.000100909
0.000100752
0.00010008
9.8853e-05
9.71329e-05
9.49462e-05
9.22108e-05
8.92879e-05
8.61977e-05
8.27047e-05
7.90422e-05
7.52752e-05
7.14789e-05
6.77361e-05
6.42138e-05
6.05673e-05
5.6404e-05
5.0915e-05
4.4e-05
3.35218e-05
2.29242e-05
1.86011e-05
2.63058e-05
2.96119e-05
6.89517e-06
1.25222e-05
2.43181e-05
3.24283e-05
3.68896e-05
3.95534e-05
4.13648e-05
4.27713e-05
4.40139e-05
4.52225e-05
4.6448e-05
4.76756e-05
4.88896e-05
5.00635e-05
5.11542e-05
5.21202e-05
5.29179e-05
5.35004e-05
5.38221e-05
5.38278e-05
5.34934e-05
5.28083e-05
5.17512e-05
5.03646e-05
4.86922e-05
4.68781e-05
4.48228e-05
4.26468e-05
4.04356e-05
3.82338e-05
3.61896e-05
3.40565e-05
3.20159e-05
2.97806e-05
2.67179e-05
2.23785e-05
1.8241e-05
1.84627e-05
2.65147e-05
3.02877e-05
7.669e-06
7.46393e-06
8.80186e-06
9.73759e-06
1.04416e-05
1.09969e-05
1.15037e-05
1.19954e-05
1.25074e-05
1.30575e-05
1.36446e-05
1.42637e-05
1.49091e-05
1.55731e-05
1.62449e-05
1.69111e-05
1.75561e-05
1.8162e-05
1.87101e-05
1.91809e-05
1.95576e-05
1.98281e-05
1.99848e-05
2.00326e-05
1.99749e-05
1.9854e-05
1.96849e-05
1.94924e-05
1.93108e-05
1.91688e-05
1.91037e-05
1.91597e-05
1.92791e-05
1.95876e-05
1.99076e-05
1.94605e-05
1.92689e-05
2.14703e-05
2.77463e-05
3.12528e-05
1.0466e-05
6.25689e-06
7.64098e-06
8.59949e-06
9.3839e-06
1.01015e-05
1.07606e-05
1.13572e-05
1.19001e-05
1.24047e-05
1.28827e-05
1.33414e-05
1.37856e-05
1.42185e-05
1.46423e-05
1.50586e-05
1.54681e-05
1.58716e-05
1.62698e-05
1.66633e-05
1.70529e-05
1.74403e-05
1.78261e-05
1.82157e-05
1.86076e-05
1.90128e-05
1.94264e-05
1.98725e-05
2.03297e-05
2.08495e-05
2.13724e-05
2.20147e-05
2.26366e-05
2.34977e-05
2.42782e-05
2.50426e-05
2.56751e-05
2.73764e-05
2.92414e-05
3.27396e-05
2.6312e-05
3.24583e-05
3.56444e-05
3.6815e-05
3.72612e-05
3.74439e-05
3.74615e-05
3.74265e-05
3.7339e-05
3.72084e-05
3.70613e-05
3.69047e-05
3.67426e-05
3.65779e-05
3.64122e-05
3.62468e-05
3.60826e-05
3.59204e-05
3.57606e-05
3.5604e-05
3.54512e-05
3.53029e-05
3.51596e-05
3.5022e-05
3.48906e-05
3.4766e-05
3.46483e-05
3.45384e-05
3.44361e-05
3.43428e-05
3.42585e-05
3.41861e-05
3.41294e-05
3.40963e-05
3.40991e-05
3.41169e-05
3.41891e-05
3.43323e-05
3.52263e-05
3.45883e-05
)
;

boundaryField
{
    movingWall
    {
        type            nutkWallFunction;
        blending        stepwise;
        value           uniform 0;
    }
    fixedWalls
    {
        type            nutkWallFunction;
        blending        stepwise;
        value           uniform 0;
    }
    frontAndBack
    {
        type            empty;
    }
}


// ************************************************************************* //
