/*--------------------------------*- C++ -*----------------------------------*\
| =========                 |                                                 |
| \\      /  F ield         | OpenFOAM: The Open Source CFD Toolbox           |
|  \\    /   O peration     | Version:  2412                                  |
|   \\  /    A nd           | Website:  www.openfoam.com                      |
|    \\/     M anipulation  |                                                 |
\*---------------------------------------------------------------------------*/
FoamFile
{
    version     2.0;
    format      ascii;
    arch        "LSB;label=32;scalar=64";
    class       volScalarField;
    location    "1.5";
    object      p;
}
// * * * * * * * * * * * * * * * * * * * * * * * * * * * * * * * * * * * * * //

dimensions      [0 2 -2 0 0 0 0];

internalField   nonuniform List<scalar> 
1600
(
-5.90438e-09
-7.91873e-06
-1.88801e-05
-2.83284e-05
-3.50372e-05
-3.85017e-05
-3.86753e-05
-3.55825e-05
-2.91515e-05
-1.91095e-05
-4.91651e-06
1.42862e-05
3.96246e-05
7.23894e-05
0.000114035
0.000166139
0.000230346
0.000308274
0.000401294
0.000510416
0.000636368
0.000778847
0.000936042
0.00110498
0.00128109
0.00145793
0.00162767
0.0017821
0.00191404
0.00201812
0.00209155
0.00213456
0.00215027
0.00214405
0.00212261
0.00209266
0.00206204
0.00203595
0.00201874
0.00201224
7.77115e-06
-1.54574e-07
-8.95631e-06
-1.61967e-05
-2.09077e-05
-2.30017e-05
-2.25221e-05
-1.93946e-05
-1.33737e-05
-4.05165e-06
9.15865e-06
2.70017e-05
5.04688e-05
8.08233e-05
0.000119509
0.000168107
0.000228288
0.000301693
0.0003898
0.000493795
0.00061435
0.000751322
0.000902998
0.00106682
0.00123826
0.00141136
0.0015785
0.00173171
0.00186405
0.00196993
0.00204634
0.00209333
0.00211384
0.00211298
0.00209717
0.00207313
0.00204743
0.00202549
0.00201105
0.0020048
1.95371e-05
8.53882e-06
-1.11391e-06
-6.97226e-06
-9.3092e-06
-9.22901e-06
-7.15498e-06
-3.09015e-06
3.15906e-06
1.19257e-05
2.36763e-05
3.90744e-05
5.90373e-05
8.4785e-05
0.000117773
0.000159648
0.000212181
0.000277161
0.000356327
0.000451217
0.000562712
0.000690878
0.000835344
0.000993302
0.001161
0.00133335
0.00150273
0.00166053
0.00179918
0.00191246
0.00199612
0.00204964
0.00207594
0.00208039
0.00206965
0.00205041
0.00202867
0.00200912
0.00199511
0.00198768
2.82472e-05
1.33308e-05
-1.66374e-07
-7.32652e-06
-8.81827e-06
-7.2177e-06
-3.76368e-06
1.1815e-06
7.56202e-06
1.54892e-05
2.52249e-05
3.73521e-05
5.27464e-05
7.26074e-05
9.84702e-05
0.00013214
0.000175589
0.000230855
0.000300035
0.000385208
0.000488021
0.000609387
0.00074935
0.000906173
0.00107665
0.00125604
0.00143643
0.00160703
0.00175855
0.00188386
0.00197648
0.00203464
0.00206183
0.00206469
0.00205149
0.0020302
0.00200707
0.00198634
0.001971
0.00196223
2.87104e-05
9.27385e-06
-1.03601e-05
-2.17591e-05
-2.49758e-05
-2.38699e-05
-2.06269e-05
-1.61015e-05
-1.06933e-05
-4.60865e-06
2.1996e-06
1.01763e-05
2.01775e-05
3.34911e-05
5.18055e-05
7.71578e-05
0.000111817
0.00015816
0.000218666
0.000295935
0.000392343
0.000509633
0.000648996
0.000809528
0.000988196
0.00118005
0.00137784
0.00156838
0.00173922
0.00188144
0.00198625
0.00204956
0.00207459
0.00206972
0.00204552
0.00201345
0.0019821
0.00195629
0.00193865
0.00192908
1.60465e-05
-7.76084e-06
-3.45786e-05
-5.22407e-05
-5.94353e-05
-6.09142e-05
-5.979e-05
-5.74912e-05
-5.47879e-05
-5.21393e-05
-4.96085e-05
-4.68216e-05
-4.28851e-05
-3.6362e-05
-2.53366e-05
-7.5616e-06
1.9323e-05
5.76551e-05
0.000109875
0.000178847
0.000267716
0.000379069
0.000515267
0.000677119
0.000862562
0.00106683
0.00128342
0.00149997
0.0016989
0.00186539
0.00198928
0.00206474
0.00209324
0.00208313
0.0020464
0.0019982
0.00195231
0.00191715
0.00189617
0.00188692
-1.33087e-05
-4.09531e-05
-7.49979e-05
-9.98984e-05
-0.000112603
-0.000118404
-0.000121204
-0.000122922
-0.000124656
-0.000127044
-0.00013019
-0.000133671
-0.000136424
-0.000136788
-0.000132699
-0.000122033
-0.000102924
-7.38153e-05
-3.31522e-05
2.14535e-05
9.38511e-05
0.000187811
0.000306079
0.000452892
0.000631235
0.000840098
0.00107221
0.00131674
0.00155595
0.00176797
0.00193557
0.00204326
0.00208841
0.00208194
0.00203996
0.00197884
0.0019161
0.00186756
0.00184172
0.00183344
-6.16242e-05
-9.23929e-05
-0.000133178
-0.000165632
-0.000184775
-0.000196166
-0.00020432
-0.000211598
-0.000219342
-0.000228266
-0.000238412
-0.00024917
-0.00025925
-0.000266852
-0.000270083
-0.00026754
-0.000258756
-0.000244098
-0.000224155
-0.000198599
-0.000164775
-0.000118982
-5.37854e-05
3.92118e-05
0.000167835
0.000345113
0.000567351
0.000830991
0.00112454
0.00142126
0.00168863
0.00189432
0.00201721
0.00205214
0.00201607
0.00194775
0.00187085
0.00180668
0.00177386
0.00176593
-0.000130043
-0.000163142
-0.000209934
-0.000249856
-0.00027597
-0.000293883
-0.000308545
-0.000322676
-0.000337779
-0.000354564
-0.000372949
-0.000392092
-0.000410507
-0.000426474
-0.000438819
-0.000447816
-0.000455668
-0.000466361
-0.000485261
-0.000518212
-0.000567313
-0.000626946
-0.000689683
-0.00073815
-0.000745097
-0.000682796
-0.000531248
-0.000276105
7.95002e-05
0.000507876
0.000962076
0.00138184
0.0017107
0.00190608
0.00195972
0.00190772
0.0018208
0.00173756
0.0016932
0.00168254
-0.000218751
-0.000253367
-0.000305328
-0.000352371
-0.00038574
-0.000410893
-0.000433044
-0.000455176
-0.0004789
-0.000504893
-0.000532947
-0.000562059
-0.000590784
-0.000617992
-0.000644126
-0.00067257
-0.000710378
-0.000768508
-0.00086212
-0.00100455
-0.00120621
-0.0014697
-0.0017751
-0.00208163
-0.00234468
-0.00250351
-0.00250881
-0.00232131
-0.00193129
-0.00135419
-0.000636715
0.000136892
0.00085342
0.00141128
0.00174349
0.0018363
0.00177294
0.0016768
0.0016049
0.00158326
-0.000327075
-0.000362507
-0.000418724
-0.000472406
-0.000513155
-0.000546058
-0.000576491
-0.000607659
-0.000641253
-0.000677934
-0.000717446
-0.000758826
-0.000801112
-0.000844606
-0.000892772
-0.000954162
-0.00104358
-0.00118316
-0.00140258
-0.00173102
-0.00219047
-0.00277559
-0.0034378
-0.00410917
-0.00470193
-0.00513238
-0.00531893
-0.00522664
-0.00483907
-0.00416174
-0.00322679
-0.00209667
-0.000886923
0.000241334
0.0011097
0.00159377
0.00170597
0.00163275
0.00151386
0.00146806
-0.000453598
-0.000489372
-0.000548878
-0.00060858
-0.000656643
-0.000697654
-0.000737053
-0.000778228
-0.000822948
-0.000871935
-0.000925052
-0.000981706
-0.00104204
-0.00110887
-0.00119028
-0.00130202
-0.00146943
-0.00173372
-0.0021442
-0.00274619
-0.0035586
-0.00454733
-0.00562445
-0.00666065
-0.00752152
-0.00812452
-0.00841883
-0.00838073
-0.00801459
-0.007328
-0.00632462
-0.00502103
-0.00347158
-0.00180178
-0.000236088
0.000934828
0.00150383
0.00156242
0.00144852
0.00133379
-0.000596397
-0.00063211
-0.000693955
-0.000758972
-0.00081415
-0.00086349
-0.000912419
-0.000964479
-0.00102155
-0.00108455
-0.00115369
-0.00122921
-0.00131309
-0.00141172
-0.0015389
-0.00171911
-0.00199496
-0.00242962
-0.0030871
-0.00402581
-0.00524201
-0.00663671
-0.0080504
-0.00930666
-0.0102779
-0.0109043
-0.0111889
-0.0111535
-0.0108112
-0.0101728
-0.00923241
-0.00797137
-0.00637153
-0.00445444
-0.00235326
-0.000399958
0.00093068
0.00140676
0.00138502
0.00115765
-0.000753124
-0.000788349
-0.000851661
-0.000921212
-0.000983162
-0.00104089
-0.00109974
-0.00116341
-0.00123396
-0.00131262
-0.00140027
-0.00149846
-0.00161168
-0.00175063
-0.00193528
-0.00220148
-0.00261432
-0.00324934
-0.00419091
-0.00549203
-0.0070842
-0.00878948
-0.0103899
-0.011709
-0.0126639
-0.01324
-0.013472
-0.0133986
-0.0130445
-0.0124325
-0.0115692
-0.0104366
-0.00898608
-0.00715161
-0.0049074
-0.0024202
-0.000215474
0.00103193
0.00122639
0.000858189
-0.000921022
-0.000955366
-0.00101932
-0.00109253
-0.00116075
-0.00122673
-0.00129567
-0.00137142
-0.00145634
-0.00155209
-0.00166045
-0.00178478
-0.00193245
-0.00211859
-0.00236965
-0.00273685
-0.00330014
-0.00414874
-0.00538384
-0.00701766
-0.00890372
-0.0108002
-0.0124676
-0.0137705
-0.0146761
-0.0151995
-0.0153789
-0.0152518
-0.0148517
-0.0142154
-0.0133713
-0.0123244
-0.0110398
-0.00943308
-0.00738186
-0.0048107
-0.00197284
0.00023108
0.000888977
0.000537088
-0.00109704
-0.00113016
-0.00119396
-0.00126985
-0.00134366
-0.00141751
-0.00149643
-0.00158439
-0.00168418
-0.00179803
-0.00192872
-0.00208157
-0.0022671
-0.00250449
-0.00282673
-0.00330023
-0.00401271
-0.00507137
-0.00657201
-0.00847284
-0.0105652
-0.0125647
-0.0142454
-0.015523
-0.0163966
-0.0168883
-0.0170291
-0.0168492
-0.0163864
-0.0156893
-0.0148069
-0.0137714
-0.0125785
-0.0111701
-0.00941816
-0.00711313
-0.00412687
-0.00109784
0.000375046
0.000208704
-0.00127795
-0.00130954
-0.00137238
-0.00144991
-0.00152845
-0.00160953
-0.00169797
-0.00179787
-0.00191245
-0.0020447
-0.00219848
-0.00238076
-0.00260507
-0.00289436
-0.00328762
-0.00386053
-0.00470911
-0.00595105
-0.00766322
-0.00976019
-0.0119881
-0.0140425
-0.0157297
-0.0170024
-0.0178718
-0.0183556
-0.0184734
-0.0182476
-0.0177176
-0.0169431
-0.0159912
-0.0149166
-0.013743
-0.012446
-0.0109365
-0.00901055
-0.00630288
-0.00285135
-0.000368574
-0.000223276
-0.00146045
-0.00149025
-0.00155138
-0.00162943
-0.00171164
-0.00179903
-0.00189617
-0.00200722
-0.00213586
-0.00228587
-0.00246226
-0.00267332
-0.00293445
-0.00327178
-0.00372955
-0.004387
-0.00534739
-0.00672719
-0.00858469
-0.010812
-0.013125
-0.0152158
-0.0169216
-0.0182141
-0.0191046
-0.019601
-0.0197116
-0.0194489
-0.0188524
-0.017994
-0.0169599
-0.0158247
-0.014632
-0.0133824
-0.0120262
-0.0104252
-0.0081824
-0.00480813
-0.0015079
-0.000904594
-0.00164136
-0.00166913
-0.00172781
-0.0018052
-0.00188985
-0.00198236
-0.00208696
-0.00220788
-0.00234913
-0.0025152
-0.00271204
-0.00294913
-0.00324302
-0.00362186
-0.00413226
-0.00485298
-0.00589072
-0.00735402
-0.00928664
-0.0115839
-0.0139454
-0.016067
-0.0178053
-0.0191366
-0.0200659
-0.0205898
-0.0207061
-0.0204173
-0.0197599
-0.0188186
-0.0177007
-0.0165015
-0.0152789
-0.0140486
-0.0127858
-0.0114133
-0.00962618
-0.00670185
-0.00307071
-0.00190808
-0.00181773
-0.0018432
-0.00189871
-0.00197425
-0.00205994
-0.00215608
-0.00226656
-0.00239556
-0.00254734
-0.00272688
-0.00294087
-0.00319966
-0.00352056
-0.00393218
-0.00447982
-0.00523764
-0.00631203
-0.00780282
-0.00974308
-0.0120494
-0.0144264
-0.0165736
-0.0183512
-0.0197296
-0.0207043
-0.0212613
-0.0213905
-0.0210861
-0.0203798
-0.019367
-0.0181759
-0.0169232
-0.015678
-0.0144638
-0.0132699
-0.0120563
-0.0106274
-0.00829129
-0.00487081
-0.00317691
-0.00198689
-0.00200971
-0.00206143
-0.00213395
-0.00221925
-0.00231742
-0.00243195
-0.00256692
-0.00272673
-0.00291667
-0.00314386
-0.00341904
-0.00375925
-0.00419189
-0.00475941
-0.00552861
-0.00660023
-0.00806193
-0.00995145
-0.0121969
-0.0145528
-0.0167107
-0.0185228
-0.0199437
-0.0209574
-0.0215417
-0.0216828
-0.0213714
-0.0206338
-0.0195734
-0.0183326
-0.0170532
-0.0158088
-0.0146251
-0.0134967
-0.0124
-0.0112293
-0.0094579
-0.00663378
-0.00449736
-0.00214651
-0.00216644
-0.00221391
-0.00228224
-0.00236561
-0.00246407
-0.00258066
-0.00271925
-0.00288428
-0.00308112
-0.00331695
-0.00360214
-0.00395272
-0.00439414
-0.00496505
-0.00572325
-0.0067574
-0.00814222
-0.00992573
-0.012046
-0.0143225
-0.0164663
-0.0182957
-0.0197433
-0.0207808
-0.0213797
-0.021526
-0.0212113
-0.0204602
-0.019385
-0.0181212
-0.0168592
-0.0156515
-0.0145234
-0.0134698
-0.0124729
-0.0114786
-0.0101805
-0.00810014
-0.00566223
-0.00229471
-0.00231194
-0.00235445
-0.00241751
-0.00249741
-0.00259426
-0.00271068
-0.00285032
-0.00301747
-0.00321739
-0.00345695
-0.00374584
-0.00409876
-0.00453879
-0.00509617
-0.00582409
-0.00679172
-0.0080687
-0.00969468
-0.01164
-0.0137685
-0.0158444
-0.0176556
-0.0191057
-0.0201491
-0.0207502
-0.020894
-0.0205767
-0.0198285
-0.0187664
-0.0175515
-0.016339
-0.0152015
-0.0141558
-0.0131916
-0.0122903
-0.0114244
-0.0104732
-0.00902067
-0.00666122
-0.00243032
-0.00244476
-0.00248168
-0.0025386
-0.00261356
-0.00270691
-0.00282091
-0.00295894
-0.00312512
-0.00332436
-0.00356308
-0.00384998
-0.00419775
-0.00462551
-0.00516095
-0.00584297
-0.00672653
-0.00787242
-0.00931416
-0.0110401
-0.0129582
-0.0148864
-0.0166211
-0.0180361
-0.0190613
-0.0196501
-0.0197861
-0.0194744
-0.0187571
-0.0177559
-0.01663
-0.0155169
-0.0144832
-0.0135396
-0.0126724
-0.0118629
-0.0111132
-0.0103805
-0.00932094
-0.00748148
-0.00255275
-0.00256421
-0.00259523
-0.00264504
-0.00271355
-0.00280152
-0.00291096
-0.00304491
-0.00320719
-0.00340235
-0.00363617
-0.00391627
-0.00425325
-0.00466246
-0.00516599
-0.00579401
-0.0065871
-0.00759323
-0.00884259
-0.0103263
-0.0119886
-0.0136986
-0.0152854
-0.0166101
-0.0175816
-0.0181409
-0.018268
-0.0179763
-0.0173224
-0.0164255
-0.0154307
-0.0144544
-0.0135484
-0.012718
-0.0119474
-0.0112213
-0.0105746
-0.009968
-0.00916723
-0.00795208
-0.00266183
-0.00267027
-0.00269499
-0.00273679
-0.00279743
-0.00287822
-0.00298101
-0.00310856
-0.00326434
-0.00345248
-0.00367803
-0.00394746
-0.00426938
-0.00465572
-0.00512305
-0.00569391
-0.00639844
-0.00726903
-0.00833141
-0.00957865
-0.0109704
-0.0124204
-0.0137977
-0.0149738
-0.0158497
-0.01636
-0.0164804
-0.0162295
-0.0156703
-0.0149083
-0.0140676
-0.013241
-0.0124685
-0.01175
-0.0110686
-0.0104129
-0.00984813
-0.00930397
-0.00873559
-0.00798664
-0.00275796
-0.00276332
-0.00278132
-0.00281426
-0.00286569
-0.00293759
-0.00303179
-0.00315083
-0.00329786
-0.00347654
-0.00369125
-0.00394731
-0.0042515
-0.00461277
-0.00504313
-0.00555893
-0.00618168
-0.00693166
-0.00782439
-0.00885781
-0.00999867
-0.0111873
-0.0123285
-0.0133189
-0.0140681
-0.0145131
-0.0146288
-0.014433
-0.0139782
-0.0133552
-0.0126647
-0.0119776
-0.0113239
-0.0107024
-0.0100968
-0.009497
-0.00899363
-0.00846975
-0.00810866
-0.00764724
-0.002842
-0.00284418
-0.00285501
-0.00287828
-0.0029192
-0.00298058
-0.00306438
-0.00317306
-0.0033095
-0.0034769
-0.00367901
-0.00392015
-0.0042055
-0.00454155
-0.0049369
-0.00540296
-0.00595333
-0.0066005
-0.00735153
-0.00820405
-0.0091326
-0.0100911
-0.0110122
-0.0118159
-0.01243
-0.0128025
-0.0129092
-0.0127613
-0.0123978
-0.0118942
-0.0113271
-0.0107492
-0.0101867
-0.00964016
-0.00909241
-0.00853082
-0.00807257
-0.00753788
-0.00735124
-0.00704116
-0.00291521
-0.00291413
-0.00291727
-0.00292998
-0.00295912
-0.00300841
-0.00308017
-0.00317691
-0.00330129
-0.00345616
-0.00364469
-0.00387035
-0.00413698
-0.00444919
-0.004813
-0.0052356
-0.00572464
-0.00628722
-0.00692565
-0.00763428
-0.00839372
-0.00916702
-0.00990532
-0.0105496
-0.0110428
-0.0113445
-0.0114337
-0.0113147
-0.0110191
-0.0106013
-0.0101186
-0.00961521
-0.00911513
-0.00861726
-0.00810398
-0.00756204
-0.00713778
-0.00656697
-0.00652024
-0.00624201
-0.00297929
-0.0029748
-0.00296961
-0.00297077
-0.0029868
-0.00302248
-0.00308068
-0.00316413
-0.00327535
-0.00341692
-0.00359152
-0.0038019
-0.00405083
-0.00434155
-0.00467783
-0.00506361
-0.00550275
-0.00599799
-0.00654854
-0.00714705
-0.00777724
-0.00841007
-0.00900694
-0.00952478
-0.00992014
-0.0101593
-0.0102249
-0.0101199
-0.00986674
-0.00950197
-0.00907169
-0.00861337
-0.00814576
-0.00766833
-0.00716784
-0.00663069
-0.00623686
-0.0056023
-0.00565128
-0.00527295
-0.00303638
-0.00302819
-0.0030138
-0.00300223
-0.0030037
-0.00302422
-0.0030674
-0.00313632
-0.00323354
-0.00336138
-0.00352217
-0.00371799
-0.00395083
-0.00422276
-0.00453571
-0.00489134
-0.00529087
-0.00573411
-0.00621789
-0.00673391
-0.00726745
-0.00779575
-0.00828802
-0.00871001
-0.009029
-0.00921795
-0.00926182
-0.00916057
-0.00892992
-0.00859708
-0.00819553
-0.00775567
-0.00729466
-0.00681481
-0.00630876
-0.00576584
-0.00540646
-0.0046732
-0.00481045
-0.00419238
-0.00308928
-0.00307679
-0.00305187
-0.00302609
-0.00301131
-0.00301499
-0.00304167
-0.00309486
-0.00317721
-0.00329095
-0.00343809
-0.00362024
-0.00383875
-0.00409466
-0.00438843
-0.0047201
-0.00508897
-0.00549284
-0.00592697
-0.00638266
-0.00684602
-0.0072979
-0.00771351
-0.00806548
-0.00832819
-0.00847976
-0.00850628
-0.0084048
-0.00818565
-0.00786986
-0.00748052
-0.00704098
-0.00656839
-0.00606829
-0.00554059
-0.00498111
-0.00465411
-0.00378411
-0.00413594
-0.00316906
-0.00314154
-0.0031237
-0.0030862
-0.00304429
-0.00301115
-0.00299598
-0.00300441
-0.00304043
-0.0031069
-0.00320596
-0.00333935
-0.00350825
-0.00371354
-0.00395552
-0.00423363
-0.00454668
-0.00489253
-0.00526752
-0.00566573
-0.00607815
-0.00649195
-0.00689021
-0.00725211
-0.00755509
-0.00777792
-0.00790267
-0.00791689
-0.0078156
-0.00760464
-0.00729877
-0.00691424
-0.00646689
-0.00597188
-0.0054388
-0.00487366
-0.00427882
-0.00395154
-0.00290314
-0.00364932
-0.00220036
-0.0031986
-0.00317274
-0.00311987
-0.00305885
-0.00300397
-0.00296687
-0.00295431
-0.00297089
-0.00301973
-0.00310296
-0.003222
-0.00337764
-0.00357031
-0.00379965
-0.00406442
-0.0043626
-0.00469115
-0.00504537
-0.00541856
-0.00580144
-0.00618182
-0.00654457
-0.00687179
-0.00714404
-0.00734271
-0.00745192
-0.00746072
-0.00736373
-0.00716333
-0.00686752
-0.00648697
-0.00603214
-0.00551282
-0.0049391
-0.00432083
-0.00366427
-0.00326461
-0.00198324
-0.00298574
-0.000506392
-0.00327009
-0.00323139
-0.00315753
-0.00307181
-0.00298725
-0.00292172
-0.00288255
-0.00287517
-0.002903
-0.0029681
-0.00307148
-0.00321337
-0.00339356
-0.00361116
-0.00386442
-0.0041508
-0.00446664
-0.00480675
-0.00516399
-0.005529
-0.00589006
-0.0062332
-0.00654252
-0.00680089
-0.00699161
-0.00709994
-0.00711387
-0.00702934
-0.00684614
-0.00656644
-0.00619548
-0.00573913
-0.00520185
-0.00458778
-0.00390604
-0.00316607
-0.0026184
-0.0010537
-0.00163171
0.00300853
-0.00336668
-0.00330386
-0.00319865
-0.00307392
-0.00294724
-0.00284027
-0.00276562
-0.00272796
-0.0027304
-0.00277454
-0.00286055
-0.00298782
-0.00315549
-0.00336219
-0.00360581
-0.00388355
-0.00419147
-0.00452416
-0.00487438
-0.00523292
-0.0055885
-0.0059279
-0.00623633
-0.00649797
-0.00669692
-0.00681962
-0.00685526
-0.00679627
-0.00663912
-0.00638421
-0.00603171
-0.00558145
-0.00503572
-0.00438692
-0.00363163
-0.00276289
-0.00199122
-5.54689e-05
0.00018771
0.00691677
-0.00356623
-0.00345247
-0.00327479
-0.00306918
-0.00287119
-0.0027083
-0.00259161
-0.0025216
-0.00249909
-0.00252381
-0.00259413
-0.00270832
-0.00286504
-0.00306258
-0.00329873
-0.00357074
-0.00387481
-0.00420573
-0.00455656
-0.00491836
-0.00528006
-0.00562873
-0.00594981
-0.00622766
-0.00644754
-0.00659641
-0.00666323
-0.00663795
-0.00651394
-0.00628754
-0.0059562
-0.00551597
-0.00495677
-0.00426148
-0.00338965
-0.00222692
-0.000901623
0.00194479
0.00227144
0.00732132
-0.00365266
-0.00337363
-0.00311144
-0.00289636
-0.00268693
-0.00250728
-0.00237763
-0.0022995
-0.0022686
-0.00228565
-0.00234928
-0.00245789
-0.00260966
-0.00280266
-0.003035
-0.00330419
-0.00360674
-0.00393781
-0.00429081
-0.00465719
-0.00502627
-0.00538543
-0.00572046
-0.00601606
-0.00625731
-0.00643075
-0.00652421
-0.00652655
-0.00642908
-0.00622492
-0.00590751
-0.0054642
-0.00486952
-0.00406311
-0.00292146
-0.00107373
0.00176953
0.00730949
0.00742742
0.0117524
-0.00535461
-0.00474793
-0.00410847
-0.00346918
-0.00297534
-0.002639
-0.00242228
-0.00229456
-0.00223619
-0.0022362
-0.00228803
-0.00238693
-0.00252993
-0.00271523
-0.00294086
-0.00320426
-0.00350196
-0.00382915
-0.00417938
-0.00454426
-0.00491331
-0.00527412
-0.00561265
-0.00591382
-0.00616241
-0.00634408
-0.00644596
-0.0064562
-0.00636432
-0.00616025
-0.00583111
-0.00535258
-0.00467141
-0.00365854
-0.00204464
0.000893805
0.00611329
0.0160809
0.0215527
0.0508191
-0.00333966
0.000269085
0.000224855
-0.000881084
-0.00144266
-0.00159873
-0.00167724
-0.00175316
-0.00182734
-0.00191254
-0.00202266
-0.00216402
-0.00233882
-0.00254813
-0.00279201
-0.00306924
-0.00337718
-0.00371159
-0.00406639
-0.00443346
-0.00480261
-0.0051617
-0.00549699
-0.00579378
-0.00603717
-0.006213
-0.00630812
-0.00631052
-0.00620841
-0.00598838
-0.00562868
-0.00508702
-0.00428123
-0.00304501
-0.00112099
0.00219968
0.0075276
0.0192967
0.0402014
0.131146
)
;

boundaryField
{
    movingWall
    {
        type            zeroGradient;
    }
    fixedWalls
    {
        type            zeroGradient;
    }
    frontAndBack
    {
        type            empty;
    }
}


// ************************************************************************* //
