/*--------------------------------*- C++ -*----------------------------------*\
| =========                 |                                                 |
| \\      /  F ield         | OpenFOAM: The Open Source CFD Toolbox           |
|  \\    /   O peration     | Version:  2412                                  |
|   \\  /    A nd           | Website:  www.openfoam.com                      |
|    \\/     M anipulation  |                                                 |
\*---------------------------------------------------------------------------*/
FoamFile
{
    version     2.0;
    format      ascii;
    arch        "LSB;label=32;scalar=64";
    class       surfaceScalarField;
    location    "1.5";
    object      phi;
}
// * * * * * * * * * * * * * * * * * * * * * * * * * * * * * * * * * * * * * //

dimensions      [0 3 -1 0 0 0 0];

oriented        oriented;

internalField   nonuniform List<scalar> 
3120
(
3.9215e-09
-3.92094e-09
-2.37669e-09
6.29817e-09
-1.995e-08
1.75732e-08
-4.56705e-08
2.57205e-08
-7.61145e-08
3.0444e-08
-1.09072e-07
3.29572e-08
-1.43443e-07
3.43717e-08
-1.78799e-07
3.53556e-08
-2.15064e-07
3.62648e-08
-2.52347e-07
3.72831e-08
-2.90825e-07
3.84785e-08
-3.3064e-07
3.98146e-08
-3.71766e-07
4.11254e-08
-4.13905e-07
4.21393e-08
-4.56424e-07
4.25193e-08
-4.98318e-07
4.18937e-08
-5.38232e-07
3.99145e-08
-5.74548e-07
3.63155e-08
-6.05499e-07
3.09515e-08
-6.29335e-07
2.38357e-08
-6.44389e-07
1.50541e-08
-6.49161e-07
4.77197e-09
-6.42442e-07
-6.7188e-09
-6.23422e-07
-1.90203e-08
-5.91825e-07
-3.15971e-08
-5.4815e-07
-4.36744e-08
-4.93824e-07
-5.43259e-08
-4.31109e-07
-6.27147e-08
-3.62717e-07
-6.83923e-08
-2.91759e-07
-7.09579e-08
-2.21623e-07
-7.01361e-08
-1.55683e-07
-6.59395e-08
-9.69578e-08
-5.87257e-08
-4.78745e-08
-4.90833e-08
-1.01858e-08
-3.76887e-08
1.50556e-08
-2.52414e-08
2.71998e-08
-1.21442e-08
2.63943e-08
8.05592e-10
1.44518e-08
1.19424e-08
1.44519e-08
-6.84674e-09
2.92579e-09
-2.97814e-08
2.92328e-08
-6.70208e-08
5.48126e-08
-1.14146e-07
7.28463e-08
-1.67685e-07
8.39823e-08
-2.25303e-07
9.05752e-08
-2.85589e-07
9.46578e-08
-3.47746e-07
9.75124e-08
-4.11317e-07
9.98364e-08
-4.76034e-07
1.02e-07
-5.41621e-07
1.04065e-07
-6.07593e-07
1.05787e-07
-6.73097e-07
1.06629e-07
-7.3687e-07
1.05912e-07
-7.9729e-07
1.0294e-07
-8.52503e-07
9.71069e-08
-9.00599e-07
8.80101e-08
-9.3977e-07
7.5487e-08
-9.68432e-07
5.96126e-08
-9.85268e-07
4.06726e-08
-9.89216e-07
1.90016e-08
-9.79339e-07
-5.10465e-09
-9.55292e-07
-3.07658e-08
-9.16767e-07
-5.75451e-08
-8.64009e-07
-8.43557e-08
-7.97821e-07
-1.09862e-07
-7.19831e-07
-1.32316e-07
-6.3269e-07
-1.49856e-07
-5.39675e-07
-1.61407e-07
-4.44443e-07
-1.6619e-07
-3.50868e-07
-1.6371e-07
-2.6278e-07
-1.54028e-07
-1.83537e-07
-1.37969e-07
-1.15726e-07
-1.16894e-07
-6.10643e-08
-9.235e-08
-2.06159e-08
-6.56897e-08
5.09077e-09
-3.78508e-08
1.59017e-08
-1.00053e-08
1.22564e-08
1.55878e-08
2.67083e-08
-2.03247e-08
2.32506e-08
-5.8881e-08
6.77891e-08
-1.08523e-07
1.04454e-07
-1.66111e-07
1.30435e-07
-2.29617e-07
1.47488e-07
-2.97528e-07
1.58486e-07
-3.68755e-07
1.65884e-07
-4.42525e-07
1.71282e-07
-5.18213e-07
1.75525e-07
-5.95108e-07
1.78895e-07
-6.72253e-07
1.81211e-07
-7.4839e-07
1.81924e-07
-8.21976e-07
1.80215e-07
-8.91233e-07
1.75169e-07
-9.54305e-07
1.66012e-07
-1.00946e-06
1.52264e-07
-1.05525e-06
1.33799e-07
-1.09056e-06
1.10796e-07
-1.11456e-06
8.36165e-08
-1.12656e-06
5.26734e-08
-1.12588e-06
1.83193e-08
-1.11189e-06
-1.90969e-08
-1.08368e-06
-5.89785e-08
-1.04075e-06
-1.00473e-07
-9.82907e-07
-1.42198e-07
-9.10541e-07
-1.82229e-07
-8.25065e-07
-2.17791e-07
-7.29021e-07
-2.45901e-07
-6.25972e-07
-2.64456e-07
-5.20107e-07
-2.72055e-07
-4.16054e-07
-2.67764e-07
-3.18357e-07
-2.51725e-07
-2.30875e-07
-2.25451e-07
-1.56335e-07
-1.91434e-07
-9.61313e-08
-1.52553e-07
-5.04773e-08
-1.11344e-07
-1.87514e-08
-6.95768e-08
-3.40071e-10
-2.84166e-08
5.34002e-09
9.9077e-09
3.20483e-08
-3.22207e-08
5.54713e-08
-8.24744e-08
1.18043e-07
-1.40653e-07
1.62633e-07
-2.04434e-07
1.94216e-07
-2.73007e-07
2.16062e-07
-3.45688e-07
2.31167e-07
-4.21745e-07
2.41941e-07
-5.00431e-07
2.49969e-07
-5.80969e-07
2.56063e-07
-6.62376e-07
2.60301e-07
-7.43396e-07
2.62231e-07
-8.2249e-07
2.61019e-07
-8.97937e-07
2.55662e-07
-9.68011e-07
2.45243e-07
-1.03117e-06
2.29166e-07
-1.08617e-06
2.07268e-07
-1.13215e-06
1.79782e-07
-1.16853e-06
1.47173e-07
-1.19484e-06
1.09928e-07
-1.21055e-06
6.83773e-08
-1.21487e-06
2.26429e-08
-1.20672e-06
-2.72443e-08
-1.18461e-06
-8.10848e-08
-1.14699e-06
-1.38095e-07
-1.09253e-06
-1.96665e-07
-1.02056e-06
-2.54197e-07
-9.3157e-07
-3.06779e-07
-8.2763e-07
-3.49841e-07
-7.12725e-07
-3.79361e-07
-5.92227e-07
-3.92553e-07
-4.72581e-07
-3.8741e-07
-3.60301e-07
-3.64005e-07
-2.60837e-07
-3.24914e-07
-1.77793e-07
-2.74478e-07
-1.12425e-07
-2.17922e-07
-6.39608e-08
-1.59807e-07
-3.03613e-08
-1.03176e-07
-9.29016e-09
-4.94877e-08
6.67601e-10
-5.00422e-11
3.27159e-08
-4.10634e-08
9.65347e-08
-9.97223e-08
1.76702e-07
-1.64157e-07
2.27068e-07
-2.32397e-07
2.62456e-07
-3.0426e-07
2.87924e-07
-3.79565e-07
3.06472e-07
-4.57925e-07
3.20301e-07
-5.38763e-07
3.30807e-07
-6.21269e-07
3.38569e-07
-7.04365e-07
3.43398e-07
-7.86734e-07
3.44599e-07
-8.66857e-07
3.41142e-07
-9.4319e-07
3.31995e-07
-1.01434e-06
3.16396e-07
-1.07923e-06
2.94052e-07
-1.13714e-06
2.6518e-07
-1.18775e-06
2.30386e-07
-1.23095e-06
1.90381e-07
-1.26669e-06
1.45663e-07
-1.29458e-06
9.62639e-08
-1.31367e-06
4.17368e-08
-1.32234e-06
-1.85733e-08
-1.31795e-06
-8.54748e-08
-1.29726e-06
-1.58784e-07
-1.25675e-06
-2.37176e-07
-1.19343e-06
-3.1752e-07
-1.10556e-06
-3.94644e-07
-9.9372e-07
-4.61682e-07
-8.61386e-07
-5.11695e-07
-7.15335e-07
-5.38604e-07
-5.65212e-07
-5.37533e-07
-4.22008e-07
-5.07209e-07
-2.95661e-07
-4.51261e-07
-1.92926e-07
-3.77213e-07
-1.15904e-07
-2.94945e-07
-6.24822e-08
-2.13229e-07
-2.81991e-08
-1.37459e-07
-8.33171e-09
-6.9355e-08
7.03734e-10
-9.08545e-09
3.34197e-08
-4.70783e-08
1.43613e-07
-1.11553e-07
2.41177e-07
-1.80514e-07
2.96028e-07
-2.52023e-07
3.33966e-07
-3.26198e-07
3.621e-07
-4.03186e-07
3.8346e-07
-4.82856e-07
3.9997e-07
-5.64769e-07
4.12719e-07
-6.48162e-07
4.21963e-07
-7.32025e-07
4.2726e-07
-8.15164e-07
4.27739e-07
-8.96311e-07
4.22289e-07
-9.74282e-07
4.09966e-07
-1.04816e-06
3.90272e-07
-1.11743e-06
3.63322e-07
-1.18206e-06
3.29815e-07
-1.24247e-06
2.90795e-07
-1.29935e-06
2.47259e-07
-1.35339e-06
1.99705e-07
-1.40484e-06
1.47716e-07
-1.45286e-06
8.97578e-08
-1.49534e-06
2.39045e-08
-1.52804e-06
-5.27801e-08
-1.54502e-06
-1.41797e-07
-1.53911e-06
-2.43087e-07
-1.50295e-06
-3.53682e-07
-1.43046e-06
-4.67136e-07
-1.31844e-06
-5.73702e-07
-1.16766e-06
-6.62472e-07
-9.84288e-07
-7.21978e-07
-7.80744e-07
-7.41077e-07
-5.74878e-07
-7.13075e-07
-3.87079e-07
-6.39059e-07
-2.34084e-07
-5.30208e-07
-1.2399e-07
-4.05039e-07
-5.44963e-08
-2.82723e-07
-1.60914e-08
-1.75864e-07
1.15569e-09
-8.66021e-08
4.98162e-09
-1.29114e-08
3.84013e-08
-5.08253e-08
1.94438e-07
-1.19105e-07
3.09457e-07
-1.91161e-07
3.68083e-07
-2.6495e-07
4.07755e-07
-3.40712e-07
4.37862e-07
-4.18777e-07
4.61525e-07
-4.99187e-07
4.80381e-07
-5.81643e-07
4.95175e-07
-6.65531e-07
5.05851e-07
-7.50024e-07
5.11754e-07
-8.34185e-07
5.11899e-07
-9.17113e-07
5.05217e-07
-9.98127e-07
4.9098e-07
-1.07695e-06
4.69097e-07
-1.15388e-06
4.40245e-07
-1.22985e-06
4.05789e-07
-1.30652e-06
3.67464e-07
-1.38606e-06
3.26806e-07
-1.47078e-06
2.8442e-07
-1.56223e-06
2.39164e-07
-1.66008e-06
1.87609e-07
-1.76078e-06
1.2461e-07
-1.85836e-06
4.47972e-08
-1.94191e-06
-5.82439e-08
-1.99903e-06
-1.85972e-07
-2.0161e-06
-3.36606e-07
-1.98104e-06
-5.02203e-07
-1.88482e-06
-6.6992e-07
-1.72365e-06
-8.2364e-07
-1.50147e-06
-9.44159e-07
-1.23083e-06
-1.01172e-06
-9.33154e-07
-1.01075e-06
-6.37778e-07
-9.34436e-07
-3.77555e-07
-7.90431e-07
-1.82017e-07
-6.00577e-07
-6.21752e-08
-4.02564e-07
-4.17686e-09
-2.33863e-07
1.45917e-08
-1.05371e-07
1.176e-08
-1.00796e-08
5.01613e-08
-5.28339e-08
2.47272e-07
-1.23314e-07
3.79938e-07
-1.97223e-07
4.41992e-07
-2.72415e-07
4.82947e-07
-3.49117e-07
5.14564e-07
-4.27747e-07
5.40155e-07
-5.08482e-07
5.61115e-07
-5.91183e-07
5.77877e-07
-6.75445e-07
5.90113e-07
-7.60707e-07
5.97016e-07
-8.46395e-07
5.97587e-07
-9.32105e-07
5.90927e-07
-1.01781e-06
5.76687e-07
-1.10409e-06
5.55378e-07
-1.19237e-06
5.28527e-07
-1.28517e-06
4.98582e-07
-1.3862e-06
4.68495e-07
-1.50017e-06
4.4078e-07
-1.63184e-06
4.16087e-07
-1.78424e-06
3.91563e-07
-1.9564e-06
3.59772e-07
-2.14192e-06
3.1013e-07
-2.32855e-06
2.31422e-07
-2.50057e-06
1.13781e-07
-2.63901e-06
-4.75292e-08
-2.72427e-06
-2.51351e-07
-2.73991e-06
-4.8656e-07
-2.67267e-06
-7.37166e-07
-2.51564e-06
-9.80664e-07
-2.26887e-06
-1.19093e-06
-1.94051e-06
-1.34008e-06
-1.55029e-06
-1.40097e-06
-1.12969e-06
-1.35503e-06
-7.21699e-07
-1.19842e-06
-3.75411e-07
-9.46864e-07
-1.34844e-07
-6.43132e-07
-1.36105e-08
-3.55096e-07
2.36246e-08
-1.42606e-07
1.87444e-08
-5.1994e-09
6.89058e-08
-5.34941e-08
3.00766e-07
-1.24847e-07
4.5129e-07
-1.99542e-07
5.16687e-07
-2.75313e-07
5.58718e-07
-3.52317e-07
5.91568e-07
-4.31011e-07
6.18848e-07
-5.11686e-07
6.41791e-07
-5.9438e-07
6.6057e-07
-6.7893e-07
6.74663e-07
-7.65111e-07
6.83196e-07
-8.52805e-07
6.85281e-07
-9.42225e-07
6.80348e-07
-1.03418e-06
6.68639e-07
-1.13039e-06
6.51588e-07
-1.23392e-06
6.32063e-07
-1.34964e-06
6.143e-07
-1.4843e-06
6.03152e-07
-1.64575e-06
6.02236e-07
-1.8408e-06
6.11132e-07
-2.07203e-06
6.22797e-07
-2.33519e-06
6.22923e-07
-2.61676e-06
5.91701e-07
-2.89622e-06
5.10883e-07
-3.14964e-06
3.67197e-07
-3.35473e-06
1.57566e-07
-3.49423e-06
-1.11856e-07
-3.55455e-06
-4.26239e-07
-3.52471e-06
-7.67004e-07
-3.39653e-06
-1.10884e-06
-3.16274e-06
-1.42472e-06
-2.81974e-06
-1.68308e-06
-2.374e-06
-1.84672e-06
-1.85e-06
-1.87903e-06
-1.295e-06
-1.75342e-06
-7.71622e-07
-1.47024e-06
-3.47675e-07
-1.06708e-06
-8.38493e-08
-6.18921e-07
1.46529e-08
-2.41108e-07
2.21561e-08
-1.27026e-08
9.10619e-08
-5.30896e-08
3.53856e-07
-1.24167e-07
5.22367e-07
-1.98703e-07
5.91223e-07
-2.74265e-07
6.3428e-07
-3.50923e-07
6.68227e-07
-4.29142e-07
6.97068e-07
-5.09313e-07
7.21961e-07
-5.91658e-07
7.42916e-07
-6.76299e-07
7.59303e-07
-7.63395e-07
7.70292e-07
-8.53363e-07
7.75249e-07
-9.47139e-07
7.74124e-07
-1.04653e-06
7.68033e-07
-1.15472e-06
7.59779e-07
-1.2769e-06
7.54238e-07
-1.4208e-06
7.58198e-07
-1.59639e-06
7.78747e-07
-1.8137e-06
8.19545e-07
-2.07903e-06
8.76461e-07
-2.39132e-06
9.35086e-07
-2.73805e-06
9.69661e-07
-3.09486e-06
9.48509e-07
-3.43214e-06
8.48161e-07
-3.72406e-06
6.5912e-07
-3.95158e-06
3.85082e-07
-4.10371e-06
4.02799e-08
-4.18112e-06
-3.48836e-07
-4.18357e-06
-7.64547e-07
-4.10472e-06
-1.18769e-06
-3.93173e-06
-1.59772e-06
-3.6469e-06
-1.96791e-06
-3.23371e-06
-2.25991e-06
-2.68958e-06
-2.42316e-06
-2.04225e-06
-2.40074e-06
-1.35882e-06
-2.15367e-06
-7.36095e-07
-1.68981e-06
-2.69606e-07
-1.08541e-06
-3.08325e-08
-4.79882e-07
1.85224e-08
-6.20574e-08
1.09584e-07
-5.1787e-08
4.05643e-07
-1.21578e-07
5.92158e-07
-1.95095e-07
6.6474e-07
-2.69673e-07
7.08858e-07
-3.45285e-07
7.43839e-07
-4.22405e-07
7.74188e-07
-5.01523e-07
8.01079e-07
-5.83051e-07
8.24444e-07
-6.67405e-07
8.43657e-07
-7.5516e-07
8.58048e-07
-8.47309e-07
8.67398e-07
-9.45583e-07
8.72398e-07
-1.05292e-06
8.75374e-07
-1.17415e-06
8.81005e-07
-1.31672e-06
8.96811e-07
-1.49103e-06
9.32508e-07
-1.70905e-06
9.96762e-07
-1.98078e-06
1.09128e-06
-2.30963e-06
1.20531e-06
-2.68365e-06
1.3091e-06
-3.07458e-06
1.36059e-06
-3.44973e-06
1.32367e-06
-3.77754e-06
1.17596e-06
-4.03446e-06
9.16048e-07
-4.21388e-06
5.64493e-07
-4.32591e-06
1.52311e-07
-4.38484e-06
-2.89903e-07
-4.40233e-06
-7.4706e-07
-4.37872e-06
-1.2113e-06
-4.30191e-06
-1.67453e-06
-4.14395e-06
-2.12586e-06
-3.86568e-06
-2.53819e-06
-3.42918e-06
-2.85966e-06
-2.81825e-06
-3.01167e-06
-2.06673e-06
-2.90519e-06
-1.2748e-06
-2.48173e-06
-5.88863e-07
-1.77135e-06
-1.44097e-07
-9.24648e-07
3.33237e-09
-2.09487e-07
1.12917e-07
-4.96323e-08
4.55275e-07
-1.17277e-07
6.59803e-07
-1.88951e-07
7.36414e-07
-2.6177e-07
7.81677e-07
-3.35608e-07
8.17676e-07
-4.10942e-07
8.49522e-07
-4.88352e-07
8.78489e-07
-5.68434e-07
9.04526e-07
-6.51896e-07
9.27118e-07
-7.39728e-07
9.4588e-07
-8.33491e-07
9.61162e-07
-9.35714e-07
9.74621e-07
-1.05046e-06
9.90119e-07
-1.1841e-06
1.01464e-06
-1.34596e-06
1.05867e-06
-1.54799e-06
1.13453e-06
-1.80225e-06
1.25103e-06
-2.11644e-06
1.40547e-06
-2.48312e-06
1.57199e-06
-2.8747e-06
1.70068e-06
-3.2547e-06
1.74059e-06
-3.58428e-06
1.65324e-06
-3.83177e-06
1.42345e-06
-3.98943e-06
1.07371e-06
-4.07391e-06
6.48973e-07
-4.1116e-06
1.89997e-07
-4.12491e-06
-2.76589e-07
-4.13113e-06
-7.40836e-07
-4.14017e-06
-1.20227e-06
-4.14727e-06
-1.66743e-06
-4.13062e-06
-2.14251e-06
-4.04501e-06
-2.6238e-06
-3.82418e-06
-3.08049e-06
-3.39977e-06
-3.43608e-06
-2.74038e-06
-3.56458e-06
-1.89716e-06
-3.32495e-06
-1.02807e-06
-2.64044e-06
-3.47949e-07
-1.60477e-06
-2.80445e-08
-5.29391e-07
8.48722e-08
-4.66812e-08
5.01957e-07
-1.11403e-07
7.24525e-07
-1.80442e-07
8.05453e-07
-2.50727e-07
8.51963e-07
-3.22031e-07
8.8898e-07
-3.94827e-07
9.22318e-07
-4.69766e-07
9.53429e-07
-5.47611e-07
9.82371e-07
-6.29332e-07
1.00884e-06
-7.16295e-07
1.03284e-06
-8.10567e-07
1.05543e-06
-9.15362e-07
1.07942e-06
-1.03566e-06
1.11042e-06
-1.17894e-06
1.15792e-06
-1.35546e-06
1.2352e-06
-1.57714e-06
1.35621e-06
-1.85432e-06
1.52821e-06
-2.18704e-06
1.73818e-06
-2.55353e-06
1.93848e-06
-2.91879e-06
2.06594e-06
-3.24079e-06
2.06259e-06
-3.478e-06
1.89045e-06
-3.61512e-06
1.56057e-06
-3.66898e-06
1.12757e-06
-3.66992e-06
6.49919e-07
-3.64639e-06
1.66468e-07
-3.61874e-06
-3.04243e-07
-3.60057e-06
-7.59e-07
-3.60242e-06
-1.20042e-06
-3.63221e-06
-1.63764e-06
-3.68855e-06
-2.08617e-06
-3.7479e-06
-2.56445e-06
-3.75029e-06
-3.0781e-06
-3.59764e-06
-3.58874e-06
-3.18397e-06
-3.97825e-06
-2.4642e-06
-4.04473e-06
-1.53062e-06
-3.57402e-06
-6.37985e-07
-2.4974e-06
-9.12439e-08
-1.07613e-06
-6.3717e-09
-4.30243e-08
5.44981e-07
-1.04063e-07
7.85564e-07
-1.697e-07
8.7109e-07
-2.36679e-07
9.18942e-07
-3.04671e-07
9.56972e-07
-3.74125e-07
9.91771e-07
-4.45742e-07
1.02505e-06
-5.20413e-07
1.05704e-06
-5.99317e-07
1.08774e-06
-6.84114e-07
1.11764e-06
-7.77243e-07
1.14856e-06
-8.82381e-07
1.18455e-06
-1.00501e-06
1.23305e-06
-1.15295e-06
1.30586e-06
-1.3362e-06
1.41844e-06
-1.56528e-06
1.5853e-06
-1.84615e-06
1.80908e-06
-2.16797e-06
2.06e-06
-2.50196e-06
2.27247e-06
-2.81041e-06
2.37439e-06
-3.04828e-06
2.30047e-06
-3.18729e-06
2.02945e-06
-3.23755e-06
1.61083e-06
-3.23065e-06
1.12067e-06
-3.19663e-06
6.15895e-07
-3.15391e-06
1.23749e-07
-3.11019e-06
-3.47963e-07
-3.07079e-06
-7.98397e-07
-3.04442e-06
-1.22678e-06
-3.04478e-06
-1.63728e-06
-3.08768e-06
-2.04327e-06
-3.18102e-06
-2.47111e-06
-3.30351e-06
-2.95561e-06
-3.37792e-06
-3.51432e-06
-3.26517e-06
-4.091e-06
-2.81745e-06
-4.49244e-06
-1.9966e-06
-4.39487e-06
-9.92541e-07
-3.50147e-06
-2.08094e-07
-1.86058e-06
-2.14466e-07
-3.87421e-08
5.83723e-07
-9.53672e-08
8.42189e-07
-1.56858e-07
9.32581e-07
-2.19772e-07
9.81856e-07
-2.83671e-07
1.02087e-06
-3.48954e-07
1.05705e-06
-4.16338e-07
1.09243e-06
-4.8679e-07
1.12749e-06
-5.6162e-07
1.16257e-06
-6.42662e-07
1.19868e-06
-7.32531e-07
1.23843e-06
-8.35043e-07
1.28707e-06
-9.55646e-07
1.35365e-06
-1.10164e-06
1.45184e-06
-1.28154e-06
1.59835e-06
-1.50321e-06
1.80697e-06
-1.76661e-06
2.07248e-06
-2.05347e-06
2.34686e-06
-2.33519e-06
2.5542e-06
-2.57341e-06
2.61261e-06
-2.73023e-06
2.45729e-06
-2.80024e-06
2.09947e-06
-2.8102e-06
1.62079e-06
-2.79164e-06
1.10211e-06
-2.76338e-06
5.87635e-07
-2.72985e-06
9.02184e-08
-2.68938e-06
-3.88433e-07
-2.64225e-06
-8.45519e-07
-2.59354e-06
-1.2755e-06
-2.55532e-06
-1.6755e-06
-2.54713e-06
-2.05146e-06
-2.59358e-06
-2.42466e-06
-2.71215e-06
-2.83704e-06
-2.88137e-06
-3.34511e-06
-2.99628e-06
-3.97609e-06
-2.86336e-06
-4.62537e-06
-2.30363e-06
-4.95459e-06
-1.34809e-06
-4.457e-06
-3.77112e-07
-2.83156e-06
-5.91578e-07
-3.39064e-08
6.1763e-07
-8.54311e-08
8.93713e-07
-1.42069e-07
9.89218e-07
-2.00194e-07
1.03998e-06
-2.59241e-07
1.07992e-06
-3.19531e-07
1.11734e-06
-3.81751e-07
1.15465e-06
-4.46885e-07
1.19263e-06
-5.16277e-07
1.23197e-06
-5.91785e-07
1.27419e-06
-6.75974e-07
1.32262e-06
-7.72427e-07
1.38352e-06
-8.85979e-07
1.46721e-06
-1.02263e-06
1.5885e-06
-1.18862e-06
1.76434e-06
-1.38833e-06
2.00668e-06
-1.61618e-06
2.30033e-06
-1.85318e-06
2.58385e-06
-2.07409e-06
2.77511e-06
-2.24521e-06
2.78373e-06
-2.34356e-06
2.55564e-06
-2.3812e-06
2.1371e-06
-2.38744e-06
1.62704e-06
-2.38409e-06
1.09876e-06
-2.37713e-06
5.80671e-07
-2.36227e-06
7.53598e-08
-2.33374e-06
-4.16968e-07
-2.28918e-06
-8.90074e-07
-2.23152e-06
-1.33316e-06
-2.17023e-06
-1.7368e-06
-2.12154e-06
-2.10014e-06
-2.1092e-06
-2.437e-06
-2.16405e-06
-2.78219e-06
-2.30963e-06
-3.19953e-06
-2.51378e-06
-3.77194e-06
-2.62212e-06
-4.51702e-06
-2.37582e-06
-5.20089e-06
-1.61485e-06
-5.21798e-06
-5.77631e-07
-3.86877e-06
-1.16921e-06
-2.85991e-08
6.46229e-07
-7.43981e-08
9.39512e-07
-1.25533e-07
1.04035e-06
-1.78201e-07
1.09265e-06
-2.31686e-07
1.1334e-06
-2.86198e-07
1.17186e-06
-3.42352e-07
1.2108e-06
-4.01077e-07
1.25135e-06
-4.6365e-07
1.29454e-06
-5.31797e-07
1.34234e-06
-6.07815e-07
1.39864e-06
-6.94692e-07
1.4704e-06
-7.96164e-07
1.56868e-06
-9.16346e-07
1.70868e-06
-1.05874e-06
1.90674e-06
-1.22426e-06
2.1722e-06
-1.40457e-06
2.48064e-06
-1.58446e-06
2.76374e-06
-1.74454e-06
2.93519e-06
-1.86094e-06
2.90013e-06
-1.92559e-06
2.62029e-06
-1.95653e-06
2.16804e-06
-1.97612e-06
1.64663e-06
-1.99462e-06
1.11726e-06
-2.00969e-06
5.95743e-07
-2.01368e-06
7.93472e-08
-1.99923e-06
-4.3142e-07
-1.96246e-06
-9.26839e-07
-1.90515e-06
-1.39047e-06
-1.83579e-06
-1.80616e-06
-1.76831e-06
-2.16762e-06
-1.72099e-06
-2.48432e-06
-1.71917e-06
-2.78401e-06
-1.79808e-06
-3.12062e-06
-1.98118e-06
-3.58883e-06
-2.2015e-06
-4.29671e-06
-2.2188e-06
-5.18359e-06
-1.73114e-06
-5.70564e-06
-7.59922e-07
-4.83999e-06
-1.92913e-06
-2.29195e-08
6.69148e-07
-6.24497e-08
9.79043e-07
-1.07508e-07
1.08541e-06
-1.54126e-07
1.13927e-06
-2.01413e-07
1.18069e-06
-2.49439e-07
1.21988e-06
-2.98702e-07
1.26007e-06
-3.50009e-07
1.30266e-06
-4.0447e-07
1.349e-06
-4.63542e-07
1.40141e-06
-5.29052e-07
1.46415e-06
-6.03151e-07
1.5445e-06
-6.88141e-07
1.65367e-06
-7.85965e-07
1.8065e-06
-8.97339e-07
2.01811e-06
-1.02023e-06
2.2951e-06
-1.14666e-06
2.60706e-06
-1.26702e-06
2.8841e-06
-1.37023e-06
3.03839e-06
-1.44498e-06
2.97489e-06
-1.49261e-06
2.66791e-06
-1.52803e-06
2.20346e-06
-1.56342e-06
1.68202e-06
-1.60032e-06
1.15415e-06
-1.63288e-06
6.28311e-07
-1.65297e-06
9.94333e-08
-1.6527e-06
-4.31686e-07
-1.62707e-06
-9.52471e-07
-1.57682e-06
-1.44072e-06
-1.51008e-06
-1.8729e-06
-1.44032e-06
-2.23738e-06
-1.38242e-06
-2.54223e-06
-1.35339e-06
-2.81304e-06
-1.3799e-06
-3.09411e-06
-1.50147e-06
-3.46726e-06
-1.72553e-06
-4.07265e-06
-1.90194e-06
-5.00718e-06
-1.68393e-06
-5.92365e-06
-8.69548e-07
-5.65437e-06
-2.79868e-06
-1.69909e-08
6.86139e-07
-4.98023e-08
1.01185e-06
-8.83013e-08
1.12391e-06
-1.28375e-07
1.17934e-06
-1.68933e-07
1.22125e-06
-2.09878e-07
1.26083e-06
-2.51552e-07
1.30174e-06
-2.94581e-07
1.34569e-06
-3.39831e-07
1.39425e-06
-3.88386e-07
1.44996e-06
-4.41473e-07
1.51724e-06
-5.0028e-07
1.6033e-06
-5.65542e-07
1.71893e-06
-6.37009e-07
1.87797e-06
-7.12789e-07
2.09389e-06
-7.88775e-07
2.37108e-06
-8.5905e-07
2.67734e-06
-9.20236e-07
2.94529e-06
-9.70288e-07
3.08844e-06
-1.01134e-06
3.01594e-06
-1.04846e-06
2.70504e-06
-1.08891e-06
2.24391e-06
-1.13522e-06
1.72833e-06
-1.18355e-06
1.20248e-06
-1.22726e-06
6.72027e-07
-1.25926e-06
1.3143e-07
-1.27224e-06
-4.187e-07
-1.2606e-06
-9.64119e-07
-1.2238e-06
-1.47752e-06
-1.16919e-06
-1.92751e-06
-1.10999e-06
-2.29658e-06
-1.05944e-06
-2.59278e-06
-1.02889e-06
-2.84359e-06
-1.03376e-06
-3.08924e-06
-1.10537e-06
-3.39565e-06
-1.28365e-06
-3.89438e-06
-1.51596e-06
-4.77486e-06
-1.50527e-06
-5.93434e-06
-8.9678e-07
-6.26287e-06
-3.69546e-06
-1.09603e-08
6.97099e-07
-3.67145e-08
1.03761e-06
-6.82723e-08
1.15547e-06
-1.01412e-07
1.21248e-06
-1.34833e-07
1.25467e-06
-1.68251e-07
1.29425e-06
-2.01817e-07
1.33531e-06
-2.35939e-07
1.37981e-06
-2.71187e-07
1.4295e-06
-3.08206e-07
1.48698e-06
-3.47556e-07
1.55659e-06
-3.89422e-07
1.64517e-06
-4.33113e-07
1.76262e-06
-4.76435e-07
1.92129e-06
-5.15212e-07
2.13267e-06
-5.439e-07
2.39977e-06
-5.58978e-07
2.69241e-06
-5.62759e-07
2.94907e-06
-5.60939e-07
3.08662e-06
-5.68881e-07
3.02388e-06
-5.93609e-07
2.72977e-06
-6.33748e-07
2.28405e-06
-6.83607e-07
1.77819e-06
-7.35837e-07
1.25471e-06
-7.84065e-07
7.20255e-07
-8.23045e-07
1.70411e-07
-8.47332e-07
-3.94413e-07
-8.5182e-07
-9.59631e-07
-8.34851e-07
-1.49449e-06
-8.0207e-07
-1.96029e-06
-7.65245e-07
-2.3334e-06
-7.35919e-07
-2.6221e-06
-7.2202e-07
-2.85749e-06
-7.31349e-07
-3.07991e-06
-7.81897e-07
-3.3451e-06
-9.13261e-07
-3.76301e-06
-1.13693e-06
-4.5512e-06
-1.25291e-06
-5.81835e-06
-8.56151e-07
-6.65963e-06
-4.55161e-06
-4.99224e-09
7.02092e-07
-2.34839e-08
1.0561e-06
-4.78599e-08
1.17984e-06
-7.37938e-08
1.23841e-06
-9.97842e-08
1.28066e-06
-1.25358e-07
1.31982e-06
-1.50463e-07
1.36041e-06
-1.75265e-07
1.40461e-06
-2.00014e-07
1.45425e-06
-2.24899e-07
1.51187e-06
-2.49828e-07
1.58152e-06
-2.74064e-07
1.6694e-06
-2.95697e-07
1.78425e-06
-3.11039e-07
1.93663e-06
-3.14344e-07
2.13597e-06
-2.98925e-07
2.38435e-06
-2.62801e-07
2.65629e-06
-2.11795e-07
2.89807e-06
-1.59446e-07
3.03427e-06
-1.2758e-07
2.99201e-06
-1.31479e-07
2.73367e-06
-1.62589e-07
2.31516e-06
-2.08469e-07
1.82407e-06
-2.5835e-07
1.30459e-06
-3.05818e-07
7.67722e-07
-3.47416e-07
2.12009e-07
-3.80486e-07
-3.61344e-07
-4.0195e-07
-9.38166e-07
-4.1016e-07
-1.48628e-06
-4.08402e-07
-1.96204e-06
-4.04994e-07
-2.33681e-06
-4.08586e-07
-2.61851e-06
-4.24017e-07
-2.84206e-06
-4.55005e-07
-3.04892e-06
-5.10285e-07
-3.28982e-06
-6.16429e-07
-3.65687e-06
-8.09819e-07
-4.35781e-06
-9.81886e-07
-5.64628e-06
-7.71164e-07
-6.87035e-06
-5.32277e-06
8.69014e-10
7.01223e-07
-1.04365e-08
1.06741e-06
-2.75359e-08
1.19694e-06
-4.61246e-08
1.257e-06
-6.45372e-08
1.29907e-06
-8.21035e-08
1.33739e-06
-9.85664e-08
1.37688e-06
-1.13848e-07
1.41989e-06
-1.2789e-07
1.46829e-06
-1.40466e-07
1.52444e-06
-1.50918e-07
1.59197e-06
-1.5777e-07
1.67626e-06
-1.58201e-07
1.78468e-06
-1.47535e-07
1.92597e-06
-1.18965e-07
2.1074e-06
-6.51734e-08
2.33056e-06
1.55845e-08
2.57553e-06
1.16689e-07
2.79696e-06
2.19788e-07
2.93118e-06
2.98143e-07
2.91366e-06
3.2794e-07
2.70387e-06
3.16733e-07
2.32637e-06
2.82381e-07
1.85842e-06
2.39605e-07
1.34737e-06
1.96046e-07
8.11281e-07
1.54422e-07
2.53634e-07
1.14865e-07
-3.21787e-07
7.73733e-08
-9.00675e-07
4.13613e-08
-1.45027e-06
4.32795e-09
-1.92501e-06
-3.6721e-08
-2.29576e-06
-8.28161e-08
-2.57242e-06
-1.36216e-07
-2.78866e-06
-1.98915e-07
-2.98622e-06
-2.75788e-07
-3.21295e-06
-3.81554e-07
-3.5511e-06
-5.49603e-07
-4.18976e-06
-7.30836e-07
-5.46505e-06
-6.60267e-07
-6.94092e-06
-5.98304e-06
6.03191e-09
6.95191e-07
1.91005e-09
1.07153e-06
-7.80436e-09
1.20666e-06
-1.9026e-08
1.26823e-06
-2.98511e-08
1.3099e-06
-3.94106e-08
1.34695e-06
-4.72493e-08
1.38472e-06
-5.30673e-08
1.42571e-06
-5.65372e-08
1.47176e-06
-5.70931e-08
1.525e-06
-5.36498e-08
1.58853e-06
-4.42038e-08
1.66681e-06
-2.53198e-08
1.7658e-06
8.33354e-09
1.89231e-06
6.34491e-08
2.05229e-06
1.48024e-07
2.24599e-06
2.64689e-07
2.45887e-06
4.07325e-07
2.65433e-06
5.57667e-07
2.78083e-06
6.85948e-07
2.78538e-06
7.64041e-07
2.62578e-06
7.87484e-07
2.30292e-06
7.74955e-07
1.87095e-06
7.44557e-07
1.37776e-06
7.06713e-07
8.49125e-07
6.64787e-07
2.9556e-07
6.1739e-07
-2.74389e-07
5.60942e-07
-8.44227e-07
4.9239e-07
-1.38171e-06
4.12107e-07
-1.84473e-06
3.23643e-07
-2.2073e-06
2.30355e-07
-2.47913e-06
1.34431e-07
-2.69274e-06
3.55038e-08
-2.8873e-06
-7.04138e-08
-3.10703e-06
-1.93488e-07
-3.42803e-06
-3.53728e-07
-4.02952e-06
-5.27327e-07
-5.29145e-06
-5.33937e-07
-6.93431e-06
-6.51698e-06
1.08255e-08
6.84365e-07
1.36067e-08
1.06875e-06
1.08894e-08
1.20938e-06
6.86656e-09
1.27225e-06
3.50671e-09
1.31326e-06
1.81825e-09
1.34863e-06
2.42268e-09
1.38411e-06
5.80353e-09
1.42233e-06
1.25e-08
1.46506e-06
2.33224e-08
1.51418e-06
3.96375e-08
1.57221e-06
6.37316e-08
1.64272e-06
9.92421e-08
1.73029e-06
1.51499e-07
1.84006e-06
2.27627e-07
1.97616e-06
3.35188e-07
2.13842e-06
4.78029e-07
2.31603e-06
6.50763e-07
2.48159e-06
8.38161e-07
2.59343e-06
1.01375e-06
2.60979e-06
1.14631e-06
2.49322e-06
1.21924e-06
2.22999e-06
1.24222e-06
1.84797e-06
1.23285e-06
1.38713e-06
1.2042e-06
8.77777e-07
1.16138e-06
3.38376e-07
1.10307e-06
-2.16078e-07
1.02464e-06
-7.65796e-07
9.21631e-07
-1.27871e-06
7.96617e-07
-1.71972e-06
6.58847e-07
-2.06953e-06
5.1775e-07
-2.33803e-06
3.78996e-07
-2.55398e-06
2.43231e-07
-2.75153e-06
1.06474e-07
-2.97028e-06
-4.04639e-08
-3.28109e-06
-2.0935e-07
-3.86063e-06
-3.8332e-07
-5.11748e-06
-4.10432e-07
-6.9072e-06
-6.92741e-06
1.48985e-08
6.69467e-07
2.39278e-08
1.05972e-06
2.7977e-08
1.20533e-06
3.09035e-08
1.26932e-06
3.47602e-08
1.3094e-06
4.06771e-08
1.34272e-06
4.9412e-08
1.37538e-06
6.15852e-08
1.41016e-06
7.78752e-08
1.44877e-06
9.92375e-08
1.49281e-06
1.27164e-07
1.54428e-06
1.64013e-07
1.60587e-06
2.13373e-07
1.68093e-06
2.80347e-07
1.77308e-06
3.7152e-07
1.88498e-06
4.94049e-07
2.0159e-06
6.52428e-07
2.15765e-06
8.43129e-07
2.29089e-06
1.05341e-06
2.38316e-06
1.2634e-06
2.3998e-06
1.4443e-06
2.31232e-06
1.57201e-06
2.10228e-06
1.64226e-06
1.77772e-06
1.66499e-06
1.3644e-06
1.65215e-06
8.9061e-07
1.61019e-06
3.80336e-07
1.53859e-06
-1.44477e-07
1.4348e-06
-6.62005e-07
1.29644e-06
-1.14035e-06
1.13008e-06
-1.55335e-06
9.49047e-07
-1.88849e-06
7.6623e-07
-2.15521e-06
5.89427e-07
-2.37718e-06
4.19978e-07
-2.58208e-06
2.53987e-07
-2.80429e-06
8.28581e-08
-3.10996e-06
-1.02001e-07
-3.67577e-06
-2.85085e-07
-4.9344e-06
-3.14832e-07
-6.87745e-06
-7.24224e-06
1.8103e-08
6.51364e-07
3.26453e-08
1.04517e-06
4.29433e-08
1.19503e-06
5.24362e-08
1.25983e-06
6.31675e-08
1.29867e-06
7.63421e-08
1.32954e-06
9.28072e-08
1.35891e-06
1.13267e-07
1.3897e-06
1.38473e-07
1.42357e-06
1.69426e-07
1.46186e-06
2.07612e-07
1.5061e-06
2.55278e-07
1.5582e-06
3.15731e-07
1.62048e-06
3.93557e-07
1.69526e-06
4.94555e-07
1.78399e-06
6.24938e-07
1.88551e-06
7.89177e-07
1.99341e-06
9.8611e-07
2.09396e-06
1.20539e-06
2.16387e-06
1.43134e-06
2.17385e-06
1.64209e-06
2.10157e-06
1.81302e-06
1.93135e-06
1.9297e-06
1.66103e-06
1.99042e-06
1.30369e-06
2.00016e-06
8.80867e-07
1.96395e-06
4.1655e-07
1.88207e-06
-6.25983e-08
1.75606e-06
-5.35995e-07
1.58904e-06
-9.73324e-07
1.39162e-06
-1.35593e-06
1.17926e-06
-1.67614e-06
9.66154e-07
-1.94211e-06
7.60393e-07
-2.17142e-06
5.63556e-07
-2.38524e-06
3.72251e-07
-2.61298e-06
1.7909e-07
-2.9168e-06
-2.32253e-08
-3.47346e-06
-2.1601e-07
-4.74161e-06
-2.55089e-07
-6.83837e-06
-7.49733e-06
2.02834e-08
6.3108e-07
3.93775e-08
1.02608e-06
5.52577e-08
1.17915e-06
7.08104e-08
1.24428e-06
8.79827e-08
1.2815e-06
1.07997e-07
1.30953e-06
1.31737e-07
1.33517e-06
1.59936e-07
1.3615e-06
1.93352e-07
1.39015e-06
2.32945e-07
1.42227e-06
2.80085e-07
1.45896e-06
3.36773e-07
1.50151e-06
4.05878e-07
1.55137e-06
4.91279e-07
1.60986e-06
5.97772e-07
1.67749e-06
7.30457e-07
1.75283e-06
8.93217e-07
1.83065e-06
1.08646e-06
1.90072e-06
1.3031e-06
1.94723e-06
1.52891e-06
1.94805e-06
1.74747e-06
1.883e-06
1.93874e-06
1.74008e-06
2.0849e-06
1.51488e-06
2.17568e-06
1.21291e-06
2.20779e-06
8.48754e-07
2.18158e-06
4.42764e-07
2.09975e-06
1.92311e-08
1.96397e-06
-4.00214e-07
1.78364e-06
-7.92993e-07
1.57163e-06
-1.14393e-06
1.34401e-06
-1.44851e-06
1.11445e-06
-1.71255e-06
8.90395e-07
-1.94736e-06
6.73884e-07
-2.16873e-06
4.63138e-07
-2.40224e-06
2.52221e-07
-2.70589e-06
3.42344e-08
-3.25547e-06
-1.66993e-07
-4.54038e-06
-2.23094e-07
-6.78227e-06
-7.72043e-06
2.12795e-08
6.09801e-07
4.37523e-08
1.00361e-06
6.43669e-08
1.15853e-06
8.53539e-08
1.22329e-06
1.0846e-07
1.25839e-06
1.34856e-07
1.28313e-06
1.65399e-07
1.30463e-06
2.00797e-07
1.3261e-06
2.41752e-07
1.3492e-06
2.89116e-07
1.3749e-06
3.44058e-07
1.40402e-06
4.08249e-07
1.43732e-06
4.84027e-07
1.4756e-06
5.74487e-07
1.5194e-06
6.83384e-07
1.5686e-06
8.14656e-07
1.62156e-06
9.71301e-07
1.674e-06
1.15388e-06
1.71814e-06
1.35838e-06
1.74273e-06
1.57347e-06
1.73296e-06
1.78417e-06
1.67229e-06
1.97485e-06
1.5494e-06
2.12932e-06
1.36041e-06
2.23417e-06
1.10806e-06
2.28102e-06
8.01902e-07
2.26665e-06
4.57132e-07
2.19241e-06
9.34753e-08
2.06195e-06
-2.69756e-07
1.8853e-06
-6.16346e-07
1.67592e-06
-9.34552e-07
1.44847e-06
-1.22106e-06
1.21455e-06
-1.47862e-06
9.81578e-07
-1.7144e-06
7.53512e-07
-1.94067e-06
5.30318e-07
-2.17904e-06
3.06687e-07
-2.48225e-06
7.61496e-08
-3.02493e-06
-1.33088e-07
-4.33115e-06
-2.10113e-07
-6.70525e-06
-7.93054e-06
2.09124e-08
5.88889e-07
4.53519e-08
9.79168e-07
6.96752e-08
1.13421e-06
9.53547e-08
1.19761e-06
1.23825e-07
1.22992e-06
1.56124e-07
1.25083e-06
1.93016e-07
1.26774e-06
2.35122e-07
1.28399e-06
2.83035e-07
1.30128e-06
3.37437e-07
1.3205e-06
3.99249e-07
1.3422e-06
4.6976e-07
1.36681e-06
5.50751e-07
1.3946e-06
6.44533e-07
1.42561e-06
7.53867e-07
1.45926e-06
8.81574e-07
1.49385e-06
1.02971e-06
1.52587e-06
1.19847e-06
1.54938e-06
1.38515e-06
1.55605e-06
1.58228e-06
1.53583e-06
1.7771e-06
1.47748e-06
1.9554e-06
1.3711e-06
2.10355e-06
1.21226e-06
2.20901e-06
1.00261e-06
2.26208e-06
7.48833e-07
2.25762e-06
4.61586e-07
2.19542e-06
1.55681e-07
2.0792e-06
-1.53535e-07
1.9174e-06
-4.54552e-07
1.72179e-06
-7.38944e-07
1.50384e-06
-1.00311e-06
1.27385e-06
-1.24863e-06
1.04037e-06
-1.48092e-06
8.08413e-07
-1.70871e-06
5.78584e-07
-1.94921e-06
3.46778e-07
-2.25045e-06
1.07542e-07
-2.7857e-06
-1.09519e-07
-4.11409e-06
-2.09803e-07
-6.60496e-06
-8.14034e-06
1.89465e-08
5.69942e-07
4.36756e-08
9.54439e-07
7.0491e-08
1.10739e-06
1.00013e-07
1.16809e-06
1.33232e-07
1.1967e-06
1.70958e-07
1.21311e-06
2.1379e-07
1.2249e-06
2.62198e-07
1.23559e-06
3.16607e-07
1.24687e-06
3.77491e-07
1.25962e-06
4.45483e-07
1.27421e-06
5.21481e-07
1.29081e-06
6.06722e-07
1.30936e-06
7.02804e-07
1.32953e-06
8.11587e-07
1.35048e-06
9.34898e-07
1.37054e-06
1.07396e-06
1.38681e-06
1.22853e-06
1.39481e-06
1.39619e-06
1.38838e-06
1.57173e-06
1.3603e-06
1.74609e-06
1.30311e-06
1.90718e-06
1.21e-06
2.04269e-06
1.07675e-06
2.14166e-06
9.03633e-07
2.19535e-06
6.95148e-07
2.19793e-06
4.59007e-07
2.1481e-06
2.05507e-07
2.04876e-06
-5.41907e-08
1.90565e-06
-3.11447e-07
1.72756e-06
-5.60847e-07
1.52398e-06
-7.99535e-07
1.30435e-06
-1.02899e-06
1.07654e-06
-1.25311e-06
8.45634e-07
-1.4778e-06
6.13235e-07
-1.71681e-06
3.77234e-07
-2.01445e-06
1.33999e-07
-2.54246e-06
-9.02197e-08
-3.88987e-06
-2.16717e-07
-6.47847e-06
-8.35706e-06
1.50424e-08
5.549e-07
3.80804e-08
9.31401e-07
6.59724e-08
1.0795e-06
9.83821e-08
1.13568e-06
1.35705e-07
1.15938e-06
1.78412e-07
1.1704e-06
2.26848e-07
1.17647e-06
2.81262e-07
1.18117e-06
3.41858e-07
1.18628e-06
4.08858e-07
1.19261e-06
4.82594e-07
1.20048e-06
5.63584e-07
1.20982e-06
6.52569e-07
1.22038e-06
7.50518e-07
1.23158e-06
8.58533e-07
1.24246e-06
9.77617e-07
1.25145e-06
1.10827e-06
1.25615e-06
1.24992e-06
1.25316e-06
1.4003e-06
1.238e-06
1.55511e-06
1.2055e-06
1.70781e-06
1.15041e-06
1.84951e-06
1.0683e-06
1.96998e-06
9.56282e-07
2.05969e-06
8.13925e-07
2.11078e-06
6.44058e-07
2.11784e-06
4.51946e-07
2.07891e-06
2.4444e-07
1.99543e-06
2.9291e-08
1.87114e-06
-1.87163e-07
1.71202e-06
-4.01723e-07
1.52564e-06
-6.13157e-07
1.31945e-06
-8.22802e-07
1.10005e-06
-1.03372e-06
8.72625e-07
-1.25038e-06
6.39995e-07
-1.48418e-06
4.02707e-07
-1.77716e-06
1.60725e-07
-2.30048e-06
-6.75649e-08
-3.66158e-06
-2.25531e-07
-6.3205e-06
-8.58259e-06
8.62835e-09
5.46271e-07
2.76348e-08
9.12394e-07
5.50085e-08
1.05213e-06
8.92711e-08
1.10141e-06
1.3007e-07
1.11858e-06
1.77396e-07
1.12307e-06
2.3122e-07
1.12265e-06
2.91488e-07
1.1209e-06
3.58126e-07
1.11964e-06
4.31079e-07
1.11966e-06
5.10376e-07
1.12118e-06
5.96179e-07
1.12402e-06
6.88797e-07
1.12776e-06
7.88666e-07
1.13171e-06
8.96283e-07
1.13485e-06
1.012e-06
1.13573e-06
1.13577e-06
1.13239e-06
1.26671e-06
1.12222e-06
1.40274e-06
1.10197e-06
1.54024e-06
1.068e-06
1.67399e-06
1.01666e-06
1.79737e-06
9.44924e-07
1.90271e-06
8.50936e-07
1.9823e-06
7.34336e-07
2.02947e-06
5.96893e-07
2.03933e-06
4.4208e-07
2.00945e-06
2.74324e-07
1.94004e-06
9.86998e-08
1.83336e-06
-8.04815e-08
1.69295e-06
-2.61307e-07
1.5238e-06
-4.44016e-07
1.33133e-06
-6.30324e-07
1.12074e-06
-8.23132e-07
8.97028e-07
-1.02666e-06
6.64229e-07
-1.25139e-06
4.26283e-07
-1.53921e-06
1.89563e-07
-2.06376e-06
-3.84904e-08
-3.43352e-06
-2.3219e-07
-6.1268e-06
-8.81478e-06
-1.32674e-09
5.47598e-07
1.09873e-08
9.0008e-07
3.6049e-08
1.02707e-06
7.11685e-08
1.0663e-06
1.14969e-07
1.07478e-06
1.66735e-07
1.07131e-06
2.25914e-07
1.06347e-06
2.9206e-07
1.05476e-06
3.64778e-07
1.04692e-06
4.43731e-07
1.04071e-06
5.28656e-07
1.03626e-06
6.19383e-07
1.03329e-06
7.15855e-07
1.03129e-06
8.18096e-07
1.02947e-06
9.26135e-07
1.02681e-06
1.03985e-06
1.02202e-06
1.15875e-06
1.01349e-06
1.28176e-06
9.99207e-07
1.40692e-06
9.76812e-07
1.53119e-06
9.43729e-07
1.65039e-06
8.97459e-07
1.75934e-06
8.35968e-07
1.85226e-06
7.58019e-07
1.92313e-06
6.63468e-07
1.96656e-06
5.5346e-07
1.97844e-06
4.30201e-07
1.95616e-06
2.96599e-07
1.89899e-06
1.55873e-07
1.80778e-06
1.0731e-08
1.68426e-06
-1.37792e-07
1.53099e-06
-2.90743e-07
1.35119e-06
-4.50525e-07
1.14845e-06
-6.20388e-07
9.27087e-07
-8.05304e-07
6.92374e-07
-1.01667e-06
4.52253e-07
-1.29909e-06
2.22481e-07
-1.83399e-06
3.9954e-10
-3.21144e-06
-2.35527e-07
-5.89087e-06
-9.05031e-06
-1.6385e-08
5.63983e-07
-1.4302e-08
8.97997e-07
7.02771e-09
1.00574e-06
4.21611e-08
1.03116e-06
8.8832e-08
1.02811e-06
1.45238e-07
1.0149e-06
2.10124e-07
9.98581e-07
2.82528e-07
9.82355e-07
3.61667e-07
9.67781e-07
4.46887e-07
9.55489e-07
5.37667e-07
9.45476e-07
6.33607e-07
9.37353e-07
7.34411e-07
9.30484e-07
8.39804e-07
9.24078e-07
9.4943e-07
9.17183e-07
1.0628e-06
9.0865e-07
1.17916e-06
8.97133e-07
1.29728e-06
8.81081e-07
1.41534e-06
8.58759e-07
1.53072e-06
8.28348e-07
1.64003e-06
7.88149e-07
1.73918e-06
7.36814e-07
1.82365e-06
6.73546e-07
1.88878e-06
5.98341e-07
1.93025e-06
5.11987e-07
1.94461e-06
4.15843e-07
1.92925e-06
3.11959e-07
1.88281e-06
2.02318e-07
1.80503e-06
8.85129e-08
1.69638e-06
-2.91461e-08
1.55747e-06
-1.51833e-07
1.3893e-06
-2.82358e-07
1.19365e-06
-4.24733e-07
9.7383e-07
-5.85486e-07
7.36369e-07
-7.79211e-07
4.94283e-07
-1.057e-06
2.73016e-07
-1.61272e-06
6.10978e-08
-2.99952e-06
-2.31014e-07
-5.59876e-06
-9.28132e-06
-3.95615e-08
6.03544e-07
-5.2059e-08
9.10495e-07
-3.58141e-08
9.89492e-07
-2.28146e-10
9.95576e-07
4.9917e-08
9.77963e-07
1.11893e-07
9.52924e-07
1.83453e-07
9.27021e-07
2.6301e-07
9.02798e-07
3.49357e-07
8.81434e-07
4.41535e-07
8.63311e-07
5.38807e-07
8.48204e-07
6.40604e-07
8.35555e-07
7.46449e-07
8.24639e-07
8.55871e-07
8.14656e-07
9.68334e-07
8.0472e-07
1.08315e-06
7.93833e-07
1.19939e-06
7.8089e-07
1.31578e-06
7.64689e-07
1.43058e-06
7.43969e-07
1.54144e-06
7.1748e-07
1.64552e-06
6.84075e-07
1.73948e-06
6.42848e-07
1.81974e-06
5.93286e-07
1.88265e-06
5.35435e-07
1.92486e-06
4.6978e-07
1.94323e-06
3.97469e-07
1.93515e-06
3.20041e-07
1.89885e-06
2.38616e-07
1.83355e-06
1.53816e-07
1.73872e-06
6.56841e-08
1.61387e-06
-2.6988e-08
1.45844e-06
-1.26927e-07
1.27244e-06
-2.38733e-07
1.05819e-06
-3.71236e-07
8.24206e-07
-5.45227e-07
5.91755e-07
-8.24554e-07
3.91575e-07
-1.41254e-06
1.95585e-07
-2.80353e-06
-1.76617e-07
-5.22656e-06
-9.45794e-06
-7.67587e-08
6.80303e-07
-1.05241e-07
9.38977e-07
-9.50408e-08
9.79292e-07
-5.87759e-08
9.59311e-07
-3.3191e-09
9.22507e-07
6.61687e-08
8.83436e-07
1.46211e-07
8.46979e-07
2.3457e-07
8.14439e-07
3.29605e-07
7.86399e-07
4.30075e-07
7.62842e-07
5.35086e-07
7.43193e-07
6.43983e-07
7.26658e-07
7.56221e-07
7.12402e-07
8.71244e-07
6.99632e-07
9.88427e-07
6.87537e-07
1.10699e-06
6.75273e-07
1.22591e-06
6.61967e-07
1.34388e-06
6.46719e-07
1.45922e-06
6.28634e-07
1.56984e-06
6.06857e-07
1.67329e-06
5.8062e-07
1.76683e-06
5.49318e-07
1.84751e-06
5.12596e-07
1.91244e-06
4.70507e-07
1.95862e-06
4.236e-07
1.98331e-06
3.72777e-07
1.98463e-06
3.18726e-07
1.96075e-06
2.62496e-07
1.9101e-06
2.04463e-07
1.83159e-06
1.44197e-07
1.72417e-06
8.04281e-08
1.58736e-06
9.8826e-09
1.42003e-06
-7.13971e-08
1.22489e-06
-1.76096e-07
1.0119e-06
-3.3224e-07
8.11521e-07
-6.24174e-07
6.55201e-07
-1.25622e-06
4.62424e-07
-2.61076e-06
1.24465e-08
-4.77658e-06
-9.44549e-06
-1.3355e-07
8.13853e-07
-1.92642e-07
9.98069e-07
-1.85463e-07
9.72113e-07
-1.4225e-07
9.16098e-07
-7.60696e-08
8.56326e-07
6.15257e-09
8.01214e-07
9.93673e-08
7.53764e-07
2.01027e-07
7.12779e-07
3.08901e-07
6.78525e-07
4.21468e-07
6.50275e-07
5.37745e-07
6.26916e-07
6.57165e-07
6.07238e-07
7.79272e-07
5.90294e-07
9.03547e-07
5.75358e-07
1.02935e-06
5.61731e-07
1.15589e-06
5.48732e-07
1.28216e-06
5.35701e-07
1.40688e-06
5.21996e-07
1.52852e-06
5.06996e-07
1.64524e-06
4.90133e-07
1.75494e-06
4.70927e-07
1.85524e-06
4.49018e-07
1.94362e-06
4.24214e-07
2.01752e-06
3.96601e-07
2.07456e-06
3.6656e-07
2.11284e-06
3.34503e-07
2.13075e-06
3.00818e-07
2.12715e-06
2.66096e-07
2.10091e-06
2.30701e-07
2.05073e-06
1.94373e-07
1.97536e-06
1.55802e-07
1.87339e-06
1.11854e-07
1.74585e-06
5.61446e-08
1.59696e-06
-2.72157e-08
1.43527e-06
-1.70546e-07
1.28185e-06
-4.70751e-07
1.1419e-06
-1.11628e-06
8.72648e-07
-2.34151e-06
2.89036e-07
-4.19297e-06
-9.15646e-06
-2.58768e-07
1.07262e-06
-3.17072e-07
1.05637e-06
-2.9573e-07
9.50771e-07
-2.43267e-07
8.63634e-07
-1.5586e-07
7.68919e-07
-4.19153e-08
6.87269e-07
8.88995e-08
6.22949e-07
2.28353e-07
5.73325e-07
3.71172e-07
5.35706e-07
5.15595e-07
5.05852e-07
6.61228e-07
4.81282e-07
8.07786e-07
4.6068e-07
9.55013e-07
4.43067e-07
1.10273e-06
4.27638e-07
1.25062e-06
4.13845e-07
1.39814e-06
4.01205e-07
1.54456e-06
3.89281e-07
1.68889e-06
3.7767e-07
1.82989e-06
3.65992e-07
1.96613e-06
3.539e-07
2.09595e-06
3.41098e-07
2.21762e-06
3.27356e-07
2.3293e-06
3.12531e-07
2.42931e-06
2.96594e-07
2.51622e-06
2.79651e-07
2.58888e-06
2.61836e-07
2.6464e-06
2.43296e-07
2.68831e-06
2.24185e-07
2.71445e-06
2.04571e-07
2.72473e-06
1.84085e-07
2.71883e-06
1.61706e-07
2.69597e-06
1.34715e-07
2.6548e-06
9.73161e-08
2.59287e-06
3.47136e-08
2.50683e-06
-8.45051e-08
2.3685e-06
-3.32427e-07
2.08336e-06
-8.31129e-07
1.47237e-06
-1.73052e-06
6.48399e-07
-3.369e-06
-8.50806e-06
-4.30737e-07
1.50336e-06
-4.14421e-07
1.04006e-06
-1.442e-07
6.80551e-07
1.7573e-07
5.43704e-07
4.80307e-07
4.64342e-07
7.64805e-07
4.02772e-07
1.03028e-06
3.57476e-07
1.27744e-06
3.26164e-07
1.51042e-06
3.02729e-07
1.73266e-06
2.83614e-07
1.94641e-06
2.67531e-07
2.15328e-06
2.53803e-07
2.35445e-06
2.41899e-07
2.55069e-06
2.314e-07
2.74253e-06
2.22006e-07
2.93026e-06
2.13471e-07
3.11397e-06
2.05578e-07
3.29351e-06
1.9813e-07
3.46856e-06
1.90943e-07
3.63861e-06
1.83847e-07
3.80301e-06
1.76694e-07
3.96101e-06
1.69361e-07
4.11178e-06
1.61762e-07
4.25453e-06
1.53847e-07
4.38856e-06
1.45618e-07
4.5133e-06
1.37091e-07
4.62833e-06
1.28274e-07
4.73337e-06
1.19145e-07
4.82828e-06
1.09652e-07
4.9129e-06
9.94669e-08
4.98678e-06
8.783e-08
5.04866e-06
7.28363e-08
5.09455e-06
5.14226e-08
5.11013e-06
1.91334e-08
5.06371e-06
-3.80802e-08
4.86092e-06
-1.29646e-07
4.2805e-06
-2.50703e-07
3.06284e-06
-5.1287e-07
1.47877e-06
-1.78492e-06
-7.02929e-06
1.50336e-06
2.54341e-06
3.22397e-06
3.76767e-06
4.23201e-06
4.63478e-06
4.99226e-06
5.31842e-06
5.62115e-06
5.90477e-06
6.1723e-06
6.4261e-06
6.668e-06
6.8994e-06
7.1214e-06
7.33487e-06
7.54045e-06
7.73858e-06
7.92953e-06
8.11337e-06
8.29007e-06
8.45943e-06
8.62119e-06
8.77504e-06
8.92065e-06
9.05775e-06
9.18602e-06
9.30517e-06
9.41482e-06
9.51428e-06
9.60211e-06
9.67495e-06
9.72637e-06
9.74551e-06
9.70743e-06
9.57778e-06
9.32708e-06
8.81421e-06
7.02929e-06
)
;

boundaryField
{
    movingWall
    {
        type            calculated;
        value           uniform 0;
    }
    fixedWalls
    {
        type            calculated;
        value           uniform 0;
    }
    frontAndBack
    {
        type            empty;
    }
}


// ************************************************************************* //
