/*--------------------------------*- C++ -*----------------------------------*\
| =========                 |                                                 |
| \\      /  F ield         | OpenFOAM: The Open Source CFD Toolbox           |
|  \\    /   O peration     | Version:  2412                                  |
|   \\  /    A nd           | Website:  www.openfoam.com                      |
|    \\/     M anipulation  |                                                 |
\*---------------------------------------------------------------------------*/
FoamFile
{
    version     2.0;
    format      ascii;
    arch        "LSB;label=32;scalar=64";
    class       volVectorField;
    location    "1.5";
    object      U;
}
// * * * * * * * * * * * * * * * * * * * * * * * * * * * * * * * * * * * * * //

dimensions      [0 1 -1 0 0 0 0];

internalField   nonuniform List<vector> 
1600
(
(0.000140179 -0.000141797 0)
(0.000141916 -5.03244e-06 0)
(-0.000358142 0.000176089 0)
(-0.00125967 0.000307137 0)
(-0.00240534 0.000374476 0)
(-0.00368664 0.000401973 0)
(-0.00504006 0.000412444 0)
(-0.0064374 0.000419285 0)
(-0.00787082 0.000429249 0)
(-0.00934175 0.000444647 0)
(-0.010857 0.000466384 0)
(-0.0124233 0.000494824 0)
(-0.0140441 0.000530509 0)
(-0.0157141 0.000571671 0)
(-0.0174153 0.000613947 0)
(-0.0191149 0.000650906 0)
(-0.020765 0.000674586 0)
(-0.0223043 0.000676377 0)
(-0.023665 0.000648298 0)
(-0.024777 0.000584685 0)
(-0.0255649 0.000480375 0)
(-0.0259684 0.000334273 0)
(-0.0259367 0.000151281 0)
(-0.0254199 -6.21058e-05 0)
(-0.0243989 -0.000295321 0)
(-0.0228793 -0.000531765 0)
(-0.0208984 -0.000750233 0)
(-0.0185365 -0.000934833 0)
(-0.0158942 -0.00107396 0)
(-0.0130888 -0.00115461 0)
(-0.0102507 -0.00116728 0)
(-0.00751472 -0.00110956 0)
(-0.00500673 -0.000987329 0)
(-0.00283481 -0.00081234 0)
(-0.00107886 -0.000599156 0)
(0.000200286 -0.000364851 0)
(0.000954413 -0.000121071 0)
(0.00117296 0.000122119 0)
(0.000899423 0.000280394 0)
(0.000298605 0.000294412 0)
(-1.21689e-05 -0.000144407 0)
(-0.000586239 0.00055733 0)
(-0.00182953 0.00132681 0)
(-0.00354722 0.00187639 0)
(-0.00558702 0.00220214 0)
(-0.00782834 0.00238143 0)
(-0.0101973 0.00248307 0)
(-0.0126527 0.00254916 0)
(-0.0151712 0.00260378 0)
(-0.0177399 0.00266149 0)
(-0.0203496 0.00272833 0)
(-0.022988 0.00280069 0)
(-0.0256288 0.00286396 0)
(-0.0282291 0.0028984 0)
(-0.030731 0.00288101 0)
(-0.0330628 0.00278779 0)
(-0.0351472 0.00259872 0)
(-0.0369086 0.00230065 0)
(-0.0382785 0.00188969 0)
(-0.0391983 0.00137284 0)
(-0.0396207 0.000760767 0)
(-0.0395055 6.67958e-05 0)
(-0.0388261 -0.000691157 0)
(-0.0375714 -0.00148919 0)
(-0.0357365 -0.00229557 0)
(-0.0333414 -0.00306478 0)
(-0.0304387 -0.00374269 0)
(-0.0271071 -0.00427364 0)
(-0.0234732 -0.00462793 0)
(-0.0196788 -0.00478421 0)
(-0.0158739 -0.00472247 0)
(-0.012215 -0.00444258 0)
(-0.00884741 -0.00396781 0)
(-0.00589061 -0.00333725 0)
(-0.00342959 -0.00259584 0)
(-0.00151806 -0.00178419 0)
(-0.000178066 -0.000928993 0)
(0.000563021 -6.9665e-05 0)
(0.000707663 0.000664416 0)
(0.000283744 0.000883718 0)
(-0.000250395 0.0004147 0)
(-0.00147819 0.00183725 0)
(-0.00326143 0.00311164 0)
(-0.00541788 0.00401836 0)
(-0.00786115 0.00459716 0)
(-0.0105049 0.00495456 0)
(-0.0132975 0.00518535 0)
(-0.0162044 0.00535081 0)
(-0.0192 0.00548252 0)
(-0.0222601 0.00559536 0)
(-0.0253525 0.00568854 0)
(-0.0284328 0.00574721 0)
(-0.0314447 0.00574374 0)
(-0.0343206 0.00564321 0)
(-0.0369858 0.00541253 0)
(-0.0393665 0.00502693 0)
(-0.041398 0.00447426 0)
(-0.0430289 0.00375492 0)
(-0.0442215 0.00287913 0)
(-0.0449463 0.00186308 0)
(-0.0451781 0.000724432 0)
(-0.0448899 -0.000518851 0)
(-0.0440497 -0.00184441 0)
(-0.0426293 -0.00321484 0)
(-0.0406104 -0.00457971 0)
(-0.037992 -0.0058753 0)
(-0.0348167 -0.00701478 0)
(-0.0311573 -0.00790246 0)
(-0.0271376 -0.00848329 0)
(-0.0229202 -0.00871754 0)
(-0.0186832 -0.00858122 0)
(-0.0146133 -0.00807364 0)
(-0.0108828 -0.00723778 0)
(-0.00762563 -0.00614575 0)
(-0.00492399 -0.00488177 0)
(-0.00280855 -0.00352159 0)
(-0.00126648 -0.00211859 0)
(-0.000266903 -0.000717989 0)
(0.000231973 0.000579535 0)
(0.000178329 0.0012266 0)
(-0.000478494 0.00150596 0)
(-0.00223832 0.00364328 0)
(-0.00440771 0.00528226 0)
(-0.00683839 0.00644926 0)
(-0.00949812 0.00723822 0)
(-0.0123346 0.00776657 0)
(-0.0153184 0.00813312 0)
(-0.018421 0.00840372 0)
(-0.0216141 0.00861363 0)
(-0.0248647 0.00877071 0)
(-0.0281278 0.00886174 0)
(-0.0313474 0.00885818 0)
(-0.0344565 0.00872166 0)
(-0.0373842 0.00841383 0)
(-0.0400632 0.00790593 0)
(-0.0424368 0.00718457 0)
(-0.0444634 0.00625202 0)
(-0.0461154 0.00512216 0)
(-0.0473733 0.00381405 0)
(-0.0482187 0.00234519 0)
(-0.0486272 0.000728525 0)
(-0.0485618 -0.00102448 0)
(-0.04797 -0.00289481 0)
(-0.0467887 -0.00484547 0)
(-0.0449552 -0.0068159 0)
(-0.0424203 -0.00871546 0)
(-0.0391877 -0.0104132 0)
(-0.0353052 -0.0117703 0)
(-0.0308789 -0.0126731 0)
(-0.0261139 -0.013048 0)
(-0.0212547 -0.0128484 0)
(-0.0165636 -0.0120833 0)
(-0.0122894 -0.0108247 0)
(-0.00861839 -0.00919552 0)
(-0.0056478 -0.0073402 0)
(-0.00338312 -0.00539016 0)
(-0.00176324 -0.00344027 0)
(-0.000692876 -0.00154634 0)
(-5.88299e-05 0.000217481 0)
(0.000105358 0.00131938 0)
(-0.00064937 0.00299708 0)
(-0.00279902 0.00584442 0)
(-0.00525032 0.00774901 0)
(-0.00788034 0.00909748 0)
(-0.0106889 0.0100521 0)
(-0.0136406 0.0107312 0)
(-0.0167206 0.0112271 0)
(-0.0199117 0.0116 0)
(-0.0231885 0.0118794 0)
(-0.0265131 0.0120631 0)
(-0.0298376 0.0121275 0)
(-0.0331039 0.0120343 0)
(-0.0362487 0.0117413 0)
(-0.0392116 0.011214 0)
(-0.0419419 0.0104333 0)
(-0.0444031 0.0094001 0)
(-0.0465751 0.00813156 0)
(-0.0484516 0.0066523 0)
(-0.0500319 0.00498343 0)
(-0.0513096 0.00313455 0)
(-0.052261 0.00110197 0)
(-0.0528359 -0.00112277 0)
(-0.0529485 -0.00354071 0)
(-0.0524786 -0.00612896 0)
(-0.0512873 -0.00882196 0)
(-0.0492292 -0.0115047 0)
(-0.0462019 -0.0139941 0)
(-0.0422019 -0.0160741 0)
(-0.0372654 -0.0175346 0)
(-0.0316131 -0.018216 0)
(-0.0255949 -0.0180081 0)
(-0.0196319 -0.0169185 0)
(-0.0141633 -0.0150799 0)
(-0.00954336 -0.0127102 0)
(-0.00594974 -0.0100707 0)
(-0.00336977 -0.00738323 0)
(-0.00165878 -0.00480104 0)
(-0.000620405 -0.00239643 0)
(-4.93028e-05 -0.000209098 0)
(0.000100642 0.00131241 0)
(-0.000760629 0.00477589 0)
(-0.0031811 0.00832285 0)
(-0.00583557 0.0104297 0)
(-0.00861122 0.0119028 0)
(-0.0115266 0.0129809 0)
(-0.0145556 0.0137835 0)
(-0.0176936 0.0143932 0)
(-0.0209321 0.0148604 0)
(-0.0242479 0.015202 0)
(-0.0276048 0.0154046 0)
(-0.0309582 0.0154364 0)
(-0.0342574 0.0152532 0)
(-0.0374514 0.0148143 0)
(-0.0404963 0.0140937 0)
(-0.0433622 0.0130869 0)
(-0.0460382 0.0118113 0)
(-0.048533 0.0102992 0)
(-0.0508712 0.0085838 0)
(-0.0530843 0.00668495 0)
(-0.0551953 0.00459699 0)
(-0.0571987 0.00228687 0)
(-0.0590385 -0.000293112 0)
(-0.0605895 -0.00318729 0)
(-0.0616469 -0.00642357 0)
(-0.0619407 -0.00996362 0)
(-0.0611681 -0.0136821 0)
(-0.0590284 -0.017346 0)
(-0.0553539 -0.0206155 0)
(-0.0500768 -0.0231595 0)
(-0.0433015 -0.0246569 0)
(-0.0354172 -0.024814 0)
(-0.0270415 -0.0234994 0)
(-0.0189816 -0.0208764 0)
(-0.0120462 -0.0173499 0)
(-0.00676109 -0.0134541 0)
(-0.0032367 -0.00964844 0)
(-0.00117174 -0.00618642 0)
(-0.000139644 -0.00313816 0)
(0.00023836 -0.000497298 0)
(0.00016595 0.00139619 0)
(-0.000822778 0.00674452 0)
(-0.00342118 0.0109897 0)
(-0.00621507 0.0132607 0)
(-0.00909148 0.0148169 0)
(-0.0120807 0.0159862 0)
(-0.0151613 0.0168903 0)
(-0.0183343 0.0176 0)
(-0.0215972 0.0181519 0)
(-0.0249324 0.0185495 0)
(-0.0283098 0.0187705 0)
(-0.0316932 0.0187769 0)
(-0.0350441 0.0185241 0)
(-0.0383289 0.0179773 0)
(-0.0415263 0.0171233 0)
(-0.0446352 0.0159761 0)
(-0.0476797 0.0145748 0)
(-0.0507126 0.0129718 0)
(-0.0538132 0.0112144 0)
(-0.0570781 0.00932422 0)
(-0.0605946 0.00727538 0)
(-0.0643947 0.00498336 0)
(-0.0684146 0.00232107 0)
(-0.072466 -0.00085328 0)
(-0.0762028 -0.00466353 0)
(-0.0791472 -0.00915028 0)
(-0.080756 -0.0142086 0)
(-0.0805004 -0.0195661 0)
(-0.0779294 -0.024792 0)
(-0.0727965 -0.0293441 0)
(-0.0650494 -0.0326413 0)
(-0.055024 -0.0340845 0)
(-0.0434283 -0.0332733 0)
(-0.0312611 -0.0301047 0)
(-0.0198196 -0.02499 0)
(-0.0104655 -0.0188706 0)
(-0.00420583 -0.0129164 0)
(-0.000863288 -0.00786516 0)
(0.000490447 -0.00377852 0)
(0.000706308 -0.000512265 0)
(0.000290356 0.00171369 0)
(-0.000847332 0.00882498 0)
(-0.00355191 0.0137747 0)
(-0.00643085 0.0161891 0)
(-0.00936815 0.0178037 0)
(-0.0124024 0.0190411 0)
(-0.0155115 0.0200288 0)
(-0.018701 0.0208267 0)
(-0.0219738 0.0214577 0)
(-0.0253191 0.0219137 0)
(-0.0287164 0.0221647 0)
(-0.0321415 0.0221698 0)
(-0.0355729 0.0218884 0)
(-0.0389995 0.0212972 0)
(-0.0424298 0.0204025 0)
(-0.0459013 0.0192447 0)
(-0.0494906 0.0178952 0)
(-0.0533229 0.0164412 0)
(-0.0575724 0.0149599 0)
(-0.0624424 0.0134815 0)
(-0.0681113 0.011946 0)
(-0.0746405 0.010168 0)
(-0.0818885 0.00785504 0)
(-0.0894781 0.00468635 0)
(-0.0968349 0.00038984 0)
(-0.103233 -0.00520354 0)
(-0.107877 -0.012073 0)
(-0.110052 -0.0198955 0)
(-0.109111 -0.0280719 0)
(-0.10464 -0.0358033 0)
(-0.0965374 -0.0421479 0)
(-0.0848954 -0.0461469 0)
(-0.0702889 -0.0469617 0)
(-0.05372 -0.0441603 0)
(-0.0367099 -0.03797 0)
(-0.0211615 -0.0291283 0)
(-0.00898175 -0.0192829 0)
(-0.00194627 -0.0108517 0)
(0.000774144 -0.00466212 0)
(0.00116628 -0.000286667 0)
(0.000443637 0.00233285 0)
(-0.000844059 0.0109576 0)
(-0.00359607 0.0166201 0)
(-0.00651441 0.0191692 0)
(-0.00947658 0.0208299 0)
(-0.0125274 0.0221211 0)
(-0.0156425 0.0231801 0)
(-0.0188308 0.0240587 0)
(-0.0221003 0.0247684 0)
(-0.0254484 0.0252912 0)
(-0.0288661 0.0255927 0)
(-0.0323445 0.0256338 0)
(-0.035883 0.0253835 0)
(-0.0394988 0.0248374 0)
(-0.0432384 0.024031 0)
(-0.047193 0.0230466 0)
(-0.0515174 0.0220101 0)
(-0.0564463 0.0210724 0)
(-0.0622866 0.0203617 0)
(-0.0693607 0.0199054 0)
(-0.0778959 0.0195322 0)
(-0.0878804 0.0188235 0)
(-0.0989559 0.0172481 0)
(-0.11042 0.0142043 0)
(-0.121333 0.00913495 0)
(-0.130704 0.00186607 0)
(-0.137718 -0.00744621 0)
(-0.141844 -0.0183887 0)
(-0.142508 -0.0302292 0)
(-0.139412 -0.0419282 0)
(-0.132218 -0.052353 0)
(-0.120683 -0.0602512 0)
(-0.10478 -0.0643129 0)
(-0.085041 -0.0634802 0)
(-0.062937 -0.0572629 0)
(-0.0407666 -0.0462168 0)
(-0.0211999 -0.0321105 0)
(-0.00679642 -0.0176187 0)
(-0.000124706 -0.00685217 0)
(0.00134829 -0.000161557 0)
(0.000575636 0.00319086 0)
(-0.000820161 0.0130932 0)
(-0.0035702 0.0194775 0)
(-0.00648749 0.0221615 0)
(-0.00944153 0.0238636 0)
(-0.0124807 0.0252004 0)
(-0.0155782 0.0263237 0)
(-0.0187456 0.0272802 0)
(-0.0219957 0.0280729 0)
(-0.0253355 0.0286776 0)
(-0.0287688 0.0290592 0)
(-0.0323048 0.0291857 0)
(-0.0359672 0.0290428 0)
(-0.0398065 0.0286547 0)
(-0.0439162 0.0281013 0)
(-0.0484563 0.0275313 0)
(-0.0536824 0.027159 0)
(-0.0599593 0.0272239 0)
(-0.0677206 0.0278894 0)
(-0.0773439 0.029093 0)
(-0.088957 0.0304501 0)
(-0.102341 0.0312447 0)
(-0.116741 0.0303692 0)
(-0.130928 0.0269455 0)
(-0.143736 0.0204934 0)
(-0.154311 0.0109202 0)
(-0.161921 -0.00141455 0)
(-0.166456 -0.0157557 0)
(-0.168046 -0.0312362 0)
(-0.166599 -0.0468616 0)
(-0.161692 -0.0616005 0)
(-0.152698 -0.0741694 0)
(-0.138857 -0.0829594 0)
(-0.119653 -0.0862052 0)
(-0.0953739 -0.0823009 0)
(-0.067967 -0.0707318 0)
(-0.0409508 -0.0528068 0)
(-0.0183437 -0.0318299 0)
(-0.00356135 -0.0126031 0)
(0.000991178 -0.00090936 0)
(0.000659204 0.00408413 0)
(-0.000781895 0.0151967 0)
(-0.00348386 0.0223022 0)
(-0.00636497 0.0251299 0)
(-0.00927967 0.0268734 0)
(-0.0122774 0.0282525 0)
(-0.0153308 0.0294367 0)
(-0.0184539 0.0304717 0)
(-0.0216643 0.0313556 0)
(-0.0249784 0.0320621 0)
(-0.0284144 0.03256 0)
(-0.0320003 0.0328308 0)
(-0.0357865 0.0328851 0)
(-0.0398603 0.0327884 0)
(-0.0443683 0.0326854 0)
(-0.0495485 0.0328186 0)
(-0.0557607 0.0335167 0)
(-0.0634773 0.0351069 0)
(-0.073186 0.0377239 0)
(-0.0852148 0.0411021 0)
(-0.0995094 0.0444607 0)
(-0.115187 0.0464152 0)
(-0.130866 0.0455278 0)
(-0.14524 0.0408183 0)
(-0.157124 0.0319572 0)
(-0.165807 0.0193397 0)
(-0.17148 0.00398189 0)
(-0.174661 -0.0131133 0)
(-0.176145 -0.0309855 0)
(-0.176024 -0.0492249 0)
(-0.174207 -0.0671915 0)
(-0.169834 -0.0840538 0)
(-0.161491 -0.0983264 0)
(-0.147502 -0.107729 0)
(-0.126535 -0.109425 0)
(-0.098686 -0.10097 0)
(-0.0666477 -0.0817496 0)
(-0.0358162 -0.0546157 0)
(-0.0117836 -0.0255658 0)
(-0.000356822 -0.00424718 0)
(0.000717615 0.00469398 0)
(-0.000729621 0.017232 0)
(-0.00334381 0.0250572 0)
(-0.00615661 0.028041 0)
(-0.00900038 0.0298286 0)
(-0.0119267 0.0312485 0)
(-0.0149079 0.0324926 0)
(-0.0179597 0.033609 0)
(-0.0211048 0.0345945 0)
(-0.0243686 0.0354252 0)
(-0.0277834 0.0360789 0)
(-0.0313961 0.0365567 0)
(-0.0352835 0.0369035 0)
(-0.0395695 0.0372402 0)
(-0.0444535 0.0377966 0)
(-0.0502454 0.0389309 0)
(-0.0573821 0.0410906 0)
(-0.0663763 0.0446469 0)
(-0.0777032 0.0495986 0)
(-0.0915203 0.0553257 0)
(-0.107087 0.0602216 0)
(-0.122947 0.0623011 0)
(-0.137579 0.0601 0)
(-0.149391 0.0527564 0)
(-0.157404 0.0405409 0)
(-0.161932 0.0248115 0)
(-0.164101 0.00715779 0)
(-0.16489 -0.0112627 0)
(-0.165081 -0.029973 0)
(-0.165381 -0.048839 0)
(-0.165811 -0.0679234 0)
(-0.165929 -0.0871417 0)
(-0.164423 -0.105769 0)
(-0.158978 -0.121871 0)
(-0.146613 -0.131949 0)
(-0.124907 -0.131374 0)
(-0.0939375 -0.116289 0)
(-0.0579728 -0.086457 0)
(-0.0251519 -0.0481037 0)
(-0.00353276 -0.0125513 0)
(0.000912015 0.00449443 0)
(-0.000662985 0.0191641 0)
(-0.00315606 0.0277116 0)
(-0.00586858 0.0308624 0)
(-0.00861078 0.0326979 0)
(-0.0114351 0.0341587 0)
(-0.014314 0.0354627 0)
(-0.0172644 0.0366637 0)
(-0.0203132 0.0377613 0)
(-0.0234941 0.0387381 0)
(-0.0268522 0.0395854 0)
(-0.0304513 0.0403304 0)
(-0.0343912 0.0410607 0)
(-0.0388274 0.0419645 0)
(-0.0440013 0.0433703 0)
(-0.0502682 0.0457568 0)
(-0.0580878 0.0496634 0)
(-0.0679579 0.0554256 0)
(-0.0802606 0.0627993 0)
(-0.0945902 0.0703544 0)
(-0.109686 0.0756904 0)
(-0.123978 0.0766759 0)
(-0.135561 0.0717094 0)
(-0.143 0.0605152 0)
(-0.146468 0.0446866 0)
(-0.147192 0.0264441 0)
(-0.146439 0.0074733 0)
(-0.145236 -0.0113014 0)
(-0.144211 -0.0296723 0)
(-0.143802 -0.0477618 0)
(-0.14439 -0.0659944 0)
(-0.146205 -0.0849323 0)
(-0.148891 -0.104961 0)
(-0.150889 -0.125483 0)
(-0.148923 -0.143787 0)
(-0.138398 -0.154328 0)
(-0.115584 -0.149723 0)
(-0.0810872 -0.124376 0)
(-0.0420812 -0.0799138 0)
(-0.00983735 -0.0292562 0)
(0.00118671 0.00278053 0)
(-0.000584086 0.0209639 0)
(-0.00292482 0.0302337 0)
(-0.00550577 0.033563 0)
(-0.00811638 0.0354506 0)
(-0.0108079 0.0369521 0)
(-0.0135531 0.0383156 0)
(-0.0163692 0.0396035 0)
(-0.0192863 0.0408213 0)
(-0.0223447 0.0419619 0)
(-0.0255993 0.0430347 0)
(-0.0291275 0.0440965 0)
(-0.0330449 0.0452842 0)
(-0.0375275 0.0468593 0)
(-0.0428376 0.0492501 0)
(-0.049333 0.05304 0)
(-0.057439 0.0588101 0)
(-0.0676321 0.0667807 0)
(-0.0799022 0.0761697 0)
(-0.0934273 0.0845942 0)
(-0.106829 0.0893618 0)
(-0.118304 0.0880045 0)
(-0.125947 0.07914 0)
(-0.129379 0.0639681 0)
(-0.129819 0.045269 0)
(-0.128695 0.0254648 0)
(-0.126992 0.0059284 0)
(-0.12523 -0.0128403 0)
(-0.123511 -0.0308205 0)
(-0.122097 -0.048059 0)
(-0.121436 -0.0648749 0)
(-0.12217 -0.0819577 0)
(-0.124914 -0.100402 0)
(-0.129655 -0.121232 0)
(-0.134639 -0.144012 0)
(-0.13533 -0.164689 0)
(-0.125118 -0.174352 0)
(-0.0992208 -0.161518 0)
(-0.06023 -0.119401 0)
(-0.02019 -0.056328 0)
(0.000793117 -0.00338616 0)
(-0.000495162 0.0226049 0)
(-0.00265417 0.0325936 0)
(-0.00507286 0.0361125 0)
(-0.00752282 0.0380556 0)
(-0.010051 0.0395975 0)
(-0.0126307 0.0410185 0)
(-0.015278 0.0423926 0)
(-0.0180248 0.0437343 0)
(-0.0209157 0.0450494 0)
(-0.0240111 0.0463679 0)
(-0.0273966 0.0477788 0)
(-0.0311938 0.0494686 0)
(-0.0355836 0.05177 0)
(-0.0408202 0.0551979 0)
(-0.0472182 0.0604064 0)
(-0.0551504 0.0679672 0)
(-0.0649337 0.0778696 0)
(-0.076207 0.0885258 0)
(-0.0880246 0.097036 0)
(-0.0990266 0.100354 0)
(-0.107272 0.0957774 0)
(-0.111594 0.0830026 0)
(-0.112718 0.0647928 0)
(-0.1122 0.0444192 0)
(-0.111127 0.0239622 0)
(-0.109879 0.00420173 0)
(-0.108409 -0.0147271 0)
(-0.106646 -0.0327683 0)
(-0.104652 -0.0497854 0)
(-0.102773 -0.0658038 0)
(-0.101641 -0.0812219 0)
(-0.102186 -0.0970845 0)
(-0.105433 -0.115183 0)
(-0.111715 -0.137373 0)
(-0.118874 -0.163136 0)
(-0.120431 -0.185709 0)
(-0.107336 -0.190419 0)
(-0.0754213 -0.160538 0)
(-0.0332453 -0.0925344 0)
(-0.000745255 -0.0142738 0)
(-0.000398252 0.0240632 0)
(-0.00234824 0.034763 0)
(-0.00457519 0.0384818 0)
(-0.00683707 0.0404834 0)
(-0.00917266 0.0420638 0)
(-0.0115556 0.043538 0)
(-0.0139993 0.0449939 0)
(-0.016536 0.046457 0)
(-0.0192112 0.0479476 0)
(-0.0220866 0.0495168 0)
(-0.0252477 0.0512844 0)
(-0.0288128 0.0534827 0)
(-0.032948 0.0565034 0)
(-0.0378707 0.0609235 0)
(-0.0438188 0.0674257 0)
(-0.0511001 0.0765305 0)
(-0.0597644 0.0878466 0)
(-0.0693434 0.0991031 0)
(-0.0789547 0.107131 0)
(-0.0873275 0.108468 0)
(-0.0928091 0.100643 0)
(-0.095127 0.084858 0)
(-0.0955777 0.0648646 0)
(-0.0954497 0.043816 0)
(-0.0952486 0.0231546 0)
(-0.0948688 0.00314097 0)
(-0.0940247 -0.016218 0)
(-0.0925674 -0.0347446 0)
(-0.0904604 -0.0521093 0)
(-0.0879644 -0.0680622 0)
(-0.0855945 -0.0826828 0)
(-0.0841358 -0.0966483 0)
(-0.084698 -0.111557 0)
(-0.0886313 -0.13013 0)
(-0.0964478 -0.155107 0)
(-0.104796 -0.184796 0)
(-0.104026 -0.206495 0)
(-0.0836768 -0.196223 0)
(-0.0450951 -0.133936 0)
(-0.00543818 -0.0325418 0)
(-0.000295531 0.0253182 0)
(-0.00201179 0.0367155 0)
(-0.00401971 0.0406435 0)
(-0.00606817 0.0427058 0)
(-0.00818405 0.0443214 0)
(-0.0103406 0.0458417 0)
(-0.0125476 0.0473702 0)
(-0.014835 0.0489449 0)
(-0.0172463 0.0506004 0)
(-0.0198396 0.0524077 0)
(-0.0226929 0.0545125 0)
(-0.0259098 0.0571832 0)
(-0.0296253 0.0608519 0)
(-0.0339976 0.066126 0)
(-0.03917 0.0736792 0)
(-0.0453436 0.0839433 0)
(-0.0523737 0.0960997 0)
(-0.0598307 0.107492 0)
(-0.0670469 0.114738 0)
(-0.0729669 0.114094 0)
(-0.076493 0.103704 0)
(-0.077973 0.086059 0)
(-0.0786888 0.0652901 0)
(-0.0793992 0.0440936 0)
(-0.0801449 0.0233071 0)
(-0.0806026 0.00289159 0)
(-0.0804187 -0.0171352 0)
(-0.0794026 -0.0364529 0)
(-0.077461 -0.0545248 0)
(-0.0748178 -0.0708442 0)
(-0.0719441 -0.085258 0)
(-0.0694795 -0.0981919 0)
(-0.0682416 -0.110847 0)
(-0.0694426 -0.125637 0)
(-0.074735 -0.146531 0)
(-0.0842949 -0.176712 0)
(-0.0916941 -0.210045 0)
(-0.0833686 -0.221564 0)
(-0.0527856 -0.175258 0)
(-0.0123947 -0.0602348 0)
(-0.000189433 0.0263528 0)
(-0.0016506 0.0384276 0)
(-0.00341534 0.042573 0)
(-0.0052279 0.0446972 0)
(-0.00710002 0.0463429 0)
(-0.00900363 0.0478992 0)
(-0.0109439 0.0494865 0)
(-0.0129462 0.0511552 0)
(-0.0150484 0.0529535 0)
(-0.0173011 0.0549683 0)
(-0.0197685 0.0573649 0)
(-0.0225295 0.0604309 0)
(-0.0256765 0.0646202 0)
(-0.0292953 0.0705399 0)
(-0.033433 0.078821 0)
(-0.0381551 0.0897813 0)
(-0.0432366 0.102281 0)
(-0.0483623 0.113518 0)
(-0.0531651 0.119974 0)
(-0.0569788 0.117818 0)
(-0.0592458 0.105844 0)
(-0.0605448 0.0873353 0)
(-0.0617979 0.0663979 0)
(-0.0632677 0.0452335 0)
(-0.0647518 0.02428 0)
(-0.0658837 0.00336224 0)
(-0.0663012 -0.0174745 0)
(-0.0657876 -0.0377744 0)
(-0.0642095 -0.056776 0)
(-0.0617579 -0.0736933 0)
(-0.0589072 -0.0881723 0)
(-0.0562406 -0.100541 0)
(-0.0543518 -0.111812 0)
(-0.0540052 -0.123891 0)
(-0.0566236 -0.140418 0)
(-0.0641319 -0.166959 0)
(-0.0745875 -0.204867 0)
(-0.075787 -0.235271 0)
(-0.0550342 -0.211905 0)
(-0.0181443 -0.0938376 0)
(-8.27184e-05 0.0271541 0)
(-0.00127157 0.039879 0)
(-0.00277267 0.0442488 0)
(-0.00433043 0.0464358 0)
(-0.00593885 0.0481049 0)
(-0.00756737 0.0496843 0)
(-0.0092154 0.0513118 0)
(-0.010902 0.05305 0)
(-0.0126571 0.054958 0)
(-0.0145195 0.0571343 0)
(-0.0165354 0.0597548 0)
(-0.0187539 0.0631134 0)
(-0.0212182 0.0676541 0)
(-0.0239405 0.0739566 0)
(-0.0268715 0.0825965 0)
(-0.0299437 0.0937845 0)
(-0.0329391 0.106229 0)
(-0.0356737 0.117149 0)
(-0.0381099 0.123035 0)
(-0.0400907 0.120107 0)
(-0.0414732 0.107527 0)
(-0.042768 0.0888796 0)
(-0.0444357 0.068085 0)
(-0.0463869 0.0469914 0)
(-0.0483207 0.0258424 0)
(-0.0499014 0.00441132 0)
(-0.0508131 -0.0172526 0)
(-0.0508305 -0.0385897 0)
(-0.0498027 -0.0586183 0)
(-0.0478647 -0.0762423 0)
(-0.0454824 -0.0908908 0)
(-0.0432103 -0.10288 0)
(-0.0415173 -0.11324 0)
(-0.0408374 -0.123602 0)
(-0.0419985 -0.136869 0)
(-0.0469515 -0.158729 0)
(-0.0568558 -0.195739 0)
(-0.0636825 -0.238973 0)
(-0.0522786 -0.240741 0)
(-0.0213867 -0.130223 0)
(2.12514e-05 0.0277149 0)
(-0.000883323 0.0410537 0)
(-0.00210413 0.0456539 0)
(-0.00339213 0.0479041 0)
(-0.00472126 0.0495887 0)
(-0.00605792 0.0511762 0)
(-0.00739489 0.0528218 0)
(-0.00874343 0.0545991 0)
(-0.0101236 0.0565754 0)
(-0.0115603 0.0588552 0)
(-0.0130786 0.0616154 0)
(-0.0146956 0.0651402 0)
(-0.0164061 0.0698457 0)
(-0.0181576 0.07626 0)
(-0.0198141 0.0848881 0)
(-0.0211899 0.0958742 0)
(-0.0221112 0.10793 0)
(-0.0225163 0.118442 0)
(-0.0226298 0.124026 0)
(-0.022837 0.121128 0)
(-0.0233613 0.108823 0)
(-0.0245068 0.0905564 0)
(-0.026303 0.070073 0)
(-0.0284174 0.0490577 0)
(-0.0305091 0.0277216 0)
(-0.0322963 0.00584559 0)
(-0.0335513 -0.0165234 0)
(-0.0340917 -0.0387831 0)
(-0.0337849 -0.059785 0)
(-0.0326947 -0.0781131 0)
(-0.0312257 -0.0929455 0)
(-0.0298608 -0.104613 0)
(-0.0289708 -0.114285 0)
(-0.0288098 -0.123542 0)
(-0.029768 -0.13475 0)
(-0.033128 -0.152745 0)
(-0.0410744 -0.186196 0)
(-0.0500572 -0.235963 0)
(-0.0462453 -0.260697 0)
(-0.0219663 -0.165933 0)
(0.000118017 0.0280339 0)
(-0.000495237 0.0419416 0)
(-0.00142498 0.0467756 0)
(-0.00243295 0.0490884 0)
(-0.00347188 0.0507797 0)
(-0.00450449 0.0523588 0)
(-0.0055172 0.0539982 0)
(-0.00651262 0.0557809 0)
(-0.00749997 0.0577792 0)
(-0.00848926 0.0600973 0)
(-0.0094843 0.0629045 0)
(-0.0104717 0.0664642 0)
(-0.0114029 0.071152 0)
(-0.0121712 0.0774288 0)
(-0.0125812 0.0857108 0)
(-0.0123575 0.0960986 0)
(-0.0113575 0.107462 0)
(-0.00956633 0.117498 0)
(-0.00748768 0.12292 0)
(-0.0057657 0.120804 0)
(-0.00513805 0.109526 0)
(-0.00579545 0.0921047 0)
(-0.00738032 0.0720768 0)
(-0.00937399 0.0511668 0)
(-0.0113973 0.0296957 0)
(-0.0131903 0.00751853 0)
(-0.0146344 -0.0153229 0)
(-0.0156432 -0.0382401 0)
(-0.0161735 -0.0599879 0)
(-0.0162382 -0.078878 0)
(-0.0161155 -0.0938482 0)
(-0.0161269 -0.10523 0)
(-0.0165129 -0.114359 0)
(-0.0174188 -0.122871 0)
(-0.0190227 -0.132854 0)
(-0.0219931 -0.14825 0)
(-0.0282362 -0.17783 0)
(-0.0372141 -0.229553 0)
(-0.038791 -0.272446 0)
(-0.020479 -0.198642 0)
(0.000202335 0.0281148 0)
(-0.000118761 0.0425387 0)
(-0.000750905 0.0476059 0)
(-0.0014742 0.0499802 0)
(-0.00221762 0.0516691 0)
(-0.00294013 0.053223 0)
(-0.00362171 0.0548311 0)
(-0.00425639 0.0565841 0)
(-0.00484268 0.0585562 0)
(-0.00537658 0.0608471 0)
(-0.00584289 0.0636113 0)
(-0.00620221 0.0670823 0)
(-0.00637263 0.0715835 0)
(-0.00620879 0.0775003 0)
(-0.00548149 0.0851657 0)
(-0.00385441 0.0946538 0)
(-0.00119124 0.105059 0)
(0.00252108 0.114393 0)
(0.00671511 0.119878 0)
(0.010506 0.118665 0)
(0.0126812 0.109263 0)
(0.0130551 0.0931257 0)
(0.0120514 0.0738067 0)
(0.0104149 0.053116 0)
(0.00861576 0.0316045 0)
(0.00692517 0.0092814 0)
(0.0053824 -0.0137683 0)
(0.00395864 -0.036976 0)
(0.00253235 -0.0590491 0)
(0.00106663 -0.0781614 0)
(-0.000517576 -0.0931174 0)
(-0.00228193 -0.104271 0)
(-0.00429898 -0.113022 0)
(-0.0066096 -0.121051 0)
(-0.00933432 -0.13033 0)
(-0.0128306 -0.144277 0)
(-0.01826 -0.170716 0)
(-0.0264798 -0.222141 0)
(-0.031224 -0.277536 0)
(-0.0175855 -0.227217 0)
(0.00027722 0.0279749 0)
(0.000237986 0.042846 0)
(-0.000100321 0.0481426 0)
(-0.000538445 0.0505764 0)
(-0.000985821 0.0522539 0)
(-0.00139809 0.0537655 0)
(-0.00174888 0.0553168 0)
(-0.00202413 0.0570053 0)
(-0.00221274 0.0589047 0)
(-0.00229886 0.0611063 0)
(-0.00225214 0.0637448 0)
(-0.00201424 0.067018 0)
(-0.00148078 0.0711925 0)
(-0.000486282 0.0765785 0)
(0.00122057 0.0834403 0)
(0.00398984 0.091814 0)
(0.00800262 0.101028 0)
(0.0132672 0.109431 0)
(0.0192766 0.114747 0)
(0.0250722 0.114578 0)
(0.0292926 0.107229 0)
(0.0313134 0.0931244 0)
(0.0314087 0.0749586 0)
(0.0304307 0.054734 0)
(0.0289881 0.033344 0)
(0.0274147 0.0110561 0)
(0.0257269 -0.011929 0)
(0.0238267 -0.0350204 0)
(0.0214317 -0.0569012 0)
(0.0184241 -0.0757821 0)
(0.0149043 -0.0905067 0)
(0.0111473 -0.101469 0)
(0.00731089 -0.110026 0)
(0.0034238 -0.117815 0)
(-0.000614783 -0.126687 0)
(-0.00506808 -0.139792 0)
(-0.0106463 -0.164383 0)
(-0.018361 -0.215003 0)
(-0.0243465 -0.277867 0)
(-0.0139731 -0.251427 0)
(0.000340363 0.0276334 0)
(0.000562254 0.0428701 0)
(0.000508555 0.0483894 0)
(0.000352192 0.05088 0)
(0.000195491 0.0525364 0)
(8.81659e-05 0.0539889 0)
(6.19551e-05 0.0554595 0)
(0.000137632 0.0570511 0)
(0.00033403 0.0588358 0)
(0.000675987 0.060894 0)
(0.00120428 0.0633387 0)
(0.00198855 0.0663299 0)
(0.0031441 0.0700778 0)
(0.00484729 0.0748202 0)
(0.00734753 0.0807584 0)
(0.0109717 0.0878935 0)
(0.0159689 0.0957341 0)
(0.0223481 0.102999 0)
(0.0297003 0.107845 0)
(0.0371878 0.108427 0)
(0.0435459 0.10305 0)
(0.0477039 0.0913668 0)
(0.049517 0.0749665 0)
(0.0496571 0.0557154 0)
(0.0488089 0.0348079 0)
(0.0474059 0.0128447 0)
(0.045492 -0.00975439 0)
(0.0429387 -0.0322694 0)
(0.039396 -0.0534039 0)
(0.0347477 -0.0715924 0)
(0.0292891 -0.0859061 0)
(0.0235511 -0.0967315 0)
(0.0178877 -0.105293 0)
(0.0124068 -0.113091 0)
(0.00702042 -0.121811 0)
(0.00150158 -0.134394 0)
(-0.00481895 -0.157923 0)
(-0.0125262 -0.208208 0)
(-0.0188063 -0.276654 0)
(-0.010548 -0.270183 0)
(0.000386809 0.0271132 0)
(0.000844863 0.0426291 0)
(0.00105943 0.0483594 0)
(0.00117374 0.0508994 0)
(0.00129778 0.052524 0)
(0.0014857 0.0539018 0)
(0.00177313 0.0552696 0)
(0.00218581 0.0567359 0)
(0.00274829 0.0583702 0)
(0.00349112 0.0602418 0)
(0.00446064 0.0624411 0)
(0.0057308 0.0650923 0)
(0.00741752 0.0683531 0)
(0.00969288 0.0723961 0)
(0.0127919 0.0773561 0)
(0.017007 0.0832139 0)
(0.0226091 0.0895989 0)
(0.0296497 0.0956037 0)
(0.0377906 0.0997298 0)
(0.0463871 0.100515 0)
(0.0544381 0.096636 0)
(0.0607508 0.0873367 0)
(0.0646926 0.0732219 0)
(0.0664537 0.05563 0)
(0.0665675 0.0358113 0)
(0.0654905 0.0146761 0)
(0.0633325 -0.00708106 0)
(0.059963 -0.02856 0)
(0.0551513 -0.0485084 0)
(0.048918 -0.0656716 0)
(0.0417378 -0.07942 0)
(0.0342844 -0.0901407 0)
(0.0270216 -0.0988972 0)
(0.0201063 -0.106928 0)
(0.0134674 -0.115718 0)
(0.00691511 -0.128005 0)
(-0.000357316 -0.150853 0)
(-0.00821575 -0.201073 0)
(-0.0149292 -0.275655 0)
(-0.00807714 -0.284144 0)
(0.000414028 0.0264461 0)
(0.00107539 0.04215 0)
(0.0015345 0.0480677 0)
(0.00190242 0.0506473 0)
(0.00229303 0.0522289 0)
(0.00276257 0.0535165 0)
(0.00334892 0.0547617 0)
(0.00408105 0.0560783 0)
(0.0049868 0.0575337 0)
(0.00609919 0.0591863 0)
(0.00746558 0.061106 0)
(0.009158 0.0633837 0)
(0.011285 0.0661311 0)
(0.0140031 0.0694646 0)
(0.0175222 0.0734636 0)
(0.0220969 0.0780893 0)
(0.0279581 0.0830536 0)
(0.0352279 0.087726 0)
(0.0436541 0.0910039 0)
(0.0527083 0.0915824 0)
(0.0616456 0.0885333 0)
(0.0694675 0.0811192 0)
(0.0753013 0.0693613 0)
(0.078842 0.0539649 0)
(0.0802144 0.0359467 0)
(0.0796938 0.016332 0)
(0.0774388 -0.00395247 0)
(0.0733274 -0.0238702 0)
(0.0674359 -0.0422886 0)
(0.0599743 -0.0582651 0)
(0.0515458 -0.0714143 0)
(0.0428683 -0.0820954 0)
(0.0344232 -0.0911411 0)
(0.0263807 -0.0995278 0)
(0.0186857 -0.10852 0)
(0.0112124 -0.12068 0)
(0.00298389 -0.143089 0)
(-0.00493164 -0.193531 0)
(-0.0126025 -0.274416 0)
(-0.00653365 -0.295144 0)
(0.000420844 0.0256693 0)
(0.00124239 0.0414682 0)
(0.0019145 0.0475374 0)
(0.00251412 0.0501412 0)
(0.00315308 0.0516665 0)
(0.00388765 0.0528487 0)
(0.00475586 0.0539532 0)
(0.00578792 0.0550999 0)
(0.00701265 0.0563546 0)
(0.0084624 0.0577664 0)
(0.0101818 0.0593873 0)
(0.0122362 0.06128 0)
(0.0147208 0.0635175 0)
(0.01777 0.0661702 0)
(0.0215605 0.0692749 0)
(0.0262989 0.0727771 0)
(0.0321749 0.076449 0)
(0.0393125 0.079825 0)
(0.0476053 0.0821597 0)
(0.0565872 0.0823984 0)
(0.0656216 0.0796982 0)
(0.0740016 0.0735608 0)
(0.0808926 0.063788 0)
(0.085703 0.0506932 0)
(0.088195 0.0349661 0)
(0.0883361 0.0175104 0)
(0.0862278 -0.000666028 0)
(0.0818783 -0.0185639 0)
(0.0754747 -0.0352297 0)
(0.0674389 -0.0499427 0)
(0.058432 -0.0624777 0)
(0.0491435 -0.073125 0)
(0.0400096 -0.0824546 0)
(0.0311964 -0.0911869 0)
(0.0226981 -0.100416 0)
(0.0145155 -0.112556 0)
(0.00543798 -0.13466 0)
(-0.00240118 -0.185658 0)
(-0.0113957 -0.272557 0)
(-0.00567422 -0.304486 0)
(0.000405371 0.0248273 0)
(0.00133524 0.0406253 0)
(0.00218003 0.046799 0)
(0.00298383 0.0494041 0)
(0.0038492 0.0508558 0)
(0.00483005 0.051916 0)
(0.00596197 0.0528631 0)
(0.00727423 0.0538229 0)
(0.0087944 0.054861 0)
(0.0105515 0.0560192 0)
(0.0125845 0.0573351 0)
(0.0149484 0.0588485 0)
(0.0177221 0.060602 0)
(0.0210141 0.0626306 0)
(0.0249637 0.0649397 0)
(0.0297302 0.0674659 0)
(0.0354648 0.0700225 0)
(0.0422534 0.0722535 0)
(0.0500554 0.0736403 0)
(0.0585738 0.0734745 0)
(0.0672246 0.0709777 0)
(0.0753905 0.0657056 0)
(0.0824474 0.0575031 0)
(0.0877518 0.0465017 0)
(0.090864 0.0331553 0)
(0.0915467 0.018167 0)
(0.0897932 0.00242502 0)
(0.0856926 -0.0132181 0)
(0.0794448 -0.028018 0)
(0.0715416 -0.041423 0)
(0.0626341 -0.0532879 0)
(0.0532908 -0.0637784 0)
(0.0438743 -0.0732399 0)
(0.0346246 -0.0822253 0)
(0.0256354 -0.0916807 0)
(0.017001 -0.103823 0)
(0.00717894 -0.125664 0)
(-0.000374185 -0.177455 0)
(-0.0110296 -0.269938 0)
(-0.00518138 -0.313042 0)
(0.000365093 0.0239712 0)
(0.0013416 0.0396728 0)
(0.00231052 0.0458898 0)
(0.00328467 0.0484632 0)
(0.00435127 0.0498186 0)
(0.00555807 0.0507374 0)
(0.0069355 0.0515101 0)
(0.00850963 0.0522683 0)
(0.0103043 0.0530783 0)
(0.0123432 0.0539773 0)
(0.014657 0.0549916 0)
(0.0172888 0.0561439 0)
(0.0202991 0.0574538 0)
(0.0237703 0.0589309 0)
(0.0278039 0.0605588 0)
(0.0325183 0.0622701 0)
(0.0380201 0.0639098 0)
(0.0443621 0.0652083 0)
(0.0515079 0.0657812 0)
(0.0592739 0.0651595 0)
(0.0672469 0.0627964 0)
(0.0748366 0.0582342 0)
(0.0814899 0.0513217 0)
(0.0866853 0.0421431 0)
(0.0899505 0.0310127 0)
(0.0909621 0.0184325 0)
(0.0896429 0.00509508 0)
(0.0860598 -0.00830996 0)
(0.080398 -0.0212417 0)
(0.0731129 -0.0332951 0)
(0.0647147 -0.0443397 0)
(0.0556353 -0.054447 0)
(0.0462717 -0.0638519 0)
(0.0369298 -0.0729714 0)
(0.0277201 -0.08258 0)
(0.0188353 -0.0946779 0)
(0.00836834 -0.116222 0)
(0.00137498 -0.168942 0)
(-0.011266 -0.266426 0)
(-0.00482799 -0.321366 0)
(0.000296065 0.0231597 0)
(0.00124624 0.0386729 0)
(0.0022813 0.0448545 0)
(0.00338614 0.0473504 0)
(0.00462588 0.0485786 0)
(0.00603746 0.0493322 0)
(0.00764332 0.0499116 0)
(0.00946352 0.0504541 0)
(0.0115159 0.0510276 0)
(0.0138165 0.0516664 0)
(0.0163866 0.0523892 0)
(0.019256 0.0532062 0)
(0.0224671 0.0541207 0)
(0.0260763 0.055125 0)
(0.0301543 0.0561892 0)
(0.034779 0.057245 0)
(0.0400178 0.0581649 0)
(0.0458984 0.0587445 0)
(0.0523731 0.0586984 0)
(0.0592968 0.0576923 0)
(0.0663943 0.0553743 0)
(0.0732278 0.0514096 0)
(0.079272 0.0456036 0)
(0.0840642 0.0380017 0)
(0.0872029 0.0288228 0)
(0.0883833 0.0184275 0)
(0.0874483 0.00730309 0)
(0.0844441 -0.00401827 0)
(0.0795337 -0.0151475 0)
(0.0730128 -0.0258199 0)
(0.0652629 -0.035893 0)
(0.0566894 -0.0454222 0)
(0.0476579 -0.0545939 0)
(0.0384435 -0.0636886 0)
(0.0291826 -0.0733122 0)
(0.0202179 -0.0852972 0)
(0.00915101 -0.106544 0)
(0.00315929 -0.16012 0)
(-0.0118811 -0.261867 0)
(-0.00440103 -0.329781 0)
(0.000191539 0.0224626 0)
(0.00102892 0.0376979 0)
(0.00206144 0.043746 0)
(0.00325167 0.0461021 0)
(0.00463389 0.0471613 0)
(0.00622923 0.0477193 0)
(0.00804862 0.0480833 0)
(0.0101029 0.0483952 0)
(0.0124013 0.0487247 0)
(0.0149505 0.0491052 0)
(0.0177609 0.0495502 0)
(0.0208491 0.0500614 0)
(0.0242403 0.0506312 0)
(0.027968 0.0512405 0)
(0.032076 0.051852 0)
(0.0366087 0.0524001 0)
(0.0416007 0.0527798 0)
(0.0470566 0.0528359 0)
(0.0529251 0.0523613 0)
(0.0590766 0.0511113 0)
(0.0652962 0.0488433 0)
(0.0712785 0.0453453 0)
(0.0766244 0.0404744 0)
(0.0809163 0.0342152 0)
(0.0838082 0.0267087 0)
(0.0850204 0.0182085 0)
(0.0844008 0.00905178 0)
(0.0819404 -0.000386115 0)
(0.0777481 -0.00981741 0)
(0.0720105 -0.0190788 0)
(0.0650093 -0.0280865 0)
(0.0570733 -0.0368981 0)
(0.0484869 -0.0456419 0)
(0.0395043 -0.0545135 0)
(0.0302853 -0.0640052 0)
(0.0213537 -0.0758266 0)
(0.00964609 -0.0968301 0)
(0.0053704 -0.151057 0)
(-0.0126502 -0.256192 0)
(-0.00367623 -0.338566 0)
(3.92518e-05 0.0219654 0)
(0.000657127 0.0368346 0)
(0.00160863 0.042625 0)
(0.00283415 0.0447584 0)
(0.0043273 0.045593 0)
(0.00608768 0.0459152 0)
(0.00810995 0.0460359 0)
(0.0103915 0.0460998 0)
(0.0129304 0.0461783 0)
(0.0157222 0.0463045 0)
(0.0187659 0.046488 0)
(0.0220655 0.0467238 0)
(0.0256299 0.0469975 0)
(0.0294743 0.0472835 0)
(0.033619 0.0475417 0)
(0.0380827 0.0477114 0)
(0.0428745 0.0477058 0)
(0.04798 0.0474064 0)
(0.0533439 0.0466633 0)
(0.0588545 0.0453043 0)
(0.0643347 0.0431553 0)
(0.0695452 0.0400745 0)
(0.0741992 0.0359743 0)
(0.0779738 0.0308347 0)
(0.0805709 0.0247428 0)
(0.0817572 0.017865 0)
(0.0813794 0.0104188 0)
(0.0793939 0.0026559 0)
(0.0758495 -0.00521564 0)
(0.0708646 -0.0130995 0)
(0.0646167 -0.0209863 0)
(0.05732 -0.0289281 0)
(0.0491964 -0.0370436 0)
(0.0404624 -0.0454951 0)
(0.0312905 -0.0547057 0)
(0.0224095 -0.0663364 0)
(0.00993773 -0.0872797 0)
(0.00825208 -0.141943 0)
(-0.0134504 -0.249412 0)
(-0.00243066 -0.348045 0)
(-0.000189551 0.021792 0)
(7.80975e-05 0.0361822 0)
(0.000860047 0.0415603 0)
(0.00207084 0.0433613 0)
(0.00364796 0.0438955 0)
(0.00556199 0.0439296 0)
(0.00778406 0.0437726 0)
(0.0102934 0.043568 0)
(0.0130742 0.0433873 0)
(0.0161101 0.0432622 0)
(0.0193894 0.0431997 0)
(0.0229035 0.0431907 0)
(0.0266469 0.0432157 0)
(0.0306202 0.0432448 0)
(0.0348254 0.0432358 0)
(0.0392621 0.0431346 0)
(0.0439202 0.0428701 0)
(0.048771 0.0423518 0)
(0.0537563 0.0414708 0)
(0.0587779 0.0401067 0)
(0.0636916 0.0381407 0)
(0.0683071 0.0354744 0)
(0.0724042 0.0320478 0)
(0.0757411 0.0278531 0)
(0.0780773 0.0229464 0)
(0.0792225 0.0174365 0)
(0.0790401 0.0114629 0)
(0.0774611 0.00518241 0)
(0.0744848 -0.0012695 0)
(0.0701684 -0.0078357 0)
(0.0646035 -0.0145495 0)
(0.0579055 -0.0214952 0)
(0.0502081 -0.0287878 0)
(0.0416784 -0.0366077 0)
(0.0324919 -0.0453723 0)
(0.023585 -0.0567817 0)
(0.0102498 -0.0779173 0)
(0.0117673 -0.13286 0)
(-0.014403 -0.241326 0)
(-0.000435521 -0.358082 0)
(-0.000518273 0.0221121 0)
(-0.000789444 0.0358745 0)
(-0.000276856 0.0406247 0)
(0.00087832 0.0419498 0)
(0.00252598 0.0420801 0)
(0.0045969 0.04176 0)
(0.00703124 0.0412848 0)
(0.00978389 0.0407896 0)
(0.0128213 0.0403415 0)
(0.0161137 0.0399689 0)
(0.0196377 0.039675 0)
(0.0233754 0.0394474 0)
(0.027312 0.0392621 0)
(0.0314385 0.0390875 0)
(0.0357424 0.0388833 0)
(0.0402071 0.0386009 0)
(0.0448098 0.0381814 0)
(0.0495126 0.037555 0)
(0.054256 0.0366417 0)
(0.0589523 0.0353559 0)
(0.0634817 0.0336168 0)
(0.0676923 0.0313598 0)
(0.0714108 0.0285461 0)
(0.0744503 0.0251733 0)
(0.0766236 0.0212786 0)
(0.0777749 0.0169308 0)
(0.0777813 0.0122209 0)
(0.0765603 0.00725017 0)
(0.0740777 0.00210017 0)
(0.0703439 -0.0032043 0)
(0.0653864 -0.00871108 0)
(0.0592307 -0.0145331 0)
(0.0519342 -0.0208114 0)
(0.0435775 -0.027767 0)
(0.0343412 -0.035896 0)
(0.0253334 -0.0470588 0)
(0.0113099 -0.0687197 0)
(0.0159631 -0.123979 0)
(-0.0153341 -0.230815 0)
(0.00274499 -0.367228 0)
(-0.00102482 0.0231099 0)
(-0.00210231 0.0359947 0)
(-0.0019512 0.0398348 0)
(-0.000860815 0.0405121 0)
(0.000875458 0.0401259 0)
(0.00313877 0.039379 0)
(0.00582449 0.0385453 0)
(0.00885827 0.0377418 0)
(0.0121858 0.0370248 0)
(0.0157637 0.0364156 0)
(0.0195584 0.0359101 0)
(0.0235447 0.0354895 0)
(0.0277013 0.0351267 0)
(0.0320111 0.0347899 0)
(0.0364539 0.0344435 0)
(0.0410063 0.0340444 0)
(0.045637 0.0335434 0)
(0.0503027 0.0328864 0)
(0.0549448 0.0320143 0)
(0.0594821 0.0308672 0)
(0.0638103 0.0293902 0)
(0.0678044 0.0275403 0)
(0.0713248 0.0252928 0)
(0.0742247 0.0226494 0)
(0.0763592 0.0196347 0)
(0.0776054 0.0162901 0)
(0.0778424 0.0126984 0)
(0.0769655 0.00890759 0)
(0.0749441 0.00495812 0)
(0.0717482 0.000855921 0)
(0.0673596 -0.00344413 0)
(0.0617576 -0.00805751 0)
(0.0549251 -0.0131582 0)
(0.0468907 -0.0190483 0)
(0.0377874 -0.0264178 0)
(0.0288939 -0.0375558 0)
(0.0150957 -0.0603698 0)
(0.0223982 -0.116148 0)
(-0.0144098 -0.21671 0)
(0.00817562 -0.373607 0)
(-0.00197595 0.0258129 0)
(-0.00402393 0.0372267 0)
(-0.0042798 0.0394681 0)
(-0.00324999 0.039146 0)
(-0.00137981 0.0380712 0)
(0.00114663 0.0368097 0)
(0.00415983 0.0355783 0)
(0.00754451 0.0344552 0)
(0.0112243 0.0334748 0)
(0.0151434 0.0326444 0)
(0.0192599 0.0319487 0)
(0.0235437 0.0313622 0)
(0.027971 0.0308548 0)
(0.0325215 0.0303946 0)
(0.0371716 0.0299468 0)
(0.0418941 0.0294748 0)
(0.0466538 0.0289394 0)
(0.0514047 0.0282993 0)
(0.0560878 0.0275124 0)
(0.0606276 0.0265386 0)
(0.0649339 0.0253405 0)
(0.0689007 0.0238886 0)
(0.0724137 0.0221663 0)
(0.0753546 0.0201751 0)
(0.0776112 0.0179312 0)
(0.0790545 0.0154847 0)
(0.0795919 0.0128681 0)
(0.0791663 0.0101331 0)
(0.0776907 0.00729356 0)
(0.0751146 0.00433414 0)
(0.0714085 0.00120856 0)
(0.0665269 -0.00219121 0)
(0.0604359 -0.00607809 0)
(0.0531491 -0.0108472 0)
(0.0448137 -0.0175199 0)
(0.036871 -0.0291686 0)
(0.0242497 -0.0542881 0)
(0.0346804 -0.110712 0)
(-0.00852594 -0.201056 0)
(0.0173742 -0.378557 0)
(-0.00308918 0.0271257 0)
(-0.00729156 0.0362333 0)
(-0.00792769 0.0376107 0)
(-0.00674136 0.0369183 0)
(-0.00451925 0.035434 0)
(-0.00152087 0.0337801 0)
(0.00201442 0.0322241 0)
(0.00593762 0.0308333 0)
(0.0101426 0.0296198 0)
(0.0145619 0.0285914 0)
(0.0191473 0.0277277 0)
(0.0238657 0.0269967 0)
(0.0287005 0.0263662 0)
(0.0336335 0.0258058 0)
(0.0386411 0.025284 0)
(0.0436954 0.0247697 0)
(0.0487608 0.0242322 0)
(0.0537924 0.0236407 0)
(0.0587338 0.022965 0)
(0.0635184 0.0221772 0)
(0.0680671 0.0212537 0)
(0.0722897 0.0201763 0)
(0.0760881 0.0189353 0)
(0.079362 0.0175352 0)
(0.0820044 0.0159999 0)
(0.0839299 0.01435 0)
(0.085068 0.0126085 0)
(0.08537 0.010807 0)
(0.0847876 0.00896511 0)
(0.0832737 0.00707234 0)
(0.0807689 0.00506782 0)
(0.0772236 0.00283158 0)
(0.0725827 0.000102067 0)
(0.066931 -0.00370379 0)
(0.0603798 -0.00993004 0)
(0.0549505 -0.0224178 0)
(0.0433166 -0.0497242 0)
(0.0573414 -0.104087 0)
(0.00075342 -0.186341 0)
(0.0315078 -0.385688 0)
(-0.00698242 0.0450513 0)
(-0.0123487 0.0504825 0)
(-0.0128281 0.0459184 0)
(-0.0110926 0.040358 0)
(-0.00821848 0.0357646 0)
(-0.00412073 0.0322601 0)
(0.000777473 0.0295619 0)
(0.00630568 0.0273661 0)
(0.0119663 0.0256465 0)
(0.0177153 0.0242712 0)
(0.0235196 0.0231494 0)
(0.0293674 0.0222155 0)
(0.0352451 0.0214242 0)
(0.041146 0.0207376 0)
(0.0470608 0.0201256 0)
(0.0529732 0.0195618 0)
(0.0588582 0.0190222 0)
(0.0646813 0.0184849 0)
(0.0703981 0.0179291 0)
(0.0759555 0.0173361 0)
(0.0812915 0.0166904 0)
(0.0863378 0.0159804 0)
(0.0910221 0.0151996 0)
(0.0952742 0.0143487 0)
(0.099028 0.0134376 0)
(0.102231 0.0124795 0)
(0.104844 0.011485 0)
(0.10684 0.0104671 0)
(0.108203 0.00943295 0)
(0.108932 0.00837018 0)
(0.109007 0.00723259 0)
(0.108419 0.00589751 0)
(0.107067 0.00411029 0)
(0.104922 0.00122474 0)
(0.101319 -0.0042487 0)
(0.0983205 -0.0157987 0)
(0.0865499 -0.0396065 0)
(0.0968898 -0.0831302 0)
(0.00462797 -0.160004 0)
(0.0572402 -0.380997 0)
(-0.010945 0.0254217 0)
(-0.0212243 0.0144098 0)
(-0.0117405 0.0128054 0)
(0.000934443 0.0163625 0)
(0.013198 0.0173972 0)
(0.0249612 0.0168688 0)
(0.0360354 0.0160342 0)
(0.0462804 0.0153542 0)
(0.0558593 0.0147971 0)
(0.0649427 0.0142918 0)
(0.0736484 0.013818 0)
(0.0820514 0.0133739 0)
(0.0902037 0.0129583 0)
(0.0981448 0.0125692 0)
(0.105901 0.0122036 0)
(0.11349 0.0118573 0)
(0.120917 0.0115247 0)
(0.128182 0.0111996 0)
(0.135276 0.010875 0)
(0.142182 0.0105439 0)
(0.148876 0.0102 0)
(0.155331 0.00983753 0)
(0.161514 0.00945291 0)
(0.167393 0.00904443 0)
(0.172937 0.00861301 0)
(0.17812 0.00815969 0)
(0.18292 0.00768637 0)
(0.187325 0.00719247 0)
(0.191324 0.00667693 0)
(0.194913 0.00612256 0)
(0.198071 0.00549417 0)
(0.200767 0.00469135 0)
(0.202876 0.00353309 0)
(0.204171 0.00161487 0)
(0.203255 -0.00174606 0)
(0.200005 -0.00791 0)
(0.184205 -0.0186998 0)
(0.174848 -0.0395972 0)
(0.0285625 -0.101248 0)
(0.139212 -0.308788 0)
(0.0553649 0.111814 0)
(0.0828281 0.0913172 0)
(0.113448 0.0589243 0)
(0.140527 0.0384104 0)
(0.161232 0.0269651 0)
(0.178033 0.0202467 0)
(0.192901 0.0159922 0)
(0.206481 0.0131671 0)
(0.219016 0.0111833 0)
(0.2307 0.00971822 0)
(0.241691 0.00859846 0)
(0.252096 0.00771809 0)
(0.261993 0.00700972 0)
(0.271446 0.00642814 0)
(0.280504 0.0059421 0)
(0.289205 0.00552928 0)
(0.297579 0.00517319 0)
(0.305649 0.00486117 0)
(0.313427 0.00458321 0)
(0.320922 0.00433118 0)
(0.328133 0.00409835 0)
(0.335055 0.00387913 0)
(0.341681 0.00366893 0)
(0.347996 0.00346412 0)
(0.35399 0.00326199 0)
(0.359647 0.00306046 0)
(0.364959 0.00285757 0)
(0.36991 0.00265144 0)
(0.374488 0.00243944 0)
(0.378673 0.00221629 0)
(0.382423 0.00196848 0)
(0.385654 0.00166534 0)
(0.388156 0.00124442 0)
(0.389667 0.000601215 0)
(0.389183 -0.000408188 0)
(0.386722 -0.00188139 0)
(0.374488 -0.00382348 0)
(0.368518 -0.00572576 0)
(0.270832 -0.0155005 0)
(0.449733 -0.125022 0)
)
;

boundaryField
{
    movingWall
    {
        type            fixedValue;
        value           uniform (1 0 0);
    }
    fixedWalls
    {
        type            noSlip;
    }
    frontAndBack
    {
        type            empty;
    }
}


// ************************************************************************* //
