/*--------------------------------*- C++ -*----------------------------------*\
| =========                 |                                                 |
| \\      /  F ield         | OpenFOAM: The Open Source CFD Toolbox           |
|  \\    /   O peration     | Version:  2412                                  |
|   \\  /    A nd           | Website:  www.openfoam.com                      |
|    \\/     M anipulation  |                                                 |
\*---------------------------------------------------------------------------*/
FoamFile
{
    version     2.0;
    format      ascii;
    arch        "LSB;label=32;scalar=64";
    class       volScalarField;
    location    "7";
    object      nut;
}
// * * * * * * * * * * * * * * * * * * * * * * * * * * * * * * * * * * * * * //

dimensions      [0 2 -1 0 0 0 0];

internalField   nonuniform List<scalar> 
400
(
8.34913e-06
8.91153e-06
1.09246e-05
1.55898e-05
2.04778e-05
2.36955e-05
2.51635e-05
2.57767e-05
2.5943e-05
2.57727e-05
2.524e-05
2.46376e-05
2.39531e-05
2.33491e-05
2.27474e-05
2.22293e-05
2.12177e-05
1.92682e-05
1.50178e-05
1.14139e-05
1.06325e-05
1.89042e-05
2.54296e-05
2.60828e-05
2.59222e-05
2.55934e-05
2.53179e-05
2.3881e-05
2.54695e-05
2.69771e-05
2.80372e-05
3.08987e-05
3.18549e-05
3.45503e-05
3.5508e-05
3.56743e-05
3.55103e-05
3.36357e-05
2.9332e-05
1.25982e-05
1.3798e-05
3.09546e-05
2.86299e-05
2.71455e-05
2.58214e-05
2.16349e-05
1.89907e-05
1.8199e-05
1.76984e-05
1.71213e-05
1.67236e-05
1.58432e-05
1.63824e-05
1.73846e-05
2.03019e-05
2.58927e-05
3.11923e-05
3.1894e-05
3.11625e-05
1.70972e-05
1.62638e-05
3.0855e-05
2.95552e-05
2.70802e-05
1.9499e-05
1.64838e-05
1.53321e-05
1.47004e-05
1.44329e-05
1.3856e-05
1.35502e-05
1.30674e-05
1.2334e-05
1.20317e-05
1.24788e-05
1.51388e-05
2.22256e-05
2.99591e-05
3.05633e-05
2.41199e-05
1.7919e-05
3.45146e-05
2.94275e-05
2.11802e-05
1.59025e-05
1.46979e-05
1.48347e-05
1.56536e-05
1.67862e-05
1.74538e-05
1.77405e-05
1.76325e-05
1.57631e-05
1.39421e-05
1.18443e-05
1.12093e-05
1.41849e-05
2.432e-05
3.01865e-05
2.9352e-05
1.89771e-05
3.49639e-05
2.62322e-05
1.73046e-05
1.45962e-05
1.49881e-05
1.65619e-05
1.96545e-05
2.2566e-05
2.46508e-05
2.55933e-05
2.58973e-05
2.32954e-05
2.01461e-05
1.57924e-05
1.17231e-05
1.05139e-05
1.6062e-05
2.99814e-05
3.23705e-05
1.97514e-05
3.58537e-05
2.29942e-05
1.55922e-05
1.46269e-05
1.65529e-05
1.98139e-05
2.51508e-05
2.9271e-05
3.19935e-05
3.31409e-05
3.37265e-05
3.12629e-05
2.78006e-05
2.214e-05
1.55464e-05
1.14411e-05
1.50162e-05
2.57987e-05
3.41756e-05
2.05416e-05
3.56462e-05
2.04915e-05
1.48267e-05
1.52671e-05
1.84572e-05
2.3376e-05
2.98343e-05
3.39042e-05
3.61141e-05
3.68784e-05
3.651e-05
3.41965e-05
3.14222e-05
2.71376e-05
1.97864e-05
1.22781e-05
1.22012e-05
2.50247e-05
3.5332e-05
2.12654e-05
3.37191e-05
1.96707e-05
1.48332e-05
1.60212e-05
2.01115e-05
2.58797e-05
3.25819e-05
3.64185e-05
3.8276e-05
3.87807e-05
3.78784e-05
3.58097e-05
3.30248e-05
2.90924e-05
2.30963e-05
1.42203e-05
1.24173e-05
2.33646e-05
3.61023e-05
2.20378e-05
3.23641e-05
1.90061e-05
1.47286e-05
1.66903e-05
2.12377e-05
2.77459e-05
3.42614e-05
3.77559e-05
3.92602e-05
3.94996e-05
3.80936e-05
3.56771e-05
3.30682e-05
2.97479e-05
2.42482e-05
1.52823e-05
1.15788e-05
2.31028e-05
3.67502e-05
2.2648e-05
2.96808e-05
1.97235e-05
1.51011e-05
1.6675e-05
2.10146e-05
2.64191e-05
3.19786e-05
3.5796e-05
3.80229e-05
3.88159e-05
3.77005e-05
3.50508e-05
3.22916e-05
2.87825e-05
2.43823e-05
1.58721e-05
1.14382e-05
2.28053e-05
3.73217e-05
2.31888e-05
2.81165e-05
2.00474e-05
1.52669e-05
1.64468e-05
2.02701e-05
2.51716e-05
3.0249e-05
3.39709e-05
3.62647e-05
3.67323e-05
3.59143e-05
3.40902e-05
3.15307e-05
2.79439e-05
2.38984e-05
1.59028e-05
1.1273e-05
2.27422e-05
3.79221e-05
2.32796e-05
2.59263e-05
2.0467e-05
1.56106e-05
1.60089e-05
1.88224e-05
2.28574e-05
2.71607e-05
3.06047e-05
3.30209e-05
3.33011e-05
3.25209e-05
3.06622e-05
2.83179e-05
2.58913e-05
2.26692e-05
1.50693e-05
1.10725e-05
2.27351e-05
3.85749e-05
2.30858e-05
2.43942e-05
2.1392e-05
1.63678e-05
1.55773e-05
1.72688e-05
1.96648e-05
2.26984e-05
2.54731e-05
2.82688e-05
2.85396e-05
2.8242e-05
2.72411e-05
2.61043e-05
2.36222e-05
2.01745e-05
1.38253e-05
1.05123e-05
2.29314e-05
3.93526e-05
2.24556e-05
2.47434e-05
2.15147e-05
1.75205e-05
1.55053e-05
1.60036e-05
1.74126e-05
1.93212e-05
2.08588e-05
2.33159e-05
2.372e-05
2.40057e-05
2.40401e-05
2.3323e-05
2.1138e-05
1.76695e-05
1.22062e-05
1.02606e-05
2.34511e-05
4.03876e-05
2.10751e-05
2.4394e-05
2.38092e-05
1.92798e-05
1.63336e-05
1.54645e-05
1.5657e-05
1.66384e-05
1.72599e-05
1.92245e-05
1.96505e-05
2.01112e-05
2.05344e-05
1.94956e-05
1.74959e-05
1.36402e-05
9.9714e-06
1.01162e-05
2.47214e-05
4.17973e-05
1.81793e-05
2.35781e-05
2.57495e-05
2.34404e-05
2.05647e-05
1.73301e-05
1.5809e-05
1.54641e-05
1.51996e-05
1.55638e-05
1.58662e-05
1.58512e-05
1.53653e-05
1.41906e-05
1.20149e-05
9.48488e-06
8.3581e-06
1.12738e-05
2.73733e-05
4.37631e-05
1.59158e-05
2.37732e-05
2.6244e-05
2.62945e-05
2.34997e-05
2.06232e-05
1.77114e-05
1.56952e-05
1.38362e-05
1.28009e-05
1.12861e-05
1.06797e-05
9.93051e-06
8.95772e-06
8.20773e-06
8.04973e-06
9.83116e-06
1.5828e-05
3.21286e-05
4.65752e-05
1.77573e-05
1.98867e-05
2.11273e-05
2.17022e-05
2.06571e-05
1.86325e-05
1.64231e-05
1.50593e-05
1.36132e-05
1.34021e-05
1.32655e-05
1.33705e-05
1.39225e-05
1.513e-05
1.63733e-05
1.92701e-05
2.23723e-05
3.01764e-05
3.86802e-05
5.07005e-05
3.86523e-05
4.79933e-05
5.2549e-05
5.32181e-05
5.30073e-05
5.25224e-05
5.20264e-05
5.16945e-05
5.15096e-05
5.15352e-05
5.16466e-05
5.18764e-05
5.23177e-05
5.2788e-05
5.33721e-05
5.372e-05
5.44594e-05
5.48565e-05
5.70111e-05
5.49284e-05
)
;

boundaryField
{
    movingWall
    {
        type            nutkWallFunction;
        blending        stepwise;
        value           nonuniform List<scalar> 
20
(
0
1.18939e-07
8.71855e-07
9.82092e-07
9.47704e-07
8.68432e-07
7.87231e-07
7.3275e-07
7.02569e-07
7.06843e-07
7.25236e-07
7.63138e-07
8.3557e-07
9.12778e-07
1.00848e-06
1.06537e-06
1.18608e-06
1.25078e-06
1.60083e-06
1.26222e-06
)
;
    }
    fixedWalls
    {
        type            nutkWallFunction;
        blending        stepwise;
        value           nonuniform List<scalar> 
60
(
0
0
0
0
0
0
0
0
0
0
0
0
0
0
0
0
0
0
0
0
0
0
0
0
0
0
0
0
0
0
0
0
0
0
0
0
0
0
5.68811e-07
1.26222e-06
0
0
0
0
0
0
0
0
0
0
0
0
0
0
0
0
0
0
0
0
)
;
    }
    frontAndBack
    {
        type            empty;
    }
}


// ************************************************************************* //
