/*--------------------------------*- C++ -*----------------------------------*\
| =========                 |                                                 |
| \\      /  F ield         | OpenFOAM: The Open Source CFD Toolbox           |
|  \\    /   O peration     | Version:  2412                                  |
|   \\  /    A nd           | Website:  www.openfoam.com                      |
|    \\/     M anipulation  |                                                 |
\*---------------------------------------------------------------------------*/
FoamFile
{
    version     2.0;
    format      ascii;
    arch        "LSB;label=32;scalar=64";
    class       volScalarField;
    location    "7";
    object      p;
}
// * * * * * * * * * * * * * * * * * * * * * * * * * * * * * * * * * * * * * //

dimensions      [0 2 -2 0 0 0 0];

internalField   nonuniform List<scalar> 
400
(
1.59009e-07
-0.000209211
-0.000430673
-0.000642057
-0.00112094
-0.00222922
-0.00416135
-0.00671076
-0.00934912
-0.0113247
-0.0120375
-0.0112622
-0.00897178
-0.00524218
-0.00057298
0.00375956
0.00619687
0.00640307
0.00540688
0.00505388
8.19754e-05
-0.000149477
-0.000228901
-0.000546626
-0.00144175
-0.00331972
-0.00610461
-0.00914903
-0.0117364
-0.0134183
-0.0139959
-0.0133699
-0.011388
-0.00803172
-0.0036515
0.000820662
0.00405503
0.00522208
0.00489814
0.00460586
0.00054899
9.17296e-05
-0.000409613
-0.00156344
-0.00370884
-0.00671151
-0.0100349
-0.013059
-0.0153765
-0.0168416
-0.0173838
-0.0169087
-0.0153308
-0.0126052
-0.00881834
-0.00435629
2.27046e-05
0.00327276
0.00454417
0.00423964
0.000960133
0.000144415
-0.00130405
-0.00385689
-0.00730205
-0.0110075
-0.0143961
-0.0171309
-0.0190698
-0.0201957
-0.0205559
-0.0201181
-0.0188874
-0.01683
-0.0139206
-0.0101612
-0.00551362
-0.000363714
0.00328899
0.00357254
0.000440241
-0.000832455
-0.00325585
-0.00693593
-0.0110837
-0.0148892
-0.0179497
-0.0201931
-0.0216738
-0.0224864
-0.0226981
-0.0223297
-0.0213718
-0.0198183
-0.0176423
-0.0147605
-0.0108242
-0.00532741
0.00035257
0.00203547
-0.00134621
-0.00298744
-0.0060569
-0.0102487
-0.0144643
-0.0179512
-0.0205333
-0.022342
-0.0235426
-0.0242267
-0.0244126
-0.0241107
-0.0233174
-0.0220411
-0.0202793
-0.0179923
-0.0149354
-0.0104016
-0.00434805
-0.000843636
-0.00409743
-0.00584079
-0.00912945
-0.0133208
-0.0172337
-0.0202669
-0.02244
-0.023977
-0.0250345
-0.0256611
-0.0258567
-0.0256165
-0.0249452
-0.0238464
-0.0223202
-0.0203622
-0.0179197
-0.0146267
-0.00968209
-0.00477598
-0.00701547
-0.00868017
-0.0118905
-0.0158195
-0.0193306
-0.0219534
-0.0238368
-0.0252108
-0.0261814
-0.0267672
-0.0269655
-0.0267763
-0.0262052
-0.0252522
-0.0239093
-0.0221768
-0.0201106
-0.0176891
-0.0141567
-0.00929222
-0.0093951
-0.0109317
-0.0139376
-0.0175738
-0.0207489
-0.0230831
-0.024785
-0.0260608
-0.026976
-0.0275328
-0.0277303
-0.0275732
-0.02707
-0.0262219
-0.0250213
-0.0234651
-0.0216353
-0.0196469
-0.0171805
-0.013493
-0.0108544
-0.0122769
-0.0150776
-0.0185403
-0.0215139
-0.0236987
-0.0253099
-0.0265351
-0.0274199
-0.0279606
-0.0281575
-0.0280163
-0.027548
-0.0267572
-0.0256406
-0.0241907
-0.0224937
-0.0207151
-0.018881
-0.0164376
-0.0112677
-0.0126246
-0.0152952
-0.0186953
-0.0216339
-0.0238064
-0.0254088
-0.0266283
-0.02751
-0.0280501
-0.0282483
-0.0281087
-0.0276436
-0.0268614
-0.0257644
-0.0243294
-0.022665
-0.0209797
-0.0194465
-0.0178882
-0.0106516
-0.0120218
-0.0146589
-0.0180273
-0.0211051
-0.0233916
-0.0250676
-0.026332
-0.0272437
-0.0278024
-0.0280056
-0.0278559
-0.027362
-0.0265324
-0.0253698
-0.0238628
-0.0221272
-0.0204174
-0.0190362
-0.0180104
-0.00922497
-0.0106079
-0.0132525
-0.0165908
-0.0198838
-0.0224057
-0.0242566
-0.0256371
-0.0266232
-0.0272255
-0.0274414
-0.02727
-0.0267137
-0.025776
-0.0244571
-0.0227528
-0.0208148
-0.0189601
-0.0176462
-0.016982
-0.00741858
-0.00863269
-0.0112063
-0.0144686
-0.0178991
-0.0207473
-0.0229085
-0.0245104
-0.025638
-0.0263204
-0.0265619
-0.0263587
-0.0257054
-0.0245931
-0.0230126
-0.0209748
-0.0186965
-0.0165492
-0.0151453
-0.0145969
-0.00570399
-0.0065142
-0.00874573
-0.0117679
-0.0151834
-0.0183465
-0.0209202
-0.0228683
-0.024236
-0.0250598
-0.0253523
-0.0251079
-0.0243145
-0.022952
-0.0210156
-0.018549
-0.0158583
-0.0132981
-0.0115109
-0.0104959
-0.00435199
-0.00464151
-0.00615881
-0.00865278
-0.0118535
-0.0152102
-0.0182036
-0.0205887
-0.022301
-0.023344
-0.0237273
-0.023447
-0.0224852
-0.020834
-0.0185077
-0.0155803
-0.0124892
-0.00948542
-0.00722426
-0.00557213
-0.00364291
-0.00339956
-0.00387587
-0.00551534
-0.0082849
-0.0116484
-0.0149534
-0.0177678
-0.0198798
-0.0212188
-0.0217689
-0.0215221
-0.020415
-0.0184867
-0.0157595
-0.0123351
-0.00877401
-0.00517031
-0.00297743
-0.00226635
-0.00275518
-0.00222591
-0.00165268
-0.00239193
-0.00468997
-0.00796611
-0.0114697
-0.0146302
-0.0171174
-0.0187757
-0.019535
-0.0193688
-0.0183104
-0.0162499
-0.0132503
-0.00938025
-0.00510796
-0.000151443
0.00177755
0.00141599
-0.00425368
-0.00249477
-0.000749497
-0.000671656
-0.00243249
-0.00548226
-0.00901598
-0.0123607
-0.015096
-0.016997
-0.0179551
-0.0179272
-0.0168991
-0.0148369
-0.0117736
-0.00759793
-0.00252466
0.00474711
0.00806622
0.0224157
0.000289801
0.00289878
0.00271674
0.00133243
-0.000890713
-0.00402206
-0.00764977
-0.0111411
-0.0140247
-0.0160487
-0.0170975
-0.0171155
-0.0160816
-0.0139728
-0.0108298
-0.00647199
-0.0014512
0.00710047
0.0125831
0.0712712
)
;

boundaryField
{
    movingWall
    {
        type            zeroGradient;
    }
    fixedWalls
    {
        type            zeroGradient;
    }
    frontAndBack
    {
        type            empty;
    }
}


// ************************************************************************* //
