/*--------------------------------*- C++ -*----------------------------------*\
| =========                 |                                                 |
| \\      /  F ield         | OpenFOAM: The Open Source CFD Toolbox           |
|  \\    /   O peration     | Version:  2412                                  |
|   \\  /    A nd           | Website:  www.openfoam.com                      |
|    \\/     M anipulation  |                                                 |
\*---------------------------------------------------------------------------*/
FoamFile
{
    version     2.0;
    format      ascii;
    arch        "LSB;label=32;scalar=64";
    class       volScalarField;
    location    "7.5";
    object      k;
}
// * * * * * * * * * * * * * * * * * * * * * * * * * * * * * * * * * * * * * //

dimensions      [0 2 -2 0 0 0 0];

internalField   nonuniform List<scalar> 
1600
(
0.000154058
0.000180197
0.000222959
0.000263174
0.000288228
0.000302058
0.000321509
0.00034878
0.000379645
0.000425272
0.000540523
0.000880188
0.00137185
0.00196342
0.0025513
0.00306906
0.00348405
0.00377897
0.00393756
0.00400322
0.00401485
0.00393529
0.00380592
0.00362731
0.00343531
0.00322067
0.00300029
0.00277478
0.00255126
0.0023085
0.00205353
0.00176371
0.00149704
0.00135445
0.00125403
0.00117205
0.00106407
0.000868727
0.00057412
0.000329178
0.000264584
0.000214011
0.000199424
0.000198257
0.000208993
0.00025368
0.000361396
0.000509057
0.000697155
0.000986757
0.00133458
0.00168723
0.00194056
0.00214155
0.00228067
0.00231643
0.00230954
0.00225332
0.00219989
0.00216338
0.0021484
0.00214728
0.00220963
0.0022961
0.00241653
0.00255565
0.00270854
0.00284711
0.00293216
0.00296593
0.00294573
0.00280771
0.00258526
0.00222028
0.00174167
0.00128307
0.000916419
0.000668261
0.000467033
0.000371449
0.000430636
0.000318101
0.000291892
0.000293796
0.000334247
0.00046765
0.000729423
0.0010727
0.0014124
0.00164328
0.0017544
0.00180627
0.00183462
0.00183519
0.0016665
0.00159421
0.00150235
0.00144146
0.00139271
0.00136992
0.00136207
0.0013739
0.00141785
0.00148149
0.00158591
0.00172569
0.00191554
0.00215184
0.0024203
0.00264719
0.00279386
0.00284256
0.00273654
0.00251145
0.00206161
0.00149195
0.000967363
0.000612281
0.000411069
0.000435265
0.000574585
0.000437271
0.000443662
0.000491999
0.000642434
0.000936072
0.00131152
0.00157871
0.00168375
0.00170072
0.00167869
0.00160004
0.00142428
0.00122188
0.00110798
0.000985657
0.000902488
0.00082515
0.000776269
0.000735092
0.00071489
0.000706036
0.000704918
0.000727369
0.000762037
0.000825112
0.000920154
0.0010699
0.00130128
0.00167111
0.00208522
0.00243172
0.00259306
0.00261552
0.00243287
0.00187124
0.00117711
0.000636149
0.000395793
0.00049293
0.000661828
0.000593243
0.000670816
0.000796057
0.00104956
0.00140294
0.00162075
0.00168366
0.00165225
0.00156011
0.00137355
0.00110736
0.00092648
0.000780712
0.000694979
0.000608998
0.000567479
0.00052714
0.000508446
0.000494049
0.000487962
0.000485822
0.000487612
0.000496827
0.000509145
0.000533672
0.000571776
0.00063594
0.000741006
0.000919641
0.00122754
0.00175732
0.00230224
0.00256981
0.00263019
0.00245483
0.00171063
0.000835701
0.000443968
0.000525351
0.000708854
0.00080625
0.000961565
0.00114597
0.00143036
0.0016257
0.00167686
0.00162309
0.00146646
0.00118089
0.000910974
0.000734282
0.000620354
0.000543259
0.000504795
0.000476344
0.000464577
0.000457633
0.000454873
0.000453212
0.000452526
0.000452312
0.000453097
0.000456038
0.00046089
0.000470402
0.000485818
0.000512082
0.000555855
0.000632184
0.000771355
0.0010364
0.00155066
0.00228537
0.00264022
0.00271801
0.00244966
0.0014051
0.000630373
0.000553811
0.000741582
0.00106254
0.00127544
0.00146298
0.00162485
0.00167358
0.00161103
0.00141276
0.00106815
0.000797462
0.0006253
0.000533425
0.000481002
0.000455828
0.000444447
0.000439042
0.000436904
0.000435459
0.000434839
0.000434587
0.000435102
0.000436993
0.000439464
0.000443678
0.000449126
0.000456664
0.000466864
0.000481792
0.000504336
0.000540921
0.000605379
0.000728816
0.000978975
0.00149234
0.00234333
0.00273609
0.00278935
0.00221639
0.000973203
0.000610107
0.000785917
0.00133296
0.00155638
0.00165883
0.00169709
0.00162023
0.00141
0.00103592
0.00073368
0.000569079
0.000486883
0.000448219
0.000430846
0.000423487
0.000420101
0.000417375
0.000416082
0.000415537
0.000415672
0.000417714
0.000420876
0.000425467
0.000430879
0.000437565
0.000444945
0.000453478
0.000463204
0.000475021
0.000490349
0.000512406
0.000547976
0.000612552
0.000742106
0.00101686
0.00160705
0.00248885
0.00284445
0.00275051
0.0014067
0.000692044
0.000893854
0.00158425
0.00175886
0.00178138
0.00166772
0.00146258
0.00107978
0.000721373
0.000545341
0.000463081
0.000427762
0.000413102
0.000406785
0.000402787
0.000399435
0.000397773
0.000397262
0.000397585
0.000400047
0.000403622
0.000408724
0.000415125
0.000422863
0.000431929
0.000441909
0.000452537
0.00046344
0.000474978
0.000488213
0.000504534
0.000527327
0.000565821
0.000640723
0.000799074
0.00114732
0.00192088
0.0027275
0.00293578
0.00215223
0.000827168
0.00110184
0.00177884
0.0018976
0.00179046
0.00156797
0.00118991
0.000772123
0.000549012
0.000453227
0.000414377
0.000399201
0.000392552
0.000388112
0.000383547
0.000381341
0.000380438
0.00038033
0.000381528
0.000384123
0.000387829
0.000393156
0.000400058
0.000408899
0.000419663
0.000432228
0.000446189
0.000460804
0.000475163
0.000488895
0.000503521
0.00052115
0.000546644
0.000593699
0.00069518
0.000913908
0.00140336
0.00245398
0.00297469
0.00277
0.000945055
0.00132975
0.00192018
0.00198579
0.00174814
0.00136737
0.000914684
0.000591316
0.000458254
0.000407373
0.00038852
0.000380741
0.000375708
0.000370554
0.000366854
0.000365077
0.000364052
0.000363695
0.000363715
0.000365174
0.000367806
0.000372305
0.000378807
0.000387811
0.00039944
0.000413766
0.000430558
0.000449209
0.000468644
0.000487346
0.000504042
0.000520277
0.000539785
0.000570811
0.000639423
0.000797852
0.00114806
0.00192918
0.00297889
0.0031967
0.00141836
0.00155297
0.00199419
0.00200226
0.00164575
0.00114838
0.000701641
0.000489084
0.000409366
0.000381534
0.000370973
0.000365797
0.000359916
0.000355143
0.000351978
0.00034963
0.000347114
0.000344936
0.000343686
0.000343332
0.000344299
0.000347627
0.000353365
0.000362055
0.000373968
0.00038928
0.000407957
0.000429622
0.000453438
0.000477947
0.000501067
0.000520749
0.000538702
0.000561186
0.0006032
0.000707779
0.000962846
0.00155389
0.00283702
0.00347059
0.00227495
0.00176778
0.00203565
0.0019785
0.00149751
0.000946095
0.000574684
0.000429965
0.000380853
0.000364395
0.000357401
0.000352091
0.00034585
0.000341549
0.000337782
0.000333807
0.000329342
0.000325196
0.000321772
0.000320082
0.000319644
0.000321564
0.000326546
0.000334708
0.000346527
0.000362235
0.000381977
0.000405596
0.000432522
0.000461572
0.000490816
0.000517617
0.00053943
0.000559486
0.000588647
0.000664885
0.000870917
0.00136243
0.00248229
0.00373236
0.00334371
0.00196726
0.0020336
0.00191998
0.0013541
0.000779603
0.000495621
0.000394264
0.000362486
0.000351384
0.00034586
0.000339753
0.00033358
0.000328944
0.000323712
0.000317758
0.000311323
0.000305296
0.000300161
0.000297073
0.00029589
0.00029643
0.000300703
0.000308254
0.00031969
0.000335319
0.00035545
0.00038016
0.000409157
0.000441528
0.00047553
0.000508532
0.000537378
0.000559823
0.000583051
0.000629495
0.000772681
0.00116696
0.00214267
0.00389855
0.00441996
0.0021679
0.00201482
0.00183077
0.00121278
0.000671314
0.000445078
0.000371353
0.000349598
0.000341386
0.000335788
0.000328996
0.000322656
0.000316944
0.000309977
0.000302161
0.000294044
0.000286518
0.000280157
0.000275953
0.000274124
0.000273918
0.000277392
0.000284286
0.000295085
0.000310205
0.000330098
0.000355093
0.000385223
0.000419942
0.000457783
0.000496106
0.000531268
0.000559852
0.00058229
0.000615789
0.000728722
0.00107098
0.00191019
0.00393371
0.00539386
0.00236877
0.00197133
0.0017364
0.00109609
0.000599344
0.000411989
0.000356255
0.000340371
0.000333474
0.000327137
0.000319698
0.000312763
0.000305669
0.000297104
0.000287776
0.000278395
0.000269832
0.000262689
0.000257694
0.000255335
0.0002548
0.00025749
0.00026368
0.000273673
0.000287957
0.000307102
0.000331656
0.000361976
0.000397939
0.000438519
0.000481321
0.000522389
0.000556961
0.00058268
0.000608986
0.000683458
0.000970962
0.00179504
0.0037777
0.00623164
0.00255748
0.00191458
0.00164491
0.001007
0.000550799
0.00039017
0.000346119
0.000333595
0.000327163
0.000319863
0.000311704
0.000303885
0.00029545
0.000285609
0.000275181
0.000264957
0.000255762
0.000248175
0.000242695
0.000239986
0.000239235
0.000241284
0.000246752
0.000255856
0.000269117
0.000287189
0.000310792
0.000340571
0.000376826
0.000419042
0.000465277
0.000511627
0.00055246
0.00058274
0.000606677
0.000662294
0.000897409
0.00164575
0.00370558
0.00693849
0.0027304
0.0018599
0.00156419
0.000943929
0.000519496
0.000375418
0.000339288
0.000329054
0.000322294
0.0003139
0.000304896
0.000296119
0.000286584
0.00027584
0.000264707
0.000254
0.000244486
0.000236696
0.000230994
0.000228022
0.000227101
0.000228646
0.000233411
0.00024161
0.000253769
0.000270594
0.000292918
0.000321609
0.00035735
0.000400165
0.000448709
0.000499416
0.000546196
0.000581986
0.000605955
0.000646162
0.00084599
0.00155838
0.00357232
0.00751398
0.00288427
0.00181312
0.00149558
0.00090466
0.000499884
0.000366362
0.000334849
0.000326088
0.000318609
0.000309175
0.000299318
0.00028965
0.00027929
0.000267975
0.000256461
0.000245547
0.000235938
0.00022811
0.000222353
0.000219157
0.00021808
0.000219231
0.000223343
0.000230673
0.000241742
0.000257281
0.000278184
0.000305468
0.000340125
0.000382685
0.000432478
0.000486506
0.000538597
0.000579999
0.000605701
0.00063523
0.000796399
0.00146007
0.0034946
0.00798269
0.00301906
0.00177283
0.00144181
0.000882668
0.000491852
0.000359886
0.000332069
0.000324316
0.000316091
0.000305602
0.000294876
0.000284463
0.000273564
0.000261977
0.000250359
0.000239454
0.000229905
0.000222144
0.00021642
0.000213033
0.000211781
0.000212624
0.000216148
0.000222679
0.000232728
0.000247037
0.000266507
0.000292231
0.000325436
0.000367077
0.000417182
0.000473524
0.000530263
0.000577583
0.000605942
0.000629932
0.000769709
0.00139987
0.00339083
0.00835557
0.00311565
0.00175178
0.00140304
0.000883976
0.000494799
0.00035812
0.000330292
0.000323402
0.000314584
0.000303299
0.00029179
0.000280725
0.000269478
0.00025783
0.00024628
0.000235499
0.000226092
0.000218464
0.000212825
0.000209306
0.000207856
0.000208462
0.000211438
0.000217245
0.000226378
0.000239586
0.000257714
0.000281873
0.000313446
0.000353704
0.000403322
0.000460923
0.000521263
0.000574066
0.000605793
0.000623974
0.000735902
0.00133946
0.00333685
0.00865196
0.00314975
0.00175223
0.00137725
0.00089241
0.000504885
0.000359823
0.000329501
0.000322879
0.000313896
0.000301788
0.000289628
0.00027815
0.00026675
0.000255172
0.000243825
0.000233331
0.000224248
0.000216838
0.000211278
0.000207672
0.00020607
0.000206519
0.000209075
0.000214344
0.000222742
0.000234874
0.000251608
0.000274271
0.000304196
0.000342799
0.000391352
0.000449384
0.000512512
0.000570629
0.000605816
0.000621553
0.000719077
0.00130123
0.00330469
0.00888912
0.00312949
0.00175761
0.00136992
0.000911703
0.000523921
0.000365045
0.000329757
0.000322766
0.000314021
0.000301816
0.000288961
0.000276863
0.000265343
0.000254085
0.000243235
0.000233195
0.000224317
0.000216989
0.000211439
0.000207763
0.000206047
0.000206315
0.000208443
0.000213305
0.000221285
0.000232686
0.000248465
0.000269716
0.000297701
0.00033448
0.000381553
0.000439203
0.000504067
0.000566692
0.000605677
0.000619077
0.000694568
0.00125906
0.00329545
0.00908906
0.00305966
0.001771
0.00137339
0.000948361
0.000562262
0.000377818
0.000331075
0.000322593
0.0003144
0.000302278
0.000289263
0.000276996
0.000265449
0.000254315
0.000243673
0.000233852
0.000225207
0.000218061
0.000212609
0.000208963
0.000207302
0.000207601
0.000209454
0.000213796
0.000221179
0.000232087
0.000247326
0.000267729
0.000294426
0.000329252
0.000374257
0.000430944
0.000496837
0.000563547
0.000606055
0.000618235
0.000682464
0.00123057
0.0033157
0.00926145
0.0029083
0.00178329
0.00138419
0.000991714
0.000603859
0.000395425
0.000334393
0.000322608
0.0003151
0.000303443
0.000290209
0.000277712
0.000266133
0.000255201
0.00024493
0.000235537
0.00022731
0.000220483
0.000215232
0.000211679
0.000210103
0.00021042
0.000212152
0.000216232
0.00022329
0.000233609
0.000247924
0.000267329
0.000293243
0.000326876
0.000370221
0.000425141
0.000490997
0.000561194
0.00060667
0.000617843
0.000665829
0.00119561
0.00335921
0.00941687
0.0026667
0.00177833
0.00139893
0.0010495
0.000672865
0.000432591
0.000342809
0.000323188
0.000315593
0.000304994
0.000292072
0.000279332
0.000267698
0.000257062
0.00024726
0.000238349
0.000230551
0.000224073
0.000219083
0.000215677
0.000214272
0.000214658
0.000216412
0.00022045
0.000227396
0.000237481
0.00025139
0.000269949
0.000294297
0.000326303
0.000368636
0.000422335
0.000487509
0.000560099
0.000607562
0.000617755
0.000657872
0.00116982
0.00341298
0.00955916
0.00234642
0.00175586
0.00142122
0.00110218
0.000738523
0.000473449
0.000357398
0.000325469
0.000315909
0.000306677
0.00029457
0.000281938
0.000270265
0.000259782
0.000250351
0.000241928
0.000234621
0.000228581
0.000223967
0.000220812
0.000219768
0.000220299
0.000222222
0.000226462
0.000233499
0.000243561
0.000257272
0.00027535
0.000298952
0.000329393
0.000369173
0.000421439
0.000486036
0.000559806
0.000608825
0.000616948
0.000644704
0.00114326
0.00348261
0.00969342
0.00196232
0.00169849
0.00143465
0.00117466
0.000837848
0.000546636
0.000388452
0.000332407
0.000316936
0.000307701
0.000296994
0.000284958
0.000273434
0.000263141
0.000254086
0.000246182
0.000239442
0.000233947
0.00022986
0.000227103
0.000226665
0.00022743
0.000229697
0.00023442
0.000241775
0.000252039
0.00026578
0.000283564
0.000306537
0.000335884
0.000374466
0.00042429
0.000485997
0.000561756
0.000609809
0.000615794
0.000634974
0.00112601
0.00355644
0.0098221
0.00153428
0.00155895
0.00144439
0.00121461
0.000918724
0.000627818
0.000433763
0.000348199
0.000320592
0.000308905
0.00029895
0.000288108
0.000277109
0.000267077
0.000258394
0.000251035
0.000244958
0.000240172
0.000236747
0.000234828
0.000235011
0.000236223
0.000239168
0.000244613
0.000252526
0.000263209
0.000277184
0.000294835
0.000317398
0.000345746
0.000382857
0.000430773
0.000490136
0.000565549
0.000610144
0.000612251
0.000620365
0.00110821
0.00363753
0.0099484
0.00111033
0.00140465
0.00141637
0.00129938
0.00102675
0.00073489
0.000509493
0.000382751
0.000331306
0.000312195
0.00030072
0.0002905
0.000280622
0.0002714
0.000263329
0.000256661
0.000251331
0.000247495
0.000244812
0.000244288
0.000244978
0.000246973
0.0002511
0.000257409
0.000266112
0.000277373
0.000291713
0.000309311
0.000331585
0.000358946
0.000394716
0.000440034
0.000495639
0.000569207
0.000608158
0.000605616
0.00060632
0.0010955
0.00372647
0.0100753
0.000739199
0.00120209
0.00135558
0.00130355
0.00113327
0.000849235
0.000605076
0.000438959
0.000355955
0.000321584
0.000304904
0.000293255
0.000283389
0.000275042
0.000268116
0.000262526
0.000258464
0.000255673
0.00025468
0.00025519
0.00025681
0.000260211
0.000265659
0.000273018
0.000282654
0.000294517
0.000309211
0.000326726
0.00034868
0.000374824
0.000408866
0.000450594
0.000501334
0.000570834
0.000601314
0.000593053
0.000586257
0.00108512
0.00381761
0.0102063
0.00046617
0.000963603
0.00129333
0.0012914
0.00120753
0.000984015
0.000733826
0.000537002
0.000408472
0.000345691
0.000316315
0.000299671
0.000287984
0.00027897
0.000272307
0.000267958
0.000265068
0.000264365
0.000264948
0.000266664
0.00027016
0.000275217
0.00028213
0.00029063
0.00030123
0.000313515
0.000328435
0.0003458
0.000367095
0.000391367
0.000421544
0.00045735
0.000503898
0.000569951
0.000587311
0.000572105
0.000567114
0.00108096
0.0039114
0.0103443
0.000316164
0.000733484
0.00117829
0.00126475
0.00122569
0.00110685
0.000869442
0.000662025
0.00050329
0.0003989
0.000345464
0.000316522
0.000298871
0.00028706
0.000279046
0.000273982
0.000271964
0.000272457
0.000274194
0.00027778
0.000283079
0.000289739
0.000298111
0.000307542
0.000318948
0.000331343
0.000346395
0.000361898
0.000380478
0.000400512
0.000427052
0.000459593
0.00050429
0.000556701
0.000560833
0.00054171
0.000547384
0.00108166
0.00400572
0.0104917
0.000296481
0.000547137
0.00101383
0.00121009
0.00121524
0.00116659
0.00102731
0.000820857
0.000645542
0.000507877
0.000413337
0.000359591
0.000327416
0.000307145
0.000294143
0.000286289
0.00028196
0.000282064
0.000283562
0.000287084
0.000293153
0.000300526
0.000309616
0.000319311
0.000330653
0.000341916
0.000355139
0.000368224
0.000384958
0.000402958
0.000427823
0.000456595
0.000492211
0.000524602
0.000521884
0.000508199
0.000538823
0.00111176
0.00410054
0.0106558
0.000302644
0.000437563
0.00081477
0.00109204
0.00118652
0.00117897
0.00112705
0.00100043
0.000831112
0.000681019
0.00055743
0.000461512
0.000400051
0.000360525
0.000334435
0.000317677
0.000306943
0.000301476
0.000300632
0.000301728
0.000304685
0.000309876
0.000317229
0.000325011
0.000334777
0.000344353
0.000356186
0.000367664
0.000382165
0.000396904
0.000415979
0.000436619
0.000458152
0.00047923
0.000483252
0.000492719
0.000546402
0.00118053
0.00423737
0.0108581
0.000314185
0.000399303
0.000670243
0.000950579
0.00112662
0.0011953
0.00119166
0.00115097
0.00105372
0.000914029
0.00078091
0.000658887
0.000563371
0.000494027
0.000443666
0.000407376
0.000381324
0.000362734
0.000350519
0.000343353
0.000338812
0.000338075
0.000338922
0.000341014
0.000345338
0.000350131
0.000357445
0.000364901
0.00037544
0.000386502
0.000401502
0.000418065
0.000437076
0.000458749
0.000469413
0.000494341
0.000625287
0.00139272
0.00453897
0.0111469
0.000406076
0.000444916
0.000639562
0.000873472
0.00108942
0.00122814
0.00129035
0.00130772
0.00128846
0.00123457
0.00113812
0.00103443
0.00092384
0.000819273
0.000728146
0.000652073
0.000589999
0.000540392
0.000500487
0.000469777
0.000447032
0.00043018
0.000418539
0.000409285
0.0004046
0.000400111
0.000400181
0.000401422
0.0004046
0.00041098
0.000420629
0.000434429
0.000454685
0.000484086
0.000533436
0.000644269
0.000930492
0.00191645
0.00517925
0.0115987
0.000625508
0.000565225
0.000775436
0.000987218
0.00118528
0.00134235
0.00144053
0.00147956
0.00147152
0.00144235
0.00137752
0.00129284
0.00119992
0.00110708
0.00102053
0.000943708
0.000877309
0.000821741
0.000775283
0.000738087
0.000706362
0.0006823
0.000662878
0.000651264
0.000642092
0.000642313
0.000645238
0.000652534
0.000667244
0.000697865
0.000734989
0.000799089
0.000873738
0.000994479
0.0011518
0.00141977
0.00190021
0.00315858
0.00634665
0.0122608
0.00149762
0.00196499
0.00260085
0.00288497
0.00300413
0.00304179
0.00303467
0.00299665
0.00291967
0.00284686
0.00277563
0.00270232
0.00263307
0.00257066
0.00251765
0.00247469
0.00244385
0.0024232
0.00241557
0.00241905
0.00242943
0.00245151
0.00248198
0.00252575
0.00257598
0.00264228
0.00271462
0.0028085
0.00290779
0.00303064
0.00315703
0.00334276
0.0035416
0.0038184
0.00410936
0.00455856
0.00509038
0.00634882
0.00864812
0.0133863
0.00926056
0.0143749
0.0173595
0.0185508
0.018971
0.0189488
0.0187857
0.0184253
0.0179693
0.0174992
0.0170494
0.0166352
0.0162619
0.0159288
0.015633
0.0153705
0.0151376
0.0149304
0.0147463
0.0145829
0.0144378
0.0143103
0.0141982
0.0141022
0.0140199
0.0139535
0.0138992
0.0138625
0.0138358
0.0138301
0.0138334
0.0138412
0.0138581
0.0138859
0.0139446
0.0140154
0.0141765
0.0143561
0.0152558
0.0148295
)
;

boundaryField
{
    movingWall
    {
        type            kqRWallFunction;
        value           nonuniform List<scalar> 
40
(
0.00926056
0.0143749
0.0173595
0.0185508
0.018971
0.0189488
0.0187857
0.0184253
0.0179693
0.0174992
0.0170494
0.0166352
0.0162619
0.0159288
0.015633
0.0153705
0.0151376
0.0149304
0.0147463
0.0145829
0.0144378
0.0143103
0.0141982
0.0141022
0.0140199
0.0139535
0.0138992
0.0138625
0.0138358
0.0138301
0.0138334
0.0138412
0.0138581
0.0138859
0.0139446
0.0140154
0.0141765
0.0143561
0.0152558
0.0148295
)
;
    }
    fixedWalls
    {
        type            kqRWallFunction;
        value           nonuniform List<scalar> 
120
(
0.000154058
0.000264584
0.000430636
0.000574585
0.000661828
0.000708854
0.000741582
0.000785917
0.000893854
0.00110184
0.00132975
0.00155297
0.00176778
0.00196726
0.0021679
0.00236877
0.00255748
0.0027304
0.00288427
0.00301906
0.00311565
0.00314975
0.00312949
0.00305966
0.0029083
0.0026667
0.00234642
0.00196232
0.00153428
0.00111033
0.000739199
0.00046617
0.000316164
0.000296481
0.000302644
0.000314185
0.000406076
0.000625508
0.00149762
0.00926056
0.000329178
0.000371449
0.000435265
0.00049293
0.000525351
0.000553811
0.000610107
0.000692044
0.000827168
0.000945055
0.00141836
0.00227495
0.00334371
0.00441996
0.00539386
0.00623164
0.00693849
0.00751398
0.00798269
0.00835557
0.00865196
0.00888912
0.00908906
0.00926145
0.00941687
0.00955916
0.00969342
0.0098221
0.0099484
0.0100753
0.0102063
0.0103443
0.0104917
0.0106558
0.0108581
0.0111469
0.0115987
0.0122608
0.0133863
0.0148295
0.000154058
0.000180197
0.000222959
0.000263174
0.000288228
0.000302058
0.000321509
0.00034878
0.000379645
0.000425272
0.000540523
0.000880188
0.00137185
0.00196342
0.0025513
0.00306906
0.00348405
0.00377897
0.00393756
0.00400322
0.00401485
0.00393529
0.00380592
0.00362731
0.00343531
0.00322067
0.00300029
0.00277478
0.00255126
0.0023085
0.00205353
0.00176371
0.00149704
0.00135445
0.00125403
0.00117205
0.00106407
0.000868727
0.00057412
0.000329178
)
;
    }
    frontAndBack
    {
        type            empty;
    }
}


// ************************************************************************* //
