/*--------------------------------*- C++ -*----------------------------------*\
| =========                 |                                                 |
| \\      /  F ield         | OpenFOAM: The Open Source CFD Toolbox           |
|  \\    /   O peration     | Version:  2412                                  |
|   \\  /    A nd           | Website:  www.openfoam.com                      |
|    \\/     M anipulation  |                                                 |
\*---------------------------------------------------------------------------*/
FoamFile
{
    version     2.0;
    format      ascii;
    arch        "LSB;label=32;scalar=64";
    class       volScalarField;
    location    "7.5";
    object      p;
}
// * * * * * * * * * * * * * * * * * * * * * * * * * * * * * * * * * * * * * //

dimensions      [0 2 -2 0 0 0 0];

internalField   nonuniform List<scalar> 
1600
(
2.77122e-08
-2.62028e-05
-0.000109221
-0.000218655
-0.000319015
-0.000405489
-0.000500604
-0.000625675
-0.000789185
-0.00101771
-0.00134035
-0.00172429
-0.00214669
-0.00266423
-0.00332634
-0.00411068
-0.00498631
-0.00591632
-0.00682664
-0.00758931
-0.00803251
-0.00798922
-0.007368
-0.00615935
-0.00440372
-0.00218837
0.000336138
0.00294266
0.0053306
0.00715753
0.00813656
0.00818313
0.00746979
0.0063206
0.00515386
0.00431226
0.00388909
0.00383199
0.00391615
0.00399572
-1.85566e-05
-5.8919e-05
-0.000147992
-0.00024917
-0.000322467
-0.00037383
-0.000441382
-0.000542023
-0.0006694
-0.00083242
-0.00109162
-0.00149644
-0.0020269
-0.00268857
-0.0035308
-0.00455798
-0.0057073
-0.0068502
-0.00784513
-0.00857095
-0.00892295
-0.00882005
-0.00821671
-0.00709047
-0.00545243
-0.00336538
-0.000956453
0.00157293
0.00394169
0.00582396
0.00693588
0.00716237
0.00662238
0.00563728
0.00457956
0.00383286
0.00353644
0.00360012
0.00378203
0.00389922
-2.95441e-05
-0.000101124
-0.000211006
-0.000302052
-0.000344326
-0.000350615
-0.000373762
-0.000447684
-0.000592476
-0.000825184
-0.00120756
-0.00181739
-0.00267741
-0.00374672
-0.00496792
-0.00627472
-0.00757755
-0.0087714
-0.00975137
-0.0104229
-0.0107203
-0.0105973
-0.0100145
-0.00895501
-0.00743058
-0.00547752
-0.00317849
-0.000694296
0.0017363
0.0038124
0.00524283
0.00585374
0.00568937
0.00501018
0.00417818
0.00354948
0.00328178
0.00332769
0.0035296
0.00366005
-1.45329e-06
-0.000114201
-0.000247643
-0.00032903
-0.000341771
-0.000336578
-0.000361381
-0.000463759
-0.000720318
-0.00121698
-0.00199827
-0.00307069
-0.00437714
-0.00582575
-0.00732018
-0.00877831
-0.0101216
-0.0112917
-0.0122234
-0.0128507
-0.013126
-0.0130312
-0.0125491
-0.0116406
-0.0102985
-0.00854996
-0.00644568
-0.00408285
-0.00162193
0.000706623
0.00262742
0.00388972
0.00439223
0.00426878
0.0038282
0.0034018
0.00318605
0.00319684
0.00333998
0.00341268
0.000144014
-2.2174e-05
-0.00017014
-0.000254839
-0.000284135
-0.000318829
-0.000443154
-0.000749867
-0.00134397
-0.00229412
-0.00358216
-0.00512545
-0.00680538
-0.00851637
-0.0101647
-0.0116844
-0.013024
-0.0141427
-0.0150029
-0.0155716
-0.0158305
-0.0157622
-0.015347
-0.0145874
-0.0134762
-0.0120157
-0.0102262
-0.00814092
-0.00583259
-0.00342702
-0.00111213
0.000873993
0.00230315
0.00307986
0.00333208
0.00330223
0.0032211
0.00322686
0.00324851
0.00323113
0.000467325
0.000236484
6.2532e-05
-6.16541e-05
-0.000172512
-0.000363293
-0.000750531
-0.00145546
-0.00255306
-0.00403147
-0.00579209
-0.00769926
-0.00961963
-0.0114499
-0.0131222
-0.014591
-0.0158315
-0.0168249
-0.0175588
-0.0180194
-0.0182003
-0.0181127
-0.0177563
-0.0171312
-0.0162355
-0.0150698
-0.0136356
-0.0119313
-0.00996088
-0.00774888
-0.00536443
-0.002941
-0.00068732
0.00114591
0.00238317
0.00303086
0.00324457
0.00326413
0.0031834
0.00308132
0.000954968
0.000661952
0.00042779
0.000212623
-7.53361e-05
-0.000561349
-0.00137536
-0.00261199
-0.00426607
-0.00623078
-0.00834713
-0.010459
-0.0124497
-0.0142449
-0.0158092
-0.0171274
-0.0182015
-0.0190367
-0.0196385
-0.0200062
-0.0201419
-0.020052
-0.0197345
-0.0191987
-0.0184511
-0.0174962
-0.0163365
-0.0149678
-0.0133719
-0.0115165
-0.00936831
-0.00692558
-0.00426948
-0.00161079
0.000701277
0.00231583
0.0030886
0.00320214
0.00305635
0.00288662
0.00152755
0.00116799
0.000836445
0.000463054
-0.00010209
-0.00100919
-0.00236139
-0.00417016
-0.0063239
-0.00864312
-0.0109455
-0.0130954
-0.0150152
-0.0166748
-0.0180747
-0.0192291
-0.0201573
-0.0208742
-0.0213894
-0.0217062
-0.0218241
-0.0217393
-0.0214589
-0.020985
-0.0203281
-0.0194969
-0.0185003
-0.0173431
-0.0160144
-0.0144793
-0.0126716
-0.0105024
-0.00790051
-0.00490364
-0.00178761
0.000886319
0.00252311
0.00297924
0.00285647
0.00260744
0.00205601
0.00160795
0.00114065
0.000551768
-0.000376678
-0.00178483
-0.00370062
-0.00601682
-0.00853284
-0.0110373
-0.0133675
-0.0154353
-0.0172142
-0.0187157
-0.0199681
-0.0209999
-0.0218338
-0.0224825
-0.0229521
-0.0232446
-0.0233584
-0.0232895
-0.0230395
-0.0226137
-0.022019
-0.021264
-0.0203593
-0.0193153
-0.018134
-0.0167974
-0.0152541
-0.0134075
-0.0111174
-0.00824903
-0.00483735
-0.0013463
0.00132743
0.00252924
0.00258316
0.00218564
0.00235634
0.00181871
0.00119164
0.00034343
-0.00099724
-0.00291232
-0.00532075
-0.0080066
-0.0107208
-0.0132598
-0.0155103
-0.0174412
-0.0190718
-0.0204412
-0.0215886
-0.022543
-0.0233219
-0.0239331
-0.0243792
-0.0246605
-0.0247756
-0.0247225
-0.0245015
-0.0241169
-0.0235729
-0.0228759
-0.0220339
-0.0210563
-0.0199502
-0.0187137
-0.0173221
-0.0157089
-0.0137451
-0.0112347
-0.00800203
-0.00417855
-0.000558315
0.00168732
0.00213261
0.00157825
0.00230182
0.00166998
0.00087461
-0.000250331
-0.00198904
-0.00434234
-0.00711113
-0.0100082
-0.012773
-0.015241
-0.0173602
-0.0191491
-0.0206564
-0.0219312
-0.0230106
-0.0239174
-0.0246629
-0.0252512
-0.0256835
-0.0259594
-0.0260784
-0.0260399
-0.0258446
-0.0254956
-0.0249952
-0.0243477
-0.0235582
-0.0226324
-0.0215761
-0.0203926
-0.0190756
-0.0175936
-0.0158626
-0.0137133
-0.0108914
-0.00721568
-0.00304574
0.000276584
0.00135392
0.000838297
0.0018018
0.00109697
0.000145447
-0.00123466
-0.00330636
-0.00597924
-0.00896021
-0.0119247
-0.0146302
-0.0169704
-0.0189482
-0.0206149
-0.02203
-0.0232402
-0.024275
-0.02515
-0.025872
-0.0264436
-0.0268657
-0.0271381
-0.0272615
-0.0272362
-0.0270633
-0.026745
-0.0262826
-0.0256788
-0.0249363
-0.0240576
-0.0230457
-0.0219033
-0.0206308
-0.0192182
-0.0176238
-0.0157383
-0.0133387
-0.0100945
-0.00588893
-0.00172137
0.000269092
-3.53975e-06
0.00086176
0.00011435
-0.000961385
-0.00254418
-0.00485346
-0.00771564
-0.0107736
-0.0136933
-0.0162738
-0.0184678
-0.0203167
-0.0218861
-0.0232339
-0.0243983
-0.0254006
-0.0262509
-0.0269536
-0.027511
-0.0279242
-0.0281939
-0.0283213
-0.0283074
-0.0281534
-0.0278614
-0.027432
-0.0268668
-0.0261669
-0.025333
-0.0243654
-0.0232646
-0.0220317
-0.0206658
-0.0191523
-0.017434
-0.0153618
-0.0126157
-0.00877167
-0.0041751
-0.0011486
-0.00106065
-0.000430331
-0.00118891
-0.00234927
-0.00406905
-0.00651443
-0.00944896
-0.0124776
-0.0152798
-0.0177078
-0.0197609
-0.0215008
-0.0229942
-0.0242908
-0.0254195
-0.0263949
-0.0272235
-0.0279089
-0.0284534
-0.0288586
-0.0291257
-0.0292563
-0.0292519
-0.029114
-0.0288443
-0.0284432
-0.0279117
-0.0272503
-0.0264583
-0.0255348
-0.0244785
-0.0232891
-0.0219681
-0.020514
-0.0189034
-0.017054
-0.0147383
-0.0114456
-0.00689237
-0.00300841
-0.00246698
-0.00194059
-0.0026826
-0.00388857
-0.00568159
-0.00817545
-0.0110919
-0.0140201
-0.0166704
-0.0189448
-0.0208731
-0.0225233
-0.0239562
-0.0252113
-0.0263094
-0.0272605
-0.0280693
-0.0287389
-0.0292715
-0.0296694
-0.0299339
-0.0300671
-0.0300706
-0.0299459
-0.0296949
-0.0293178
-0.0288157
-0.0281882
-0.0274348
-0.0265537
-0.025543
-0.0244012
-0.0231297
-0.021732
-0.0202035
-0.0185079
-0.0165151
-0.0137858
-0.00964752
-0.00532103
-0.004273
-0.00352222
-0.00422664
-0.00544701
-0.00725955
-0.00973757
-0.0125776
-0.0153693
-0.0178617
-0.0199964
-0.0218192
-0.0233963
-0.0247793
-0.0259989
-0.0270697
-0.0279986
-0.0287893
-0.0294444
-0.0299665
-0.0303578
-0.0306199
-0.030755
-0.0307649
-0.0306511
-0.0304154
-0.0300583
-0.0295809
-0.028983
-0.0282641
-0.0274225
-0.0264561
-0.0253635
-0.0241455
-0.0228073
-0.0213543
-0.0197778
-0.018017
-0.0157694
-0.012241
-0.00795104
-0.00641133
-0.00504016
-0.00569284
-0.00690351
-0.00870056
-0.0111238
-0.0138589
-0.0165068
-0.0188541
-0.02087
-0.0226065
-0.024124
-0.0254655
-0.0266541
-0.0277006
-0.0286096
-0.0293842
-0.0300268
-0.0305398
-0.0309254
-0.0311854
-0.0313219
-0.0313367
-0.0312315
-0.031008
-0.0306671
-0.0302099
-0.0296369
-0.0289477
-0.0281414
-0.0272163
-0.0261714
-0.0250077
-0.0237313
-0.0223526
-0.0208801
-0.0192936
-0.0174217
-0.0145301
-0.010668
-0.00871979
-0.00638109
-0.00697621
-0.00816406
-0.00992599
-0.0122787
-0.0149064
-0.0174227
-0.0196479
-0.0215685
-0.0232366
-0.0247064
-0.0260136
-0.0271761
-0.0282015
-0.0290936
-0.0298547
-0.030487
-0.0309925
-0.0313736
-0.0316319
-0.0317695
-0.031788
-0.0316891
-0.0314749
-0.0311463
-0.0307049
-0.0301516
-0.0294869
-0.0287106
-0.027822
-0.0268207
-0.0257088
-0.024493
-0.0231864
-0.0218099
-0.0203633
-0.0187774
-0.0164547
-0.0132525
-0.0109715
-0.00745819
-0.00799994
-0.00916402
-0.010887
-0.0131683
-0.0156989
-0.0181093
-0.0202418
-0.0220915
-0.0237085
-0.0251418
-0.0264218
-0.0275631
-0.0285717
-0.0294504
-0.0302011
-0.0308255
-0.0313257
-0.0317036
-0.0319607
-0.032099
-0.0321201
-0.0320257
-0.0318179
-0.0314978
-0.0310676
-0.0305287
-0.0298826
-0.0291299
-0.0282712
-0.0273073
-0.0262412
-0.025081
-0.0238408
-0.0225524
-0.0212219
-0.0198588
-0.0180166
-0.0155321
-0.0129722
-0.00821442
-0.00871559
-0.00986709
-0.0115565
-0.0137716
-0.0162294
-0.0185637
-0.0206347
-0.0224379
-0.0240203
-0.0254277
-0.0266878
-0.0278135
-0.02881
-0.0296794
-0.0304231
-0.0310428
-0.0315398
-0.031916
-0.0321726
-0.0323115
-0.0323343
-0.0322424
-0.0320381
-0.0317228
-0.031299
-0.0307689
-0.0301347
-0.0293983
-0.0285614
-0.0276263
-0.0265973
-0.0254843
-0.0243019
-0.0230919
-0.0218557
-0.0206612
-0.0192066
-0.0173407
-0.0147058
-0.00861834
-0.00910857
-0.0102581
-0.0119227
-0.0140828
-0.0164968
-0.0187886
-0.0208268
-0.0226053
-0.0241683
-0.0255607
-0.026809
-0.0279256
-0.0289154
-0.0297801
-0.030521
-0.0311391
-0.0316356
-0.0320119
-0.032269
-0.0324086
-0.0324321
-0.0323408
-0.0321373
-0.0318229
-0.0314008
-0.0308735
-0.0302441
-0.0295155
-0.0286909
-0.027774
-0.0267707
-0.0256931
-0.0245571
-0.0234118
-0.0222477
-0.0211775
-0.0200038
-0.0185596
-0.0162251
-0.00867908
-0.00918182
-0.0103403
-0.01199
-0.0141155
-0.0164986
-0.018785
-0.0208169
-0.0225895
-0.024148
-0.0255365
-0.0267818
-0.0278965
-0.0288856
-0.0297509
-0.0304934
-0.0311138
-0.0316127
-0.0319913
-0.0322501
-0.0323907
-0.0324141
-0.0323218
-0.0321161
-0.0317989
-0.0313733
-0.0308426
-0.0302106
-0.029481
-0.0286583
-0.0277477
-0.0267565
-0.0256994
-0.0245927
-0.023494
-0.0223797
-0.0214048
-0.0204152
-0.0192243
-0.0174251
-0.00844608
-0.00896561
-0.0101367
-0.0117799
-0.0138835
-0.0162463
-0.0185492
-0.0205989
-0.0223864
-0.023956
-0.0253523
-0.0266037
-0.0277241
-0.028719
-0.0295907
-0.0303398
-0.0309665
-0.0314713
-0.0318546
-0.0321168
-0.0322589
-0.032282
-0.032187
-0.0319764
-0.031652
-0.0312174
-0.0306764
-0.0300333
-0.0292931
-0.028461
-0.0275438
-0.0265503
-0.0254972
-0.0243979
-0.0233244
-0.0222338
-0.021336
-0.0204549
-0.0194432
-0.0181483
-0.00800311
-0.00851137
-0.00969042
-0.0113254
-0.0134027
-0.015753
-0.0180779
-0.0201651
-0.0219891
-0.0235874
-0.0250044
-0.0262717
-0.0274057
-0.0284136
-0.0292977
-0.0300587
-0.0306966
-0.0312111
-0.0316022
-0.0318699
-0.0320147
-0.0320372
-0.0319384
-0.0317203
-0.0313849
-0.0309359
-0.0303773
-0.029714
-0.0289518
-0.0280974
-0.0271586
-0.0261457
-0.0250759
-0.0239687
-0.0228911
-0.0217948
-0.0209637
-0.0201221
-0.0192818
-0.01834
-0.00744092
-0.00789507
-0.00905003
-0.0106635
-0.0127019
-0.0150321
-0.0173784
-0.0195158
-0.021393
-0.0230359
-0.0244872
-0.0257812
-0.0269378
-0.0279662
-0.0288697
-0.0296488
-0.0303032
-0.0308321
-0.0312347
-0.0315104
-0.0316592
-0.0316815
-0.0315777
-0.0313496
-0.0309994
-0.0305305
-0.0299473
-0.0292548
-0.0284593
-0.0275683
-0.0265911
-0.0255398
-0.0244336
-0.0232943
-0.0221882
-0.0210758
-0.0202651
-0.0194213
-0.0187494
-0.0180149
-0.00683889
-0.00719827
-0.00827464
-0.00984183
-0.0118207
-0.0141067
-0.0164601
-0.0186492
-0.0205908
-0.0222928
-0.0237925
-0.0251256
-0.0263153
-0.0273733
-0.0283043
-0.0291088
-0.0297861
-0.0303346
-0.030753
-0.0310399
-0.0311947
-0.0312175
-0.0311081
-0.0308679
-0.0304989
-0.0300045
-0.029389
-0.0286576
-0.0278169
-0.0268747
-0.0258418
-0.0247319
-0.0235662
-0.0223699
-0.0212113
-0.0200567
-0.019243
-0.0183806
-0.0178467
-0.0172244
-0.00625475
-0.00649618
-0.00743989
-0.00891735
-0.0108022
-0.0130054
-0.0153338
-0.0175611
-0.0195707
-0.0213443
-0.0229076
-0.0242944
-0.0255303
-0.0266294
-0.0275976
-0.0284363
-0.029144
-0.0297187
-0.0301582
-0.0304604
-0.0306241
-0.0306486
-0.0305333
-0.0302791
-0.0298878
-0.0293621
-0.0287064
-0.0279257
-0.0270266
-0.0260178
-0.0249107
-0.0237205
-0.0224714
-0.0211927
-0.0199565
-0.0187358
-0.0179
-0.0169984
-0.0166029
-0.0160256
-0.00572646
-0.00585485
-0.00661406
-0.00794105
-0.00968705
-0.0117612
-0.014017
-0.0162503
-0.0183186
-0.0201717
-0.0218145
-0.0232728
-0.0245712
-0.0257259
-0.0267442
-0.0276279
-0.0283756
-0.0289845
-0.0294518
-0.0297745
-0.0299505
-0.0299789
-0.0298583
-0.0295887
-0.0291715
-0.0286089
-0.0279049
-0.0270642
-0.026093
-0.0250003
-0.0237988
-0.0225054
-0.0211483
-0.019761
-0.0184216
-0.0171131
-0.0162366
-0.0152762
-0.015038
-0.014454
-0.00528045
-0.00531386
-0.00584896
-0.00696549
-0.00851679
-0.0104078
-0.012531
-0.01472
-0.0168218
-0.0187528
-0.020489
-0.022039
-0.0234211
-0.0246505
-0.0257355
-0.0266786
-0.0274784
-0.0281318
-0.0286352
-0.0289849
-0.0291782
-0.0292136
-0.0290889
-0.028803
-0.0283568
-0.0277518
-0.0269915
-0.0260796
-0.0250219
-0.0238276
-0.0225103
-0.0210895
-0.0195986
-0.0180765
-0.0166093
-0.0151949
-0.0142679
-0.0132499
-0.0130994
-0.0124879
-0.00492406
-0.00487703
-0.00518145
-0.0060424
-0.00733985
-0.00898387
-0.0109058
-0.012984
-0.015074
-0.0170661
-0.0189025
-0.0205648
-0.0220558
-0.0233849
-0.0245589
-0.0255803
-0.0264481
-0.0271592
-0.0277094
-0.0280945
-0.0283114
-0.028358
-0.0282312
-0.0279291
-0.0274515
-0.0267993
-0.0259745
-0.0249803
-0.0238215
-0.0225073
-0.0210527
-0.0194803
-0.0178304
-0.0161486
-0.0145322
-0.0129977
-0.0120122
-0.0109082
-0.0108305
-0.0101105
-0.00463402
-0.00451735
-0.00463978
-0.00521691
-0.00620166
-0.00752876
-0.00917545
-0.0110659
-0.013081
-0.0150991
-0.0170294
-0.0188192
-0.0204458
-0.0219042
-0.0231954
-0.0243201
-0.0252769
-0.0260628
-0.0266736
-0.0271053
-0.0273541
-0.0274175
-0.0272919
-0.0269747
-0.0264644
-0.0257608
-0.0248641
-0.0237767
-0.0225029
-0.0210518
-0.0194399
-0.0176937
-0.0158612
-0.0139968
-0.0122135
-0.0105516
-0.00950315
-0.00829019
-0.00828638
-0.00738599
-0.00436909
-0.00421866
-0.00424009
-0.00452669
-0.00513963
-0.00608348
-0.00737822
-0.00900161
-0.0108679
-0.0128587
-0.0148586
-0.0167788
-0.0185629
-0.0201817
-0.0216227
-0.0228809
-0.023953
-0.0248356
-0.0255249
-0.0260173
-0.0263089
-0.0263965
-0.0262769
-0.025947
-0.0254044
-0.0246468
-0.0236727
-0.0224841
-0.0210847
-0.0194837
-0.0176988
-0.0157608
-0.0137254
-0.0116576
-0.00968994
-0.00789189
-0.0067658
-0.00541845
-0.00555433
-0.00447511
-0.00411993
-0.00400856
-0.00397284
-0.0039897
-0.00419044
-0.00468529
-0.00555634
-0.0068386
-0.00848329
-0.0103845
-0.0124124
-0.014447
-0.0163959
-0.0181989
-0.0198214
-0.0212459
-0.0224636
-0.0234692
-0.0242588
-0.0248293
-0.0251768
-0.0252988
-0.0251924
-0.0248545
-0.024282
-0.0234713
-0.02242
-0.0211278
-0.0195987
-0.0178419
-0.0158764
-0.0137377
-0.0114871
-0.00920111
-0.00703
-0.00506716
-0.00379941
-0.00225133
-0.00259611
-0.00124554
-0.00393337
-0.00388505
-0.00379301
-0.00357462
-0.00336009
-0.00335915
-0.00375125
-0.00463543
-0.00600219
-0.00775726
-0.00976454
-0.0118804
-0.0139806
-0.0159731
-0.0177965
-0.0194142
-0.0208061
-0.0219619
-0.0228761
-0.0235448
-0.0239646
-0.0241342
-0.0240514
-0.0237139
-0.023118
-0.0222609
-0.0211388
-0.0197498
-0.0180968
-0.0161899
-0.01405
-0.0117158
-0.00925215
-0.0067461
-0.00435765
-0.00218122
-0.000652269
0.0012518
0.000930728
0.00327447
-0.00376825
-0.0037965
-0.00364823
-0.00322251
-0.00261044
-0.00210886
-0.00200434
-0.0024662
-0.00352593
-0.00509929
-0.00704361
-0.00919974
-0.0114202
-0.0135851
-0.015607
-0.0174273
-0.0190105
-0.020337
-0.0213969
-0.0221846
-0.0226957
-0.0229294
-0.0228852
-0.0225621
-0.0219562
-0.0210654
-0.0198864
-0.0184174
-0.0166601
-0.0146243
-0.0123318
-0.0098222
-0.00716236
-0.00444649
-0.0018361
0.000597434
0.00249504
0.00497514
0.00539605
0.00994702
-0.00352263
-0.0036494
-0.00346626
-0.00282819
-0.00185732
-0.000909271
-0.00035307
-0.000422984
-0.00118821
-0.00257869
-0.00444479
-0.00661201
-0.00891671
-0.0112193
-0.0134116
-0.0154164
-0.0171826
-0.0186796
-0.0198905
-0.0208061
-0.0214209
-0.0217335
-0.021744
-0.0214521
-0.0208573
-0.0199553
-0.0187442
-0.0172247
-0.015399
-0.0132739
-0.0108682
-0.00821797
-0.00538463
-0.00245848
0.000414746
0.00319651
0.00557619
0.00885469
0.010343
0.0168909
-0.00348479
-0.00357296
-0.00322779
-0.00232585
-0.00102703
0.00026965
0.0011792
0.00141287
0.000878247
-0.000360709
-0.00215326
-0.00431844
-0.00668029
-0.00908646
-0.0114148
-0.0135739
-0.0155003
-0.0171524
-0.0185058
-0.0195462
-0.0202672
-0.0206676
-0.0207469
-0.0205046
-0.0199406
-0.0190544
-0.017843
-0.0163114
-0.0144615
-0.0122961
-0.00982608
-0.00707513
-0.00408279
-0.000900789
0.00239297
0.00584488
0.00920586
0.0138802
0.0152721
0.0203611
-0.00254001
-0.00266246
-0.00245391
-0.00154045
-6.50622e-05
0.00148616
0.00263485
0.00308021
0.00270234
0.00156643
-0.000173601
-0.002338
-0.00474653
-0.00723856
-0.00968157
-0.0119734
-0.0140399
-0.0158313
-0.0173149
-0.0184725
-0.0192969
-0.0197849
-0.0199353
-0.0197483
-0.0192251
-0.018367
-0.0171791
-0.0156611
-0.0138245
-0.0116674
-0.00918884
-0.00639187
-0.00327423
0.000219272
0.00418495
0.00890289
0.0144347
0.0222167
0.0231686
0.0277875
-0.00486639
-0.00477431
-0.00377681
-0.00186472
0.00030569
0.00220491
0.00350238
0.00404311
0.00375373
0.00269579
0.00100821
-0.00113889
-0.00356766
-0.00611141
-0.00862841
-0.0110073
-0.0131663
-0.015049
-0.0166191
-0.017856
-0.0187499
-0.0192963
-0.0194947
-0.0193469
-0.0188563
-0.0180263
-0.0168607
-0.0153584
-0.0135123
-0.0113319
-0.00881687
-0.00594146
-0.00265787
0.00117874
0.00584274
0.0120281
0.0203975
0.0328667
0.03965
0.0702684
-0.0033596
0.000142639
0.000848932
0.00100633
0.00196585
0.00326997
0.00423366
0.00453298
0.00408674
0.0029578
0.00126002
-0.000867179
-0.00326759
-0.00578612
-0.00828605
-0.0106571
-0.0128162
-0.0147043
-0.0162838
-0.0175325
-0.0184384
-0.0189954
-0.0192024
-0.0190606
-0.0185723
-0.0177394
-0.016563
-0.0150431
-0.0131792
-0.010975
-0.00842603
-0.00549399
-0.00208767
0.00194452
0.00684208
0.0132546
0.0215913
0.0363091
0.0599758
0.153913
)
;

boundaryField
{
    movingWall
    {
        type            zeroGradient;
    }
    fixedWalls
    {
        type            zeroGradient;
    }
    frontAndBack
    {
        type            empty;
    }
}


// ************************************************************************* //
