/*--------------------------------*- C++ -*----------------------------------*\
| =========                 |                                                 |
| \\      /  F ield         | OpenFOAM: The Open Source CFD Toolbox           |
|  \\    /   O peration     | Version:  2412                                  |
|   \\  /    A nd           | Website:  www.openfoam.com                      |
|    \\/     M anipulation  |                                                 |
\*---------------------------------------------------------------------------*/
FoamFile
{
    version     2.0;
    format      ascii;
    arch        "LSB;label=32;scalar=64";
    class       volVectorField;
    location    "7.5";
    object      U;
}
// * * * * * * * * * * * * * * * * * * * * * * * * * * * * * * * * * * * * * //

dimensions      [0 1 -1 0 0 0 0];

internalField   nonuniform List<vector> 
1600
(
(0.00163253 -0.00146627 0)
(0.00626348 -0.00182073 0)
(0.0104017 -0.00125913 0)
(0.0127394 -0.000370118 0)
(0.0131471 2.61318e-05 0)
(0.0127208 -0.0001352 0)
(0.0119845 -0.00038962 0)
(0.010949 -0.000383313 0)
(0.00908732 -0.000123388 0)
(0.00528007 0.000409494 0)
(-0.00162144 0.000905201 0)
(-0.0107008 0.0019865 0)
(-0.0244506 0.0048203 0)
(-0.0432702 0.00839775 0)
(-0.0647158 0.011315 0)
(-0.0875986 0.0130713 0)
(-0.110403 0.0134403 0)
(-0.131503 0.0124436 0)
(-0.149442 0.010462 0)
(-0.163305 0.00804367 0)
(-0.172805 0.0056133 0)
(-0.178072 0.00331404 0)
(-0.179481 0.00108554 0)
(-0.177083 -0.00120265 0)
(-0.170742 -0.00362652 0)
(-0.16026 -0.00617653 0)
(-0.145487 -0.00877287 0)
(-0.12645 -0.0112492 0)
(-0.10353 -0.013378 0)
(-0.0776663 -0.0148971 0)
(-0.0504428 -0.0154875 0)
(-0.0237553 -0.014809 0)
(0.000637263 -0.0128628 0)
(0.0195813 -0.00945572 0)
(0.0324289 -0.00490618 0)
(0.0379366 4.04636e-05 0)
(0.0355116 0.00418247 0)
(0.026113 0.00657083 0)
(0.0134167 0.00575833 0)
(0.00336003 0.00389768 0)
(0.00252607 -0.0063932 0)
(0.00928849 -0.0079431 0)
(0.0140475 -0.0054394 0)
(0.0163669 -0.00207834 0)
(0.0159353 0.000400203 0)
(0.0131727 0.0014739 0)
(0.0085321 0.00224879 0)
(0.00151567 0.00387471 0)
(-0.00902454 0.00655959 0)
(-0.0245581 0.0111724 0)
(-0.0456304 0.0172994 0)
(-0.0711654 0.0242301 0)
(-0.0988075 0.0303134 0)
(-0.126354 0.0341114 0)
(-0.151976 0.0353821 0)
(-0.174294 0.0342845 0)
(-0.192454 0.0310554 0)
(-0.206433 0.0263198 0)
(-0.216846 0.0207614 0)
(-0.224363 0.0149463 0)
(-0.22914 0.0092108 0)
(-0.231257 0.00362443 0)
(-0.230362 -0.00192629 0)
(-0.22618 -0.00758786 0)
(-0.218497 -0.0134544 0)
(-0.207182 -0.0195612 0)
(-0.192008 -0.0257836 0)
(-0.172877 -0.0317848 0)
(-0.149873 -0.0370405 0)
(-0.12346 -0.0407656 0)
(-0.0946862 -0.0420304 0)
(-0.0651339 -0.0399897 0)
(-0.0368934 -0.0342355 0)
(-0.0122743 -0.0253621 0)
(0.00690645 -0.0145457 0)
(0.0187379 -0.00319923 0)
(0.0244093 0.00704423 0)
(0.0227252 0.0140879 0)
(0.0141811 0.0163366 0)
(0.00364595 0.0126755 0)
(0.00330071 -0.0132584 0)
(0.00950169 -0.0140935 0)
(0.012333 -0.00865971 0)
(0.01214 -0.00193387 0)
(0.00890578 0.00322394 0)
(0.00211706 0.00687491 0)
(-0.00895453 0.0112252 0)
(-0.0246618 0.0177006 0)
(-0.045804 0.0263133 0)
(-0.0717042 0.0361162 0)
(-0.100924 0.0457322 0)
(-0.13064 0.0533739 0)
(-0.158173 0.0577594 0)
(-0.181855 0.0585003 0)
(-0.201364 0.0559556 0)
(-0.216765 0.0507804 0)
(-0.228739 0.0439818 0)
(-0.238024 0.0363166 0)
(-0.245149 0.0283262 0)
(-0.250299 0.0202499 0)
(-0.253581 0.0121671 0)
(-0.254751 0.00401418 0)
(-0.253766 -0.0043416 0)
(-0.250549 -0.0130588 0)
(-0.244787 -0.0222273 0)
(-0.23606 -0.0318757 0)
(-0.224134 -0.0418264 0)
(-0.208598 -0.0516929 0)
(-0.18916 -0.0607076 0)
(-0.165728 -0.0677172 0)
(-0.138591 -0.0712144 0)
(-0.108707 -0.0696975 0)
(-0.0777464 -0.0622452 0)
(-0.0483738 -0.0492725 0)
(-0.0236746 -0.0326252 0)
(-0.00542922 -0.0145286 0)
(0.00565921 0.00238262 0)
(0.0103769 0.0164645 0)
(0.00775804 0.0228868 0)
(0.00206126 0.0195303 0)
(0.00332722 -0.0199058 0)
(0.00668529 -0.0174593 0)
(0.00610422 -0.00806491 0)
(0.00186429 0.00202154 0)
(-0.00586763 0.0107267 0)
(-0.0180889 0.0190417 0)
(-0.0357441 0.0285943 0)
(-0.0589999 0.0404854 0)
(-0.0871302 0.0537423 0)
(-0.117338 0.0661102 0)
(-0.146668 0.0753791 0)
(-0.172656 0.0801835 0)
(-0.194129 0.0804689 0)
(-0.211161 0.0768318 0)
(-0.224322 0.0703472 0)
(-0.234413 0.0620185 0)
(-0.242256 0.052731 0)
(-0.248321 0.0430508 0)
(-0.252852 0.0332687 0)
(-0.255968 0.0235028 0)
(-0.257811 0.013722 0)
(-0.258516 0.00380552 0)
(-0.257878 -0.0064034 0)
(-0.25591 -0.0171407 0)
(-0.252615 -0.0286235 0)
(-0.247733 -0.0409178 0)
(-0.240798 -0.05403 0)
(-0.231172 -0.0676183 0)
(-0.218055 -0.0808545 0)
(-0.20065 -0.092289 0)
(-0.178366 -0.0999062 0)
(-0.15114 -0.10144 0)
(-0.119784 -0.0949011 0)
(-0.086394 -0.0795734 0)
(-0.0547102 -0.0571396 0)
(-0.028871 -0.0316174 0)
(-0.0111786 -0.00726721 0)
(-0.00135348 0.0133498 0)
(0.00151371 0.0248699 0)
(0.000341936 0.0225815 0)
(0.0018379 -0.0236688 0)
(0.00167957 -0.0166565 0)
(-0.00330323 -0.00305352 0)
(-0.0115652 0.0104943 0)
(-0.0241166 0.0234865 0)
(-0.0419654 0.0370361 0)
(-0.0655662 0.0523898 0)
(-0.0937108 0.0688032 0)
(-0.12349 0.0838109 0)
(-0.151711 0.0948367 0)
(-0.175987 0.100488 0)
(-0.195405 0.100697 0)
(-0.210077 0.0963959 0)
(-0.220759 0.0889044 0)
(-0.228268 0.0793656 0)
(-0.233437 0.0687735 0)
(-0.236789 0.0577062 0)
(-0.238747 0.0465802 0)
(-0.23963 0.0355851 0)
(-0.239729 0.0248107 0)
(-0.239251 0.0142009 0)
(-0.238279 0.00360723 0)
(-0.237208 -0.00719637 0)
(-0.236035 -0.0184811 0)
(-0.234791 -0.0306275 0)
(-0.23347 -0.0439991 0)
(-0.231717 -0.0588069 0)
(-0.22901 -0.0749977 0)
(-0.224374 -0.0919993 0)
(-0.216373 -0.10845 0)
(-0.203287 -0.122051 0)
(-0.183616 -0.129658 0)
(-0.156784 -0.128027 0)
(-0.123627 -0.114847 0)
(-0.0870425 -0.0900139 0)
(-0.0525284 -0.0573572 0)
(-0.0259306 -0.02385 0)
(-0.00915711 0.00456 0)
(-0.00205007 0.0219333 0)
(-0.000175792 0.02238 0)
(-0.000586953 -0.0234603 0)
(-0.00480938 -0.0112596 0)
(-0.0138422 0.00593077 0)
(-0.026386 0.0234854 0)
(-0.0437454 0.041348 0)
(-0.0664001 0.0603965 0)
(-0.0934422 0.0800828 0)
(-0.12206 0.0979669 0)
(-0.148995 0.111275 0)
(-0.171788 0.118309 0)
(-0.189361 0.118959 0)
(-0.201811 0.114309 0)
(-0.209858 0.105856 0)
(-0.214464 0.0950712 0)
(-0.216483 0.0830421 0)
(-0.216678 0.070585 0)
(-0.215643 0.0581759 0)
(-0.213906 0.0461519 0)
(-0.211859 0.0346466 0)
(-0.209768 0.0236604 0)
(-0.20783 0.0130735 0)
(-0.206248 0.00269341 0)
(-0.20491 -0.00776695 0)
(-0.203846 -0.0186324 0)
(-0.203229 -0.0302723 0)
(-0.203239 -0.0431328 0)
(-0.204014 -0.0576817 0)
(-0.205532 -0.0742902 0)
(-0.207344 -0.0930102 0)
(-0.208272 -0.11315 0)
(-0.206191 -0.132793 0)
(-0.198185 -0.148519 0)
(-0.181427 -0.155756 0)
(-0.154596 -0.149971 0)
(-0.118894 -0.128589 0)
(-0.0787156 -0.0928079 0)
(-0.0420535 -0.0499207 0)
(-0.0161155 -0.0109945 0)
(-0.00353008 0.0153878 0)
(0.000204493 0.0209499 0)
(-0.00345452 -0.0186327 0)
(-0.0115819 -0.00183339 0)
(-0.0244143 0.0190036 0)
(-0.0410802 0.0406914 0)
(-0.062404 0.0634975 0)
(-0.08776 0.0866067 0)
(-0.114879 0.107779 0)
(-0.140628 0.124076 0)
(-0.162339 0.133355 0)
(-0.178603 0.135154 0)
(-0.189304 0.130537 0)
(-0.195202 0.121293 0)
(-0.197393 0.109224 0)
(-0.196983 0.0957658 0)
(-0.194953 0.0819248 0)
(-0.192129 0.0683788 0)
(-0.18914 0.0554951 0)
(-0.186377 0.0434283 0)
(-0.183997 0.0321363 0)
(-0.181978 0.0214607 0)
(-0.180242 0.0111816 0)
(-0.178657 0.00104756 0)
(-0.177138 -0.00914911 0)
(-0.175751 -0.0196265 0)
(-0.174609 -0.03063 0)
(-0.173955 -0.0424938 0)
(-0.174206 -0.0556768 0)
(-0.175822 -0.0707632 0)
(-0.179152 -0.0883841 0)
(-0.184042 -0.108884 0)
(-0.189277 -0.131655 0)
(-0.192067 -0.154267 0)
(-0.188158 -0.171923 0)
(-0.173155 -0.178052 0)
(-0.144981 -0.166522 0)
(-0.105727 -0.134685 0)
(-0.0623902 -0.086282 0)
(-0.0262391 -0.0343862 0)
(-0.00544166 0.00501186 0)
(0.00064441 0.0192416 0)
(-0.00619442 -0.00963715 0)
(-0.0178338 0.0116454 0)
(-0.0340282 0.0356099 0)
(-0.0540417 0.061451 0)
(-0.0776552 0.0879129 0)
(-0.103164 0.112675 0)
(-0.127904 0.132683 0)
(-0.149044 0.14522 0)
(-0.164737 0.149179 0)
(-0.17452 0.145335 0)
(-0.179105 0.135732 0)
(-0.179782 0.122638 0)
(-0.177919 0.107931 0)
(-0.174749 0.0929483 0)
(-0.171253 0.078519 0)
(-0.168085 0.0650562 0)
(-0.165547 0.0526317 0)
(-0.163647 0.0411112 0)
(-0.162224 0.0302672 0)
(-0.161055 0.0198551 0)
(-0.159933 0.00965626 0)
(-0.158701 -0.000512306 0)
(-0.157339 -0.0107789 0)
(-0.155865 -0.021278 0)
(-0.154304 -0.0321398 0)
(-0.152817 -0.0435248 0)
(-0.151726 -0.0556842 0)
(-0.151533 -0.0690398 0)
(-0.152948 -0.0842827 0)
(-0.156719 -0.102362 0)
(-0.163114 -0.124088 0)
(-0.171001 -0.149103 0)
(-0.176921 -0.174388 0)
(-0.175136 -0.193302 0)
(-0.159697 -0.196599 0)
(-0.128248 -0.176258 0)
(-0.0848871 -0.130397 0)
(-0.0406932 -0.0681247 0)
(-0.00879516 -0.0112409 0)
(0.000732492 0.0170536 0)
(-0.00823718 0.00329631 0)
(-0.0229365 0.0283057 0)
(-0.0417745 0.0552062 0)
(-0.0637873 0.0841188 0)
(-0.0877632 0.112361 0)
(-0.111605 0.136577 0)
(-0.132619 0.1534 0)
(-0.148544 0.160807 0)
(-0.158381 0.15888 0)
(-0.16263 0.149695 0)
(-0.162705 0.136033 0)
(-0.160225 0.120359 0)
(-0.156646 0.104423 0)
(-0.153072 0.0892804 0)
(-0.150149 0.0753674 0)
(-0.148079 0.0626839 0)
(-0.14675 0.050987 0)
(-0.145908 0.0399716 0)
(-0.145299 0.0293758 0)
(-0.144723 0.0189981 0)
(-0.14403 0.00869283 0)
(-0.143148 -0.00165318 0)
(-0.142064 -0.0121401 0)
(-0.140771 -0.0228528 0)
(-0.139275 -0.0338783 0)
(-0.137632 -0.045289 0)
(-0.135976 -0.0571766 0)
(-0.13457 -0.069706 0)
(-0.133911 -0.0832434 0)
(-0.13483 -0.0985612 0)
(-0.138414 -0.116963 0)
(-0.145389 -0.139855 0)
(-0.154707 -0.167156 0)
(-0.162033 -0.194838 0)
(-0.159918 -0.213479 0)
(-0.141246 -0.210306 0)
(-0.104644 -0.175668 0)
(-0.0578086 -0.110741 0)
(-0.0165349 -0.0356345 0)
(-0.000120281 0.0123264 0)
(-0.00951216 0.019401 0)
(-0.0265936 0.0473371 0)
(-0.0468588 0.0764684 0)
(-0.0694687 0.107017 0)
(-0.0923702 0.135349 0)
(-0.11344 0.157221 0)
(-0.130218 0.16947 0)
(-0.141069 0.17101 0)
(-0.145976 0.163413 0)
(-0.146301 0.149872 0)
(-0.143855 0.133537 0)
(-0.140303 0.116749 0)
(-0.136886 0.100883 0)
(-0.13427 0.0864788 0)
(-0.132601 0.0734872 0)
(-0.131693 0.0615721 0)
(-0.131248 0.050363 0)
(-0.131001 0.0395663 0)
(-0.130772 0.0289913 0)
(-0.130453 0.0185111 0)
(-0.129978 0.00803673 0)
(-0.129321 -0.00250795 0)
(-0.128475 -0.0132049 0)
(-0.127437 -0.024134 0)
(-0.126209 -0.035365 0)
(-0.124802 -0.0469498 0)
(-0.123249 -0.0589271 0)
(-0.121628 -0.0713324 0)
(-0.120132 -0.0842596 0)
(-0.119208 -0.0980362 0)
(-0.119746 -0.113552 0)
(-0.123108 -0.132561 0)
(-0.130409 -0.157151 0)
(-0.140452 -0.187259 0)
(-0.147528 -0.216773 0)
(-0.14224 -0.231833 0)
(-0.117221 -0.215323 0)
(-0.0742392 -0.157662 0)
(-0.0274981 -0.0699137 0)
(-0.000834718 0.0020661 0)
(-0.0100591 0.037063 0)
(-0.0284512 0.0676887 0)
(-0.0490684 0.0980849 0)
(-0.0710254 0.129003 0)
(-0.0919561 0.15595 0)
(-0.109771 0.174192 0)
(-0.122342 0.18101 0)
(-0.128862 0.176684 0)
(-0.13026 0.16431 0)
(-0.128422 0.147771 0)
(-0.125212 0.130183 0)
(-0.12204 0.113465 0)
(-0.119678 0.0983939 0)
(-0.11828 0.0849446 0)
(-0.11764 0.0727162 0)
(-0.117437 0.0612557 0)
(-0.117409 0.0502358 0)
(-0.117388 0.0394538 0)
(-0.117289 0.0287957 0)
(-0.117068 0.0181833 0)
(-0.116704 0.00755235 0)
(-0.11619 -0.00316184 0)
(-0.115526 -0.0140314 0)
(-0.114717 -0.0251318 0)
(-0.113766 -0.0365302 0)
(-0.112673 -0.0482798 0)
(-0.11144 -0.0604142 0)
(-0.110066 -0.07294 0)
(-0.108578 -0.0858468 0)
(-0.107103 -0.0991819 0)
(-0.10605 -0.113287 0)
(-0.106393 -0.129294 0)
(-0.109789 -0.149602 0)
(-0.117583 -0.177023 0)
(-0.127837 -0.210644 0)
(-0.132559 -0.24002 0)
(-0.120438 -0.244444 0)
(-0.0862861 -0.20295 0)
(-0.0395093 -0.112658 0)
(-0.00225534 -0.0115618 0)
(-0.0099145 0.0554763 0)
(-0.028583 0.0882874 0)
(-0.048578 0.119019 0)
(-0.0690015 0.14922 0)
(-0.0874673 0.173732 0)
(-0.101939 0.1875 0)
(-0.110785 0.188639 0)
(-0.114081 0.179108 0)
(-0.113449 0.163186 0)
(-0.110904 0.144979 0)
(-0.10807 0.127231 0)
(-0.105905 0.111216 0)
(-0.104674 0.0970761 0)
(-0.104193 0.0843754 0)
(-0.104142 0.0725834 0)
(-0.104254 0.0612961 0)
(-0.10437 0.0502855 0)
(-0.104413 0.0394304 0)
(-0.104353 0.0286629 0)
(-0.10418 0.0179278 0)
(-0.103888 0.00716918 0)
(-0.10348 -0.00367476 0)
(-0.102961 -0.0146716 0)
(-0.102339 -0.0258936 0)
(-0.101619 -0.0374095 0)
(-0.100802 -0.049279 0)
(-0.0998846 -0.0615457 0)
(-0.0988473 -0.0742246 0)
(-0.09766 -0.0872926 0)
(-0.0963027 -0.1007 0)
(-0.0948564 -0.114474 0)
(-0.0937369 -0.129065 0)
(-0.0940956 -0.146084 0)
(-0.0979586 -0.168928 0)
(-0.106586 -0.200854 0)
(-0.116042 -0.237876 0)
(-0.114864 -0.261269 0)
(-0.0918834 -0.241433 0)
(-0.0496261 -0.158429 0)
(-0.00727629 -0.0335118 0)
(-0.0092349 0.0735982 0)
(-0.0272376 0.108152 0)
(-0.0458391 0.13848 0)
(-0.0641804 0.167196 0)
(-0.0799873 0.188583 0)
(-0.0913221 0.197501 0)
(-0.0971957 0.193302 0)
(-0.0984318 0.179579 0)
(-0.0969724 0.161332 0)
(-0.094651 0.142491 0)
(-0.092685 0.1252 0)
(-0.0915487 0.110028 0)
(-0.0911562 0.0966212 0)
(-0.0912062 0.0843591 0)
(-0.0914257 0.0727392 0)
(-0.0916486 0.0614617 0)
(-0.0918024 0.0503834 0)
(-0.0918625 0.0394325 0)
(-0.0918261 0.0285616 0)
(-0.0916932 0.0177234 0)
(-0.0914669 0.00686488 0)
(-0.0911535 -0.00407554 0)
(-0.0907604 -0.0151633 0)
(-0.0902966 -0.0264686 0)
(-0.0897679 -0.0380622 0)
(-0.0891761 -0.0500104 0)
(-0.0885184 -0.0623682 0)
(-0.0877757 -0.0751691 0)
(-0.086908 -0.0884094 0)
(-0.0858539 -0.102036 0)
(-0.0845594 -0.115968 0)
(-0.0830931 -0.130256 0)
(-0.0819604 -0.145639 0)
(-0.0826536 -0.164657 0)
(-0.0876208 -0.192078 0)
(-0.0970642 -0.230177 0)
(-0.102886 -0.267033 0)
(-0.090768 -0.270329 0)
(-0.0559674 -0.203181 0)
(-0.0132195 -0.0631954 0)
(-0.00812925 0.0904637 0)
(-0.0247539 0.126517 0)
(-0.0414249 0.155951 0)
(-0.0573683 0.182688 0)
(-0.0705275 0.200631 0)
(-0.0791462 0.204782 0)
(-0.0828684 0.195972 0)
(-0.0830225 0.17914 0)
(-0.0815234 0.159565 0)
(-0.0798546 0.140737 0)
(-0.0787897 0.124104 0)
(-0.0784352 0.109632 0)
(-0.0785503 0.0966801 0)
(-0.0788595 0.084608 0)
(-0.0791827 0.0730046 0)
(-0.0794381 0.0616638 0)
(-0.0796038 0.0504959 0)
(-0.0796799 0.039453 0)
(-0.0796744 0.0284943 0)
(-0.0795914 0.0175742 0)
(-0.0794365 0.0066396 0)
(-0.0792177 -0.00437101 0)
(-0.0789429 -0.0155226 0)
(-0.0786211 -0.0268843 0)
(-0.0782571 -0.0385283 0)
(-0.0778539 -0.0505263 0)
(-0.0774101 -0.0629442 0)
(-0.0769096 -0.075833 0)
(-0.0763154 -0.0892142 0)
(-0.0755618 -0.103061 0)
(-0.0745578 -0.117285 0)
(-0.0732315 -0.131786 0)
(-0.0716911 -0.146747 0)
(-0.070678 -0.16358 0)
(-0.072287 -0.186492 0)
(-0.0790441 -0.221412 0)
(-0.0875898 -0.265067 0)
(-0.0841053 -0.288953 0)
(-0.0580265 -0.243563 0)
(-0.0180808 -0.0980223 0)
(-0.0067262 0.105382 0)
(-0.0214557 0.142824 0)
(-0.0358574 0.171105 0)
(-0.0492946 0.19566 0)
(-0.0599496 0.210166 0)
(-0.0663514 0.20999 0)
(-0.0686604 0.19746 0)
(-0.0684154 0.178481 0)
(-0.0672811 0.158276 0)
(-0.0663405 0.139763 0)
(-0.0659934 0.123736 0)
(-0.0661384 0.109734 0)
(-0.0665189 0.0970047 0)
(-0.0669368 0.0849683 0)
(-0.0672937 0.0733069 0)
(-0.0675605 0.0618793 0)
(-0.0677397 0.0506241 0)
(-0.0678422 0.039502 0)
(-0.0678799 0.0284731 0)
(-0.0678583 0.0174902 0)
(-0.0677831 0.00649926 0)
(-0.0676626 -0.00456136 0)
(-0.0675045 -0.0157567 0)
(-0.0673169 -0.0271553 0)
(-0.0671035 -0.0388304 0)
(-0.0668679 -0.050858 0)
(-0.0666098 -0.0633135 0)
(-0.0663163 -0.0762641 0)
(-0.0659552 -0.0897555 0)
(-0.0654662 -0.103791 0)
(-0.0647562 -0.11831 0)
(-0.0637122 -0.13318 0)
(-0.0622708 -0.148332 0)
(-0.0606692 -0.164355 0)
(-0.0601735 -0.18414 0)
(-0.0636755 -0.214394 0)
(-0.071728 -0.259127 0)
(-0.0738401 -0.298617 0)
(-0.0562995 -0.277354 0)
(-0.0210942 -0.135343 0)
(-0.00513243 0.11787 0)
(-0.0176432 0.156725 0)
(-0.0295906 0.183812 0)
(-0.0405239 0.206189 0)
(-0.0489036 0.217533 0)
(-0.0535682 0.213706 0)
(-0.0550317 0.198348 0)
(-0.0547868 0.177978 0)
(-0.054147 0.157561 0)
(-0.0538265 0.139431 0)
(-0.0539671 0.123852 0)
(-0.0543904 0.110111 0)
(-0.0548895 0.0974495 0)
(-0.0553428 0.0853687 0)
(-0.0557077 0.0736225 0)
(-0.0559833 0.062108 0)
(-0.0561828 0.0507769 0)
(-0.0563212 0.0395913 0)
(-0.0564115 0.028509 0)
(-0.0564597 0.0174807 0)
(-0.0564704 0.00645023 0)
(-0.0564521 -0.00464398 0)
(-0.056412 -0.0158672 0)
(-0.0563572 -0.0272879 0)
(-0.0562902 -0.0389798 0)
(-0.0562142 -0.051022 0)
(-0.0561301 -0.0634977 0)
(-0.0560276 -0.0764888 0)
(-0.0558793 -0.0900636 0)
(-0.0556313 -0.104256 0)
(-0.0551966 -0.119037 0)
(-0.0544572 -0.134292 0)
(-0.0532926 -0.149864 0)
(-0.0516973 -0.165877 0)
(-0.0502583 -0.184018 0)
(-0.0512209 -0.210083 0)
(-0.0572011 -0.252321 0)
(-0.0619615 -0.301592 0)
(-0.0518394 -0.303698 0)
(-0.0222203 -0.172623 0)
(-0.0034448 0.127646 0)
(-0.013529 0.168024 0)
(-0.0229625 0.194058 0)
(-0.0314651 0.214412 0)
(-0.0378181 0.223082 0)
(-0.041149 0.216386 0)
(-0.0421482 0.198998 0)
(-0.0420893 0.177781 0)
(-0.0419171 0.157356 0)
(-0.0420499 0.139553 0)
(-0.0424815 0.124251 0)
(-0.0430361 0.110619 0)
(-0.0435716 0.0979368 0)
(-0.0440255 0.0857778 0)
(-0.0443883 0.073944 0)
(-0.0446728 0.0623532 0)
(-0.0448964 0.0509612 0)
(-0.0450753 0.0397282 0)
(-0.0452223 0.0286089 0)
(-0.045344 0.0175513 0)
(-0.0454442 0.00649722 0)
(-0.045531 -0.00461536 0)
(-0.0456115 -0.0158517 0)
(-0.0456923 -0.027281 0)
(-0.0457743 -0.0389768 0)
(-0.0458602 -0.0510209 0)
(-0.045951 -0.0635028 0)
(-0.0460387 -0.0765166 0)
(-0.0461004 -0.0901514 0)
(-0.0460886 -0.10447 0)
(-0.0459236 -0.119476 0)
(-0.0454925 -0.135086 0)
(-0.044662 -0.151124 0)
(-0.0433342 -0.167496 0)
(-0.0417109 -0.185048 0)
(-0.0411766 -0.208143 0)
(-0.0448908 -0.246442 0)
(-0.0501052 -0.300416 0)
(-0.0458816 -0.322562 0)
(-0.0218473 -0.208198 0)
(-0.00174309 0.134576 0)
(-0.00927739 0.176652 0)
(-0.0162074 0.201857 0)
(-0.0223782 0.220526 0)
(-0.0269267 0.227115 0)
(-0.0292267 0.218333 0)
(-0.029993 0.199592 0)
(-0.0301726 0.177899 0)
(-0.0303753 0.157542 0)
(-0.0308034 0.139961 0)
(-0.0313846 0.124795 0)
(-0.0319801 0.111172 0)
(-0.0325069 0.0984245 0)
(-0.0329423 0.0861794 0)
(-0.0332958 0.0742672 0)
(-0.0335864 0.0626149 0)
(-0.033833 0.0511781 0)
(-0.0340514 0.0399141 0)
(-0.0342547 0.0287743 0)
(-0.0344494 0.0177038 0)
(-0.0346397 0.00664236 0)
(-0.0348334 -0.00447251 0)
(-0.035038 -0.0157066 0)
(-0.0352596 -0.0271295 0)
(-0.0354981 -0.0388157 0)
(-0.0357548 -0.0508485 0)
(-0.0360305 -0.0633224 0)
(-0.0363187 -0.0763419 0)
(-0.0366001 -0.0900143 0)
(-0.0368339 -0.104429 0)
(-0.0369481 -0.119625 0)
(-0.036837 -0.135547 0)
(-0.0363686 -0.152029 0)
(-0.0354149 -0.168885 0)
(-0.0340251 -0.186451 0)
(-0.032848 -0.20777 0)
(-0.0348654 -0.242118 0)
(-0.0393442 -0.297214 0)
(-0.039466 -0.33485 0)
(-0.020302 -0.240743 0)
(-7.03935e-05 0.138626 0)
(-0.00498898 0.182581 0)
(-0.00945838 0.207316 0)
(-0.0134317 0.224629 0)
(-0.0162994 0.229828 0)
(-0.0178057 0.219797 0)
(-0.0184482 0.200233 0)
(-0.0188493 0.178292 0)
(-0.0193258 0.157995 0)
(-0.0199301 0.140524 0)
(-0.02057 0.125388 0)
(-0.0211535 0.111717 0)
(-0.0216447 0.098887 0)
(-0.0220481 0.0865613 0)
(-0.0223837 0.0745851 0)
(-0.0226738 0.0628881 0)
(-0.0229374 0.0514236 0)
(-0.0231901 0.0401455 0)
(-0.0234452 0.0290019 0)
(-0.0237099 0.0179357 0)
(-0.0239885 0.00688493 0)
(-0.0242898 -0.00421405 0)
(-0.0246217 -0.0154277 0)
(-0.0249907 -0.0268267 0)
(-0.0253957 -0.0384868 0)
(-0.0258363 -0.0504927 0)
(-0.0263131 -0.062943 0)
(-0.0268198 -0.0759504 0)
(-0.02734 -0.0896376 0)
(-0.0278389 -0.10412 0)
(-0.0282526 -0.119467 0)
(-0.0284838 -0.135656 0)
(-0.0284087 -0.152533 0)
(-0.0278828 -0.169878 0)
(-0.026953 -0.187738 0)
(-0.0256958 -0.20815 0)
(-0.0268085 -0.23916 0)
(-0.0302179 -0.293487 0)
(-0.0331451 -0.341707 0)
(-0.017904 -0.269758 0)
(0.00155207 0.139779 0)
(-0.00071526 0.185861 0)
(-0.00276069 0.210497 0)
(-0.00467172 0.226891 0)
(-0.0060037 0.231396 0)
(-0.00679627 0.220836 0)
(-0.00734912 0.200927 0)
(-0.00792771 0.1789 0)
(-0.0086009 0.158628 0)
(-0.00930777 0.141165 0)
(-0.0099558 0.12598 0)
(-0.0104978 0.112225 0)
(-0.0109358 0.099309 0)
(-0.0112942 0.0869142 0)
(-0.0116009 0.0748908 0)
(-0.01188 0.0631668 0)
(-0.0121509 0.0516924 0)
(-0.0124293 0.0404181 0)
(-0.0127294 0.0292893 0)
(-0.0130589 0.0182468 0)
(-0.013423 0.00722708 0)
(-0.0138313 -0.00383531 0)
(-0.0142927 -0.0150079 0)
(-0.0148154 -0.0263622 0)
(-0.0153972 -0.0379759 0)
(-0.0160365 -0.0499356 0)
(-0.0167332 -0.0623432 0)
(-0.0174809 -0.0753183 0)
(-0.0182647 -0.0889962 0)
(-0.0190547 -0.103514 0)
(-0.0197952 -0.118973 0)
(-0.0203969 -0.135382 0)
(-0.0207517 -0.152601 0)
(-0.0206913 -0.170391 0)
(-0.0203599 -0.188637 0)
(-0.0193633 -0.208678 0)
(-0.0203053 -0.237053 0)
(-0.0228584 -0.289956 0)
(-0.0272473 -0.344434 0)
(-0.0149114 -0.295121 0)
(0.00314883 0.138055 0)
(0.00354869 0.186533 0)
(0.00384659 0.211512 0)
(0.0038625 0.227472 0)
(0.00399451 0.231838 0)
(0.00393025 0.221493 0)
(0.00347201 0.201617 0)
(0.00276078 0.17966 0)
(0.00193902 0.159385 0)
(0.00116667 0.141845 0)
(0.000533822 0.126546 0)
(4.83277e-05 0.112681 0)
(-0.00032431 0.0996781 0)
(-0.000625539 0.0872264 0)
(-0.000890323 0.075173 0)
(-0.0011457 0.0634407 0)
(-0.00141199 0.0519755 0)
(-0.0017055 0.0407248 0)
(-0.00204139 0.0296315 0)
(-0.00242916 0.0186349 0)
(-0.00287461 0.00766956 0)
(-0.00338868 -0.00333173 0)
(-0.00398165 -0.0144382 0)
(-0.00466343 -0.0257234 0)
(-0.00543178 -0.0372669 0)
(-0.00628404 -0.0491576 0)
(-0.00721942 -0.0615005 0)
(-0.00823158 -0.0744202 0)
(-0.00930682 -0.0880629 0)
(-0.0104179 -0.102584 0)
(-0.0115174 -0.118113 0)
(-0.0125229 -0.134689 0)
(-0.0133499 -0.152188 0)
(-0.0137985 -0.170351 0)
(-0.014138 -0.188948 0)
(-0.0135918 -0.208851 0)
(-0.0149399 -0.235336 0)
(-0.0170415 -0.286717 0)
(-0.022066 -0.34498 0)
(-0.0117922 -0.316216 0)
(0.00474739 0.13346 0)
(0.00782908 0.18464 0)
(0.0103677 0.21049 0)
(0.0121777 0.226425 0)
(0.0137571 0.23112 0)
(0.0144653 0.22175 0)
(0.0141798 0.202316 0)
(0.0133585 0.180537 0)
(0.0124096 0.160231 0)
(0.0115846 0.14254 0)
(0.0109725 0.127073 0)
(0.0105478 0.113072 0)
(0.0102478 0.0999813 0)
(0.0100147 0.0874833 0)
(0.00980503 0.0754161 0)
(0.00958771 0.0636942 0)
(0.00934026 0.0522583 0)
(0.00904478 0.0410524 0)
(0.00868446 0.0300174 0)
(0.00824749 0.0190908 0)
(0.0077264 0.00820535 0)
(0.00710895 -0.00270813 0)
(0.00638368 -0.0137202 0)
(0.00553937 -0.0249063 0)
(0.00457607 -0.0363495 0)
(0.00349778 -0.0481419 0)
(0.00230553 -0.0603916 0)
(0.00100576 -0.073229 0)
(-0.00038742 -0.0868082 0)
(-0.0018495 -0.101299 0)
(-0.00334131 -0.116854 0)
(-0.00478832 -0.133542 0)
(-0.00613095 -0.151257 0)
(-0.0071462 -0.169715 0)
(-0.00820906 -0.188606 0)
(-0.00822359 -0.208439 0)
(-0.0103482 -0.233503 0)
(-0.0123208 -0.283328 0)
(-0.0178593 -0.345114 0)
(-0.00912323 -0.332761 0)
(0.00633712 0.125826 0)
(0.0121248 0.180347 0)
(0.016784 0.207529 0)
(0.0202947 0.223771 0)
(0.0232801 0.229321 0)
(0.0248857 0.221381 0)
(0.0249071 0.20301 0)
(0.0240117 0.181544 0)
(0.0229344 0.161168 0)
(0.0220428 0.14325 0)
(0.0214356 0.127555 0)
(0.0210639 0.113392 0)
(0.0208384 0.100207 0)
(0.0206827 0.0876701 0)
(0.0205423 0.0756035 0)
(0.0203795 0.0639102 0)
(0.0201675 0.0525238 0)
(0.0198856 0.0413851 0)
(0.0195147 0.0304327 0)
(0.01904 0.0196025 0)
(0.0184517 0.0088257 0)
(0.0177358 -0.00196908 0)
(0.0168791 -0.0128549 0)
(0.0158703 -0.0239097 0)
(0.0147062 -0.0352191 0)
(0.0133906 -0.0468782 0)
(0.0119248 -0.0589992 0)
(0.0103163 -0.0717186 0)
(0.00857997 -0.0851991 0)
(0.00673723 -0.0996218 0)
(0.0048218 -0.115158 0)
(0.00289642 -0.1319 0)
(0.000999553 -0.149758 0)
(-0.000644308 -0.16842 0)
(-0.00247771 -0.187533 0)
(-0.0031403 -0.207273 0)
(-0.00628896 -0.23125 0)
(-0.00824836 -0.279437 0)
(-0.0146615 -0.344972 0)
(-0.00714564 -0.345811 0)
(0.00778759 0.115226 0)
(0.0163274 0.173647 0)
(0.0230468 0.202699 0)
(0.028188 0.219635 0)
(0.0325434 0.226353 0)
(0.0351919 0.220309 0)
(0.0357094 0.203522 0)
(0.0348459 0.182629 0)
(0.0336463 0.162212 0)
(0.0326533 0.144007 0)
(0.032013 0.128016 0)
(0.0316706 0.113647 0)
(0.0315129 0.100351 0)
(0.0314406 0.0877746 0)
(0.0313829 0.0757182 0)
(0.0312918 0.0640694 0)
(0.0311336 0.0527531 0)
(0.0308829 0.0417053 0)
(0.0305173 0.030862 0)
(0.0300185 0.0201571 0)
(0.0293734 0.00951997 0)
(0.0285667 -0.00112256 0)
(0.0275834 -0.011846 0)
(0.0264111 -0.0227317 0)
(0.0250425 -0.0338686 0)
(0.0234806 -0.0453564 0)
(0.0217285 -0.0573125 0)
(0.0197947 -0.0698768 0)
(0.0176919 -0.0832169 0)
(0.0154403 -0.097525 0)
(0.0130697 -0.112989 0)
(0.0106285 -0.129721 0)
(0.00814615 -0.147641 0)
(0.00581371 -0.16642 0)
(0.00316046 -0.185657 0)
(0.00174194 -0.205248 0)
(-0.00260597 -0.228346 0)
(-0.00458929 -0.274894 0)
(-0.0123486 -0.344309 0)
(-0.00568012 -0.356282 0)
(0.00887075 0.101958 0)
(0.0201814 0.164351 0)
(0.0290443 0.196129 0)
(0.0357777 0.214055 0)
(0.041486 0.222122 0)
(0.0453243 0.218352 0)
(0.0465842 0.203668 0)
(0.045938 0.183722 0)
(0.0446617 0.163376 0)
(0.0435339 0.144856 0)
(0.0428091 0.128501 0)
(0.0424566 0.113865 0)
(0.0423477 0.100421 0)
(0.0423572 0.0877911 0)
(0.0423924 0.075747 0)
(0.0423897 0.064156 0)
(0.0423046 0.0529301 0)
(0.0421046 0.0419985 0)
(0.0417625 0.0312932 0)
(0.0412555 0.0207457 0)
(0.0405672 0.010283 0)
(0.0396801 -0.000171027 0)
(0.0385773 -0.0106931 0)
(0.0372448 -0.0213682 0)
(0.0356721 -0.0322902 0)
(0.0338617 -0.0435642 0)
(0.0318167 -0.0553124 0)
(0.0295434 -0.0676811 0)
(0.027055 -0.0808429 0)
(0.024373 -0.0949916 0)
(0.021519 -0.110323 0)
(0.0185282 -0.126966 0)
(0.0154147 -0.144853 0)
(0.0123413 -0.163652 0)
(0.00883644 -0.182903 0)
(0.00651567 -0.202307 0)
(0.000845067 -0.224574 0)
(-0.00123458 -0.269813 0)
(-0.0106118 -0.342563 0)
(-0.0046036 -0.36499 0)
(0.00935064 0.0866022 0)
(0.0233457 0.152428 0)
(0.0345314 0.18761 0)
(0.0429371 0.20707 0)
(0.0499808 0.216589 0)
(0.0551255 0.215286 0)
(0.0574265 0.203186 0)
(0.0572854 0.184682 0)
(0.0560622 0.164645 0)
(0.0548015 0.14584 0)
(0.0539429 0.129058 0)
(0.0535289 0.11408 0)
(0.0534359 0.100432 0)
(0.0535153 0.0877184 0)
(0.0536473 0.075679 0)
(0.0537465 0.0641534 0)
(0.0537533 0.0530362 0)
(0.0536244 0.042246 0)
(0.0533257 0.0317091 0)
(0.052829 0.0213533 0)
(0.0521139 0.0111023 0)
(0.0511602 0.000876852 0)
(0.0499487 -0.0094018 0)
(0.0484637 -0.0198225 0)
(0.0466918 -0.0304844 0)
(0.0446342 -0.041498 0)
(0.0422939 -0.0529903 0)
(0.0396765 -0.0651128 0)
(0.0367939 -0.078044 0)
(0.0336618 -0.0919869 0)
(0.0302966 -0.107133 0)
(0.0267215 -0.123611 0)
(0.0229298 -0.14136 0)
(0.0190555 -0.16005 0)
(0.0146218 -0.179192 0)
(0.0112831 -0.198348 0)
(0.00420521 -0.219812 0)
(0.00189986 -0.264034 0)
(-0.0093143 -0.339665 0)
(-0.00372198 -0.372399 0)
(0.00906233 0.0700183 0)
(0.0254431 0.137796 0)
(0.0391258 0.176917 0)
(0.0494184 0.198588 0)
(0.0578436 0.209726 0)
(0.0643848 0.210915 0)
(0.0680263 0.201746 0)
(0.0687727 0.185243 0)
(0.0678633 0.165914 0)
(0.0665612 0.14697 0)
(0.065554 0.129742 0)
(0.0650277 0.114341 0)
(0.0649043 0.100413 0)
(0.0650265 0.0875656 0)
(0.0652474 0.0755078 0)
(0.0654548 0.0640459 0)
(0.0655682 0.0530507 0)
(0.0655296 0.0424257 0)
(0.0652951 0.0320879 0)
(0.064829 0.0219595 0)
(0.0641064 0.0119594 0)
(0.0631037 0.00200509 0)
(0.0617984 -0.00798515 0)
(0.0601741 -0.0181048 0)
(0.0582138 -0.0284585 0)
(0.0559173 -0.0391624 0)
(0.0532867 -0.0503487 0)
(0.0503253 -0.0621739 0)
(0.0470425 -0.0748185 0)
(0.0434486 -0.0884862 0)
(0.039548 -0.103368 0)
(0.0353494 -0.119596 0)
(0.0308204 -0.137104 0)
(0.0260693 -0.155545 0)
(0.0206194 -0.17443 0)
(0.0161356 -0.193213 0)
(0.00753051 -0.213935 0)
(0.00490115 -0.257411 0)
(-0.00834167 -0.33559 0)
(-0.00292632 -0.378855 0)
(0.00797377 0.0532445 0)
(0.026104 0.120664 0)
(0.0423659 0.163822 0)
(0.0548384 0.188462 0)
(0.0647857 0.201477 0)
(0.0727831 0.205049 0)
(0.078024 0.198967 0)
(0.0801166 0.185008 0)
(0.0799486 0.166936 0)
(0.0788533 0.148165 0)
(0.0777773 0.13057 0)
(0.0771233 0.114698 0)
(0.0769237 0.100406 0)
(0.077048 0.0873568 0)
(0.0773341 0.0752393 0)
(0.0776429 0.0638262 0)
(0.0778688 0.0529582 0)
(0.0779345 0.0425178 0)
(0.0777823 0.0324082 0)
(0.0773677 0.022543 0)
(0.0766584 0.0128338 0)
(0.0756273 0.00319434 0)
(0.0742485 -0.0064606 0)
(0.0725034 -0.0162306 0)
(0.0703733 -0.0262259 0)
(0.0678538 -0.0365675 0)
(0.0649456 -0.0473925 0)
(0.0616477 -0.0588618 0)
(0.0579647 -0.0711574 0)
(0.0538956 -0.0844798 0)
(0.049432 -0.0990092 0)
(0.0445657 -0.114871 0)
(0.039226 -0.131996 0)
(0.033507 -0.150039 0)
(0.026922 -0.168502 0)
(0.021147 -0.186771 0)
(0.0108742 -0.20682 0)
(0.00781402 -0.249744 0)
(-0.00766318 -0.330344 0)
(-0.00213209 -0.384579 0)
(0.00615794 0.0372969 0)
(0.0252059 0.101601 0)
(0.0437407 0.148116 0)
(0.0586839 0.176326 0)
(0.0704405 0.191726 0)
(0.0799891 0.197599 0)
(0.0869985 0.194513 0)
(0.0908697 0.183473 0)
(0.0920031 0.167279 0)
(0.0915694 0.149183 0)
(0.0906812 0.131469 0)
(0.089989 0.11517 0)
(0.0897089 0.10046 0)
(0.0897981 0.0871324 0)
(0.0901132 0.0748969 0)
(0.0905005 0.0635011 0)
(0.0908303 0.0527534 0)
(0.0910034 0.042509 0)
(0.0909445 0.0326522 0)
(0.0905988 0.0230831 0)
(0.0899223 0.0137036 0)
(0.0888846 0.00442266 0)
(0.0874558 -0.00485066 0)
(0.0856137 -0.0142227 0)
(0.0833418 -0.0238075 0)
(0.0806206 -0.033731 0)
(0.0774534 -0.0441355 0)
(0.0738319 -0.0551837 0)
(0.0697507 -0.0670545 0)
(0.065192 -0.0799408 0)
(0.0601295 -0.0940098 0)
(0.0545313 -0.109373 0)
(0.0482868 -0.12595 0)
(0.0414824 -0.143413 0)
(0.0336095 -0.161264 0)
(0.0263815 -0.178864 0)
(0.0142613 -0.198337 0)
(0.0106883 -0.240984 0)
(-0.00726024 -0.323773 0)
(-0.0012704 -0.389659 0)
(0.00398066 0.0231964 0)
(0.0227141 0.0815098 0)
(0.0429096 0.129933 0)
(0.0603696 0.161918 0)
(0.0742368 0.180175 0)
(0.085516 0.188411 0)
(0.0944205 0.18811 0)
(0.100423 0.180119 0)
(0.103472 0.166347 0)
(0.104352 0.149557 0)
(0.104151 0.132177 0)
(0.103711 0.115665 0)
(0.10347 0.100577 0)
(0.103544 0.0869304 0)
(0.103866 0.0745184 0)
(0.104301 0.0630955 0)
(0.104711 0.0524462 0)
(0.104979 0.0423969 0)
(0.105013 0.0328089 0)
(0.104744 0.0235628 0)
(0.104114 0.0145479 0)
(0.10309 0.0056669 0)
(0.101634 -0.00318108 0)
(0.0997213 -0.0121082 0)
(0.097332 -0.0212307 0)
(0.0944376 -0.0306781 0)
(0.0910341 -0.0405968 0)
(0.0871008 -0.0511474 0)
(0.0826169 -0.0625007 0)
(0.0775408 -0.0748372 0)
(0.0718235 -0.0883074 0)
(0.0654039 -0.103005 0)
(0.0581263 -0.11884 0)
(0.0500806 -0.135516 0)
(0.0407409 -0.152546 0)
(0.0318547 -0.169326 0)
(0.0176588 -0.188403 0)
(0.0136812 -0.231161 0)
(-0.00703477 -0.315787 0)
(-0.000288764 -0.394164 0)
(0.00188325 0.0118906 0)
(0.0187192 0.0616113 0)
(0.0396725 0.109692 0)
(0.0593581 0.145128 0)
(0.0755741 0.166635 0)
(0.0887942 0.177349 0)
(0.0997094 0.179579 0)
(0.108071 0.174487 0)
(0.113572 0.163455 0)
(0.11652 0.148597 0)
(0.117744 0.132173 0)
(0.118122 0.115879 0)
(0.118275 0.100629 0)
(0.11851 0.0867277 0)
(0.1189 0.074128 0)
(0.119387 0.0626445 0)
(0.11986 0.0520656 0)
(0.120203 0.042199 0)
(0.120317 0.032883 0)
(0.120118 0.0239755 0)
(0.119541 0.015353 0)
(0.118541 0.00690673 0)
(0.117075 -0.00147764 0)
(0.115113 -0.00991479 0)
(0.112629 -0.0185222 0)
(0.109583 -0.0274322 0)
(0.105954 -0.0367896 0)
(0.101703 -0.0467479 0)
(0.0967895 -0.0574673 0)
(0.0911409 -0.0691117 0)
(0.0846806 -0.081812 0)
(0.0773074 -0.0956375 0)
(0.0688285 -0.110497 0)
(0.0593543 -0.126153 0)
(0.048332 -0.142134 0)
(0.0375591 -0.157972 0)
(0.0210979 -0.176936 0)
(0.0169226 -0.220248 0)
(-0.00691205 -0.306383 0)
(0.000933658 -0.398279 0)
(0.000929942 0.00437889 0)
(0.0139944 0.0429549 0)
(0.0343454 0.0884878 0)
(0.055324 0.126014 0)
(0.0737313 0.150847 0)
(0.0891254 0.164201 0)
(0.102192 0.168779 0)
(0.113046 0.166269 0)
(0.121372 0.157976 0)
(0.127085 0.14549 0)
(0.130599 0.130675 0)
(0.132619 0.115209 0)
(0.133818 0.100234 0)
(0.13466 0.0863242 0)
(0.135383 0.0736467 0)
(0.136056 0.0621349 0)
(0.136647 0.0516269 0)
(0.13708 0.0419379 0)
(0.13727 0.0328921 0)
(0.137133 0.0243331 0)
(0.136605 0.0161234 0)
(0.135628 0.00813733 0)
(0.134153 0.000250794 0)
(0.132142 -0.00765288 0)
(0.129557 -0.0156925 0)
(0.126355 -0.0239954 0)
(0.122476 -0.0326994 0)
(0.117863 -0.0419509 0)
(0.112451 -0.0518958 0)
(0.106134 -0.0626757 0)
(0.0987985 -0.0743917 0)
(0.0902974 -0.0870927 0)
(0.0804252 -0.100713 0)
(0.0693116 -0.115094 0)
(0.0563487 -0.129771 0)
(0.0434187 -0.14461 0)
(0.024649 -0.163849 0)
(0.0205359 -0.208293 0)
(-0.00689029 -0.295627 0)
(0.00249378 -0.402213 0)
(0.000918886 -0.00120865 0)
(0.00959275 0.0269049 0)
(0.0276126 0.0680719 0)
(0.0481991 0.105513 0)
(0.0681299 0.132828 0)
(0.0857288 0.148814 0)
(0.101096 0.155568 0)
(0.114562 0.155278 0)
(0.125905 0.149458 0)
(0.134864 0.13947 0)
(0.141457 0.126767 0)
(0.146049 0.112788 0)
(0.149188 0.0986965 0)
(0.15138 0.0852405 0)
(0.15299 0.0727829 0)
(0.154225 0.0614127 0)
(0.15517 0.0510621 0)
(0.155828 0.0415917 0)
(0.156165 0.0328397 0)
(0.156123 0.0246489 0)
(0.15565 0.0168738 0)
(0.154689 0.0093757 0)
(0.153187 0.00202495 0)
(0.151093 -0.00529609 0)
(0.14836 -0.0127057 0)
(0.144931 -0.020321 0)
(0.14073 -0.028269 0)
(0.135666 -0.0366813 0)
(0.129641 -0.0456814 0)
(0.122512 -0.0553838 0)
(0.114131 -0.0658665 0)
(0.104322 -0.0771754 0)
(0.0928902 -0.0892885 0)
(0.0799181 -0.102094 0)
(0.0647519 -0.115199 0)
(0.0494941 -0.129063 0)
(0.0285303 -0.149007 0)
(0.0246409 -0.195211 0)
(-0.00708733 -0.283301 0)
(0.00449237 -0.405655 0)
(0.000953555 -0.00582817 0)
(0.00606563 0.0147663 0)
(0.0200835 0.0503138 0)
(0.0383538 0.085266 0)
(0.05843 0.113142 0)
(0.0778659 0.13112 0)
(0.0956629 0.139822 0)
(0.111833 0.141406 0)
(0.126286 0.137683 0)
(0.138691 0.130017 0)
(0.148845 0.119616 0)
(0.156781 0.107625 0)
(0.162778 0.0950514 0)
(0.167235 0.0826544 0)
(0.170538 0.070909 0)
(0.172983 0.0600379 0)
(0.174764 0.0500864 0)
(0.175986 0.0409914 0)
(0.176693 0.0326328 0)
(0.176884 0.0248788 0)
(0.176538 0.0175935 0)
(0.175618 0.0106382 0)
(0.174078 0.00388435 0)
(0.171859 -0.00278361 0)
(0.168908 -0.00947986 0)
(0.165155 -0.0163114 0)
(0.160517 -0.0233834 0)
(0.154871 -0.0308028 0)
(0.148085 -0.0386677 0)
(0.139995 -0.0470697 0)
(0.130426 -0.056081 0)
(0.119188 -0.0657438 0)
(0.106069 -0.0760698 0)
(0.0910898 -0.0869721 0)
(0.0736596 -0.0983506 0)
(0.0562461 -0.111446 0)
(0.0334571 -0.13253 0)
(0.0297836 -0.180965 0)
(-0.00714492 -0.268507 0)
(0.00735532 -0.407107 0)
(0.00072446 -0.00862481 0)
(0.00280712 0.00688932 0)
(0.0113704 0.0365191 0)
(0.0260624 0.0670205 0)
(0.0447236 0.0930173 0)
(0.0650692 0.111338 0)
(0.0851836 0.121418 0)
(0.104184 0.124568 0)
(0.121775 0.122603 0)
(0.137643 0.116981 0)
(0.151459 0.108816 0)
(0.163077 0.0990413 0)
(0.172538 0.0884469 0)
(0.180042 0.0776846 0)
(0.185872 0.0672247 0)
(0.190317 0.0573516 0)
(0.193618 0.0481944 0)
(0.195959 0.0397714 0)
(0.197456 0.032028 0)
(0.198179 0.0248689 0)
(0.198167 0.0181888 0)
(0.197413 0.0118766 0)
(0.195892 0.0058149 0)
(0.193558 -0.000102594 0)
(0.190352 -0.00597237 0)
(0.186203 -0.0118866 0)
(0.181022 -0.0179331 0)
(0.174689 -0.0241877 0)
(0.167061 -0.0307303 0)
(0.157952 -0.0376246 0)
(0.147162 -0.0449333 0)
(0.134489 -0.0526896 0)
(0.119713 -0.0609515 0)
(0.102881 -0.0697775 0)
(0.0836108 -0.0795991 0)
(0.0648293 -0.092514 0)
(0.0410229 -0.115457 0)
(0.0377703 -0.166007 0)
(-0.00512928 -0.250396 0)
(0.0122911 -0.405317 0)
(-0.00189967 -0.00757329 0)
(-0.00324096 0.00609075 0)
(-2.98579e-05 0.0282681 0)
(0.0106763 0.0523815 0)
(0.027184 0.0738762 0)
(0.0474218 0.090298 0)
(0.0693157 0.100417 0)
(0.0911254 0.104628 0)
(0.111861 0.104162 0)
(0.131043 0.100328 0)
(0.148342 0.0942006 0)
(0.163525 0.0865892 0)
(0.176512 0.0781508 0)
(0.187345 0.0694052 0)
(0.196177 0.0607378 0)
(0.203211 0.0524096 0)
(0.208661 0.0445711 0)
(0.21272 0.0372827 0)
(0.215544 0.0305417 0)
(0.217255 0.0243009 0)
(0.217935 0.0184926 0)
(0.217624 0.0130392 0)
(0.216331 0.00785601 0)
(0.214042 0.00286024 0)
(0.210718 -0.00202898 0)
(0.20629 -0.00688112 0)
(0.200672 -0.011768 0)
(0.19376 -0.0167373 0)
(0.185411 -0.0218303 0)
(0.175461 -0.0270711 0)
(0.163696 -0.0325067 0)
(0.149949 -0.0381886 0)
(0.134066 -0.0442762 0)
(0.116183 -0.0511221 0)
(0.0961948 -0.0598312 0)
(0.0773857 -0.0733859 0)
(0.0536404 -0.0991196 0)
(0.0521776 -0.150802 0)
(0.00137353 -0.229674 0)
(0.0208735 -0.402846 0)
(-0.00745944 -0.00994868 0)
(-0.0186171 0.0021307 0)
(-0.0176947 0.0212781 0)
(-0.00976097 0.0398518 0)
(0.00533259 0.0560084 0)
(0.0256663 0.0685954 0)
(0.0488257 0.07716 0)
(0.0730831 0.0815359 0)
(0.0969002 0.0822884 0)
(0.119264 0.0801853 0)
(0.139708 0.076072 0)
(0.158006 0.0706238 0)
(0.174056 0.0643986 0)
(0.187865 0.0578116 0)
(0.199514 0.0511727 0)
(0.209135 0.0447006 0)
(0.216888 0.0385344 0)
(0.222935 0.0327474 0)
(0.227427 0.0273603 0)
(0.23051 0.0223571 0)
(0.232266 0.0177011 0)
(0.232773 0.0133493 0)
(0.232079 0.0092501 0)
(0.230206 0.00535022 0)
(0.227146 0.00159254 0)
(0.222867 -0.0020688 0)
(0.217314 -0.00566614 0)
(0.210433 -0.00922542 0)
(0.202098 -0.0127499 0)
(0.192177 -0.0162385 0)
(0.180556 -0.0197423 0)
(0.167136 -0.0233589 0)
(0.151853 -0.0273652 0)
(0.134844 -0.032432 0)
(0.116237 -0.0403002 0)
(0.0989828 -0.054544 0)
(0.0758191 -0.0821965 0)
(0.0764849 -0.131921 0)
(0.00987226 -0.206562 0)
(0.0344913 -0.403688 0)
(-0.0152111 0.0251676 0)
(-0.0320028 0.029115 0)
(-0.037143 0.0314015 0)
(-0.0327155 0.0356293 0)
(-0.0194451 0.0419766 0)
(0.000422875 0.0486553 0)
(0.0247809 0.0542117 0)
(0.0508781 0.0577831 0)
(0.0772245 0.059205 0)
(0.102495 0.0586531 0)
(0.125871 0.0564895 0)
(0.147023 0.0531784 0)
(0.165817 0.0491358 0)
(0.182246 0.0447038 0)
(0.196377 0.0401415 0)
(0.208326 0.0356325 0)
(0.218236 0.0312987 0)
(0.226259 0.0272004 0)
(0.232552 0.0233717 0)
(0.237231 0.0198203 0)
(0.240421 0.0165385 0)
(0.24223 0.0135017 0)
(0.242739 0.0106766 0)
(0.242006 0.00802842 0)
(0.240066 0.00552534 0)
(0.236941 0.00314054 0)
(0.232632 0.000858439 0)
(0.22713 -0.00133267 0)
(0.220485 -0.003471 0)
(0.212737 -0.00558428 0)
(0.203904 -0.00770842 0)
(0.194055 -0.00996852 0)
(0.183127 -0.0126638 0)
(0.171304 -0.01653 0)
(0.15767 -0.0230797 0)
(0.142957 -0.035361 0)
(0.118965 -0.0587209 0)
(0.114664 -0.0986881 0)
(0.0124204 -0.172269 0)
(0.06043 -0.392931 0)
(-0.0201982 0.0129235 0)
(-0.0425056 -0.00126924 0)
(-0.0416532 0.00122775 0)
(-0.0330102 0.00727649 0)
(-0.0184291 0.0127542 0)
(0.000719346 0.0176719 0)
(0.0237575 0.022307 0)
(0.0484645 0.0262956 0)
(0.074056 0.0291387 0)
(0.0995076 0.0306914 0)
(0.123961 0.0309715 0)
(0.146861 0.0302051 0)
(0.167882 0.0286918 0)
(0.186859 0.0267109 0)
(0.203748 0.0244846 0)
(0.218588 0.0221759 0)
(0.231475 0.0198921 0)
(0.242537 0.0177069 0)
(0.251907 0.0156526 0)
(0.259727 0.0137376 0)
(0.266131 0.011958 0)
(0.271238 0.0103048 0)
(0.275151 0.00876523 0)
(0.27796 0.00732519 0)
(0.27974 0.0059723 0)
(0.280558 0.00469566 0)
(0.280468 0.00348012 0)
(0.279511 0.00231109 0)
(0.277693 0.00115365 0)
(0.27504 -2.85174e-05 0)
(0.271564 -0.00126065 0)
(0.267272 -0.00262138 0)
(0.262 -0.00431058 0)
(0.255564 -0.00671048 0)
(0.246478 -0.0103708 0)
(0.234093 -0.0165057 0)
(0.207904 -0.0266277 0)
(0.186637 -0.0459623 0)
(0.0351113 -0.107551 0)
(0.142835 -0.315452 0)
(0.0532685 0.116699 0)
(0.0765685 0.0932832 0)
(0.100751 0.0565938 0)
(0.121138 0.0329825 0)
(0.135753 0.0199531 0)
(0.148329 0.0129054 0)
(0.16203 0.00920984 0)
(0.177859 0.00749103 0)
(0.195721 0.00695878 0)
(0.214967 0.00704774 0)
(0.234857 0.00735827 0)
(0.254728 0.00765652 0)
(0.274038 0.00783434 0)
(0.29239 0.00785935 0)
(0.30953 0.00773885 0)
(0.325325 0.00749767 0)
(0.339726 0.00716553 0)
(0.352745 0.00676984 0)
(0.364429 0.00633423 0)
(0.374847 0.00587721 0)
(0.384071 0.00541149 0)
(0.392174 0.00494507 0)
(0.399224 0.00448286 0)
(0.405281 0.00402728 0)
(0.410399 0.00357898 0)
(0.414619 0.00313577 0)
(0.417976 0.00269305 0)
(0.420491 0.00224338 0)
(0.422185 0.00178776 0)
(0.423069 0.0013217 0)
(0.423127 0.000830127 0)
(0.42227 0.000296271 0)
(0.420305 -0.000343275 0)
(0.416986 -0.00116221 0)
(0.411411 -0.00224469 0)
(0.404378 -0.00356268 0)
(0.388115 -0.00502594 0)
(0.379342 -0.00660331 0)
(0.279258 -0.0170993 0)
(0.45314 -0.126686 0)
)
;

boundaryField
{
    movingWall
    {
        type            fixedValue;
        value           uniform (1 0 0);
    }
    fixedWalls
    {
        type            noSlip;
    }
    frontAndBack
    {
        type            empty;
    }
}


// ************************************************************************* //
