/*--------------------------------*- C++ -*----------------------------------*\
| =========                 |                                                 |
| \\      /  F ield         | OpenFOAM: The Open Source CFD Toolbox           |
|  \\    /   O peration     | Version:  2412                                  |
|   \\  /    A nd           | Website:  www.openfoam.com                      |
|    \\/     M anipulation  |                                                 |
\*---------------------------------------------------------------------------*/
FoamFile
{
    version     2.0;
    format      ascii;
    arch        "LSB;label=32;scalar=64";
    class       volScalarField;
    location    "8.75";
    object      epsilon;
}
// * * * * * * * * * * * * * * * * * * * * * * * * * * * * * * * * * * * * * //

dimensions      [0 2 -3 0 0 0 0];

internalField   nonuniform List<scalar> 
1600
(
0.000658109
0.000830819
0.00113928
0.00145476
0.00166067
0.00177522
0.00194235
0.00218736
0.0024794
0.00293659
0.00419857
0.00870331
0.0169049
0.0288589
0.0426138
0.0560458
0.0675741
0.0760991
0.0806426
0.0824882
0.0827425
0.080029
0.0760444
0.070692
0.0651415
0.0591253
0.0531962
0.0473765
0.0417175
0.0358896
0.0299979
0.023853
0.0188698
0.01643
0.0147006
0.013308
0.0114941
0.00843648
0.00450659
0.0019474
0.00148235
0.000851038
0.000618057
0.000562584
0.000603019
0.000785289
0.00128396
0.00228635
0.00382397
0.00642733
0.0108886
0.0162725
0.0210823
0.0260344
0.0287118
0.0294878
0.0291429
0.0269895
0.0244671
0.0218661
0.0196937
0.0183715
0.0178679
0.0178177
0.0181613
0.0187196
0.0195355
0.0204126
0.0210172
0.0212359
0.0207054
0.0190796
0.0163015
0.0128633
0.00925207
0.00634036
0.00490177
0.00392283
0.00257277
0.00233859
0.00306011
0.00141591
0.000845216
0.000703873
0.000865876
0.00152489
0.00298603
0.00552061
0.00909185
0.0125426
0.0146953
0.0163679
0.0172664
0.0163437
0.0141391
0.0128037
0.0108993
0.00949229
0.00832807
0.00766844
0.00736095
0.00727682
0.00749384
0.00800948
0.00884445
0.0100499
0.0116633
0.0136722
0.0158532
0.0178546
0.0189634
0.0192998
0.018152
0.0155279
0.0110251
0.00662741
0.00368446
0.00232536
0.00170623
0.00296484
0.00468342
0.00191258
0.00125648
0.00130118
0.00200957
0.00379955
0.00672315
0.00989856
0.0119351
0.0128457
0.013194
0.0124031
0.00961377
0.00822723
0.00640495
0.00538415
0.00428875
0.00374454
0.0032861
0.0030727
0.00297574
0.0029518
0.00306589
0.00328845
0.00365031
0.00421115
0.0050685
0.00639675
0.00849938
0.0115071
0.0149157
0.0176237
0.0188017
0.0189068
0.0158685
0.0100163
0.00474179
0.00216341
0.00145552
0.00357063
0.00577079
0.0023662
0.00201193
0.00258242
0.00422465
0.00698676
0.00976858
0.011053
0.0114124
0.0110117
0.00882561
0.00657409
0.00491231
0.00385121
0.0028838
0.00240583
0.00198134
0.00178538
0.00164359
0.00158092
0.00155604
0.00155328
0.00161743
0.0017076
0.00186981
0.00211421
0.00249895
0.00310511
0.00409349
0.00575818
0.00869293
0.0132823
0.0178832
0.0201397
0.0207349
0.0171662
0.00904429
0.00332564
0.00166726
0.00392065
0.00639663
0.00314088
0.00326811
0.00448358
0.0067857
0.00918125
0.0102003
0.0103934
0.00935677
0.00685243
0.00476852
0.00341014
0.00250919
0.0019522
0.00157006
0.00138553
0.00124251
0.00117634
0.00112516
0.0011016
0.00109184
0.00109101
0.00112126
0.00116789
0.00125528
0.00138814
0.00159892
0.00191728
0.00241907
0.00324157
0.00467041
0.00731461
0.0124775
0.019106
0.0223537
0.0231832
0.0176703
0.00732446
0.00270161
0.004208
0.00686574
0.00430799
0.00491721
0.00652952
0.0085667
0.00947545
0.00960913
0.00836152
0.00573532
0.00382295
0.00259721
0.00189732
0.00146296
0.00122202
0.00106352
0.000978152
0.000897347
0.000854685
0.000813234
0.000793935
0.000786402
0.000786375
0.000814827
0.000855748
0.000927317
0.00102867
0.00117861
0.00139538
0.00171539
0.00220444
0.0030154
0.00444275
0.00720033
0.0129253
0.0213253
0.0251506
0.0256323
0.0153156
0.00548459
0.00483688
0.00752028
0.00571304
0.00664759
0.00817687
0.0089872
0.00907282
0.00794018
0.00535584
0.00328951
0.00221244
0.00155063
0.00122156
0.00100384
0.000883172
0.000781685
0.000714263
0.000650472
0.000612409
0.000580056
0.000564904
0.000559132
0.000559071
0.000578986
0.000608171
0.000658409
0.000732161
0.00084394
0.00101382
0.00127491
0.00166172
0.00223192
0.00313223
0.00473933
0.00798504
0.0150487
0.025062
0.0290516
0.025584
0.0102325
0.00581756
0.00912531
0.00725761
0.00821388
0.00882168
0.00882191
0.00792039
0.00548647
0.00315867
0.00199651
0.00140337
0.00105952
0.000889372
0.000750401
0.00066465
0.000582579
0.000530097
0.000483731
0.000457362
0.000438364
0.00043017
0.00042778
0.000433056
0.000448958
0.000472425
0.000507486
0.000556128
0.000625613
0.000727062
0.000884523
0.00115586
0.00162371
0.00237214
0.00354341
0.00560035
0.0098865
0.0195117
0.0300523
0.0329576
0.0191863
0.00766025
0.0124378
0.00876187
0.0090614
0.00898958
0.00817791
0.00599812
0.00344256
0.00199243
0.00132523
0.000995406
0.000800622
0.000685863
0.000577699
0.000510424
0.000447799
0.000411152
0.000379336
0.000362073
0.000350904
0.000346546
0.00034591
0.00035387
0.000368416
0.000390736
0.000422155
0.000464237
0.00051966
0.000593284
0.00069604
0.000854299
0.00112678
0.00164831
0.00263138
0.00430843
0.00734506
0.0137677
0.0282978
0.0366888
0.0316536
0.00931064
0.0164247
0.0100079
0.00965721
0.00873737
0.0068638
0.00422195
0.00223583
0.00136249
0.000966141
0.000770041
0.000636693
0.000541465
0.000456546
0.000405276
0.000359441
0.000332918
0.000309393
0.00029598
0.000286936
0.000283208
0.000282556
0.000288918
0.000301294
0.000320716
0.000348642
0.000386644
0.00043715
0.000503354
0.000590565
0.00070966
0.000888586
0.00120098
0.00183038
0.00314569
0.00568264
0.0107049
0.0217387
0.0386352
0.0431477
0.0161805
0.0206615
0.0108363
0.0096776
0.0081143
0.00546844
0.00285083
0.00155857
0.00100917
0.000759577
0.000627141
0.000518376
0.000437886
0.000373281
0.000333563
0.000298625
0.000276783
0.00025714
0.000244635
0.000235599
0.000231517
0.000230439
0.000234661
0.000245207
0.000261893
0.000286456
0.000320108
0.000364957
0.000423724
0.000500768
0.000603951
0.000749837
0.000978989
0.00139843
0.00228111
0.00422322
0.00835686
0.0175654
0.0388874
0.0527158
0.033097
0.0250116
0.0114033
0.00949901
0.00717141
0.00419695
0.00204826
0.00116449
0.000799306
0.000630341
0.000525141
0.000430996
0.000365081
0.000315224
0.000282331
0.00025347
0.000233405
0.000215513
0.000202993
0.000193655
0.000189177
0.000187735
0.000190299
0.000199349
0.000213927
0.000235906
0.000266473
0.000307533
0.000361258
0.000430501
0.000519849
0.000639238
0.000814645
0.00111906
0.00175506
0.00322555
0.00661636
0.0144303
0.0340972
0.0626561
0.0601751
0.029295
0.0117096
0.00907334
0.00624686
0.00317891
0.00155536
0.000925172
0.000666437
0.000541819
0.000448942
0.000367484
0.000313659
0.000272956
0.000243748
0.00021813
0.000198739
0.000181792
0.000169239
0.000159764
0.000155022
0.000153319
0.000154611
0.000162151
0.000174707
0.00019404
0.000221504
0.000259109
0.000309262
0.000374844
0.000459458
0.000568823
0.000716134
0.000940916
0.00137307
0.00241939
0.00511472
0.011736
0.0284242
0.0697021
0.0928886
0.0337845
0.0118717
0.00847707
0.00537238
0.00250527
0.00124494
0.00077337
0.0005776
0.000477869
0.000391896
0.000321721
0.000276313
0.000240907
0.000213727
0.000189938
0.000170967
0.000154734
0.000142358
0.000133133
0.00012825
0.000126406
0.000126862
0.00013299
0.000143708
0.000160481
0.00018476
0.000218572
0.000264429
0.000325291
0.000404633
0.000507277
0.00064299
0.000838709
0.00117923
0.00195658
0.00411904
0.0101243
0.0261867
0.07131
0.126465
0.0384863
0.0119691
0.00785724
0.00463376
0.0020623
0.00104263
0.000673132
0.000517576
0.000430222
0.000349773
0.000288601
0.000248432
0.000216105
0.000190173
0.000167583
0.000149087
0.000133566
0.000121603
0.000112786
0.000107895
0.000106007
0.000106033
0.000110905
0.000120003
0.000134469
0.0001558
0.000186094
0.000228066
0.000284976
0.000360385
0.00045803
0.000583294
0.000751222
0.00101741
0.00158041
0.00315967
0.00814438
0.0233322
0.0714003
0.157996
0.0431173
0.0120669
0.00730306
0.00407464
0.00177401
0.000911688
0.000606884
0.00047632
0.000394963
0.00031921
0.000264373
0.000227302
0.000196911
0.000171897
0.00015024
0.00013232
0.000117527
0.000106111
9.77778e-05
9.29665e-05
9.10201e-05
9.08993e-05
9.47197e-05
0.000102399
0.000114812
0.000133393
0.000160215
0.000198095
0.000250616
0.000321975
0.000416664
0.00053989
0.000701846
0.000938229
0.00139763
0.00268065
0.00690343
0.0208851
0.0703866
0.186385
0.0475063
0.0122002
0.00682221
0.00365452
0.0015753
0.000822487
0.00056216
0.000447663
0.000369192
0.000297398
0.000246796
0.000211539
0.000182416
0.000158123
0.000137254
0.000119953
0.000105858
9.50062e-05
8.71334e-05
8.24326e-05
8.04648e-05
8.02616e-05
8.32921e-05
8.97977e-05
0.000100506
0.000116741
0.000140516
0.000174645
0.000222866
0.000289722
0.000380011
0.000498448
0.00065159
0.000861646
0.001228
0.00219684
0.00571927
0.0186255
0.0682443
0.210558
0.051518
0.0124361
0.00649957
0.00339085
0.00146381
0.00077047
0.000534372
0.000428826
0.000351607
0.000282677
0.000234287
0.000199948
0.000171774
0.000148174
0.000128033
0.000111343
9.78627e-05
8.75141e-05
8.00327e-05
7.5417e-05
7.34125e-05
7.31517e-05
7.55967e-05
8.11612e-05
9.04868e-05
0.000104767
0.000125921
0.00015669
0.000200906
0.000263554
0.000350325
0.000467081
0.000620103
0.000823933
0.00114766
0.00195919
0.00493166
0.0166796
0.0660187
0.230902
0.0551393
0.0127423
0.00624434
0.00320867
0.00138401
0.000733296
0.000516915
0.000417112
0.000340404
0.000273335
0.000226285
0.000192506
0.000164915
0.000141743
0.000122109
0.000105905
9.29234e-05
8.29965e-05
7.58358e-05
7.12718e-05
6.91862e-05
6.88965e-05
7.09647e-05
7.57634e-05
8.39225e-05
9.66478e-05
0.00011567
0.000143585
0.00018417
0.000242544
0.000324825
0.000437594
0.00058724
0.000784275
0.00107377
0.00172919
0.00428428
0.0151086
0.0630866
0.247446
0.0577866
0.013458
0.00624242
0.00317116
0.00138607
0.000724809
0.000510073
0.00041193
0.000335239
0.000269209
0.000221759
0.00018759
0.000160382
0.000137862
0.000118924
0.000103306
9.07939e-05
8.11786e-05
7.41931e-05
6.96068e-05
6.73082e-05
6.70154e-05
6.88764e-05
7.31725e-05
8.05921e-05
9.21123e-05
0.000109299
0.000134666
0.000172214
0.000226883
0.000305287
0.000415201
0.000564437
0.000763094
0.00103838
0.00161433
0.00381736
0.0138953
0.0606006
0.260798
0.058768
0.0146902
0.00634127
0.00320588
0.00141488
0.000733297
0.000512352
0.0004131
0.000336239
0.000270184
0.000222196
0.000187612
0.000160326
0.000137893
0.000119087
0.000103585
9.11576e-05
8.15811e-05
7.45867e-05
6.99263e-05
6.74221e-05
6.69663e-05
6.84654e-05
7.23777e-05
7.93911e-05
9.02071e-05
0.0001063
0.000130094
0.000164943
0.000215835
0.000290275
0.000396274
0.000542849
0.000741681
0.00101041
0.00151201
0.00345118
0.0129937
0.0584789
0.271436
0.0582173
0.0161422
0.00660481
0.00331011
0.00148488
0.000758155
0.000520171
0.000417376
0.000340102
0.000273796
0.000224677
0.000189183
0.000161634
0.00013919
0.000120528
0.000105171
9.28473e-05
8.33183e-05
7.63224e-05
7.16161e-05
6.90399e-05
6.86523e-05
6.98782e-05
7.32752e-05
7.97111e-05
8.99017e-05
0.000105398
0.000128381
0.000161638
0.00021026
0.000280944
0.000383205
0.000528052
0.000729957
0.000998263
0.00146249
0.00316841
0.0122661
0.0574909
0.280433
0.056306
0.0176395
0.00713256
0.00353139
0.00162489
0.000809906
0.0005366
0.000426408
0.000348752
0.00028195
0.000230693
0.000193373
0.000165089
0.000142496
0.000123967
0.000108779
9.65697e-05
8.70749e-05
8.00429e-05
7.52442e-05
7.25304e-05
7.21118e-05
7.32048e-05
7.63277e-05
8.25312e-05
9.2326e-05
0.000107023
0.000128667
0.000160799
0.000208176
0.000276577
0.000375974
0.000517883
0.000722961
0.000993835
0.00143851
0.00296869
0.0116995
0.0571062
0.288132
0.0522182
0.0189616
0.00786658
0.00389141
0.00183678
0.00090397
0.000570177
0.00044194
0.000360935
0.000293224
0.000240102
0.000200909
0.000171517
0.000148465
0.000129805
0.000114593
0.000102356
9.27917e-05
8.5651e-05
8.07192e-05
7.78255e-05
7.73927e-05
7.84354e-05
8.14413e-05
8.75423e-05
9.72546e-05
0.000111804
0.00013318
0.000164189
0.000209224
0.000275415
0.000373215
0.000513346
0.000720556
0.000996477
0.00143119
0.00283026
0.0112078
0.0571009
0.295076
0.045857
0.0195851
0.00873408
0.00439923
0.00213613
0.00104097
0.000619611
0.000464905
0.0003799
0.000311074
0.000255187
0.000212908
0.000181338
0.000157099
0.000137886
0.00012243
0.000110059
0.000100381
9.31203e-05
8.80801e-05
8.50219e-05
8.46526e-05
8.57156e-05
8.8743e-05
9.49329e-05
0.000104806
0.000119491
0.000140882
0.000171658
0.00021631
0.000280396
0.000374786
0.000512398
0.000724576
0.00101385
0.00143775
0.00276531
0.010849
0.0577611
0.301424
0.0378319
0.0193498
0.00959749
0.00505308
0.00256348
0.00126374
0.000709818
0.000498709
0.000399859
0.000329468
0.00027229
0.000227749
0.000194082
0.000168425
0.0001484
0.000132505
0.000119883
0.000110039
0.000102651
9.75528e-05
9.43724e-05
9.41934e-05
9.53545e-05
9.85595e-05
0.000105091
0.000115408
0.000130583
0.000152482
0.000183503
0.000227988
0.000291104
0.000385254
0.000521268
0.00073901
0.0010398
0.00146439
0.00271609
0.0106308
0.0587277
0.307423
0.0288907
0.0184049
0.0103701
0.00580224
0.00309065
0.00156474
0.000848345
0.000559715
0.000434045
0.000356778
0.000296232
0.000248139
0.000211262
0.000183296
0.000161851
0.000145164
0.000132122
0.000122066
0.000114566
0.000109491
0.000106364
0.000106456
0.000107863
0.000111469
0.000118677
0.000129778
0.000145832
0.000168709
0.000200449
0.000245594
0.00030838
0.000402274
0.00053746
0.000762448
0.00107942
0.00150401
0.00269648
0.010534
0.0598865
0.313194
0.0199141
0.0162775
0.0108352
0.00667272
0.00381107
0.00202163
0.0010744
0.000652112
0.000475834
0.000385237
0.000322199
0.000272246
0.000232903
0.000202604
0.000179396
0.000161537
0.00014778
0.000137348
0.000129684
0.000124611
0.00012184
0.00012219
0.000124077
0.000128507
0.000136692
0.000149014
0.000166372
0.000190718
0.000223604
0.000269968
0.000332875
0.000428215
0.000564152
0.000798655
0.00113258
0.00156046
0.00269154
0.0105019
0.0613818
0.318911
0.0121944
0.012953
0.0108013
0.00729726
0.00452897
0.00259249
0.00142567
0.000832018
0.000560691
0.000431361
0.000355923
0.000301501
0.000259127
0.00022621
0.000201002
0.000181848
0.000167345
0.000156581
0.000148948
0.000143922
0.000142
0.000142763
0.00014541
0.000151159
0.000160736
0.00017474
0.000193777
0.000220003
0.000254286
0.000302348
0.000365883
0.000463796
0.000601746
0.00084898
0.00120176
0.00163275
0.00271568
0.0104979
0.0630053
0.324709
0.00658931
0.00980064
0.0100984
0.00823397
0.00542452
0.00331033
0.00190931
0.00110267
0.000697459
0.000504399
0.000401814
0.000338054
0.000292138
0.000256939
0.000229699
0.000208886
0.000193358
0.00018194
0.000174514
0.000169455
0.000168935
0.000170298
0.00017402
0.000181613
0.000192928
0.000208937
0.000229781
0.000258045
0.00029366
0.000343703
0.000408184
0.000510243
0.000652629
0.000916721
0.00128695
0.00172028
0.00276671
0.0105918
0.0648247
0.330772
0.00328855
0.00666848
0.0088701
0.00816994
0.00624254
0.00415449
0.00258779
0.00155842
0.000956462
0.000639948
0.000479429
0.000387707
0.000330223
0.000290808
0.000262457
0.000241394
0.000226043
0.00021491
0.000207939
0.000204022
0.000204492
0.000206849
0.000212208
0.00022173
0.000234809
0.000252777
0.000275129
0.000305243
0.000341811
0.000394098
0.000460093
0.000568486
0.000718833
0.00100474
0.0013889
0.00182349
0.00285694
0.0107758
0.0667047
0.337248
0.0019004
0.00413706
0.00738936
0.00774047
0.00683164
0.00498272
0.0033683
0.00218084
0.0013939
0.000910398
0.000637895
0.000487136
0.000397713
0.000340847
0.000302962
0.000278048
0.000261488
0.000251587
0.00024526
0.000244636
0.000246179
0.000250241
0.000258136
0.00026974
0.000284543
0.000304322
0.000327785
0.000359657
0.000397042
0.000452624
0.000522014
0.000641467
0.000805759
0.00111559
0.0015063
0.0019473
0.00301379
0.0111641
0.0688327
0.344288
0.00175465
0.00262898
0.00550222
0.00687568
0.00666614
0.00575227
0.00427595
0.00300029
0.00204351
0.00138439
0.000948324
0.000693258
0.000539596
0.000443968
0.000382343
0.000342446
0.000316106
0.000301136
0.000291229
0.000290921
0.000293027
0.000298432
0.000308114
0.000321802
0.000338215
0.000360065
0.000384848
0.000419595
0.000459681
0.000522812
0.000601228
0.000740335
0.00092453
0.00126111
0.00165385
0.00212607
0.00331525
0.0118952
0.0711797
0.35225
0.00182681
0.00179615
0.00367858
0.00556196
0.00619906
0.00588228
0.00508557
0.00399476
0.00298756
0.00217787
0.00157117
0.00113326
0.000856278
0.000678565
0.000562152
0.000485587
0.000434319
0.000401938
0.000381977
0.000370532
0.000369273
0.000371664
0.000378014
0.000390877
0.000407336
0.000431533
0.000459445
0.000501319
0.00055056
0.000630651
0.000729405
0.000901128
0.00111592
0.00149136
0.00190334
0.00247862
0.0039769
0.0134708
0.0752796
0.362239
0.00195322
0.00138928
0.00251393
0.00414059
0.00526355
0.00572974
0.00550151
0.00492679
0.00412881
0.00333047
0.00262699
0.0020419
0.0015625
0.00123552
0.00100892
0.000851
0.000740525
0.000663191
0.000611472
0.000576195
0.000556092
0.000546877
0.000548619
0.000555497
0.000569627
0.000598068
0.00063524
0.0006963
0.000771274
0.000890133
0.00103662
0.00127136
0.00155517
0.00201914
0.00251705
0.00338316
0.00569522
0.0173689
0.084103
0.376969
0.00283285
0.00182926
0.00256967
0.00381503
0.00508481
0.00591222
0.00613767
0.00596367
0.00549208
0.00484115
0.00416923
0.00354774
0.0029955
0.00252104
0.00214413
0.00185427
0.00163681
0.00147456
0.00135958
0.00127678
0.00122764
0.00119564
0.00119625
0.00120702
0.00123613
0.00127878
0.00135592
0.00148229
0.0016361
0.0018651
0.00213735
0.00253233
0.00300513
0.00372122
0.004637
0.00647472
0.0108887
0.0275093
0.102948
0.400202
0.00523952
0.00465009
0.00626088
0.00754803
0.00870598
0.00958078
0.0100538
0.0100608
0.00981433
0.00928415
0.00863768
0.00797181
0.0073478
0.00678046
0.00629546
0.00590859
0.00561217
0.00540038
0.00526663
0.00518835
0.00519013
0.00521885
0.00528708
0.00542083
0.00558687
0.0058081
0.00608154
0.00636823
0.0067884
0.00745098
0.00822005
0.00936445
0.0107131
0.0127677
0.0155412
0.0202791
0.0294638
0.0558413
0.142289
0.435172
0.018907
0.0418978
0.0587088
0.0660026
0.0683163
0.0680072
0.0665144
0.0640783
0.0612286
0.0585546
0.0562226
0.0542192
0.052547
0.0512175
0.0501692
0.0494263
0.048907
0.0486319
0.0485958
0.048704
0.0489782
0.0494705
0.0500901
0.0509478
0.0519257
0.0532002
0.0545975
0.0563946
0.0583882
0.0605083
0.0633803
0.067778
0.0728478
0.0798512
0.087746
0.0998428
0.114948
0.152377
0.242653
0.496625
0.286267
0.55376
0.735051
0.812244
0.840127
0.838609
0.827589
0.803407
0.773201
0.742469
0.71345
0.687102
0.663624
0.642931
0.624725
0.608746
0.594675
0.5823
0.571382
0.561788
0.553347
0.546006
0.539622
0.534232
0.529665
0.526075
0.523191
0.521389
0.520125
0.52017
0.520401
0.520995
0.522131
0.523898
0.527524
0.531737
0.541233
0.551689
0.60459
0.579294
)
;

boundaryField
{
    movingWall
    {
        type            epsilonWallFunction;
        blending        stepwise;
        value           nonuniform List<scalar> 
40
(
0.286267
0.55376
0.735051
0.812244
0.840127
0.838609
0.827589
0.803407
0.773201
0.742469
0.71345
0.687102
0.663624
0.642931
0.624725
0.608746
0.594675
0.5823
0.571382
0.561788
0.553347
0.546006
0.539622
0.534232
0.529665
0.526075
0.523191
0.521389
0.520125
0.52017
0.520401
0.520995
0.522131
0.523898
0.527524
0.531737
0.541233
0.551689
0.60459
0.579294
)
;
    }
    fixedWalls
    {
        type            epsilonWallFunction;
        blending        stepwise;
        value           nonuniform List<scalar> 
120
(
0.000658109
0.00148235
0.00306011
0.00468342
0.00577079
0.00639663
0.00686574
0.00752028
0.00912531
0.0124378
0.0164247
0.0206615
0.0250116
0.029295
0.0337845
0.0384863
0.0431173
0.0475063
0.051518
0.0551393
0.0577866
0.058768
0.0582173
0.056306
0.0522182
0.045857
0.0378319
0.0288907
0.0199141
0.0121944
0.00658931
0.00328855
0.0019004
0.00175465
0.00182681
0.00195322
0.00283285
0.00523952
0.018907
0.286267
0.0019474
0.00233859
0.00296484
0.00357063
0.00392065
0.004208
0.00483688
0.00581756
0.00766025
0.00931064
0.0161805
0.033097
0.0601751
0.0928886
0.126465
0.157996
0.186385
0.210558
0.230902
0.247446
0.260798
0.271436
0.280433
0.288132
0.295076
0.301424
0.307423
0.313194
0.318911
0.324709
0.330772
0.337248
0.344288
0.35225
0.362239
0.376969
0.400202
0.435172
0.496625
0.579294
0.000658109
0.000830819
0.00113928
0.00145476
0.00166067
0.00177522
0.00194235
0.00218736
0.0024794
0.00293659
0.00419857
0.00870331
0.0169049
0.0288589
0.0426138
0.0560458
0.0675741
0.0760991
0.0806426
0.0824882
0.0827425
0.080029
0.0760444
0.070692
0.0651415
0.0591253
0.0531962
0.0473765
0.0417175
0.0358896
0.0299979
0.023853
0.0188698
0.01643
0.0147006
0.013308
0.0114941
0.00843648
0.00450659
0.0019474
)
;
    }
    frontAndBack
    {
        type            empty;
    }
}


// ************************************************************************* //
