/*--------------------------------*- C++ -*----------------------------------*\
| =========                 |                                                 |
| \\      /  F ield         | OpenFOAM: The Open Source CFD Toolbox           |
|  \\    /   O peration     | Version:  2412                                  |
|   \\  /    A nd           | Website:  www.openfoam.com                      |
|    \\/     M anipulation  |                                                 |
\*---------------------------------------------------------------------------*/
FoamFile
{
    version     2.0;
    format      ascii;
    arch        "LSB;label=32;scalar=64";
    class       volScalarField;
    location    "8.75";
    object      k;
}
// * * * * * * * * * * * * * * * * * * * * * * * * * * * * * * * * * * * * * //

dimensions      [0 2 -2 0 0 0 0];

internalField   nonuniform List<scalar> 
1600
(
0.000161538
0.000188688
0.000232894
0.000274111
0.000299397
0.000313008
0.000332351
0.000359735
0.000391075
0.000437779
0.000555605
0.000903279
0.00140617
0.00200854
0.0026045
0.00312644
0.00354166
0.00383358
0.00398469
0.00404525
0.00405356
0.00396444
0.00383174
0.00364977
0.00345614
0.00323994
0.00301957
0.00279514
0.00256788
0.00232279
0.00206106
0.00176899
0.00151315
0.00137975
0.00128114
0.00119889
0.0010873
0.000884712
0.000582441
0.000332901
0.000277572
0.000225274
0.000210002
0.00020848
0.000219547
0.00026587
0.000377257
0.00052889
0.000722228
0.001021
0.00137716
0.00173595
0.00199133
0.0021928
0.0023314
0.00236638
0.00235864
0.0023015
0.0022487
0.00221486
0.00220172
0.00220386
0.00227472
0.00236351
0.00249044
0.00263238
0.00278739
0.00292322
0.00300399
0.00303437
0.00299784
0.00285316
0.00261096
0.00223683
0.00174663
0.00128622
0.000922957
0.000678138
0.000474944
0.000376112
0.000450013
0.000334272
0.0003076
0.000309595
0.000351475
0.000489975
0.000762099
0.00111535
0.00146312
0.00169525
0.00180613
0.00185704
0.0018845
0.0018849
0.00171473
0.00164146
0.00154747
0.00148539
0.00143585
0.00141276
0.00140495
0.00141862
0.00146453
0.0015328
0.00164249
0.00179042
0.00198859
0.00223361
0.00250301
0.00273069
0.00286152
0.00289988
0.00276882
0.00253916
0.00206198
0.0014777
0.000957854
0.000611987
0.000415714
0.000440572
0.000597631
0.000458993
0.000466706
0.000517206
0.000673115
0.000976804
0.00136328
0.00163418
0.00173916
0.00175456
0.00172857
0.00164868
0.00147087
0.00126151
0.00114236
0.00101519
0.000927382
0.000846526
0.00079472
0.000751657
0.000730515
0.000721328
0.000720239
0.000744469
0.000781362
0.000849021
0.000951172
0.00111339
0.00136603
0.00175211
0.00217433
0.00250229
0.00264588
0.00265382
0.00244453
0.00184278
0.00114657
0.00062632
0.000395182
0.000498711
0.00068687
0.000622748
0.000703839
0.000832759
0.00109427
0.0014582
0.00167952
0.00174218
0.00170619
0.00161068
0.00141884
0.00114626
0.000955569
0.000803484
0.000711871
0.000621138
0.000577068
0.000534377
0.000514574
0.000499635
0.000493313
0.000491121
0.000493498
0.000502484
0.000515432
0.000540507
0.00058029
0.00064796
0.000760803
0.000955678
0.00129719
0.00185473
0.00238328
0.00263407
0.00267994
0.00246464
0.00166548
0.000804707
0.000436107
0.000530795
0.000735666
0.000845473
0.00100601
0.00119496
0.00148729
0.00168627
0.0017373
0.00167882
0.00151538
0.00122274
0.000942053
0.000756909
0.000634721
0.000553503
0.0005113
0.000481513
0.000469041
0.000462364
0.000459834
0.000458701
0.000458366
0.000458446
0.000459462
0.000462168
0.000466496
0.000475279
0.000489814
0.000515287
0.00055935
0.000639261
0.000789579
0.00108005
0.00164538
0.00236459
0.00270194
0.00276503
0.00244937
0.00135382
0.000608225
0.00055642
0.000771203
0.00111255
0.00133139
0.00152246
0.00168691
0.00173564
0.00166827
0.00146056
0.00110676
0.000825
0.000641856
0.000543829
0.000487047
0.000460134
0.000448242
0.000443165
0.000441707
0.000441264
0.000441541
0.000442209
0.0004438
0.000445982
0.000448655
0.000452611
0.000457354
0.000463807
0.000472556
0.000485458
0.000505798
0.000540633
0.00060642
0.00073899
0.00101521
0.00158761
0.00242448
0.00279499
0.00282967
0.00218702
0.000951699
0.000610564
0.000819467
0.00139286
0.00162134
0.00172404
0.00176197
0.00167975
0.00145961
0.00107478
0.000759218
0.000582881
0.000494092
0.000452231
0.000433573
0.000426163
0.000423298
0.00042215
0.000421853
0.000422195
0.000424246
0.000426914
0.000431138
0.000436025
0.000441723
0.000448172
0.000454906
0.000462292
0.000470311
0.000480149
0.000493352
0.000512309
0.000545142
0.00060989
0.000747907
0.00104955
0.00169772
0.00256622
0.00290158
0.00276713
0.0013732
0.000690535
0.000932259
0.00165294
0.00183105
0.00185225
0.0017312
0.00151683
0.00112032
0.000745048
0.000557942
0.000468903
0.000430346
0.000414506
0.00040802
0.000404995
0.000403518
0.000402934
0.000403248
0.000405353
0.00040862
0.000413047
0.000418864
0.000425736
0.000433841
0.00044293
0.000452598
0.000462391
0.000471854
0.000481681
0.000492282
0.000505961
0.000525213
0.00056055
0.000635621
0.000804532
0.00118203
0.00201139
0.00278586
0.00297548
0.00212022
0.000829564
0.00114603
0.00185395
0.00197527
0.0018609
0.00162724
0.00123304
0.000802095
0.000562035
0.000458671
0.000416078
0.000399461
0.000392481
0.000389115
0.000386525
0.00038548
0.000385185
0.000386154
0.000388264
0.000391325
0.000395691
0.000401519
0.000408919
0.000418172
0.00042919
0.00044179
0.000455443
0.000469269
0.000482164
0.000493798
0.000505814
0.000520395
0.000542115
0.000585908
0.000688695
0.000926047
0.00145247
0.00251766
0.0030199
0.0027626
0.000944782
0.00137942
0.00199985
0.00206663
0.00181679
0.00141872
0.000951783
0.000608427
0.00046448
0.000408779
0.000387943
0.000379574
0.000375421
0.000371966
0.00036958
0.000368457
0.00036791
0.000367783
0.000368333
0.000370005
0.000373079
0.000377993
0.000384994
0.000394483
0.000406528
0.000421123
0.000437944
0.000456286
0.000474959
0.000492271
0.00050675
0.000520149
0.000536419
0.000563593
0.000628605
0.000793715
0.00117352
0.00201011
0.00302196
0.00321058
0.0013654
0.00160746
0.00207612
0.00208381
0.00171092
0.00119447
0.000725761
0.000498335
0.000411413
0.000380677
0.00036927
0.000364071
0.000359886
0.000356392
0.000353813
0.000351583
0.000349063
0.000346844
0.000345646
0.000345281
0.00034657
0.00035031
0.000356587
0.000365878
0.000378381
0.000394173
0.000413122
0.000434747
0.000458129
0.000481743
0.000503411
0.000520851
0.000535794
0.000554963
0.000593411
0.000697056
0.000964299
0.00159783
0.00289571
0.00349504
0.0022002
0.00182582
0.00211829
0.00205915
0.0015574
0.000984898
0.000590415
0.000434443
0.000380408
0.000362211
0.000354821
0.000350379
0.000345764
0.000342008
0.000338196
0.000333855
0.000328969
0.000324464
0.000320909
0.000319189
0.000318787
0.00032122
0.000326803
0.000335691
0.00034828
0.000364683
0.000384944
0.000408785
0.000435539
0.000463964
0.000492119
0.000517333
0.000536802
0.00055367
0.000579502
0.000651388
0.00086143
0.00137483
0.00255514
0.0037625
0.00327772
0.00202873
0.00211586
0.00199855
0.00141003
0.000809666
0.000505674
0.000395634
0.000360461
0.000348432
0.000342842
0.000338064
0.00033296
0.000328206
0.000322427
0.00031572
0.000308559
0.000301959
0.000296482
0.000293337
0.000292158
0.000293185
0.000298172
0.000306548
0.000318906
0.000335419
0.000356286
0.000381452
0.000410505
0.000442461
0.000475573
0.000507271
0.000534426
0.000554453
0.000574729
0.00061786
0.000760238
0.00116826
0.00219438
0.00394767
0.00437814
0.00223104
0.00209633
0.00190631
0.00126426
0.000694115
0.000451352
0.000370794
0.000346573
0.000337686
0.000332561
0.000327074
0.00032116
0.000314826
0.000306922
0.000298057
0.000288985
0.000280721
0.000273897
0.000269702
0.000268
0.000268006
0.000272365
0.000280159
0.000291999
0.000308161
0.000328985
0.000354655
0.000385071
0.000419587
0.000456718
0.000493886
0.000527561
0.000554345
0.000574127
0.000604619
0.00071384
0.0010591
0.00192666
0.00399864
0.00537827
0.00243351
0.00205141
0.00180871
0.00114312
0.000617386
0.000415674
0.000354271
0.000336494
0.000329186
0.000323673
0.000317277
0.000310234
0.000302159
0.000292368
0.000281777
0.000271285
0.000261885
0.000254236
0.000249272
0.000247062
0.000246714
0.000250319
0.000257477
0.000268582
0.000284018
0.000304237
0.00032964
0.000360432
0.000396371
0.0004364
0.000478219
0.000518046
0.000551213
0.000574975
0.000598688
0.000669774
0.000959111
0.00180136
0.0038305
0.00623883
0.002625
0.0019913
0.00171378
0.00104998
0.000565523
0.000392034
0.000343053
0.000329046
0.000322426
0.000316066
0.000308622
0.000300316
0.000290659
0.000279391
0.000267559
0.000256131
0.00024605
0.000237946
0.000232513
0.000229987
0.000229448
0.000232385
0.000238861
0.000249117
0.000263599
0.00028285
0.000307444
0.000337856
0.000374231
0.000415989
0.000461277
0.000506437
0.000546078
0.000575088
0.000596906
0.000648515
0.000878314
0.00164062
0.00375233
0.00696549
0.00280025
0.00193346
0.00162998
0.000984202
0.00053229
0.000375955
0.000335384
0.000323741
0.000317025
0.000309619
0.000301087
0.000291597
0.000280695
0.000268403
0.000255786
0.000243831
0.000233419
0.000225128
0.000219449
0.000216724
0.000216059
0.000218446
0.000224222
0.000233582
0.000246991
0.000265056
0.000288476
0.00031794
0.000353951
0.000396432
0.000444121
0.000493749
0.000539579
0.00057449
0.000596731
0.000635091
0.000829901
0.00154503
0.00360595
0.0075555
0.00295576
0.00188364
0.00155856
0.000942898
0.000511262
0.000366121
0.000330163
0.000320069
0.000312856
0.000304358
0.000294792
0.000284313
0.000272532
0.000259614
0.000246583
0.000234413
0.000223918
0.000215616
0.000209826
0.000206946
0.00020618
0.000208123
0.000213221
0.000221696
0.000234011
0.000250814
0.000272879
0.000301039
0.000336081
0.000378373
0.000427289
0.000480168
0.000531389
0.00057244
0.000597042
0.000624997
0.000778661
0.00144055
0.00351988
0.00803471
0.0030927
0.0018408
0.00150262
0.000920228
0.000503308
0.000358901
0.000326742
0.000317642
0.000309709
0.000300184
0.000289719
0.000278491
0.000266173
0.000252987
0.000239865
0.000227722
0.000217304
0.000209084
0.000203296
0.000200242
0.000199366
0.000200944
0.000205409
0.000213055
0.000224322
0.000239889
0.000260561
0.000287246
0.000320959
0.000362447
0.000411731
0.000466916
0.000522836
0.000570209
0.00059834
0.000620686
0.000753692
0.00137512
0.00340316
0.00841409
0.00319092
0.00181702
0.0014622
0.000921767
0.000506704
0.000357287
0.00032437
0.000316064
0.000307611
0.000297207
0.000285965
0.000274215
0.000261676
0.000248503
0.000235478
0.000223471
0.000213219
0.000205152
0.000199454
0.000196223
0.00019521
0.000196494
0.000200365
0.000207231
0.000217529
0.000231971
0.000251315
0.000276483
0.000308651
0.000348833
0.00039763
0.000453978
0.000513429
0.000566654
0.000598871
0.00061683
0.000721989
0.00131213
0.00333789
0.00871413
0.00322696
0.00181639
0.00143524
0.000930937
0.00051805
0.000359283
0.000323331
0.000315019
0.000306282
0.00029522
0.000283446
0.000271377
0.000258756
0.000245714
0.000232977
0.000221408
0.000211523
0.000203662
0.000198
0.000194602
0.000193439
0.000194455
0.000197871
0.000204192
0.000213697
0.000227022
0.000244919
0.000268612
0.000299213
0.00033785
0.000385648
0.000442406
0.00050457
0.000563389
0.000599938
0.000615551
0.000706552
0.00127217
0.00329351
0.00894953
0.00320678
0.00182111
0.0014275
0.000951713
0.000538896
0.000365277
0.000323674
0.000314395
0.000305678
0.000294283
0.000281968
0.000269665
0.000257299
0.00024486
0.000232774
0.000221529
0.000211799
0.000204011
0.000198341
0.000194848
0.000193582
0.000194315
0.000197213
0.000203139
0.000212199
0.000224739
0.000241653
0.000263918
0.000292591
0.00032948
0.000375838
0.000432177
0.000495947
0.000559432
0.000600694
0.000614983
0.000685435
0.00123013
0.00327841
0.00914617
0.00313621
0.00183359
0.00143098
0.000990922
0.000580799
0.000379861
0.000325379
0.000314067
0.00030569
0.000294392
0.000282011
0.000269682
0.000257438
0.000245249
0.000233457
0.000222562
0.000213125
0.000205517
0.000199926
0.000196431
0.000195224
0.000195915
0.000198446
0.000203793
0.000212156
0.000224133
0.000240481
0.000261866
0.00028927
0.00032422
0.000368604
0.000424022
0.000488727
0.000556481
0.000601941
0.000615599
0.000675104
0.00120187
0.00328158
0.00931279
0.00298254
0.00184539
0.00144166
0.00103676
0.00062616
0.000399629
0.000329572
0.000314208
0.000305843
0.000294888
0.000282523
0.000270215
0.000258189
0.00024644
0.000235226
0.000224953
0.000216015
0.000208735
0.000203307
0.000199832
0.000198656
0.000199279
0.00020158
0.000206564
0.000214527
0.000225819
0.000241127
0.00026145
0.000288074
0.000321799
0.00036457
0.000418239
0.000482831
0.000554347
0.000603346
0.00061691
0.000662135
0.00117
0.00332788
0.00946179
0.00273512
0.00183995
0.00145725
0.00109808
0.000700828
0.000441198
0.000340025
0.000315282
0.000306073
0.000295793
0.000283703
0.000271508
0.000259847
0.000248732
0.000238192
0.000228547
0.000220128
0.000213222
0.000208035
0.00020464
0.000203575
0.000204209
0.000206428
0.000211234
0.000218962
0.000229891
0.000244672
0.000264041
0.000288988
0.000321182
0.000362987
0.000415432
0.000479314
0.000553448
0.000605131
0.000618144
0.000656094
0.00114539
0.00336903
0.00959697
0.00240592
0.00181644
0.00147861
0.00115313
0.000771794
0.00048658
0.000357095
0.000318633
0.00030662
0.00029709
0.000285654
0.000273733
0.000262373
0.000251758
0.000241888
0.000232929
0.000225122
0.000218705
0.000213899
0.000210693
0.000209908
0.000210623
0.000212898
0.000217739
0.000225405
0.000236144
0.000250559
0.000269278
0.00029336
0.000323879
0.000363099
0.000414521
0.000477828
0.000553341
0.000607304
0.000618751
0.000645737
0.00112448
0.00344195
0.00972385
0.00201009
0.0017569
0.0014936
0.00122881
0.000878077
0.000567283
0.000393233
0.000327657
0.00030835
0.000297946
0.000287608
0.000276328
0.00026537
0.000255277
0.000246101
0.000237898
0.000230816
0.00022502
0.000220768
0.000217905
0.000217615
0.000218494
0.000220991
0.000226124
0.000233926
0.000244664
0.000258915
0.000277142
0.000300422
0.000329756
0.000367819
0.000416947
0.000477766
0.000555744
0.000609386
0.000618975
0.000637898
0.00110989
0.00350692
0.00984514
0.0015685
0.00161293
0.00150047
0.0012701
0.000963882
0.00065542
0.000444301
0.000346922
0.000313542
0.000299708
0.000289271
0.000278992
0.000268712
0.00025916
0.000250655
0.000243245
0.000237005
0.000232017
0.000228461
0.000226376
0.000226567
0.000227833
0.000230895
0.000236533
0.000244689
0.00025562
0.000269898
0.000287765
0.000310444
0.000338683
0.000375256
0.000422894
0.000481615
0.000559801
0.000610322
0.000616947
0.000625534
0.00109752
0.00359503
0.00996454
0.00113105
0.00145264
0.00147183
0.00135586
0.00107817
0.000771846
0.000528967
0.000387966
0.0003273
0.000304319
0.000291575
0.000281162
0.000271787
0.000263178
0.000255533
0.000249059
0.000243741
0.000239815
0.000237023
0.000236268
0.000236905
0.000238831
0.000242881
0.00024918
0.000257914
0.000269196
0.00028364
0.000301205
0.000323408
0.000350607
0.00038592
0.000431469
0.000486961
0.000564374
0.000610339
0.000611327
0.000612784
0.00108696
0.00368038
0.0100849
0.000750351
0.00124264
0.00140964
0.00135867
0.0011895
0.000892799
0.000633488
0.000452599
0.000357169
0.000316429
0.000297051
0.00028454
0.000274521
0.000266444
0.000259908
0.000254634
0.000250709
0.000247973
0.000246762
0.000247169
0.000248627
0.000251776
0.000257018
0.000264171
0.000273645
0.00028532
0.000299941
0.000317141
0.000338913
0.000364956
0.000398737
0.000441448
0.000493085
0.000566646
0.000603838
0.000599656
0.000595337
0.00108147
0.00377875
0.0102101
0.000472106
0.000994414
0.00134626
0.00134613
0.00126351
0.00103732
0.000772257
0.00056091
0.000418706
0.000345725
0.000311305
0.000292474
0.000279957
0.00027078
0.000264084
0.000259753
0.000256953
0.000256102
0.000256581
0.000258109
0.000261294
0.000266015
0.000272591
0.000280731
0.000291019
0.000302957
0.000317608
0.000334319
0.0003556
0.000379987
0.000410961
0.000448464
0.000496108
0.000566953
0.000590961
0.000580211
0.000577356
0.00107953
0.00387407
0.0103429
0.00032756
0.000757184
0.00122623
0.00131907
0.00128084
0.00116164
0.000918344
0.000697371
0.000526772
0.000407974
0.000346098
0.000312745
0.000292913
0.000280074
0.000271551
0.000266304
0.000263733
0.000264048
0.000265497
0.000268618
0.000273514
0.00027969
0.000287606
0.000296558
0.000307487
0.000319309
0.000333887
0.000349471
0.000368501
0.00038923
0.000416704
0.000450995
0.000496973
0.000555589
0.000565004
0.000551237
0.000559826
0.00108878
0.00397772
0.0104863
0.0003106
0.000563732
0.00105444
0.00126232
0.00127033
0.00122183
0.00108258
0.000866634
0.000680054
0.000532838
0.000424725
0.000363127
0.000326357
0.000303465
0.000288838
0.000280122
0.000274943
0.0002743
0.000275377
0.000278109
0.000283546
0.000290209
0.000298788
0.000307826
0.000318854
0.000329847
0.000343121
0.000356436
0.000373298
0.000392139
0.000417979
0.000449693
0.000487835
0.000526924
0.00052691
0.000519957
0.000552432
0.00112015
0.00407993
0.0106473
0.000319065
0.000453073
0.00084494
0.00113875
0.00124059
0.00123405
0.00118311
0.00105603
0.00087845
0.000720117
0.000587508
0.000482243
0.000410633
0.000365198
0.00033528
0.000316175
0.000303644
0.000296944
0.000294585
0.000295212
0.000297345
0.000301638
0.000308344
0.000315474
0.000324846
0.000334108
0.000346019
0.000357737
0.000373347
0.000389946
0.000411052
0.000434931
0.000459066
0.000485194
0.00049291
0.000505516
0.000564335
0.00119642
0.00422913
0.0108477
0.000333628
0.000415492
0.000694968
0.000989454
0.0011772
0.00125131
0.00124881
0.00120866
0.00111022
0.000965319
0.000825106
0.000696182
0.000591934
0.000514933
0.000458549
0.000417943
0.000388544
0.000367641
0.000353335
0.000344543
0.000339142
0.000336855
0.00033734
0.000339004
0.000342751
0.000347542
0.000355071
0.000363243
0.000374336
0.000386409
0.000402541
0.000421224
0.000442178
0.000467531
0.000481118
0.000511098
0.000646484
0.00140929
0.0045346
0.0111398
0.000427463
0.000465425
0.000667329
0.000912153
0.00113999
0.00128612
0.0013532
0.00137458
0.00135562
0.00130124
0.00120241
0.00109322
0.000979687
0.000869948
0.000773
0.000691105
0.000624103
0.000569857
0.000526769
0.000492499
0.000466532
0.000447245
0.000433778
0.000423437
0.000417846
0.000413076
0.000413266
0.000414858
0.000418689
0.000426243
0.000437196
0.000453008
0.000475173
0.00050754
0.000558754
0.000671554
0.000956752
0.00193475
0.00517815
0.0115929
0.000644041
0.000589918
0.000808685
0.00103008
0.00123879
0.00140451
0.00150862
0.00155348
0.00154612
0.00151701
0.00145158
0.00136305
0.00126647
0.0011696
0.00107811
0.000996755
0.000925222
0.000865811
0.000814861
0.000774795
0.00074082
0.000714529
0.000692933
0.000679528
0.000668754
0.000667218
0.000669364
0.000675971
0.000690732
0.000721726
0.000759554
0.000824515
0.00089946
0.00102065
0.00117728
0.00144448
0.00192047
0.00317075
0.00634729
0.0122588
0.0015151
0.00199864
0.00264349
0.00293269
0.00305511
0.00309506
0.00308967
0.00305382
0.0029783
0.00290408
0.00283158
0.00275599
0.0026824
0.00261656
0.0025578
0.00251194
0.00247397
0.0024518
0.00243615
0.00243762
0.00244529
0.00246323
0.00249067
0.00253246
0.00258031
0.00264566
0.00271626
0.00281027
0.00291005
0.00302739
0.0031614
0.00335056
0.00355156
0.00382878
0.00411913
0.00456702
0.00509692
0.00635044
0.00864647
0.0133873
0.00927237
0.0143954
0.0173869
0.0185838
0.0190067
0.0189838
0.0188171
0.0184487
0.0179833
0.0175036
0.0170445
0.0166222
0.0162413
0.0159019
0.0156002
0.015333
0.0150958
0.0148857
0.014699
0.014534
0.014388
0.0142605
0.0141491
0.0140547
0.0139745
0.0139113
0.0138604
0.0138286
0.0138063
0.013807
0.0138117
0.0138208
0.0138422
0.0138726
0.0139373
0.0140108
0.0141777
0.0143594
0.0152634
0.0148346
)
;

boundaryField
{
    movingWall
    {
        type            kqRWallFunction;
        value           nonuniform List<scalar> 
40
(
0.00927237
0.0143954
0.0173869
0.0185838
0.0190067
0.0189838
0.0188171
0.0184487
0.0179833
0.0175036
0.0170445
0.0166222
0.0162413
0.0159019
0.0156002
0.015333
0.0150958
0.0148857
0.014699
0.014534
0.014388
0.0142605
0.0141491
0.0140547
0.0139745
0.0139113
0.0138604
0.0138286
0.0138063
0.013807
0.0138117
0.0138208
0.0138422
0.0138726
0.0139373
0.0140108
0.0141777
0.0143594
0.0152634
0.0148346
)
;
    }
    fixedWalls
    {
        type            kqRWallFunction;
        value           nonuniform List<scalar> 
120
(
0.000161538
0.000277572
0.000450013
0.000597631
0.00068687
0.000735666
0.000771203
0.000819467
0.000932259
0.00114603
0.00137942
0.00160746
0.00182582
0.00202873
0.00223104
0.00243351
0.002625
0.00280025
0.00295576
0.0030927
0.00319092
0.00322696
0.00320678
0.00313621
0.00298254
0.00273512
0.00240592
0.00201009
0.0015685
0.00113105
0.000750351
0.000472106
0.00032756
0.0003106
0.000319065
0.000333628
0.000427463
0.000644041
0.0015151
0.00927237
0.000332901
0.000376112
0.000440572
0.000498711
0.000530795
0.00055642
0.000610564
0.000690535
0.000829564
0.000944782
0.0013654
0.0022002
0.00327772
0.00437814
0.00537827
0.00623883
0.00696549
0.0075555
0.00803471
0.00841409
0.00871413
0.00894953
0.00914617
0.00931279
0.00946179
0.00959697
0.00972385
0.00984514
0.00996454
0.0100849
0.0102101
0.0103429
0.0104863
0.0106473
0.0108477
0.0111398
0.0115929
0.0122588
0.0133873
0.0148346
0.000161538
0.000188688
0.000232894
0.000274111
0.000299397
0.000313008
0.000332351
0.000359735
0.000391075
0.000437779
0.000555605
0.000903279
0.00140617
0.00200854
0.0026045
0.00312644
0.00354166
0.00383358
0.00398469
0.00404525
0.00405356
0.00396444
0.00383174
0.00364977
0.00345614
0.00323994
0.00301957
0.00279514
0.00256788
0.00232279
0.00206106
0.00176899
0.00151315
0.00137975
0.00128114
0.00119889
0.0010873
0.000884712
0.000582441
0.000332901
)
;
    }
    frontAndBack
    {
        type            empty;
    }
}


// ************************************************************************* //
