/*--------------------------------*- C++ -*----------------------------------*\
| =========                 |                                                 |
| \\      /  F ield         | OpenFOAM: The Open Source CFD Toolbox           |
|  \\    /   O peration     | Version:  2412                                  |
|   \\  /    A nd           | Website:  www.openfoam.com                      |
|    \\/     M anipulation  |                                                 |
\*---------------------------------------------------------------------------*/
FoamFile
{
    version     2.0;
    format      ascii;
    arch        "LSB;label=32;scalar=64";
    class       surfaceScalarField;
    location    "8.75";
    object      phi;
}
// * * * * * * * * * * * * * * * * * * * * * * * * * * * * * * * * * * * * * //

dimensions      [0 3 -1 0 0 0 0];

oriented        oriented;

internalField   nonuniform List<scalar> 
3120
(
9.86711e-08
-9.86739e-08
2.21273e-07
-1.22602e-07
3.04952e-07
-8.36799e-08
3.34591e-07
-2.96386e-08
3.29021e-07
5.57005e-09
3.13282e-07
1.57381e-08
2.91803e-07
2.14794e-08
2.51781e-07
4.00223e-08
1.79385e-07
7.23953e-08
4.99408e-08
1.29445e-07
-1.54337e-07
2.04278e-07
-4.55132e-07
3.00795e-07
-8.68326e-07
4.13193e-07
-1.37572e-06
5.07394e-07
-1.93953e-06
5.63815e-07
-2.51969e-06
5.80154e-07
-3.07443e-06
5.54737e-07
-3.56491e-06
4.90484e-07
-3.96173e-06
3.96818e-07
-4.25108e-06
2.89351e-07
-4.43211e-06
1.81033e-07
-4.5099e-06
7.7787e-08
-4.48902e-06
-2.08815e-08
-4.36933e-06
-1.19684e-07
-4.14743e-06
-2.21906e-07
-3.81955e-06
-3.27881e-07
-3.38483e-06
-4.34718e-07
-2.84874e-06
-5.36084e-07
-2.22668e-06
-6.22065e-07
-1.54749e-06
-6.79188e-07
-8.55223e-07
-6.92269e-07
-2.08484e-07
-6.46739e-07
3.33225e-07
-5.41709e-07
7.22029e-07
-3.88804e-07
9.21203e-07
-1.99174e-07
9.36932e-07
-1.5729e-08
7.63289e-07
1.73643e-07
4.83487e-07
2.79802e-07
2.01733e-07
2.81754e-07
2.01733e-07
1.51475e-07
-2.50149e-07
3.06596e-07
-2.77722e-07
3.96423e-07
-1.73507e-07
4.12439e-07
-4.56554e-08
3.66047e-07
5.19618e-08
2.73622e-07
1.08163e-07
1.27963e-07
1.67138e-07
-9.85117e-08
2.66497e-07
-4.35806e-07
4.09689e-07
-8.99923e-07
5.93562e-07
-1.48882e-06
7.93175e-07
-2.16612e-06
9.78093e-07
-2.86762e-06
1.1147e-06
-3.53885e-06
1.17862e-06
-4.14163e-06
1.1666e-06
-4.64829e-06
1.08681e-06
-5.04937e-06
9.55816e-07
-5.35266e-06
7.93773e-07
-5.57422e-06
6.18375e-07
-5.72491e-06
4.40043e-07
-5.8072e-06
2.63327e-07
-5.81632e-06
8.6904e-08
-5.74489e-06
-9.23122e-08
-5.58717e-06
-2.774e-07
-5.33903e-06
-4.70044e-07
-4.99599e-06
-6.70922e-07
-4.55458e-06
-8.76128e-07
-4.01478e-06
-1.07589e-06
-3.38352e-06
-1.25332e-06
-2.67954e-06
-1.38316e-06
-1.93727e-06
-1.43454e-06
-1.20501e-06
-1.379e-06
-5.43376e-07
-1.20334e-06
-1.09831e-08
-9.21196e-07
3.67209e-07
-5.77367e-07
5.57147e-07
-2.05666e-07
5.87237e-07
1.43553e-07
4.54429e-07
4.1261e-07
2.19975e-07
5.16207e-07
4.21708e-07
1.69371e-07
-4.1952e-07
2.86766e-07
-3.95118e-07
3.16044e-07
-2.02785e-07
2.64755e-07
5.63422e-09
1.32797e-07
1.83919e-07
-9.28429e-08
3.33803e-07
-4.3224e-07
5.06536e-07
-9.00668e-07
7.34924e-07
-1.50082e-06
1.00985e-06
-2.20086e-06
1.2936e-06
-2.946e-06
1.53831e-06
-3.66839e-06
1.70048e-06
-4.31425e-06
1.76056e-06
-4.85762e-06
1.722e-06
-5.29565e-06
1.60463e-06
-5.639e-06
1.43016e-06
-5.9061e-06
1.22291e-06
-6.11267e-06
1.00035e-06
-6.26731e-06
7.73014e-07
-6.37253e-06
5.45264e-07
-6.42613e-06
3.16925e-07
-6.42476e-06
8.5535e-08
-6.36645e-06
-1.50621e-07
-6.2456e-06
-3.98252e-07
-6.05399e-06
-6.61658e-07
-5.78408e-06
-9.4083e-07
-5.42746e-06
-1.23274e-06
-4.97569e-06
-1.52766e-06
-4.42397e-06
-1.80505e-06
-3.77528e-06
-2.03185e-06
-3.04642e-06
-2.1634e-06
-2.27346e-06
-2.15197e-06
-1.51449e-06
-1.96231e-06
-8.40994e-07
-1.59469e-06
-3.19913e-07
-1.09845e-06
2.51309e-08
-5.5071e-07
2.03718e-07
-3.50345e-08
2.19101e-07
3.97227e-07
1.20646e-07
6.14663e-07
5.42354e-07
1.35468e-07
-5.54988e-07
1.68257e-07
-4.27907e-07
1.00442e-07
-1.34969e-07
-5.79228e-08
1.63999e-07
-3.12007e-07
4.38003e-07
-6.9068e-07
7.12477e-07
-1.21139e-06
1.02724e-06
-1.86378e-06
1.38732e-06
-2.60189e-06
1.74795e-06
-3.35453e-06
2.04624e-06
-4.05211e-06
2.23589e-06
-4.65029e-06
2.29867e-06
-5.13604e-06
2.2463e-06
-5.51806e-06
2.10402e-06
-5.81347e-06
1.90004e-06
-6.04312e-06
1.65981e-06
-6.22191e-06
1.4017e-06
-6.35881e-06
1.13725e-06
-6.45799e-06
8.722e-07
-6.52224e-06
6.09514e-07
-6.55387e-06
3.4855e-07
-6.55182e-06
8.34928e-08
-6.51596e-06
-1.86489e-07
-6.4449e-06
-4.69313e-07
-6.33457e-06
-7.71988e-07
-6.17628e-06
-1.09911e-06
-5.95606e-06
-1.45296e-06
-5.65596e-06
-1.82777e-06
-5.25615e-06
-2.20485e-06
-4.73991e-06
-2.5481e-06
-4.09995e-06
-2.80336e-06
-3.34826e-06
-2.90365e-06
-2.52596e-06
-2.78461e-06
-1.71011e-06
-2.41054e-06
-1.00111e-06
-1.80745e-06
-4.74659e-07
-1.07716e-06
-1.49944e-07
-3.5975e-07
4.67363e-09
2.4261e-07
2.39038e-08
5.95432e-07
5.66258e-07
5.18422e-08
-6.0683e-07
-2.13692e-08
-3.54695e-07
-1.9382e-07
3.74814e-08
-4.62058e-07
4.32237e-07
-8.48151e-07
8.24096e-07
-1.37394e-06
1.23826e-06
-2.0302e-06
1.68351e-06
-2.76267e-06
2.11978e-06
-3.49444e-06
2.47973e-06
-4.15676e-06
2.70856e-06
-4.70855e-06
2.78768e-06
-5.141e-06
2.73112e-06
-5.4648e-06
2.5701e-06
-5.70006e-06
2.33928e-06
-5.86652e-06
2.06649e-06
-5.98076e-06
1.77405e-06
-6.05399e-06
1.47493e-06
-6.09536e-06
1.17862e-06
-6.11246e-06
8.89295e-07
-6.11098e-06
6.08036e-07
-6.0949e-06
3.32477e-07
-6.07096e-06
5.95483e-08
-6.04167e-06
-2.15778e-07
-6.00869e-06
-5.02298e-07
-5.9717e-06
-8.08974e-07
-5.92562e-06
-1.1452e-06
-5.85951e-06
-1.51907e-06
-5.75369e-06
-1.93359e-06
-5.57749e-06
-2.38105e-06
-5.29149e-06
-2.8341e-06
-4.85649e-06
-3.23835e-06
-4.24851e-06
-3.51164e-06
-3.47465e-06
-3.55847e-06
-2.58863e-06
-3.29656e-06
-1.69931e-06
-2.69677e-06
-9.46879e-07
-1.82959e-06
-4.29333e-07
-8.77296e-07
-1.4094e-07
-4.57824e-08
-2.52367e-08
4.79729e-07
5.41021e-07
-5.91514e-08
-5.47679e-07
-2.41834e-07
-1.72013e-07
-5.18271e-07
3.13919e-07
-9.00089e-07
8.14055e-07
-1.40783e-06
1.33183e-06
-2.03732e-06
1.86776e-06
-2.7406e-06
2.38679e-06
-3.44155e-06
2.82073e-06
-4.0691e-06
3.10727e-06
-4.58013e-06
3.21958e-06
-4.96299e-06
3.17054e-06
-5.22823e-06
2.99635e-06
-5.39631e-06
2.73818e-06
-5.48909e-06
2.43206e-06
-5.5265e-06
2.1039e-06
-5.52487e-06
1.77243e-06
-5.49831e-06
1.44837e-06
-5.45798e-06
1.13829e-06
-5.41231e-06
8.43621e-07
-5.36691e-06
5.6264e-07
-5.32577e-06
2.91331e-07
-5.29072e-06
2.4501e-08
-5.26039e-06
-2.46107e-07
-5.23782e-06
-5.24868e-07
-5.22706e-06
-8.19729e-07
-5.23203e-06
-1.14024e-06
-5.25393e-06
-1.49716e-06
-5.28607e-06
-1.90146e-06
-5.30685e-06
-2.36027e-06
-5.27342e-06
-2.86752e-06
-5.12218e-06
-3.38959e-06
-4.78256e-06
-3.85126e-06
-4.20584e-06
-4.13519e-06
-3.39602e-06
-4.10638e-06
-2.43058e-06
-3.66222e-06
-1.46792e-06
-2.79225e-06
-7.01873e-07
-1.64334e-06
-2.3045e-07
-5.17206e-07
-3.44241e-08
2.83703e-07
5.06597e-07
-1.7351e-07
-3.74169e-07
-4.6454e-07
1.19017e-07
-8.41049e-07
6.90428e-07
-1.32347e-06
1.29648e-06
-1.91457e-06
1.92293e-06
-2.57773e-06
2.53092e-06
-3.24467e-06
3.05373e-06
-3.84389e-06
3.41995e-06
-4.32547e-06
3.58885e-06
-4.67118e-06
3.5653e-06
-4.88909e-06
3.38846e-06
-5.00156e-06
3.10882e-06
-5.03543e-06
2.77205e-06
-5.01609e-06
2.41272e-06
-4.96605e-06
2.05386e-06
-4.903e-06
1.70939e-06
-4.83961e-06
1.38498e-06
-4.78235e-06
1.08103e-06
-4.73297e-06
7.94246e-07
-4.69007e-06
5.19738e-07
-4.65086e-06
2.52121e-07
-4.61298e-06
-1.33796e-08
-4.57646e-06
-2.82623e-07
-4.54331e-06
-5.5802e-07
-4.51826e-06
-8.44778e-07
-4.50967e-06
-1.14883e-06
-4.52832e-06
-1.47851e-06
-4.58407e-06
-1.84571e-06
-4.67853e-06
-2.26581e-06
-4.79294e-06
-2.75312e-06
-4.87497e-06
-3.30756e-06
-4.83496e-06
-3.89127e-06
-4.56603e-06
-4.40412e-06
-3.99114e-06
-4.68127e-06
-3.11701e-06
-4.53634e-06
-2.06376e-06
-3.8455e-06
-1.06408e-06
-2.64303e-06
-3.66608e-07
-1.21467e-06
-4.7762e-08
-3.51428e-08
4.58835e-07
-2.83254e-07
-9.09146e-08
-6.66544e-07
5.02307e-07
-1.12848e-06
1.15236e-06
-1.68074e-06
1.84874e-06
-2.30119e-06
2.54338e-06
-2.93538e-06
3.16511e-06
-3.51464e-06
3.63299e-06
-3.98211e-06
3.88742e-06
-4.3097e-06
3.91645e-06
-4.50056e-06
3.75616e-06
-4.57871e-06
3.4666e-06
-4.57646e-06
3.10657e-06
-4.52572e-06
2.72131e-06
-4.45374e-06
2.34074e-06
-4.38069e-06
1.9808e-06
-4.31805e-06
1.64675e-06
-4.26962e-06
1.33655e-06
-4.23341e-06
1.04481e-06
-4.20478e-06
7.65624e-07
-4.17865e-06
4.93602e-07
-4.15098e-06
2.24455e-07
-4.11918e-06
-4.51816e-08
-4.0835e-06
-3.18301e-07
-4.04422e-06
-5.97303e-07
-4.00411e-06
-8.8489e-07
-3.96911e-06
-1.18383e-06
-3.94945e-06
-1.49817e-06
-3.96033e-06
-1.83483e-06
-4.01976e-06
-2.20638e-06
-4.13965e-06
-2.63323e-06
-4.30741e-06
-3.1398e-06
-4.463e-06
-3.73567e-06
-4.48941e-06
-4.37771e-06
-4.24125e-06
-4.92943e-06
-3.61848e-06
-5.15911e-06
-2.64855e-06
-4.81543e-06
-1.52459e-06
-3.76699e-06
-5.77465e-07
-2.1618e-06
-7.80171e-08
-5.3459e-07
3.80818e-07
-3.71815e-07
2.80901e-07
-8.29817e-07
9.60309e-07
-1.35107e-06
1.67362e-06
-1.93081e-06
2.42848e-06
-2.53382e-06
3.14639e-06
-3.10009e-06
3.73138e-06
-3.56868e-06
4.10157e-06
-3.89993e-06
4.21868e-06
-4.0875e-06
4.10402e-06
-4.15446e-06
3.82311e-06
-4.13749e-06
3.44964e-06
-4.07434e-06
3.04342e-06
-3.99646e-06
2.64344e-06
-3.92531e-06
2.26958e-06
-3.87122e-06
1.92672e-06
-3.8352e-06
1.61073e-06
-3.8129e-06
1.31425e-06
-3.79824e-06
1.03015e-06
-3.78574e-06
7.53121e-07
-3.77143e-06
4.793e-07
-3.75292e-06
2.05939e-07
-3.72895e-06
-6.91511e-08
-3.6992e-06
-3.48052e-07
-3.66365e-06
-6.32856e-07
-3.62319e-06
-9.25341e-07
-3.58008e-06
-1.22695e-06
-3.53909e-06
-1.53915e-06
-3.5097e-06
-1.86422e-06
-3.50857e-06
-2.20751e-06
-3.55967e-06
-2.58214e-06
-3.68499e-06
-3.01448e-06
-3.87878e-06
-3.54188e-06
-4.07127e-06
-4.18522e-06
-4.11314e-06
-4.88756e-06
-3.82149e-06
-5.45076e-06
-3.09088e-06
-5.54604e-06
-2.00541e-06
-4.85246e-06
-8.83322e-07
-3.28388e-06
-1.65177e-07
-1.25274e-06
2.15641e-07
-4.35711e-07
7.16611e-07
-9.405e-07
1.4651e-06
-1.48755e-06
2.22066e-06
-2.059e-06
2.99992e-06
-2.61342e-06
3.70081e-06
-3.09261e-06
4.21057e-06
-3.44669e-06
4.45565e-06
-3.65495e-06
4.42694e-06
-3.73337e-06
4.18244e-06
-3.72016e-06
3.80991e-06
-3.65787e-06
3.38734e-06
-3.58216e-06
2.96771e-06
-3.51646e-06
2.57774e-06
-3.47067e-06
2.22379e-06
-3.44435e-06
1.9004e-06
-3.43173e-06
1.59811e-06
-3.42618e-06
1.3087e-06
-3.42245e-06
1.02642e-06
-3.41714e-06
7.47812e-07
-3.40835e-06
4.70515e-07
-3.39512e-06
1.92709e-07
-3.37697e-06
-8.73065e-08
-3.35366e-06
-3.71354e-07
-3.32521e-06
-6.61313e-07
-3.29179e-06
-9.58758e-07
-3.25385e-06
-1.26489e-06
-3.21257e-06
-1.58044e-06
-3.17111e-06
-1.90568e-06
-3.13729e-06
-2.24132e-06
-3.12781e-06
-2.59162e-06
-3.17093e-06
-2.97136e-06
-3.29731e-06
-3.4155e-06
-3.50477e-06
-3.97776e-06
-3.70501e-06
-4.68732e-06
-3.7064e-06
-5.44936e-06
-3.29557e-06
-5.95687e-06
-2.40252e-06
-5.74551e-06
-1.23588e-06
-4.45052e-06
-2.89534e-07
-2.19908e-06
-7.3893e-08
-4.68118e-07
1.18473e-06
-9.92023e-07
1.989e-06
-1.53445e-06
2.76309e-06
-2.07163e-06
3.5371e-06
-2.56046e-06
4.18964e-06
-2.94771e-06
4.59782e-06
-3.19685e-06
4.70479e-06
-3.30847e-06
4.53856e-06
-3.31639e-06
4.19035e-06
-3.26594e-06
3.75946e-06
-3.19741e-06
3.31882e-06
-3.13762e-06
2.90791e-06
-3.09798e-06
2.5381e-06
-3.07795e-06
2.20376e-06
-3.0713e-06
1.89375e-06
-3.07117e-06
1.59798e-06
-3.07254e-06
1.31007e-06
-3.0725e-06
1.02639e-06
-3.06961e-06
7.44919e-07
-3.06323e-06
4.64138e-07
-3.05311e-06
1.82585e-07
-3.03911e-06
-1.0131e-07
-3.02121e-06
-3.89253e-07
-2.99949e-06
-6.83024e-07
-2.97403e-06
-9.8422e-07
-2.94476e-06
-1.29416e-06
-2.91154e-06
-1.61366e-06
-2.87447e-06
-1.94275e-06
-2.83512e-06
-2.28067e-06
-2.79984e-06
-2.62689e-06
-2.78579e-06
-2.98542e-06
-2.82603e-06
-3.37526e-06
-2.95833e-06
-3.84546e-06
-3.17503e-06
-4.47062e-06
-3.3507e-06
-5.27369e-06
-3.24091e-06
-6.06667e-06
-2.63029e-06
-6.35613e-06
-1.55681e-06
-5.524e-06
-4.43968e-07
-3.31193e-06
-5.17861e-07
-4.70309e-07
1.65504e-06
-9.87037e-07
2.50573e-06
-1.50151e-06
3.27757e-06
-1.98772e-06
4.02331e-06
-2.40413e-06
4.60605e-06
-2.70442e-06
4.89811e-06
-2.86792e-06
4.8683e-06
-2.91439e-06
4.58503e-06
-2.88745e-06
4.1634e-06
-2.83138e-06
3.70339e-06
-2.77811e-06
3.26555e-06
-2.74276e-06
2.87256e-06
-2.72653e-06
2.52187e-06
-2.72351e-06
2.20075e-06
-2.72679e-06
1.89702e-06
-2.73141e-06
1.60259e-06
-2.73468e-06
1.31334e-06
-2.73547e-06
1.02718e-06
-2.73341e-06
7.42857e-07
-2.72843e-06
4.59151e-07
-2.72054e-06
1.74701e-07
-2.70979e-06
-1.12058e-07
-2.69627e-06
-4.02774e-07
-2.68012e-06
-6.99173e-07
-2.66142e-06
-1.00293e-06
-2.64006e-06
-1.31551e-06
-2.61568e-06
-1.63804e-06
-2.58751e-06
-1.97093e-06
-2.55462e-06
-2.31356e-06
-2.51728e-06
-2.66423e-06
-2.48117e-06
-3.02152e-06
-2.46567e-06
-3.39077e-06
-2.51081e-06
-3.80032e-06
-2.65847e-06
-4.32296e-06
-2.87699e-06
-5.05518e-06
-2.97554e-06
-5.96811e-06
-2.65964e-06
-6.67203e-06
-1.78472e-06
-6.39892e-06
-6.33197e-07
-4.46345e-06
-1.15106e-06
-4.47561e-07
2.1026e-06
-9.34615e-07
2.99279e-06
-1.40465e-06
3.7476e-06
-1.83098e-06
4.44964e-06
-2.17527e-06
4.95034e-06
-2.40019e-06
5.12304e-06
-2.50139e-06
4.9695e-06
-2.51142e-06
4.59506e-06
-2.47552e-06
4.12751e-06
-2.43115e-06
3.65902e-06
-2.39943e-06
3.23382e-06
-2.38538e-06
2.85852e-06
-2.3846e-06
2.52108e-06
-2.39035e-06
2.20649e-06
-2.39748e-06
1.90416e-06
-2.40332e-06
1.60843e-06
-2.40684e-06
1.31686e-06
-2.40785e-06
1.0282e-06
-2.40645e-06
7.4145e-07
-2.40276e-06
4.55465e-07
-2.39693e-06
1.68871e-07
-2.38907e-06
-1.19921e-07
-2.37929e-06
-4.12546e-07
-2.36776e-06
-7.10707e-07
-2.35455e-06
-1.01613e-06
-2.33961e-06
-1.33045e-06
-2.3226e-06
-1.65505e-06
-2.3027e-06
-1.99083e-06
-2.27847e-06
-2.33779e-06
-2.24809e-06
-2.69461e-06
-2.21107e-06
-3.05854e-06
-2.17389e-06
-3.42795e-06
-2.16125e-06
-3.81296e-06
-2.22271e-06
-4.26151e-06
-2.39411e-06
-4.88377e-06
-2.58476e-06
-5.77747e-06
-2.51138e-06
-6.7454e-06
-1.88576e-06
-7.02454e-06
-7.9901e-07
-5.5502e-06
-1.95007e-06
-4.0526e-07
2.50786e-06
-8.4636e-07
3.43388e-06
-1.26138e-06
4.16262e-06
-1.6243e-06
4.81256e-06
-1.90171e-06
5.22775e-06
-2.06628e-06
5.28761e-06
-2.12703e-06
5.03025e-06
-2.12193e-06
4.58996e-06
-2.09187e-06
4.09745e-06
-2.06489e-06
3.63204e-06
-2.05228e-06
3.22122e-06
-2.05278e-06
2.85902e-06
-2.06041e-06
2.52871e-06
-2.06985e-06
2.21594e-06
-2.0781e-06
1.9124e-06
-2.08407e-06
1.61441e-06
-2.08766e-06
1.32045e-06
-2.08909e-06
1.02963e-06
-2.08863e-06
7.40983e-07
-2.08647e-06
4.53307e-07
-2.08278e-06
1.65185e-07
-2.07771e-06
-1.25e-07
-2.07135e-06
-4.18899e-07
-2.06385e-06
-7.18209e-07
-2.05529e-06
-1.0247e-06
-2.04563e-06
-1.34011e-06
-2.0346e-06
-1.66608e-06
-2.0215e-06
-2.00393e-06
-2.00496e-06
-2.35434e-06
-1.98281e-06
-2.71676e-06
-1.95248e-06
-3.08886e-06
-1.91359e-06
-3.46685e-06
-1.87598e-06
-3.85056e-06
-1.87449e-06
-4.263e-06
-1.96746e-06
-4.79079e-06
-2.15566e-06
-5.58927e-06
-2.23752e-06
-6.66354e-06
-1.857e-06
-7.40506e-06
-9.04388e-07
-6.50281e-06
-2.85446e-06
-3.48922e-07
2.85678e-06
-7.33e-07
3.81796e-06
-1.08752e-06
4.51714e-06
-1.38755e-06
5.11259e-06
-1.60582e-06
5.44602e-06
-1.72505e-06
5.40684e-06
-1.76249e-06
5.06769e-06
-1.75538e-06
4.58285e-06
-1.73706e-06
4.07912e-06
-1.72631e-06
3.62129e-06
-1.72737e-06
3.22228e-06
-1.7363e-06
2.86794e-06
-1.74781e-06
2.54023e-06
-1.75848e-06
2.2266e-06
-1.7669e-06
1.92082e-06
-1.77292e-06
1.62043e-06
-1.77686e-06
1.32438e-06
-1.77908e-06
1.03185e-06
-1.7799e-06
7.41802e-07
-1.77953e-06
4.52943e-07
-1.77814e-06
1.6379e-07
-1.77584e-06
-1.27296e-07
-1.77275e-06
-4.21991e-07
-1.76896e-06
-7.22003e-07
-1.76454e-06
-1.02912e-06
-1.75947e-06
-1.34517e-06
-1.75355e-06
-1.672e-06
-1.74617e-06
-2.01131e-06
-1.73615e-06
-2.36436e-06
-1.72148e-06
-2.73143e-06
-1.69926e-06
-3.11108e-06
-1.66654e-06
-3.49956e-06
-1.62455e-06
-3.89255e-06
-1.59098e-06
-4.29657e-06
-1.61586e-06
-4.76591e-06
-1.75075e-06
-5.45438e-06
-1.90008e-06
-6.51421e-06
-1.72241e-06
-7.58274e-06
-9.44219e-07
-7.281e-06
-3.79867e-06
-2.83562e-07
3.14034e-06
-6.03979e-07
4.13838e-06
-8.96019e-07
4.80918e-06
-1.13587e-06
5.35244e-06
-1.30352e-06
5.61367e-06
-1.3901e-06
5.49342e-06
-1.41583e-06
5.09341e-06
-1.41314e-06
4.58016e-06
-1.40693e-06
4.07291e-06
-1.40848e-06
3.62284e-06
-1.41794e-06
3.23174e-06
-1.43103e-06
2.88103e-06
-1.44393e-06
2.55313e-06
-1.45478e-06
2.23745e-06
-1.46318e-06
1.92922e-06
-1.46943e-06
1.62668e-06
-1.474e-06
1.32895e-06
-1.4773e-06
1.03516e-06
-1.47966e-06
7.44156e-07
-1.48127e-06
4.54557e-07
-1.48228e-06
1.64799e-07
-1.4828e-06
-1.26778e-07
-1.48292e-06
-4.2187e-07
-1.48271e-06
-7.2221e-07
-1.48223e-06
-1.0296e-06
-1.48147e-06
-1.34593e-06
-1.48024e-06
-1.67323e-06
-1.47805e-06
-2.0135e-06
-1.47388e-06
-2.36853e-06
-1.46593e-06
-2.73938e-06
-1.45149e-06
-3.12552e-06
-1.42708e-06
-3.52398e-06
-1.39024e-06
-3.92939e-06
-1.347e-06
-4.33981e-06
-1.32968e-06
-4.78323e-06
-1.4013e-06
-5.38276e-06
-1.55346e-06
-6.36205e-06
-1.51823e-06
-7.61796e-06
-9.27878e-07
-7.87136e-06
-4.72655e-06
-2.1298e-07
3.35332e-06
-4.66414e-07
4.39181e-06
-6.96092e-07
5.03886e-06
-8.79716e-07
5.53607e-06
-1.00457e-06
5.73852e-06
-1.06797e-06
5.55683e-06
-1.08878e-06
5.11422e-06
-1.0925e-06
4.58388e-06
-1.0962e-06
4.07661e-06
-1.1058e-06
3.63243e-06
-1.11966e-06
3.24561e-06
-1.13427e-06
2.89564e-06
-1.14728e-06
2.56614e-06
-1.15789e-06
2.24806e-06
-1.16625e-06
1.93759e-06
-1.17287e-06
1.63329e-06
-1.17824e-06
1.33432e-06
-1.18278e-06
1.0397e-06
-1.18678e-06
7.48157e-07
-1.19045e-06
4.58227e-07
-1.19392e-06
1.68269e-07
-1.19729e-06
-1.23406e-07
-1.20065e-06
-4.18512e-07
-1.20405e-06
-7.18811e-07
-1.20753e-06
-1.02612e-06
-1.21106e-06
-1.3424e-06
-1.2145e-06
-1.66979e-06
-1.21743e-06
-2.01057e-06
-1.21896e-06
-2.367e-06
-1.21752e-06
-2.74082e-06
-1.21064e-06
-3.13241e-06
-1.19492e-06
-3.53969e-06
-1.16681e-06
-3.9575e-06
-1.12637e-06
-4.38025e-06
-1.09075e-06
-4.81885e-06
-1.11298e-06
-5.36053e-06
-1.23507e-06
-6.23995e-06
-1.2828e-06
-7.57023e-06
-8.72513e-07
-8.28165e-06
-5.59906e-06
-1.40139e-07
3.49346e-06
-3.25324e-07
4.577e-06
-4.93995e-07
5.20753e-06
-6.25252e-07
5.66732e-06
-7.13579e-07
5.82685e-06
-7.60294e-07
5.60354e-06
-7.79565e-07
5.13349e-06
-7.89319e-07
4.59364e-06
-8.00029e-07
4.08732e-06
-8.14161e-07
3.64656e-06
-8.29733e-07
3.26118e-06
-8.44332e-07
2.91024e-06
-8.56755e-07
2.57856e-06
-8.66899e-07
2.2582e-06
-8.75192e-07
1.94588e-06
-8.82183e-07
1.64029e-06
-8.88369e-07
1.34051e-06
-8.94138e-07
1.04547e-06
-8.99776e-07
7.53795e-07
-9.0549e-07
4.63942e-07
-9.11426e-07
1.74205e-07
-9.17687e-07
-1.17145e-07
-9.24356e-07
-4.11844e-07
-9.31478e-07
-7.11689e-07
-9.39075e-07
-1.01852e-06
-9.4711e-07
-1.33436e-06
-9.55444e-07
-1.66146e-06
-9.63719e-07
-2.0023e-06
-9.71186e-07
-2.35953e-06
-9.7646e-07
-2.73554e-06
-9.77302e-07
-3.13157e-06
-9.70572e-07
-3.54642e-06
-9.52636e-07
-3.97543e-06
-9.21126e-07
-4.41176e-06
-8.83433e-07
-4.85655e-06
-8.76928e-07
-5.36704e-06
-9.62444e-07
-6.15444e-06
-1.04677e-06
-7.4859e-06
-7.92724e-07
-8.5357e-06
-6.39179e-06
-6.67211e-08
3.56018e-06
-1.83672e-07
4.69395e-06
-2.93607e-07
5.31746e-06
-3.75557e-07
5.74927e-06
-4.31547e-07
5.88284e-06
-4.65588e-07
5.63758e-06
-4.84656e-07
5.15256e-06
-4.99185e-07
4.60817e-06
-5.14358e-07
4.1025e-06
-5.30561e-07
3.66277e-06
-5.46156e-07
3.27677e-06
-5.5983e-07
2.92391e-06
-5.71239e-07
2.58997e-06
-5.80705e-07
2.26767e-06
-5.88785e-07
1.95396e-06
-5.9603e-07
1.64753e-06
-6.0291e-07
1.34739e-06
-6.09794e-07
1.05235e-06
-6.16967e-07
7.60968e-07
-6.24651e-07
4.71625e-07
-6.33018e-07
1.82572e-07
-6.42192e-07
-1.07971e-07
-6.52265e-07
-4.0177e-07
-6.63288e-07
-7.00666e-07
-6.75265e-07
-1.00655e-06
-6.88146e-07
-1.32148e-06
-7.0179e-07
-1.64781e-06
-7.15881e-07
-1.98821e-06
-7.29773e-07
-2.34564e-06
-7.42266e-07
-2.72305e-06
-7.51364e-07
-3.12247e-06
-7.54179e-07
-3.54361e-06
-7.47299e-07
-3.98231e-06
-7.27725e-07
-4.43134e-06
-6.97703e-07
-4.88657e-06
-6.80981e-07
-5.38376e-06
-7.38122e-07
-6.0973e-06
-8.28411e-07
-7.39561e-06
-6.9947e-07
-8.66464e-06
-7.09126e-06
7.51954e-09
3.55266e-06
-4.28073e-08
4.74428e-06
-9.61185e-08
5.37078e-06
-1.32503e-07
5.78566e-06
-1.5858e-07
5.90891e-06
-1.81229e-07
5.66023e-06
-1.99811e-07
5.17114e-06
-2.17818e-07
4.62617e-06
-2.3576e-07
4.12044e-06
-2.52593e-07
3.6796e-06
-2.67266e-07
3.29145e-06
-2.79462e-07
2.93611e-06
-2.89509e-07
2.60002e-06
-2.98027e-07
2.27619e-06
-3.05646e-07
1.96158e-06
-3.12908e-07
1.65479e-06
-3.20259e-07
1.35474e-06
-3.28063e-07
1.06016e-06
-3.36614e-07
7.69519e-07
-3.46158e-07
4.81169e-07
-3.56904e-07
1.93318e-07
-3.69004e-07
-9.5871e-08
-3.82574e-07
-3.88201e-07
-3.97683e-07
-6.85557e-07
-4.14332e-07
-9.89898e-07
-4.32464e-07
-1.30335e-06
-4.51934e-07
-1.62834e-06
-4.72445e-07
-1.9677e-06
-4.9343e-07
-2.32466e-06
-5.13847e-07
-2.70263e-06
-5.3194e-07
-3.10438e-06
-5.45094e-07
-3.53045e-06
-5.50175e-07
-3.97723e-06
-5.44374e-07
-4.43714e-06
-5.27793e-07
-4.90315e-06
-5.14971e-07
-5.39658e-06
-5.56844e-07
-6.05542e-06
-6.39977e-07
-7.31248e-06
-5.95955e-07
-8.70866e-06
-7.68721e-06
8.12737e-08
3.47139e-06
9.70963e-08
4.72845e-06
9.75789e-08
5.37029e-06
1.04096e-07
5.77914e-06
1.07492e-07
5.90552e-06
9.64455e-08
5.67128e-06
7.88384e-08
5.18874e-06
5.84341e-08
4.64658e-06
3.87298e-08
4.14014e-06
2.19417e-08
3.69639e-06
8.61593e-09
3.30477e-06
-1.78612e-09
2.94651e-06
-1.01678e-08
2.6084e-06
-1.74167e-08
2.28344e-06
-2.42503e-08
1.96841e-06
-3.12162e-08
1.66176e-06
-3.87508e-08
1.36228e-06
-4.72227e-08
1.06863e-06
-5.69523e-08
7.79249e-07
-6.82146e-08
4.92431e-07
-8.12543e-08
2.06358e-07
-9.62729e-08
-8.08524e-08
-1.13423e-07
-3.71051e-07
-1.32803e-07
-6.66176e-07
-1.54419e-07
-9.68282e-07
-1.78215e-07
-1.27956e-06
-2.04051e-07
-1.60251e-06
-2.31648e-07
-1.9401e-06
-2.60486e-07
-2.29582e-06
-2.89651e-07
-2.67347e-06
-3.17621e-07
-3.07641e-06
-3.42079e-07
-3.506e-06
-3.60151e-07
-3.95916e-06
-3.69418e-07
-4.42787e-06
-3.69418e-07
-4.90315e-06
-3.69931e-07
-5.39607e-06
-4.09737e-07
-6.01562e-06
-4.90285e-07
-7.23193e-06
-4.84991e-07
-8.71395e-06
-8.1722e-06
1.57292e-07
3.3141e-06
2.36136e-07
4.64961e-06
2.87442e-07
5.31899e-06
3.35598e-07
5.73098e-06
3.68452e-07
5.87266e-06
3.7124e-07
5.66849e-06
3.54928e-07
5.20506e-06
3.32539e-07
4.66897e-06
3.11441e-07
4.16124e-06
2.9492e-07
3.71291e-06
2.83108e-07
3.31658e-06
2.747e-07
2.95492e-06
2.68253e-07
2.61485e-06
2.62607e-07
2.28908e-06
2.56933e-07
1.97409e-06
2.50645e-07
1.66805e-06
2.43288e-07
1.36963e-06
2.34468e-07
1.07745e-06
2.23825e-07
7.89891e-07
2.11036e-07
5.0522e-07
1.95811e-07
2.21583e-07
1.77898e-07
-6.29396e-08
1.57109e-07
-3.50262e-07
1.33301e-07
-6.42368e-07
1.06448e-07
-9.41429e-07
7.65861e-08
-1.24969e-06
4.38499e-08
-1.56977e-06
8.51617e-09
-1.90476e-06
-2.89485e-08
-2.25835e-06
-6.77259e-08
-2.63469e-06
-1.06519e-07
-3.03761e-06
-1.43336e-07
-3.46918e-06
-1.75688e-07
-3.92681e-06
-2.01323e-07
-4.40224e-06
-2.19871e-07
-4.8846e-06
-2.38826e-07
-5.37711e-06
-2.869e-07
-5.96754e-06
-3.75958e-07
-7.14288e-06
-3.81456e-07
-8.70846e-06
-8.55366e-06
2.34066e-07
3.08003e-06
3.7412e-07
4.50956e-06
4.73592e-07
5.21952e-06
5.61317e-07
5.64326e-06
6.24086e-07
5.80989e-06
6.44635e-07
5.64794e-06
6.31968e-07
5.21772e-06
6.07995e-07
4.69294e-06
5.85228e-07
4.18401e-06
5.68534e-07
3.7296e-06
5.57942e-07
3.32718e-06
5.51498e-07
2.96136e-06
5.47191e-07
2.61915e-06
5.43513e-07
2.29276e-06
5.39442e-07
1.97816e-06
5.34291e-07
1.6732e-06
5.27544e-07
1.37638e-06
5.18759e-07
1.08623e-06
5.07529e-07
8.01122e-07
4.93472e-07
5.19278e-07
4.7624e-07
2.38815e-07
4.55519e-07
-4.22184e-08
4.31067e-07
-3.2581e-07
4.02709e-07
-6.14011e-07
3.70373e-07
-9.09092e-07
3.3406e-07
-1.21338e-06
2.93905e-07
-1.52961e-06
2.50191e-07
-1.86105e-06
2.03375e-07
-2.21154e-06
1.54165e-07
-2.58548e-06
1.03643e-07
-2.98709e-06
5.35172e-08
-3.41905e-06
5.94566e-09
-3.87924e-06
-3.78456e-08
-4.35845e-06
-7.66469e-08
-4.8458e-06
-1.16782e-07
-5.33698e-06
-1.80559e-07
-5.90377e-06
-2.84495e-07
-7.03894e-06
-2.99482e-07
-8.69347e-06
-8.85314e-06
3.06545e-07
2.77349e-06
5.09699e-07
4.3064e-06
6.55152e-07
5.07406e-06
7.80507e-07
5.5179e-06
8.75049e-07
5.71535e-06
9.17014e-07
5.60598e-06
9.12187e-07
5.22255e-06
8.87864e-07
4.71727e-06
8.62929e-07
4.20894e-06
8.45132e-07
3.7474e-06
8.35049e-07
3.33726e-06
8.30292e-07
2.96612e-06
8.28227e-07
2.62122e-06
8.26863e-07
2.29412e-06
8.24869e-07
1.98015e-06
8.21367e-07
1.6767e-06
8.15726e-07
1.38202e-06
8.07422e-07
1.09454e-06
7.95981e-07
8.12563e-07
7.80953e-07
5.34305e-07
7.61933e-07
2.57834e-07
7.38555e-07
-1.88401e-08
7.10508e-07
-2.97764e-07
6.77545e-07
-5.81047e-07
6.39528e-07
-8.71074e-07
5.96454e-07
-1.17031e-06
5.48461e-07
-1.48162e-06
4.95819e-07
-1.80841e-06
4.38951e-07
-2.15467e-06
3.78497e-07
-2.52503e-06
3.15331e-07
-2.92392e-06
2.50729e-07
-3.35445e-06
1.862e-07
-3.81471e-06
1.23386e-07
-4.29563e-06
6.21572e-08
-4.78457e-06
-3.69587e-09
-5.27113e-06
-8.72872e-08
-5.82018e-06
-2.06552e-07
-6.91968e-06
-2.40473e-07
-8.65955e-06
-9.09361e-06
3.67891e-07
2.4056e-06
6.37468e-07
4.03682e-06
8.29963e-07
4.88157e-06
9.91648e-07
5.35622e-06
1.1193e-06
5.5877e-06
1.18755e-06
5.53773e-06
1.19632e-06
5.21378e-06
1.17446e-06
4.73912e-06
1.14743e-06
4.23597e-06
1.12745e-06
3.76739e-06
1.11677e-06
3.34794e-06
1.11306e-06
2.96983e-06
1.1131e-06
2.62118e-06
1.11429e-06
2.29294e-06
1.11483e-06
1.97961e-06
1.11352e-06
1.678e-06
1.10955e-06
1.386e-06
1.10224e-06
1.10184e-06
1.09105e-06
8.23761e-07
1.07542e-06
5.49928e-07
1.0549e-06
2.78357e-07
1.02905e-06
7.01269e-09
9.97491e-07
-2.66208e-07
9.59921e-07
-5.43477e-07
9.16153e-07
-8.27306e-07
8.66155e-07
-1.12031e-06
8.10019e-07
-1.42548e-06
7.47995e-07
-1.74639e-06
6.80499e-07
-2.08717e-06
6.08097e-07
-2.45262e-06
5.31465e-07
-2.84729e-06
4.51444e-07
-3.27443e-06
3.69066e-07
-3.73233e-06
2.85238e-07
-4.2118e-06
1.99918e-07
-4.69925e-06
1.10183e-07
-5.18139e-06
1.11061e-09
-5.7111e-06
-1.3688e-07
-6.78168e-06
-1.98649e-07
-8.59778e-06
-9.29226e-06
4.10791e-07
1.99481e-06
7.49144e-07
3.69847e-06
9.93488e-07
4.63722e-06
1.19163e-06
5.15808e-06
1.35289e-06
5.42643e-06
1.45265e-06
5.43798e-06
1.4827e-06
5.18372e-06
1.46865e-06
4.75317e-06
1.44114e-06
4.26349e-06
1.41833e-06
3.79019e-06
1.40581e-06
3.36046e-06
1.40217e-06
2.97348e-06
1.40388e-06
2.61947e-06
1.40765e-06
2.28916e-06
1.41108e-06
1.97619e-06
1.4125e-06
1.67658e-06
1.41078e-06
1.38772e-06
1.40505e-06
1.10756e-06
1.39462e-06
8.3419e-07
1.37886e-06
5.65694e-07
1.3572e-06
3.00015e-07
1.32917e-06
3.50405e-08
1.29429e-06
-2.31331e-07
1.25223e-06
-5.01408e-07
1.20273e-06
-7.77813e-07
1.14574e-06
-1.06331e-06
1.08131e-06
-1.36105e-06
1.00965e-06
-1.67473e-06
9.31113e-07
-2.00863e-06
8.46128e-07
-2.36764e-06
7.55171e-07
-2.75634e-06
6.58659e-07
-3.17792e-06
5.57026e-07
-3.6307e-06
4.50495e-07
-4.10527e-06
3.3889e-07
-4.58764e-06
2.19397e-07
-5.0619e-06
8.13058e-08
-5.57301e-06
-7.60278e-08
-6.62435e-06
-1.68012e-07
-8.5058e-06
-9.46028e-06
4.29153e-07
1.56565e-06
8.34619e-07
3.293e-06
1.13712e-06
4.33472e-06
1.37506e-06
4.92014e-06
1.57084e-06
5.23065e-06
1.70668e-06
5.30214e-06
1.76685e-06
5.12355e-06
1.76897e-06
4.75105e-06
1.74546e-06
4.28699e-06
1.72077e-06
3.81488e-06
1.70554e-06
3.37568e-06
1.70077e-06
2.97825e-06
1.70332e-06
2.61692e-06
1.70938e-06
2.2831e-06
1.71582e-06
1.96975e-06
1.72038e-06
1.67203e-06
1.72145e-06
1.38664e-06
1.7179e-06
1.11111e-06
1.70882e-06
8.43271e-07
1.69345e-06
5.81069e-07
1.67114e-06
3.22328e-07
1.64131e-06
6.48673e-08
1.60344e-06
-1.93458e-07
1.55712e-06
-4.55094e-07
1.50208e-06
-7.22773e-07
1.43819e-06
-9.99424e-07
1.36546e-06
-1.28833e-06
1.28406e-06
-1.59333e-06
1.19421e-06
-1.91879e-06
1.09616e-06
-2.26959e-06
9.90008e-07
-2.65018e-06
8.75722e-07
-3.06363e-06
7.53109e-07
-3.50808e-06
6.21801e-07
-3.97396e-06
4.81271e-07
-4.44711e-06
3.29098e-07
-4.90973e-06
1.60166e-07
-5.40408e-06
-2.29813e-08
-6.4412e-06
-1.44995e-07
-8.38378e-06
-9.60527e-06
4.19687e-07
1.14597e-06
8.8246e-07
2.83023e-06
1.24936e-06
3.96782e-06
1.53349e-06
4.63601e-06
1.76566e-06
4.99848e-06
1.9408e-06
5.127e-06
2.04012e-06
5.02423e-06
2.07001e-06
4.72117e-06
2.05927e-06
4.29773e-06
2.03685e-06
3.83731e-06
2.01967e-06
3.39286e-06
2.01298e-06
2.98494e-06
2.01531e-06
2.61458e-06
2.02294e-06
2.27547e-06
2.03214e-06
1.96055e-06
2.03995e-06
1.66422e-06
2.04421e-06
1.38238e-06
2.04335e-06
1.11197e-06
2.03619e-06
8.50431e-07
2.02179e-06
5.95475e-07
1.99937e-06
3.44742e-07
1.96826e-06
9.59801e-08
1.92785e-06
-1.53053e-07
1.87772e-06
-4.04957e-07
1.81751e-06
-6.62563e-07
1.74703e-06
-9.28949e-07
1.66622e-06
-1.20751e-06
1.57511e-06
-1.50222e-06
1.47376e-06
-1.81743e-06
1.36211e-06
-2.15794e-06
1.23984e-06
-2.52791e-06
1.10629e-06
-2.93008e-06
9.60528e-07
-3.36232e-06
8.01745e-07
-3.81518e-06
6.29029e-07
-4.2744e-06
4.40657e-07
-4.72135e-06
2.37643e-07
-5.20107e-06
2.64125e-08
-6.22997e-06
-1.26939e-07
-8.23043e-06
-9.73221e-06
3.82702e-07
7.63264e-07
8.84005e-07
2.32893e-06
1.31688e-06
3.53495e-06
1.65541e-06
4.29749e-06
1.92876e-06
4.72513e-06
2.14558e-06
4.91017e-06
2.29118e-06
4.87863e-06
2.36162e-06
4.65073e-06
2.37684e-06
4.28251e-06
2.36586e-06
3.84828e-06
2.35111e-06
3.40761e-06
2.34349e-06
2.99256e-06
2.34505e-06
2.61302e-06
2.35334e-06
2.26718e-06
2.36462e-06
1.94928e-06
2.37539e-06
1.65345e-06
2.38288e-06
1.37489e-06
2.38502e-06
1.10983e-06
2.38023e-06
8.5522e-07
2.36733e-06
6.08372e-07
2.34539e-06
3.66685e-07
2.31358e-06
1.27792e-07
2.27125e-06
-1.10726e-07
2.2179e-06
-3.51611e-07
2.15311e-06
-5.97768e-07
2.07655e-06
-8.52394e-07
1.98804e-06
-1.119e-06
1.88742e-06
-1.4016e-06
1.77441e-06
-1.70443e-06
1.64852e-06
-2.03205e-06
1.50885e-06
-2.38824e-06
1.35405e-06
-2.77528e-06
1.18237e-06
-3.19064e-06
9.92585e-07
-3.62539e-06
7.83613e-07
-4.06543e-06
5.54917e-07
-4.49266e-06
3.14962e-07
-4.96111e-06
7.59567e-08
-5.99097e-06
-1.12306e-07
-8.04217e-06
-9.84452e-06
3.21587e-07
4.41677e-07
8.35785e-07
1.81473e-06
1.32755e-06
3.04319e-06
1.72577e-06
3.89927e-06
2.04665e-06
4.40424e-06
2.30849e-06
4.64833e-06
2.5055e-06
4.68162e-06
2.62854e-06
4.52768e-06
2.68603e-06
4.22503e-06
2.70142e-06
3.83289e-06
2.69925e-06
3.40979e-06
2.69589e-06
2.99592e-06
2.69836e-06
2.61055e-06
2.70722e-06
2.25832e-06
2.71989e-06
1.9366e-06
2.73298e-06
1.64036e-06
2.74332e-06
1.36455e-06
2.74835e-06
1.1048e-06
2.7461e-06
8.57469e-07
2.73508e-06
6.19397e-07
2.71409e-06
3.87674e-07
2.68216e-06
1.59718e-07
2.63859e-06
-6.7146e-08
2.58275e-06
-2.95772e-07
2.51407e-06
-5.29093e-07
2.43206e-06
-7.70387e-07
2.33631e-06
-1.02325e-06
2.22629e-06
-1.29158e-06
2.10125e-06
-1.57939e-06
1.96009e-06
-1.89089e-06
1.80118e-06
-2.22934e-06
1.62236e-06
-2.59646e-06
1.42111e-06
-2.98939e-06
1.19599e-06
-3.40028e-06
9.45901e-07
-3.81533e-06
6.72258e-07
-4.21901e-06
3.92459e-07
-4.68131e-06
1.23891e-07
-5.7224e-06
-1.0009e-07
-7.81819e-06
-9.94461e-06
2.42615e-07
1.99062e-07
7.40104e-07
1.31724e-06
1.27085e-06
2.51244e-06
1.72957e-06
3.44054e-06
2.10432e-06
4.02949e-06
2.41532e-06
4.33734e-06
2.66712e-06
4.42982e-06
2.85169e-06
4.34311e-06
2.96769e-06
4.10903e-06
3.02863e-06
3.77195e-06
3.05589e-06
3.38253e-06
3.0686e-06
2.98321e-06
3.0787e-06
2.60045e-06
3.09108e-06
2.24594e-06
3.10593e-06
1.92176e-06
3.12111e-06
1.62518e-06
3.13382e-06
1.35184e-06
3.14135e-06
1.09726e-06
3.14147e-06
8.57358e-07
3.13236e-06
6.28506e-07
3.11256e-06
4.07469e-07
3.08096e-06
1.9132e-07
3.03669e-06
-2.28768e-08
2.97897e-06
-2.38048e-07
2.907e-06
-4.57132e-07
2.82003e-06
-6.83413e-07
2.71721e-06
-9.20429e-07
2.59747e-06
-1.17184e-06
2.45942e-06
-1.44134e-06
2.3012e-06
-1.73267e-06
2.12031e-06
-2.04844e-06
1.91363e-06
-2.38978e-06
1.67815e-06
-2.75391e-06
1.41244e-06
-3.13457e-06
1.11558e-06
-3.51847e-06
7.9282e-07
-3.89625e-06
4.71618e-07
-4.36011e-06
1.74222e-07
-5.425e-06
-8.72742e-08
-7.55669e-06
-1.00319e-05
1.71583e-07
2.74796e-08
6.14084e-07
8.7474e-07
1.14638e-06
1.98014e-06
1.65233e-06
2.9346e-06
2.08376e-06
3.59806e-06
2.44869e-06
3.97241e-06
2.75836e-06
4.12014e-06
3.00982e-06
4.09165e-06
3.19716e-06
3.92169e-06
3.32329e-06
3.64581e-06
3.40163e-06
3.30419e-06
3.44945e-06
2.93539e-06
3.4813e-06
2.5686e-06
3.50626e-06
2.22098e-06
3.52831e-06
1.8997e-06
3.54797e-06
1.60552e-06
3.5639e-06
1.33591e-06
3.57407e-06
1.0871e-06
3.57641e-06
8.55009e-07
3.56908e-06
6.35837e-07
3.55045e-06
4.261e-07
3.51924e-06
2.22535e-07
3.47436e-06
2.19997e-08
3.41481e-06
-1.78497e-07
3.33953e-06
-3.81849e-07
3.24728e-06
-5.91168e-07
3.13663e-06
-8.09773e-07
3.00585e-06
-1.04106e-06
2.85278e-06
-1.28828e-06
2.67462e-06
-1.5545e-06
2.46785e-06
-1.84168e-06
2.22851e-06
-2.15044e-06
1.95341e-06
-2.47881e-06
1.64103e-06
-2.82219e-06
1.29123e-06
-3.16867e-06
9.16031e-07
-3.52105e-06
5.53566e-07
-3.99764e-06
2.29895e-07
-5.10133e-06
-7.14308e-08
-7.25537e-06
-1.01033e-05
1.2174e-07
-9.42603e-08
4.76411e-07
5.20069e-07
9.64626e-07
1.49193e-06
1.48556e-06
2.41366e-06
1.96668e-06
3.11694e-06
2.38894e-06
3.55015e-06
2.76006e-06
3.74903e-06
3.08163e-06
3.77008e-06
3.34761e-06
3.65571e-06
3.55413e-06
3.43929e-06
3.70504e-06
3.15327e-06
3.81127e-06
2.82917e-06
3.88594e-06
2.49393e-06
3.94019e-06
2.16673e-06
3.98139e-06
1.8585e-06
4.01332e-06
1.57358e-06
4.03719e-06
1.31205e-06
4.05263e-06
1.07167e-06
4.05852e-06
8.49116e-07
4.05349e-06
6.40873e-07
4.03609e-06
4.43493e-07
4.005e-06
2.53627e-07
3.95894e-06
6.8061e-08
3.89662e-06
-1.16178e-07
3.81673e-06
-3.01956e-07
3.71755e-06
-4.91994e-07
3.59701e-06
-6.89224e-07
3.4526e-06
-8.96655e-07
3.28126e-06
-1.11694e-06
3.07914e-06
-1.35238e-06
2.84193e-06
-1.60447e-06
2.56519e-06
-1.8737e-06
2.24546e-06
-2.15908e-06
1.88046e-06
-2.4572e-06
1.47293e-06
-2.76113e-06
1.04423e-06
-3.09236e-06
6.41674e-07
-3.59508e-06
2.93173e-07
-4.75283e-06
-5.31177e-08
-6.90907e-06
-1.01564e-05
8.90293e-08
-1.8329e-07
3.39197e-07
2.69902e-07
7.40605e-07
1.09052e-06
1.23092e-06
1.92335e-06
1.73848e-06
2.60939e-06
2.21646e-06
3.07217e-06
2.65268e-06
3.31281e-06
3.04686e-06
3.3759e-06
3.39434e-06
3.30824e-06
3.68851e-06
3.14512e-06
3.92669e-06
2.91509e-06
4.11213e-06
2.64374e-06
4.25283e-06
2.35322e-06
4.35845e-06
2.06111e-06
4.43754e-06
1.77941e-06
4.49637e-06
1.51475e-06
4.53881e-06
1.26961e-06
4.56679e-06
1.04368e-06
4.58091e-06
8.35004e-07
4.5809e-06
6.40877e-07
4.56607e-06
4.5833e-07
4.53535e-06
2.84343e-07
4.4875e-06
1.15911e-07
4.421e-06
-4.96782e-08
4.33441e-06
-2.15362e-07
4.22564e-06
-3.83231e-07
4.09213e-06
-5.55706e-07
3.93053e-06
-7.35064e-07
3.73699e-06
-9.23392e-07
3.50695e-06
-1.12233e-06
3.23562e-06
-1.33314e-06
2.9181e-06
-1.55619e-06
2.55044e-06
-1.79142e-06
2.13089e-06
-2.03765e-06
1.668e-06
-2.29825e-06
1.19213e-06
-2.61649e-06
7.54723e-07
-3.15768e-06
3.77022e-07
-4.37513e-06
-2.50281e-08
-6.50702e-06
-1.01815e-05
5.75248e-08
-2.40814e-07
1.89193e-07
1.38234e-07
4.72912e-07
8.06802e-07
8.93535e-07
1.50273e-06
1.39484e-06
2.10808e-06
1.91572e-06
2.55129e-06
2.41826e-06
2.81026e-06
2.88787e-06
2.90629e-06
3.31754e-06
2.87857e-06
3.70011e-06
2.76255e-06
4.02978e-06
2.58542e-06
4.30488e-06
2.36864e-06
4.52807e-06
2.13003e-06
4.70498e-06
1.88419e-06
4.84249e-06
1.64191e-06
4.94709e-06
1.41015e-06
5.02409e-06
1.19261e-06
5.07731e-06
9.90469e-07
5.10911e-06
8.03201e-07
5.12083e-06
6.29158e-07
5.11294e-06
4.66214e-07
5.08513e-06
3.12156e-07
5.03652e-06
1.64523e-07
4.96549e-06
2.13531e-08
4.87075e-06
-1.20627e-07
4.74998e-06
-2.62459e-07
4.60059e-06
-4.06313e-07
4.41908e-06
-5.53555e-07
4.20113e-06
-7.05444e-07
3.94169e-06
-8.62892e-07
3.63556e-06
-1.02702e-06
3.27769e-06
-1.19832e-06
2.86485e-06
-1.37858e-06
2.39917e-06
-1.57196e-06
1.89745e-06
-1.79653e-06
1.39621e-06
-2.11524e-06
9.4232e-07
-2.70379e-06
5.2496e-07
-3.95777e-06
3.4505e-08
-6.01657e-06
-1.0147e-05
-4.96151e-08
-1.91199e-07
-3.36173e-08
1.22236e-07
1.29941e-07
6.43244e-07
4.68451e-07
1.16422e-06
9.40043e-07
1.63649e-06
1.48344e-06
2.00789e-06
2.04561e-06
2.2481e-06
2.59129e-06
2.36061e-06
3.10226e-06
2.36759e-06
3.56939e-06
2.29542e-06
3.98634e-06
2.16847e-06
4.34951e-06
2.00547e-06
4.6582e-06
1.82134e-06
4.91459e-06
1.62781e-06
5.1228e-06
1.4337e-06
5.2878e-06
1.24515e-06
5.41449e-06
1.06592e-06
5.50715e-06
8.97808e-07
5.56916e-06
7.41188e-07
5.603e-06
5.95316e-07
5.61021e-06
4.59001e-07
5.59146e-06
3.30914e-07
5.54657e-06
2.09409e-07
5.47512e-06
9.28093e-08
5.37518e-06
-2.06895e-08
5.24495e-06
-1.32232e-07
5.08218e-06
-2.43538e-07
4.88347e-06
-3.54844e-07
4.64475e-06
-4.6673e-07
4.36133e-06
-5.7947e-07
4.02845e-06
-6.94133e-07
3.64232e-06
-8.12191e-07
3.20248e-06
-9.38736e-07
2.7162e-06
-1.08568e-06
2.20708e-06
-1.28741e-06
1.71439e-06
-1.62255e-06
1.27229e-06
-2.26169e-06
8.04438e-07
-3.48992e-06
1.75997e-07
-5.38813e-06
-9.97095e-06
-2.97412e-07
1.06213e-07
-4.51709e-07
2.76533e-07
-3.5907e-07
5.50606e-07
-6.79724e-08
8.73119e-07
3.79532e-07
1.18898e-06
9.38986e-07
1.44844e-06
1.55023e-06
1.63686e-06
2.16676e-06
1.74409e-06
2.7569e-06
1.77745e-06
3.30335e-06
1.74897e-06
3.79831e-06
1.6735e-06
4.23819e-06
1.56559e-06
4.62182e-06
1.43771e-06
4.95012e-06
1.2995e-06
5.22558e-06
1.15824e-06
5.45164e-06
1.01908e-06
5.63212e-06
8.85446e-07
5.7708e-06
7.59124e-07
5.87117e-06
6.40819e-07
5.93599e-06
5.30501e-07
5.96722e-06
4.27766e-07
5.96635e-06
3.31791e-07
5.93419e-06
2.4156e-07
5.87099e-06
1.56012e-07
5.77618e-06
7.41194e-08
5.648e-06
-4.05038e-09
5.4862e-06
-8.17408e-08
5.28781e-06
-1.56445e-07
5.04884e-06
-2.27763e-07
4.76715e-06
-2.9778e-07
4.44027e-06
-3.67251e-07
4.0668e-06
-4.38721e-07
3.64798e-06
-5.19917e-07
3.19375e-06
-6.31455e-07
2.72354e-06
-8.17194e-07
2.25933e-06
-1.15834e-06
1.80203e-06
-1.8044e-06
1.22653e-06
-2.91442e-06
4.45308e-07
-4.6069e-06
-9.52565e-06
-5.66237e-07
6.7245e-07
-8.50992e-07
5.61288e-07
-8.9439e-07
5.94003e-07
-6.86924e-07
6.65653e-07
-2.62888e-07
7.64946e-07
3.06622e-07
8.78925e-07
9.57461e-07
9.86016e-07
1.63121e-06
1.07034e-06
2.28994e-06
1.11872e-06
2.90947e-06
1.12945e-06
3.4769e-06
1.10607e-06
3.9866e-06
1.05589e-06
4.43695e-06
9.87352e-07
4.82863e-06
9.07828e-07
5.16375e-06
8.23115e-07
5.44538e-06
7.37451e-07
5.67707e-06
6.53759e-07
5.86242e-06
5.73772e-07
6.00478e-06
4.98462e-07
6.10708e-06
4.28202e-07
6.17205e-06
3.62793e-07
6.20194e-06
3.01898e-07
6.19844e-06
2.45064e-07
6.16267e-06
1.9178e-07
6.09517e-06
1.41622e-07
5.99687e-06
9.42469e-08
5.86636e-06
4.87657e-08
5.70767e-06
2.24899e-09
5.51798e-06
-3.80733e-08
5.30053e-06
-8.03336e-08
5.05635e-06
-1.23067e-07
4.78653e-06
-1.68901e-07
4.49137e-06
-2.24754e-07
4.16592e-06
-3.06012e-07
3.79162e-06
-4.42895e-07
3.33353e-06
-7.00246e-07
2.71354e-06
-1.18441e-06
1.80283e-06
-2.00371e-06
7.89094e-07
-3.59317e-06
-8.73655e-06
-7.46598e-07
1.41905e-06
-1.06133e-06
8.76019e-07
-9.83603e-07
5.16276e-07
-6.90909e-07
3.72959e-07
-2.55986e-07
3.30023e-07
2.86224e-07
3.36716e-07
8.97063e-07
3.75177e-07
1.54086e-06
4.26546e-07
2.19068e-06
4.68902e-07
2.82475e-06
4.95374e-07
3.42659e-06
5.04234e-07
3.98517e-06
4.97316e-07
4.49428e-06
4.78245e-07
4.95125e-06
4.50853e-07
5.35593e-06
4.18439e-07
5.70981e-06
3.83566e-07
6.01552e-06
3.48055e-07
6.2761e-06
3.13188e-07
6.49488e-06
2.79679e-07
6.67522e-06
2.47866e-07
6.82018e-06
2.17833e-07
6.93252e-06
1.89554e-07
7.01468e-06
1.62905e-07
7.06876e-06
1.37704e-07
7.09663e-06
1.13749e-07
7.10009e-06
9.07947e-08
7.08033e-06
6.85163e-08
7.03581e-06
4.67716e-08
6.9714e-06
2.63352e-08
6.88504e-06
6.03105e-09
6.77861e-06
-1.66344e-08
6.65111e-06
-4.14004e-08
6.49788e-06
-7.1524e-08
6.30332e-06
-1.11454e-07
6.02538e-06
-1.64953e-07
5.56354e-06
-2.38409e-07
4.71734e-06
-3.38213e-07
3.29474e-06
-5.81104e-07
1.58671e-06
-1.88514e-06
-7.14984e-06
1.41905e-06
2.29507e-06
2.81134e-06
3.1843e-06
3.51433e-06
3.85104e-06
4.22622e-06
4.65276e-06
5.12167e-06
5.61704e-06
6.12127e-06
6.61859e-06
7.09683e-06
7.54769e-06
7.96613e-06
8.34969e-06
8.69775e-06
9.01094e-06
9.29061e-06
9.53848e-06
9.75631e-06
9.94587e-06
1.01088e-05
1.02465e-05
1.03602e-05
1.0451e-05
1.05195e-05
1.05663e-05
1.05926e-05
1.05987e-05
1.0582e-05
1.05406e-05
1.04691e-05
1.03577e-05
1.01927e-05
9.9543e-06
9.61609e-06
9.03498e-06
7.14984e-06
)
;

boundaryField
{
    movingWall
    {
        type            calculated;
        value           uniform 0;
    }
    fixedWalls
    {
        type            calculated;
        value           uniform 0;
    }
    frontAndBack
    {
        type            empty;
    }
}


// ************************************************************************* //
