/*--------------------------------*- C++ -*----------------------------------*\
| =========                 |                                                 |
| \\      /  F ield         | OpenFOAM: The Open Source CFD Toolbox           |
|  \\    /   O peration     | Version:  2412                                  |
|   \\  /    A nd           | Website:  www.openfoam.com                      |
|    \\/     M anipulation  |                                                 |
\*---------------------------------------------------------------------------*/
FoamFile
{
    version     2.0;
    format      ascii;
    arch        "LSB;label=32;scalar=64";
    class       volScalarField;
    location    "7.75";
    object      epsilon;
}
// * * * * * * * * * * * * * * * * * * * * * * * * * * * * * * * * * * * * * //

dimensions      [0 2 -3 0 0 0 0];

internalField   nonuniform List<scalar> 
1600
(
0.000624346
0.000789244
0.00108504
0.0013896
0.00159037
0.00170372
0.00186767
0.002107
0.00239092
0.00283392
0.00405685
0.00842747
0.0163959
0.0280723
0.0415866
0.0548709
0.0663652
0.0749546
0.0796923
0.0816734
0.0820156
0.0795568
0.0756592
0.0703969
0.0648935
0.0589212
0.0530026
0.0471727
0.0415885
0.0358033
0.0300209
0.0238966
0.018737
0.0161708
0.0144143
0.0130234
0.0112589
0.00829535
0.00445028
0.00192802
0.00140464
0.000806065
0.00058672
0.000535785
0.000574745
0.000748869
0.00122491
0.00218664
0.00366534
0.00616801
0.0104879
0.0157459
0.0204897
0.025382
0.0281099
0.0289214
0.0287013
0.0266396
0.0242011
0.0216284
0.0194553
0.0180689
0.0175203
0.0174576
0.0177578
0.0182932
0.0190782
0.0199507
0.0205893
0.020833
0.0204311
0.0188776
0.0162302
0.0128236
0.00924217
0.00632134
0.0048207
0.00384165
0.00252617
0.0023124
0.00291029
0.0013449
0.000802499
0.000668043
0.000822028
0.00144956
0.00284572
0.00527579
0.00872723
0.012106
0.0142425
0.015912
0.0168108
0.0159872
0.0138361
0.0125551
0.0106999
0.00931071
0.00815776
0.00748438
0.0071671
0.00707456
0.00725689
0.00774733
0.00852763
0.00968717
0.0112374
0.013194
0.0153631
0.0173694
0.0185843
0.0189883
0.0179783
0.0155032
0.0111069
0.00672862
0.00371643
0.00230336
0.00167828
0.00293402
0.00447459
0.0018231
0.00119428
0.00123561
0.0019099
0.00362064
0.00642792
0.00950645
0.0115255
0.0124426
0.0128006
0.0120765
0.00937824
0.00803586
0.00626594
0.00527538
0.00420399
0.00367108
0.00321837
0.00300634
0.00290835
0.00288226
0.0029808
0.00319247
0.00352905
0.00405977
0.00486688
0.00612087
0.00810037
0.0110139
0.0143826
0.0172225
0.0185151
0.0186946
0.0159261
0.0102264
0.00489256
0.00220614
0.00145198
0.00353655
0.00552335
0.0022555
0.0019121
0.00245692
0.00402743
0.00667528
0.00938718
0.0106598
0.0110283
0.0106747
0.00857718
0.00640067
0.00479806
0.00377266
0.00283908
0.00237768
0.00196769
0.00177858
0.00163935
0.00157674
0.00155009
0.00154514
0.00159774
0.00168299
0.00183
0.0020607
0.0024209
0.00299301
0.00392389
0.00548976
0.00823425
0.0126613
0.0173831
0.0198035
0.0205006
0.0172858
0.00934649
0.00347247
0.00169242
0.00389124
0.00611766
0.00298643
0.0031086
0.00427396
0.00648148
0.00881427
0.00982539
0.0100286
0.00905887
0.00665008
0.00464035
0.00333637
0.00247388
0.00194105
0.00157807
0.00140282
0.00126667
0.00120341
0.00114979
0.00112376
0.00111068
0.00110708
0.00112726
0.00116974
0.00124638
0.00136984
0.00156711
0.00186942
0.00234616
0.00312707
0.00447854
0.0069694
0.0118185
0.0185458
0.0219915
0.0229491
0.0179129
0.00759208
0.00280338
0.00420258
0.00654525
0.0040945
0.00468323
0.00623333
0.00821459
0.00911441
0.0092585
0.00808164
0.00555709
0.00372051
0.00254886
0.00188404
0.00147294
0.00124617
0.00109634
0.00101348
0.000933183
0.000887511
0.000840457
0.000817199
0.000805843
0.000803367
0.000823877
0.000861954
0.000926453
0.00102196
0.00116347
0.00137087
0.0016787
0.00214941
0.00292338
0.00428247
0.00687808
0.0122207
0.0207354
0.024764
0.0254176
0.0157118
0.00566735
0.00485279
0.00714057
0.00543305
0.00634261
0.00782438
0.00863027
0.00872747
0.00765755
0.00517953
0.00320032
0.00217484
0.00155035
0.00124017
0.00103595
0.00091932
0.00081868
0.000747745
0.000680453
0.000637513
0.00059983
0.000581261
0.000572556
0.000570724
0.000585275
0.000612081
0.0006575
0.00072635
0.00083138
0.000992927
0.00124424
0.00162296
0.00218113
0.00305605
0.00459236
0.00767494
0.0143323
0.0244236
0.0285865
0.02574
0.0105109
0.00584807
0.00865785
0.00690849
0.00784592
0.00845364
0.00847027
0.00762048
0.00529736
0.0030698
0.00196152
0.00140627
0.00108251
0.000922315
0.000787106
0.000698393
0.000612652
0.000554919
0.000504968
0.00047487
0.000453121
0.00044328
0.000439886
0.000442703
0.000457165
0.000478449
0.000510822
0.000555901
0.000620681
0.000715728
0.000864058
0.00112077
0.00157545
0.00231308
0.00346716
0.0054584
0.00954753
0.0187457
0.0295055
0.0326543
0.0196629
0.00766114
0.0118397
0.00835171
0.00865786
0.00861584
0.00785375
0.00578041
0.00332619
0.00195573
0.00132636
0.0010178
0.00083322
0.000720379
0.00060932
0.000536318
0.00046944
0.000428673
0.000394681
0.000375453
0.000363257
0.000358212
0.000357147
0.000363988
0.000377635
0.000398457
0.000427782
0.000467032
0.000518642
0.000587341
0.000683729
0.000833418
0.00109429
0.00159565
0.00255794
0.00420841
0.00716253
0.0133605
0.0274781
0.0362286
0.0319253
0.00933301
0.0156863
0.00955046
0.0092328
0.00837439
0.00659525
0.00406251
0.00217971
0.0013569
0.000984617
0.00080066
0.000669524
0.000570896
0.000480388
0.000423834
0.000374884
0.000345861
0.000321471
0.000307342
0.000298204
0.000294336
0.000293568
0.000299592
0.000311227
0.0003296
0.000355802
0.000391447
0.00043868
0.000500561
0.000582233
0.000694565
0.000865452
0.00116805
0.00178311
0.00307006
0.00554663
0.0103877
0.0209909
0.0380281
0.0430462
0.0168783
0.0197859
0.0103486
0.00925158
0.00777535
0.00524736
0.00275751
0.00153686
0.00102051
0.000786218
0.000658518
0.000546708
0.000460503
0.000390422
0.000346936
0.000310161
0.000287099
0.000267415
0.000254874
0.000246164
0.000242186
0.000241131
0.000245369
0.000255317
0.000271251
0.000294443
0.00032616
0.000368248
0.000423236
0.000495212
0.000591782
0.000729466
0.000949397
0.00136031
0.00223636
0.00416493
0.00824145
0.0172305
0.0381126
0.0523582
0.0343303
0.0240165
0.0108985
0.00907977
0.006868
0.00402786
0.00199513
0.0011625
0.00081911
0.00065925
0.000553387
0.000453526
0.000381735
0.000327589
0.000292338
0.00026259
0.000242125
0.000224603
0.000212369
0.000203482
0.000199189
0.000197815
0.000200544
0.000209135
0.00022316
0.000244081
0.000273099
0.00031192
0.000362553
0.00042765
0.000511583
0.000624019
0.000790481
0.00108305
0.00170268
0.00314728
0.00647491
0.0141087
0.0333507
0.0620171
0.0614938
0.0281828
0.0111982
0.00867052
0.00597919
0.00305378
0.00152704
0.000933796
0.000689265
0.000569952
0.000472597
0.000384791
0.000325846
0.000282123
0.000251563
0.000225666
0.000206341
0.000189921
0.000177765
0.000168732
0.000164193
0.000162571
0.00016408
0.000171287
0.000183404
0.00020189
0.000228037
0.000263683
0.000311053
0.000372828
0.000452464
0.000555758
0.000696604
0.000916367
0.00134767
0.00239582
0.00507534
0.0115865
0.0278994
0.0687566
0.0938571
0.0325858
0.0113618
0.00809657
0.00513542
0.00241629
0.00123114
0.000787251
0.000602084
0.000503432
0.000411116
0.000334943
0.000285351
0.000247922
0.000220033
0.000196323
0.000177656
0.00016198
0.000150013
0.00014116
0.000136466
0.000134701
0.000135353
0.00014128
0.000151653
0.000167774
0.000190989
0.000223177
0.000266667
0.000324198
0.000398953
0.000495369
0.000622776
0.000808039
0.00113816
0.00190909
0.00406201
0.0100081
0.02578
0.0702785
0.126882
0.0372026
0.0114644
0.00750018
0.00442549
0.00199604
0.001038
0.000690025
0.000542163
0.000452795
0.000365366
0.000298811
0.000255267
0.0002216
0.00019535
0.000173028
0.000154939
0.00013994
0.000128361
0.000119864
0.000115163
0.000113341
0.000113465
0.000118264
0.000127089
0.000141031
0.000161466
0.000190344
0.000230221
0.000284194
0.000355681
0.000448392
0.000567925
0.00072989
0.000990053
0.001552
0.00314669
0.00809976
0.0230427
0.0703774
0.157835
0.0417246
0.0115692
0.00696795
0.00388985
0.00172201
0.000911996
0.00062492
0.000499979
0.000414711
0.00033203
0.000272404
0.000232572
0.000201263
0.00017615
0.000154848
0.000137367
0.000123047
0.00011198
0.000103926
9.93114e-05
9.74448e-05
9.73408e-05
0.000101179
0.000108664
0.000120665
0.000138501
0.000164093
0.000200089
0.00024988
0.000317403
0.000406853
0.000523143
0.000676785
0.000905943
0.00136355
0.00265602
0.00689754
0.0207136
0.0694337
0.185656
0.0460191
0.011709
0.00650695
0.00348676
0.00153156
0.000826591
0.000581065
0.000470458
0.000386829
0.000308312
0.000253304
0.000215659
0.000185841
0.000161567
0.000141084
0.000124224
0.000110561
0.000100037
9.24277e-05
8.79257e-05
8.60403e-05
8.58582e-05
8.89386e-05
9.53119e-05
0.000105686
0.000121292
0.000143979
0.000176416
0.000222201
0.000285715
0.000371661
0.000484608
0.000631082
0.000833471
0.0011964
0.00217951
0.00573826
0.0185584
0.0674098
0.209372
0.0499534
0.0119491
0.00619846
0.00323294
0.00142541
0.000775133
0.000552831
0.000450259
0.000367478
0.000292154
0.000239644
0.000203178
0.000174418
0.000150872
0.000131113
0.000114861
0.000101794
9.17682e-05
8.45489e-05
8.01477e-05
7.82471e-05
7.80298e-05
8.05451e-05
8.60156e-05
9.50608e-05
0.000108804
0.000128972
0.00015816
0.000200056
0.000259427
0.000341807
0.000452747
0.000598525
0.00079495
0.00111563
0.00194194
0.00496905
0.0167036
0.0653013
0.22936
0.0534965
0.0122565
0.00595466
0.00305798
0.00134505
0.000739783
0.00053588
0.000438135
0.000355493
0.000282145
0.000231026
0.000195093
0.000166852
0.000143767
0.000124527
0.000108751
9.61558e-05
8.65391e-05
7.96385e-05
7.53058e-05
7.33459e-05
7.31041e-05
7.51945e-05
7.99438e-05
8.79427e-05
0.000100206
0.000118323
0.000144762
0.000183194
0.000238563
0.000316963
0.000424687
0.000567726
0.000756514
0.00103985
0.00170696
0.00432581
0.0152167
0.0625486
0.245664
0.0560802
0.0129666
0.00595509
0.00301656
0.00134513
0.000728486
0.000527786
0.000431604
0.00034943
0.000277371
0.00022583
0.000189649
0.000161837
0.000139225
0.000120502
0.000105229
9.3109e-05
8.38717e-05
7.72242e-05
7.29404e-05
7.08476e-05
7.06426e-05
7.25198e-05
7.67816e-05
8.40127e-05
9.50435e-05
0.000111373
0.000135493
0.000170962
0.000222699
0.00029732
0.000402288
0.000544991
0.000735391
0.00100347
0.00158836
0.0038569
0.0140625
0.0602555
0.258865
0.057021
0.0141632
0.00605154
0.00304791
0.00136933
0.000735406
0.00052947
0.000432462
0.000350385
0.000278367
0.000226197
0.00018919
0.000160932
0.000138377
0.000119949
0.000104967
9.30354e-05
8.38603e-05
7.719e-05
7.27749e-05
7.04371e-05
7.01305e-05
7.17007e-05
7.56309e-05
8.24148e-05
9.26888e-05
0.000107958
0.000130405
0.000163231
0.000211511
0.000282447
0.000383987
0.000524514
0.000714846
0.000974112
0.00147962
0.0034845
0.0132042
0.0584654
0.26953
0.056478
0.0155625
0.00630739
0.00314445
0.0014315
0.000756878
0.000536039
0.000436275
0.000354343
0.000282203
0.000228753
0.000190708
0.00016205
0.00013937
0.000120955
0.000106024
9.41374e-05
8.4993e-05
7.83239e-05
7.3889e-05
7.15261e-05
7.12898e-05
7.25511e-05
7.59459e-05
8.22348e-05
9.20616e-05
0.000106767
0.000128315
0.000159588
0.000205645
0.000272973
0.000371036
0.000510124
0.000703583
0.000961318
0.00142613
0.00319064
0.0124948
0.057638
0.278608
0.0546093
0.0169949
0.00681395
0.00335022
0.00155692
0.000801719
0.000550238
0.000444367
0.000363093
0.000290773
0.000235011
0.000194872
0.000165226
0.000142175
0.000123703
0.000108826
9.70061e-05
8.79033e-05
8.12273e-05
7.67456e-05
7.43102e-05
7.41354e-05
7.52648e-05
7.83741e-05
8.43916e-05
9.37219e-05
0.00010759
0.000128072
0.000158492
0.000203398
0.000268546
0.000364136
0.000500889
0.000697491
0.000956621
0.0013986
0.00298056
0.0119424
0.0573727
0.286474
0.0506264
0.0182557
0.0075207
0.00369145
0.00175193
0.000886799
0.000579941
0.000459326
0.000376081
0.000303131
0.000245259
0.000202832
0.000171645
0.000147839
0.000129052
0.000114028
0.00010212
9.29235e-05
8.61374e-05
8.15265e-05
7.89083e-05
7.87397e-05
7.98126e-05
8.27807e-05
8.87209e-05
9.79689e-05
0.000111719
0.000131849
0.000161073
0.000203802
0.000267334
0.000361552
0.000496962
0.000695583
0.000957554
0.00138944
0.00282538
0.0114457
0.0575796
0.293613
0.0444672
0.0188373
0.00834618
0.00417018
0.00202713
0.0010092
0.000622519
0.000479368
0.000394593
0.000321646
0.000261191
0.000215424
0.000181697
0.000156366
0.000136769
0.000121332
0.000109186
9.98173e-05
9.2882e-05
8.81467e-05
8.53497e-05
8.52406e-05
8.63269e-05
8.93088e-05
9.53367e-05
0.000104754
0.000118672
0.000138909
0.000168105
0.000210645
0.0002721
0.000363303
0.000496457
0.000700429
0.000974015
0.00138977
0.00275082
0.011076
0.058347
0.300184
0.0367156
0.0186058
0.00917585
0.00479248
0.00242501
0.00121301
0.000703952
0.00051052
0.00041461
0.000341171
0.000279593
0.000231286
0.000195036
0.000167873
0.000147128
0.000131013
0.000118457
0.00010882
0.000101695
9.68485e-05
9.3949e-05
9.39559e-05
9.51339e-05
9.82941e-05
0.000104666
0.000114546
0.000129008
0.000149844
0.000179435
0.000222025
0.000282946
0.000374073
0.0005061
0.000715217
0.000998139
0.00141359
0.00268666
0.0108117
0.0594033
0.30642
0.0280891
0.0176926
0.00990688
0.00550302
0.00291558
0.00148603
0.000826452
0.000563517
0.000446365
0.000368738
0.000304736
0.000252927
0.000213151
0.00018328
0.000160749
0.000143549
0.000130353
0.000120342
0.000113004
0.000108067
0.000105217
0.000105361
0.000106803
0.00011041
0.000117431
0.000128139
0.00014357
0.000165509
0.000196034
0.000239513
0.000300386
0.000391495
0.000522805
0.000738675
0.00103577
0.00144831
0.00265831
0.0106874
0.0606807
0.312435
0.0194226
0.0156447
0.0103547
0.00633358
0.00359373
0.00190866
0.00103179
0.000646458
0.000484018
0.00039651
0.000331614
0.000278431
0.000236084
0.000203523
0.000178829
0.000160109
0.000145934
0.000135337
0.000127716
0.000122658
0.000120077
0.000120451
0.00012235
0.00012677
0.000134796
0.000146787
0.000163648
0.000187205
0.000219133
0.00026405
0.000325389
0.000417921
0.000549822
0.000774422
0.00108609
0.00150003
0.00264787
0.0106332
0.0621542
0.318382
0.0119543
0.012453
0.0103236
0.00692909
0.00426885
0.00243425
0.00134918
0.000806154
0.000559925
0.000439693
0.000365302
0.000308835
0.000263771
0.000228518
0.000201574
0.000181237
0.000166019
0.000154818
0.000147027
0.000141888
0.000139986
0.000140747
0.000143385
0.00014911
0.000158583
0.000172334
0.000191034
0.000216629
0.000250235
0.000297016
0.00035923
0.000454134
0.000587645
0.000823588
0.00115178
0.0015667
0.00265503
0.010616
0.0638318
0.324403
0.00649038
0.00943601
0.0096475
0.00783388
0.00512193
0.00310765
0.00179311
0.0010498
0.000681163
0.000504972
0.000408683
0.000345533
0.000297988
0.000260634
0.000231537
0.000209355
0.000192906
0.000180911
0.000173122
0.000167917
0.000167247
0.000168591
0.000172302
0.000179876
0.000191169
0.000207014
0.000227705
0.000255475
0.000290674
0.000339463
0.000402716
0.000501179
0.000638219
0.000888994
0.00123248
0.00164854
0.00269705
0.0106582
0.0655924
0.330668
0.00324931
0.00643981
0.008466
0.00777531
0.00589851
0.00389791
0.00241959
0.00146263
0.000913357
0.000626179
0.000478646
0.000392316
0.000336056
0.00029611
0.000266419
0.000243954
0.000227479
0.000215501
0.00020805
0.000203671
0.000204054
0.000206346
0.000211673
0.00022121
0.000234369
0.000252241
0.000274607
0.000304273
0.000340564
0.00039137
0.000455918
0.000559599
0.000703186
0.00097315
0.0013292
0.00174543
0.00277539
0.0108162
0.067439
0.337325
0.00182518
0.00400112
0.00705822
0.00736542
0.00647878
0.00468722
0.00314843
0.00203461
0.00130586
0.000867748
0.000621062
0.000482378
0.000398374
0.000343331
0.000306559
0.000281725
0.000264896
0.000254465
0.000247895
0.000246658
0.00024811
0.000252045
0.000259945
0.000271523
0.000286437
0.000306077
0.000329594
0.000360819
0.000397787
0.000451255
0.000518491
0.000631473
0.000787047
0.00107795
0.0014402
0.00186187
0.0029199
0.0111488
0.0694256
0.344508
0.0016636
0.00253634
0.00527398
0.00654283
0.00632595
0.00542489
0.00400503
0.00279592
0.00190223
0.0012917
0.000898533
0.000667603
0.00052721
0.000438475
0.000380419
0.000342529
0.000317386
0.000303006
0.000294117
0.000294146
0.000296405
0.000302068
0.000311942
0.00032564
0.00034219
0.000363724
0.00038839
0.000421987
0.000461167
0.000521042
0.000595986
0.000726126
0.000899198
0.00121387
0.00157901
0.00203141
0.00320856
0.0118474
0.0715768
0.352578
0.00172032
0.00173026
0.00354089
0.00530802
0.00588665
0.00556931
0.00478319
0.00373357
0.0027789
0.00202157
0.00145638
0.00106162
0.000811806
0.00065083
0.000544442
0.000474152
0.000427205
0.000397416
0.000379393
0.000369378
0.000369409
0.000372231
0.000379277
0.000392675
0.000409464
0.000433224
0.000460733
0.00050076
0.000548009
0.000622981
0.000715916
0.00087567
0.00107636
0.00142828
0.00181226
0.00236896
0.003849
0.0133673
0.0754152
0.362638
0.00182591
0.00133362
0.0024215
0.00396165
0.00500614
0.00542841
0.00519704
0.00462713
0.00385897
0.00309793
0.00243713
0.0018827
0.0014494
0.00115391
0.000948779
0.000805672
0.000705642
0.000635971
0.000589343
0.000558414
0.000540777
0.000534699
0.00053708
0.000544933
0.000559342
0.000587197
0.000623048
0.000680639
0.000751502
0.000862573
0.00100026
0.00121968
0.00148726
0.00192546
0.00239972
0.00324407
0.00553549
0.0172368
0.0842158
0.377246
0.00267504
0.00175178
0.00247106
0.00365256
0.00484669
0.00561013
0.00580721
0.00562619
0.00515903
0.00453287
0.00389393
0.00330539
0.00278235
0.0023418
0.00199511
0.00173032
0.00153232
0.00138639
0.00128256
0.00121049
0.00116681
0.00114283
0.00114509
0.00115768
0.00118836
0.0012328
0.00130345
0.00142375
0.00156864
0.00178464
0.00204196
0.00241531
0.00286713
0.00355199
0.0044481
0.00626114
0.0106686
0.0273344
0.102977
0.400424
0.00507359
0.00451062
0.00607289
0.00730387
0.00839602
0.00921153
0.00964221
0.00962948
0.00937542
0.00885234
0.00822924
0.00759793
0.00700307
0.00646738
0.0060176
0.00566143
0.00539475
0.00520803
0.00509272
0.00503847
0.00504586
0.00508207
0.00515971
0.00529879
0.00546129
0.00568886
0.00595055
0.00625475
0.00662959
0.00726763
0.00800469
0.00911813
0.0104419
0.0124757
0.0152425
0.0199793
0.0292093
0.0556744
0.142293
0.435248
0.0186681
0.0414798
0.0581183
0.0653298
0.0676168
0.0673114
0.0658413
0.0634346
0.0606087
0.0579913
0.0557123
0.0537622
0.0521578
0.05088
0.0499042
0.0492009
0.0487533
0.0485142
0.0485314
0.0486687
0.0489802
0.0494976
0.0501415
0.0510113
0.0520022
0.0532768
0.0546745
0.0564669
0.0584062
0.0606814
0.0632634
0.0675244
0.0725197
0.0795124
0.0874334
0.0995901
0.114757
0.152305
0.242716
0.496562
0.285874
0.552887
0.733738
0.810577
0.838274
0.836775
0.825918
0.802123
0.772386
0.742138
0.713587
0.687638
0.664531
0.644144
0.626219
0.610452
0.596573
0.584327
0.573512
0.563973
0.55555
0.548188
0.541753
0.536272
0.53159
0.527847
0.524791
0.522775
0.52129
0.521066
0.521251
0.521747
0.522722
0.524363
0.527754
0.531842
0.541117
0.55148
0.604199
0.579037
)
;

boundaryField
{
    movingWall
    {
        type            epsilonWallFunction;
        blending        stepwise;
        value           nonuniform List<scalar> 
40
(
0.285874
0.552887
0.733738
0.810577
0.838274
0.836775
0.825918
0.802123
0.772386
0.742138
0.713587
0.687638
0.664531
0.644144
0.626219
0.610452
0.596573
0.584327
0.573512
0.563973
0.55555
0.548188
0.541753
0.536272
0.53159
0.527847
0.524791
0.522775
0.52129
0.521066
0.521251
0.521747
0.522722
0.524363
0.527754
0.531842
0.541117
0.55148
0.604199
0.579037
)
;
    }
    fixedWalls
    {
        type            epsilonWallFunction;
        blending        stepwise;
        value           nonuniform List<scalar> 
120
(
0.000624346
0.00140464
0.00291029
0.00447459
0.00552335
0.00611766
0.00654525
0.00714057
0.00865785
0.0118397
0.0156863
0.0197859
0.0240165
0.0281828
0.0325858
0.0372026
0.0417246
0.0460191
0.0499534
0.0534965
0.0560802
0.057021
0.056478
0.0546093
0.0506264
0.0444672
0.0367156
0.0280891
0.0194226
0.0119543
0.00649038
0.00324931
0.00182518
0.0016636
0.00172032
0.00182591
0.00267504
0.00507359
0.0186681
0.285874
0.00192802
0.0023124
0.00293402
0.00353655
0.00389124
0.00420258
0.00485279
0.00584807
0.00766114
0.00933301
0.0168783
0.0343303
0.0614938
0.0938571
0.126882
0.157835
0.185656
0.209372
0.22936
0.245664
0.258865
0.26953
0.278608
0.286474
0.293613
0.300184
0.30642
0.312435
0.318382
0.324403
0.330668
0.337325
0.344508
0.352578
0.362638
0.377246
0.400424
0.435248
0.496562
0.579037
0.000624346
0.000789244
0.00108504
0.0013896
0.00159037
0.00170372
0.00186767
0.002107
0.00239092
0.00283392
0.00405685
0.00842747
0.0163959
0.0280723
0.0415866
0.0548709
0.0663652
0.0749546
0.0796923
0.0816734
0.0820156
0.0795568
0.0756592
0.0703969
0.0648935
0.0589212
0.0530026
0.0471727
0.0415885
0.0358033
0.0300209
0.0238966
0.018737
0.0161708
0.0144143
0.0130234
0.0112589
0.00829535
0.00445028
0.00192802
)
;
    }
    frontAndBack
    {
        type            empty;
    }
}


// ************************************************************************* //
