/*--------------------------------*- C++ -*----------------------------------*\
| =========                 |                                                 |
| \\      /  F ield         | OpenFOAM: The Open Source CFD Toolbox           |
|  \\    /   O peration     | Version:  2412                                  |
|   \\  /    A nd           | Website:  www.openfoam.com                      |
|    \\/     M anipulation  |                                                 |
\*---------------------------------------------------------------------------*/
FoamFile
{
    version     2.0;
    format      ascii;
    arch        "LSB;label=32;scalar=64";
    class       volScalarField;
    location    "7.75";
    object      nut;
}
// * * * * * * * * * * * * * * * * * * * * * * * * * * * * * * * * * * * * * //

dimensions      [0 2 -1 0 0 0 0];

internalField   nonuniform List<scalar> 
1600
(
3.5069e-06
3.79178e-06
4.21609e-06
4.57838e-06
4.78889e-06
4.89988e-06
5.05208e-06
5.25917e-06
5.48554e-06
5.8054e-06
6.54265e-06
8.34805e-06
1.04215e-05
1.24675e-05
1.42126e-05
1.55884e-05
1.66086e-05
1.7296e-05
1.76527e-05
1.77976e-05
1.78223e-05
1.76421e-05
1.73491e-05
1.69372e-05
1.64838e-05
1.59619e-05
1.54086e-05
1.48218e-05
1.42122e-05
1.35201e-05
1.27488e-05
1.18152e-05
1.0896e-05
1.03749e-05
9.98499e-06
9.65292e-06
9.19551e-06
8.30501e-06
6.74799e-06
5.10575e-06
4.59507e-06
5.24654e-06
6.2602e-06
6.7697e-06
7.00296e-06
7.89047e-06
9.74697e-06
1.08065e-05
1.20884e-05
1.43963e-05
1.54933e-05
1.64945e-05
1.67646e-05
1.64689e-05
1.68681e-05
1.6921e-05
1.69675e-05
1.74104e-05
1.82853e-05
1.98112e-05
2.17376e-05
2.33937e-05
2.56054e-05
2.7748e-05
3.02479e-05
3.28373e-05
3.53586e-05
3.73173e-05
3.83172e-05
3.87232e-05
3.88472e-05
3.81682e-05
3.75218e-05
3.4989e-05
2.98148e-05
2.3651e-05
1.58515e-05
1.06069e-05
7.87988e-06
5.42479e-06
5.85767e-06
6.93091e-06
9.7878e-06
1.19019e-05
1.24817e-05
1.38045e-05
1.7074e-05
1.99048e-05
2.08714e-05
2.0384e-05
1.97541e-05
1.87422e-05
1.83074e-05
1.92737e-05
1.84194e-05
1.85849e-05
1.93949e-05
2.05201e-05
2.18757e-05
2.30744e-05
2.3822e-05
2.45682e-05
2.55208e-05
2.61238e-05
2.7229e-05
2.84123e-05
3.02007e-05
3.24453e-05
3.51382e-05
3.71544e-05
3.85305e-05
3.89589e-05
3.7977e-05
3.70729e-05
3.46976e-05
2.98615e-05
2.27378e-05
1.47636e-05
9.17035e-06
5.87286e-06
6.76041e-06
9.63658e-06
1.51428e-05
1.79688e-05
1.97696e-05
2.21029e-05
2.44357e-05
2.39653e-05
2.24997e-05
2.12688e-05
2.01486e-05
1.94322e-05
1.99075e-05
1.70919e-05
1.80159e-05
1.69152e-05
1.7753e-05
1.69396e-05
1.70391e-05
1.62781e-05
1.58648e-05
1.55792e-05
1.49989e-05
1.48949e-05
1.48268e-05
1.51725e-05
1.58429e-05
1.71846e-05
1.94168e-05
2.35329e-05
2.79619e-05
3.15524e-05
3.32307e-05
3.33909e-05
3.37483e-05
3.07939e-05
2.53626e-05
1.65187e-05
9.76562e-06
6.2501e-06
7.25176e-06
1.4308e-05
2.15556e-05
2.35834e-05
2.4982e-05
2.69286e-05
2.55811e-05
2.43234e-05
2.26596e-05
2.08975e-05
2.02244e-05
1.76485e-05
1.64538e-05
1.48186e-05
1.55337e-05
1.41349e-05
1.47515e-05
1.39455e-05
1.39975e-05
1.36219e-05
1.34544e-05
1.33436e-05
1.29128e-05
1.27365e-05
1.22833e-05
1.20207e-05
1.18067e-05
1.19275e-05
1.25311e-05
1.40471e-05
1.70387e-05
2.27113e-05
2.80929e-05
3.05683e-05
3.08405e-05
3.16255e-05
2.7979e-05
1.7891e-05
1.04537e-05
6.45236e-06
7.50298e-06
1.99244e-05
2.71933e-05
2.80621e-05
2.88246e-05
2.74062e-05
2.61731e-05
2.40472e-05
2.17718e-05
1.93009e-05
1.64679e-05
1.48589e-05
1.42329e-05
1.38238e-05
1.45873e-05
1.44891e-05
1.51905e-05
1.53936e-05
1.5854e-05
1.59816e-05
1.60554e-05
1.60201e-05
1.57091e-05
1.52504e-05
1.45778e-05
1.37739e-05
1.28396e-05
1.19855e-05
1.13424e-05
1.11703e-05
1.18667e-05
1.41065e-05
1.90094e-05
2.59339e-05
2.90278e-05
2.93867e-05
3.03111e-05
2.31114e-05
1.26049e-05
6.6196e-06
7.67394e-06
2.5211e-05
3.17301e-05
3.1352e-05
2.93691e-05
2.80973e-05
2.56594e-05
2.26639e-05
1.89071e-05
1.57539e-05
1.4115e-05
1.38435e-05
1.43033e-05
1.51098e-05
1.62604e-05
1.71056e-05
1.83515e-05
1.90532e-05
1.99966e-05
2.04191e-05
2.06559e-05
2.07155e-05
2.03335e-05
1.96636e-05
1.86431e-05
1.73684e-05
1.58781e-05
1.4305e-05
1.28035e-05
1.15701e-05
1.08091e-05
1.09578e-05
1.26827e-05
1.70262e-05
2.43828e-05
2.76499e-05
2.78927e-05
2.80959e-05
1.49332e-05
6.94432e-06
7.89998e-06
2.98717e-05
3.48768e-05
3.21282e-05
3.04998e-05
2.75195e-05
2.38118e-05
1.90762e-05
1.55254e-05
1.37209e-05
1.4053e-05
1.48492e-05
1.63916e-05
1.78261e-05
1.96872e-05
2.12313e-05
2.3116e-05
2.44908e-05
2.59681e-05
2.68006e-05
2.7466e-05
2.7903e-05
2.77007e-05
2.70802e-05
2.58716e-05
2.41523e-05
2.18709e-05
1.91644e-05
1.62349e-05
1.35857e-05
1.16247e-05
1.05268e-05
1.05555e-05
1.22279e-05
1.67606e-05
2.33026e-05
2.58569e-05
2.66569e-05
1.67498e-05
7.38931e-06
8.42412e-06
3.31745e-05
3.60056e-05
3.4284e-05
3.0022e-05
2.57197e-05
2.02516e-05
1.56408e-05
1.40053e-05
1.40833e-05
1.56125e-05
1.70998e-05
1.94431e-05
2.15302e-05
2.41308e-05
2.63253e-05
2.87732e-05
3.05414e-05
3.21457e-05
3.31954e-05
3.40149e-05
3.45337e-05
3.43724e-05
3.39355e-05
3.29673e-05
3.1499e-05
2.93664e-05
2.65918e-05
2.3153e-05
1.90014e-05
1.47689e-05
1.16628e-05
1.01596e-05
1.03338e-05
1.25344e-05
1.82236e-05
2.3029e-05
2.4011e-05
2.11223e-05
8.08581e-06
9.35045e-06
3.45864e-05
3.79718e-05
3.40002e-05
2.86419e-05
2.24935e-05
1.65287e-05
1.42614e-05
1.43681e-05
1.56886e-05
1.78304e-05
1.99842e-05
2.31792e-05
2.57545e-05
2.90334e-05
3.15603e-05
3.41756e-05
3.59031e-05
3.73321e-05
3.82555e-05
3.90402e-05
3.9238e-05
3.90737e-05
3.85795e-05
3.77259e-05
3.64813e-05
3.47598e-05
3.24232e-05
2.93351e-05
2.54289e-05
2.07032e-05
1.56518e-05
1.16329e-05
9.93619e-06
1.0405e-05
1.34966e-05
2.00552e-05
2.22275e-05
2.16716e-05
8.63512e-06
1.02696e-05
3.52324e-05
3.8989e-05
3.33536e-05
2.59717e-05
1.8942e-05
1.48448e-05
1.43954e-05
1.57462e-05
1.76835e-05
2.03749e-05
2.33663e-05
2.7109e-05
3.01141e-05
3.36983e-05
3.61768e-05
3.86476e-05
4.02514e-05
4.14323e-05
4.21738e-05
4.28337e-05
4.29313e-05
4.2768e-05
4.2308e-05
4.15615e-05
4.04791e-05
3.89786e-05
3.69326e-05
3.41756e-05
3.05527e-05
2.60646e-05
2.07825e-05
1.52905e-05
1.12979e-05
1.00457e-05
1.1482e-05
1.63563e-05
2.12209e-05
2.14687e-05
1.0516e-05
1.10958e-05
3.50622e-05
3.95566e-05
3.18473e-05
2.30488e-05
1.64758e-05
1.44745e-05
1.53723e-05
1.74299e-05
1.9769e-05
2.32345e-05
2.68386e-05
3.08937e-05
3.41437e-05
3.76426e-05
3.99544e-05
4.21805e-05
4.35594e-05
4.46709e-05
4.52465e-05
4.56781e-05
4.57836e-05
4.55431e-05
4.50992e-05
4.44287e-05
4.35357e-05
4.23538e-05
4.07549e-05
3.85174e-05
3.53415e-05
3.09511e-05
2.54397e-05
1.93061e-05
1.36787e-05
1.03188e-05
9.9661e-06
1.27941e-05
1.92569e-05
2.08238e-05
1.33247e-05
1.18359e-05
3.46753e-05
3.93539e-05
2.987e-05
2.03977e-05
1.53421e-05
1.48752e-05
1.6685e-05
1.90896e-05
2.19734e-05
2.61399e-05
3.00998e-05
3.42549e-05
3.754e-05
4.07678e-05
4.2915e-05
4.49011e-05
4.6163e-05
4.71559e-05
4.76673e-05
4.78807e-05
4.79718e-05
4.76062e-05
4.70943e-05
4.63753e-05
4.55e-05
4.44445e-05
4.31452e-05
4.14533e-05
3.90983e-05
3.56532e-05
3.06197e-05
2.40773e-05
1.70381e-05
1.19231e-05
1.0237e-05
1.18428e-05
1.69272e-05
2.03334e-05
1.61848e-05
1.24841e-05
3.36738e-05
3.88042e-05
2.80449e-05
1.83178e-05
1.49736e-05
1.56497e-05
1.80561e-05
2.06392e-05
2.4213e-05
2.88379e-05
3.29455e-05
3.70357e-05
4.02287e-05
4.31679e-05
4.52014e-05
4.70143e-05
4.82241e-05
4.91582e-05
4.95898e-05
4.97589e-05
4.97985e-05
4.93513e-05
4.87689e-05
4.7992e-05
4.70878e-05
4.60548e-05
4.48504e-05
4.33575e-05
4.13634e-05
3.85366e-05
3.44107e-05
2.84831e-05
2.10913e-05
1.39614e-05
1.01526e-05
1.04642e-05
1.5022e-05
2.0055e-05
1.86368e-05
1.31027e-05
3.25716e-05
3.77739e-05
2.61977e-05
1.72167e-05
1.50434e-05
1.65427e-05
1.93048e-05
2.21251e-05
2.63244e-05
3.11591e-05
3.5275e-05
3.92075e-05
4.22679e-05
4.49757e-05
4.6951e-05
4.86691e-05
4.98871e-05
5.08038e-05
5.12215e-05
5.13812e-05
5.13917e-05
5.08778e-05
5.02057e-05
4.93433e-05
4.83721e-05
4.73294e-05
4.62138e-05
4.49494e-05
4.33471e-05
4.10642e-05
3.75857e-05
3.22991e-05
2.49012e-05
1.67236e-05
1.11993e-05
1.0113e-05
1.2784e-05
2.00207e-05
2.06085e-05
1.36942e-05
3.08895e-05
3.66694e-05
2.48318e-05
1.66509e-05
1.53357e-05
1.74148e-05
2.03636e-05
2.35081e-05
2.81613e-05
3.30178e-05
3.70696e-05
4.08156e-05
4.37532e-05
4.63012e-05
4.82631e-05
4.99515e-05
5.1217e-05
5.2159e-05
5.25984e-05
5.27616e-05
5.27596e-05
5.21975e-05
5.14314e-05
5.04676e-05
4.93893e-05
4.82561e-05
4.70951e-05
4.58734e-05
4.44625e-05
4.25907e-05
3.97936e-05
3.53923e-05
2.8702e-05
2.01152e-05
1.26546e-05
1.01942e-05
1.25817e-05
1.84073e-05
2.2165e-05
1.42278e-05
2.8859e-05
3.54096e-05
2.3856e-05
1.63335e-05
1.5691e-05
1.81854e-05
2.12321e-05
2.47229e-05
2.96343e-05
3.44136e-05
3.83706e-05
4.19333e-05
4.47714e-05
4.72178e-05
4.91926e-05
5.0892e-05
5.22211e-05
5.32076e-05
5.36865e-05
5.38584e-05
5.38334e-05
5.3252e-05
5.24131e-05
5.13702e-05
5.02096e-05
4.90092e-05
4.78191e-05
4.66368e-05
4.53674e-05
4.37684e-05
4.1394e-05
3.75557e-05
3.13952e-05
2.27371e-05
1.404e-05
1.01497e-05
1.16983e-05
1.7936e-05
2.33981e-05
1.47e-05
2.68954e-05
3.42738e-05
2.33727e-05
1.6347e-05
1.60461e-05
1.87904e-05
2.19376e-05
2.56968e-05
3.06988e-05
3.53479e-05
3.9202e-05
4.26109e-05
4.53779e-05
4.77632e-05
4.9758e-05
5.14813e-05
5.28674e-05
5.39002e-05
5.44143e-05
5.45763e-05
5.45254e-05
5.39427e-05
5.30602e-05
5.19641e-05
5.07409e-05
4.94764e-05
4.82338e-05
4.7039e-05
4.58469e-05
4.44773e-05
4.25445e-05
3.93997e-05
3.41221e-05
2.58856e-05
1.63041e-05
1.08092e-05
1.16598e-05
1.71335e-05
2.43552e-05
1.51074e-05
2.50328e-05
3.28767e-05
2.31593e-05
1.62754e-05
1.62902e-05
1.92359e-05
2.24903e-05
2.64039e-05
3.13667e-05
3.59054e-05
3.96722e-05
4.29409e-05
4.56371e-05
4.79661e-05
4.99618e-05
5.16952e-05
5.31132e-05
5.41724e-05
5.47112e-05
5.48544e-05
5.47695e-05
5.41994e-05
5.33123e-05
5.22073e-05
5.09707e-05
4.96925e-05
4.84387e-05
4.72477e-05
4.61051e-05
4.48701e-05
4.31865e-05
4.04083e-05
3.55863e-05
2.77988e-05
1.77084e-05
1.10162e-05
1.13219e-05
1.69015e-05
2.5107e-05
1.54564e-05
2.33215e-05
3.17917e-05
2.32784e-05
1.66713e-05
1.64717e-05
1.94694e-05
2.28092e-05
2.67906e-05
3.16408e-05
3.60269e-05
3.96885e-05
4.2855e-05
4.55015e-05
4.77918e-05
4.97831e-05
5.15121e-05
5.29271e-05
5.39744e-05
5.45335e-05
5.46622e-05
5.45373e-05
5.39959e-05
5.31433e-05
5.20696e-05
5.08619e-05
4.96098e-05
4.83748e-05
4.72006e-05
4.61077e-05
4.50139e-05
4.36275e-05
4.13452e-05
3.71862e-05
2.99779e-05
1.98412e-05
1.18281e-05
1.13887e-05
1.65744e-05
2.56885e-05
1.57013e-05
2.15093e-05
3.00836e-05
2.36569e-05
1.68546e-05
1.65187e-05
1.9543e-05
2.29708e-05
2.69257e-05
3.15849e-05
3.59201e-05
3.95526e-05
4.26139e-05
4.51915e-05
4.74173e-05
4.93387e-05
5.09742e-05
5.22995e-05
5.328e-05
5.38506e-05
5.39934e-05
5.37781e-05
5.31886e-05
5.23534e-05
5.13518e-05
5.02979e-05
4.92162e-05
4.80727e-05
4.69401e-05
4.58926e-05
4.48877e-05
4.36745e-05
4.16708e-05
3.78673e-05
3.1133e-05
2.10039e-05
1.21279e-05
1.12541e-05
1.66274e-05
2.61406e-05
1.57886e-05
1.96993e-05
2.85125e-05
2.38423e-05
1.71973e-05
1.64986e-05
1.9313e-05
2.27902e-05
2.66478e-05
3.10744e-05
3.52293e-05
3.87667e-05
4.1777e-05
4.4272e-05
4.63665e-05
4.81497e-05
4.96856e-05
5.09771e-05
5.19737e-05
5.26265e-05
5.29003e-05
5.27571e-05
5.22852e-05
5.14724e-05
5.05052e-05
4.94941e-05
4.84081e-05
4.73333e-05
4.63841e-05
4.54845e-05
4.45864e-05
4.35851e-05
4.19535e-05
3.86109e-05
3.22215e-05
2.2425e-05
1.28263e-05
1.12962e-05
1.67696e-05
2.64946e-05
1.57383e-05
1.80342e-05
2.70462e-05
2.40855e-05
1.76756e-05
1.64619e-05
1.90819e-05
2.24919e-05
2.62642e-05
3.04803e-05
3.44384e-05
3.78686e-05
4.07861e-05
4.32255e-05
4.53008e-05
4.71079e-05
4.86605e-05
4.99416e-05
5.09058e-05
5.15075e-05
5.17199e-05
5.15078e-05
5.11947e-05
5.06436e-05
4.98769e-05
4.89036e-05
4.78079e-05
4.66913e-05
4.56631e-05
4.46983e-05
4.40055e-05
4.32168e-05
4.18406e-05
3.88012e-05
3.27511e-05
2.31964e-05
1.31109e-05
1.11664e-05
1.68972e-05
2.67886e-05
1.55628e-05
1.6758e-05
2.51563e-05
2.44302e-05
1.86507e-05
1.65751e-05
1.86972e-05
2.20178e-05
2.56336e-05
2.96098e-05
3.35198e-05
3.69333e-05
3.98174e-05
4.22548e-05
4.43059e-05
4.59956e-05
4.74067e-05
4.85487e-05
4.94063e-05
4.995e-05
5.01624e-05
4.99509e-05
4.96813e-05
4.91873e-05
4.85333e-05
4.78209e-05
4.70772e-05
4.62453e-05
4.51647e-05
4.4091e-05
4.32944e-05
4.25798e-05
4.15546e-05
3.88476e-05
3.30875e-05
2.36499e-05
1.3575e-05
1.11586e-05
1.71328e-05
2.70382e-05
1.51748e-05
1.58258e-05
2.31447e-05
2.42205e-05
1.90563e-05
1.63604e-05
1.80458e-05
2.1214e-05
2.47585e-05
2.85048e-05
3.22219e-05
3.55761e-05
3.84285e-05
4.07885e-05
4.27226e-05
4.43109e-05
4.56132e-05
4.66681e-05
4.74699e-05
4.80066e-05
4.82984e-05
4.8193e-05
4.80034e-05
4.76334e-05
4.70887e-05
4.64499e-05
4.57158e-05
4.49141e-05
4.4224e-05
4.35932e-05
4.28123e-05
4.20535e-05
4.11079e-05
3.88088e-05
3.32458e-05
2.38815e-05
1.36943e-05
1.10009e-05
1.75334e-05
2.72607e-05
1.45326e-05
1.52539e-05
2.12895e-05
2.39863e-05
2.0386e-05
1.71136e-05
1.75815e-05
2.03688e-05
2.35909e-05
2.70325e-05
3.04943e-05
3.37437e-05
3.65852e-05
3.89526e-05
4.08918e-05
4.24769e-05
4.37572e-05
4.47659e-05
4.55305e-05
4.60514e-05
4.63968e-05
4.63617e-05
4.62412e-05
4.59919e-05
4.56006e-05
4.50909e-05
4.44953e-05
4.3798e-05
4.30455e-05
4.22316e-05
4.18636e-05
4.15275e-05
4.07786e-05
3.84994e-05
3.29098e-05
2.39468e-05
1.37668e-05
1.0888e-05
1.7825e-05
2.74623e-05
1.36337e-05
1.50605e-05
1.99927e-05
2.30057e-05
2.04768e-05
1.6979e-05
1.68418e-05
1.93498e-05
2.24544e-05
2.56869e-05
2.88798e-05
3.1906e-05
3.46297e-05
3.69657e-05
3.88982e-05
4.04725e-05
4.17367e-05
4.27311e-05
4.34929e-05
4.40166e-05
4.44259e-05
4.44506e-05
4.44129e-05
4.43016e-05
4.40376e-05
4.36438e-05
4.31623e-05
4.2551e-05
4.19327e-05
4.12574e-05
4.08186e-05
4.03293e-05
3.98898e-05
3.78783e-05
3.23849e-05
2.35709e-05
1.35937e-05
1.06835e-05
1.82442e-05
2.7651e-05
1.24693e-05
1.48278e-05
1.88575e-05
2.2744e-05
2.18735e-05
1.83854e-05
1.68479e-05
1.8225e-05
2.09455e-05
2.38567e-05
2.68519e-05
2.97207e-05
3.23633e-05
3.46889e-05
3.66491e-05
3.82544e-05
3.95433e-05
4.0557e-05
4.1349e-05
4.18951e-05
4.23978e-05
4.24736e-05
4.25209e-05
4.25447e-05
4.23881e-05
4.20994e-05
4.17286e-05
4.11971e-05
4.06913e-05
4.00656e-05
3.98231e-05
3.94742e-05
3.90013e-05
3.71443e-05
3.14383e-05
2.30103e-05
1.33676e-05
1.05006e-05
1.86027e-05
2.78305e-05
1.10263e-05
1.41356e-05
1.83121e-05
2.11272e-05
2.13111e-05
1.88178e-05
1.67472e-05
1.73591e-05
1.97118e-05
2.23285e-05
2.49453e-05
2.7531e-05
2.99518e-05
3.21475e-05
3.40725e-05
3.57046e-05
3.70529e-05
3.81331e-05
3.90035e-05
3.96181e-05
4.02436e-05
4.03736e-05
4.05144e-05
4.06743e-05
4.06277e-05
4.04318e-05
4.01739e-05
3.97227e-05
3.9362e-05
3.88319e-05
3.874e-05
3.83503e-05
3.78797e-05
3.60402e-05
3.00787e-05
2.2025e-05
1.2857e-05
1.0256e-05
1.90277e-05
2.80058e-05
9.37912e-06
1.4429e-05
1.76639e-05
2.21169e-05
2.23821e-05
2.015e-05
1.75722e-05
1.6715e-05
1.81334e-05
2.05279e-05
2.28916e-05
2.52011e-05
2.74573e-05
2.95441e-05
3.14049e-05
3.30185e-05
3.43866e-05
3.55292e-05
3.64371e-05
3.72395e-05
3.78384e-05
3.80759e-05
3.83886e-05
3.86349e-05
3.87e-05
3.85972e-05
3.84693e-05
3.8114e-05
3.79384e-05
3.7508e-05
3.75755e-05
3.71046e-05
3.64803e-05
3.4524e-05
2.83555e-05
2.07136e-05
1.22781e-05
1.00526e-05
1.94378e-05
2.81811e-05
7.65131e-06
1.39587e-05
1.732e-05
1.9707e-05
2.27214e-05
2.10478e-05
1.85819e-05
1.67928e-05
1.71284e-05
1.89158e-05
2.10074e-05
2.29417e-05
2.47761e-05
2.66067e-05
2.83595e-05
2.99642e-05
3.13669e-05
3.26159e-05
3.35595e-05
3.46365e-05
3.50731e-05
3.55086e-05
3.60579e-05
3.63453e-05
3.65443e-05
3.65554e-05
3.6587e-05
3.63594e-05
3.6408e-05
3.60629e-05
3.62322e-05
3.54975e-05
3.45844e-05
3.22661e-05
2.59312e-05
1.89063e-05
1.13489e-05
9.85586e-06
1.98795e-05
2.83612e-05
6.07529e-06
1.31455e-05
1.79765e-05
1.94947e-05
2.24307e-05
2.2494e-05
2.01898e-05
1.79541e-05
1.6721e-05
1.75576e-05
1.92655e-05
2.10832e-05
2.26871e-05
2.40987e-05
2.54579e-05
2.68186e-05
2.80878e-05
2.93099e-05
3.04219e-05
3.13739e-05
3.19793e-05
3.26861e-05
3.33601e-05
3.3763e-05
3.4138e-05
3.42876e-05
3.45032e-05
3.44489e-05
3.47178e-05
3.43592e-05
3.43346e-05
3.29681e-05
3.18317e-05
2.95045e-05
2.30368e-05
1.66973e-05
1.03418e-05
9.65242e-06
2.03044e-05
2.85502e-05
5.01347e-06
1.22646e-05
1.79138e-05
1.97487e-05
2.10676e-05
2.36835e-05
2.17476e-05
1.95467e-05
1.76505e-05
1.67784e-05
1.76472e-05
1.90969e-05
2.06053e-05
2.20173e-05
2.32493e-05
2.43342e-05
2.53898e-05
2.64812e-05
2.746e-05
2.82143e-05
2.90345e-05
2.98414e-05
3.05382e-05
3.10241e-05
3.15534e-05
3.17956e-05
3.22127e-05
3.21278e-05
3.22333e-05
3.148e-05
3.11593e-05
2.95855e-05
2.85455e-05
2.55184e-05
1.94285e-05
1.40628e-05
9.19425e-06
9.43237e-06
2.07164e-05
2.87513e-05
4.8614e-06
1.07651e-05
1.7765e-05
2.03681e-05
2.12142e-05
2.27711e-05
2.38658e-05
2.18298e-05
1.98748e-05
1.81463e-05
1.73619e-05
1.77427e-05
1.8651e-05
1.97337e-05
2.0826e-05
2.18963e-05
2.28384e-05
2.38849e-05
2.48297e-05
2.53761e-05
2.61909e-05
2.69357e-05
2.76192e-05
2.80687e-05
2.85909e-05
2.87106e-05
2.89772e-05
2.86421e-05
2.86008e-05
2.77028e-05
2.72737e-05
2.55066e-05
2.39903e-05
2.02406e-05
1.54077e-05
1.13937e-05
8.12518e-06
9.38265e-06
2.1078e-05
2.8974e-05
4.91637e-06
1.01152e-05
1.70922e-05
2.04769e-05
2.17427e-05
2.26725e-05
2.40922e-05
2.42674e-05
2.25021e-05
2.0799e-05
1.93627e-05
1.82828e-05
1.80026e-05
1.82707e-05
1.87864e-05
1.94755e-05
2.01456e-05
2.08692e-05
2.16719e-05
2.23985e-05
2.27924e-05
2.33445e-05
2.39647e-05
2.42504e-05
2.46355e-05
2.45934e-05
2.47111e-05
2.41915e-05
2.38719e-05
2.26374e-05
2.16388e-05
1.9495e-05
1.74734e-05
1.44082e-05
1.15596e-05
9.20399e-06
7.01394e-06
9.42397e-06
2.13999e-05
2.92469e-05
5.01532e-06
1.09706e-05
1.69306e-05
2.07935e-05
2.30644e-05
2.39139e-05
2.4804e-05
2.59554e-05
2.60312e-05
2.43788e-05
2.26288e-05
2.08411e-05
1.98506e-05
1.92274e-05
1.88792e-05
1.87693e-05
1.87794e-05
1.88609e-05
1.8988e-05
1.92046e-05
1.93042e-05
1.9397e-05
1.93949e-05
1.93323e-05
1.92863e-05
1.88564e-05
1.85072e-05
1.76316e-05
1.68877e-05
1.55768e-05
1.44855e-05
1.28724e-05
1.15381e-05
9.81794e-06
8.25994e-06
6.80728e-06
6.41433e-06
1.01676e-05
2.1999e-05
2.96345e-05
5.69574e-06
1.0396e-05
1.51619e-05
1.90822e-05
2.23193e-05
2.44469e-05
2.60498e-05
2.75667e-05
2.91655e-05
3.04406e-05
3.00948e-05
2.92912e-05
2.77287e-05
2.59195e-05
2.40491e-05
2.22547e-05
2.05917e-05
1.9104e-05
1.77278e-05
1.65503e-05
1.55519e-05
1.46999e-05
1.3884e-05
1.31271e-05
1.24931e-05
1.17699e-05
1.11347e-05
1.02562e-05
9.45649e-06
8.57757e-06
7.85339e-06
7.09011e-06
6.54698e-06
6.00143e-06
5.82705e-06
6.04392e-06
7.37856e-06
1.21383e-05
2.34371e-05
3.02295e-05
7.049e-06
6.51089e-06
9.0691e-06
1.2191e-05
1.52571e-05
1.78095e-05
1.95827e-05
2.06509e-05
2.09719e-05
2.13259e-05
2.09033e-05
1.99402e-05
1.86264e-05
1.71663e-05
1.56757e-05
1.42498e-05
1.29235e-05
1.17466e-05
1.06916e-05
9.79453e-06
8.95588e-06
8.29625e-06
7.70983e-06
7.24623e-06
6.83062e-06
6.56112e-06
6.32784e-06
6.15534e-06
6.07303e-06
6.06249e-06
6.10737e-06
6.34142e-06
6.61996e-06
7.17993e-06
7.87778e-06
9.12863e-06
1.1163e-05
1.61462e-05
2.54739e-05
3.10816e-05
1.08809e-05
8.44954e-06
1.05494e-05
1.15384e-05
1.20805e-05
1.24365e-05
1.26515e-05
1.27975e-05
1.2706e-05
1.26233e-05
1.24831e-05
1.22563e-05
1.19881e-05
1.17092e-05
1.14432e-05
1.12114e-05
1.10251e-05
1.08923e-05
1.08105e-05
1.08086e-05
1.08291e-05
1.09068e-05
1.1032e-05
1.12279e-05
1.14535e-05
1.17621e-05
1.20966e-05
1.25379e-05
1.29976e-05
1.35809e-05
1.41553e-05
1.48796e-05
1.556e-05
1.65021e-05
1.73833e-05
1.8782e-05
2.03236e-05
2.38169e-05
2.77278e-05
3.24775e-05
2.70181e-05
3.36622e-05
3.69923e-05
3.8241e-05
3.86717e-05
3.86486e-05
3.84807e-05
3.81073e-05
3.76303e-05
3.71323e-05
3.66498e-05
3.61999e-05
3.57897e-05
3.54198e-05
3.5088e-05
3.4791e-05
3.45252e-05
3.42873e-05
3.40744e-05
3.38844e-05
3.37148e-05
3.35652e-05
3.34333e-05
3.33202e-05
3.3223e-05
3.31448e-05
3.30808e-05
3.30385e-05
3.30072e-05
3.30026e-05
3.3008e-05
3.30134e-05
3.30396e-05
3.30704e-05
3.31452e-05
3.32278e-05
3.34221e-05
3.36329e-05
3.46728e-05
3.41844e-05
)
;

boundaryField
{
    movingWall
    {
        type            nutkWallFunction;
        blending        stepwise;
        value           uniform 0;
    }
    fixedWalls
    {
        type            nutkWallFunction;
        blending        stepwise;
        value           uniform 0;
    }
    frontAndBack
    {
        type            empty;
    }
}


// ************************************************************************* //
