/*--------------------------------*- C++ -*----------------------------------*\
| =========                 |                                                 |
| \\      /  F ield         | OpenFOAM: The Open Source CFD Toolbox           |
|  \\    /   O peration     | Version:  2412                                  |
|   \\  /    A nd           | Website:  www.openfoam.com                      |
|    \\/     M anipulation  |                                                 |
\*---------------------------------------------------------------------------*/
FoamFile
{
    version     2.0;
    format      ascii;
    arch        "LSB;label=32;scalar=64";
    class       volScalarField;
    location    "6.75";
    object      k;
}
// * * * * * * * * * * * * * * * * * * * * * * * * * * * * * * * * * * * * * //

dimensions      [0 2 -2 0 0 0 0];

internalField   nonuniform List<scalar> 
1600
(
0.000147308
0.000172474
0.000213882
0.000253095
0.000277791
0.000291628
0.00031083
0.000337666
0.000368035
0.000412913
0.000525955
0.000858499
0.00134027
0.00192347
0.00250669
0.00302342
0.00344045
0.00373929
0.00390453
0.00397445
0.00398867
0.00391611
0.00378871
0.00361232
0.00342108
0.0032074
0.00298669
0.00276049
0.00253894
0.0022974
0.00204577
0.00175757
0.00148688
0.00133956
0.00123855
0.00115715
0.0010513
0.000859774
0.000569112
0.000326534
0.000252589
0.000203644
0.000189807
0.000189027
0.000199365
0.000242095
0.00034545
0.000489041
0.000672921
0.000955137
0.0012978
0.00164781
0.00190174
0.00210309
0.00224475
0.00228277
0.00227873
0.00222331
0.00217011
0.00213148
0.00211505
0.00211277
0.00216846
0.00225458
0.00237029
0.0025082
0.0026592
0.00279915
0.00288635
0.00292209
0.00290978
0.00277509
0.00256379
0.00220496
0.00173526
0.00127906
0.000911428
0.000662037
0.000461935
0.000368178
0.000412159
0.000302902
0.000277377
0.000279178
0.000317892
0.000445559
0.000696501
0.00103138
0.00136682
0.00160164
0.00171569
0.00176978
0.00180051
0.00180247
0.00163814
0.00156658
0.00147712
0.00141648
0.00136823
0.00134547
0.00133746
0.00134786
0.0013906
0.00145142
0.00155278
0.0016877
0.00187253
0.00210241
0.00236678
0.00259592
0.00274886
0.0028024
0.00270942
0.00248674
0.00205545
0.00149518
0.000969463
0.000610497
0.000407235
0.00043148
0.000551887
0.000416477
0.000421797
0.000467954
0.000612461
0.000896009
0.00126251
0.00153164
0.00164034
0.00166053
0.00164432
0.00156919
0.00140001
0.00120056
0.00109113
0.000970777
0.000890503
0.000813864
0.000766276
0.000724601
0.000704011
0.00069456
0.000692924
0.000713086
0.000746711
0.000807065
0.000899367
0.00104403
0.00126773
0.00162377
0.00203252
0.00238514
0.00255388
0.0025833
0.00241392
0.00187843
0.00118803
0.000638594
0.000394825
0.000488916
0.000636627
0.000564556
0.000638893
0.000760573
0.00100652
0.00135118
0.00157022
0.00163621
0.00161264
0.00152651
0.00134998
0.00108813
0.000913743
0.000770348
0.000688271
0.000603147
0.000562276
0.000521453
0.00050246
0.000486397
0.000479358
0.000476471
0.000476293
0.000484912
0.000496225
0.000519877
0.000557273
0.000620001
0.000722752
0.000895677
0.00119144
0.00170431
0.00225162
0.0025243
0.00259114
0.00243723
0.00172619
0.000848138
0.00044671
0.000521485
0.000681585
0.000767722
0.000918379
0.00109891
0.0013769
0.00157281
0.00162678
0.00158108
0.00143558
0.00116084
0.000897383
0.000725373
0.000615432
0.000539597
0.000501978
0.000472726
0.000460511
0.000451728
0.000447991
0.000444075
0.00044222
0.000440631
0.000440128
0.000441592
0.000446067
0.000454808
0.000470279
0.000496564
0.000540767
0.00061694
0.000753454
0.00100948
0.00150207
0.0022357
0.00259503
0.00267927
0.00243652
0.00142515
0.000640025
0.000551873
0.000711375
0.00101331
0.00122135
0.00140684
0.00156989
0.00162119
0.0015671
0.00138452
0.00105136
0.000786509
0.000620359
0.00053071
0.000479476
0.000454388
0.000442647
0.000435794
0.000432699
0.000428747
0.000426812
0.000424406
0.000423505
0.000423288
0.000424622
0.000427459
0.00043214
0.000438876
0.000448834
0.00046386
0.00048716
0.000525245
0.000591163
0.000713729
0.00095565
0.00144394
0.00229166
0.00269117
0.00275283
0.00221998
0.000981066
0.000608377
0.000751614
0.00127401
0.00149511
0.00160039
0.00164097
0.00157307
0.00137948
0.00101944
0.000725229
0.00056566
0.000486058
0.000448326
0.00043107
0.000423361
0.000419109
0.000414334
0.000411369
0.000408559
0.000407437
0.000407068
0.000408511
0.000411376
0.000415371
0.000420612
0.000426932
0.00043457
0.000443727
0.000455261
0.000470885
0.000494121
0.000532011
0.000599264
0.000729142
0.000996158
0.00155971
0.00243769
0.00279876
0.00272623
0.00142191
0.000691446
0.000855388
0.00151727
0.00169123
0.00171677
0.00161539
0.00142662
0.00106161
0.000713686
0.000542948
0.000463483
0.00042941
0.000415151
0.000408857
0.000403633
0.000398754
0.000394725
0.000392802
0.000391963
0.000391931
0.000394017
0.000397276
0.000401986
0.000407905
0.000415303
0.000423745
0.00043315
0.00044322
0.000454335
0.000467602
0.000484291
0.000508808
0.000550441
0.000628994
0.000788063
0.00112934
0.00187183
0.00268189
0.00289894
0.002156
0.00082199
0.00105816
0.00170658
0.00182528
0.00173026
0.00152282
0.00116664
0.000762928
0.000546828
0.000454456
0.000417317
0.000402891
0.000396498
0.000391138
0.000384916
0.000381094
0.000378762
0.000377789
0.000377479
0.000378306
0.000380614
0.000384075
0.000389132
0.000395892
0.000404627
0.000415187
0.000427372
0.000440566
0.000454063
0.000467551
0.000482376
0.000500844
0.000528757
0.000580407
0.000686288
0.000902386
0.00137839
0.0024065
0.00293497
0.00275791
0.000942358
0.00128047
0.00184371
0.001911
0.0016915
0.00133444
0.000900668
0.000587941
0.00045967
0.00041117
0.00039351
0.000386244
0.000380739
0.000374231
0.000369224
0.00036673
0.000364724
0.000363504
0.0003628
0.00036262
0.000363745
0.000366306
0.000370755
0.00037742
0.000386671
0.000398601
0.000413149
0.000429839
0.000447778
0.000465659
0.000482416
0.000499258
0.000520176
0.000554127
0.000627511
0.000790257
0.00113404
0.00189079
0.00294052
0.00317248
0.00144369
0.00149903
0.00191713
0.00192915
0.00159623
0.00112452
0.000694539
0.000489598
0.000413385
0.000387337
0.000377613
0.000372584
0.00036573
0.00035991
0.000356247
0.000353733
0.000350875
0.000348287
0.000345843
0.000344394
0.000343885
0.000344857
0.00034835
0.00035446
0.00036369
0.000376293
0.000392377
0.000411705
0.000433597
0.000456764
0.000479323
0.000499472
0.000518633
0.000543259
0.000589226
0.000698919
0.000955173
0.00153384
0.00279419
0.00344217
0.00231018
0.0017107
0.00195759
0.00190734
0.00145533
0.000930103
0.000572229
0.000433228
0.000386851
0.000371807
0.000365463
0.000359833
0.000352723
0.00034808
0.000344534
0.000340846
0.000336402
0.000331947
0.000327665
0.000324294
0.000322617
0.00032218
0.0003244
0.000329842
0.000338718
0.000351471
0.00036835
0.000389349
0.000414045
0.000441408
0.000469657
0.000496322
0.000519137
0.0005411
0.000573595
0.000655538
0.000865891
0.00135013
0.00244465
0.00370369
0.00337265
0.00190692
0.00195604
0.00185277
0.00131837
0.00076911
0.000496251
0.00039952
0.000370075
0.000360196
0.000355057
0.000348485
0.000341951
0.000337691
0.000333208
0.000327847
0.000321624
0.000315324
0.000309356
0.000304433
0.000301452
0.000300309
0.000301175
0.000305879
0.000314191
0.000326687
0.000343773
0.000365676
0.000392258
0.000422764
0.000455583
0.00048817
0.000517454
0.000541554
0.000567477
0.000618651
0.000767985
0.00116319
0.00210774
0.00386275
0.00443455
0.00210557
0.00193834
0.001768
0.00118302
0.000664902
0.000448015
0.000378256
0.000358581
0.000351434
0.00034601
0.000338926
0.00033284
0.000328068
0.000322196
0.000315156
0.000307321
0.000299486
0.000292196
0.000286124
0.000282103
0.000280388
0.000280264
0.000284074
0.000291646
0.000303512
0.000320236
0.000342285
0.000369851
0.000402553
0.000439074
0.000476869
0.000512311
0.000541898
0.000566729
0.000604537
0.000724116
0.00107226
0.00190862
0.00388953
0.00539268
0.00230477
0.00189662
0.00167738
0.00107011
0.000595505
0.000416567
0.000364466
0.000350536
0.000344619
0.000338411
0.000331018
0.000324867
0.000319093
0.000311828
0.000303361
0.000294256
0.000285296
0.000277087
0.00027024
0.000265352
0.000263026
0.000262495
0.000265323
0.000272033
0.000283017
0.000298949
0.000320507
0.000348203
0.000382082
0.000421266
0.000463459
0.000504746
0.000540371
0.000567921
0.00059768
0.000678167
0.000968754
0.00178264
0.0037416
0.00621677
0.00249013
0.00184359
0.0015894
0.000984706
0.000549152
0.000396117
0.000355519
0.000344914
0.0003394
0.000332252
0.000324482
0.000317824
0.000310938
0.0003025
0.000292955
0.000282956
0.000273261
0.000264471
0.000257127
0.000251645
0.000248818
0.000247981
0.000249968
0.000255763
0.000265728
0.000280598
0.000301212
0.000328365
0.000362526
0.000403341
0.000448959
0.000495476
0.000537163
0.000568997
0.000595747
0.000657254
0.000903217
0.00165318
0.00367281
0.00691144
0.00266035
0.00179207
0.00151143
0.000922701
0.000518783
0.000382328
0.000349723
0.000341445
0.000335542
0.000327452
0.0003191
0.0003117
0.000303817
0.000294503
0.000284231
0.000273682
0.000263571
0.000254467
0.000246836
0.000241032
0.000237746
0.000236629
0.000237941
0.000242848
0.000251762
0.000265446
0.000284846
0.000310971
0.000344663
0.000386121
0.000434086
0.000484978
0.000532549
0.000569449
0.000595415
0.000639713
0.000844781
0.00155998
0.00354829
0.00747775
0.00281222
0.00174779
0.00144477
0.000885247
0.000500309
0.000374166
0.000346182
0.000339445
0.000332982
0.000323833
0.000314793
0.00030659
0.000297894
0.000287987
0.000277295
0.000266477
0.000256196
0.00024698
0.000239233
0.000233261
0.000229576
0.000228172
0.000228962
0.000233066
0.000240979
0.000253478
0.000271562
0.000296387
0.000329094
0.000370401
0.00041972
0.00047403
0.000526968
0.000569545
0.000596623
0.000630709
0.000802492
0.00147428
0.0034748
0.00793949
0.00294446
0.00170986
0.00139272
0.000861883
0.000492124
0.00036813
0.000344292
0.000338779
0.000331332
0.000321431
0.00031151
0.000302507
0.000293208
0.000282961
0.0002721
0.000261232
0.000250964
0.00024178
0.000234038
0.000228008
0.000224013
0.000222291
0.000222673
0.000226089
0.000233111
0.000244511
0.000261297
0.000284708
0.000316087
0.000356604
0.00040635
0.00046305
0.000520566
0.000568733
0.000598267
0.00062416
0.000769175
0.00141071
0.00338021
0.00830777
0.00303898
0.00169027
0.00135398
0.000862378
0.000494735
0.000366897
0.000343087
0.000338837
0.0003311
0.000319872
0.000309267
0.000299561
0.000289779
0.000279364
0.000268521
0.000257764
0.000247635
0.00023858
0.000230927
0.000224915
0.000220766
0.000218735
0.000218903
0.000221748
0.000227941
0.000238314
0.000253898
0.00027592
0.00030582
0.000345129
0.000394565
0.000452708
0.000513921
0.000567353
0.000599477
0.000619666
0.000740756
0.00135827
0.00333314
0.00860122
0.0030705
0.00169082
0.00132909
0.000869241
0.00050383
0.000368509
0.000343089
0.000339036
0.000331348
0.000319882
0.000308062
0.000297561
0.000287485
0.000277054
0.000266351
0.000255812
0.000245925
0.000237114
0.000229628
0.00022368
0.00021948
0.000217297
0.000217444
0.000219868
0.000225477
0.000235107
0.000249563
0.000270073
0.0002983
0.000336148
0.000384678
0.000443411
0.000507465
0.000565946
0.000601283
0.000617523
0.000718854
0.00131716
0.00330972
0.00883901
0.00304992
0.00169612
0.00131941
0.000885617
0.00052121
0.000373316
0.000343405
0.000339418
0.000332011
0.000320305
0.000308156
0.000296872
0.000286293
0.000275879
0.000265498
0.000255376
0.00024587
0.000237279
0.000229918
0.00022403
0.000219814
0.000217518
0.000217566
0.000219599
0.000224771
0.000233983
0.000247767
0.000267289
0.000294098
0.000329959
0.000377024
0.000435607
0.000501528
0.000564361
0.000602621
0.000616169
0.000697647
0.00127981
0.00330472
0.00904066
0.00298047
0.00170934
0.00132202
0.000918391
0.000556136
0.000384953
0.000344545
0.000339676
0.000333128
0.000321355
0.000308755
0.00029713
0.000286396
0.000276006
0.000265775
0.00025587
0.000246599
0.000238285
0.000231173
0.000225477
0.000221398
0.000219207
0.000219294
0.000221089
0.000225749
0.00023435
0.000247514
0.000266444
0.000292473
0.000326975
0.000372365
0.000429714
0.000496712
0.000563628
0.000604523
0.000615817
0.00068209
0.00124862
0.00333841
0.00921667
0.00283095
0.00172012
0.00133102
0.000957718
0.000594164
0.000400863
0.000347295
0.000339572
0.000334114
0.000323189
0.000310178
0.000298
0.000287016
0.00027667
0.000266697
0.000257197
0.000248369
0.00024047
0.000233725
0.000228316
0.000224436
0.000222381
0.000222576
0.00022437
0.000228888
0.000237234
0.000249839
0.000267744
0.000292421
0.00032604
0.000370403
0.000426742
0.000493751
0.000563418
0.000606386
0.000615829
0.000666378
0.00121524
0.00338092
0.00937642
0.00259515
0.00171514
0.00134347
0.00100998
0.000656868
0.000434397
0.00035425
0.000339784
0.000334731
0.000325091
0.000312369
0.000299802
0.00028844
0.000278128
0.000268533
0.000259514
0.000251187
0.000243753
0.000237417
0.000232368
0.000228788
0.000227042
0.000227411
0.000229372
0.000234021
0.000242342
0.000254745
0.000272181
0.000295935
0.000327635
0.000370138
0.000425698
0.000492549
0.000563972
0.000608472
0.000616141
0.000656809
0.00118706
0.00344559
0.00952383
0.00228415
0.00169302
0.00136409
0.00105817
0.000716589
0.00047113
0.000366785
0.000341157
0.000334695
0.00032682
0.000315064
0.000302477
0.000290859
0.000280493
0.000271133
0.000262577
0.000254809
0.000247945
0.000242151
0.000237605
0.000234462
0.000233259
0.000233879
0.000236165
0.000241216
0.000249722
0.000262121
0.000279245
0.000302343
0.000332997
0.00037384
0.000426937
0.000492485
0.000566154
0.000610684
0.000615801
0.000643515
0.0011594
0.00351438
0.00966366
0.00191244
0.00163716
0.00137537
0.00112441
0.000807021
0.000537165
0.000393723
0.000346304
0.000334978
0.000327565
0.000317476
0.000305513
0.000293919
0.000283567
0.000274451
0.000266369
0.000259224
0.000253042
0.00024794
0.000244073
0.000241557
0.000241166
0.000242137
0.000244947
0.000250699
0.000259599
0.000272203
0.000289199
0.000311815
0.000341407
0.000380876
0.000432376
0.000495957
0.000569836
0.000612178
0.000614368
0.000631998
0.00113904
0.0035962
0.00979827
0.00149871
0.00150129
0.00138418
0.00116124
0.000880592
0.000610096
0.000433241
0.000358974
0.000337141
0.000328079
0.000319151
0.00030852
0.00029743
0.000287258
0.000278428
0.000270867
0.000264438
0.000259087
0.000254883
0.000251877
0.000250404
0.000250776
0.000252422
0.000256191
0.000262785
0.000272286
0.00028528
0.000302287
0.0003246
0.000353293
0.000391421
0.000440586
0.000501195
0.000574497
0.000612759
0.00061083
0.000616948
0.00111956
0.0036747
0.00993044
0.00108901
0.00135329
0.00135644
0.00124146
0.000979769
0.000707069
0.000500538
0.000387483
0.000344989
0.000329977
0.000320224
0.000310578
0.00030071
0.000291302
0.00028305
0.000276155
0.000270588
0.000266234
0.00026319
0.000261236
0.00026133
0.000262408
0.000265121
0.000270276
0.000277841
0.000288096
0.000301599
0.000318678
0.000340792
0.000368554
0.000405283
0.000451654
0.000508374
0.000578886
0.000610885
0.00060384
0.000600801
0.0011034
0.00376695
0.0100632
0.000727906
0.00115884
0.00129636
0.00124419
0.00107657
0.000810335
0.000585534
0.000436031
0.000364786
0.000336722
0.000323
0.000312551
0.000303055
0.000294704
0.000287576
0.000281834
0.000277465
0.000274545
0.000272733
0.000272843
0.00027387
0.000276322
0.000280818
0.000287258
0.000295948
0.000306998
0.000320998
0.000338109
0.000359997
0.000386556
0.000421469
0.00046373
0.000514911
0.000580785
0.000603959
0.000590802
0.000580201
0.00108931
0.00385437
0.0101996
0.000460351
0.0009307
0.00123474
0.00123159
0.00114848
0.000933199
0.000701115
0.000521829
0.000408524
0.000355845
0.000331597
0.000317351
0.000306677
0.000297997
0.000291487
0.000286974
0.000284154
0.000283006
0.000283394
0.000284814
0.000287794
0.000292267
0.000298493
0.000306314
0.000316168
0.000327867
0.00034222
0.000359307
0.000380659
0.000405265
0.000436111
0.000471458
0.000517869
0.000579235
0.000589769
0.000568826
0.000559062
0.00108265
0.00394701
0.0103427
0.00030533
0.000707947
0.00112461
0.00120396
0.00116452
0.00104628
0.000823631
0.00063345
0.000489365
0.00040005
0.0003552
0.000330813
0.000315466
0.000304747
0.000297269
0.000292521
0.000290603
0.000291087
0.000292773
0.000296265
0.000301313
0.000307668
0.000315597
0.000324642
0.000335572
0.000347603
0.0003624
0.00037778
0.000396309
0.000416179
0.000442575
0.000473996
0.000518267
0.000564331
0.000563299
0.000536563
0.000538003
0.00108088
0.00403473
0.0104944
0.000282665
0.000528694
0.000967956
0.00115098
0.00115339
0.00110456
0.000968126
0.000776595
0.000617289
0.000492663
0.000412136
0.000366631
0.000339195
0.000321617
0.000310117
0.00030321
0.000299599
0.000299917
0.000301692
0.000305608
0.000311713
0.000319104
0.000327998
0.000337551
0.000348483
0.000359598
0.00037245
0.000385283
0.000401691
0.000419072
0.000443427
0.000470043
0.000504279
0.000529787
0.000523648
0.000500881
0.0005283
0.00110419
0.00412281
0.010662
0.000286875
0.000420729
0.000779783
0.00103831
0.00112466
0.00111588
0.00106379
0.000940138
0.000783047
0.00064671
0.000534667
0.000452128
0.000400395
0.000366803
0.000344359
0.000329911
0.000320985
0.00031645
0.000316512
0.000317937
0.000321428
0.000327015
0.000334505
0.000342446
0.000352176
0.000361646
0.000373033
0.000383845
0.00039754
0.000410891
0.000428611
0.000446381
0.000465813
0.000480566
0.000480153
0.000483977
0.000531661
0.00116989
0.00424703
0.0108667
0.000295732
0.000381931
0.000641336
0.000905122
0.00106696
0.00112991
0.00112517
0.00108484
0.00099059
0.000859804
0.00073823
0.000625283
0.000541851
0.000481731
0.000438021
0.000406339
0.000383827
0.000367636
0.000357356
0.000351489
0.000348026
0.000348142
0.000349298
0.000351754
0.000356388
0.000361045
0.000368123
0.000375123
0.000385082
0.000394932
0.000408766
0.000422801
0.000439849
0.000457025
0.000463879
0.000483025
0.000608859
0.00137874
0.0045433
0.0111531
0.000385853
0.000423477
0.000608494
0.000828803
0.00102981
0.00115926
0.00121502
0.0012276
0.00120843
0.00115588
0.00106472
0.000968493
0.000863747
0.00076721
0.000684338
0.000615622
0.0005599
0.000515495
0.000479863
0.000453831
0.000434554
0.000420177
0.000410258
0.000402309
0.000398211
0.00039439
0.000393963
0.000394875
0.00039742
0.000402552
0.000410769
0.000422408
0.000440505
0.000466352
0.000513327
0.000621464
0.000907724
0.00190064
0.00518147
0.011604
0.000607719
0.000540068
0.000739045
0.00093835
0.00112261
0.00126826
0.00135934
0.00139068
0.00138206
0.00135321
0.00129017
0.00121095
0.00112357
0.00103681
0.000957188
0.000886571
0.000826725
0.000776136
0.000735042
0.000700354
0.000672206
0.000650418
0.000634473
0.000623936
0.000618057
0.000618998
0.000623061
0.000632368
0.000646622
0.000676493
0.000712834
0.000776188
0.000850528
0.000970873
0.00112874
0.00139736
0.00188191
0.0031476
0.00634558
0.012263
0.00148107
0.0019323
0.00255668
0.00283323
0.00294659
0.00297991
0.00297015
0.00292728
0.0028492
0.00277773
0.00270758
0.00263719
0.00257297
0.00251513
0.0024686
0.00243
0.00240671
0.0023892
0.00238971
0.00239563
0.00240948
0.00243586
0.00246989
0.00251591
0.00256881
0.00263659
0.00271069
0.0028052
0.00290454
0.00303316
0.00315189
0.00333549
0.00353285
0.00380966
0.00410138
0.00455193
0.00508549
0.0063481
0.00865027
0.0133861
0.0092497
0.0143557
0.0173333
0.0185186
0.0189355
0.0189135
0.0187534
0.0184
0.017953
0.0174924
0.0170518
0.0166457
0.01628
0.0159533
0.0156634
0.0154055
0.0151766
0.0149725
0.0147907
0.0146287
0.0144843
0.0143565
0.0142439
0.0141462
0.0140621
0.0139923
0.0139356
0.0138937
0.0138646
0.0138515
0.0138543
0.0138605
0.013874
0.0138991
0.0139527
0.0140206
0.0141769
0.0143544
0.0152503
0.014826
)
;

boundaryField
{
    movingWall
    {
        type            kqRWallFunction;
        value           nonuniform List<scalar> 
40
(
0.0092497
0.0143557
0.0173333
0.0185186
0.0189355
0.0189135
0.0187534
0.0184
0.017953
0.0174924
0.0170518
0.0166457
0.01628
0.0159533
0.0156634
0.0154055
0.0151766
0.0149725
0.0147907
0.0146287
0.0144843
0.0143565
0.0142439
0.0141462
0.0140621
0.0139923
0.0139356
0.0138937
0.0138646
0.0138515
0.0138543
0.0138605
0.013874
0.0138991
0.0139527
0.0140206
0.0141769
0.0143544
0.0152503
0.014826
)
;
    }
    fixedWalls
    {
        type            kqRWallFunction;
        value           nonuniform List<scalar> 
120
(
0.000147308
0.000252589
0.000412159
0.000551887
0.000636627
0.000681585
0.000711375
0.000751614
0.000855388
0.00105816
0.00128047
0.00149903
0.0017107
0.00190692
0.00210557
0.00230477
0.00249013
0.00266035
0.00281222
0.00294446
0.00303898
0.0030705
0.00304992
0.00298047
0.00283095
0.00259515
0.00228415
0.00191244
0.00149871
0.00108901
0.000727906
0.000460351
0.00030533
0.000282665
0.000286875
0.000295732
0.000385853
0.000607719
0.00148107
0.0092497
0.000326534
0.000368178
0.00043148
0.000488916
0.000521485
0.000551873
0.000608377
0.000691446
0.00082199
0.000942358
0.00144369
0.00231018
0.00337265
0.00443455
0.00539268
0.00621677
0.00691144
0.00747775
0.00793949
0.00830777
0.00860122
0.00883901
0.00904066
0.00921667
0.00937642
0.00952383
0.00966366
0.00979827
0.00993044
0.0100632
0.0101996
0.0103427
0.0104944
0.010662
0.0108667
0.0111531
0.011604
0.012263
0.0133861
0.014826
0.000147308
0.000172474
0.000213882
0.000253095
0.000277791
0.000291628
0.00031083
0.000337666
0.000368035
0.000412913
0.000525955
0.000858499
0.00134027
0.00192347
0.00250669
0.00302342
0.00344045
0.00373929
0.00390453
0.00397445
0.00398867
0.00391611
0.00378871
0.00361232
0.00342108
0.0032074
0.00298669
0.00276049
0.00253894
0.0022974
0.00204577
0.00175757
0.00148688
0.00133956
0.00123855
0.00115715
0.0010513
0.000859774
0.000569112
0.000326534
)
;
    }
    frontAndBack
    {
        type            empty;
    }
}


// ************************************************************************* //
