/*--------------------------------*- C++ -*----------------------------------*\
| =========                 |                                                 |
| \\      /  F ield         | OpenFOAM: The Open Source CFD Toolbox           |
|  \\    /   O peration     | Version:  2412                                  |
|   \\  /    A nd           | Website:  www.openfoam.com                      |
|    \\/     M anipulation  |                                                 |
\*---------------------------------------------------------------------------*/
FoamFile
{
    version     2.0;
    format      ascii;
    arch        "LSB;label=32;scalar=64";
    class       volScalarField;
    location    "6.75";
    object      nut;
}
// * * * * * * * * * * * * * * * * * * * * * * * * * * * * * * * * * * * * * //

dimensions      [0 2 -1 0 0 0 0];

internalField   nonuniform List<scalar> 
1600
(
3.40864e-06
3.68828e-06
4.10711e-06
4.46764e-06
4.6804e-06
4.79542e-06
4.9507e-06
5.16005e-06
5.38723e-06
5.70632e-06
6.4399e-06
8.22741e-06
1.02799e-05
1.23149e-05
1.40583e-05
1.54391e-05
1.6469e-05
1.71689e-05
1.75435e-05
1.76995e-05
1.77309e-05
1.75683e-05
1.728e-05
1.68727e-05
1.642e-05
1.58989e-05
1.53421e-05
1.47499e-05
1.41455e-05
1.34558e-05
1.26974e-05
1.1769e-05
1.08257e-05
1.02763e-05
9.88165e-06
9.55163e-06
9.1043e-06
8.23321e-06
6.69838e-06
5.07374e-06
4.46343e-06
5.05839e-06
6.01226e-06
6.48952e-06
6.71541e-06
7.58009e-06
9.41003e-06
1.05066e-05
1.18091e-05
1.40982e-05
1.52182e-05
1.62326e-05
1.65147e-05
1.6236e-05
1.66165e-05
1.66667e-05
1.66583e-05
1.7047e-05
1.78381e-05
1.92591e-05
2.11097e-05
2.28002e-05
2.48628e-05
2.70021e-05
2.94295e-05
3.2015e-05
3.45525e-05
3.65902e-05
3.76254e-05
3.80645e-05
3.82738e-05
3.75727e-05
3.70524e-05
3.46451e-05
2.96964e-05
2.36176e-05
1.59178e-05
1.05824e-05
7.81733e-06
5.38764e-06
5.7013e-06
6.6757e-06
9.37746e-06
1.13892e-05
1.19676e-05
1.32771e-05
1.64431e-05
1.93473e-05
2.03897e-05
2.00126e-05
1.93999e-05
1.84007e-05
1.79929e-05
1.88418e-05
1.79757e-05
1.80744e-05
1.88378e-05
1.99297e-05
2.1261e-05
2.25073e-05
2.32929e-05
2.40114e-05
2.5036e-05
2.55781e-05
2.67066e-05
2.77869e-05
2.95185e-05
3.1651e-05
3.43057e-05
3.63595e-05
3.7834e-05
3.83392e-05
3.75998e-05
3.64178e-05
3.44081e-05
2.98257e-05
2.28166e-05
1.48539e-05
9.13408e-06
5.83236e-06
6.597e-06
9.24865e-06
1.45111e-05
1.72321e-05
1.90307e-05
2.13805e-05
2.37722e-05
2.3473e-05
2.2014e-05
2.08027e-05
1.97841e-05
1.89903e-05
1.94146e-05
1.66353e-05
1.75934e-05
1.65202e-05
1.74398e-05
1.66823e-05
1.68807e-05
1.61696e-05
1.57878e-05
1.55149e-05
1.49819e-05
1.48338e-05
1.47753e-05
1.50554e-05
1.56725e-05
1.68866e-05
1.89318e-05
2.27852e-05
2.71559e-05
3.08394e-05
3.26483e-05
3.29375e-05
3.32456e-05
3.0831e-05
2.54432e-05
1.6517e-05
9.77968e-06
6.20828e-06
7.08524e-06
1.37098e-05
2.07425e-05
2.27827e-05
2.42399e-05
2.62513e-05
2.49533e-05
2.37167e-05
2.22005e-05
2.04431e-05
1.97939e-05
1.71999e-05
1.61161e-05
1.45392e-05
1.5356e-05
1.40382e-05
1.46839e-05
1.3935e-05
1.40053e-05
1.36312e-05
1.34649e-05
1.33504e-05
1.2952e-05
1.27672e-05
1.23521e-05
1.20835e-05
1.18775e-05
1.19677e-05
1.25072e-05
1.38534e-05
1.65104e-05
2.18954e-05
2.74445e-05
2.98649e-05
3.02071e-05
3.10991e-05
2.81164e-05
1.80804e-05
1.05489e-05
6.41149e-06
7.33117e-06
1.91781e-05
2.62882e-05
2.72422e-05
2.80914e-05
2.66946e-05
2.54665e-05
2.35027e-05
2.13073e-05
1.88728e-05
1.61281e-05
1.45835e-05
1.40736e-05
1.37159e-05
1.44902e-05
1.4386e-05
1.50547e-05
1.52141e-05
1.56583e-05
1.57442e-05
1.58259e-05
1.57776e-05
1.55204e-05
1.50704e-05
1.44842e-05
1.37345e-05
1.28978e-05
1.20804e-05
1.14777e-05
1.12963e-05
1.1888e-05
1.38758e-05
1.83048e-05
2.54206e-05
2.83882e-05
2.88091e-05
2.97813e-05
2.34991e-05
1.27886e-05
6.59501e-06
7.48987e-06
2.43533e-05
3.0777e-05
3.0527e-05
2.8584e-05
2.73097e-05
2.50485e-05
2.22498e-05
1.85339e-05
1.54349e-05
1.39357e-05
1.36789e-05
1.41626e-05
1.49164e-05
1.59922e-05
1.67408e-05
1.79136e-05
1.85463e-05
1.94791e-05
1.98904e-05
2.01614e-05
2.02433e-05
1.99778e-05
1.93425e-05
1.8425e-05
1.71956e-05
1.57773e-05
1.42757e-05
1.28519e-05
1.1704e-05
1.10031e-05
1.10675e-05
1.25586e-05
1.64265e-05
2.37582e-05
2.70835e-05
2.74038e-05
2.78157e-05
1.49323e-05
6.92409e-06
7.69903e-06
2.89549e-05
3.39165e-05
3.13005e-05
2.96177e-05
2.68291e-05
2.3368e-05
1.87132e-05
1.52463e-05
1.35596e-05
1.38911e-05
1.46308e-05
1.60433e-05
1.73604e-05
1.90851e-05
2.04873e-05
2.2281e-05
2.36047e-05
2.51057e-05
2.60271e-05
2.67258e-05
2.72614e-05
2.72956e-05
2.67898e-05
2.57683e-05
2.41631e-05
2.19792e-05
1.92991e-05
1.63761e-05
1.37076e-05
1.17853e-05
1.07176e-05
1.06995e-05
1.21471e-05
1.62474e-05
2.27664e-05
2.53843e-05
2.61222e-05
1.69793e-05
7.3813e-06
8.21349e-06
3.22251e-05
3.49978e-05
3.32196e-05
2.92298e-05
2.51902e-05
1.98934e-05
1.54019e-05
1.38347e-05
1.39174e-05
1.53183e-05
1.66503e-05
1.88208e-05
2.07013e-05
2.31133e-05
2.51634e-05
2.75393e-05
2.93474e-05
3.09464e-05
3.21012e-05
3.29687e-05
3.3761e-05
3.37338e-05
3.35144e-05
3.27251e-05
3.14493e-05
2.94775e-05
2.68208e-05
2.34816e-05
1.93962e-05
1.51065e-05
1.1944e-05
1.03851e-05
1.04481e-05
1.24608e-05
1.77344e-05
2.26279e-05
2.36543e-05
2.09633e-05
8.04862e-06
9.13518e-06
3.36247e-05
3.68686e-05
3.30672e-05
2.79684e-05
2.21094e-05
1.62655e-05
1.409e-05
1.41786e-05
1.53875e-05
1.72932e-05
1.92848e-05
2.21835e-05
2.45474e-05
2.76328e-05
3.00768e-05
3.26444e-05
3.44224e-05
3.59121e-05
3.69844e-05
3.78568e-05
3.83913e-05
3.83879e-05
3.81739e-05
3.75336e-05
3.65054e-05
3.49499e-05
3.27421e-05
2.97302e-05
2.58549e-05
2.11152e-05
1.61325e-05
1.20814e-05
1.02718e-05
1.05111e-05
1.32676e-05
1.97808e-05
2.19197e-05
2.14462e-05
8.61728e-06
1.00489e-05
3.42359e-05
3.78552e-05
3.24831e-05
2.5483e-05
1.86424e-05
1.46603e-05
1.42145e-05
1.54469e-05
1.71792e-05
1.96028e-05
2.23614e-05
2.57653e-05
2.86143e-05
3.20348e-05
3.44811e-05
3.69319e-05
3.85914e-05
3.98903e-05
4.07813e-05
4.15551e-05
4.20129e-05
4.20488e-05
4.19022e-05
4.14197e-05
4.06e-05
3.93137e-05
3.74214e-05
3.47391e-05
3.11054e-05
2.65207e-05
2.11129e-05
1.56269e-05
1.16613e-05
1.03332e-05
1.15339e-05
1.60248e-05
2.09813e-05
2.12518e-05
1.06633e-05
1.08726e-05
3.4087e-05
3.8441e-05
3.10944e-05
2.26505e-05
1.62641e-05
1.43126e-05
1.51241e-05
1.69733e-05
1.9047e-05
2.2228e-05
2.55574e-05
2.93169e-05
3.24711e-05
3.58465e-05
3.81563e-05
4.03711e-05
4.18249e-05
4.30863e-05
4.37843e-05
4.43272e-05
4.48062e-05
4.47961e-05
4.4685e-05
4.43198e-05
4.37281e-05
4.28108e-05
4.14278e-05
3.9344e-05
3.62487e-05
3.18527e-05
2.62258e-05
1.98584e-05
1.40658e-05
1.06049e-05
1.01006e-05
1.26378e-05
1.90579e-05
2.06139e-05
1.34896e-05
1.16147e-05
3.36897e-05
3.82702e-05
2.92102e-05
2.01175e-05
1.51806e-05
1.46904e-05
1.63315e-05
1.84705e-05
2.10835e-05
2.49333e-05
2.86471e-05
3.25875e-05
3.58286e-05
3.89716e-05
4.11323e-05
4.31125e-05
4.44432e-05
4.55519e-05
4.62014e-05
4.65194e-05
4.69551e-05
4.68547e-05
4.66858e-05
4.63066e-05
4.57618e-05
4.49951e-05
4.3915e-05
4.23466e-05
4.00065e-05
3.64849e-05
3.13463e-05
2.47306e-05
1.76002e-05
1.24201e-05
1.05881e-05
1.19476e-05
1.67193e-05
2.01526e-05
1.63006e-05
1.22625e-05
3.26897e-05
3.77863e-05
2.7499e-05
1.80581e-05
1.48284e-05
1.54207e-05
1.76013e-05
1.98907e-05
2.31935e-05
2.75167e-05
3.14536e-05
3.54153e-05
3.86076e-05
4.14965e-05
4.35463e-05
4.53487e-05
4.66066e-05
4.76035e-05
4.81763e-05
4.84528e-05
4.87677e-05
4.86207e-05
4.83819e-05
4.79761e-05
4.74465e-05
4.67675e-05
4.58701e-05
4.4608e-05
4.27327e-05
3.98695e-05
3.55216e-05
2.92465e-05
2.15371e-05
1.42812e-05
1.04311e-05
1.06218e-05
1.46864e-05
1.99332e-05
1.86927e-05
1.28851e-05
3.15911e-05
3.68251e-05
2.57267e-05
1.70182e-05
1.4904e-05
1.62672e-05
1.8758e-05
2.13046e-05
2.52335e-05
2.9832e-05
3.38696e-05
3.77563e-05
4.08566e-05
4.35467e-05
4.55356e-05
4.7231e-05
4.84622e-05
4.94038e-05
4.99724e-05
5.02731e-05
5.03906e-05
5.02166e-05
4.9868e-05
4.93784e-05
4.87863e-05
4.81011e-05
4.72907e-05
4.62531e-05
4.47809e-05
4.25215e-05
3.89531e-05
3.34482e-05
2.57749e-05
1.73158e-05
1.16402e-05
1.04382e-05
1.2969e-05
1.97908e-05
2.06143e-05
1.34806e-05
2.99274e-05
3.57657e-05
2.43908e-05
1.64815e-05
1.51962e-05
1.71064e-05
1.97656e-05
2.26656e-05
2.70755e-05
3.17911e-05
3.58587e-05
3.96385e-05
4.266e-05
4.52268e-05
4.72049e-05
4.88638e-05
5.01159e-05
5.10597e-05
5.16129e-05
5.18792e-05
5.19507e-05
5.16974e-05
5.12358e-05
5.06412e-05
4.99565e-05
4.92112e-05
4.83979e-05
4.74477e-05
4.61955e-05
4.4333e-05
4.13645e-05
3.66045e-05
2.94358e-05
2.04924e-05
1.29587e-05
1.0412e-05
1.26241e-05
1.82822e-05
2.21338e-05
1.40121e-05
2.79748e-05
3.45557e-05
2.34794e-05
1.62113e-05
1.55624e-05
1.78596e-05
2.06258e-05
2.3901e-05
2.86245e-05
3.337e-05
3.74349e-05
4.11136e-05
4.40895e-05
4.66011e-05
4.86086e-05
5.02849e-05
5.15862e-05
5.25553e-05
5.31126e-05
5.33377e-05
5.3373e-05
5.3039e-05
5.24656e-05
5.17558e-05
5.09644e-05
5.01361e-05
4.92856e-05
4.83772e-05
4.729e-05
4.57601e-05
4.33233e-05
3.92659e-05
3.27067e-05
2.34923e-05
1.44742e-05
1.05361e-05
1.197e-05
1.78368e-05
2.3338e-05
1.44829e-05
2.60738e-05
3.34488e-05
2.29808e-05
1.62254e-05
1.59237e-05
1.84905e-05
2.13813e-05
2.49569e-05
2.98429e-05
3.45567e-05
3.86079e-05
4.22174e-05
4.51845e-05
4.76927e-05
4.97552e-05
5.14795e-05
5.28394e-05
5.38373e-05
5.44365e-05
5.46004e-05
5.45877e-05
5.41799e-05
5.35083e-05
5.26906e-05
5.17962e-05
5.08779e-05
4.99614e-05
4.90305e-05
4.8004e-05
4.66643e-05
4.4594e-05
4.11218e-05
3.53338e-05
2.66088e-05
1.65778e-05
1.1018e-05
1.18526e-05
1.71157e-05
2.42754e-05
1.48905e-05
2.4266e-05
3.20794e-05
2.28315e-05
1.62109e-05
1.62156e-05
1.89582e-05
2.19773e-05
2.57629e-05
3.06733e-05
3.53808e-05
3.94383e-05
4.29961e-05
4.59694e-05
4.84994e-05
5.06234e-05
5.24055e-05
5.3823e-05
5.48556e-05
5.54801e-05
5.55986e-05
5.55261e-05
5.50566e-05
5.431e-05
5.34049e-05
5.24264e-05
5.1434e-05
5.04617e-05
4.95055e-05
4.85232e-05
4.73419e-05
4.55781e-05
4.25554e-05
3.72778e-05
2.87792e-05
1.81176e-05
1.13482e-05
1.1638e-05
1.69165e-05
2.50137e-05
1.52365e-05
2.26043e-05
3.10159e-05
2.28719e-05
1.65874e-05
1.64069e-05
1.92943e-05
2.24464e-05
2.63161e-05
3.12182e-05
3.58305e-05
3.98438e-05
4.33936e-05
4.64053e-05
4.89802e-05
5.11681e-05
5.30074e-05
5.44736e-05
5.55334e-05
5.61628e-05
5.62697e-05
5.61322e-05
5.56211e-05
5.48294e-05
5.38646e-05
5.28279e-05
5.17761e-05
5.07537e-05
4.97552e-05
4.87729e-05
4.76822e-05
4.61515e-05
4.35505e-05
3.8907e-05
3.10985e-05
2.02031e-05
1.19761e-05
1.1635e-05
1.66582e-05
2.55872e-05
1.54791e-05
2.08275e-05
2.9308e-05
2.32823e-05
1.68092e-05
1.65466e-05
1.93965e-05
2.2697e-05
2.65893e-05
3.12598e-05
3.59256e-05
4.00584e-05
4.35755e-05
4.65845e-05
4.91792e-05
5.13991e-05
5.326e-05
5.47373e-05
5.57972e-05
5.64136e-05
5.65494e-05
5.63299e-05
5.576e-05
5.49259e-05
5.39127e-05
5.2874e-05
5.18691e-05
5.08485e-05
4.98186e-05
4.88362e-05
4.78204e-05
4.64723e-05
4.41636e-05
3.98604e-05
3.2408e-05
2.14367e-05
1.23401e-05
1.15546e-05
1.67469e-05
2.60351e-05
1.5559e-05
1.90741e-05
2.77825e-05
2.34356e-05
1.71529e-05
1.65542e-05
1.93373e-05
2.26658e-05
2.65245e-05
3.10997e-05
3.55311e-05
3.95226e-05
4.31195e-05
4.61918e-05
4.88035e-05
5.10213e-05
5.28818e-05
5.43891e-05
5.54961e-05
5.61691e-05
5.63883e-05
5.61846e-05
5.56933e-05
5.48495e-05
5.38135e-05
5.27609e-05
5.1663e-05
5.05624e-05
4.95547e-05
4.86748e-05
4.77149e-05
4.65324e-05
4.45432e-05
4.06806e-05
3.36479e-05
2.29719e-05
1.29238e-05
1.15254e-05
1.68968e-05
2.63924e-05
1.55068e-05
1.74818e-05
2.62612e-05
2.36227e-05
1.76164e-05
1.65565e-05
1.91613e-05
2.25168e-05
2.62982e-05
3.06931e-05
3.50798e-05
3.90001e-05
4.24798e-05
4.55318e-05
4.81925e-05
5.04885e-05
5.24223e-05
5.39514e-05
5.50576e-05
5.57264e-05
5.59418e-05
5.57004e-05
5.53062e-05
5.46159e-05
5.36528e-05
5.26272e-05
5.14776e-05
5.02929e-05
4.92029e-05
4.81455e-05
4.72862e-05
4.63438e-05
4.46097e-05
4.10017e-05
3.42784e-05
2.37949e-05
1.32253e-05
1.14235e-05
1.70118e-05
2.66916e-05
1.53292e-05
1.62832e-05
2.44145e-05
2.39119e-05
1.85426e-05
1.67138e-05
1.88538e-05
2.21539e-05
2.58002e-05
2.99041e-05
3.41837e-05
3.81921e-05
4.17187e-05
4.47755e-05
4.74115e-05
4.96635e-05
5.15378e-05
5.3032e-05
5.41243e-05
5.4799e-05
5.50507e-05
5.48303e-05
5.45011e-05
5.38806e-05
5.29662e-05
5.20087e-05
5.1038e-05
5.00464e-05
4.89537e-05
4.77462e-05
4.67833e-05
4.58206e-05
4.43839e-05
4.11537e-05
3.4679e-05
2.43816e-05
1.36388e-05
1.1356e-05
1.73914e-05
2.695e-05
1.49396e-05
1.53845e-05
2.24423e-05
2.36618e-05
1.89261e-05
1.65279e-05
1.82996e-05
2.14947e-05
2.50634e-05
2.89613e-05
3.29804e-05
3.68539e-05
4.03686e-05
4.34224e-05
4.60249e-05
4.82346e-05
5.008e-05
5.15653e-05
5.26766e-05
5.3397e-05
5.37328e-05
5.35863e-05
5.33289e-05
5.28105e-05
5.20023e-05
5.11088e-05
5.01296e-05
4.90907e-05
4.80907e-05
4.72641e-05
4.64305e-05
4.54381e-05
4.40976e-05
4.11773e-05
3.48927e-05
2.46208e-05
1.37615e-05
1.11818e-05
1.76704e-05
2.71824e-05
1.43037e-05
1.48727e-05
2.06426e-05
2.33565e-05
2.01197e-05
1.72244e-05
1.78972e-05
2.0744e-05
2.40498e-05
2.76399e-05
3.13916e-05
3.50999e-05
3.85427e-05
4.16006e-05
4.4239e-05
4.64614e-05
4.82996e-05
4.97729e-05
5.08868e-05
5.16384e-05
5.20592e-05
5.20136e-05
5.18305e-05
5.14286e-05
5.07668e-05
4.99798e-05
4.90922e-05
4.81192e-05
4.71207e-05
4.61088e-05
4.54156e-05
4.48362e-05
4.38022e-05
4.08319e-05
3.45801e-05
2.46957e-05
1.38295e-05
1.10361e-05
1.80594e-05
2.73951e-05
1.3419e-05
1.46887e-05
1.94007e-05
2.2383e-05
2.01567e-05
1.70646e-05
1.72128e-05
1.98231e-05
2.29825e-05
2.63603e-05
2.98069e-05
3.32352e-05
3.64987e-05
3.94675e-05
4.20712e-05
4.42887e-05
4.61293e-05
4.761e-05
4.87461e-05
4.95373e-05
5.0049e-05
5.01305e-05
5.00222e-05
4.97434e-05
4.92514e-05
4.85858e-05
4.7802e-05
4.69029e-05
4.5997e-05
4.50931e-05
4.4457e-05
4.37448e-05
4.28531e-05
4.02675e-05
3.4045e-05
2.44261e-05
1.36926e-05
1.081e-05
1.84074e-05
2.75954e-05
1.22785e-05
1.44684e-05
1.8296e-05
2.2059e-05
2.13834e-05
1.83112e-05
1.71548e-05
1.87734e-05
2.15906e-05
2.46327e-05
2.78285e-05
3.10145e-05
3.40991e-05
3.69678e-05
3.95285e-05
4.17365e-05
4.35853e-05
4.50858e-05
4.62622e-05
4.71016e-05
4.77186e-05
4.79332e-05
4.79026e-05
4.77605e-05
4.74542e-05
4.69176e-05
4.62581e-05
4.54565e-05
4.46711e-05
4.38394e-05
4.33672e-05
4.27911e-05
4.20191e-05
3.94715e-05
3.30386e-05
2.38049e-05
1.34387e-05
1.06011e-05
1.88127e-05
2.77868e-05
1.08691e-05
1.37917e-05
1.77962e-05
2.05136e-05
2.07774e-05
1.86068e-05
1.69492e-05
1.79038e-05
2.0422e-05
2.31449e-05
2.59403e-05
2.87738e-05
3.15405e-05
3.41789e-05
3.66123e-05
3.87748e-05
4.0631e-05
4.2167e-05
4.34134e-05
4.43079e-05
4.51076e-05
4.53348e-05
4.54584e-05
4.55341e-05
4.53589e-05
4.49652e-05
4.44577e-05
4.37837e-05
4.3173e-05
4.24675e-05
4.21753e-05
4.15733e-05
4.07823e-05
3.82957e-05
3.16541e-05
2.28443e-05
1.29284e-05
1.03239e-05
1.91805e-05
2.79734e-05
9.26465e-06
1.40884e-05
1.71611e-05
2.14678e-05
2.17349e-05
1.9767e-05
1.75879e-05
1.71219e-05
1.88731e-05
2.1403e-05
2.38958e-05
2.64005e-05
2.89067e-05
3.13123e-05
3.35598e-05
3.56008e-05
3.74062e-05
3.89393e-05
4.02442e-05
4.11929e-05
4.21683e-05
4.24254e-05
4.27205e-05
4.30077e-05
4.29679e-05
4.27339e-05
4.24118e-05
4.19016e-05
4.15216e-05
4.09619e-05
4.08536e-05
4.01641e-05
3.92674e-05
3.66362e-05
2.97746e-05
2.14763e-05
1.22968e-05
1.00736e-05
1.9604e-05
2.81597e-05
7.57412e-06
1.36267e-05
1.68144e-05
1.91356e-05
2.19578e-05
2.04913e-05
1.83826e-05
1.70225e-05
1.77689e-05
1.98137e-05
2.20376e-05
2.41117e-05
2.61442e-05
2.82183e-05
3.02489e-05
3.2161e-05
3.38964e-05
3.54467e-05
3.67131e-05
3.79359e-05
3.87109e-05
3.92013e-05
3.97879e-05
4.01479e-05
4.02955e-05
4.02436e-05
4.01411e-05
3.98368e-05
3.97294e-05
3.9301e-05
3.93159e-05
3.83481e-05
3.71422e-05
3.42848e-05
2.73046e-05
1.96433e-05
1.1408e-05
9.83083e-06
1.99986e-05
2.83498e-05
6.02318e-06
1.28401e-05
1.74266e-05
1.89116e-05
2.17661e-05
2.17693e-05
1.97326e-05
1.78675e-05
1.70928e-05
1.83153e-05
2.02705e-05
2.22199e-05
2.39445e-05
2.55143e-05
2.70909e-05
2.86812e-05
3.02047e-05
3.16863e-05
3.29871e-05
3.41767e-05
3.49551e-05
3.57674e-05
3.65564e-05
3.70156e-05
3.73806e-05
3.75266e-05
3.767e-05
3.76173e-05
3.77605e-05
3.73535e-05
3.71143e-05
3.5514e-05
3.41883e-05
3.13276e-05
2.42633e-05
1.72897e-05
1.03573e-05
9.62726e-06
2.04186e-05
2.85479e-05
4.90649e-06
1.19431e-05
1.73561e-05
1.91248e-05
2.03966e-05
2.2867e-05
2.10923e-05
1.91959e-05
1.76129e-05
1.72779e-05
1.84871e-05
2.01727e-05
2.18435e-05
2.33646e-05
2.4696e-05
2.59255e-05
2.71533e-05
2.84103e-05
2.94986e-05
3.0531e-05
3.1454e-05
3.2378e-05
3.31888e-05
3.3769e-05
3.43305e-05
3.46281e-05
3.50482e-05
3.4935e-05
3.49194e-05
3.40934e-05
3.35932e-05
3.18793e-05
3.07518e-05
2.70493e-05
2.05347e-05
1.45003e-05
9.18779e-06
9.37799e-06
2.07925e-05
2.87565e-05
4.72164e-06
1.05585e-05
1.71559e-05
1.97088e-05
2.05065e-05
2.20438e-05
2.30094e-05
2.11955e-05
1.9556e-05
1.81159e-05
1.78282e-05
1.85584e-05
1.97164e-05
2.09816e-05
2.22152e-05
2.33899e-05
2.4507e-05
2.56229e-05
2.66186e-05
2.73418e-05
2.82535e-05
2.9112e-05
2.98663e-05
3.04144e-05
3.09455e-05
3.11333e-05
3.13573e-05
3.10289e-05
3.09225e-05
2.99736e-05
2.9436e-05
2.74407e-05
2.57336e-05
2.13768e-05
1.62965e-05
1.16448e-05
8.10673e-06
9.27846e-06
2.11466e-05
2.89851e-05
4.75694e-06
9.8547e-06
1.64938e-05
1.97313e-05
2.09791e-05
2.18931e-05
2.32911e-05
2.33688e-05
2.1781e-05
2.03284e-05
1.91238e-05
1.84524e-05
1.85939e-05
1.91532e-05
1.98953e-05
2.07235e-05
2.156e-05
2.23795e-05
2.33339e-05
2.40782e-05
2.45896e-05
2.52405e-05
2.59004e-05
2.62498e-05
2.66502e-05
2.66405e-05
2.66995e-05
2.61376e-05
2.5696e-05
2.43426e-05
2.31834e-05
2.08132e-05
1.86151e-05
1.51225e-05
1.20372e-05
9.35922e-06
6.87366e-06
9.28864e-06
2.14566e-05
2.92619e-05
4.83013e-06
1.05908e-05
1.63286e-05
2.00489e-05
2.22038e-05
2.30465e-05
2.39339e-05
2.51086e-05
2.51665e-05
2.36544e-05
2.2132e-05
2.05407e-05
1.9807e-05
1.94458e-05
1.93413e-05
1.94032e-05
1.95792e-05
1.97598e-05
2.00171e-05
2.02929e-05
2.04658e-05
2.05951e-05
2.06144e-05
2.05622e-05
2.05398e-05
2.00923e-05
1.97074e-05
1.88109e-05
1.8013e-05
1.66298e-05
1.54482e-05
1.36838e-05
1.22195e-05
1.02674e-05
8.52202e-06
6.81267e-06
6.25373e-06
1.00248e-05
2.20006e-05
2.96449e-05
5.51662e-06
9.93221e-06
1.44386e-05
1.82264e-05
2.1323e-05
2.3445e-05
2.49591e-05
2.63643e-05
2.79554e-05
2.91621e-05
2.88192e-05
2.80913e-05
2.65412e-05
2.48061e-05
2.30612e-05
2.14018e-05
1.98762e-05
1.84971e-05
1.72363e-05
1.62157e-05
1.53643e-05
1.45519e-05
1.38165e-05
1.31048e-05
1.24787e-05
1.17242e-05
1.11129e-05
1.02379e-05
9.43895e-06
8.54823e-06
7.80527e-06
7.01226e-06
6.43431e-06
5.83659e-06
5.62417e-06
5.809e-06
7.15362e-06
1.20022e-05
2.34478e-05
3.02383e-05
6.92165e-06
6.12705e-06
8.51915e-06
1.14575e-05
1.43316e-05
1.67375e-05
1.84267e-05
1.93493e-05
1.96686e-05
1.99857e-05
1.95316e-05
1.86024e-05
1.73401e-05
1.59425e-05
1.454e-05
1.31989e-05
1.19821e-05
1.08821e-05
9.93914e-06
9.06727e-06
8.32623e-06
7.72029e-06
7.20856e-06
6.77644e-06
6.44472e-06
6.18924e-06
6.00684e-06
5.84845e-06
5.81799e-06
5.82465e-06
5.89351e-06
6.14399e-06
6.43946e-06
7.00889e-06
7.7203e-06
8.98018e-06
1.10459e-05
1.60838e-05
2.54662e-05
3.10851e-05
1.0804e-05
8.23388e-06
1.02869e-05
1.12391e-05
1.17449e-05
1.20652e-05
1.22488e-05
1.23463e-05
1.22346e-05
1.21415e-05
1.19948e-05
1.17772e-05
1.15362e-05
1.12839e-05
1.10608e-05
1.08562e-05
1.07263e-05
1.0605e-05
1.05953e-05
1.06045e-05
1.06453e-05
1.07578e-05
1.09096e-05
1.11222e-05
1.13693e-05
1.1689e-05
1.20408e-05
1.24838e-05
1.29591e-05
1.35478e-05
1.41431e-05
1.48791e-05
1.55661e-05
1.65096e-05
1.739e-05
1.87826e-05
2.03236e-05
2.3825e-05
2.77327e-05
3.24773e-05
2.69975e-05
3.36335e-05
3.69574e-05
3.82002e-05
3.86278e-05
3.86054e-05
3.84415e-05
3.80775e-05
3.76119e-05
3.71261e-05
3.66553e-05
3.62161e-05
3.58158e-05
3.54545e-05
3.51308e-05
3.48403e-05
3.45804e-05
3.4347e-05
3.41378e-05
3.39504e-05
3.37824e-05
3.36331e-05
3.35009e-05
3.33859e-05
3.32865e-05
3.32039e-05
3.31366e-05
3.30867e-05
3.30522e-05
3.30367e-05
3.30399e-05
3.30474e-05
3.30635e-05
3.30934e-05
3.31572e-05
3.32379e-05
3.34227e-05
3.36314e-05
3.4665e-05
3.41794e-05
)
;

boundaryField
{
    movingWall
    {
        type            nutkWallFunction;
        blending        stepwise;
        value           uniform 0;
    }
    fixedWalls
    {
        type            nutkWallFunction;
        blending        stepwise;
        value           uniform 0;
    }
    frontAndBack
    {
        type            empty;
    }
}


// ************************************************************************* //
