/*--------------------------------*- C++ -*----------------------------------*\
| =========                 |                                                 |
| \\      /  F ield         | OpenFOAM: The Open Source CFD Toolbox           |
|  \\    /   O peration     | Version:  2412                                  |
|   \\  /    A nd           | Website:  www.openfoam.com                      |
|    \\/     M anipulation  |                                                 |
\*---------------------------------------------------------------------------*/
FoamFile
{
    version     2.0;
    format      ascii;
    arch        "LSB;label=32;scalar=64";
    class       volScalarField;
    location    "6.75";
    object      p;
}
// * * * * * * * * * * * * * * * * * * * * * * * * * * * * * * * * * * * * * //

dimensions      [0 2 -2 0 0 0 0];

internalField   nonuniform List<scalar> 
1600
(
4.55085e-08
-2.44857e-05
-0.000103492
-0.000208611
-0.000305977
-0.000390722
-0.000484125
-0.00060685
-0.000767026
-0.000989963
-0.00130487
-0.00168056
-0.00209236
-0.00259496
-0.00323925
-0.00400445
-0.00486005
-0.00576965
-0.00666229
-0.00741565
-0.00786399
-0.00784273
-0.00725643
-0.00609067
-0.00438155
-0.00220978
0.000280671
0.00287004
0.00526366
0.00711997
0.00814444
0.00824001
0.00757026
0.00644255
0.00528713
0.00444312
0.00401255
0.00394763
0.00402849
0.00410745
-1.69377e-05
-5.49102e-05
-0.000139604
-0.000237194
-0.000309102
-0.000360289
-0.000426964
-0.000526172
-0.000651582
-0.000810814
-0.00106247
-0.00145667
-0.00197381
-0.00261711
-0.00343512
-0.00443425
-0.00555574
-0.006676
-0.00765691
-0.00838013
-0.00874196
-0.00866018
-0.00808771
-0.00700222
-0.00540945
-0.0033665
-0.00099334
0.00151563
0.00388574
0.00579245
0.00694634
0.00722127
0.00672303
0.00576071
0.00471753
0.00396866
0.00366169
0.00371614
0.00389388
0.00401012
-2.56541e-05
-9.33015e-05
-0.000198103
-0.000286328
-0.000329517
-0.000337818
-0.000361561
-0.000434464
-0.000576332
-0.000803042
-0.00117315
-0.0017639
-0.0025994
-0.00364102
-0.00483299
-0.00611114
-0.00738832
-0.00856265
-0.00953172
-0.0102023
-0.0105094
-0.0104073
-0.00985564
-0.00883542
-0.00735551
-0.0054489
-0.00319127
-0.000735125
0.00168702
0.00377821
0.00524468
0.00590238
0.00578081
0.00512996
0.0043126
0.00368543
0.00340915
0.00344815
0.00364398
0.00377237
3.20391e-06
-0.00010341
-0.000232207
-0.000312293
-0.000326017
-0.000322988
-0.000349124
-0.000449397
-0.000697725
-0.00117866
-0.00193672
-0.00297955
-0.00425324
-0.00566952
-0.00713315
-0.00856279
-0.00988108
-0.0110317
-0.0119516
-0.0125769
-0.0128595
-0.0127824
-0.0123301
-0.0114631
-0.0101685
-0.00846925
-0.00641201
-0.00408791
-0.00165081
0.00067472
0.00261551
0.00391639
0.00446296
0.00437427
0.00395432
0.00353426
0.00331463
0.00332065
0.0034573
0.00352783
0.000143922
-1.35579e-05
-0.000157336
-0.000240034
-0.000269649
-0.000304322
-0.000425802
-0.000723389
-0.00129904
-0.00222188
-0.00347589
-0.00498213
-0.00662471
-0.00829939
-0.00991321
-0.0114013
-0.0127135
-0.013811
-0.0146581
-0.0152233
-0.0154893
-0.0154383
-0.0150512
-0.0143281
-0.0132621
-0.0118517
-0.0101139
-0.00807707
-0.00580842
-0.00342796
-0.00111875
0.000883431
0.00234529
0.00315838
0.00343937
0.00342475
0.0033459
0.00334899
0.00336715
0.00334807
0.000454439
0.000234201
6.64903e-05
-5.3679e-05
-0.000160976
-0.000345738
-0.000720987
-0.00140493
-0.00247147
-0.00391141
-0.00562984
-0.00749395
-0.00937195
-0.0111613
-0.0127953
-0.0142298
-0.0154414
-0.0164127
-0.0171329
-0.0175893
-0.0177753
-0.0177014
-0.0173693
-0.0167773
-0.0159226
-0.014804
-0.0134211
-0.0117696
-0.00985009
-0.00768242
-0.00533009
-0.00292155
-0.000662311
0.00119383
0.00246157
0.00313515
0.00336207
0.00338233
0.00330091
0.00319786
0.000921556
0.000641997
0.00041741
0.000210691
-6.68857e-05
-0.000536637
-0.00132532
-0.00252656
-0.00413697
-0.00605369
-0.00812096
-0.0101841
-0.0121276
-0.0138781
-0.0154012
-0.0166829
-0.0177264
-0.0185379
-0.0191241
-0.0194855
-0.0196242
-0.0195456
-0.0192507
-0.0187453
-0.0180355
-0.0171244
-0.0160134
-0.0146968
-0.0131552
-0.0113543
-0.00925741
-0.0068576
-0.00422944
-0.00157786
0.000749666
0.00239396
0.00319376
0.00331737
0.003173
0.00300284
0.00147069
0.00112796
0.000810498
0.0004515
-9.34393e-05
-0.00097031
-0.00228166
-0.00404085
-0.0061399
-0.00840314
-0.0106502
-0.0127462
-0.0146144
-0.0162253
-0.0175805
-0.0186953
-0.0195902
-0.0202813
-0.0207793
-0.0210883
-0.0212087
-0.0211376
-0.020877
-0.0204316
-0.0198107
-0.0190215
-0.0180719
-0.0169653
-0.0156907
-0.0142126
-0.0124644
-0.0103551
-0.00780806
-0.00485215
-0.00175192
0.000936675
0.0026057
0.00308939
0.00297488
0.00272264
0.00197796
0.00155068
0.00110315
0.000536193
-0.000359698
-0.00172236
-0.00358245
-0.0058368
-0.00828896
-0.0107305
-0.0129997
-0.0150084
-0.0167307
-0.0181791
-0.0193828
-0.0203718
-0.0211703
-0.0217921
-0.0222443
-0.0225293
-0.0226455
-0.0225889
-0.0223596
-0.021962
-0.0214026
-0.0206889
-0.0198305
-0.0188367
-0.0177093
-0.0164303
-0.0149487
-0.0131682
-0.010947
-0.00814455
-0.00478299
-0.00130811
0.00138909
0.00263001
0.00270116
0.00229919
0.00226638
0.00175342
0.0011518
0.000334539
-0.000960274
-0.00281603
-0.0051563
-0.00777035
-0.0104135
-0.0128834
-0.0150672
-0.0169335
-0.0185024
-0.0198141
-0.0209094
-0.0218189
-0.0225616
-0.0231462
-0.0235758
-0.0238505
-0.0239688
-0.023928
-0.0237277
-0.0233711
-0.0228621
-0.022206
-0.0214101
-0.0204831
-0.0194315
-0.0182533
-0.0169243
-0.0153788
-0.0134885
-0.0110557
-0.00789713
-0.00412495
-0.000509531
0.00176937
0.00224013
0.00168798
0.00221339
0.00161009
0.000846041
-0.000239032
-0.00192067
-0.00420311
-0.00689375
-0.00971155
-0.0123993
-0.0147929
-0.0168396
-0.0185585
-0.0199992
-0.0212127
-0.0222378
-0.0230991
-0.0238088
-0.0243716
-0.0247886
-0.025059
-0.0251821
-0.0251565
-0.0249821
-0.0246611
-0.0241955
-0.0235887
-0.0228452
-0.0219702
-0.0209691
-0.0198451
-0.0185919
-0.0171786
-0.015522
-0.0134536
-0.0107164
-0.0071176
-0.00298986
0.000342798
0.00145056
0.000950617
0.00173138
0.00105777
0.000142385
-0.00119046
-0.00319626
-0.0057894
-0.0086849
-0.0115647
-0.0141883
-0.0164489
-0.018349
-0.0199408
-0.0212855
-0.0224321
-0.0234119
-0.0242417
-0.0249291
-0.0254767
-0.0258849
-0.0261533
-0.0262817
-0.0262699
-0.0261181
-0.0258278
-0.0254
-0.0248367
-0.02414
-0.0233122
-0.022356
-0.0212739
-0.0200664
-0.0187237
-0.0172044
-0.0154
-0.0130874
-0.00993228
-0.00580058
-0.00165667
0.000362826
0.000112696
0.000825027
0.000110053
-0.000926421
-0.00245648
-0.00469337
-0.00746947
-0.0104372
-0.0132682
-0.0157627
-0.0178725
-0.0196393
-0.02113
-0.022405
-0.0235048
-0.0244524
-0.0252587
-0.0259285
-0.0264635
-0.0268645
-0.0271314
-0.0272646
-0.0272647
-0.027132
-0.0268681
-0.026473
-0.025948
-0.0252936
-0.0245104
-0.0235986
-0.0225586
-0.0213915
-0.0200966
-0.018659
-0.0170219
-0.0150362
-0.0123816
-0.00862855
-0.00409172
-0.00105779
-0.000947142
-0.00042146
-0.00114759
-0.00226695
-0.00393029
-0.00629883
-0.00914323
-0.0120786
-0.0147894
-0.0171279
-0.0190931
-0.0207474
-0.0221596
-0.0233822
-0.0244465
-0.0253681
-0.0261545
-0.0268088
-0.0273326
-0.0277271
-0.0279926
-0.0281299
-0.0281399
-0.0280234
-0.0277817
-0.0274147
-0.0269231
-0.0263067
-0.025565
-0.0246969
-0.0237014
-0.022578
-0.0213285
-0.0199512
-0.0184221
-0.0166586
-0.0144327
-0.0112357
-0.00676998
-0.00291362
-0.00235219
-0.00187903
-0.00258936
-0.00375371
-0.00548808
-0.0079022
-0.0107261
-0.0135592
-0.016116
-0.0182983
-0.0201358
-0.021698
-0.0230484
-0.0242294
-0.0252639
-0.0261629
-0.0269312
-0.0275715
-0.0280852
-0.0284737
-0.0287376
-0.0288782
-0.0288964
-0.0287933
-0.0285702
-0.0282269
-0.027764
-0.0271812
-0.0264775
-0.0256513
-0.0247007
-0.0236246
-0.0224244
-0.0211036
-0.0196569
-0.018047
-0.016142
-0.0135053
-0.0094675
-0.00520634
-0.00414629
-0.003406
-0.0040801
-0.00525864
-0.00701127
-0.00940774
-0.0121537
-0.0148492
-0.0172465
-0.0192872
-0.0210172
-0.0225049
-0.0238051
-0.0249511
-0.0259596
-0.0268381
-0.0275901
-0.0282177
-0.0287224
-0.0291055
-0.0293679
-0.0295111
-0.029536
-0.0294437
-0.0292357
-0.0289121
-0.0284734
-0.0279196
-0.0272496
-0.0264621
-0.025555
-0.0245272
-0.0233799
-0.0221181
-0.0207466
-0.0192551
-0.01758
-0.0154193
-0.0119912
-0.00779492
-0.00625597
-0.00487192
-0.0054962
-0.00666482
-0.00840114
-0.0107418
-0.0133816
-0.0159323
-0.0181834
-0.0201039
-0.0217463
-0.0231739
-0.0244328
-0.0255488
-0.0265343
-0.0273946
-0.0281322
-0.0287487
-0.0292456
-0.0296241
-0.0298852
-0.0300302
-0.0300603
-0.0299766
-0.0297806
-0.0294727
-0.0290538
-0.0285241
-0.0278832
-0.02713
-0.0262632
-0.025282
-0.0241878
-0.0229865
-0.0216882
-0.0202996
-0.0187969
-0.0170068
-0.0142067
-0.0104512
-0.00851633
-0.00616756
-0.00673644
-0.00788216
-0.00958256
-0.0118513
-0.0143825
-0.0168007
-0.0189288
-0.0207529
-0.0223263
-0.0237061
-0.0249312
-0.026022
-0.0269878
-0.0278325
-0.0285579
-0.0291653
-0.0296559
-0.0300308
-0.0302908
-0.0304372
-0.0304712
-0.0303939
-0.030207
-0.029911
-0.0295074
-0.0289968
-0.0283795
-0.0276554
-0.0268239
-0.0258851
-0.0248411
-0.0236988
-0.0224708
-0.0211763
-0.0198116
-0.0183036
-0.0160629
-0.0129651
-0.0107024
-0.00720979
-0.0077273
-0.00884896
-0.0105092
-0.0127049
-0.0151375
-0.0174484
-0.0194827
-0.0212352
-0.0227572
-0.0241006
-0.025299
-0.0263694
-0.0273193
-0.0281515
-0.0288675
-0.0294681
-0.0299541
-0.0303264
-0.0305857
-0.0307332
-0.0307699
-0.030697
-0.0305163
-0.0302285
-0.0298356
-0.0293389
-0.0287395
-0.0280381
-0.0272355
-0.0263326
-0.025333
-0.0242444
-0.0230807
-0.0218719
-0.020621
-0.0193324
-0.0175638
-0.0151697
-0.0126366
-0.00794443
-0.0084226
-0.00953075
-0.0111558
-0.0132835
-0.0156412
-0.0178741
-0.0198455
-0.021551
-0.0230381
-0.0243556
-0.0255345
-0.0265898
-0.027528
-0.0283514
-0.0290611
-0.0296573
-0.0301406
-0.0305116
-0.0307707
-0.030919
-0.0309574
-0.0308869
-0.0307095
-0.0304263
-0.0300394
-0.029551
-0.0289629
-0.0282771
-0.0274954
-0.0266203
-0.0256563
-0.0246133
-0.0235054
-0.0223726
-0.0212133
-0.0200882
-0.0186977
-0.0168984
-0.014327
-0.00834227
-0.00880909
-0.00991318
-0.0115118
-0.0135825
-0.0158936
-0.0180813
-0.0200183
-0.021698
-0.0231655
-0.024468
-0.0256351
-0.0266813
-0.0276127
-0.0284315
-0.0291383
-0.0297331
-0.0302159
-0.0305872
-0.0308469
-0.0309958
-0.0310349
-0.030965
-0.0307882
-0.0305057
-0.0301202
-0.0296343
-0.0290507
-0.0283723
-0.0276024
-0.0267447
-0.0258056
-0.0247968
-0.0237333
-0.0226629
-0.0215729
-0.0205673
-0.0194491
-0.0180516
-0.0158117
-0.0084128
-0.00888936
-0.0099996
-0.0115818
-0.013616
-0.0158932
-0.0180722
-0.0200006
-0.0216732
-0.0231354
-0.0244336
-0.0255972
-0.026641
-0.0275713
-0.0283902
-0.0290981
-0.0296946
-0.0301796
-0.0305529
-0.0308142
-0.030964
-0.031003
-0.0309319
-0.0307528
-0.0304673
-0.0300782
-0.0295887
-0.0290023
-0.028323
-0.0275548
-0.0267033
-0.025776
-0.024787
-0.023752
-0.0227263
-0.0216839
-0.0207697
-0.0198305
-0.0186792
-0.0169682
-0.00820297
-0.00869282
-0.00981236
-0.0113867
-0.013398
-0.0156516
-0.0178434
-0.0197865
-0.0214723
-0.0229447
-0.0242499
-0.0254189
-0.0264674
-0.0274025
-0.0282265
-0.0289398
-0.0295419
-0.0300319
-0.0304094
-0.0306736
-0.0308246
-0.030863
-0.0307892
-0.0306051
-0.0303125
-0.0299145
-0.0294148
-0.0288176
-0.0281276
-0.0273504
-0.0264927
-0.0255633
-0.0245778
-0.0235526
-0.0225508
-0.0215297
-0.0206909
-0.0198573
-0.0188827
-0.0176561
-0.00779143
-0.00826898
-0.00939318
-0.0109581
-0.0129429
-0.0151818
-0.0173918
-0.019369
-0.0210888
-0.0225885
-0.0239134
-0.0250971
-0.0261579
-0.0271042
-0.027939
-0.0286626
-0.0292743
-0.0297728
-0.0301571
-0.030426
-0.0305791
-0.0306167
-0.0305389
-0.0303472
-0.0300438
-0.0296316
-0.0291148
-0.0284981
-0.027787
-0.0269883
-0.0261101
-0.0251626
-0.0241625
-0.0231289
-0.0221236
-0.0210957
-0.0203264
-0.019531
-0.018724
-0.0178316
-0.00726308
-0.00768917
-0.00878923
-0.0103313
-0.0122778
-0.0144963
-0.0167245
-0.018748
-0.0205181
-0.0220606
-0.0234184
-0.0246274
-0.025709
-0.0266737
-0.0275256
-0.0282652
-0.0288913
-0.0294024
-0.0297967
-0.0300725
-0.0302289
-0.0302658
-0.0301828
-0.0299813
-0.0296632
-0.0292316
-0.028691
-0.0280461
-0.0273033
-0.0264699
-0.0255553
-0.0245718
-0.0235379
-0.0224741
-0.0214424
-0.0204001
-0.0196491
-0.0188549
-0.0182117
-0.0175137
-0.00669293
-0.00703104
-0.00805568
-0.00955127
-0.0114402
-0.0136166
-0.0158506
-0.0179222
-0.0197533
-0.0213524
-0.0227568
-0.024003
-0.0251156
-0.0261076
-0.0269843
-0.0277465
-0.0283929
-0.0289214
-0.0293296
-0.0296152
-0.0297767
-0.0298133
-0.0297245
-0.0295109
-0.0291745
-0.0287182
-0.0281464
-0.0274642
-0.0266782
-0.0257964
-0.0248294
-0.023791
-0.0227015
-0.0215843
-0.0205037
-0.0194215
-0.0186693
-0.0178559
-0.0173461
-0.0167519
-0.00613658
-0.0063662
-0.00726315
-0.0086716
-0.0104708
-0.0125694
-0.0147799
-0.0168873
-0.018783
-0.0204507
-0.0219163
-0.023214
-0.0243703
-0.0254005
-0.0263114
-0.0271045
-0.0277783
-0.0283302
-0.0287572
-0.0290564
-0.0292254
-0.029263
-0.029168
-0.0289406
-0.0285825
-0.028096
-0.0274856
-0.0267564
-0.0259149
-0.02497
-0.0239332
-0.0228196
-0.0216523
-0.020458
-0.0193044
-0.0181593
-0.0173882
-0.016535
-0.0161581
-0.0156027
-0.00563119
-0.00575605
-0.00647713
-0.00774119
-0.00940795
-0.0113851
-0.013528
-0.0156419
-0.0175938
-0.0193376
-0.0208796
-0.0222459
-0.0234618
-0.0245443
-0.0255017
-0.0263362
-0.0270464
-0.0276294
-0.0280814
-0.0283988
-0.0285787
-0.0286192
-0.0285185
-0.028276
-0.0278929
-0.027371
-0.0267146
-0.0259283
-0.0250186
-0.0239946
-0.0228691
-0.0216589
-0.0203906
-0.0190942
-0.0178432
-0.0166144
-0.015805
-0.0148898
-0.0146766
-0.0141038
-0.00520281
-0.00523832
-0.0057472
-0.00681038
-0.00829108
-0.0100949
-0.0121142
-0.0141883
-0.0161734
-0.0179922
-0.0196239
-0.0210781
-0.0223739
-0.0235272
-0.0245472
-0.0254369
-0.0261952
-0.0268188
-0.0273037
-0.0276456
-0.0278409
-0.0278871
-0.027782
-0.0275238
-0.0271128
-0.0265507
-0.0258408
-0.0249872
-0.023996
-0.0228765
-0.0216426
-0.020313
-0.0189191
-0.0174957
-0.0161237
-0.0147933
-0.0139361
-0.0129626
-0.0128361
-0.0122315
-0.00485868
-0.00481831
-0.0051087
-0.00592828
-0.00716596
-0.008735
-0.0105654
-0.0125379
-0.0145147
-0.0163937
-0.0181221
-0.019684
-0.0210839
-0.0223319
-0.0234359
-0.024399
-0.0252207
-0.0258976
-0.0264256
-0.0267999
-0.0270165
-0.0270727
-0.0269651
-0.0266911
-0.0262503
-0.0256436
-0.024873
-0.0239419
-0.0228558
-0.021624
-0.0202615
-0.01879
-0.0172466
-0.0156722
-0.014158
-0.0127119
-0.0117981
-0.010738
-0.010679
-0.00996484
-0.00457898
-0.00447152
-0.00458821
-0.00513725
-0.00607537
-0.00734175
-0.00891221
-0.0107108
-0.0126215
-0.0145292
-0.0163495
-0.0180344
-0.019564
-0.0209353
-0.0221502
-0.0232106
-0.0241157
-0.0248624
-0.0254467
-0.0258639
-0.0261098
-0.0261814
-0.0260745
-0.0257859
-0.0253145
-0.0246596
-0.0238216
-0.0228035
-0.0216099
-0.0202502
-0.0187405
-0.0171058
-0.0153902
-0.0136422
-0.0119678
-0.0103978
-0.0094221
-0.00825113
-0.00826128
-0.00736184
-0.00432366
-0.00418126
-0.00420127
-0.00447226
-0.00505413
-0.00595353
-0.00718984
-0.00873859
-0.0105145
-0.012403
-0.0142947
-0.0161069
-0.0177881
-0.0193124
-0.0206697
-0.0218563
-0.0228697
-0.0237071
-0.0243646
-0.0248382
-0.0251238
-0.0252178
-0.0251162
-0.024816
-0.0243145
-0.0236093
-0.0226996
-0.0215874
-0.0202769
-0.0187774
-0.0171057
-0.0152904
-0.0133824
-0.0114395
-0.00958614
-0.00788224
-0.00682803
-0.00552168
-0.00566716
-0.0045808
-0.00408144
-0.00397437
-0.00393878
-0.00395034
-0.00413659
-0.00460541
-0.00543732
-0.00666455
-0.00823662
-0.0100487
-0.0119752
-0.0139025
-0.0157447
-0.0174463
-0.0189767
-0.020321
-0.0214718
-0.0224246
-0.0231759
-0.0237225
-0.0240605
-0.0241866
-0.0240975
-0.0237902
-0.0232611
-0.0225073
-0.0215264
-0.0203185
-0.0188877
-0.017243
-0.0154018
-0.0133966
-0.0112827
-0.00912872
-0.00707535
-0.00520747
-0.00400953
-0.00250153
-0.00285343
-0.00149287
-0.00389699
-0.00385019
-0.00375888
-0.00354224
-0.00332788
-0.00332033
-0.00369393
-0.00454343
-0.00585652
-0.00753864
-0.00945594
-0.0114701
-0.0134637
-0.0153506
-0.0170749
-0.0186037
-0.0199197
-0.0210143
-0.0218826
-0.0225211
-0.0229267
-0.0230975
-0.0230311
-0.0227249
-0.0221752
-0.0213791
-0.0203333
-0.0190366
-0.0174911
-0.0157063
-0.0137005
-0.0115086
-0.00918851
-0.00681879
-0.00454946
-0.00246812
-0.00100756
0.000859249
0.000528807
0.00287859
-0.00373549
-0.00375973
-0.00361197
-0.00319246
-0.0025924
-0.00210203
-0.00199917
-0.00244641
-0.00347076
-0.00498726
-0.00685515
-0.00891892
-0.011037
-0.0130963
-0.0150151
-0.0167401
-0.0182396
-0.0194966
-0.0205029
-0.0212536
-0.021745
-0.0219763
-0.0219467
-0.0216549
-0.0210978
-0.0202721
-0.0191751
-0.0178049
-0.0161625
-0.014256
-0.0121044
-0.00974214
-0.00722893
-0.00465
-0.00215803
0.000180463
0.0020085
0.00444918
0.00485518
0.0094287
-0.00349414
-0.0036134
-0.00342823
-0.00280028
-0.00185069
-0.000927736
-0.000390098
-0.000462533
-0.00120828
-0.00255596
-0.00435751
-0.00644207
-0.00865092
-0.0108506
-0.0129394
-0.0148458
-0.0165236
-0.0179453
-0.0190966
-0.0199698
-0.0205603
-0.020867
-0.0208903
-0.0206297
-0.0200842
-0.0192503
-0.0181257
-0.0167094
-0.0150027
-0.0130107
-0.0107484
-0.00824606
-0.00555843
-0.00276665
-1.03579e-05
0.00267403
0.00498052
0.00821319
0.0096887
0.0162701
-0.00345787
-0.00353633
-0.00319278
-0.00230528
-0.00103405
0.000228985
0.00110878
0.00132794
0.000801431
-0.000405159
-0.0021424
-0.00423256
-0.00650459
-0.00881194
-0.0110385
-0.0130991
-0.014935
-0.0165088
-0.0177989
-0.018793
-0.0194864
-0.0198783
-0.0199681
-0.0197557
-0.0192409
-0.0184226
-0.017299
-0.0158712
-0.0141408
-0.0121101
-0.00978364
-0.00717897
-0.00433019
-0.0012811
0.00189409
0.00524212
0.00852457
0.0131532
0.0145438
0.0196619
-0.00254444
-0.00265264
-0.00243572
-0.00153386
-8.9631e-05
0.00142163
0.00253346
0.00295649
0.00257869
0.00146799
-0.000223378
-0.00231859
-0.00464184
-0.00703825
-0.00938123
-0.0115744
-0.013549
-0.0152593
-0.0166762
-0.0177839
-0.0185771
-0.0190532
-0.0192116
-0.0190526
-0.0185775
-0.017787
-0.0166832
-0.0152665
-0.0135421
-0.0115172
-0.00917933
-0.00652572
-0.00355207
-0.000199673
0.00363756
0.0082483
0.0137057
0.0214571
0.0224239
0.0270815
-0.00484833
-0.0047396
-0.00374753
-0.00186242
0.000266729
0.00211958
0.00337479
0.00388794
0.0035928
0.00255395
0.000909782
-0.00117202
-0.00351781
-0.00596652
-0.00838264
-0.010661
-0.0127252
-0.0145238
-0.0160241
-0.0172081
-0.0180674
-0.018599
-0.0188027
-0.0186805
-0.0182353
-0.0174698
-0.0163863
-0.0149846
-0.0132595
-0.0112009
-0.00882289
-0.00608538
-0.00294314
0.000755015
0.00529289
0.0113772
0.0196865
0.0321437
0.0389603
0.0696627
-0.00334176
0.000167087
0.000863054
0.000993676
0.00191224
0.00317074
0.00409438
0.00436804
0.00391783
0.00280769
0.00115123
-0.000913145
-0.00323274
-0.00565782
-0.00805781
-0.0103285
-0.0123927
-0.014196
-0.0157048
-0.0168998
-0.0177701
-0.0183112
-0.0185226
-0.0184057
-0.0179623
-0.0171938
-0.0161004
-0.0146806
-0.0129305
-0.0108466
-0.00842482
-0.00564266
-0.00237685
0.00152754
0.00630991
0.012628
0.0209047
0.035619
0.0593604
0.153445
)
;

boundaryField
{
    movingWall
    {
        type            zeroGradient;
    }
    fixedWalls
    {
        type            zeroGradient;
    }
    frontAndBack
    {
        type            empty;
    }
}


// ************************************************************************* //
