/*--------------------------------*- C++ -*----------------------------------*\
| =========                 |                                                 |
| \\      /  F ield         | OpenFOAM: The Open Source CFD Toolbox           |
|  \\    /   O peration     | Version:  2412                                  |
|   \\  /    A nd           | Website:  www.openfoam.com                      |
|    \\/     M anipulation  |                                                 |
\*---------------------------------------------------------------------------*/
FoamFile
{
    version     2.0;
    format      ascii;
    arch        "LSB;label=32;scalar=64";
    class       surfaceScalarField;
    location    "6.75";
    object      phi;
}
// * * * * * * * * * * * * * * * * * * * * * * * * * * * * * * * * * * * * * //

dimensions      [0 3 -1 0 0 0 0];

oriented        oriented;

internalField   nonuniform List<scalar> 
3120
(
9.0843e-08
-9.08472e-08
2.05434e-07
-1.14592e-07
2.85003e-07
-7.95689e-08
3.14423e-07
-2.94204e-08
3.10751e-07
3.67204e-09
2.97384e-07
1.33667e-08
2.7841e-07
1.89742e-08
2.40931e-07
3.74781e-08
1.71819e-07
6.91124e-08
4.83675e-08
1.23451e-07
-1.47094e-07
1.95462e-07
-4.35464e-07
2.8837e-07
-8.32929e-07
3.97465e-07
-1.32322e-06
4.90286e-07
-1.8702e-06
5.46987e-07
-2.43562e-06
5.65417e-07
-2.97959e-06
5.43972e-07
-3.46487e-06
4.85277e-07
-3.86264e-06
3.97773e-07
-4.15842e-06
2.95775e-07
-4.35005e-06
1.91631e-07
-4.44148e-06
9.14302e-08
-4.43699e-06
-4.48804e-09
-4.3364e-06
-1.00591e-07
-4.13624e-06
-2.00155e-07
-3.83201e-06
-3.0423e-07
-3.42137e-06
-4.10643e-07
-2.90812e-06
-5.13254e-07
-2.30545e-06
-6.02666e-07
-1.63969e-06
-6.65765e-07
-9.52602e-07
-6.87083e-07
-3.0177e-07
-6.50832e-07
2.50398e-07
-5.52168e-07
6.52663e-07
-4.02265e-07
8.70097e-07
-2.17434e-07
9.02014e-07
-3.19169e-08
7.46443e-07
1.5557e-07
4.77882e-07
2.68562e-07
2.00841e-07
2.7704e-07
2.00841e-07
1.40814e-07
-2.31662e-07
2.8818e-07
-2.61958e-07
3.7553e-07
-1.66919e-07
3.92908e-07
-4.67984e-08
3.50633e-07
4.59462e-08
2.63598e-07
1.00402e-07
1.25127e-07
1.57445e-07
-9.14988e-08
2.54104e-07
-4.14943e-07
3.92557e-07
-8.61851e-07
5.70359e-07
-1.43086e-06
7.64471e-07
-2.08794e-06
9.45445e-07
-2.77214e-06
1.08167e-06
-3.43039e-06
1.14854e-06
-4.02574e-06
1.14233e-06
-4.53048e-06
1.07016e-06
-4.93394e-06
9.47429e-07
-5.24196e-06
7.93302e-07
-5.4692e-06
6.25007e-07
-5.62633e-06
4.52911e-07
-5.71679e-06
2.8209e-07
-5.73722e-06
1.11855e-07
-5.68016e-06
-6.15491e-08
-5.53976e-06
-2.40984e-07
-5.3112e-06
-4.28714e-07
-4.9899e-06
-6.25535e-07
-4.57165e-06
-8.28891e-07
-4.05494e-06
-1.02996e-06
-3.44477e-06
-1.21284e-06
-2.75756e-06
-1.35297e-06
-2.02546e-06
-1.41918e-06
-1.29534e-06
-1.38096e-06
-6.26452e-07
-1.22105e-06
-7.83078e-08
-9.50409e-07
3.12574e-07
-6.08316e-07
5.18396e-07
-2.3774e-07
5.613e-07
1.12667e-07
4.40553e-07
3.89309e-07
2.14659e-07
5.02934e-07
4.155e-07
1.59206e-07
-3.90867e-07
2.729e-07
-3.75651e-07
3.03442e-07
-1.97461e-07
2.56991e-07
-3.47926e-10
1.31548e-07
1.71389e-07
-8.45743e-08
3.16524e-07
-4.11589e-07
4.84459e-07
-8.63506e-07
7.06021e-07
-1.44373e-06
9.7278e-07
-2.12311e-06
1.24974e-06
-2.84968e-06
1.49104e-06
-3.55833e-06
1.65409e-06
-4.19565e-06
1.71898e-06
-4.73476e-06
1.68766e-06
-5.17098e-06
1.57855e-06
-5.51333e-06
1.41251e-06
-5.77927e-06
1.21336e-06
-5.98461e-06
9.98647e-07
-6.13877e-06
7.79166e-07
-6.24547e-06
5.59607e-07
-6.30326e-06
3.39885e-07
-6.30913e-06
1.17725e-07
-6.26138e-06
-1.09306e-07
-6.15532e-06
-3.47044e-07
-5.98221e-06
-6.01819e-07
-5.73357e-06
-8.74176e-07
-5.40074e-06
-1.16172e-06
-4.97441e-06
-1.45629e-06
-4.44824e-06
-1.73902e-06
-3.82309e-06
-1.97812e-06
-3.11308e-06
-2.1292e-06
-2.35112e-06
-2.14291e-06
-1.59261e-06
-1.97956e-06
-9.0993e-07
-1.63309e-06
-3.72067e-07
-1.14618e-06
-1.10131e-08
-5.98794e-07
1.80185e-07
-7.85317e-08
2.06184e-07
3.6331e-07
1.15519e-07
5.93598e-07
5.31019e-07
1.29718e-07
-5.20586e-07
1.64631e-07
-4.10564e-07
1.01693e-07
-1.34523e-07
-5.05689e-08
1.51914e-07
-2.95578e-07
4.16398e-07
-6.61394e-07
6.8234e-07
-1.16463e-06
9.87695e-07
-1.7966e-06
1.33799e-06
-2.51494e-06
1.69112e-06
-3.25105e-06
1.98585e-06
-3.93682e-06
2.17681e-06
-4.52738e-06
2.24465e-06
-5.00757e-06
2.19918e-06
-5.38422e-06
2.06431e-06
-5.67339e-06
1.86771e-06
-5.89591e-06
1.63503e-06
-6.06744e-06
1.3849e-06
-6.19803e-06
1.12923e-06
-6.29274e-06
8.73873e-07
-6.35495e-06
6.21818e-07
-6.38757e-06
3.72511e-07
-6.39006e-06
1.20213e-07
-6.36107e-06
-1.38301e-07
-6.29976e-06
-4.08356e-07
-6.20293e-06
-6.98646e-07
-6.06258e-06
-1.01453e-06
-5.86498e-06
-1.35931e-06
-5.59191e-06
-1.72937e-06
-5.22255e-06
-2.10837e-06
-4.73812e-06
-2.46255e-06
-4.12831e-06
-2.739e-06
-3.40111e-06
-2.87012e-06
-2.59302e-06
-2.78766e-06
-1.77758e-06
-2.44853e-06
-1.05565e-06
-1.86811e-06
-5.11116e-07
-1.14333e-06
-1.71452e-07
-4.18195e-07
-4.17288e-09
1.96031e-07
2.18757e-08
5.6755e-07
5.52895e-07
5.28557e-08
-5.73441e-07
-1.52174e-08
-3.42491e-07
-1.80757e-07
3.1017e-08
-4.39813e-07
4.1097e-07
-8.13011e-07
7.89596e-07
-1.32182e-06
1.19115e-06
-1.95882e-06
1.6247e-06
-2.67275e-06
2.05192e-06
-3.38905e-06
2.40741e-06
-4.03997e-06
2.63677e-06
-4.58322e-06
2.72006e-06
-5.0078e-06
2.66923e-06
-5.3227e-06
2.51408e-06
-5.5477e-06
2.28931e-06
-5.70316e-06
2.02317e-06
-5.80659e-06
1.73846e-06
-5.87002e-06
1.44834e-06
-5.90312e-06
1.16233e-06
-5.91374e-06
8.84496e-07
-5.90774e-06
6.15819e-07
-5.88889e-06
3.53655e-07
-5.86356e-06
9.48864e-08
-5.8363e-06
-1.65558e-07
-5.80826e-06
-4.36396e-07
-5.77959e-06
-7.27317e-07
-5.74592e-06
-1.0482e-06
-5.69705e-06
-1.40818e-06
-5.61443e-06
-1.81199e-06
-5.46825e-06
-2.25455e-06
-5.21875e-06
-2.71205e-06
-4.82423e-06
-3.13352e-06
-4.25605e-06
-3.4383e-06
-3.51507e-06
-3.52864e-06
-2.64814e-06
-3.31546e-06
-1.75869e-06
-2.75756e-06
-9.89858e-07
-1.91215e-06
-4.51648e-07
-9.56406e-07
-1.47584e-07
-1.08033e-07
-2.47767e-08
4.44743e-07
5.28118e-07
-5.29551e-08
-5.20486e-07
-2.26852e-07
-1.68594e-07
-4.93434e-07
2.97599e-07
-8.62483e-07
7.80018e-07
-1.35414e-06
1.28125e-06
-1.9657e-06
1.8027e-06
-2.65157e-06
2.31057e-06
-3.33756e-06
2.73792e-06
-3.95328e-06
3.02313e-06
-4.45451e-06
3.138e-06
-4.82739e-06
3.09294e-06
-5.08111e-06
2.92295e-06
-5.23619e-06
2.66916e-06
-5.31526e-06
2.36838e-06
-5.33901e-06
2.04692e-06
-5.32433e-06
1.72377e-06
-5.28566e-06
1.40967e-06
-5.23452e-06
1.11119e-06
-5.1797e-06
8.29673e-07
-5.12719e-06
5.6331e-07
-5.08152e-06
3.07987e-07
-5.04459e-06
5.79546e-08
-5.01528e-06
-1.94867e-07
-4.99583e-06
-4.55843e-07
-4.99051e-06
-7.32643e-07
-5.0034e-06
-1.03531e-06
-5.03636e-06
-1.37522e-06
-5.08406e-06
-1.76429e-06
-5.12701e-06
-2.2116e-06
-5.12467e-06
-2.71439e-06
-5.0144e-06
-3.24379e-06
-4.72327e-06
-3.72943e-06
-4.19605e-06
-4.05585e-06
-3.42767e-06
-4.08384e-06
-2.48551e-06
-3.69972e-06
-1.52152e-06
-2.87614e-06
-7.35037e-07
-1.74289e-06
-2.44744e-07
-5.98326e-07
-3.67341e-08
2.36732e-07
4.91384e-07
-1.62986e-07
-3.575e-07
-4.4204e-07
1.1046e-07
-8.05286e-07
6.60845e-07
-1.27211e-06
1.24684e-06
-1.84624e-06
1.85538e-06
-2.49278e-06
2.44924e-06
-3.14477e-06
2.96256e-06
-3.73145e-06
3.3246e-06
-4.20207e-06
3.49375e-06
-4.53628e-06
3.47221e-06
-4.74089e-06
3.29755e-06
-4.83837e-06
3.02042e-06
-4.85627e-06
2.68707e-06
-4.82061e-06
2.33272e-06
-4.75445e-06
1.98076e-06
-4.67607e-06
1.64539e-06
-4.59884e-06
1.33245e-06
-4.52995e-06
1.0423e-06
-4.4717e-06
7.71422e-07
-4.42288e-06
5.14498e-07
-4.38057e-06
2.6567e-07
-4.34219e-06
1.95801e-08
-4.30711e-06
-2.29955e-07
-4.27728e-06
-4.85664e-07
-4.25707e-06
-7.52859e-07
-4.25459e-06
-1.03778e-06
-4.2808e-06
-1.34901e-06
-4.34619e-06
-1.69889e-06
-4.45406e-06
-2.10374e-06
-4.58856e-06
-2.5799e-06
-4.70111e-06
-3.13123e-06
-4.70459e-06
-3.72595e-06
-4.49005e-06
-4.27039e-06
-3.97204e-06
-4.60186e-06
-3.1448e-06
-4.52696e-06
-2.11604e-06
-3.90491e-06
-1.11169e-06
-2.74724e-06
-3.90865e-07
-1.31915e-06
-5.2948e-08
-1.01184e-07
4.38436e-07
-2.69246e-07
-8.82547e-08
-6.37721e-07
4.78936e-07
-1.08378e-06
1.10691e-06
-1.61926e-06
1.78232e-06
-2.22342e-06
2.45954e-06
-2.84247e-06
3.0683e-06
-3.40834e-06
3.52843e-06
-3.86384e-06
3.7801e-06
-4.17894e-06
3.80885e-06
-4.35543e-06
3.64869e-06
-4.41733e-06
3.35945e-06
-4.39752e-06
3.00061e-06
-4.32857e-06
2.61812e-06
-4.23848e-06
2.24263e-06
-4.1484e-06
1.89068e-06
-4.07087e-06
1.56786e-06
-4.01046e-06
1.27204e-06
-3.9655e-06
9.9734e-07
-3.93121e-06
7.37124e-07
-3.902e-06
4.85288e-07
-3.8733e-06
2.36969e-07
-3.84219e-06
-1.15308e-08
-3.80853e-06
-2.63614e-07
-3.7725e-06
-5.21688e-07
-3.73664e-06
-7.88724e-07
-3.70672e-06
-1.0677e-06
-3.69289e-06
-1.36284e-06
-3.71042e-06
-1.68137e-06
-3.77788e-06
-2.03627e-06
-3.90894e-06
-2.44884e-06
-4.09453e-06
-2.94564e-06
-4.27957e-06
-3.54091e-06
-4.35085e-06
-4.19911e-06
-4.16098e-06
-4.79173e-06
-3.59924e-06
-5.0887e-06
-2.6768e-06
-4.82734e-06
-1.57169e-06
-3.85236e-06
-6.11334e-07
-2.2795e-06
-8.91121e-08
-6.23406e-07
3.49324e-07
-3.54994e-07
2.66739e-07
-7.96029e-07
9.19971e-07
-1.30025e-06
1.61113e-06
-1.86358e-06
2.34565e-06
-2.45104e-06
3.04701e-06
-3.00302e-06
3.62027e-06
-3.45861e-06
3.98402e-06
-3.77673e-06
4.09823e-06
-3.94951e-06
3.98163e-06
-3.9997e-06
3.69888e-06
-3.96444e-06
3.32419e-06
-3.88212e-06
2.91829e-06
-3.78526e-06
2.52125e-06
-3.69657e-06
2.15395e-06
-3.62765e-06
1.82175e-06
-3.58022e-06
1.52043e-06
-3.54999e-06
1.24181e-06
-3.53038e-06
9.77733e-07
-3.51524e-06
7.21988e-07
-3.49998e-06
4.70028e-07
-3.48173e-06
2.18715e-07
-3.45892e-06
-3.43399e-08
-3.43116e-06
-2.91371e-07
-3.39829e-06
-5.54561e-07
-3.36116e-06
-8.2585e-07
-3.32205e-06
-1.10682e-06
-3.28575e-06
-1.39913e-06
-3.26173e-06
-1.70539e-06
-3.26662e-06
-2.03139e-06
-3.32474e-06
-2.39072e-06
-3.45977e-06
-2.81061e-06
-3.66991e-06
-3.33077e-06
-3.89139e-06
-3.97763e-06
-3.97949e-06
-4.70363e-06
-3.74835e-06
-5.31984e-06
-3.07884e-06
-5.49685e-06
-2.0362e-06
-4.895e-06
-9.21826e-07
-3.39388e-06
-1.81449e-07
-1.36378e-06
1.67875e-07
-4.17097e-07
6.83836e-07
-9.03897e-07
1.40677e-06
-1.43384e-06
2.14107e-06
-1.9893e-06
2.90111e-06
-2.52863e-06
3.58634e-06
-2.99382e-06
4.08546e-06
-3.33431e-06
4.32451e-06
-3.52777e-06
4.29169e-06
-3.58956e-06
4.04341e-06
-3.55809e-06
3.66742e-06
-3.47653e-06
3.24263e-06
-3.38168e-06
2.82345e-06
-3.29848e-06
2.43806e-06
-3.23819e-06
2.09365e-06
-3.20107e-06
1.78464e-06
-3.18121e-06
1.50057e-06
-3.17131e-06
1.23191e-06
-3.16533e-06
9.71747e-07
-3.15917e-06
7.15834e-07
-3.15048e-06
4.61337e-07
-3.138e-06
2.06233e-07
-3.12107e-06
-5.12726e-08
-3.09939e-06
-3.13052e-07
-3.0729e-06
-5.81048e-07
-3.04183e-06
-8.56922e-07
-3.00669e-06
-1.14195e-06
-2.9688e-06
-1.43703e-06
-2.93148e-06
-1.74271e-06
-2.90269e-06
-2.06018e-06
-2.89912e-06
-2.39429e-06
-2.94919e-06
-2.76055e-06
-3.08498e-06
-3.19497e-06
-3.30862e-06
-3.75399e-06
-3.53859e-06
-4.47366e-06
-3.58795e-06
-5.27048e-06
-3.23821e-06
-5.84659e-06
-2.40193e-06
-5.73128e-06
-1.26487e-06
-4.53093e-06
-3.06849e-07
-2.32181e-06
-1.38973e-07
-4.4883e-07
1.13267e-06
-9.54668e-07
1.91261e-06
-1.48038e-06
2.66678e-06
-2.00186e-06
3.42258e-06
-2.47583e-06
4.06031e-06
-2.84899e-06
4.45861e-06
-3.08352e-06
4.55905e-06
-3.17908e-06
4.38725e-06
-3.16938e-06
4.03372e-06
-3.1002e-06
3.59823e-06
-3.01286e-06
3.15529e-06
-2.93578e-06
2.74637e-06
-2.88188e-06
2.38415e-06
-2.85136e-06
2.06313e-06
-2.83784e-06
1.77112e-06
-2.8337e-06
1.49643e-06
-2.83306e-06
1.23127e-06
-2.8323e-06
9.70983e-07
-2.82945e-06
7.12984e-07
-2.82358e-06
4.55467e-07
-2.81425e-06
1.96908e-07
-2.80124e-06
-6.4279e-08
-2.78449e-06
-3.29805e-07
-2.76407e-06
-6.01466e-07
-2.74009e-06
-8.80902e-07
-2.71257e-06
-1.16948e-06
-2.6815e-06
-1.4681e-06
-2.64721e-06
-1.777e-06
-2.6116e-06
-2.09579e-06
-2.58127e-06
-2.42462e-06
-2.57343e-06
-2.76839e-06
-2.62121e-06
-3.1472e-06
-2.76364e-06
-3.61156e-06
-2.99762e-06
-4.23967e-06
-3.20509e-06
-5.06301e-06
-3.14527e-06
-5.90641e-06
-2.59364e-06
-6.28291e-06
-1.56671e-06
-5.55785e-06
-4.62927e-07
-3.42559e-06
-6.019e-07
-4.51305e-07
1.58397e-06
-9.50428e-07
2.41173e-06
-1.44873e-06
3.16509e-06
-1.91964e-06
3.89348e-06
-2.32144e-06
4.46212e-06
-2.60728e-06
4.74445e-06
-2.75544e-06
4.70721e-06
-2.78535e-06
4.41716e-06
-2.74072e-06
3.98909e-06
-2.66659e-06
3.5241e-06
-2.59638e-06
3.08508e-06
-2.54681e-06
2.6968e-06
-2.52002e-06
2.35737e-06
-2.51011e-06
2.05322e-06
-2.50943e-06
1.77043e-06
-2.51213e-06
1.49913e-06
-2.51476e-06
1.23389e-06
-2.51562e-06
9.71845e-07
-2.51398e-06
7.11344e-07
-2.50957e-06
4.51053e-07
-2.5023e-06
1.89642e-07
-2.49219e-06
-7.4396e-08
-2.47931e-06
-3.42684e-07
-2.46384e-06
-6.16937e-07
-2.4459e-06
-8.98841e-07
-2.42546e-06
-1.18991e-06
-2.40225e-06
-1.49131e-06
-2.37567e-06
-1.80357e-06
-2.34514e-06
-2.12632e-06
-2.31141e-06
-2.45834e-06
-2.28057e-06
-2.79923e-06
-2.27204e-06
-3.15573e-06
-2.32574e-06
-3.55786e-06
-2.48483e-06
-4.08059e-06
-2.72261e-06
-4.82524e-06
-2.85584e-06
-5.77318e-06
-2.59127e-06
-6.54748e-06
-1.76993e-06
-6.3792e-06
-6.48458e-07
-4.54706e-06
-1.25036e-06
-4.29458e-07
2.01343e-06
-8.99795e-07
2.88207e-06
-1.35441e-06
3.6197e-06
-1.76601e-06
4.30509e-06
-2.09599e-06
4.7921e-06
-2.30628e-06
4.95474e-06
-2.39206e-06
4.79299e-06
-2.3858e-06
4.41089e-06
-2.33302e-06
3.93632e-06
-2.27229e-06
3.46336e-06
-2.22635e-06
3.03914e-06
-2.20143e-06
2.67188e-06
-2.19336e-06
2.3493e-06
-2.19488e-06
2.05474e-06
-2.19997e-06
1.77553e-06
-2.20516e-06
1.50432e-06
-2.20878e-06
1.23752e-06
-2.21024e-06
9.73301e-07
-2.20935e-06
7.10454e-07
-2.20612e-06
4.47824e-07
-2.20062e-06
1.84147e-07
-2.19298e-06
-8.2038e-08
-2.18335e-06
-3.52313e-07
-2.17194e-06
-6.28352e-07
-2.15889e-06
-9.11889e-07
-2.14422e-06
-1.20459e-06
-2.12764e-06
-1.50788e-06
-2.10847e-06
-1.82274e-06
-2.08549e-06
-2.1493e-06
-2.05731e-06
-2.48652e-06
-2.02408e-06
-2.83246e-06
-1.99286e-06
-3.18695e-06
-1.98838e-06
-3.56233e-06
-2.0598e-06
-4.00917e-06
-2.2442e-06
-4.64084e-06
-2.45654e-06
-5.56083e-06
-2.42131e-06
-6.58271e-06
-1.84673e-06
-6.95377e-06
-8.00471e-07
-5.59333e-06
-2.05083e-06
-3.88491e-07
2.40192e-06
-8.14067e-07
3.30764e-06
-1.21467e-06
4.0203e-06
-1.56368e-06
4.6541e-06
-1.82724e-06
5.05565e-06
-1.97748e-06
5.10499e-06
-2.02338e-06
4.83889e-06
-2.00295e-06
4.39046e-06
-1.95756e-06
3.89093e-06
-1.91659e-06
3.42239e-06
-1.89272e-06
3.01527e-06
-1.8853e-06
2.66446e-06
-1.88812e-06
2.35212e-06
-1.89514e-06
2.06175e-06
-1.90253e-06
1.78293e-06
-1.90857e-06
1.51035e-06
-1.91263e-06
1.24159e-06
-1.91463e-06
9.753e-07
-1.91462e-06
7.10445e-07
-1.91272e-06
4.45924e-07
-1.90907e-06
1.80491e-07
-1.90381e-06
-8.72929e-08
-1.89714e-06
-3.58984e-07
-1.88925e-06
-6.36243e-07
-1.88031e-06
-9.2083e-07
-1.87036e-06
-1.21454e-06
-1.8592e-06
-1.51905e-06
-1.84619e-06
-1.83575e-06
-1.83011e-06
-2.16537e-06
-1.80911e-06
-2.50753e-06
-1.78118e-06
-2.86039e-06
-1.74672e-06
-3.22141e-06
-1.71623e-06
-3.59282e-06
-1.72439e-06
-4.00101e-06
-1.82877e-06
-4.53647e-06
-2.03133e-06
-5.35827e-06
-2.13794e-06
-6.4761e-06
-1.79969e-06
-7.29203e-06
-8.92409e-07
-6.5006e-06
-2.94324e-06
-3.33842e-07
2.73576e-06
-7.03848e-07
3.67765e-06
-1.04526e-06
4.36172e-06
-1.33245e-06
4.94128e-06
-1.5376e-06
5.26081e-06
-1.64333e-06
5.21072e-06
-1.66706e-06
4.86263e-06
-1.64614e-06
4.36954e-06
-1.61455e-06
3.85934e-06
-1.59241e-06
3.40024e-06
-1.58491e-06
3.00777e-06
-1.58825e-06
2.6678e-06
-1.59669e-06
2.36056e-06
-1.60606e-06
2.07113e-06
-1.61432e-06
1.79118e-06
-1.62076e-06
1.51679e-06
-1.6253e-06
1.24613e-06
-1.62806e-06
9.78059e-07
-1.62919e-06
7.1158e-07
-1.62886e-06
4.45591e-07
-1.6272e-06
1.78834e-07
-1.62438e-06
-9.01139e-08
-1.62057e-06
-3.62795e-07
-1.61595e-06
-6.40862e-07
-1.61069e-06
-9.26092e-07
-1.60486e-06
-1.22037e-06
-1.59831e-06
-1.52559e-06
-1.59053e-06
-1.84354e-06
-1.58041e-06
-2.1755e-06
-1.56612e-06
-2.52181e-06
-1.5452e-06
-2.88131e-06
-1.51546e-06
-3.25115e-06
-1.47911e-06
-3.62917e-06
-1.4544e-06
-4.02572e-06
-1.49059e-06
-4.50028e-06
-1.63749e-06
-5.21137e-06
-1.80212e-06
-6.31147e-06
-1.65482e-06
-7.43933e-06
-9.21597e-07
-7.23382e-06
-3.86483e-06
-2.70445e-07
3.00621e-06
-5.78497e-07
3.9857e-06
-8.5902e-07
4.64224e-06
-1.08736e-06
5.16962e-06
-1.24305e-06
5.4165e-06
-1.31741e-06
5.28507e-06
-1.33098e-06
4.8762e-06
-1.31638e-06
4.35494e-06
-1.29921e-06
3.84217e-06
-1.29186e-06
3.39289e-06
-1.29501e-06
3.01092e-06
-1.30423e-06
2.67702e-06
-1.31518e-06
2.37152e-06
-1.32541e-06
2.08135e-06
-1.33397e-06
1.79974e-06
-1.34074e-06
1.52356e-06
-1.34587e-06
1.25126e-06
-1.34959e-06
9.81775e-07
-1.35208e-06
7.14068e-07
-1.3535e-06
4.47009e-07
-1.35398e-06
1.79322e-07
-1.35369e-06
-9.04079e-08
-1.35277e-06
-3.63717e-07
-1.35137e-06
-6.42256e-07
-1.34966e-06
-9.27804e-07
-1.34772e-06
-1.22231e-06
-1.34545e-06
-1.52786e-06
-1.34244e-06
-1.84654e-06
-1.33774e-06
-2.1802e-06
-1.32966e-06
-2.52989e-06
-1.31577e-06
-2.8952e-06
-1.29316e-06
-3.27376e-06
-1.26036e-06
-3.66197e-06
-1.22448e-06
-4.0616e-06
-1.21807e-06
-4.50669e-06
-1.30198e-06
-5.12747e-06
-1.46509e-06
-6.14836e-06
-1.44875e-06
-7.45567e-06
-8.98716e-07
-7.78386e-06
-4.76355e-06
-2.0212e-07
3.20833e-06
-4.45126e-07
4.22871e-06
-6.65108e-07
4.86222e-06
-8.38858e-07
5.34337e-06
-9.53308e-07
5.53095e-06
-1.00607e-06
5.33784e-06
-1.01656e-06
4.88669e-06
-1.01048e-06
4.34886e-06
-1.00556e-06
3.83724e-06
-1.00846e-06
3.39579e-06
-1.01779e-06
3.02024e-06
-1.02975e-06
2.68898e-06
-1.04151e-06
2.38328e-06
-1.05181e-06
2.09166e-06
-1.06041e-06
1.80833e-06
-1.06746e-06
1.53061e-06
-1.07323e-06
1.25704e-06
-1.07798e-06
9.86527e-07
-1.08191e-06
7.17996e-07
-1.08517e-06
4.50272e-07
-1.0879e-06
1.8205e-07
-1.09023e-06
-8.808e-08
-1.09229e-06
-3.61654e-07
-1.09422e-06
-6.40327e-07
-1.09615e-06
-9.2588e-07
-1.09815e-06
-1.2203e-06
-1.10019e-06
-1.52582e-06
-1.10192e-06
-1.84481e-06
-1.10254e-06
-2.17958e-06
-1.10056e-06
-2.53187e-06
-1.09367e-06
-2.90209e-06
-1.07894e-06
-3.28849e-06
-1.05361e-06
-3.6873e-06
-1.01891e-06
-4.0963e-06
-9.9296e-07
-4.53263e-06
-1.02771e-06
-5.09272e-06
-1.16006e-06
-6.016e-06
-1.21816e-06
-7.39757e-06
-8.40691e-07
-8.16133e-06
-5.60424e-06
-1.31839e-07
3.34016e-06
-3.08775e-07
4.40564e-06
-4.69865e-07
5.02331e-06
-5.92993e-07
5.4665e-06
-6.7274e-07
5.61069e-06
-7.10709e-07
5.37581e-06
-7.21671e-07
4.89765e-06
-7.23807e-07
4.35099e-06
-7.28093e-07
3.84153e-06
-7.37436e-07
3.40514e-06
-7.49844e-07
3.03265e-06
-7.62616e-07
2.70175e-06
-7.7418e-07
2.39484e-06
-7.84091e-07
2.10157e-06
-7.92488e-07
1.81673e-06
-7.99693e-07
1.53781e-06
-8.06031e-07
1.26338e-06
-8.11768e-07
9.92264e-07
-8.1711e-07
7.23337e-07
-8.22216e-07
4.55378e-07
-8.2722e-07
1.87054e-07
-8.3225e-07
-8.30503e-08
-8.3743e-07
-3.56473e-07
-8.42869e-07
-6.34888e-07
-8.48666e-07
-9.20083e-07
-8.5489e-07
-1.21408e-06
-8.61508e-07
-1.5192e-06
-8.68258e-07
-1.83806e-06
-8.74472e-07
-2.17337e-06
-8.78838e-07
-2.52751e-06
-8.79248e-07
-2.90168e-06
-8.72874e-07
-3.29486e-06
-8.567e-07
-3.70347e-06
-8.29391e-07
-4.12361e-06
-7.99653e-07
-4.56237e-06
-8.05066e-07
-5.08731e-06
-9.01689e-07
-5.91938e-06
-9.90869e-07
-7.30839e-06
-7.61094e-07
-8.39111e-06
-6.36534e-06
-6.1238e-08
3.4014e-06
-1.72327e-07
4.51673e-06
-2.7688e-07
5.12787e-06
-3.52884e-07
5.5425e-06
-4.02372e-07
5.66018e-06
-4.29625e-07
5.40306e-06
-4.42403e-07
4.91043e-06
-4.51447e-07
4.36004e-06
-4.62225e-07
3.85231e-06
-4.7526e-07
3.41817e-06
-4.8877e-07
3.04616e-06
-5.01186e-07
2.71416e-06
-5.11904e-07
2.40556e-06
-5.21032e-07
2.1107e-06
-5.28958e-07
1.82466e-06
-5.36096e-07
1.54495e-06
-5.42806e-07
1.27009e-06
-5.49369e-07
9.98828e-07
-5.56005e-07
7.29973e-07
-5.62885e-07
4.62259e-07
-5.70155e-07
1.94324e-07
-5.77943e-07
-7.52621e-08
-5.86376e-07
-3.48041e-07
-5.95551e-07
-6.25713e-07
-6.05535e-07
-9.10099e-07
-6.16374e-07
-1.20324e-06
-6.28033e-07
-1.50755e-06
-6.40299e-07
-1.82579e-06
-6.52613e-07
-2.16105e-06
-6.63849e-07
-2.51627e-06
-6.72112e-07
-2.89341e-06
-6.74755e-07
-3.29222e-06
-6.68851e-07
-3.70938e-06
-6.52238e-07
-4.14022e-06
-6.28439e-07
-4.58617e-06
-6.22202e-07
-5.09354e-06
-6.90985e-07
-5.8506e-06
-7.83336e-07
-7.21604e-06
-6.68841e-07
-8.5056e-06
-7.03418e-06
9.89583e-09
3.39151e-06
-3.71945e-08
4.56382e-06
-8.73423e-08
5.17801e-06
-1.20375e-07
5.57554e-06
-1.42097e-07
5.6819e-06
-1.59992e-07
5.42096e-06
-1.74177e-07
4.92461e-06
-1.8867e-07
4.37453e-06
-2.04055e-07
3.86769e-06
-2.19149e-07
3.43327e-06
-2.32643e-07
3.05966e-06
-2.44003e-07
2.72552e-06
-2.53403e-07
2.41496e-06
-2.61373e-07
2.11867e-06
-2.68493e-07
1.83178e-06
-2.75258e-07
1.55172e-06
-2.82062e-07
1.27689e-06
-2.89213e-07
1.00598e-06
-2.96955e-07
7.37715e-07
-3.05486e-07
4.7079e-07
-3.14971e-07
2.03809e-07
-3.25549e-07
-6.46844e-08
-3.37352e-07
-3.36237e-07
-3.50486e-07
-6.12579e-07
-3.64995e-07
-8.9559e-07
-3.809e-07
-1.18734e-06
-3.98152e-07
-1.49029e-06
-4.16559e-07
-1.80739e-06
-4.35645e-07
-2.14197e-06
-4.54449e-07
-2.49747e-06
-4.71297e-07
-2.87656e-06
-4.83763e-07
-3.27975e-06
-4.89097e-07
-3.70404e-06
-4.85128e-07
-4.14419e-06
-4.73105e-07
-4.59819e-06
-4.68889e-07
-5.09776e-06
-5.21946e-07
-5.79754e-06
-6.07832e-07
-7.13015e-06
-5.65815e-07
-8.54762e-06
-7.59999e-06
7.99637e-08
3.31154e-06
9.65952e-08
4.54719e-06
9.78959e-08
5.17671e-06
1.05137e-07
5.56829e-06
1.10673e-07
5.67637e-06
1.0215e-07
5.42948e-06
8.71655e-08
4.9396e-06
6.84604e-08
4.39324e-06
4.96536e-08
3.8865e-06
3.33274e-08
3.44959e-06
2.03722e-08
3.07261e-06
1.04448e-08
2.73545e-06
2.70244e-09
2.4227e-06
-3.76146e-09
2.12513e-06
-9.71452e-09
1.83773e-06
-1.57482e-08
1.55775e-06
-2.2313e-08
1.28345e-06
-2.97602e-08
1.01343e-06
-3.83731e-08
7.46328e-07
-4.83828e-08
4.80799e-07
-5.99848e-08
2.15411e-07
-7.33461e-08
-5.1323e-08
-8.86139e-08
-3.20969e-07
-1.05906e-07
-5.95287e-07
-1.2526e-07
-8.76236e-07
-1.46675e-07
-1.16592e-06
-1.70087e-07
-1.46688e-06
-1.9531e-07
-1.78216e-06
-2.2193e-07
-2.11535e-06
-2.49116e-07
-2.47028e-06
-2.75418e-07
-2.85026e-06
-2.98663e-07
-3.25651e-06
-3.16286e-07
-3.68642e-06
-3.26298e-07
-4.13418e-06
-3.29201e-07
-4.59529e-06
-3.36096e-07
-5.09086e-06
-3.85438e-07
-5.7482e-06
-4.70796e-07
-7.0448e-06
-4.59043e-07
-8.55937e-06
-8.05903e-06
1.51502e-07
3.16004e-06
2.28936e-07
4.46976e-06
2.78819e-07
5.12683e-06
3.25127e-07
5.52199e-06
3.57565e-07
5.64393e-06
3.60829e-07
5.42622e-06
3.45394e-07
4.95503e-06
3.23131e-07
4.4155e-06
3.01446e-07
3.90819e-06
2.84202e-07
3.46684e-06
2.7198e-07
3.08483e-06
2.6367e-07
2.74376e-06
2.5783e-07
2.42854e-06
2.53188e-07
2.12978e-06
2.48765e-07
1.84215e-06
2.43845e-07
1.56267e-06
2.37889e-07
1.28941e-06
2.30483e-07
1.02083e-06
2.21283e-07
7.55528e-07
2.10009e-07
4.92073e-07
1.96422e-07
2.28998e-07
1.80316e-07
-3.52169e-08
1.61531e-07
-3.02185e-07
1.39932e-07
-5.73688e-07
1.15464e-07
-8.51768e-07
8.81361e-08
-1.13859e-06
5.8029e-08
-1.43677e-06
2.53412e-08
-1.74948e-06
-9.54548e-09
-2.08046e-06
-4.59424e-08
-2.43389e-06
-8.26096e-08
-2.8136e-06
-1.17663e-07
-3.22145e-06
-1.48809e-07
-3.65528e-06
-1.74167e-07
-4.10882e-06
-1.93911e-07
-4.57555e-06
-2.16679e-07
-5.0681e-06
-2.71869e-07
-5.69301e-06
-3.66012e-07
-6.95065e-06
-3.64275e-07
-8.56111e-06
-8.42331e-06
2.23043e-07
2.937e-06
3.59585e-07
4.33322e-06
4.55765e-07
5.03065e-06
5.39296e-07
5.43846e-06
5.9876e-07
5.58447e-06
6.17739e-07
5.40724e-06
6.04204e-07
4.96857e-06
5.78985e-07
4.44072e-06
5.5435e-07
3.93282e-06
5.35839e-07
3.48535e-06
5.24038e-07
3.09663e-06
5.17232e-07
2.75057e-06
5.13389e-07
2.43239e-06
5.10825e-07
2.13234e-06
5.08291e-07
1.84469e-06
5.04886e-07
1.56608e-06
4.9995e-07
1.29435e-06
4.92968e-07
1.02782e-06
4.83521e-07
7.64975e-07
4.71259e-07
5.04335e-07
4.55884e-07
2.44373e-07
4.37139e-07
-1.64719e-08
4.14845e-07
-2.79891e-07
3.88845e-07
-5.47688e-07
3.59045e-07
-8.21968e-07
3.25448e-07
-1.105e-06
2.88158e-07
-1.39948e-06
2.47396e-07
-1.70871e-06
2.03527e-07
-2.03659e-06
1.57136e-07
-2.3875e-06
1.0924e-07
-2.7657e-06
6.14287e-08
-3.17364e-06
1.56945e-08
-3.60954e-06
-2.6546e-08
-4.06658e-06
-6.47307e-08
-4.53736e-06
-1.06128e-07
-5.0267e-06
-1.74227e-07
-5.62491e-06
-2.82071e-07
-6.84281e-06
-2.90979e-07
-8.5522e-06
-8.71429e-06
2.90044e-07
2.64695e-06
4.87286e-07
4.13597e-06
6.27914e-07
4.89002e-06
7.47015e-07
5.31935e-06
8.35397e-07
5.49608e-06
8.73419e-07
5.36921e-06
8.66036e-07
4.97595e-06
8.39233e-07
4.46752e-06
8.11353e-07
3.9607e-06
7.90722e-07
3.50598e-06
7.78578e-07
3.10878e-06
7.72857e-07
2.75629e-06
7.7093e-07
2.43431e-06
7.70611e-07
2.13266e-06
7.70288e-07
1.84501e-06
7.68806e-07
1.56756e-06
7.65319e-07
1.29783e-06
7.59179e-07
1.03396e-06
7.49863e-07
7.7429e-07
7.36936e-07
5.17262e-07
7.2003e-07
2.61279e-07
6.98831e-07
4.72767e-09
6.73111e-07
-2.54171e-07
6.4268e-07
-5.17256e-07
6.07409e-07
-7.86697e-07
5.67296e-07
-1.06488e-06
5.22455e-07
-1.35464e-06
4.73108e-07
-1.65937e-06
4.19604e-07
-1.98309e-06
3.62469e-07
-2.33036e-06
3.02503e-07
-2.70573e-06
2.40921e-07
-3.11206e-06
1.79259e-07
-3.54788e-06
1.19028e-07
-4.00635e-06
6.01428e-08
-4.47848e-06
-4.34163e-09
-4.96221e-06
-8.89923e-08
-5.54026e-06
-2.10635e-07
-6.72117e-06
-2.38951e-07
-8.52389e-06
-8.95324e-06
3.46503e-07
2.30045e-06
6.07157e-07
3.87532e-06
7.93124e-07
4.70406e-06
9.46954e-07
5.16552e-06
1.0659e-06
5.37713e-06
1.12743e-06
5.30769e-06
1.13174e-06
4.97164e-06
1.10624e-06
4.49303e-06
1.07538e-06
3.99156e-06
1.05167e-06
3.52969e-06
1.03806e-06
3.12239e-06
1.03264e-06
2.76171e-06
1.03228e-06
2.43467e-06
1.03422e-06
2.13073e-06
1.03634e-06
1.84288e-06
1.03715e-06
1.56675e-06
1.03554e-06
1.29944e-06
1.03069e-06
1.03881e-06
1.02192e-06
7.83057e-07
1.0087e-06
5.30485e-07
9.90564e-07
2.79413e-07
9.67154e-07
2.81378e-08
9.3815e-07
-2.25167e-07
9.03336e-07
-4.82443e-07
8.62563e-07
-7.45924e-07
8.15817e-07
-1.01814e-06
7.63187e-07
-1.30201e-06
7.04876e-07
-1.60106e-06
6.41219e-07
-1.91943e-06
5.72703e-07
-2.26184e-06
4.99888e-07
-2.63292e-06
4.23646e-07
-3.03582e-06
3.45088e-07
-3.46932e-06
2.65219e-07
-3.92648e-06
1.84136e-07
-4.39739e-06
9.80353e-08
-4.87611e-06
-9.76337e-09
-5.43246e-06
-1.47038e-07
-6.58389e-06
-2.02392e-07
-8.46853e-06
-9.15563e-06
3.86193e-07
1.91426e-06
7.11438e-07
3.55007e-06
9.47239e-07
4.46825e-06
1.13627e-06
4.97649e-06
1.28675e-06
5.22665e-06
1.37685e-06
5.21759e-06
1.40002e-06
4.94847e-06
1.38095e-06
4.51209e-06
1.34885e-06
4.02366e-06
1.32162e-06
3.55692e-06
1.30533e-06
3.13868e-06
1.29912e-06
2.76791e-06
1.29969e-06
2.4341e-06
1.30364e-06
2.12677e-06
1.30831e-06
1.83822e-06
1.31169e-06
1.56336e-06
1.31236e-06
1.29877e-06
1.30923e-06
1.04194e-06
1.30145e-06
7.90835e-07
1.28835e-06
5.43589e-07
1.26936e-06
2.984e-07
1.24404e-06
5.34604e-08
1.21201e-06
-1.93133e-07
1.17298e-06
-4.43421e-07
1.1268e-06
-6.99737e-07
1.07341e-06
-9.64748e-07
1.01289e-06
-1.24149e-06
9.45417e-07
-1.53359e-06
8.71265e-07
-1.84528e-06
7.90787e-07
-2.18137e-06
7.04339e-07
-2.54647e-06
6.12443e-07
-2.94392e-06
5.15729e-07
-3.37261e-06
4.14663e-07
-3.82541e-06
3.09373e-07
-4.29211e-06
1.96569e-07
-4.76331e-06
6.40052e-08
-5.29989e-06
-9.09543e-08
-6.42893e-06
-1.75549e-07
-8.38394e-06
-9.33118e-06
4.0373e-07
1.51053e-06
7.90884e-07
3.16292e-06
1.08223e-06
4.17691e-06
1.30988e-06
4.74884e-06
1.49336e-06
5.04317e-06
1.61671e-06
5.09425e-06
1.66701e-06
4.89817e-06
1.6622e-06
4.5169e-06
1.6332e-06
4.05266e-06
1.60349e-06
3.58663e-06
1.58382e-06
3.15835e-06
1.57564e-06
2.77609e-06
1.57615e-06
2.43359e-06
1.58158e-06
2.12134e-06
1.58862e-06
1.83118e-06
1.59471e-06
1.55728e-06
1.59795e-06
1.29553e-06
1.59693e-06
1.04296e-06
1.59058e-06
7.97188e-07
1.57804e-06
5.56133e-07
1.55862e-06
3.17817e-07
1.53178e-06
8.0295e-08
1.49707e-06
-1.58422e-07
1.45414e-06
-4.00492e-07
1.40279e-06
-6.48381e-07
1.34292e-06
-9.04886e-07
1.27457e-06
-1.17314e-06
1.19786e-06
-1.45688e-06
1.11297e-06
-1.76039e-06
1.02007e-06
-2.08847e-06
9.19232e-07
-2.44563e-06
8.10517e-07
-2.83521e-06
6.94067e-07
-3.25616e-06
5.69935e-07
-3.70128e-06
4.37959e-07
-4.16013e-06
2.95515e-07
-4.62087e-06
1.35497e-07
-5.13987e-06
-4.05695e-08
-6.25287e-06
-1.55374e-07
-8.26913e-06
-9.48655e-06
3.9584e-07
1.11469e-06
8.35353e-07
2.72341e-06
1.18742e-06
3.82484e-06
1.45976e-06
4.4765e-06
1.6786e-06
4.82433e-06
1.83896e-06
4.93389e-06
1.92509e-06
4.81203e-06
1.94524e-06
4.49676e-06
1.92747e-06
4.07042e-06
1.89934e-06
3.61477e-06
1.87717e-06
3.18052e-06
1.86635e-06
2.78692e-06
1.86574e-06
2.4342e-06
1.87179e-06
2.11529e-06
1.88071e-06
1.82227e-06
1.88934e-06
1.54865e-06
1.89525e-06
1.28962e-06
1.89662e-06
1.04159e-06
1.89206e-06
8.01745e-07
1.8805e-06
5.6769e-07
1.86111e-06
3.37209e-07
1.83323e-06
1.08177e-07
1.7963e-06
-1.21489e-07
1.74991e-06
-3.54103e-07
1.6938e-06
-5.92268e-07
1.62779e-06
-8.38882e-07
1.55185e-06
-1.09719e-06
1.46599e-06
-1.37102e-06
1.37021e-06
-1.66461e-06
1.2644e-06
-1.98267e-06
1.14828e-06
-2.3295e-06
1.02143e-06
-2.70836e-06
8.83346e-07
-3.11807e-06
7.33692e-07
-3.55163e-06
5.72023e-07
-3.99846e-06
3.9653e-07
-4.44537e-06
2.05088e-07
-4.94843e-06
1.37657e-09
-6.04916e-06
-1.40496e-07
-8.12726e-06
-9.62705e-06
3.62702e-07
7.51984e-07
8.37248e-07
2.24886e-06
1.25064e-06
3.41145e-06
1.575e-06
4.15214e-06
1.83415e-06
4.56519e-06
2.03469e-06
4.73334e-06
2.164e-06
4.68273e-06
2.2211e-06
4.43966e-06
2.22668e-06
4.06485e-06
2.20863e-06
3.63281e-06
2.1882e-06
3.20095e-06
2.17585e-06
2.79927e-06
2.17369e-06
2.43636e-06
2.17946e-06
2.10952e-06
2.18947e-06
1.81225e-06
2.20014e-06
1.53797e-06
2.20852e-06
1.28124e-06
2.21231e-06
1.0378e-06
2.20976e-06
8.04294e-07
2.19953e-06
5.77921e-07
2.1806e-06
3.56142e-07
2.15215e-06
1.3663e-07
2.11351e-06
-8.2852e-08
2.06422e-06
-3.04815e-07
2.0039e-06
-5.31946e-07
1.93225e-06
-7.67229e-07
1.84909e-06
-1.01404e-06
1.75425e-06
-1.27617e-06
1.64742e-06
-1.55778e-06
1.52813e-06
-1.86337e-06
1.39561e-06
-2.19698e-06
1.24884e-06
-2.56159e-06
1.0866e-06
-2.95583e-06
9.08248e-07
-3.37328e-06
7.13209e-07
-3.80342e-06
5.00842e-07
-4.233e-06
2.76334e-07
-4.72393e-06
4.9518e-08
-5.82234e-06
-1.27284e-07
-7.95046e-06
-9.75433e-06
3.07565e-07
4.44419e-07
7.93198e-07
1.76323e-06
1.26073e-06
2.94392e-06
1.64138e-06
3.77149e-06
1.94688e-06
4.25969e-06
2.19168e-06
4.48854e-06
2.37018e-06
4.50423e-06
2.4761e-06
4.33374e-06
2.52014e-06
4.0208e-06
2.52584e-06
3.62711e-06
2.51653e-06
3.21025e-06
2.5076e-06
2.8082e-06
2.50564e-06
2.43832e-06
2.51115e-06
2.10402e-06
2.52161e-06
1.80179e-06
2.53362e-06
1.52596e-06
2.54394e-06
1.27092e-06
2.54987e-06
1.03187e-06
2.54928e-06
8.04886e-07
2.54052e-06
5.86677e-07
2.52235e-06
3.74312e-07
2.49375e-06
1.65236e-07
2.45393e-06
-4.30352e-08
2.40233e-06
-2.53212e-07
2.33839e-06
-4.68005e-07
2.26164e-06
-6.90479e-07
2.17165e-06
-9.24056e-07
2.0679e-06
-1.17242e-06
1.94966e-06
-1.43954e-06
1.81593e-06
-1.72964e-06
1.66536e-06
-2.04641e-06
1.49618e-06
-2.39241e-06
1.30651e-06
-2.76616e-06
1.0956e-06
-3.16237e-06
8.62751e-07
-3.57057e-06
6.09084e-07
-3.97934e-06
3.48666e-07
-4.46351e-06
9.50773e-08
-5.56875e-06
-1.1612e-07
-7.73926e-06
-9.87045e-06
2.34241e-07
2.10178e-07
7.05099e-07
1.29237e-06
1.20805e-06
2.44097e-06
1.64499e-06
3.33454e-06
2.00244e-06
3.90224e-06
2.29596e-06
4.19501e-06
2.52818e-06
4.27202e-06
2.69263e-06
4.16928e-06
2.79083e-06
3.92261e-06
2.83794e-06
3.57999e-06
2.85514e-06
3.19306e-06
2.86047e-06
2.80286e-06
2.86499e-06
2.4338e-06
2.87311e-06
2.0959e-06
2.88485e-06
1.79005e-06
2.89803e-06
1.51278e-06
2.9098e-06
1.25915e-06
2.91738e-06
1.02428e-06
2.91842e-06
8.03844e-07
2.91102e-06
5.94082e-07
2.89366e-06
3.91676e-07
2.86513e-06
1.93758e-07
2.82451e-06
-2.41562e-09
2.77105e-06
-1.99751e-07
2.70395e-06
-4.00899e-07
2.62244e-06
-6.0897e-07
2.52568e-06
-8.27297e-07
2.41266e-06
-1.0594e-06
2.2821e-06
-1.30898e-06
2.13236e-06
-1.5799e-06
1.96131e-06
-1.87536e-06
1.76631e-06
-2.19742e-06
1.54505e-06
-2.5449e-06
1.29691e-06
-2.91422e-06
1.0211e-06
-3.29476e-06
7.21979e-07
-3.68022e-06
4.23839e-07
-4.16537e-06
1.43889e-07
-5.2888e-06
-1.0429e-07
-7.49108e-06
-9.97474e-06
1.66022e-07
4.41557e-08
5.87555e-07
8.7084e-07
1.09205e-06
1.93648e-06
1.57261e-06
2.85398e-06
1.98371e-06
3.49114e-06
2.33042e-06
3.8483e-06
2.6204e-06
3.98204e-06
2.85028e-06
3.93941e-06
3.01619e-06
3.7567e-06
3.12362e-06
3.47256e-06
3.18726e-06
3.12942e-06
3.22415e-06
2.76597e-06
3.24797e-06
2.40998e-06
3.26699e-06
2.07688e-06
3.28466e-06
1.77238e-06
3.30122e-06
1.49621e-06
3.31521e-06
1.24517e-06
3.32451e-06
1.01499e-06
3.32697e-06
8.01382e-07
3.32066e-06
6.00391e-07
3.3039e-06
4.08438e-07
3.27532e-06
2.22331e-07
3.23387e-06
3.90348e-08
3.17844e-06
-1.44317e-07
3.10802e-06
-3.30478e-07
3.02137e-06
-5.22327e-07
2.91709e-06
-7.23014e-07
2.79361e-06
-9.35922e-07
2.64899e-06
-1.16436e-06
2.48074e-06
-1.41165e-06
2.28579e-06
-1.68041e-06
2.06078e-06
-1.9724e-06
1.80329e-06
-2.28742e-06
1.51237e-06
-2.6233e-06
1.18767e-06
-2.97006e-06
8.39463e-07
-3.33201e-06
5.03189e-07
-3.82909e-06
1.9902e-07
-4.98463e-06
-8.89755e-08
-7.20309e-06
-1.00637e-05
1.17216e-07
-7.30599e-08
4.57215e-07
5.30841e-07
9.21278e-07
1.47242e-06
1.41588e-06
2.35938e-06
1.87372e-06
3.0333e-06
2.27611e-06
3.44591e-06
2.62758e-06
3.63056e-06
2.92753e-06
3.63947e-06
3.1704e-06
3.51382e-06
3.35427e-06
3.2887e-06
3.4852e-06
2.9985e-06
3.57522e-06
2.67595e-06
3.63746e-06
2.34774e-06
3.68242e-06
2.03192e-06
3.71678e-06
1.73803e-06
3.74377e-06
1.46922e-06
3.76422e-06
1.22471e-06
3.77756e-06
1.00165e-06
3.78253e-06
7.96412e-07
3.77766e-06
6.05262e-07
3.76143e-06
4.24663e-07
3.73246e-06
2.51306e-07
3.68943e-06
8.20598e-08
3.63103e-06
-8.59167e-08
3.55595e-06
-2.55395e-07
3.46258e-06
-4.28957e-07
3.34899e-06
-6.09428e-07
3.21287e-06
-7.99795e-07
3.05141e-06
-1.0029e-06
2.86124e-06
-1.22147e-06
2.63858e-06
-1.45775e-06
2.37966e-06
-1.71348e-06
2.08164e-06
-1.98941e-06
1.74224e-06
-2.2839e-06
1.36363e-06
-2.59145e-06
9.64565e-07
-2.93294e-06
5.90203e-07
-3.45473e-06
2.62559e-07
-4.65699e-06
-7.11312e-08
-6.8694e-06
-1.01348e-05
8.48244e-08
-1.57884e-07
3.25066e-07
2.90599e-07
7.08478e-07
1.089e-06
1.17523e-06
1.89263e-06
1.65855e-06
2.54998e-06
2.11456e-06
2.9899e-06
2.53049e-06
3.21463e-06
2.90352e-06
3.26643e-06
3.22794e-06
3.1894e-06
3.49793e-06
3.01871e-06
3.71241e-06
2.78401e-06
3.87638e-06
2.51197e-06
3.99899e-06
2.22514e-06
4.09009e-06
1.94081e-06
4.15797e-06
1.67016e-06
4.20837e-06
1.41882e-06
4.24469e-06
1.18839e-06
4.26846e-06
9.77877e-07
4.28001e-06
7.84869e-07
4.27888e-06
6.06388e-07
4.26422e-06
4.3932e-07
4.23493e-06
2.80606e-07
4.1897e-06
1.27282e-07
4.12703e-06
-2.32445e-08
4.04545e-06
-1.7381e-07
3.94303e-06
-3.2654e-07
3.81743e-06
-4.8383e-07
3.66563e-06
-6.47994e-07
3.48416e-06
-8.2143e-07
3.26901e-06
-1.00633e-06
3.01594e-06
-1.20468e-06
2.72046e-06
-1.41799e-06
2.37879e-06
-1.64774e-06
1.98869e-06
-1.8938e-06
1.5575e-06
-2.16026e-06
1.11258e-06
-2.48803e-06
7.03635e-07
-3.04578e-06
3.47736e-07
-4.30109e-06
-4.18189e-08
-6.47984e-06
-1.01767e-05
5.09884e-08
-2.08873e-07
1.78219e-07
1.63368e-07
4.51428e-07
8.15796e-07
8.54087e-07
1.48997e-06
1.33315e-06
2.07092e-06
1.83113e-06
2.49192e-06
2.3119e-06
2.73386e-06
2.76018e-06
2.81815e-06
3.16747e-06
2.78212e-06
3.52619e-06
2.65998e-06
3.83126e-06
2.47895e-06
4.08226e-06
2.26098e-06
4.28302e-06
2.02437e-06
4.44016e-06
1.78367e-06
4.56102e-06
1.54929e-06
4.65217e-06
1.32768e-06
4.71868e-06
1.12188e-06
4.76406e-06
9.32503e-07
4.79037e-06
7.58554e-07
4.79869e-06
5.98074e-07
4.78925e-06
4.48759e-07
4.76161e-06
3.08243e-07
4.71486e-06
1.74034e-07
4.64767e-06
4.39482e-08
4.55844e-06
-8.45845e-08
4.44522e-06
-2.13322e-07
4.30555e-06
-3.44156e-07
4.1363e-06
-4.78749e-07
3.93364e-06
-6.18769e-07
3.69294e-06
-7.65625e-07
3.40923e-06
-9.20976e-07
3.07751e-06
-1.08627e-06
2.69428e-06
-1.2645e-06
2.26063e-06
-1.46015e-06
1.79109e-06
-1.69072e-06
1.31988e-06
-2.01683e-06
8.93511e-07
-2.61941e-06
4.98693e-07
-3.90627e-06
2.14648e-08
-6.00261e-06
-1.01552e-05
-4.90472e-08
-1.59825e-07
-3.65236e-08
1.50845e-07
1.21315e-07
6.57957e-07
4.47129e-07
1.16416e-06
9.00351e-07
1.61769e-06
1.42223e-06
1.97004e-06
1.96185e-06
2.19424e-06
2.48504e-06
2.29496e-06
2.97354e-06
2.29362e-06
3.41755e-06
2.21598e-06
3.81057e-06
2.08592e-06
4.1496e-06
1.92195e-06
4.4347e-06
1.73927e-06
4.66885e-06
1.54951e-06
4.85692e-06
1.36123e-06
5.00436e-06
1.18024e-06
5.11629e-06
1.00994e-06
5.19706e-06
8.51734e-07
5.24998e-06
7.05637e-07
5.2774e-06
5.70649e-07
5.28074e-06
4.45424e-07
5.26055e-06
3.28432e-07
5.21669e-06
2.17896e-07
5.14856e-06
1.1208e-07
5.05476e-06
9.21228e-09
4.93353e-06
-9.20939e-08
4.78261e-06
-1.93235e-07
4.599e-06
-2.9514e-07
4.37899e-06
-3.98755e-07
4.11783e-06
-5.04467e-07
3.81063e-06
-6.1378e-07
3.45328e-06
-7.28919e-07
3.04437e-06
-8.55595e-07
2.58955e-06
-1.00532e-06
2.10985e-06
-1.21103e-06
1.64432e-06
-1.55129e-06
1.22866e-06
-2.20375e-06
7.82783e-07
-3.46039e-06
1.68023e-07
-5.38785e-06
-9.98718e-06
-2.87994e-07
1.28169e-07
-4.37778e-07
3.00628e-07
-3.50081e-07
5.70261e-07
-6.83524e-08
8.82427e-07
3.64555e-07
1.18479e-06
9.04807e-07
1.42979e-06
1.4941e-06
1.60494e-06
2.08763e-06
1.70143e-06
2.65449e-06
1.72676e-06
3.17761e-06
1.69286e-06
3.64918e-06
1.61435e-06
4.06558e-06
1.50555e-06
4.42621e-06
1.37865e-06
4.73254e-06
1.24318e-06
4.98756e-06
1.10621e-06
5.19514e-06
9.72661e-07
5.35946e-06
8.45616e-07
5.48462e-06
7.26578e-07
5.57422e-06
6.16038e-07
5.6311e-06
5.13772e-07
5.65729e-06
4.19235e-07
5.65426e-06
3.3146e-07
5.62283e-06
2.49321e-07
5.56322e-06
1.71696e-07
5.47494e-06
9.74904e-08
5.35687e-06
2.59804e-08
5.20781e-06
-4.41744e-08
5.02563e-06
-1.12961e-07
4.80727e-06
-1.80402e-07
4.54916e-06
-2.46355e-07
4.24857e-06
-3.13189e-07
3.90324e-06
-3.83587e-07
3.51276e-06
-4.65113e-07
3.08463e-06
-5.77192e-07
2.6383e-06
-7.64706e-07
2.19896e-06
-1.11195e-06
1.76752e-06
-1.77231e-06
1.21153e-06
-2.90441e-06
4.40469e-07
-4.61679e-06
-9.54671e-06
-5.52259e-07
6.80429e-07
-8.30243e-07
5.78612e-07
-8.72006e-07
6.12024e-07
-6.69498e-07
6.79918e-07
-2.56269e-07
7.71558e-07
2.97166e-07
8.76356e-07
9.27789e-07
9.74321e-07
1.57934e-06
1.04987e-06
2.21473e-06
1.09138e-06
2.81052e-06
1.09706e-06
3.3544e-06
1.07048e-06
3.84092e-06
1.01903e-06
4.26879e-06
9.50782e-07
4.63909e-06
8.72876e-07
4.95441e-06
7.90885e-07
5.21822e-06
7.08853e-07
5.43441e-06
6.29426e-07
5.6068e-06
5.54189e-07
5.73889e-06
4.83946e-07
5.83382e-06
4.1884e-07
5.89445e-06
3.58611e-07
5.92308e-06
3.02826e-07
5.92147e-06
2.50935e-07
5.89079e-06
2.02377e-07
5.83166e-06
1.56622e-07
5.74442e-06
1.13216e-07
5.62865e-06
7.15945e-08
5.48475e-06
3.094e-08
5.31433e-06
-9.97637e-09
5.11663e-06
-4.86563e-08
4.89355e-06
-9.0113e-08
4.64646e-06
-1.36493e-07
4.37472e-06
-1.93377e-07
4.07412e-06
-2.76587e-07
3.72617e-06
-4.1676e-07
3.29426e-06
-6.80034e-07
2.69656e-06
-1.17461e-06
1.79881e-06
-2.00665e-06
7.89602e-07
-3.60759e-06
-8.75711e-06
-7.39608e-07
1.42004e-06
-1.04228e-06
8.81281e-07
-9.54343e-07
5.24089e-07
-6.57012e-07
3.82587e-07
-2.24539e-07
3.39086e-07
3.08458e-07
3.43359e-07
9.05324e-07
3.77455e-07
1.53181e-06
4.23391e-07
2.16211e-06
4.61076e-07
2.77536e-06
4.83805e-07
3.35579e-06
4.90055e-07
3.89308e-06
4.81739e-07
4.38157e-06
4.62291e-07
4.81911e-06
4.35335e-07
5.20601e-06
4.03985e-07
5.54421e-06
3.70646e-07
5.83665e-06
3.36987e-07
6.08664e-06
3.04199e-07
6.29772e-06
2.72874e-07
6.47329e-06
2.43268e-07
6.61645e-06
2.15453e-07
6.72992e-06
1.89352e-07
6.81605e-06
1.64801e-07
6.87683e-06
1.41606e-07
6.9139e-06
1.19544e-07
6.92875e-06
9.83671e-08
6.92254e-06
7.78116e-08
6.89587e-06
5.7608e-08
6.84827e-06
3.76243e-08
6.7818e-06
1.78095e-08
6.69398e-06
-2.28993e-09
6.58585e-06
-2.83588e-08
6.45129e-06
-5.88237e-08
6.27503e-06
-1.00328e-07
6.01487e-06
-1.56593e-07
5.56802e-06
-2.33186e-07
4.72969e-06
-3.36277e-07
3.30699e-06
-5.83952e-07
1.59446e-06
-1.89507e-06
-7.16265e-06
1.42004e-06
2.30132e-06
2.82541e-06
3.20799e-06
3.54708e-06
3.89044e-06
4.26789e-06
4.69129e-06
5.15236e-06
5.63617e-06
6.12622e-06
6.60796e-06
7.07025e-06
7.50559e-06
7.90957e-06
8.28022e-06
8.61721e-06
8.9214e-06
9.19428e-06
9.43755e-06
9.653e-06
9.84235e-06
1.00072e-05
1.01488e-05
1.02683e-05
1.03667e-05
1.04445e-05
1.05021e-05
1.05397e-05
1.05575e-05
1.05552e-05
1.05269e-05
1.0468e-05
1.03677e-05
1.02111e-05
9.97794e-06
9.64167e-06
9.05771e-06
7.16265e-06
)
;

boundaryField
{
    movingWall
    {
        type            calculated;
        value           uniform 0;
    }
    fixedWalls
    {
        type            calculated;
        value           uniform 0;
    }
    frontAndBack
    {
        type            empty;
    }
}


// ************************************************************************* //
