/*--------------------------------*- C++ -*----------------------------------*\
| =========                 |                                                 |
| \\      /  F ield         | OpenFOAM: The Open Source CFD Toolbox           |
|  \\    /   O peration     | Version:  2412                                  |
|   \\  /    A nd           | Website:  www.openfoam.com                      |
|    \\/     M anipulation  |                                                 |
\*---------------------------------------------------------------------------*/
FoamFile
{
    version     2.0;
    format      ascii;
    arch        "LSB;label=32;scalar=64";
    class       volVectorField;
    location    "6.75";
    object      U;
}
// * * * * * * * * * * * * * * * * * * * * * * * * * * * * * * * * * * * * * //

dimensions      [0 1 -1 0 0 0 0];

internalField   nonuniform List<vector> 
1600
(
(0.00155716 -0.00140103 0)
(0.00602407 -0.00174887 0)
(0.0100391 -0.00121636 0)
(0.0123285 -0.000367841 0)
(0.0127545 1.05516e-05 0)
(0.012371 -0.000147613 0)
(0.0116895 -0.000398431 0)
(0.0107043 -0.000385921 0)
(0.00889316 -0.000122727 0)
(0.00518791 0.000393367 0)
(-0.00156356 0.000871122 0)
(-0.0104678 0.00190926 0)
(-0.0239071 0.00465581 0)
(-0.0424222 0.00818154 0)
(-0.0635677 0.0110831 0)
(-0.0861895 0.0128648 0)
(-0.108793 0.0132944 0)
(-0.129788 0.0123793 0)
(-0.147728 0.0104764 0)
(-0.161691 0.00811717 0)
(-0.171365 0.00572297 0)
(-0.176851 0.00344905 0)
(-0.178497 0.00124525 0)
(-0.176384 -0.00101616 0)
(-0.17035 -0.00341591 0)
(-0.160216 -0.00595163 0)
(-0.145801 -0.00854678 0)
(-0.127112 -0.0110378 0)
(-0.104496 -0.0131973 0)
(-0.078858 -0.0147645 0)
(-0.0517549 -0.0154176 0)
(-0.0250762 -0.0148026 0)
(-0.000578468 -0.0129029 0)
(0.018553 -0.00953956 0)
(0.0315923 -0.00504564 0)
(0.0373256 -0.000127203 0)
(0.0351616 0.00403584 0)
(0.0259892 0.00647583 0)
(0.013406 0.00571984 0)
(0.0033638 0.00389502 0)
(0.00241458 -0.00614222 0)
(0.00898238 -0.00769055 0)
(0.0136415 -0.00531004 0)
(0.0159394 -0.00206759 0)
(0.0155599 0.00033799 0)
(0.0129052 0.00138529 0)
(0.00839326 0.00214385 0)
(0.00153693 0.00375228 0)
(-0.00878102 0.00639401 0)
(-0.0239898 0.0109051 0)
(-0.0447135 0.0169333 0)
(-0.0698644 0.0237742 0)
(-0.09718 0.0298347 0)
(-0.124476 0.0336676 0)
(-0.149957 0.0350236 0)
(-0.172237 0.0340425 0)
(-0.190448 0.0309454 0)
(-0.204525 0.0263348 0)
(-0.215046 0.0208816 0)
(-0.222677 0.0151471 0)
(-0.227576 0.00947312 0)
(-0.229849 0.00394216 0)
(-0.229165 -0.00155646 0)
(-0.225237 -0.00716885 0)
(-0.217845 -0.0129883 0)
(-0.206841 -0.0190575 0)
(-0.192009 -0.0252728 0)
(-0.173224 -0.0313006 0)
(-0.150547 -0.0366294 0)
(-0.124415 -0.0404808 0)
(-0.0958405 -0.0419125 0)
(-0.0663714 -0.0400567 0)
(-0.0380945 -0.0344577 0)
(-0.0133764 -0.0256673 0)
(0.00602381 -0.014901 0)
(0.0180892 -0.00357057 0)
(0.0239501 0.00672887 0)
(0.0224629 0.0138632 0)
(0.0140787 0.0162117 0)
(0.00361773 0.0126316 0)
(0.0031689 -0.0127582 0)
(0.0092396 -0.0136969 0)
(0.0120432 -0.00849476 0)
(0.0119092 -0.00196626 0)
(0.008773 0.00306286 0)
(0.00216766 0.00664016 0)
(-0.00868866 0.0109226 0)
(-0.0241201 0.0173086 0)
(-0.0449025 0.0257835 0)
(-0.0704043 0.0354636 0)
(-0.0992497 0.0449945 0)
(-0.128694 0.0526326 0)
(-0.156072 0.057104 0)
(-0.179695 0.0579813 0)
(-0.199202 0.0555989 0)
(-0.214621 0.0505849 0)
(-0.226608 0.0439289 0)
(-0.235894 0.0363859 0)
(-0.243021 0.0285032 0)
(-0.248187 0.0205277 0)
(-0.251529 0.012547 0)
(-0.2528 0.0044992 0)
(-0.251959 -0.00374986 0)
(-0.248932 -0.0123695 0)
(-0.243437 -0.0214565 0)
(-0.235019 -0.0310407 0)
(-0.223431 -0.0409659 0)
(-0.208269 -0.0508599 0)
(-0.189217 -0.0599734 0)
(-0.166157 -0.0671589 0)
(-0.139347 -0.0709115 0)
(-0.109698 -0.0696974 0)
(-0.0788477 -0.0625253 0)
(-0.049418 -0.0497538 0)
(-0.0245131 -0.0331643 0)
(-0.00604799 -0.0150579 0)
(0.00525452 0.00189246 0)
(0.010104 0.0160806 0)
(0.00764973 0.022663 0)
(0.00202935 0.01941 0)
(0.00323533 -0.0192346 0)
(0.0065625 -0.0170399 0)
(0.0060548 -0.00798964 0)
(0.00191498 0.0018696 0)
(-0.0056649 0.0103964 0)
(-0.0176713 0.01859 0)
(-0.0350297 0.0280014 0)
(-0.0578908 0.0397172 0)
(-0.0856226 0.0528211 0)
(-0.1155 0.0651056 0)
(-0.144596 0.0743999 0)
(-0.170463 0.0793144 0)
(-0.19188 0.0797598 0)
(-0.208876 0.0762954 0)
(-0.221985 0.0699714 0)
(-0.232002 0.0617877 0)
(-0.239755 0.0526313 0)
(-0.245736 0.0430788 0)
(-0.250206 0.0334275 0)
(-0.253292 0.0237995 0)
(-0.255138 0.0141643 0)
(-0.2559 0.00439695 0)
(-0.255372 -0.0056591 0)
(-0.253528 -0.0162431 0)
(-0.250406 -0.0275845 0)
(-0.24575 -0.0397673 0)
(-0.239113 -0.0527975 0)
(-0.229854 -0.0663682 0)
(-0.217169 -0.0796777 0)
(-0.200236 -0.0913046 0)
(-0.178429 -0.0992391 0)
(-0.151636 -0.101187 0)
(-0.120605 -0.0950981 0)
(-0.0873637 -0.0801491 0)
(-0.0555902 -0.0579008 0)
(-0.0295195 -0.0323888 0)
(-0.011603 -0.00794161 0)
(-0.00155205 0.0128315 0)
(0.00145867 0.0245331 0)
(0.000334937 0.0223994 0)
(0.0018389 -0.0229339 0)
(0.00172208 -0.0163366 0)
(-0.00312805 -0.00309228 0)
(-0.0112514 0.0101776 0)
(-0.0235816 0.0229454 0)
(-0.0411276 0.0362758 0)
(-0.0643553 0.0514103 0)
(-0.0921221 0.0676449 0)
(-0.121587 0.0825694 0)
(-0.149595 0.0936203 0)
(-0.173749 0.0993899 0)
(-0.193093 0.0997646 0)
(-0.207686 0.0956281 0)
(-0.218264 0.0882875 0)
(-0.225646 0.0788851 0)
(-0.230682 0.0684277 0)
(-0.233906 0.0574994 0)
(-0.235755 0.0465218 0)
(-0.236549 0.0356841 0)
(-0.236585 0.0250761 0)
(-0.236074 0.0146392 0)
(-0.235079 0.00422484 0)
(-0.234009 -0.00639297 0)
(-0.232902 -0.0174861 0)
(-0.23175 -0.0294351 0)
(-0.230582 -0.0426184 0)
(-0.229039 -0.0572647 0)
(-0.226616 -0.0733498 0)
(-0.222358 -0.0903396 0)
(-0.214842 -0.106917 0)
(-0.202332 -0.120816 0)
(-0.183281 -0.1289 0)
(-0.157029 -0.127866 0)
(-0.124315 -0.115291 0)
(-0.0879138 -0.0909002 0)
(-0.0532853 -0.0583888 0)
(-0.026408 -0.0247871 0)
(-0.00936289 0.00378605 0)
(-0.00206902 0.021475 0)
(-0.000161176 0.0221755 0)
(-0.000498872 -0.0228165 0)
(-0.00462174 -0.0110773 0)
(-0.013473 0.00572378 0)
(-0.0257931 0.0229473 0)
(-0.0428576 0.040501 0)
(-0.0651574 0.0592692 0)
(-0.0918484 0.0787415 0)
(-0.120167 0.0965118 0)
(-0.146884 0.109823 0)
(-0.169544 0.116966 0)
(-0.187019 0.117772 0)
(-0.199362 0.113281 0)
(-0.207273 0.104967 0)
(-0.21172 0.0943116 0)
(-0.213569 0.0824116 0)
(-0.213592 0.0700927 0)
(-0.212387 0.057832 0)
(-0.21049 0.0459685 0)
(-0.208301 0.0346357 0)
(-0.206095 0.0238362 0)
(-0.204072 0.0134496 0)
(-0.202451 0.00328524 0)
(-0.201121 -0.00694681 0)
(-0.200101 -0.0175783 0)
(-0.199557 -0.0289828 0)
(-0.199677 -0.04161 0)
(-0.200595 -0.0559377 0)
(-0.202305 -0.0723562 0)
(-0.20438 -0.090951 0)
(-0.205679 -0.111084 0)
(-0.204111 -0.130904 0)
(-0.196766 -0.147044 0)
(-0.180759 -0.154928 0)
(-0.154655 -0.149933 0)
(-0.119498 -0.129301 0)
(-0.079528 -0.0939989 0)
(-0.0427049 -0.0511396 0)
(-0.0164511 -0.0119123 0)
(-0.00362414 0.0148135 0)
(0.00020416 0.0207362 0)
(-0.00329957 -0.0181557 0)
(-0.01127 -0.00185249 0)
(-0.0238528 0.0185648 0)
(-0.0402237 0.039859 0)
(-0.0612075 0.0623036 0)
(-0.0862269 0.0851408 0)
(-0.113051 0.106149 0)
(-0.138568 0.122403 0)
(-0.160124 0.13176 0)
(-0.176275 0.133702 0)
(-0.186848 0.129232 0)
(-0.192588 0.120117 0)
(-0.19459 0.108163 0)
(-0.193968 0.0948181 0)
(-0.191709 0.0810972 0)
(-0.188649 0.0676855 0)
(-0.185433 0.0549558 0)
(-0.182469 0.0430688 0)
(-0.179932 0.0319844 0)
(-0.177809 0.0215423 0)
(-0.176021 0.0115177 0)
(-0.174426 0.00164728 0)
(-0.172937 -0.00829018 0)
(-0.171612 -0.0185058 0)
(-0.170556 -0.0292499 0)
(-0.170002 -0.0408586 0)
(-0.17037 -0.0537947 0)
(-0.172122 -0.0686497 0)
(-0.175623 -0.0860723 0)
(-0.180749 -0.106444 0)
(-0.186332 -0.129223 0)
(-0.189642 -0.152069 0)
(-0.186452 -0.17026 0)
(-0.172304 -0.177216 0)
(-0.144957 -0.166664 0)
(-0.106297 -0.135686 0)
(-0.063149 -0.0877299 0)
(-0.0267918 -0.0356841 0)
(-0.00559079 0.00420754 0)
(0.000616408 0.0189781 0)
(-0.00599046 -0.00940577 0)
(-0.0174144 0.0113525 0)
(-0.033305 0.0348698 0)
(-0.0529735 0.0602755 0)
(-0.0762501 0.0863905 0)
(-0.101462 0.11092 0)
(-0.125949 0.130818 0)
(-0.146906 0.143378 0)
(-0.162465 0.147455 0)
(-0.172108 0.143747 0)
(-0.176519 0.13426 0)
(-0.176983 0.121262 0)
(-0.174869 0.10664 0)
(-0.171421 0.091747 0)
(-0.167639 0.0774272 0)
(-0.164204 0.0641088 0)
(-0.161442 0.0518724 0)
(-0.159379 0.0405838 0)
(-0.157858 0.0300063 0)
(-0.156646 0.019883 0)
(-0.155527 0.00998458 0)
(-0.154333 0.000114505 0)
(-0.15303 -0.00986381 0)
(-0.151625 -0.0200809 0)
(-0.150153 -0.0306691 0)
(-0.148759 -0.0417898 0)
(-0.147768 -0.0536942 0)
(-0.147681 -0.066806 0)
(-0.149213 -0.081822 0)
(-0.153126 -0.0997083 0)
(-0.159723 -0.121318 0)
(-0.167933 -0.146371 0)
(-0.174373 -0.171965 0)
(-0.173345 -0.191554 0)
(-0.158827 -0.19587 0)
(-0.128252 -0.176671 0)
(-0.0854549 -0.131706 0)
(-0.0413149 -0.0696652 0)
(-0.00911167 -0.0122779 0)
(0.000656529 0.0166718 0)
(-0.00799701 0.00322015 0)
(-0.0224254 0.0276926 0)
(-0.0409233 0.0541208 0)
(-0.0625918 0.082612 0)
(-0.0862544 0.110541 0)
(-0.109818 0.134564 0)
(-0.130613 0.151333 0)
(-0.146376 0.158814 0)
(-0.156063 0.157008 0)
(-0.160131 0.147928 0)
(-0.159979 0.13434 0)
(-0.157224 0.118719 0)
(-0.153335 0.102837 0)
(-0.149445 0.0877742 0)
(-0.146235 0.0739931 0)
(-0.143938 0.0615062 0)
(-0.142456 0.0500661 0)
(-0.141532 0.0393501 0)
(-0.140897 0.0290774 0)
(-0.140333 0.0190297 0)
(-0.139681 0.00904964 0)
(-0.138858 -0.000980477 0)
(-0.137844 -0.0111587 0)
(-0.136628 -0.0215779 0)
(-0.135214 -0.032323 0)
(-0.133656 -0.0434653 0)
(-0.132086 -0.0550954 0)
(-0.130768 -0.0673788 0)
(-0.130201 -0.0806836 0)
(-0.131218 -0.0957879 0)
(-0.134921 -0.114014 0)
(-0.142075 -0.136814 0)
(-0.1517 -0.164204 0)
(-0.159552 -0.192301 0)
(-0.158228 -0.211794 0)
(-0.140507 -0.209846 0)
(-0.104748 -0.17647 0)
(-0.0583523 -0.112329 0)
(-0.0169901 -0.0370449 0)
(-0.000186111 0.0117363 0)
(-0.00925255 0.0189649 0)
(-0.0260251 0.0463631 0)
(-0.045946 0.075039 0)
(-0.0682176 0.1052 0)
(-0.090821 0.133246 0)
(-0.111632 0.154969 0)
(-0.12821 0.167221 0)
(-0.138896 0.168855 0)
(-0.14362 0.161356 0)
(-0.143716 0.147875 0)
(-0.140988 0.131565 0)
(-0.137112 0.114792 0)
(-0.133363 0.0989707 0)
(-0.130449 0.0846789 0)
(-0.128553 0.0718846 0)
(-0.1275 0.0602445 0)
(-0.126983 0.0493645 0)
(-0.126719 0.0389238 0)
(-0.12651 0.0287113 0)
(-0.126234 0.0185866 0)
(-0.125816 0.00845398 0)
(-0.125225 -0.00176474 0)
(-0.12445 -0.0121504 0)
(-0.123485 -0.0227831 0)
(-0.12233 -0.0337324 0)
(-0.120997 -0.0450481 0)
(-0.119518 -0.0567672 0)
(-0.11797 -0.0689251 0)
(-0.116551 -0.0816173 0)
(-0.115709 -0.0951749 0)
(-0.116337 -0.110496 0)
(-0.119813 -0.129357 0)
(-0.127286 -0.153901 0)
(-0.137637 -0.184187 0)
(-0.145264 -0.214275 0)
(-0.140797 -0.230411 0)
(-0.116713 -0.21532 0)
(-0.0744604 -0.158928 0)
(-0.0279438 -0.0715931 0)
(-0.000894242 0.0011719 0)
(-0.00979236 0.0362424 0)
(-0.0278635 0.0663471 0)
(-0.0481446 0.0963199 0)
(-0.0697754 0.126879 0)
(-0.0904141 0.153573 0)
(-0.107986 0.171717 0)
(-0.120363 0.178577 0)
(-0.126698 0.17434 0)
(-0.127876 0.162027 0)
(-0.125765 0.145495 0)
(-0.122231 0.127888 0)
(-0.118722 0.111173 0)
(-0.116056 0.0961817 0)
(-0.114426 0.0829155 0)
(-0.113639 0.0709678 0)
(-0.113366 0.0598569 0)
(-0.113323 0.0492215 0)
(-0.113323 0.0388318 0)
(-0.113266 0.028558 0)
(-0.113099 0.0183139 0)
(-0.112795 0.00803254 0)
(-0.112345 -0.00235105 0)
(-0.111746 -0.0129079 0)
(-0.111001 -0.0237119 0)
(-0.110112 -0.0348293 0)
(-0.109082 -0.0463106 0)
(-0.10791 -0.0581873 0)
(-0.106597 -0.0704647 0)
(-0.105172 -0.0831327 0)
(-0.103766 -0.0962421 0)
(-0.102792 -0.110142 0)
(-0.103229 -0.125978 0)
(-0.106747 -0.146182 0)
(-0.114727 -0.173638 0)
(-0.125312 -0.207581 0)
(-0.130624 -0.237759 0)
(-0.119344 -0.243526 0)
(-0.0860592 -0.203593 0)
(-0.0398236 -0.114302 0)
(-0.00241836 -0.0125343 0)
(-0.00965457 0.0542676 0)
(-0.0280066 0.0865848 0)
(-0.0476774 0.116928 0)
(-0.0677859 0.146798 0)
(-0.0859699 0.171093 0)
(-0.100209 0.184809 0)
(-0.108857 0.186009 0)
(-0.111944 0.176545 0)
(-0.111058 0.160637 0)
(-0.108208 0.14239 0)
(-0.105041 0.124603 0)
(-0.102566 0.10862 0)
(-0.101091 0.0946276 0)
(-0.100453 0.0821949 0)
(-0.100325 0.0707606 0)
(-0.100417 0.0598796 0)
(-0.100551 0.0492899 0)
(-0.100632 0.0388486 0)
(-0.100623 0.0284769 0)
(-0.100504 0.0181153 0)
(-0.100268 0.00770875 0)
(-0.0999161 -0.00280383 0)
(-0.0994518 -0.0134885 0)
(-0.0988826 -0.0244153 0)
(-0.0982147 -0.0356514 0)
(-0.0974484 -0.047254 0)
(-0.0965798 -0.0592639 0)
(-0.0955914 -0.0716936 0)
(-0.0944546 -0.0845187 0)
(-0.0931538 -0.0976922 0)
(-0.0917762 -0.111248 0)
(-0.0907432 -0.125652 0)
(-0.0912101 -0.142538 0)
(-0.0952137 -0.16535 0)
(-0.104052 -0.197443 0)
(-0.113881 -0.235003 0)
(-0.113342 -0.259499 0)
(-0.0911977 -0.241262 0)
(-0.0496587 -0.159719 0)
(-0.00756142 -0.0348957 0)
(-0.00898835 0.0720104 0)
(-0.0266923 0.106102 0)
(-0.0449853 0.136077 0)
(-0.0630257 0.164487 0)
(-0.0785623 0.185692 0)
(-0.08967 0.194593 0)
(-0.0953372 0.190458 0)
(-0.0963442 0.176772 0)
(-0.0946094 0.158492 0)
(-0.091974 0.139582 0)
(-0.089697 0.122264 0)
(-0.0883032 0.107183 0)
(-0.087735 0.0940068 0)
(-0.0876907 0.0820918 0)
(-0.087879 0.07089 0)
(-0.0881119 0.0600582 0)
(-0.0882994 0.0494234 0)
(-0.0884048 0.0388977 0)
(-0.0884184 0.0284273 0)
(-0.0883357 0.0179637 0)
(-0.088158 0.00745607 0)
(-0.0878908 -0.00315445 0)
(-0.0875409 -0.0139317 0)
(-0.0871183 -0.0249435 0)
(-0.0866294 -0.0362587 0)
(-0.0860762 -0.0479411 0)
(-0.0854562 -0.0600428 0)
(-0.0847511 -0.0725939 0)
(-0.0839225 -0.0855881 0)
(-0.0829121 -0.0989723 0)
(-0.0816721 -0.112671 0)
(-0.0802803 -0.12675 0)
(-0.0792503 -0.141976 0)
(-0.0800774 -0.160931 0)
(-0.0852132 -0.188445 0)
(-0.094898 -0.22691 0)
(-0.101148 -0.264598 0)
(-0.0897161 -0.269337 0)
(-0.0556772 -0.203904 0)
(-0.0134095 -0.0646349 0)
(-0.00790098 0.0885201 0)
(-0.0242519 0.124142 0)
(-0.0406339 0.153253 0)
(-0.0562941 0.179706 0)
(-0.0691967 0.197498 0)
(-0.0775937 0.201654 0)
(-0.0811022 0.192901 0)
(-0.0810158 0.176074 0)
(-0.0792359 0.156431 0)
(-0.0772684 0.137527 0)
(-0.0759357 0.120909 0)
(-0.0753833 0.106601 0)
(-0.0753803 0.0939588 0)
(-0.0756391 0.0822985 0)
(-0.0759589 0.0711575 0)
(-0.0762395 0.0602888 0)
(-0.0764451 0.049578 0)
(-0.0765668 0.0389654 0)
(-0.0766072 0.0284075 0)
(-0.076568 0.0178601 0)
(-0.0764531 0.00727324 0)
(-0.0762704 -0.00341071 0)
(-0.0760275 -0.0142544 0)
(-0.0757351 -0.0253246 0)
(-0.0753986 -0.0366915 0)
(-0.0750219 -0.0484246 0)
(-0.0746041 -0.0605867 0)
(-0.0741301 -0.0732252 0)
(-0.0735638 -0.0863576 0)
(-0.0728425 -0.0999543 0)
(-0.0718807 -0.11393 0)
(-0.070615 -0.128197 0)
(-0.0691649 -0.14297 0)
(-0.0682805 -0.159707 0)
(-0.0700549 -0.18268 0)
(-0.0770076 -0.21789 0)
(-0.0858278 -0.262177 0)
(-0.0828356 -0.287247 0)
(-0.0574699 -0.243592 0)
(-0.0181229 -0.0993537 0)
(-0.00652006 0.103114 0)
(-0.0210058 0.140152 0)
(-0.0351426 0.168133 0)
(-0.0483192 0.192421 0)
(-0.0587319 0.206799 0)
(-0.0649188 0.206641 0)
(-0.0670131 0.194158 0)
(-0.0665278 0.175155 0)
(-0.0651245 0.154862 0)
(-0.0639186 0.136291 0)
(-0.0633549 0.120335 0)
(-0.063355 0.106571 0)
(-0.0636595 0.0942185 0)
(-0.0640542 0.082644 0)
(-0.0644225 0.0714771 0)
(-0.0647204 0.0605392 0)
(-0.0649398 0.0497487 0)
(-0.0650847 0.0390583 0)
(-0.0651626 0.0284278 0)
(-0.0651775 0.0178137 0)
(-0.065134 0.00716598 0)
(-0.0650398 -0.00357234 0)
(-0.0649032 -0.0144632 0)
(-0.0647338 -0.025573 0)
(-0.0645363 -0.0369726 0)
(-0.0643153 -0.0487358 0)
(-0.0640715 -0.0609352 0)
(-0.0637931 -0.0736342 0)
(-0.0634493 -0.0868738 0)
(-0.0629818 -0.100653 0)
(-0.0623021 -0.11491 0)
(-0.0613054 -0.129525 0)
(-0.0599398 -0.144453 0)
(-0.0584564 -0.160338 0)
(-0.0581264 -0.18015 0)
(-0.061823 -0.210672 0)
(-0.0700785 -0.255947 0)
(-0.0725089 -0.296355 0)
(-0.0555679 -0.276671 0)
(-0.0209875 -0.136366 0)
(-0.00495315 0.115315 0)
(-0.0172498 0.153784 0)
(-0.0289637 0.180593 0)
(-0.0396632 0.202715 0)
(-0.0478186 0.213944 0)
(-0.0522779 0.21014 0)
(-0.0535333 0.19482 0)
(-0.0530601 0.174407 0)
(-0.0521771 0.153897 0)
(-0.0516339 0.135742 0)
(-0.0516068 0.120295 0)
(-0.0519267 0.106857 0)
(-0.0523776 0.0946258 0)
(-0.0528227 0.0830446 0)
(-0.0532048 0.0718158 0)
(-0.0535112 0.0608031 0)
(-0.0537475 0.0499409 0)
(-0.0539227 0.0391862 0)
(-0.0540466 0.0284987 0)
(-0.0541238 0.0178339 0)
(-0.0541582 0.00714136 0)
(-0.0541575 -0.00363568 0)
(-0.0541294 -0.0145587 0)
(-0.0540826 -0.0256939 0)
(-0.0540208 -0.0371123 0)
(-0.0539481 -0.0488911 0)
(-0.053867 -0.0611104 0)
(-0.0537686 -0.0738483 0)
(-0.053627 -0.0871677 0)
(-0.0533907 -0.101097 0)
(-0.0529762 -0.115604 0)
(-0.0522726 -0.130582 0)
(-0.05117 -0.145896 0)
(-0.0496772 -0.161725 0)
(-0.0483952 -0.179845 0)
(-0.0495608 -0.206161 0)
(-0.0557409 -0.24894 0)
(-0.0607004 -0.298963 0)
(-0.0510294 -0.302338 0)
(-0.0220045 -0.173227 0)
(-0.00329787 0.124846 0)
(-0.0131985 0.164852 0)
(-0.0224341 0.190624 0)
(-0.0307341 0.210727 0)
(-0.0368859 0.219286 0)
(-0.040025 0.212616 0)
(-0.04083 0.195258 0)
(-0.0405644 0.173987 0)
(-0.040184 0.153481 0)
(-0.0401385 0.135692 0)
(-0.0404443 0.120578 0)
(-0.0409252 0.107302 0)
(-0.0414293 0.0950913 0)
(-0.0418813 0.0834599 0)
(-0.0422605 0.0721605 0)
(-0.0425713 0.0610797 0)
(-0.0428252 0.0501588 0)
(-0.0430338 0.039355 0)
(-0.043207 0.0286264 0)
(-0.0433501 0.0179268 0)
(-0.0434662 0.00720463 0)
(-0.0435626 -0.00359634 0)
(-0.0436467 -0.0145376 0)
(-0.0437264 -0.0256852 0)
(-0.0438039 -0.0371104 0)
(-0.0438828 -0.0488923 0)
(-0.0439659 -0.0611174 0)
(-0.0440471 -0.0738758 0)
(-0.0441054 -0.0872512 0)
(-0.0440957 -0.1013 0)
(-0.043942 -0.116022 0)
(-0.0435371 -0.131334 0)
(-0.0427573 -0.147082 0)
(-0.0415179 -0.163224 0)
(-0.0400374 -0.180699 0)
(-0.0397028 -0.204008 0)
(-0.0436342 -0.242884 0)
(-0.0489947 -0.297562 0)
(-0.0450855 -0.320634 0)
(-0.0215562 -0.208303 0)
(-0.0016316 0.131578 0)
(-0.00901768 0.173287 0)
(-0.015789 0.19824 0)
(-0.0217963 0.21666 0)
(-0.0261632 0.223133 0)
(-0.0282939 0.214374 0)
(-0.0288855 0.195661 0)
(-0.028887 0.173916 0)
(-0.0289204 0.153496 0)
(-0.029212 0.135968 0)
(-0.0297008 0.121036 0)
(-0.0302431 0.10781 0)
(-0.030747 0.0955645 0)
(-0.0311805 0.0838674 0)
(-0.0315451 0.0725018 0)
(-0.0318541 0.0613656 0)
(-0.032122 0.0504015 0)
(-0.0323613 0.039565 0)
(-0.0325824 0.0288116 0)
(-0.0327907 0.0180935 0)
(-0.0329892 0.0073581 0)
(-0.0331849 -0.00345098 0)
(-0.0333851 -0.0143952 0)
(-0.0335975 -0.025541 0)
(-0.0338229 -0.0369599 0)
(-0.0340635 -0.0487322 0)
(-0.0343223 -0.0609491 0)
(-0.0345944 -0.0737111 0)
(-0.0348632 -0.0871194 0)
(-0.0350904 -0.101257 0)
(-0.0352078 -0.116156 0)
(-0.035115 -0.131761 0)
(-0.0346883 -0.147924 0)
(-0.0338104 -0.164507 0)
(-0.0325474 -0.181938 0)
(-0.0315553 -0.203417 0)
(-0.0338045 -0.238367 0)
(-0.03843 -0.294245 0)
(-0.038733 -0.332476 0)
(-0.0199662 -0.240334 0)
(2.55561e-06 0.135483 0)
(-0.00480742 0.179066 0)
(-0.0091607 0.20356 0)
(-0.0130116 0.220613 0)
(-0.0157301 0.225682 0)
(-0.0170891 0.215672 0)
(-0.0175802 0.19614 0)
(-0.0178348 0.174156 0)
(-0.0181806 0.153818 0)
(-0.0186855 0.136434 0)
(-0.0192595 0.121566 0)
(-0.0198037 0.10832 0)
(-0.0202752 0.0960138 0)
(-0.0206721 0.0842503 0)
(-0.02101 0.0728297 0)
(-0.0213077 0.0616536 0)
(-0.0215815 0.0506633 0)
(-0.0218445 0.0398114 0)
(-0.0221079 0.0290511 0)
(-0.0223774 0.0183325 0)
(-0.0226564 0.00760195 0)
(-0.0229521 -0.00319702 0)
(-0.023272 -0.0141262 0)
(-0.0236242 -0.0252529 0)
(-0.0240084 -0.0366493 0)
(-0.0244251 -0.0483969 0)
(-0.0248767 -0.0605904 0)
(-0.0253592 -0.0733383 0)
(-0.0258588 -0.0867566 0)
(-0.0263434 -0.100953 0)
(-0.0267531 -0.115991 0)
(-0.0269959 -0.131845 0)
(-0.026955 -0.148375 0)
(-0.0264946 -0.165407 0)
(-0.0256786 -0.183078 0)
(-0.0245882 -0.203591 0)
(-0.0259298 -0.235197 0)
(-0.0295114 -0.29045 0)
(-0.0324972 -0.339015 0)
(-0.0175376 -0.268867 0)
(0.00158247 0.136547 0)
(-0.000620547 0.182244 0)
(-0.00259508 0.206642 0)
(-0.0044296 0.222766 0)
(-0.00565172 0.227119 0)
(-0.00632008 0.216567 0)
(-0.00674654 0.196697 0)
(-0.00720958 0.174645 0)
(-0.00778801 0.154356 0)
(-0.00842792 0.137007 0)
(-0.00903177 0.122113 0)
(-0.00954411 0.1088 0)
(-0.00996205 0.09642 0)
(-0.0103067 0.084596 0)
(-0.0106041 0.0731343 0)
(-0.0108778 0.0619352 0)
(-0.0111457 0.0509369 0)
(-0.0114221 0.0400887 0)
(-0.0117191 0.0293411 0)
(-0.0120436 0.0186426 0)
(-0.0123994 0.00793809 0)
(-0.0127945 -0.00282975 0)
(-0.0132367 -0.0137228 0)
(-0.0137352 -0.0248095 0)
(-0.0142893 -0.0361636 0)
(-0.014898 -0.0478676 0)
(-0.0155626 -0.0600189 0)
(-0.0162791 -0.0727321 0)
(-0.0170357 -0.086136 0)
(-0.0178051 -0.10036 0)
(-0.0185356 -0.115496 0)
(-0.0191433 -0.131551 0)
(-0.0195258 -0.148398 0)
(-0.0195219 -0.165838 0)
(-0.0192911 -0.183849 0)
(-0.0184429 -0.203926 0)
(-0.0195951 -0.232865 0)
(-0.0223495 -0.286863 0)
(-0.0267005 -0.341558 0)
(-0.0145433 -0.293802 0)
(0.00313017 0.134798 0)
(0.00354567 0.182865 0)
(0.00386816 0.207604 0)
(0.0039124 0.223284 0)
(0.00411134 0.227459 0)
(0.00414154 0.217108 0)
(0.00378549 0.197277 0)
(0.00316215 0.175317 0)
(0.00240307 0.155052 0)
(0.00166945 0.137644 0)
(0.00106272 0.122648 0)
(0.000599544 0.109232 0)
(0.000248747 0.0967683 0)
(-3.00299e-05 0.0848902 0)
(-0.000272865 0.0734015 0)
(-0.000507946 0.062197 0)
(-0.000756066 0.05121 0)
(-0.00103313 0.0403862 0)
(-0.00135298 0.0296734 0)
(-0.00172428 0.0190185 0)
(-0.00215173 0.00836465 0)
(-0.00264428 -0.00234684 0)
(-0.00321083 -0.0131784 0)
(-0.00386084 -0.0241997 0)
(-0.00459514 -0.0354866 0)
(-0.00541108 -0.0471233 0)
(-0.00630876 -0.0592098 0)
(-0.00728428 -0.0718653 0)
(-0.00832693 -0.0852289 0)
(-0.00941258 -0.0994474 0)
(-0.0104974 -0.114641 0)
(-0.0115052 -0.130845 0)
(-0.0123532 -0.147947 0)
(-0.0128517 -0.165725 0)
(-0.0132768 -0.184042 0)
(-0.0128611 -0.203928 0)
(-0.0143855 -0.230944 0)
(-0.0166982 -0.283537 0)
(-0.021657 -0.342194 0)
(-0.0114821 -0.31436 0)
(0.00466872 0.130256 0)
(0.0077141 0.180971 0)
(0.0102326 0.206574 0)
(0.0120226 0.22222 0)
(0.0136218 0.22668 0)
(0.0143894 0.217277 0)
(0.0141828 0.197889 0)
(0.0134262 0.176133 0)
(0.0125133 0.155862 0)
(0.0117027 0.138318 0)
(0.0111007 0.123156 0)
(0.0106917 0.1096 0)
(0.0104154 0.0970445 0)
(0.0102135 0.0851178 0)
(0.010039 0.0736151 0)
(0.0098576 0.0624226 0)
(0.00964455 0.0514669 0)
(0.00938109 0.0406897 0)
(0.009051 0.030036 0)
(0.00864314 0.0194504 0)
(0.00815101 0.00887446 0)
(0.00756414 -0.0017522 0)
(0.00687296 -0.0124927 0)
(0.00606766 -0.0234184 0)
(0.00514502 -0.034608 0)
(0.00410849 -0.0461479 0)
(0.0029589 -0.0581406 0)
(0.00170012 -0.0707105 0)
(0.000343408 -0.0840046 0)
(-0.00108939 -0.0981835 0)
(-0.00256322 -0.11339 0)
(-0.00400997 -0.129689 0)
(-0.0053661 -0.146983 0)
(-0.00642512 -0.16503 0)
(-0.0075599 -0.183608 0)
(-0.00767895 -0.203375 0)
(-0.00993951 -0.228924 0)
(-0.0121051 -0.280029 0)
(-0.0176051 -0.342432 0)
(-0.00891634 -0.330541 0)
(0.00618613 0.122776 0)
(0.01188 0.176716 0)
(0.0164809 0.203651 0)
(0.0199279 0.219599 0)
(0.0228812 0.224866 0)
(0.0245017 0.21685 0)
(0.0245788 0.198518 0)
(0.0237297 0.177101 0)
(0.0226687 0.156787 0)
(0.0217725 0.139025 0)
(0.0211605 0.12363 0)
(0.0207969 0.1099 0)
(0.0205958 0.0972389 0)
(0.0204784 0.0852649 0)
(0.0203851 0.0737588 0)
(0.0202731 0.0625945 0)
(0.0201117 0.0516906 0)
(0.0198778 0.0409835 0)
(0.0195522 0.0304148 0)
(0.0191203 0.0199268 0)
(0.0185728 0.00945914 0)
(0.0178973 -0.00105052 0)
(0.0170832 -0.0116672 0)
(0.0161211 -0.0224637 0)
(0.0150044 -0.033521 0)
(0.0137361 -0.0449287 0)
(0.0123175 -0.0567925 0)
(0.0107538 -0.0692419 0)
(0.00905736 -0.0824305 0)
(0.00724644 -0.0965308 0)
(0.00535059 -0.111705 0)
(0.00342808 -0.12804 0)
(0.00152396 -0.145455 0)
(-0.000156699 -0.163689 0)
(-0.002047 -0.182461 0)
(-0.00278188 -0.202102 0)
(-0.00602756 -0.226527 0)
(-0.00814752 -0.276026 0)
(-0.0145468 -0.342379 0)
(-0.00703172 -0.343368 0)
(0.00755852 0.112445 0)
(0.0159378 0.170098 0)
(0.0225651 0.19889 0)
(0.0276075 0.215542 0)
(0.0318746 0.221942 0)
(0.0344871 0.215755 0)
(0.0350302 0.198986 0)
(0.0341984 0.178163 0)
(0.0330032 0.157836 0)
(0.0319918 0.139796 0)
(0.0313336 0.124095 0)
(0.0309906 0.110141 0)
(0.0308546 0.0973497 0)
(0.0308242 0.0853217 0)
(0.0308226 0.0738175 0)
(0.0307951 0.0626952 0)
(0.0307025 0.0518626 0)
(0.0305157 0.0412495 0)
(0.0302107 0.0307932 0)
(0.029769 0.0204332 0)
(0.0291779 0.0101067 0)
(0.0284226 -0.000250718 0)
(0.027491 -0.0107064 0)
(0.0263727 -0.0213354 0)
(0.0250586 -0.0322207 0)
(0.0235503 -0.0434562 0)
(0.0218504 -0.0551527 0)
(0.0199649 -0.0674432 0)
(0.0179051 -0.0804864 0)
(0.0156872 -0.0944623 0)
(0.0133385 -0.10955 0)
(0.0109036 -0.125856 0)
(0.00841409 -0.143316 0)
(0.00605484 -0.161653 0)
(0.00336627 -0.180534 0)
(0.00191074 -0.2 0)
(-0.00249672 -0.223518 0)
(-0.00459642 -0.271398 0)
(-0.0123515 -0.341788 0)
(-0.00563726 -0.353744 0)
(0.00857197 0.0995614 0)
(0.0196488 0.160954 0)
(0.0283764 0.192413 0)
(0.0349816 0.210082 0)
(0.0405502 0.217809 0)
(0.0442939 0.213822 0)
(0.045538 0.19911 0)
(0.0449075 0.179242 0)
(0.0436305 0.159012 0)
(0.0424778 0.140669 0)
(0.0417253 0.124594 0)
(0.0413624 0.110351 0)
(0.0412693 0.0973878 0)
(0.0413199 0.0852864 0)
(0.0414158 0.0737815 0)
(0.0414857 0.0627105 0)
(0.0414785 0.0519674 0)
(0.0413565 0.0414728 0)
(0.0410895 0.0311583 0)
(0.0406539 0.0209593 0)
(0.0400328 0.0108102 0)
(0.0392091 0.000643826 0)
(0.0381679 -0.00961016 0)
(0.0368976 -0.0200293 0)
(0.0353863 -0.0306996 0)
(0.0336353 -0.0417198 0)
(0.0316475 -0.0532052 0)
(0.0294274 -0.0652939 0)
(0.0269848 -0.0781501 0)
(0.0243386 -0.0919574 0)
(0.0215085 -0.106901 0)
(0.0185266 -0.123105 0)
(0.0154108 -0.140518 0)
(0.0123246 -0.158862 0)
(0.00880679 -0.177752 0)
(0.00648188 -0.197021 0)
(0.000787251 -0.219685 0)
(-0.00134297 -0.266256 0)
(-0.0107148 -0.340125 0)
(-0.00461244 -0.36245 0)
(0.00901166 0.0846821 0)
(0.0226891 0.149238 0)
(0.0336828 0.184042 0)
(0.0419277 0.20325 0)
(0.0487908 0.212429 0)
(0.0537792 0.210839 0)
(0.0560072 0.198642 0)
(0.055855 0.180198 0)
(0.0546279 0.160296 0)
(0.0533437 0.141684 0)
(0.0524532 0.125176 0)
(0.0520204 0.110568 0)
(0.0519345 0.0973722 0)
(0.0520496 0.0851626 0)
(0.0522413 0.0736441 0)
(0.0524171 0.0626279 0)
(0.0525097 0.0519893 0)
(0.0524696 0.0416368 0)
(0.0522586 0.031494 0)
(0.0518464 0.0214908 0)
(0.0512112 0.0115574 0)
(0.0503327 0.00162344 0)
(0.0491932 -0.00838508 0)
(0.0477791 -0.0185487 0)
(0.046076 -0.0289573 0)
(0.0440842 -0.0397148 0)
(0.0418059 -0.0509406 0)
(0.0392451 -0.0627775 0)
(0.0364114 -0.0753938 0)
(0.0333184 -0.0889819 0)
(0.0299783 -0.103726 0)
(0.0264156 -0.119757 0)
(0.0226301 -0.137025 0)
(0.0187585 -0.155257 0)
(0.014338 -0.174046 0)
(0.0110411 -0.193071 0)
(0.00397279 -0.214912 0)
(0.00169318 -0.260458 0)
(-0.00950182 -0.33732 0)
(-0.00376966 -0.36993 0)
(0.00872992 0.0686197 0)
(0.0247036 0.134921 0)
(0.0381148 0.173543 0)
(0.0482071 0.194952 0)
(0.0564203 0.205765 0)
(0.0627472 0.206619 0)
(0.066244 0.197265 0)
(0.0669331 0.180771 0)
(0.0660082 0.161578 0)
(0.0646875 0.142841 0)
(0.0636518 0.125888 0)
(0.0631025 0.110839 0)
(0.0629776 0.0973356 0)
(0.0631264 0.0849644 0)
(0.0634009 0.0734048 0)
(0.0636828 0.0624372 0)
(0.0638843 0.0519126 0)
(0.0639406 0.0417231 0)
(0.0638024 0.031781 0)
(0.0634315 0.0220086 0)
(0.0627995 0.0123305 0)
(0.0618829 0.00267183 0)
(0.0606601 -0.00704506 0)
(0.0591152 -0.0169048 0)
(0.0572315 -0.0270021 0)
(0.0550071 -0.0374459 0)
(0.0524434 -0.0483603 0)
(0.0495422 -0.0598925 0)
(0.0463109 -0.0722136 0)
(0.042757 -0.0855161 0)
(0.0388852 -0.0999838 0)
(0.0347054 -0.115753 0)
(0.0301924 -0.13278 0)
(0.0254676 -0.150774 0)
(0.0200635 -0.169323 0)
(0.0156734 -0.187993 0)
(0.00711686 -0.209084 0)
(0.00460708 -0.253866 0)
(-0.00860164 -0.33336 0)
(-0.00300353 -0.376518 0)
(0.00769745 0.0523606 0)
(0.0253423 0.118218 0)
(0.0412331 0.160709 0)
(0.0534507 0.185042 0)
(0.0631591 0.197753 0)
(0.0708955 0.200971 0)
(0.0759138 0.194621 0)
(0.0778773 0.180588 0)
(0.0776592 0.162618 0)
(0.0765432 0.144056 0)
(0.0754462 0.126741 0)
(0.0747721 0.111211 0)
(0.0745661 0.0973216 0)
(0.0747076 0.0847202 0)
(0.0750375 0.0730754 0)
(0.0754133 0.0621372 0)
(0.0757236 0.0517277 0)
(0.0758843 0.0417169 0)
(0.0758324 0.0320018 0)
(0.0755189 0.0224943 0)
(0.0749083 0.0131114 0)
(0.0739716 0.00377145 0)
(0.0726842 -0.00560674 0)
(0.0710261 -0.0151124 0)
(0.0689805 -0.0248467 0)
(0.0665379 -0.034923 0)
(0.0637005 -0.0454696 0)
(0.0604662 -0.0566378 0)
(0.0568373 -0.0685994 0)
(0.0528113 -0.0815454 0)
(0.0483806 -0.0956528 0)
(0.0435404 -0.111054 0)
(0.0382369 -0.127706 0)
(0.0325757 -0.145322 0)
(0.0260743 -0.163478 0)
(0.020452 -0.181664 0)
(0.0102744 -0.202076 0)
(0.00744074 -0.246294 0)
(-0.00798457 -0.32826 0)
(-0.00222996 -0.382431 0)
(0.00597701 0.0368721 0)
(0.024494 0.0996786 0)
(0.0425564 0.145356 0)
(0.0571674 0.173166 0)
(0.0686494 0.188268 0)
(0.0779031 0.193797 0)
(0.0846198 0.190385 0)
(0.0882719 0.179174 0)
(0.0892874 0.163009 0)
(0.0888058 0.145095 0)
(0.0878964 0.127656 0)
(0.0871903 0.111695 0)
(0.0869049 0.0973728 0)
(0.0870055 0.0844704 0)
(0.0873544 0.0726829 0)
(0.0877979 0.0617406 0)
(0.0882033 0.0514354 0)
(0.0884658 0.0416108 0)
(0.0885057 0.0321438 0)
(0.088261 0.022932 0)
(0.0876876 0.0138814 0)
(0.0867495 0.00490268 0)
(0.0854168 -0.00408987 0)
(0.0836672 -0.0131924 0)
(0.0814824 -0.0225113 0)
(0.0788431 -0.0321633 0)
(0.0757501 -0.042282 0)
(0.0721947 -0.0530202 0)
(0.0681699 -0.0645469 0)
(0.0636579 -0.0770472 0)
(0.0586362 -0.0906887 0)
(0.0530806 -0.105597 0)
(0.0468987 -0.121722 0)
(0.0401892 -0.13879 0)
(0.0324512 -0.156376 0)
(0.0254459 -0.173936 0)
(0.0134837 -0.193768 0)
(0.0102354 -0.237672 0)
(-0.00764124 -0.321867 0)
(-0.00137565 -0.387754 0)
(0.00391772 0.0231563 0)
(0.022124 0.0801572 0)
(0.0417599 0.127626 0)
(0.0587946 0.159085 0)
(0.072334 0.177018 0)
(0.0832921 0.184928 0)
(0.0918527 0.184281 0)
(0.0975457 0.176033 0)
(0.100378 0.162189 0)
(0.101143 0.145514 0)
(0.100892 0.128382 0)
(0.100434 0.112197 0)
(0.10019 0.0974868 0)
(0.100273 0.0842491 0)
(0.100622 0.0722648 0)
(0.101103 0.0612748 0)
(0.101577 0.0510506 0)
(0.101925 0.0414087 0)
(0.10205 0.032202 0)
(0.101878 0.0233104 0)
(0.10135 0.0146245 0)
(0.100425 0.00604621 0)
(0.099067 -0.00251654 0)
(0.0972477 -0.0111686 0)
(0.0949468 -0.0200195 0)
(0.0921356 -0.0291891 0)
(0.088807 -0.0388143 0)
(0.0849407 -0.049046 0)
(0.0805156 -0.0600468 0)
(0.0754925 -0.0719922 0)
(0.0698305 -0.0850378 0)
(0.0634778 -0.0992962 0)
(0.0563006 -0.11471 0)
(0.048402 -0.131037 0)
(0.0392624 -0.147858 0)
(0.0306797 -0.164652 0)
(0.0167107 -0.184085 0)
(0.0131594 -0.228056 0)
(-0.00746932 -0.314097 0)
(-0.000396028 -0.392525 0)
(0.00187694 0.0120231 0)
(0.0183079 0.0608436 0)
(0.0386529 0.107936 0)
(0.0578157 0.142707 0)
(0.0736343 0.163818 0)
(0.0865051 0.174216 0)
(0.0970457 0.176112 0)
(0.105026 0.170716 0)
(0.110203 0.159511 0)
(0.112927 0.144667 0)
(0.114026 0.128424 0)
(0.114347 0.112424 0)
(0.114481 0.0975351 0)
(0.114719 0.0840289 0)
(0.11513 0.0718413 0)
(0.115654 0.0607735 0)
(0.11618 0.0506036 0)
(0.116592 0.0411305 0)
(0.116785 0.0321862 0)
(0.116675 0.0236285 0)
(0.116191 0.0153313 0)
(0.115286 0.00718757 0)
(0.113915 -0.000908169 0)
(0.112043 -0.00906578 0)
(0.109644 -0.017396 0)
(0.10668 -0.0260215 0)
(0.103125 -0.0350782 0)
(0.0989427 -0.0447108 0)
(0.0940936 -0.0550734 0)
(0.0885118 -0.0663292 0)
(0.0821323 -0.0786188 0)
(0.074865 -0.0920348 0)
(0.066539 -0.106518 0)
(0.0572788 -0.121886 0)
(0.0465376 -0.137724 0)
(0.0361566 -0.153635 0)
(0.0199971 -0.172957 0)
(0.0163507 -0.217413 0)
(-0.00738797 -0.30493 0)
(0.000828668 -0.396933 0)
(0.000914651 0.00464686 0)
(0.0137297 0.0426882 0)
(0.0335283 0.0873294 0)
(0.0539275 0.124101 0)
(0.0718558 0.148427 0)
(0.0868541 0.161443 0)
(0.0995299 0.165711 0)
(0.109964 0.162894 0)
(0.117877 0.154367 0)
(0.123244 0.14179 0)
(0.12651 0.127055 0)
(0.128381 0.111812 0)
(0.129502 0.0971549 0)
(0.130313 0.0836168 0)
(0.131035 0.0713343 0)
(0.131729 0.0602234 0)
(0.132359 0.0501099 0)
(0.132847 0.040801 0)
(0.133102 0.0321176 0)
(0.133042 0.0239004 0)
(0.132595 0.0160109 0)
(0.131703 0.00832768 0)
(0.130315 0.000731246 0)
(0.128388 -0.00689012 0)
(0.125885 -0.014648 0)
(0.122761 -0.0226617 0)
(0.118958 -0.0310607 0)
(0.114421 -0.0399846 0)
(0.10909 -0.0495769 0)
(0.102866 -0.0599827 0)
(0.0956541 -0.0713164 0)
(0.0873145 -0.0836506 0)
(0.0776666 -0.0969538 0)
(0.0668521 -0.111122 0)
(0.0542658 -0.12573 0)
(0.0418245 -0.140696 0)
(0.023421 -0.160293 0)
(0.0199316 -0.205793 0)
(-0.0073875 -0.294422 0)
(0.00240034 -0.401187 0)
(0.000878947 -0.000809692 0)
(0.00941712 0.0269957 0)
(0.0270097 0.0674639 0)
(0.0470423 0.10416 0)
(0.0664373 0.13088 0)
(0.0835853 0.146463 0)
(0.0985426 0.152916 0)
(0.111574 0.152345 0)
(0.122458 0.146278 0)
(0.130974 0.136132 0)
(0.137184 0.123408 0)
(0.141489 0.109552 0)
(0.144433 0.0957014 0)
(0.146508 0.0825647 0)
(0.148056 0.0704689 0)
(0.149269 0.0594767 0)
(0.15022 0.049504 0)
(0.150907 0.0404006 0)
(0.151288 0.0320004 0)
(0.151302 0.0241435 0)
(0.150895 0.0166828 0)
(0.150007 0.00948453 0)
(0.148581 0.0024233 0)
(0.146565 -0.00461422 0)
(0.143912 -0.0117404 0)
(0.140563 -0.019066 0)
(0.136449 -0.0267112 0)
(0.131481 -0.0348041 0)
(0.125569 -0.0434687 0)
(0.118581 -0.0528256 0)
(0.110386 -0.0629682 0)
(0.100814 -0.0739683 0)
(0.0897006 -0.0858399 0)
(0.077128 -0.0985141 0)
(0.0624418 -0.111627 0)
(0.0477565 -0.125653 0)
(0.0272194 -0.145946 0)
(0.0240201 -0.193088 0)
(-0.00758469 -0.282348 0)
(0.00442021 -0.404975 0)
(0.000900867 -0.00533957 0)
(0.00592628 0.0150994 0)
(0.0196611 0.0501384 0)
(0.0374836 0.0844495 0)
(0.0570397 0.111714 0)
(0.0759799 0.129221 0)
(0.0933335 0.137598 0)
(0.109069 0.138929 0)
(0.12305 0.134984 0)
(0.134965 0.127148 0)
(0.144644 0.116665 0)
(0.152156 0.104707 0)
(0.15781 0.0922766 0)
(0.162012 0.0801156 0)
(0.165137 0.068669 0)
(0.167467 0.0581316 0)
(0.169184 0.0485263 0)
(0.170379 0.0397757 0)
(0.171088 0.0317525 0)
(0.171302 0.02432 0)
(0.170997 0.0173406 0)
(0.170131 0.0106781 0)
(0.168655 0.00420758 0)
(0.166512 -0.00218257 0)
(0.163645 -0.00859991 0)
(0.159986 -0.0151478 0)
(0.155458 -0.0219287 0)
(0.149944 -0.0290488 0)
(0.143325 -0.036609 0)
(0.135444 -0.0447099 0)
(0.126147 -0.0534402 0)
(0.115248 -0.0628676 0)
(0.102555 -0.0730368 0)
(0.0880798 -0.0838871 0)
(0.0712247 -0.0953396 0)
(0.0544383 -0.108603 0)
(0.0321252 -0.130019 0)
(0.0291543 -0.179241 0)
(-0.00762926 -0.267796 0)
(0.00730693 -0.406782 0)
(0.000664281 -0.00809839 0)
(0.00264912 0.00738071 0)
(0.0110959 0.0366331 0)
(0.0254882 0.0666363 0)
(0.0437134 0.0920907 0)
(0.0635752 0.109929 0)
(0.0832135 0.119646 0)
(0.10176 0.122544 0)
(0.118889 0.120388 0)
(0.134262 0.114617 0)
(0.147571 0.106361 0)
(0.158694 0.0965714 0)
(0.167698 0.0860465 0)
(0.174806 0.075434 0)
(0.180315 0.0651898 0)
(0.184511 0.0555792 0)
(0.187631 0.0467119 0)
(0.189846 0.0385906 0)
(0.191267 0.0311496 0)
(0.191953 0.0242875 0)
(0.191934 0.0178952 0)
(0.1912 0.0118608 0)
(0.189723 0.00606888 0)
(0.187458 0.000416155 0)
(0.184348 -0.00519139 0)
(0.180321 -0.0108434 0)
(0.175294 -0.0166262 0)
(0.169154 -0.0226169 0)
(0.161767 -0.0289016 0)
(0.15296 -0.0355536 0)
(0.142543 -0.042652 0)
(0.130319 -0.0502501 0)
(0.116069 -0.0584333 0)
(0.0998309 -0.067271 0)
(0.0811908 -0.0772005 0)
(0.0630405 -0.0902648 0)
(0.0397123 -0.113491 0)
(0.037175 -0.164729 0)
(-0.00558462 -0.249914 0)
(0.0122666 -0.405306 0)
(-0.00182986 -0.00689174 0)
(-0.0032617 0.00659093 0)
(-0.000103791 0.02853 0)
(0.0104135 0.0523004 0)
(0.0266007 0.0733705 0)
(0.0464185 0.0893646 0)
(0.0678489 0.0991243 0)
(0.0891848 0.103073 0)
(0.109448 0.102425 0)
(0.128149 0.0984668 0)
(0.144947 0.0922644 0)
(0.159624 0.084634 0)
(0.172118 0.0762379 0)
(0.182487 0.0675926 0)
(0.190901 0.0590756 0)
(0.197574 0.0509381 0)
(0.202726 0.0433189 0)
(0.206551 0.0362679 0)
(0.209199 0.0297726 0)
(0.210788 0.0237794 0)
(0.211397 0.0182164 0)
(0.211058 0.0130035 0)
(0.209781 0.00805507 0)
(0.20755 0.0032894 0)
(0.204325 -0.00137512 0)
(0.200047 -0.00600812 0)
(0.194631 -0.0106776 0)
(0.187978 -0.0154363 0)
(0.179951 -0.0203345 0)
(0.170395 -0.0254015 0)
(0.159092 -0.0306981 0)
(0.145873 -0.036291 0)
(0.130573 -0.0423576 0)
(0.113321 -0.0492473 0)
(0.0939425 -0.0580476 0)
(0.0757013 -0.0717156 0)
(0.0524274 -0.0977113 0)
(0.0516441 -0.149996 0)
(0.00100597 -0.229496 0)
(0.0208895 -0.403052 0)
(-0.00731042 -0.00920791 0)
(-0.0183159 0.00267632 0)
(-0.0174448 0.0216111 0)
(-0.00964555 0.0399508 0)
(0.00521125 0.0558144 0)
(0.0252025 0.0680746 0)
(0.0479358 0.0763388 0)
(0.0717341 0.0804759 0)
(0.0950712 0.0810455 0)
(0.116948 0.0788235 0)
(0.136905 0.0746459 0)
(0.154711 0.0691796 0)
(0.170276 0.0629838 0)
(0.183621 0.0564692 0)
(0.194838 0.0499398 0)
(0.204068 0.0436072 0)
(0.211479 0.037603 0)
(0.21724 0.0319933 0)
(0.221507 0.0267923 0)
(0.224418 0.0219789 0)
(0.226063 0.0175131 0)
(0.226515 0.0133493 0)
(0.225821 0.00943396 0)
(0.224002 0.00571242 0)
(0.22105 0.00212791 0)
(0.216937 -0.00136522 0)
(0.21161 -0.00480609 0)
(0.205013 -0.00822233 0)
(0.197037 -0.0116325 0)
(0.187548 -0.0150273 0)
(0.176418 -0.0184618 0)
(0.163538 -0.0220447 0)
(0.148819 -0.0260574 0)
(0.132386 -0.0311538 0)
(0.114252 -0.0390591 0)
(0.0974743 -0.0533999 0)
(0.0747979 -0.0813338 0)
(0.0760992 -0.131553 0)
(0.00963069 -0.206657 0)
(0.0345543 -0.404051 0)
(-0.0149756 0.0254654 0)
(-0.0315958 0.0295587 0)
(-0.0366741 0.0318187 0)
(-0.0323083 0.0359054 0)
(-0.0191923 0.0420497 0)
(0.000416801 0.0484932 0)
(0.0244072 0.0538169 0)
(0.0500787 0.0571844 0)
(0.075969 0.0584454 0)
(0.100755 0.0577777 0)
(0.123644 0.055546 0)
(0.144316 0.052211 0)
(0.16264 0.0481806 0)
(0.178618 0.0437944 0)
(0.19233 0.039307 0)
(0.2039 0.0348961 0)
(0.213478 0.0306769 0)
(0.221223 0.0267034 0)
(0.227293 0.0230062 0)
(0.231807 0.0195902 0)
(0.234893 0.0164431 0)
(0.236659 0.0135375 0)
(0.237186 0.0108384 0)
(0.236531 0.00831108 0)
(0.234731 0.00592262 0)
(0.231803 0.00364641 0)
(0.227748 0.00146074 0)
(0.22255 -0.000646478 0)
(0.21624 -0.00269887 0)
(0.208874 -0.00475607 0)
(0.200443 -0.00684701 0)
(0.191024 -0.00910355 0)
(0.180551 -0.0118179 0)
(0.16917 -0.0157119 0)
(0.156061 -0.0223177 0)
(0.141862 -0.0347219 0)
(0.118379 -0.0583288 0)
(0.114535 -0.0986235 0)
(0.0123616 -0.172501 0)
(0.0605362 -0.39332 0)
(-0.020058 0.012996 0)
(-0.0422511 -0.00106743 0)
(-0.0411775 0.0014735 0)
(-0.0323696 0.00753232 0)
(-0.0177752 0.0129243 0)
(0.0012572 0.0177141 0)
(0.0240735 0.0222 0)
(0.0484776 0.0260306 0)
(0.0737065 0.0287474 0)
(0.098752 0.0302047 0)
(0.122776 0.0304232 0)
(0.145242 0.0296332 0)
(0.165837 0.0281278 0)
(0.184407 0.0261792 0)
(0.20092 0.0240034 0)
(0.215424 0.0217583 0)
(0.228026 0.0195454 0)
(0.238854 0.0174362 0)
(0.248051 0.0154586 0)
(0.255756 0.013617 0)
(0.262104 0.0119094 0)
(0.267214 0.0103254 0)
(0.271185 0.00885101 0)
(0.274105 0.00747186 0)
(0.276046 0.00617491 0)
(0.277071 0.00494763 0)
(0.277229 0.00377737 0)
(0.276565 0.00264766 0)
(0.275088 0.00153295 0)
(0.272795 0.000377286 0)
(0.269683 -0.00085825 0)
(0.265759 -0.00221955 0)
(0.260858 -0.00391373 0)
(0.254771 -0.00634206 0)
(0.246041 -0.010059 0)
(0.233991 -0.0162798 0)
(0.208072 -0.0265173 0)
(0.18687 -0.0459983 0)
(0.035318 -0.107749 0)
(0.142997 -0.315722 0)
(0.0532956 0.11662 0)
(0.0766226 0.093264 0)
(0.100941 0.0566684 0)
(0.121499 0.0331349 0)
(0.136301 0.0201589 0)
(0.149053 0.013136 0)
(0.162859 0.0094338 0)
(0.178694 0.00768063 0)
(0.196453 0.00709698 0)
(0.215504 0.00713086 0)
(0.235135 0.00739142 0)
(0.254707 0.00764951 0)
(0.273699 0.00779823 0)
(0.291733 0.00780431 0)
(0.308573 0.00767378 0)
(0.324095 0.00742964 0)
(0.338258 0.00710045 0)
(0.351081 0.00671164 0)
(0.362612 0.00628614 0)
(0.372921 0.00584129 0)
(0.382081 0.00538881 0)
(0.390162 0.00493607 0)
(0.397231 0.00448749 0)
(0.403346 0.00404539 0)
(0.408558 0.00361002 0)
(0.412908 0.00317965 0)
(0.416425 0.00274985 0)
(0.41913 0.00231389 0)
(0.421034 0.0018637 0)
(0.422139 0.00140237 0)
(0.422439 0.000904232 0)
(0.42185 0.000372929 0)
(0.420136 -0.000261681 0)
(0.417053 -0.00108567 0)
(0.411661 -0.00218635 0)
(0.404763 -0.00353315 0)
(0.388565 -0.00502648 0)
(0.379805 -0.00663901 0)
(0.279678 -0.0171886 0)
(0.453313 -0.126779 0)
)
;

boundaryField
{
    movingWall
    {
        type            fixedValue;
        value           uniform (1 0 0);
    }
    fixedWalls
    {
        type            noSlip;
    }
    frontAndBack
    {
        type            empty;
    }
}


// ************************************************************************* //
