/*--------------------------------*- C++ -*----------------------------------*\
| =========                 |                                                 |
| \\      /  F ield         | OpenFOAM: The Open Source CFD Toolbox           |
|  \\    /   O peration     | Version:  2412                                  |
|   \\  /    A nd           | Website:  www.openfoam.com                      |
|    \\/     M anipulation  |                                                 |
\*---------------------------------------------------------------------------*/
FoamFile
{
    version     2.0;
    format      ascii;
    arch        "LSB;label=32;scalar=64";
    class       volScalarField;
    location    "5.5";
    object      epsilon;
}
// * * * * * * * * * * * * * * * * * * * * * * * * * * * * * * * * * * * * * //

dimensions      [0 2 -3 0 0 0 0];

internalField   nonuniform List<scalar> 
400
(
0.000383043
0.000510672
0.00110724
0.0034467
0.00754767
0.0113384
0.0134881
0.0144811
0.0147654
0.0145243
0.0136663
0.0127315
0.0116686
0.0107799
0.00992186
0.00927424
0.00816019
0.00634615
0.0029437
0.00124632
0.00083088
0.00131597
0.00330046
0.00581406
0.00710388
0.00751761
0.00628972
0.00518353
0.00413192
0.0035967
0.00338926
0.00347809
0.00407231
0.00485154
0.0061416
0.00766723
0.00877809
0.00918544
0.00611065
0.00184936
0.00190459
0.00312926
0.00458542
0.00513283
0.00468279
0.0030256
0.00227149
0.00173205
0.00149045
0.00140341
0.00138984
0.00152377
0.00177489
0.00226831
0.00324235
0.00503417
0.00781617
0.0104147
0.0113939
0.00548689
0.00323403
0.0039213
0.00423751
0.00359222
0.00219112
0.00141473
0.00105893
0.000857117
0.000761158
0.000710323
0.000690862
0.000697442
0.000798675
0.00101066
0.00149221
0.00256936
0.00510978
0.010418
0.014798
0.0139711
0.00431547
0.00390076
0.00346839
0.00207612
0.0011771
0.000784717
0.000598944
0.000480412
0.000407291
0.000365654
0.000349041
0.000347829
0.000401118
0.000507975
0.000759931
0.00137399
0.00295718
0.00699535
0.0163679
0.0232516
0.00516221
0.00368925
0.00254434
0.00126943
0.000725644
0.000489564
0.000368851
0.000279299
0.000230485
0.000206314
0.000197765
0.000201996
0.000235402
0.000298265
0.000438486
0.000806969
0.00196548
0.00556324
0.0156045
0.0301283
0.00588148
0.00323808
0.00185557
0.000869207
0.000501066
0.00033829
0.000245797
0.000182521
0.000151397
0.000136382
0.000131415
0.000136001
0.000158778
0.000201387
0.000287641
0.000492935
0.00115675
0.0038382
0.0141386
0.0350158
0.00671082
0.0027961
0.00140064
0.000655667
0.000382695
0.000257373
0.000181875
0.000135471
0.000112568
0.000101687
9.82069e-05
0.000101969
0.000118824
0.000151907
0.000215461
0.000354154
0.000800157
0.00289905
0.0126575
0.0384262
0.00752671
0.00249887
0.00114728
0.000547345
0.000324562
0.000216396
0.000149638
0.000111646
9.27904e-05
8.40914e-05
8.14849e-05
8.51039e-05
9.83615e-05
0.000124945
0.000175585
0.000279614
0.000580059
0.00213783
0.0113846
0.0411126
0.00846299
0.00226761
0.000993764
0.000485683
0.000294383
0.000194998
0.000133165
9.98633e-05
8.33373e-05
7.59337e-05
7.39144e-05
7.76813e-05
8.88586e-05
0.0001118
0.000155841
0.000244683
0.000478631
0.00172335
0.0104904
0.0434922
0.00923523
0.00231572
0.0009335
0.000468632
0.000294951
0.000195693
0.000133565
0.000100025
8.30598e-05
7.47806e-05
7.22868e-05
7.55156e-05
8.55815e-05
0.000106285
0.000146624
0.000229195
0.000434278
0.00147498
0.00991978
0.0458432
0.00994828
0.00254666
0.000959671
0.000479039
0.000303187
0.00020274
0.000139187
0.000104189
8.61544e-05
7.72669e-05
7.54229e-05
7.81085e-05
8.65236e-05
0.000105234
0.000143974
0.000224857
0.000422845
0.00137684
0.00966
0.0483849
0.0100612
0.00306345
0.00106197
0.000514706
0.000323174
0.000220104
0.00015309
0.000115065
9.49803e-05
8.4707e-05
8.3554e-05
8.65099e-05
9.52629e-05
0.000114046
0.000152033
0.000234332
0.000436374
0.00136077
0.00959657
0.0513173
0.00980683
0.00375249
0.00129165
0.000599302
0.000363391
0.000249199
0.000180401
0.000138256
0.000114691
0.000101658
0.000100805
0.000104127
0.000113574
0.000133473
0.000173836
0.000265123
0.00049067
0.00144606
0.0101239
0.0548958
0.00901389
0.00452922
0.00176126
0.000782899
0.000447985
0.000299193
0.000217045
0.000170145
0.000145256
0.000131611
0.000131717
0.000135755
0.000146488
0.000168719
0.000215067
0.00032499
0.000594796
0.00167419
0.0113303
0.0595227
0.00744946
0.0047664
0.00236785
0.00117717
0.00064352
0.000409818
0.000291982
0.000227071
0.000193589
0.000175612
0.000175986
0.000181268
0.000194898
0.000224274
0.000289794
0.00044817
0.000821699
0.00221488
0.0132629
0.0662629
0.00481593
0.00428405
0.00285867
0.00167298
0.00100567
0.000656265
0.000465773
0.000357542
0.000300013
0.000267071
0.000261677
0.000267698
0.000291948
0.000352862
0.000488365
0.000792583
0.00144862
0.00371286
0.0173891
0.0762636
0.00332745
0.00343091
0.00317419
0.00249069
0.00182508
0.00135203
0.00104758
0.000861731
0.000759021
0.000717225
0.000726785
0.000764789
0.000856196
0.00107871
0.00151249
0.00242352
0.00400077
0.0087758
0.0264883
0.0923188
0.00460109
0.00687231
0.00843072
0.00872778
0.008485
0.00801641
0.00770937
0.00759136
0.00766973
0.00789969
0.00836528
0.00889816
0.00986775
0.0107102
0.0126977
0.0170292
0.0214408
0.0329898
0.0505797
0.119819
0.050673
0.0961714
0.127796
0.136328
0.135662
0.133545
0.131133
0.129221
0.128757
0.12909
0.130047
0.131956
0.134833
0.138414
0.142985
0.14555
0.151122
0.153979
0.171753
0.153002
)
;

boundaryField
{
    movingWall
    {
        type            epsilonWallFunction;
        blending        stepwise;
        value           nonuniform List<scalar> 
20
(
0.050673
0.0961714
0.127796
0.136328
0.135662
0.133545
0.131133
0.129221
0.128757
0.12909
0.130047
0.131956
0.134833
0.138414
0.142985
0.14555
0.151122
0.153979
0.171753
0.153002
)
;
    }
    fixedWalls
    {
        type            epsilonWallFunction;
        blending        stepwise;
        value           nonuniform List<scalar> 
60
(
0.000383043
0.00083088
0.00190459
0.00323403
0.00431547
0.00516221
0.00588148
0.00671082
0.00752671
0.00846299
0.00923523
0.00994828
0.0100612
0.00980683
0.00901389
0.00744946
0.00481593
0.00332745
0.00460109
0.050673
0.00124632
0.00184936
0.00548689
0.0139711
0.0232516
0.0301283
0.0350158
0.0384262
0.0411126
0.0434922
0.0458432
0.0483849
0.0513173
0.0548958
0.0595227
0.0662629
0.0762636
0.0923188
0.119819
0.153002
0.000383043
0.000510672
0.00110724
0.0034467
0.00754767
0.0113384
0.0134881
0.0144811
0.0147654
0.0145243
0.0136663
0.0127315
0.0116686
0.0107799
0.00992186
0.00927424
0.00816019
0.00634615
0.0029437
0.00124632
)
;
    }
    frontAndBack
    {
        type            empty;
    }
}


// ************************************************************************* //
