/*--------------------------------*- C++ -*----------------------------------*\
| =========                 |                                                 |
| \\      /  F ield         | OpenFOAM: The Open Source CFD Toolbox           |
|  \\    /   O peration     | Version:  2412                                  |
|   \\  /    A nd           | Website:  www.openfoam.com                      |
|    \\/     M anipulation  |                                                 |
\*---------------------------------------------------------------------------*/
FoamFile
{
    version     2.0;
    format      ascii;
    arch        "LSB;label=32;scalar=64";
    class       volScalarField;
    location    "5.5";
    object      k;
}
// * * * * * * * * * * * * * * * * * * * * * * * * * * * * * * * * * * * * * //

dimensions      [0 2 -2 0 0 0 0];

internalField   nonuniform List<scalar> 
400
(
0.000178935
0.000216669
0.000362758
0.00077327
0.001304
0.00171049
0.00192043
0.0020136
0.00203988
0.00201764
0.00193738
0.00184801
0.00174368
0.001654
0.00156505
0.00149623
0.00137381
0.00116178
0.000696161
0.000392558
0.000299735
0.00050232
0.000921438
0.00125212
0.00139066
0.00143657
0.00126677
0.00114291
0.00104811
0.00100668
0.000997462
0.00106555
0.0011674
0.00133414
0.00153
0.00172175
0.00182144
0.00183981
0.00141504
0.000510506
0.00052095
0.000989388
0.00115911
0.00119949
0.0011322
0.000821169
0.000685048
0.000599627
0.000555788
0.000535599
0.000529141
0.000540743
0.000584774
0.000671435
0.000844165
0.00117771
0.00163409
0.00191376
0.00197857
0.00105379
0.000741365
0.00111038
0.00113028
0.00100125
0.00067603
0.000522472
0.000451803
0.000413406
0.000392011
0.000375227
0.00036705
0.000364113
0.000371646
0.000406511
0.000484791
0.000666235
0.00106478
0.00183814
0.00223987
0.00196538
0.000898547
0.00116602
0.00102598
0.000677958
0.00047406
0.000392036
0.000355241
0.000335829
0.000320896
0.000311963
0.000307714
0.000306423
0.000310932
0.000327079
0.000362989
0.000457899
0.000707296
0.00130759
0.00234734
0.00276062
0.00101252
0.00114365
0.000829792
0.000503153
0.000375448
0.000326127
0.000303295
0.000289929
0.000280798
0.000276662
0.00027551
0.000280374
0.000288806
0.000302274
0.000323992
0.000373659
0.000536479
0.00105052
0.00222214
0.00328139
0.00110449
0.00109362
0.000667809
0.000409922
0.000322453
0.000289054
0.000272976
0.000263398
0.000255163
0.000251059
0.000249841
0.000255334
0.000267525
0.00028661
0.000309266
0.000339409
0.000429355
0.00082147
0.0020318
0.00362744
0.001206
0.00100283
0.000559758
0.000358233
0.000294182
0.000268527
0.000254791
0.000244923
0.000234238
0.000227566
0.000224973
0.000227105
0.000238442
0.000259383
0.000289412
0.000323916
0.00037987
0.000683899
0.00188496
0.00385938
0.00130186
0.000921753
0.000501621
0.00033092
0.000279117
0.000256588
0.000242653
0.000231176
0.000218938
0.000210881
0.000207585
0.000208315
0.000218398
0.000238677
0.00026947
0.000306449
0.000348674
0.000579021
0.00175727
0.00403718
0.00140767
0.000853881
0.000463762
0.000315193
0.000273152
0.000251844
0.000235408
0.000222263
0.000209881
0.000201456
0.000197818
0.000198351
0.000206156
0.000224061
0.000255106
0.000296607
0.000330756
0.000513736
0.00167709
0.00419145
0.00149207
0.000830702
0.000454318
0.000310551
0.000272542
0.000249384
0.000230501
0.000216605
0.000204955
0.000197055
0.000193386
0.00019429
0.000200499
0.000215823
0.000243658
0.000288374
0.000321536
0.0004701
0.00162149
0.00434106
0.00156792
0.0008454
0.00046203
0.000313486
0.000273554
0.000249757
0.000229098
0.000214129
0.000203281
0.000196026
0.000192642
0.000193469
0.000198668
0.000212389
0.000238209
0.000284707
0.000317637
0.00044986
0.00159586
0.00449997
0.00157984
0.000885669
0.00048588
0.000323554
0.000276469
0.00025119
0.000229971
0.000214773
0.00020426
0.000197377
0.000194676
0.000195614
0.000200038
0.000211967
0.00023637
0.000283583
0.000316425
0.00044226
0.00158828
0.00467986
0.00155314
0.000962251
0.000534222
0.000347141
0.000284359
0.000254812
0.000232711
0.000217303
0.000207482
0.000201689
0.000200954
0.000202588
0.000207912
0.000221231
0.000243022
0.000288347
0.000318608
0.000440204
0.00162808
0.00489483
0.00146832
0.00105404
0.000633171
0.000402188
0.000306236
0.000265025
0.000239614
0.00022355
0.000214109
0.000211678
0.00021282
0.000216294
0.000223342
0.000237502
0.00025683
0.000296773
0.000324921
0.000456158
0.00172873
0.00516607
0.00129324
0.00109693
0.000732498
0.000483975
0.000355935
0.00029365
0.000258082
0.000238
0.000225761
0.0002249
0.000226865
0.000231608
0.000240224
0.000251493
0.000270793
0.000302632
0.000334965
0.000508675
0.00190458
0.00554893
0.000966988
0.00101073
0.000871768
0.000632252
0.000464795
0.000367026
0.000309253
0.000275695
0.00025496
0.000244969
0.000244011
0.000246077
0.000252256
0.000263674
0.000286751
0.000316699
0.000382623
0.000674495
0.00228006
0.00609399
0.000755662
0.000911077
0.000911792
0.00081453
0.000660661
0.000539158
0.000450603
0.000391291
0.000351132
0.000328377
0.000312531
0.000311781
0.000316817
0.000335723
0.000377789
0.000468
0.000652364
0.00121601
0.00304171
0.00692161
0.000937811
0.00116782
0.00131247
0.0013493
0.00129854
0.00119688
0.00112027
0.00106395
0.00104793
0.00105767
0.00108588
0.00113578
0.00123733
0.00133367
0.00151775
0.00190445
0.00229373
0.0032907
0.00463542
0.00823539
0.00464077
0.00711391
0.00859806
0.00897574
0.00894631
0.00885261
0.00874539
0.00866002
0.00863901
0.00865381
0.00869642
0.00878137
0.00890854
0.00906579
0.00926432
0.00937483
0.00961274
0.00973365
0.0104693
0.00969295
)
;

boundaryField
{
    movingWall
    {
        type            kqRWallFunction;
        value           nonuniform List<scalar> 
20
(
0.00464077
0.00711391
0.00859806
0.00897574
0.00894631
0.00885261
0.00874539
0.00866002
0.00863901
0.00865381
0.00869642
0.00878137
0.00890854
0.00906579
0.00926432
0.00937483
0.00961274
0.00973365
0.0104693
0.00969295
)
;
    }
    fixedWalls
    {
        type            kqRWallFunction;
        value           nonuniform List<scalar> 
60
(
0.000178935
0.000299735
0.00052095
0.000741365
0.000898547
0.00101252
0.00110449
0.001206
0.00130186
0.00140767
0.00149207
0.00156792
0.00157984
0.00155314
0.00146832
0.00129324
0.000966988
0.000755662
0.000937811
0.00464077
0.000392558
0.000510506
0.00105379
0.00196538
0.00276062
0.00328139
0.00362744
0.00385938
0.00403718
0.00419145
0.00434106
0.00449997
0.00467986
0.00489483
0.00516607
0.00554893
0.00609399
0.00692161
0.00823539
0.00969295
0.000178935
0.000216669
0.000362758
0.00077327
0.001304
0.00171049
0.00192043
0.0020136
0.00203988
0.00201764
0.00193738
0.00184801
0.00174368
0.001654
0.00156505
0.00149623
0.00137381
0.00116178
0.000696161
0.000392558
)
;
    }
    frontAndBack
    {
        type            empty;
    }
}


// ************************************************************************* //
