/*--------------------------------*- C++ -*----------------------------------*\
| =========                 |                                                 |
| \\      /  F ield         | OpenFOAM: The Open Source CFD Toolbox           |
|  \\    /   O peration     | Version:  2412                                  |
|   \\  /    A nd           | Website:  www.openfoam.com                      |
|    \\/     M anipulation  |                                                 |
\*---------------------------------------------------------------------------*/
FoamFile
{
    version     2.0;
    format      ascii;
    arch        "LSB;label=32;scalar=64";
    class       volScalarField;
    location    "5.5";
    object      p;
}
// * * * * * * * * * * * * * * * * * * * * * * * * * * * * * * * * * * * * * //

dimensions      [0 2 -2 0 0 0 0];

internalField   nonuniform List<scalar> 
400
(
5.9944e-08
-0.000175183
-0.000386115
-0.000584239
-0.00106073
-0.00217178
-0.00401566
-0.00636218
-0.00871622
-0.0104575
-0.0111115
-0.0104919
-0.00856673
-0.00533359
-0.00110116
0.00313867
0.00589963
0.00651272
0.00568234
0.00524456
8.90056e-05
-9.56884e-05
-0.000199667
-0.000554243
-0.00144331
-0.00322626
-0.00575676
-0.00845731
-0.0107299
-0.0122098
-0.0127553
-0.0122841
-0.0106639
-0.00781525
-0.00392184
0.00032695
0.00373191
0.00528217
0.00515651
0.00478491
0.00049382
8.89688e-05
-0.000406835
-0.00152318
-0.00352582
-0.00623901
-0.00917353
-0.0118015
-0.0138137
-0.0150952
-0.0155865
-0.0152222
-0.0139453
-0.0117022
-0.00848095
-0.0044888
-0.000280289
0.00315215
0.00468731
0.0045036
0.000751294
2.56772e-05
-0.00130776
-0.00363184
-0.00670757
-0.00995288
-0.0128802
-0.0152125
-0.0168416
-0.0177799
-0.0180797
-0.0177394
-0.0167513
-0.0150905
-0.0127168
-0.0095647
-0.00547288
-0.000600433
0.00321457
0.00371147
0.000152561
-0.000973301
-0.00314049
-0.00638124
-0.00996823
-0.0132085
-0.0157863
-0.0176634
-0.018898
-0.019577
-0.0197531
-0.0194464
-0.0186579
-0.0173959
-0.0156556
-0.0133547
-0.0101305
-0.00535953
4.30124e-05
0.00199785
-0.00154997
-0.00297474
-0.00565883
-0.00926052
-0.0128238
-0.0157368
-0.0178864
-0.0194011
-0.0204178
-0.0209978
-0.0211484
-0.0208805
-0.0202021
-0.0191404
-0.0177225
-0.0159334
-0.0135635
-0.00990966
-0.00456587
-0.000929688
-0.00402795
-0.0055181
-0.00834778
-0.0118815
-0.0151427
-0.0176561
-0.0194719
-0.0207769
-0.021687
-0.0222258
-0.0223837
-0.0221587
-0.021563
-0.02062
-0.0193631
-0.0178265
-0.0159848
-0.0134759
-0.00932925
-0.00479679
-0.00657971
-0.00799012
-0.0107194
-0.0139922
-0.016899
-0.0190759
-0.0206696
-0.021857
-0.0227073
-0.0232204
-0.0233834
-0.0231963
-0.0226702
-0.0218236
-0.0206852
-0.0193056
-0.0177492
-0.0159422
-0.0130667
-0.00900147
-0.00862561
-0.0099256
-0.01246
-0.0154721
-0.018098
-0.0200488
-0.0215103
-0.0226315
-0.0234468
-0.0239434
-0.0241098
-0.0239477
-0.0234699
-0.0226936
-0.0216459
-0.0203774
-0.0189776
-0.0174967
-0.0155317
-0.0126043
-0.00987451
-0.0110745
-0.0134257
-0.0162953
-0.0187551
-0.0205927
-0.021993
-0.0230832
-0.0238812
-0.0243697
-0.0245389
-0.0243899
-0.0239374
-0.0231989
-0.0222024
-0.0209918
-0.0196668
-0.0183319
-0.0168966
-0.0149934
-0.0102403
-0.0113764
-0.0136138
-0.016437
-0.0188673
-0.0207002
-0.022101
-0.0231928
-0.0239928
-0.024484
-0.0246562
-0.0245096
-0.0240583
-0.0233219
-0.0223313
-0.0211126
-0.0197892
-0.0185144
-0.017335
-0.0161062
-0.00974034
-0.0108757
-0.0130844
-0.0158835
-0.0184263
-0.0203519
-0.0218142
-0.022946
-0.023773
-0.0242812
-0.0244589
-0.0243047
-0.0238295
-0.0230528
-0.022005
-0.020719
-0.0193252
-0.0180253
-0.0169789
-0.016146
-0.0085579
-0.0096942
-0.0119043
-0.0146742
-0.0173973
-0.0195091
-0.0211087
-0.0223343
-0.0232233
-0.0237686
-0.0239579
-0.0237866
-0.0232604
-0.0223959
-0.021223
-0.0197792
-0.0182218
-0.0168078
-0.015827
-0.0152795
-0.00704507
-0.0080396
-0.0101833
-0.0128851
-0.0157262
-0.0180971
-0.0199374
-0.0213377
-0.0223414
-0.0229536
-0.0231653
-0.0229688
-0.0223647
-0.0213615
-0.0199861
-0.0182853
-0.0164635
-0.0148157
-0.0137565
-0.0132978
-0.00559119
-0.0062565
-0.00810961
-0.0106088
-0.0134384
-0.0160654
-0.0182324
-0.0199057
-0.0211011
-0.021828
-0.0220832
-0.0218575
-0.0211456
-0.0199509
-0.0183077
-0.0162823
-0.0141459
-0.0121574
-0.0107418
-0.00981134
-0.00442596
-0.00466549
-0.00591106
-0.00796953
-0.0106278
-0.0134236
-0.0159348
-0.0179595
-0.0194307
-0.0203354
-0.0206692
-0.0204259
-0.019598
-0.0181946
-0.0162625
-0.0138889
-0.0114437
-0.00906474
-0.00719576
-0.00563186
-0.00379726
-0.00358931
-0.00395916
-0.00531058
-0.00762406
-0.0104432
-0.0132231
-0.0156044
-0.0174046
-0.0185569
-0.0190387
-0.0188399
-0.0179272
-0.0163344
-0.0141057
-0.0113325
-0.00847128
-0.00551253
-0.00367657
-0.00305772
-0.00299723
-0.00247769
-0.00199474
-0.00261524
-0.00455359
-0.00732809
-0.0102964
-0.0129785
-0.0151031
-0.016535
-0.0172111
-0.0171087
-0.016248
-0.0145813
-0.0121484
-0.00898945
-0.0054565
-0.00117678
0.000472658
5.20853e-05
-0.00446506
-0.00283023
-0.00130367
-0.00121308
-0.00270398
-0.00529853
-0.00830352
-0.0111497
-0.0134849
-0.0151202
-0.0159668
-0.0159902
-0.0151776
-0.0135024
-0.0109854
-0.00750742
-0.00320371
0.00335295
0.0063841
0.0205944
-9.75559e-05
0.00241868
0.00212385
0.000742682
-0.00127171
-0.00400311
-0.00712792
-0.0101191
-0.0125844
-0.0143231
-0.0152435
-0.0152997
-0.0144738
-0.0127406
-0.0101498
-0.00644504
-0.00210194
0.00582246
0.0108154
0.0689224
)
;

boundaryField
{
    movingWall
    {
        type            zeroGradient;
    }
    fixedWalls
    {
        type            zeroGradient;
    }
    frontAndBack
    {
        type            empty;
    }
}


// ************************************************************************* //
