/*--------------------------------*- C++ -*----------------------------------*\
| =========                 |                                                 |
| \\      /  F ield         | OpenFOAM: The Open Source CFD Toolbox           |
|  \\    /   O peration     | Version:  2412                                  |
|   \\  /    A nd           | Website:  www.openfoam.com                      |
|    \\/     M anipulation  |                                                 |
\*---------------------------------------------------------------------------*/
FoamFile
{
    version     2.0;
    format      ascii;
    arch        "LSB;label=32;scalar=64";
    class       volScalarField;
    location    "10";
    object      epsilon;
}
// * * * * * * * * * * * * * * * * * * * * * * * * * * * * * * * * * * * * * //

dimensions      [0 2 -3 0 0 0 0];

internalField   nonuniform List<scalar> 
400
(
0.000647114
0.000732515
0.00119257
0.00319388
0.00762092
0.0123983
0.0150812
0.0162858
0.0166269
0.0163097
0.0153063
0.0142579
0.013158
0.0122531
0.0114095
0.0105545
0.00907674
0.00632416
0.00303711
0.00137171
0.00128532
0.00161223
0.00390472
0.0071102
0.00881849
0.00949902
0.00814398
0.0064282
0.00522225
0.00456237
0.00434075
0.00466973
0.00546293
0.00669785
0.00828832
0.00971195
0.0103221
0.00986016
0.00532839
0.00171058
0.00268958
0.00408251
0.00604286
0.00669351
0.00656495
0.00406193
0.00291757
0.00208694
0.00172018
0.0015773
0.00155056
0.00174717
0.00212479
0.00286904
0.00433698
0.00686446
0.0103005
0.012062
0.0116793
0.00350791
0.00433799
0.00534855
0.00579657
0.00520538
0.00305011
0.00173424
0.00114799
0.000819151
0.000666807
0.000596771
0.000573963
0.000613665
0.000764413
0.00106263
0.00173528
0.0032404
0.00675105
0.0128144
0.0162852
0.0107967
0.0059436
0.00567541
0.0050238
0.00304827
0.00146775
0.000813832
0.000521046
0.000367979
0.000290331
0.000252227
0.000238763
0.000247671
0.000310234
0.000436452
0.00074379
0.00152616
0.00363885
0.00927212
0.0184337
0.0217282
0.0070597
0.00546989
0.00378356
0.00171033
0.000789213
0.00042926
0.000267791
0.000185742
0.000143224
0.000123195
0.000116338
0.000120539
0.000150254
0.000209549
0.000353462
0.000753938
0.00209198
0.00634961
0.0186647
0.0306729
0.00798391
0.00497909
0.00273431
0.00107117
0.000479779
0.000257035
0.000157402
0.000108295
8.35462e-05
7.18743e-05
6.78097e-05
6.98033e-05
8.70824e-05
0.000120973
0.000196553
0.00039744
0.00112933
0.00434771
0.015969
0.0367729
0.00889413
0.0042819
0.00200495
0.000739667
0.000327654
0.000174343
0.000105768
7.25237e-05
5.57328e-05
4.77377e-05
4.49657e-05
4.64917e-05
5.83755e-05
8.23379e-05
0.000131646
0.000248414
0.000665442
0.00284301
0.0141586
0.0410413
0.00978722
0.00380764
0.00160653
0.000585019
0.000258132
0.000136357
8.17768e-05
5.53254e-05
4.18973e-05
3.55978e-05
3.35244e-05
3.52568e-05
4.4152e-05
6.33324e-05
0.000101713
0.0001844
0.000453285
0.00194179
0.0116855
0.0438222
0.010814
0.00340737
0.0013595
0.000487582
0.000219431
0.000116956
6.91246e-05
4.61884e-05
3.49369e-05
2.98559e-05
2.82652e-05
3.03175e-05
3.739e-05
5.30109e-05
8.58702e-05
0.000155709
0.000361942
0.00149597
0.0102431
0.0461068
0.0116699
0.00343403
0.00129742
0.000481917
0.000220796
0.000118343
6.97996e-05
4.63991e-05
3.48452e-05
2.91418e-05
2.70743e-05
2.88407e-05
3.50363e-05
4.86162e-05
7.83794e-05
0.000143666
0.000328504
0.00128892
0.00925087
0.0480731
0.0124942
0.00369744
0.00134794
0.000508172
0.000234805
0.000126882
7.50166e-05
4.96242e-05
3.70606e-05
3.08342e-05
2.91422e-05
3.04957e-05
3.52959e-05
4.76659e-05
7.6114e-05
0.000140755
0.000323724
0.00122874
0.00886752
0.0501555
0.0125988
0.00435653
0.0015197
0.000583977
0.000270533
0.00014729
8.79313e-05
5.82572e-05
4.35058e-05
3.5919e-05
3.45931e-05
3.63232e-05
4.19437e-05
5.49331e-05
8.34245e-05
0.000153449
0.000363243
0.00130384
0.00883283
0.052474
0.0122661
0.00523985
0.00189134
0.000749392
0.000345792
0.000187479
0.00011376
7.6339e-05
5.7728e-05
4.76883e-05
4.69681e-05
4.94101e-05
5.64836e-05
7.18235e-05
0.000105129
0.000189567
0.000439487
0.00151828
0.0100691
0.0553679
0.0112392
0.00642989
0.00262464
0.00107697
0.000501644
0.000269671
0.000164317
0.000111815
8.649e-05
7.26745e-05
7.281e-05
7.65196e-05
8.60948e-05
0.000105817
0.00014924
0.000263687
0.000595709
0.00188946
0.011337
0.0597917
0.00916865
0.00669795
0.00359918
0.00173831
0.000841848
0.000457246
0.00027896
0.000190094
0.0001475
0.000124293
0.000121913
0.000126387
0.000139454
0.000169395
0.000241003
0.000431465
0.000936197
0.00269684
0.013902
0.0660955
0.00567903
0.00589026
0.00456319
0.00275466
0.00155733
0.000916522
0.000581334
0.000402204
0.000308543
0.00025872
0.000238263
0.000242367
0.000267514
0.00033748
0.000505441
0.000915548
0.00182739
0.0046025
0.0184746
0.0757501
0.00372514
0.00470295
0.00476001
0.00401847
0.00292832
0.00208528
0.00151976
0.00116575
0.000958844
0.000843257
0.000810999
0.000832299
0.000937814
0.00121836
0.0017972
0.00305838
0.00502118
0.0103422
0.0280894
0.0910278
0.00544945
0.0084423
0.0104441
0.0106408
0.0101978
0.00933699
0.00859677
0.00812761
0.00791148
0.00797285
0.00821035
0.00874543
0.00937827
0.010964
0.0137661
0.0189114
0.0233633
0.0347372
0.0513224
0.1169
0.0542212
0.105143
0.13673
0.138774
0.136247
0.131059
0.126223
0.123191
0.120899
0.120885
0.121509
0.123075
0.126599
0.129842
0.134213
0.13705
0.143197
0.146721
0.165569
0.148402
)
;

boundaryField
{
    movingWall
    {
        type            epsilonWallFunction;
        blending        stepwise;
        value           nonuniform List<scalar> 
20
(
0.0542212
0.105143
0.13673
0.138774
0.136247
0.131059
0.126223
0.123191
0.120899
0.120885
0.121509
0.123075
0.126599
0.129842
0.134213
0.13705
0.143197
0.146721
0.165569
0.148402
)
;
    }
    fixedWalls
    {
        type            epsilonWallFunction;
        blending        stepwise;
        value           nonuniform List<scalar> 
60
(
0.000647114
0.00128532
0.00268958
0.00433799
0.0059436
0.0070597
0.00798391
0.00889413
0.00978722
0.010814
0.0116699
0.0124942
0.0125988
0.0122661
0.0112392
0.00916865
0.00567903
0.00372514
0.00544945
0.0542212
0.00137171
0.00171058
0.00350791
0.0107967
0.0217282
0.0306729
0.0367729
0.0410413
0.0438222
0.0461068
0.0480731
0.0501555
0.052474
0.0553679
0.0597917
0.0660955
0.0757501
0.0910278
0.1169
0.148402
0.000647114
0.000732515
0.00119257
0.00319388
0.00762092
0.0123983
0.0150812
0.0162858
0.0166269
0.0163097
0.0153063
0.0142579
0.013158
0.0122531
0.0114095
0.0105545
0.00907674
0.00632416
0.00303711
0.00137171
)
;
    }
    frontAndBack
    {
        type            empty;
    }
}


// ************************************************************************* //
