/*--------------------------------*- C++ -*----------------------------------*\
| =========                 |                                                 |
| \\      /  F ield         | OpenFOAM: The Open Source CFD Toolbox           |
|  \\    /   O peration     | Version:  2412                                  |
|   \\  /    A nd           | Website:  www.openfoam.com                      |
|    \\/     M anipulation  |                                                 |
\*---------------------------------------------------------------------------*/
FoamFile
{
    version     2.0;
    format      ascii;
    arch        "LSB;label=32;scalar=64";
    class       volScalarField;
    location    "10";
    object      nut;
}
// * * * * * * * * * * * * * * * * * * * * * * * * * * * * * * * * * * * * * //

dimensions      [0 2 -1 0 0 0 0];

internalField   nonuniform List<scalar> 
400
(
8.94126e-06
9.3179e-06
1.09599e-05
1.5218e-05
2.0337e-05
2.39208e-05
2.55354e-05
2.61982e-05
2.63799e-05
2.62111e-05
2.56621e-05
2.50623e-05
2.44007e-05
2.38281e-05
2.32684e-05
2.26718e-05
2.15598e-05
1.91116e-05
1.49663e-05
1.14838e-05
1.12391e-05
1.92194e-05
2.63102e-05
2.7129e-05
2.69025e-05
2.6495e-05
2.8315e-05
2.62665e-05
2.771e-05
2.93032e-05
3.03598e-05
3.31017e-05
3.41412e-05
3.63222e-05
3.7036e-05
3.74519e-05
3.75686e-05
3.46868e-05
2.80528e-05
1.23594e-05
1.43746e-05
3.28228e-05
3.02005e-05
2.85978e-05
2.73977e-05
2.65653e-05
1.97414e-05
1.91431e-05
1.74408e-05
1.64624e-05
1.59079e-05
1.50347e-05
1.61859e-05
1.77917e-05
2.20283e-05
2.74999e-05
3.10757e-05
3.24948e-05
3.15072e-05
1.56977e-05
1.68576e-05
3.2778e-05
3.14001e-05
2.88336e-05
2.39609e-05
1.68392e-05
1.36006e-05
1.23072e-05
1.06598e-05
9.93471e-06
9.59263e-06
8.97982e-06
9.34883e-06
9.74274e-06
1.16356e-05
1.60535e-05
2.56663e-05
3.06154e-05
3.12086e-05
2.28358e-05
1.87242e-05
3.688e-05
3.16046e-05
2.54948e-05
1.62114e-05
1.21155e-05
1.05002e-05
9.87803e-06
9.73561e-06
9.8831e-06
9.96977e-06
9.74788e-06
9.14011e-06
8.49538e-06
8.27322e-06
9.57889e-06
1.44451e-05
2.67651e-05
3.09787e-05
2.88361e-05
1.98297e-05
3.76148e-05
3.00716e-05
1.8552e-05
1.23258e-05
1.01842e-05
1.00042e-05
1.08808e-05
1.22032e-05
1.32813e-05
1.37724e-05
1.37785e-05
1.24716e-05
1.09407e-05
9.07098e-06
8.05833e-06
9.64056e-06
1.67448e-05
3.12537e-05
3.23504e-05
2.06599e-05
3.86271e-05
2.65017e-05
1.48532e-05
1.06348e-05
1.0078e-05
1.14467e-05
1.38372e-05
1.63329e-05
1.80252e-05
1.87407e-05
1.89073e-05
1.72397e-05
1.49822e-05
1.19517e-05
9.12638e-06
8.91019e-06
1.42696e-05
2.63781e-05
3.43676e-05
2.14167e-05
3.93195e-05
2.31299e-05
1.29015e-05
1.01525e-05
1.08501e-05
1.34378e-05
1.68882e-05
1.9607e-05
2.10493e-05
2.16149e-05
2.14536e-05
2.0273e-05
1.83309e-05
1.51648e-05
1.1008e-05
8.5842e-06
1.14515e-05
2.50079e-05
3.56494e-05
2.21105e-05
3.75855e-05
2.15542e-05
1.20797e-05
1.01663e-05
1.16886e-05
1.50274e-05
1.89557e-05
2.15267e-05
2.28458e-05
2.33018e-05
2.27241e-05
2.12618e-05
1.95588e-05
1.7048e-05
1.28589e-05
9.31171e-06
1.10098e-05
2.30398e-05
3.64371e-05
2.28578e-05
3.67306e-05
2.03271e-05
1.18398e-05
1.0473e-05
1.24315e-05
1.62173e-05
2.05066e-05
2.29527e-05
2.42137e-05
2.46199e-05
2.37981e-05
2.20827e-05
2.00645e-05
1.77041e-05
1.36306e-05
9.93371e-06
1.0336e-05
2.26743e-05
3.70595e-05
2.34453e-05
3.34641e-05
2.13129e-05
1.21779e-05
1.05405e-05
1.23859e-05
1.59242e-05
1.9696e-05
2.22388e-05
2.39366e-05
2.47713e-05
2.41209e-05
2.22096e-05
2.0046e-05
1.76446e-05
1.39029e-05
1.0258e-05
1.01826e-05
2.25441e-05
3.75788e-05
2.39847e-05
3.18321e-05
2.186e-05
1.27841e-05
1.06549e-05
1.20722e-05
1.51663e-05
1.86978e-05
2.12827e-05
2.30262e-05
2.35838e-05
2.30665e-05
2.17575e-05
1.97628e-05
1.73938e-05
1.38214e-05
1.03055e-05
1.00928e-05
2.26134e-05
3.81134e-05
2.4051e-05
2.94278e-05
2.27176e-05
1.39117e-05
1.093e-05
1.15274e-05
1.38187e-05
1.67432e-05
1.91589e-05
2.09412e-05
2.14368e-05
2.09834e-05
1.97138e-05
1.78462e-05
1.57743e-05
1.2752e-05
9.97672e-06
9.85548e-06
2.27052e-05
3.86916e-05
2.38372e-05
2.73811e-05
2.50031e-05
1.68246e-05
1.20041e-05
1.11728e-05
1.22876e-05
1.42561e-05
1.62059e-05
1.80264e-05
1.8447e-05
1.82686e-05
1.75396e-05
1.65194e-05
1.46992e-05
1.22845e-05
9.69388e-06
9.96568e-06
2.32589e-05
3.93899e-05
2.31523e-05
2.75816e-05
2.41602e-05
1.83362e-05
1.34396e-05
1.14273e-05
1.12733e-05
1.21799e-05
1.31218e-05
1.49497e-05
1.52647e-05
1.54266e-05
1.54019e-05
1.47002e-05
1.31729e-05
1.09669e-05
9.03233e-06
1.00619e-05
2.40285e-05
4.04122e-05
2.16322e-05
2.61008e-05
2.93444e-05
2.27564e-05
1.65098e-05
1.31082e-05
1.15459e-05
1.13108e-05
1.13154e-05
1.21692e-05
1.25708e-05
1.27636e-05
1.28552e-05
1.2485e-05
1.13284e-05
9.62372e-06
8.55267e-06
1.07119e-05
2.57334e-05
4.17851e-05
1.84388e-05
2.55802e-05
2.76683e-05
2.77412e-05
2.45529e-05
1.91753e-05
1.509e-05
1.31534e-05
1.20717e-05
1.17068e-05
1.16303e-05
1.16179e-05
1.13505e-05
1.06374e-05
9.48895e-06
8.34149e-06
8.48949e-06
1.23416e-05
2.8469e-05
4.37278e-05
1.60206e-05
2.52455e-05
2.91429e-05
2.95171e-05
2.76067e-05
2.42163e-05
2.03946e-05
1.72661e-05
1.47424e-05
1.32188e-05
1.16261e-05
1.0888e-05
1.0209e-05
9.33382e-06
8.73425e-06
8.92053e-06
1.09485e-05
1.72043e-05
3.33013e-05
4.64893e-05
1.81879e-05
2.14169e-05
2.39171e-05
2.47866e-05
2.40536e-05
2.22419e-05
1.98134e-05
1.76772e-05
1.60095e-05
1.48959e-05
1.4667e-05
1.4486e-05
1.49233e-05
1.59434e-05
1.70173e-05
2.01296e-05
2.32887e-05
3.12114e-05
3.92875e-05
5.0532e-05
3.91177e-05
4.8781e-05
5.32444e-05
5.3507e-05
5.31798e-05
5.24954e-05
5.18413e-05
5.14223e-05
5.11012e-05
5.10989e-05
5.11867e-05
5.14057e-05
5.18919e-05
5.23311e-05
5.29119e-05
5.32822e-05
5.40673e-05
5.45074e-05
5.67483e-05
5.47151e-05
)
;

boundaryField
{
    movingWall
    {
        type            nutkWallFunction;
        blending        stepwise;
        value           nonuniform List<scalar> 
20
(
0
2.50471e-07
9.86318e-07
1.02948e-06
9.75964e-07
8.63834e-07
7.56423e-07
6.87545e-07
6.34677e-07
6.34342e-07
6.48795e-07
6.84876e-07
7.64838e-07
8.37019e-07
9.32304e-07
9.92975e-07
1.12138e-06
1.19321e-06
1.55774e-06
1.22706e-06
)
;
    }
    fixedWalls
    {
        type            nutkWallFunction;
        blending        stepwise;
        value           nonuniform List<scalar> 
60
(
0
0
0
0
0
0
0
0
0
0
0
0
0
0
0
0
0
0
0
0
0
0
0
0
0
0
0
0
0
0
0
0
0
0
0
0
0
0
5.40728e-07
1.22706e-06
0
0
0
0
0
0
0
0
0
0
0
0
0
0
0
0
0
0
0
0
)
;
    }
    frontAndBack
    {
        type            empty;
    }
}


// ************************************************************************* //
