/*--------------------------------*- C++ -*----------------------------------*\
| =========                 |                                                 |
| \\      /  F ield         | OpenFOAM: The Open Source CFD Toolbox           |
|  \\    /   O peration     | Version:  2412                                  |
|   \\  /    A nd           | Website:  www.openfoam.com                      |
|    \\/     M anipulation  |                                                 |
\*---------------------------------------------------------------------------*/
FoamFile
{
    version     2.0;
    format      ascii;
    arch        "LSB;label=32;scalar=64";
    class       volScalarField;
    location    "10";
    object      p;
}
// * * * * * * * * * * * * * * * * * * * * * * * * * * * * * * * * * * * * * //

dimensions      [0 2 -2 0 0 0 0];

internalField   nonuniform List<scalar> 
400
(
6.3098e-08
-0.000237171
-0.000461173
-0.00067143
-0.00112256
-0.00215887
-0.00409617
-0.00677255
-0.00964105
-0.0118233
-0.0125648
-0.011595
-0.00890615
-0.00469933
0.000246783
0.00440308
0.00630863
0.00599099
0.00491563
0.0047036
6.59335e-05
-0.000216392
-0.000269094
-0.000519741
-0.00135641
-0.00321359
-0.00614677
-0.00948146
-0.0123866
-0.0142751
-0.0148581
-0.0140129
-0.0116033
-0.00774807
-0.00300615
0.00146459
0.0042703
0.00490364
0.00445636
0.00424211
0.000573271
8.56535e-05
-0.000393674
-0.00151074
-0.00368833
-0.00687366
-0.0105319
-0.0139666
-0.0166471
-0.018332
-0.018913
-0.0182639
-0.0162814
-0.0129881
-0.00863404
-0.00384441
0.000439526
0.00326781
0.00421106
0.0038161
0.00114836
0.000283264
-0.00119509
-0.00385904
-0.00756619
-0.0116936
-0.0155933
-0.0188463
-0.0212194
-0.0226212
-0.0230558
-0.0224473
-0.0208405
-0.0182232
-0.0146501
-0.0102558
-0.00518931
-3.49678e-05
0.0032334
0.00333198
0.000779975
-0.000580655
-0.00315217
-0.00715636
-0.0118274
-0.0162801
-0.0200036
-0.0228312
-0.0247476
-0.0258057
-0.0260702
-0.0255652
-0.0242822
-0.0222185
-0.0193813
-0.0157542
-0.0110647
-0.00498426
0.000720303
0.00208538
-0.000968628
-0.00277298
-0.00613905
-0.0108669
-0.0158118
-0.0200883
-0.0233925
-0.0257736
-0.0273694
-0.0282748
-0.0285105
-0.0280982
-0.0270236
-0.025289
-0.0229024
-0.0198575
-0.0159395
-0.0104869
-0.00383946
-0.000602339
-0.00388661
-0.00585877
-0.00956054
-0.0144379
-0.0191975
-0.0230716
-0.0259554
-0.0280272
-0.0294469
-0.0302772
-0.0305292
-0.0301912
-0.029274
-0.0277677
-0.0256632
-0.0229619
-0.0196536
-0.015412
-0.00958346
-0.00454867
-0.00712675
-0.00904644
-0.0127379
-0.0174293
-0.0218273
-0.0252822
-0.027834
-0.0296996
-0.0309989
-0.0317641
-0.0320105
-0.0317383
-0.0309579
-0.0296546
-0.027795
-0.0253563
-0.0224544
-0.0191989
-0.0148836
-0.0093058
-0.00984981
-0.0116343
-0.015152
-0.019571
-0.0236304
-0.0267624
-0.0290852
-0.0308122
-0.0320257
-0.0327417
-0.0329778
-0.0327488
-0.0320636
-0.0309109
-0.029254
-0.0270565
-0.0244492
-0.0217241
-0.0186488
-0.014047
-0.0115468
-0.013207
-0.0165277
-0.0207555
-0.0246
-0.0275528
-0.0297506
-0.0313993
-0.0325632
-0.0332523
-0.0334848
-0.0332758
-0.0326387
-0.0315681
-0.0300367
-0.0280062
-0.0255914
-0.0231336
-0.0207792
-0.0176316
-0.0120251
-0.0136197
-0.0168044
-0.0209391
-0.0247429
-0.0276697
-0.0298444
-0.0314758
-0.03263
-0.0333157
-0.0335486
-0.0333412
-0.0327087
-0.0316531
-0.0301581
-0.0281775
-0.0258309
-0.023506
-0.0214922
-0.0194928
-0.0112971
-0.0129167
-0.0160494
-0.02012
-0.0240526
-0.0271024
-0.0293598
-0.0310414
-0.0322309
-0.0329392
-0.0331774
-0.0329567
-0.0322871
-0.031173
-0.0296009
-0.0275435
-0.0251441
-0.0228119
-0.0209792
-0.0197023
-0.00963324
-0.0112653
-0.0143839
-0.0183864
-0.0224919
-0.0257958
-0.0282626
-0.0300871
-0.0313696
-0.0321331
-0.0323877
-0.0321387
-0.0313891
-0.0301373
-0.0283692
-0.0260765
-0.0234589
-0.0209793
-0.0192414
-0.0184588
-0.00756581
-0.00898656
-0.0119822
-0.015849
-0.0200231
-0.0236497
-0.0264722
-0.0285688
-0.0300291
-0.0308943
-0.0311817
-0.0308918
-0.0300186
-0.0285441
-0.026449
-0.0237566
-0.0207576
-0.0179748
-0.0161839
-0.0155683
-0.00565249
-0.00658474
-0.00914577
-0.0126711
-0.0167316
-0.0206286
-0.0238893
-0.0263879
-0.0281412
-0.0291827
-0.0295342
-0.0291914
-0.0281409
-0.0263533
-0.0238189
-0.02062
-0.0171687
-0.0139741
-0.0118331
-0.0107639
-0.00419541
-0.00451712
-0.00623122
-0.00908439
-0.0128017
-0.0168035
-0.0204652
-0.0234338
-0.025584
-0.0268876
-0.0273463
-0.026954
-0.02569
-0.0235452
-0.0205468
-0.0168349
-0.0129761
-0.0093663
-0.00678214
-0.00509267
-0.00348471
-0.003215
-0.00370654
-0.00552294
-0.00866614
-0.0125689
-0.0164875
-0.0198818
-0.0224587
-0.02409
-0.0247316
-0.0243617
-0.0229197
-0.0204492
-0.0170137
-0.0127972
-0.00850566
-0.00434421
-0.00187869
-0.0011284
-0.00254642
-0.00202002
-0.00129859
-0.00205085
-0.00460212
-0.00832331
-0.0123787
-0.0160985
-0.0190538
-0.0210195
-0.0218866
-0.0216115
-0.0202146
-0.0176097
-0.0139157
-0.00927602
-0.0043015
0.00119852
0.00334348
0.0030197
-0.00412269
-0.00226575
-0.000228745
-6.79852e-05
-0.00198385
-0.00540345
-0.00945113
-0.0133467
-0.016559
-0.0187869
-0.019875
-0.0197577
-0.0184244
-0.0158668
-0.0121637
-0.00725317
-0.00147249
0.00634345
0.00985995
0.024265
0.000602748
0.00328776
0.00326576
0.00197385
-0.000344489
-0.00379125
-0.00789809
-0.0119219
-0.015284
-0.017649
-0.0188462
-0.0187958
-0.017477
-0.0148953
-0.0111412
-0.00613028
-0.000500138
0.00856392
0.0143479
0.0732277
)
;

boundaryField
{
    movingWall
    {
        type            zeroGradient;
    }
    fixedWalls
    {
        type            zeroGradient;
    }
    frontAndBack
    {
        type            empty;
    }
}


// ************************************************************************* //
