/*--------------------------------*- C++ -*----------------------------------*\
| =========                 |                                                 |
| \\      /  F ield         | OpenFOAM: The Open Source CFD Toolbox           |
|  \\    /   O peration     | Version:  2412                                  |
|   \\  /    A nd           | Website:  www.openfoam.com                      |
|    \\/     M anipulation  |                                                 |
\*---------------------------------------------------------------------------*/
FoamFile
{
    version     2.0;
    format      ascii;
    arch        "LSB;label=32;scalar=64";
    class       surfaceScalarField;
    location    "10";
    object      phi;
}
// * * * * * * * * * * * * * * * * * * * * * * * * * * * * * * * * * * * * * //

dimensions      [0 3 -1 0 0 0 0];

oriented        oriented;

internalField   nonuniform List<scalar> 
760
(
5.11676e-07
-5.11682e-07
4.80205e-07
3.14705e-08
-5.3909e-08
5.34113e-07
-1.15169e-06
1.09778e-06
-2.83392e-06
1.68223e-06
-4.84714e-06
2.01323e-06
-6.83057e-06
1.98343e-06
-8.4941e-06
1.66353e-06
-9.67124e-06
1.17714e-06
-1.03244e-05
6.53109e-07
-1.04792e-05
1.54891e-07
-1.01591e-05
-3.20095e-07
-9.34208e-06
-8.17072e-07
-8.00469e-06
-1.33739e-06
-6.15756e-06
-1.84714e-06
-3.90445e-06
-2.25311e-06
-1.58684e-06
-2.31761e-06
1.43348e-07
-1.73019e-06
6.61896e-07
-5.18549e-07
6.61896e-07
-7.15151e-08
-4.40166e-07
-8.68599e-07
8.28554e-07
-2.35982e-06
2.02534e-06
-4.40322e-06
3.14117e-06
-6.53885e-06
3.81786e-06
-8.39469e-06
3.86907e-06
-9.80796e-06
3.3967e-06
-1.07917e-05
2.64725e-06
-1.1437e-05
1.82248e-06
-1.18023e-05
1.01839e-06
-1.18659e-05
2.1847e-07
-1.16167e-05
-5.69305e-07
-1.10215e-05
-1.4122e-06
-1.0009e-05
-2.34994e-06
-8.51044e-06
-3.34569e-06
-6.52115e-06
-4.24239e-06
-4.15718e-06
-4.68159e-06
-1.80117e-06
-4.08619e-06
-2.55181e-07
-2.06454e-06
4.06715e-07
-9.37525e-07
4.97359e-07
-2.43339e-06
2.32442e-06
-4.37592e-06
3.96786e-06
-6.37644e-06
5.14169e-06
-8.05903e-06
5.50045e-06
-9.28729e-06
5.09732e-06
-1.01237e-05
4.23314e-06
-1.0682e-05
3.20549e-06
-1.104e-05
2.18051e-06
-1.12223e-05
1.20067e-06
-1.12307e-05
2.26914e-07
-1.10684e-05
-7.31596e-07
-1.07267e-05
-1.75397e-06
-1.01768e-05
-2.89984e-06
-9.3285e-06
-4.19395e-06
-8.02671e-06
-5.54418e-06
-6.10989e-06
-6.59841e-06
-3.60017e-06
-6.59591e-06
-1.11582e-06
-4.54889e-06
-7.09104e-07
-1.53528e-06
2.03264e-06
-3.3794e-06
4.16854e-06
-5.27447e-06
5.86293e-06
-6.87214e-06
6.73936e-06
-7.98974e-06
6.61806e-06
-8.66056e-06
5.76814e-06
-9.01764e-06
4.59022e-06
-9.17722e-06
3.36507e-06
-9.20723e-06
2.21052e-06
-9.15186e-06
1.1453e-06
-9.07657e-06
1.51626e-07
-8.96274e-06
-8.45422e-07
-8.82227e-06
-1.89444e-06
-8.6519e-06
-3.07021e-06
-8.4009e-06
-4.44495e-06
-7.91428e-06
-6.03079e-06
-6.87653e-06
-7.63617e-06
-4.89341e-06
-8.57902e-06
-2.01969e-06
-7.42262e-06
-2.72879e-06
-1.7748e-06
3.80744e-06
-3.59612e-06
5.98986e-06
-5.19652e-06
7.46333e-06
-6.34641e-06
7.88925e-06
-6.99378e-06
7.26543e-06
-7.2525e-06
6.02685e-06
-7.28424e-06
4.62196e-06
-7.2166e-06
3.29744e-06
-7.12787e-06
2.12178e-06
-7.04978e-06
1.06721e-06
-6.96886e-06
7.07061e-08
-6.87019e-06
-9.44097e-07
-6.7522e-06
-2.01242e-06
-6.64005e-06
-3.18237e-06
-6.57332e-06
-4.51168e-06
-6.52979e-06
-6.07432e-06
-6.26893e-06
-7.89703e-06
-5.1942e-06
-9.65375e-06
-2.73001e-06
-9.88681e-06
-5.4588e-06
-1.67729e-06
5.48473e-06
-3.26976e-06
7.58233e-06
-4.51531e-06
8.70888e-06
-5.28789e-06
8.66183e-06
-5.61465e-06
7.59219e-06
-5.65859e-06
6.0708e-06
-5.5985e-06
4.56187e-06
-5.54726e-06
3.2462e-06
-5.5318e-06
2.10632e-06
-5.5219e-06
1.05731e-06
-5.47362e-06
2.24273e-08
-5.39042e-06
-1.0273e-06
-5.26097e-06
-2.14187e-06
-5.09475e-06
-3.34859e-06
-4.9352e-06
-4.67123e-06
-4.86393e-06
-6.14559e-06
-4.88271e-06
-7.87824e-06
-4.56668e-06
-9.96979e-06
-2.91443e-06
-1.1539e-05
-8.37324e-06
-1.38529e-06
6.87002e-06
-2.64372e-06
8.84076e-06
-3.55203e-06
9.6172e-06
-4.04493e-06
9.15472e-06
-4.19544e-06
7.74269e-06
-4.17706e-06
6.05243e-06
-4.14177e-06
4.52658e-06
-4.1463e-06
3.25073e-06
-4.16809e-06
2.12811e-06
-4.17171e-06
1.06093e-06
-4.15302e-06
3.7385e-09
-4.10575e-06
-1.07457e-06
-4.02921e-06
-2.21841e-06
-3.90708e-06
-3.47072e-06
-3.72645e-06
-4.85185e-06
-3.52797e-06
-6.34407e-06
-3.44359e-06
-7.96262e-06
-3.44602e-06
-9.96736e-06
-2.64752e-06
-1.23375e-05
-1.10208e-05
-1.01421e-06
7.88423e-06
-1.8952e-06
9.72175e-06
-2.50206e-06
1.02241e-05
-2.80787e-06
9.46053e-06
-2.88176e-06
7.81659e-06
-2.86882e-06
6.03949e-06
-2.86927e-06
4.52703e-06
-2.89326e-06
3.27472e-06
-2.90889e-06
2.14374e-06
-2.90393e-06
1.05597e-06
-2.89361e-06
-6.58402e-09
-2.87596e-06
-1.09222e-06
-2.85298e-06
-2.2414e-06
-2.80867e-06
-3.51503e-06
-2.70794e-06
-4.95258e-06
-2.51964e-06
-6.53237e-06
-2.31918e-06
-8.16309e-06
-2.30126e-06
-9.98527e-06
-2.06966e-06
-1.25691e-05
-1.30904e-05
-6.10881e-07
8.49511e-06
-1.12252e-06
1.02334e-05
-1.46772e-06
1.05693e-05
-1.64701e-06
9.63982e-06
-1.69421e-06
7.86379e-06
-1.70007e-06
6.04535e-06
-1.71719e-06
4.54414e-06
-1.74027e-06
3.2978e-06
-1.75105e-06
2.15451e-06
-1.75243e-06
1.05735e-06
-1.75232e-06
-6.69379e-09
-1.75707e-06
-1.08747e-06
-1.76676e-06
-2.2317e-06
-1.77528e-06
-3.5065e-06
-1.75598e-06
-4.97188e-06
-1.65877e-06
-6.62958e-06
-1.48893e-06
-8.33293e-06
-1.4123e-06
-1.00619e-05
-1.41673e-06
-1.25647e-05
-1.45071e-05
-1.98386e-07
8.6935e-06
-3.75751e-07
1.04108e-05
-4.8799e-07
1.06815e-05
-5.63005e-07
9.71483e-06
-5.94055e-07
7.89484e-06
-6.14784e-07
6.06608e-06
-6.3656e-07
4.56592e-06
-6.54028e-07
3.31527e-06
-6.66806e-07
2.16729e-06
-6.82249e-07
1.0728e-06
-7.02451e-07
1.35083e-08
-7.30164e-07
-1.05976e-06
-7.69127e-07
-2.19274e-06
-8.16852e-07
-3.45878e-06
-8.57691e-07
-4.93104e-06
-8.55912e-07
-6.63136e-06
-8.04877e-07
-8.38397e-06
-7.78978e-07
-1.00878e-05
-8.78518e-07
-1.24652e-05
-1.53857e-05
2.09155e-07
8.48434e-06
3.46521e-07
1.02734e-05
4.61938e-07
1.05661e-05
4.88307e-07
9.68846e-06
4.68646e-07
7.9145e-06
4.35832e-07
6.0989e-06
4.13594e-07
4.58816e-06
4.02712e-07
3.32615e-06
3.87792e-07
2.18221e-06
3.59549e-07
1.10104e-06
3.17795e-07
5.52623e-08
2.61806e-07
-1.00377e-06
1.88621e-07
-2.11956e-06
1.0173e-07
-3.37189e-06
1.17299e-08
-4.84104e-06
-7.58942e-08
-6.54374e-06
-1.65959e-07
-8.2939e-06
-2.80961e-07
-9.9728e-06
-4.90753e-07
-1.22554e-05
-1.58764e-05
6.15066e-07
7.86928e-06
1.04998e-06
9.83847e-06
1.38847e-06
1.02276e-05
1.54427e-06
9.53266e-06
1.54508e-06
7.91369e-06
1.49991e-06
6.14406e-06
1.47462e-06
4.61345e-06
1.46841e-06
3.33237e-06
1.45395e-06
2.19666e-06
1.41626e-06
1.13873e-06
1.35555e-06
1.15974e-07
1.26864e-06
-9.16859e-07
1.15882e-06
-2.00973e-06
1.02768e-06
-3.24075e-06
8.71392e-07
-4.68475e-06
6.82143e-07
-6.35449e-06
4.46409e-07
-8.05817e-06
1.58113e-07
-9.6845e-06
-2.13437e-07
-1.18838e-05
-1.60899e-05
1.00663e-06
6.86265e-06
1.71951e-06
9.1256e-06
2.27125e-06
9.67585e-06
2.6029e-06
9.20101e-06
2.6826e-06
7.83399e-06
2.64731e-06
6.17936e-06
2.60875e-06
4.65201e-06
2.59155e-06
3.34957e-06
2.57193e-06
2.21629e-06
2.52866e-06
1.182e-06
2.4537e-06
1.90936e-07
2.34221e-06
-8.05374e-07
2.19793e-06
-1.86545e-06
2.0192e-06
-3.06202e-06
1.78981e-06
-4.45536e-06
1.47857e-06
-6.04325e-06
1.06158e-06
-7.64118e-06
5.67545e-07
-9.19046e-06
-5.88561e-09
-1.13104e-05
-1.60957e-05
1.33013e-06
5.53252e-06
2.32562e-06
8.1301e-06
3.09452e-06
8.90695e-06
3.63622e-06
8.65931e-06
3.87923e-06
7.59098e-06
3.9214e-06
6.13718e-06
3.8935e-06
4.67991e-06
3.86024e-06
3.38282e-06
3.82363e-06
2.2529e-06
3.76687e-06
1.23876e-06
3.67807e-06
2.79737e-07
3.54951e-06
-6.7681e-07
3.37553e-06
-1.69147e-06
3.14155e-06
-2.82804e-06
2.81583e-06
-4.12965e-06
2.34784e-06
-5.57526e-06
1.70727e-06
-7.00062e-06
9.69746e-07
-8.45293e-06
1.56569e-07
-1.04972e-05
-1.59392e-05
1.50813e-06
4.02439e-06
2.77727e-06
6.86097e-06
3.78367e-06
7.90054e-06
4.5693e-06
7.87368e-06
5.06194e-06
7.09834e-06
5.29266e-06
5.90647e-06
5.36436e-06
4.60821e-06
5.36321e-06
3.38398e-06
5.32643e-06
2.28967e-06
5.25834e-06
1.30685e-06
5.14991e-06
3.88164e-07
4.99261e-06
-5.19502e-07
4.77123e-06
-1.4701e-06
4.45303e-06
-2.50984e-06
3.98674e-06
-3.66336e-06
3.31286e-06
-4.90137e-06
2.41337e-06
-6.10113e-06
1.40692e-06
-7.44649e-06
2.93722e-07
-9.38403e-06
-1.56455e-05
1.46477e-06
2.55962e-06
2.9402e-06
5.38553e-06
4.2027e-06
6.63805e-06
5.27015e-06
6.80623e-06
6.07962e-06
6.28887e-06
6.60887e-06
5.37721e-06
6.90839e-06
4.30869e-06
7.05007e-06
3.2423e-06
7.08801e-06
2.25174e-06
7.04737e-06
1.34749e-06
6.92932e-06
5.06214e-07
6.72205e-06
-3.12233e-07
6.41128e-06
-1.15932e-06
5.9508e-06
-2.04936e-06
5.27849e-06
-2.99105e-06
4.35106e-06
-3.97395e-06
3.19068e-06
-4.94075e-06
1.93705e-06
-6.19285e-06
4.87489e-07
-7.93447e-06
-1.5158e-05
1.12111e-06
1.43851e-06
2.63136e-06
3.87528e-06
4.15606e-06
5.11335e-06
5.54992e-06
5.41238e-06
6.71581e-06
5.12297e-06
7.60697e-06
4.48606e-06
8.23098e-06
3.68467e-06
8.62638e-06
2.8469e-06
8.83801e-06
2.04011e-06
8.89676e-06
1.28873e-06
8.81185e-06
5.91126e-07
8.56051e-06
-6.08931e-08
8.14045e-06
-7.39263e-07
7.49724e-06
-1.40615e-06
6.589e-06
-2.08281e-06
5.40548e-06
-2.79043e-06
4.01199e-06
-3.54725e-06
2.55291e-06
-4.73377e-06
8.63195e-07
-6.24476e-06
-1.42948e-05
4.98426e-07
9.40085e-07
1.84012e-06
2.53358e-06
3.53925e-06
3.41423e-06
5.25365e-06
3.69797e-06
6.78438e-06
3.59225e-06
8.04612e-06
3.22432e-06
9.01609e-06
2.7147e-06
9.70625e-06
2.15675e-06
1.01402e-05
1.6062e-06
1.03404e-05
1.0885e-06
1.03224e-05
6.09104e-07
1.00997e-05
1.61796e-07
9.62863e-06
-2.68161e-07
8.89745e-06
-6.74978e-07
7.88005e-06
-1.06541e-06
6.57605e-06
-1.48642e-06
5.0189e-06
-1.99011e-06
3.26983e-06
-2.9847e-06
1.33309e-06
-4.30802e-06
-1.29617e-05
-8.50598e-07
1.79068e-06
2.17539e-07
1.46544e-06
2.14868e-06
1.48309e-06
4.18777e-06
1.65887e-06
6.05546e-06
1.72457e-06
7.663e-06
1.61677e-06
8.96207e-06
1.41563e-06
9.94362e-06
1.1752e-06
1.0624e-05
9.25793e-07
1.10276e-05
6.84895e-07
1.11778e-05
4.58888e-07
1.10899e-05
2.49711e-07
1.07691e-05
5.26349e-08
1.02309e-05
-1.36758e-07
9.48122e-06
-3.15712e-07
8.48776e-06
-4.92966e-07
7.10573e-06
-6.08075e-07
5.13524e-06
-1.01421e-06
2.33088e-06
-1.50367e-06
-1.06308e-05
1.79068e-06
3.25613e-06
4.73922e-06
6.39809e-06
8.12266e-06
9.73943e-06
1.11551e-05
1.23303e-05
1.32561e-05
1.39409e-05
1.43998e-05
1.46495e-05
1.47022e-05
1.45654e-05
1.42497e-05
1.37567e-05
1.31487e-05
1.21345e-05
1.06308e-05
)
;

boundaryField
{
    movingWall
    {
        type            calculated;
        value           uniform 0;
    }
    fixedWalls
    {
        type            calculated;
        value           uniform 0;
    }
    frontAndBack
    {
        type            empty;
    }
}


// ************************************************************************* //
