/*--------------------------------*- C++ -*----------------------------------*\
| =========                 |                                                 |
| \\      /  F ield         | OpenFOAM: The Open Source CFD Toolbox           |
|  \\    /   O peration     | Version:  2412                                  |
|   \\  /    A nd           | Website:  www.openfoam.com                      |
|    \\/     M anipulation  |                                                 |
\*---------------------------------------------------------------------------*/
FoamFile
{
    version     2.0;
    format      ascii;
    arch        "LSB;label=32;scalar=64";
    class       volScalarField;
    location    "1.5";
    object      epsilon;
}
// * * * * * * * * * * * * * * * * * * * * * * * * * * * * * * * * * * * * * //

dimensions      [0 2 -3 0 0 0 0];

internalField   nonuniform List<scalar> 
400
(
0.000131827
0.0002396
0.000376782
0.000513461
0.000648337
0.000784979
0.00092625
0.00107067
0.00121061
0.00133178
0.00139263
0.00140979
0.00137979
0.00127043
0.00110879
0.00089444
0.000658792
0.000431553
0.000236833
0.000135025
0.00023069
0.000228841
0.000294431
0.000355955
0.000408005
0.000453346
0.000493979
0.000529486
0.00055668
0.000571171
0.00057808
0.000589519
0.000619691
0.000634332
0.000627709
0.000574345
0.000470364
0.000343392
0.000248986
0.000235233
0.00038845
0.000277511
0.000315567
0.000361849
0.000398751
0.000426343
0.000449102
0.000469635
0.000491303
0.000520499
0.000567961
0.000645445
0.000765464
0.000900331
0.00096421
0.000958148
0.000798408
0.000544052
0.000360633
0.000360423
0.000551167
0.000337358
0.00035234
0.000387647
0.000419068
0.000446104
0.000472029
0.00050227
0.000547191
0.000625755
0.000767235
0.00100437
0.00134771
0.00175929
0.00203898
0.00211922
0.00186615
0.00123201
0.000606157
0.000466486
0.000710668
0.000390778
0.000387899
0.00041988
0.00045316
0.000486521
0.000525596
0.000583306
0.000684215
0.000872893
0.0012187
0.00179116
0.00257285
0.00344073
0.00415836
0.00450499
0.00440812
0.00336388
0.00151205
0.000599592
0.000863049
0.000436199
0.000419375
0.000449606
0.000487889
0.000533551
0.000598183
0.000707263
0.000912748
0.00130941
0.00201253
0.00299676
0.00388853
0.00444333
0.00506826
0.00596982
0.00689654
0.00733977
0.00473575
0.00130893
0.00100506
0.000474907
0.00044538
0.000475102
0.000520488
0.000582971
0.000683014
0.000866068
0.00122279
0.00188277
0.00285102
0.00357997
0.00384756
0.00407413
0.00457741
0.0056136
0.00742421
0.00972886
0.0108752
0.00539357
0.00113367
0.000507318
0.000465517
0.000495092
0.000548192
0.000629042
0.000767395
0.00102657
0.00151761
0.00234139
0.00309968
0.00330242
0.00314528
0.00294311
0.00300095
0.0039071
0.00603258
0.0101223
0.0148603
0.0158685
0.00124601
0.000533804
0.000479785
0.00050857
0.00056797
0.000664174
0.000832789
0.00114429
0.00169902
0.00250395
0.00292813
0.00278439
0.00220237
0.0018675
0.0017741
0.00225665
0.00385217
0.00764761
0.0163783
0.0269224
0.00133964
0.000554879
0.000488608
0.000515131
0.00057748
0.00068195
0.000863519
0.00118515
0.00172165
0.00242433
0.00267172
0.00234031
0.0017033
0.00136278
0.00127179
0.00159291
0.00275043
0.00622458
0.0157425
0.0334027
0.00141297
0.000571157
0.00049267
0.000514658
0.000575839
0.00067956
0.000857188
0.00116413
0.0016617
0.00226792
0.00247394
0.00213115
0.00153833
0.0012058
0.00114199
0.00140987
0.00229592
0.00504864
0.0146139
0.0379805
0.0014664
0.000583446
0.000493552
0.00051127
0.000569004
0.000667981
0.000832997
0.0011054
0.00152609
0.00204302
0.00230636
0.00209016
0.00160326
0.0012772
0.00123404
0.00145206
0.00222603
0.00463014
0.0141791
0.0416641
0.00150088
0.000592347
0.000492587
0.000504362
0.000556043
0.000645388
0.000789541
0.00101751
0.00135866
0.00179216
0.00212412
0.00206155
0.0017908
0.00146183
0.00148913
0.00173982
0.00240138
0.00452132
0.0141569
0.0455856
0.00152622
0.000599587
0.000491098
0.000497518
0.000542485
0.000621469
0.00074453
0.000930379
0.00119819
0.00154296
0.00187583
0.00197458
0.00188535
0.0017005
0.00172541
0.00190298
0.00245654
0.00447385
0.0147751
0.0502951
0.00154064
0.000602461
0.000491859
0.000497371
0.000538758
0.000609465
0.000713672
0.000862363
0.00106844
0.00132913
0.00160268
0.00177892
0.00180194
0.0017429
0.00176988
0.00191585
0.0023888
0.00419158
0.0154226
0.0563451
0.00159124
0.000610251
0.000502234
0.000511884
0.00055594
0.000626136
0.000724242
0.000856114
0.00101922
0.00121191
0.00141208
0.00156602
0.00163095
0.00163619
0.00166975
0.00181566
0.00226812
0.00399171
0.0160464
0.0646008
0.00160211
0.000643251
0.000565356
0.000601295
0.000667605
0.000753831
0.00086006
0.000989346
0.00114352
0.00131629
0.00149062
0.00163152
0.00170424
0.00172462
0.00177161
0.00193375
0.00243547
0.00447566
0.0187099
0.0761282
0.0018797
0.000947328
0.00110392
0.00130422
0.00150502
0.00171252
0.00192368
0.00213788
0.0023546
0.0025705
0.00277381
0.00295415
0.00307674
0.0031892
0.00333883
0.00364754
0.00450917
0.00830069
0.0254867
0.0945654
0.00315191
0.00525488
0.00821595
0.0103547
0.0118971
0.0131455
0.0141541
0.014973
0.0155987
0.0161279
0.0165805
0.0170123
0.017408
0.0179151
0.0185286
0.0197229
0.02189
0.0326609
0.0489284
0.127152
0.0434712
0.0840082
0.12294
0.147497
0.162285
0.171491
0.176798
0.179651
0.180072
0.179629
0.178524
0.176735
0.175138
0.173533
0.173229
0.17388
0.176956
0.177983
0.193828
0.168017
)
;

boundaryField
{
    movingWall
    {
        type            epsilonWallFunction;
        blending        stepwise;
        value           nonuniform List<scalar> 
20
(
0.0434712
0.0840082
0.12294
0.147497
0.162285
0.171491
0.176798
0.179651
0.180072
0.179629
0.178524
0.176735
0.175138
0.173533
0.173229
0.17388
0.176956
0.177983
0.193828
0.168017
)
;
    }
    fixedWalls
    {
        type            epsilonWallFunction;
        blending        stepwise;
        value           nonuniform List<scalar> 
60
(
0.000131827
0.00023069
0.00038845
0.000551167
0.000710668
0.000863049
0.00100506
0.00113367
0.00124601
0.00133964
0.00141297
0.0014664
0.00150088
0.00152622
0.00154064
0.00159124
0.00160211
0.0018797
0.00315191
0.0434712
0.000135025
0.000235233
0.000360423
0.000466486
0.000599592
0.00130893
0.00539357
0.0158685
0.0269224
0.0334027
0.0379805
0.0416641
0.0455856
0.0502951
0.0563451
0.0646008
0.0761282
0.0945654
0.127152
0.168017
0.000131827
0.0002396
0.000376782
0.000513461
0.000648337
0.000784979
0.00092625
0.00107067
0.00121061
0.00133178
0.00139263
0.00140979
0.00137979
0.00127043
0.00110879
0.00089444
0.000658792
0.000431553
0.000236833
0.000135025
)
;
    }
    frontAndBack
    {
        type            empty;
    }
}


// ************************************************************************* //
