/*--------------------------------*- C++ -*----------------------------------*\
| =========                 |                                                 |
| \\      /  F ield         | OpenFOAM: The Open Source CFD Toolbox           |
|  \\    /   O peration     | Version:  2412                                  |
|   \\  /    A nd           | Website:  www.openfoam.com                      |
|    \\/     M anipulation  |                                                 |
\*---------------------------------------------------------------------------*/
FoamFile
{
    version     2.0;
    format      ascii;
    arch        "LSB;label=32;scalar=64";
    class       volScalarField;
    location    "5";
    object      epsilon;
}
// * * * * * * * * * * * * * * * * * * * * * * * * * * * * * * * * * * * * * //

dimensions      [0 2 -3 0 0 0 0];

internalField   nonuniform List<scalar> 
400
(
0.000295963
0.000430125
0.00105201
0.00335505
0.00732525
0.0110175
0.0131406
0.0141219
0.0144033
0.0141724
0.0133205
0.012399
0.0113355
0.0104501
0.00958677
0.00892778
0.00789581
0.00615121
0.00284904
0.00118709
0.000679926
0.00119523
0.0030921
0.00553122
0.00682346
0.00723176
0.00608777
0.00501528
0.00398662
0.00345124
0.00324121
0.00329369
0.0038602
0.00456989
0.0057721
0.00725372
0.00841808
0.00887426
0.00606751
0.00186813
0.00164591
0.00287182
0.00430526
0.00486546
0.0044784
0.00293496
0.0022185
0.0016923
0.00145856
0.00137513
0.00136276
0.0014914
0.00172783
0.00218859
0.00309906
0.00476599
0.00739431
0.0100645
0.0111432
0.00576577
0.0029214
0.00362433
0.00397067
0.00341162
0.00215396
0.00139638
0.00105297
0.00085717
0.00076549
0.000719666
0.000702217
0.000711654
0.000809583
0.00101099
0.00146897
0.00248833
0.00489118
0.00993339
0.0143299
0.0142396
0.00393543
0.00359278
0.00325698
0.00204344
0.00117273
0.000788124
0.000606281
0.000490381
0.00042117
0.00038135
0.000366099
0.000365766
0.000419834
0.000524655
0.000769894
0.0013621
0.00287716
0.00672412
0.0157932
0.0231254
0.00473586
0.00339186
0.00244479
0.00126606
0.000734458
0.00050154
0.000383483
0.000296208
0.000247631
0.000222529
0.000213579
0.000216809
0.000251144
0.000314606
0.000455504
0.000822408
0.00194569
0.00538558
0.0149995
0.0296562
0.00541564
0.00297733
0.0018176
0.000878775
0.000516244
0.000355658
0.000265642
0.000202095
0.000168895
0.000151705
0.000145614
0.000147574
0.000170718
0.000214249
0.00030303
0.000514584
0.00118304
0.00380406
0.0136947
0.0343126
0.00621002
0.0025862
0.00140077
0.000671875
0.000402006
0.000278783
0.000204697
0.000156547
0.000130098
0.00011656
0.000111739
0.000113006
0.000129627
0.000162677
0.000228798
0.000376468
0.000841612
0.0029253
0.0123079
0.0375588
0.00697854
0.00232795
0.00115077
0.000566402
0.000345554
0.000239796
0.000174133
0.000133986
0.000110867
9.93928e-05
9.53979e-05
9.72213e-05
0.000110185
0.000137252
0.000190836
0.000303231
0.000626403
0.00223858
0.0112625
0.0402186
0.0078728
0.00212295
0.00100248
0.000505456
0.000318649
0.000223253
0.000161804
0.000125637
0.000104284
9.29519e-05
8.89542e-05
9.1706e-05
0.000102372
0.000125915
0.000173201
0.000270035
0.000525788
0.00183115
0.0105035
0.0425945
0.00856356
0.00217744
0.000941603
0.000490939
0.000319938
0.000225198
0.000163658
0.000127426
0.000106062
9.42734e-05
8.93406e-05
9.13237e-05
0.000100525
0.000122294
0.000166388
0.000256779
0.000482509
0.00159042
0.0101108
0.0450186
0.00920963
0.0024017
0.000965355
0.000501723
0.000329013
0.000233771
0.000171458
0.000134368
0.00011255
0.000100207
9.52343e-05
9.7207e-05
0.00010517
0.000124224
0.000165388
0.000253967
0.00047202
0.00148759
0.00993925
0.0476571
0.00921661
0.00288526
0.00105954
0.000537364
0.000350046
0.000253021
0.000188772
0.000149396
0.000126327
0.000113063
0.000107197
0.000109037
0.000116725
0.000135622
0.000176701
0.000267041
0.000483865
0.00146386
0.00991607
0.0507447
0.00894074
0.00346939
0.00126549
0.000618944
0.000390203
0.000281511
0.000215769
0.000174302
0.00014897
0.000134396
0.000127249
0.000128941
0.000136605
0.000155999
0.000198912
0.00029706
0.000531666
0.00151137
0.0104105
0.0545167
0.00814494
0.00410834
0.00167666
0.000789059
0.000472689
0.000330201
0.000250816
0.000204518
0.000177587
0.000163131
0.000157197
0.000159541
0.000168466
0.000190338
0.000239269
0.000354513
0.00062466
0.00169082
0.0114318
0.0593567
0.00663683
0.00414915
0.00217419
0.00115986
0.000673813
0.00043976
0.000323307
0.000258684
0.00022251
0.00020329
0.000198134
0.00020183
0.000214166
0.000243905
0.000311633
0.000470631
0.000828576
0.0021636
0.0132713
0.0661982
0.00427098
0.00369625
0.00242374
0.00149058
0.000960993
0.000659851
0.000483596
0.000380291
0.000321685
0.000288585
0.000280524
0.000286433
0.000310728
0.000372067
0.000505117
0.000793069
0.00139763
0.00353699
0.017178
0.0763843
0.00304014
0.00295261
0.00269502
0.00214233
0.00163514
0.00126569
0.0010141
0.000856755
0.000767161
0.000739809
0.000753526
0.00080002
0.000886814
0.00109868
0.00149931
0.0023244
0.00378338
0.00837918
0.026046
0.092666
0.00427522
0.00639055
0.00791842
0.00835184
0.00820661
0.00791955
0.00774971
0.0077454
0.00787161
0.00817455
0.00865601
0.00925253
0.010194
0.0110882
0.0127794
0.0165961
0.0209126
0.0324752
0.0502824
0.120778
0.0497729
0.0946597
0.126638
0.137447
0.137395
0.13637
0.134626
0.133124
0.13299
0.133365
0.134428
0.136057
0.138959
0.141801
0.146425
0.148876
0.154208
0.156789
0.174153
0.154708
)
;

boundaryField
{
    movingWall
    {
        type            epsilonWallFunction;
        blending        stepwise;
        value           nonuniform List<scalar> 
20
(
0.0497729
0.0946597
0.126638
0.137447
0.137395
0.13637
0.134626
0.133124
0.13299
0.133365
0.134428
0.136057
0.138959
0.141801
0.146425
0.148876
0.154208
0.156789
0.174153
0.154708
)
;
    }
    fixedWalls
    {
        type            epsilonWallFunction;
        blending        stepwise;
        value           nonuniform List<scalar> 
60
(
0.000295963
0.000679926
0.00164591
0.0029214
0.00393543
0.00473586
0.00541564
0.00621002
0.00697854
0.0078728
0.00856356
0.00920963
0.00921661
0.00894074
0.00814494
0.00663683
0.00427098
0.00304014
0.00427522
0.0497729
0.00118709
0.00186813
0.00576577
0.0142396
0.0231254
0.0296562
0.0343126
0.0375588
0.0402186
0.0425945
0.0450186
0.0476571
0.0507447
0.0545167
0.0593567
0.0661982
0.0763843
0.092666
0.120778
0.154708
0.000295963
0.000430125
0.00105201
0.00335505
0.00732525
0.0110175
0.0131406
0.0141219
0.0144033
0.0141724
0.0133205
0.012399
0.0113355
0.0104501
0.00958677
0.00892778
0.00789581
0.00615121
0.00284904
0.00118709
)
;
    }
    frontAndBack
    {
        type            empty;
    }
}


// ************************************************************************* //
