/*--------------------------------*- C++ -*----------------------------------*\
| =========                 |                                                 |
| \\      /  F ield         | OpenFOAM: The Open Source CFD Toolbox           |
|  \\    /   O peration     | Version:  2412                                  |
|   \\  /    A nd           | Website:  www.openfoam.com                      |
|    \\/     M anipulation  |                                                 |
\*---------------------------------------------------------------------------*/
FoamFile
{
    version     2.0;
    format      ascii;
    arch        "LSB;label=32;scalar=64";
    class       volScalarField;
    location    "5";
    object      k;
}
// * * * * * * * * * * * * * * * * * * * * * * * * * * * * * * * * * * * * * //

dimensions      [0 2 -2 0 0 0 0];

internalField   nonuniform List<scalar> 
400
(
0.000150835
0.000193379
0.000350663
0.000759642
0.00127855
0.00167836
0.00188747
0.00198024
0.00200643
0.00198487
0.00190452
0.00181562
0.00171031
0.00162006
0.00152961
0.00145873
0.00134401
0.00113794
0.00068126
0.000380088
0.000262522
0.000465229
0.000877193
0.00121014
0.00135189
0.00140026
0.00122986
0.00111286
0.00101595
0.00097375
0.000963392
0.00102448
0.00112153
0.00127914
0.00146914
0.00165638
0.0017665
0.00179379
0.00140393
0.000513975
0.000473103
0.000932004
0.00111041
0.00115727
0.00109885
0.000803079
0.000676124
0.000595573
0.000555855
0.000538439
0.000533473
0.000547255
0.000587906
0.000667169
0.000825446
0.00113708
0.00157279
0.00186699
0.00194899
0.00108914
0.000693271
0.0010556
0.00108285
0.000970933
0.000668576
0.000524219
0.000458147
0.000424224
0.000407385
0.000396236
0.000391227
0.000390061
0.000400502
0.000432006
0.000504772
0.00067198
0.00103859
0.00177192
0.00219957
0.00199047
0.000845508
0.00110124
0.000988257
0.000675416
0.000477537
0.00039925
0.000364757
0.00034807
0.000338953
0.000334728
0.000333659
0.00033826
0.000345971
0.000364009
0.000398952
0.000488495
0.000720826
0.00127928
0.00230375
0.00275061
0.000956521
0.00108054
0.000813375
0.000506878
0.000381641
0.000333914
0.000312944
0.000303204
0.000298793
0.000297508
0.000301493
0.000311867
0.000324713
0.000342605
0.000366383
0.000416766
0.000569559
0.00105195
0.00215688
0.00324696
0.00104592
0.00103327
0.000668591
0.000416369
0.000329194
0.000297176
0.00028314
0.000276736
0.000272943
0.000271359
0.000273711
0.000283974
0.000300199
0.000324591
0.000353594
0.000388901
0.000479248
0.000849431
0.00200541
0.00357861
0.0011458
0.000952733
0.000565149
0.000365196
0.000300877
0.000276405
0.000264879
0.0002592
0.000252568
0.000248743
0.000247915
0.000254517
0.000269958
0.000296208
0.000332884
0.000375789
0.000437109
0.000725405
0.00186396
0.00380096
0.00123843
0.000879947
0.000508438
0.000339214
0.00028583
0.000264566
0.000253838
0.000246817
0.000238489
0.000233105
0.0002314
0.000235982
0.000249955
0.000276202
0.000315034
0.000361674
0.000411947
0.000636566
0.0017684
0.00397834
0.00134207
0.000816926
0.000472213
0.000322229
0.000279835
0.000259685
0.00024666
0.000238385
0.000230224
0.000224814
0.000223149
0.000227365
0.000239786
0.000263793
0.000303203
0.000354637
0.000396306
0.000573224
0.00169833
0.0041335
0.00141946
0.000797475
0.000463733
0.000320797
0.00028028
0.000259876
0.0002452
0.000235654
0.000228097
0.000222711
0.000221008
0.00022463
0.000235639
0.000257809
0.000295617
0.000351257
0.000388849
0.000532395
0.00166107
0.00428882
0.00149003
0.000811178
0.000471028
0.00032481
0.000282535
0.000261477
0.000246105
0.000236205
0.000228932
0.000223733
0.00022266
0.00022551
0.000234812
0.000255741
0.00029208
0.000350276
0.000385579
0.000508277
0.00164325
0.00445473
0.00149086
0.000847715
0.000493495
0.000336599
0.000287538
0.000265332
0.000249086
0.000238573
0.00023187
0.000227241
0.000227324
0.000230159
0.000238694
0.000257629
0.000291109
0.000351834
0.000384064
0.000496656
0.00163891
0.00464503
0.00146099
0.000910238
0.000536022
0.000361474
0.000298313
0.000271048
0.000253505
0.000242806
0.000237252
0.000234115
0.000234992
0.000238578
0.000247343
0.000266352
0.000296973
0.000355838
0.000382188
0.000489568
0.00167267
0.00487233
0.00137303
0.000984607
0.000623423
0.000416539
0.000323268
0.000283899
0.000261985
0.000249407
0.000243395
0.000243601
0.000245766
0.000251081
0.000261161
0.000280514
0.000308233
0.000357728
0.000378855
0.000488221
0.00175273
0.00515646
0.00119783
0.000995682
0.00069464
0.000492257
0.000375891
0.000315217
0.000282324
0.000264131
0.000254365
0.000254654
0.000257495
0.000264203
0.000275012
0.000291643
0.000317907
0.000354644
0.000377433
0.000524717
0.00191078
0.00554536
0.000892847
0.000910024
0.000789926
0.000598426
0.000468139
0.000383585
0.000331965
0.000300643
0.00028163
0.000272828
0.000273136
0.000276366
0.000284439
0.00029982
0.000325551
0.00035211
0.000403455
0.000665359
0.00225998
0.00610043
0.000711604
0.000806044
0.00081822
0.000743532
0.000625863
0.000529705
0.000456303
0.000403665
0.00036833
0.000347088
0.000333928
0.000334319
0.000338679
0.000355888
0.000393571
0.000473508
0.000639314
0.00117675
0.0029966
0.00693902
0.00089307
0.00107145
0.00121436
0.0012609
0.00122497
0.00115263
0.00110104
0.00105891
0.00106
0.0010739
0.00110657
0.00116893
0.00126082
0.00137856
0.00153672
0.00188076
0.0022578
0.00324128
0.00460281
0.00827937
0.00458571
0.00703904
0.00854569
0.00902447
0.00902177
0.00897615
0.00889932
0.00883285
0.0088269
0.0088435
0.00889052
0.00896242
0.00908953
0.00921338
0.00941264
0.00951742
0.00974347
0.00985201
0.0105668
0.00976503
)
;

boundaryField
{
    movingWall
    {
        type            kqRWallFunction;
        value           nonuniform List<scalar> 
20
(
0.00458571
0.00703904
0.00854569
0.00902447
0.00902177
0.00897615
0.00889932
0.00883285
0.0088269
0.0088435
0.00889052
0.00896242
0.00908953
0.00921338
0.00941264
0.00951742
0.00974347
0.00985201
0.0105668
0.00976503
)
;
    }
    fixedWalls
    {
        type            kqRWallFunction;
        value           nonuniform List<scalar> 
60
(
0.000150835
0.000262522
0.000473103
0.000693271
0.000845508
0.000956521
0.00104592
0.0011458
0.00123843
0.00134207
0.00141946
0.00149003
0.00149086
0.00146099
0.00137303
0.00119783
0.000892847
0.000711604
0.00089307
0.00458571
0.000380088
0.000513975
0.00108914
0.00199047
0.00275061
0.00324696
0.00357861
0.00380096
0.00397834
0.0041335
0.00428882
0.00445473
0.00464503
0.00487233
0.00515646
0.00554536
0.00610043
0.00693902
0.00827937
0.00976503
0.000150835
0.000193379
0.000350663
0.000759642
0.00127855
0.00167836
0.00188747
0.00198024
0.00200643
0.00198487
0.00190452
0.00181562
0.00171031
0.00162006
0.00152961
0.00145873
0.00134401
0.00113794
0.00068126
0.000380088
)
;
    }
    frontAndBack
    {
        type            empty;
    }
}


// ************************************************************************* //
