/*--------------------------------*- C++ -*----------------------------------*\
| =========                 |                                                 |
| \\      /  F ield         | OpenFOAM: The Open Source CFD Toolbox           |
|  \\    /   O peration     | Version:  2412                                  |
|   \\  /    A nd           | Website:  www.openfoam.com                      |
|    \\/     M anipulation  |                                                 |
\*---------------------------------------------------------------------------*/
FoamFile
{
    version     2.0;
    format      ascii;
    arch        "LSB;label=32;scalar=64";
    class       surfaceScalarField;
    location    "5";
    object      phi;
}
// * * * * * * * * * * * * * * * * * * * * * * * * * * * * * * * * * * * * * //

dimensions      [0 3 -1 0 0 0 0];

oriented        oriented;

internalField   nonuniform List<scalar> 
760
(
3.27384e-07
-3.27394e-07
2.22116e-07
1.05268e-07
-3.56344e-07
5.78459e-07
-1.44545e-06
1.08911e-06
-3.02676e-06
1.58131e-06
-4.79088e-06
1.76412e-06
-6.47028e-06
1.6794e-06
-7.85609e-06
1.38581e-06
-8.84434e-06
9.88244e-07
-9.42768e-06
5.83342e-07
-9.63709e-06
2.09417e-07
-9.48435e-06
-1.52746e-07
-8.94936e-06
-5.34991e-07
-7.97841e-06
-9.70946e-07
-6.527e-06
-1.45142e-06
-4.6143e-06
-1.91269e-06
-2.4292e-06
-2.1851e-06
-5.09508e-07
-1.91969e-06
4.282e-07
-9.37709e-07
4.282e-07
-2.16189e-07
-1.11205e-07
-1.0388e-06
9.27876e-07
-2.43294e-06
1.9726e-06
-4.23097e-06
2.88713e-06
-6.00698e-06
3.35732e-06
-7.54077e-06
3.29792e-06
-8.70654e-06
2.84516e-06
-9.5249e-06
2.20417e-06
-1.00786e-05
1.54196e-06
-1.04143e-05
9.19052e-07
-1.05191e-05
3.1421e-07
-1.03831e-05
-2.8875e-07
-9.9957e-06
-9.22402e-07
-9.30663e-06
-1.66001e-06
-8.22616e-06
-2.53189e-06
-6.66594e-06
-3.47291e-06
-4.63479e-06
-4.21626e-06
-2.35012e-06
-4.20436e-06
-5.42474e-07
-2.74536e-06
-1.14274e-07
-9.20422e-07
8.09217e-07
-2.31395e-06
2.32141e-06
-4.00328e-06
3.66193e-06
-5.6643e-06
4.54815e-06
-7.02084e-06
4.71386e-06
-7.99001e-06
4.26709e-06
-8.62357e-06
3.47872e-06
-9.02453e-06
2.60513e-06
-9.26054e-06
1.77797e-06
-9.3567e-06
1.01521e-06
-9.34269e-06
3.00204e-07
-9.23676e-06
-3.94678e-07
-9.02988e-06
-1.12929e-06
-8.70533e-06
-1.98456e-06
-8.20045e-06
-3.03677e-06
-7.36634e-06
-4.30702e-06
-5.98267e-06
-5.59993e-06
-3.90292e-06
-6.28412e-06
-1.45341e-06
-5.19486e-06
-1.56768e-06
-1.37443e-06
2.18365e-06
-2.97143e-06
3.91841e-06
-4.54507e-06
5.23556e-06
-5.81716e-06
5.82025e-06
-6.65798e-06
5.55468e-06
-7.10068e-06
4.70979e-06
-7.27268e-06
3.65071e-06
-7.29e-06
2.62245e-06
-7.22273e-06
1.7107e-06
-7.12493e-06
9.17404e-07
-7.02755e-06
2.02828e-07
-6.91973e-06
-5.02502e-07
-6.81193e-06
-1.23709e-06
-6.72811e-06
-2.06838e-06
-6.66407e-06
-3.10081e-06
-6.52036e-06
-4.45072e-06
-6.008e-06
-6.11229e-06
-4.66147e-06
-7.63065e-06
-2.24717e-06
-7.60916e-06
-3.81486e-06
-1.49215e-06
3.6758e-06
-3.00556e-06
5.43182e-06
-4.28861e-06
6.51861e-06
-5.15984e-06
6.69148e-06
-5.58643e-06
5.98127e-06
-5.68981e-06
4.81317e-06
-5.6367e-06
3.5976e-06
-5.54392e-06
2.52967e-06
-5.46021e-06
1.62699e-06
-5.3803e-06
8.37503e-07
-5.27238e-06
9.49069e-08
-5.13116e-06
-6.43729e-07
-4.96658e-06
-1.40166e-06
-4.81859e-06
-2.21637e-06
-4.75994e-06
-3.15946e-06
-4.83958e-06
-4.37109e-06
-4.91242e-06
-6.03945e-06
-4.42425e-06
-8.11882e-06
-2.61183e-06
-9.42158e-06
-6.42669e-06
-1.34647e-06
5.02227e-06
-2.62565e-06
6.711e-06
-3.59295e-06
7.4859e-06
-4.1428e-06
7.24134e-06
-4.32228e-06
6.16075e-06
-4.30201e-06
4.7929e-06
-4.24636e-06
3.54196e-06
-4.23072e-06
2.51403e-06
-4.24488e-06
1.64115e-06
-4.23981e-06
8.3243e-07
-4.17738e-06
3.24822e-08
-4.05385e-06
-7.67261e-07
-3.865e-06
-1.59051e-06
-3.63114e-06
-2.45023e-06
-3.41479e-06
-3.37581e-06
-3.33221e-06
-4.45367e-06
-3.46176e-06
-5.9099e-06
-3.50672e-06
-8.07386e-06
-2.51938e-06
-1.04089e-05
-8.94607e-06
-1.07392e-06
6.09618e-06
-2.04528e-06
7.68237e-06
-2.72394e-06
8.16456e-06
-3.05822e-06
7.57561e-06
-3.13211e-06
6.23464e-06
-3.11373e-06
4.77453e-06
-3.1223e-06
3.55052e-06
-3.17535e-06
2.56707e-06
-3.23126e-06
1.69706e-06
-3.25036e-06
8.51532e-07
-3.21627e-06
-1.6046e-09
-3.12745e-06
-8.56087e-07
-2.98033e-06
-1.73763e-06
-2.77789e-06
-2.65267e-06
-2.53727e-06
-3.61643e-06
-2.32281e-06
-4.66812e-06
-2.27669e-06
-5.95602e-06
-2.4268e-06
-7.92375e-06
-2.05561e-06
-1.07801e-05
-1.10017e-05
-7.53215e-07
6.8494e-06
-1.40033e-06
8.32948e-06
-1.83582e-06
8.60005e-06
-2.04051e-06
7.7803e-06
-2.08628e-06
6.28041e-06
-2.10087e-06
4.78912e-06
-2.15019e-06
3.59985e-06
-2.2204e-06
2.63728e-06
-2.2748e-06
1.75146e-06
-2.29479e-06
8.71527e-07
-2.27847e-06
-1.79277e-08
-2.22206e-06
-9.12495e-07
-2.12701e-06
-1.83267e-06
-1.99164e-06
-2.78805e-06
-1.81463e-06
-3.79344e-06
-1.61295e-06
-4.86981e-06
-1.47213e-06
-6.09684e-06
-1.54734e-06
-7.84854e-06
-1.47337e-06
-1.08541e-05
-1.2475e-05
-4.14346e-07
7.26374e-06
-7.66775e-07
8.68191e-06
-1e-06
8.83328e-06
-1.11704e-06
7.89734e-06
-1.15867e-06
6.32203e-06
-1.19499e-06
4.82544e-06
-1.24988e-06
3.65473e-06
-1.30591e-06
2.69331e-06
-1.34535e-06
1.7909e-06
-1.36438e-06
8.90562e-07
-1.36541e-06
-1.68954e-08
-1.34391e-06
-9.33997e-07
-1.30209e-06
-1.87449e-06
-1.23665e-06
-2.85349e-06
-1.14155e-06
-3.88853e-06
-1.01775e-06
-4.99361e-06
-9.07427e-07
-6.20716e-06
-9.38393e-07
-7.81757e-06
-9.85524e-07
-1.0807e-05
-1.34606e-05
-8.03981e-08
7.34414e-06
-1.75257e-07
8.77677e-06
-2.27166e-07
8.88519e-06
-2.6919e-07
7.93936e-06
-3.00462e-07
6.35331e-06
-3.42312e-07
4.86729e-06
-3.84794e-07
3.69722e-06
-4.16789e-07
2.7253e-06
-4.3916e-07
1.81327e-06
-4.56879e-07
9.0828e-07
-4.75713e-07
1.93872e-09
-4.90133e-07
-9.19577e-07
-5.02511e-07
-1.86212e-06
-5.08116e-07
-2.84789e-06
-4.98703e-07
-3.89795e-06
-4.69013e-07
-5.0233e-06
-4.44514e-07
-6.23166e-06
-5.08838e-07
-7.75325e-06
-6.42311e-07
-1.06735e-05
-1.41029e-05
2.37794e-07
7.10635e-06
3.93588e-07
8.62097e-06
5.23565e-07
8.75521e-06
5.50472e-07
7.91246e-06
5.27653e-07
6.37613e-06
4.88124e-07
4.90682e-06
4.6411e-07
3.72123e-06
4.56572e-07
2.73284e-06
4.50046e-07
1.8198e-06
4.32156e-07
9.2617e-07
3.96937e-07
3.71584e-08
3.46498e-07
-8.69138e-07
2.81311e-07
-1.79693e-06
2.05979e-07
-2.77255e-06
1.29381e-07
-3.82135e-06
5.93098e-08
-4.95323e-06
-2.51941e-08
-6.14715e-06
-1.77288e-07
-7.60115e-06
-4.10638e-07
-1.04401e-05
-1.45135e-05
5.41108e-07
6.56524e-06
9.33286e-07
8.2288e-06
1.2347e-06
8.4538e-06
1.36465e-06
7.78251e-06
1.36403e-06
6.37674e-06
1.33002e-06
4.94083e-06
1.31851e-06
3.73274e-06
1.32752e-06
2.72383e-06
1.33217e-06
1.81516e-06
1.31311e-06
9.45222e-07
1.26341e-06
8.68595e-08
1.17894e-06
-7.84661e-07
1.06363e-06
-1.68162e-06
9.20883e-07
-2.62981e-06
7.56244e-07
-3.65671e-06
5.7814e-07
-4.77513e-06
3.73768e-07
-5.94278e-06
1.10037e-07
-7.33742e-06
-2.47307e-07
-1.00828e-05
-1.47608e-05
8.21802e-07
5.74344e-06
1.43675e-06
7.61385e-06
1.90344e-06
7.98712e-06
2.17416e-06
7.51178e-06
2.23834e-06
6.31256e-06
2.22355e-06
4.95562e-06
2.21448e-06
3.74182e-06
2.2246e-06
2.7137e-06
2.23033e-06
1.80942e-06
2.2079e-06
9.67653e-07
2.14491e-06
1.49853e-07
2.03304e-06
-6.72788e-07
1.87328e-06
-1.52187e-06
1.66603e-06
-2.42256e-06
1.41195e-06
-3.40263e-06
1.1165e-06
-4.47968e-06
7.6948e-07
-5.59576e-06
3.74353e-07
-6.94229e-06
-1.21165e-07
-9.58727e-06
-1.4882e-05
1.0435e-06
4.69994e-06
1.87302e-06
6.78433e-06
2.51367e-06
7.34646e-06
2.95504e-06
7.07042e-06
3.14846e-06
6.11914e-06
3.1969e-06
4.90718e-06
3.20246e-06
3.73626e-06
3.20626e-06
2.7099e-06
3.20143e-06
1.81425e-06
3.16736e-06
1.00172e-06
3.08745e-06
2.29765e-07
2.94979e-06
-5.35129e-07
2.74817e-06
-1.32024e-06
2.47663e-06
-2.15102e-06
2.12899e-06
-3.05498e-06
1.70173e-06
-4.05242e-06
1.18639e-06
-5.08042e-06
6.34086e-07
-6.38999e-06
-2.32921e-08
-8.92989e-06
-1.49053e-05
1.15946e-06
3.54048e-06
2.18151e-06
5.76227e-06
3.00763e-06
6.52034e-06
3.64534e-06
6.43271e-06
4.03532e-06
5.72915e-06
4.22485e-06
4.71765e-06
4.3018e-06
3.65932e-06
4.32666e-06
2.68504e-06
4.3179e-06
1.823e-06
4.26897e-06
1.05066e-06
4.16496e-06
3.33773e-07
3.99176e-06
-3.61935e-07
3.73848e-06
-1.06696e-06
3.39325e-06
-1.80579e-06
2.94054e-06
-2.60228e-06
2.36589e-06
-3.47778e-06
1.66911e-06
-4.38363e-06
9.4439e-07
-5.66527e-06
7.33048e-08
-8.05881e-06
-1.4832e-05
1.11828e-06
2.4222e-06
2.26369e-06
4.61686e-06
3.2869e-06
5.49714e-06
4.15371e-06
5.5659e-06
4.79564e-06
5.08722e-06
5.20874e-06
4.30455e-06
5.4444e-06
3.42366e-06
5.55928e-06
2.57016e-06
5.58881e-06
1.79347e-06
5.54315e-06
1.09632e-06
5.41832e-06
4.58611e-07
5.20214e-06
-1.4576e-07
4.88314e-06
-7.47962e-07
4.44386e-06
-1.36651e-06
3.86117e-06
-2.01959e-06
3.12132e-06
-2.73792e-06
2.25882e-06
-3.52113e-06
1.39129e-06
-4.79775e-06
2.56841e-07
-6.92435e-06
-1.45751e-05
8.40757e-07
1.58144e-06
2.00869e-06
3.44893e-06
3.21591e-06
4.28992e-06
4.33468e-06
4.44714e-06
5.2667e-06
4.1552e-06
5.96581e-06
3.60544e-06
6.44356e-06
2.94591e-06
6.73502e-06
2.27869e-06
6.87554e-06
1.65295e-06
6.88599e-06
1.08587e-06
6.77291e-06
5.71695e-07
6.52553e-06
1.01614e-07
6.14393e-06
-3.66364e-07
5.60153e-06
-8.24105e-07
4.88097e-06
-1.29903e-06
3.98462e-06
-1.84157e-06
2.97865e-06
-2.51516e-06
1.979e-06
-3.7981e-06
6.45435e-07
-5.59079e-06
-1.39297e-05
3.61493e-07
1.21995e-06
1.42579e-06
2.38463e-06
2.7503e-06
2.96541e-06
4.10347e-06
3.09398e-06
5.31912e-06
2.93955e-06
6.31466e-06
2.6099e-06
7.06702e-06
2.19354e-06
7.58642e-06
1.7593e-06
7.89501e-06
1.34436e-06
8.01675e-06
9.64137e-07
7.96691e-06
6.21537e-07
7.75874e-06
3.09775e-07
7.38695e-06
5.42886e-09
6.8329e-06
-2.7005e-07
6.09318e-06
-5.59315e-07
5.16774e-06
-9.16129e-07
4.05554e-06
-1.40296e-06
2.75846e-06
-2.50102e-06
1.16068e-06
-3.993e-06
-1.2769e-05
-7.14928e-07
1.93488e-06
1.47956e-07
1.52174e-06
1.72378e-06
1.38958e-06
3.38923e-06
1.42853e-06
4.90499e-06
1.42378e-06
6.19528e-06
1.31962e-06
7.22888e-06
1.15994e-06
8.00878e-06
9.794e-07
8.55489e-06
7.98243e-07
8.89292e-06
6.26116e-07
9.04718e-06
4.6727e-07
9.03553e-06
3.21424e-07
8.85622e-06
1.84741e-07
8.53062e-06
5.55534e-08
8.05343e-06
-8.21286e-08
7.39449e-06
-2.57187e-07
6.40505e-06
-4.13514e-07
4.82139e-06
-9.1736e-07
2.23956e-06
-1.41118e-06
-1.05295e-05
1.93488e-06
3.45662e-06
4.84621e-06
6.27473e-06
7.69852e-06
9.01814e-06
1.01781e-05
1.11575e-05
1.19557e-05
1.25818e-05
1.30491e-05
1.33705e-05
1.35553e-05
1.36108e-05
1.35287e-05
1.32715e-05
1.2858e-05
1.19406e-05
1.05295e-05
)
;

boundaryField
{
    movingWall
    {
        type            calculated;
        value           uniform 0;
    }
    fixedWalls
    {
        type            calculated;
        value           uniform 0;
    }
    frontAndBack
    {
        type            empty;
    }
}


// ************************************************************************* //
