/*--------------------------------*- C++ -*----------------------------------*\
| =========                 |                                                 |
| \\      /  F ield         | OpenFOAM: The Open Source CFD Toolbox           |
|  \\    /   O peration     | Version:  2412                                  |
|   \\  /    A nd           | Website:  www.openfoam.com                      |
|    \\/     M anipulation  |                                                 |
\*---------------------------------------------------------------------------*/
FoamFile
{
    version     2.0;
    format      ascii;
    arch        "LSB;label=32;scalar=64";
    class       volVectorField;
    location    "5";
    object      U;
}
// * * * * * * * * * * * * * * * * * * * * * * * * * * * * * * * * * * * * * //

dimensions      [0 1 -1 0 0 0 0];

internalField   nonuniform List<vector> 
400
(
(0.00418387 -0.00552316 0)
(0.00817355 -0.00220178 0)
(0.000283988 0.00197064 0)
(-0.0133001 0.00642777 0)
(-0.0425225 0.0159129 0)
(-0.0782405 0.020213 0)
(-0.114279 0.0198481 0)
(-0.145986 0.0162387 0)
(-0.169813 0.011344 0)
(-0.185048 0.00657362 0)
(-0.192457 0.00222848 0)
(-0.193077 -0.00209031 0)
(-0.186325 -0.0067765 0)
(-0.171047 -0.0117383 0)
(-0.145873 -0.0166098 0)
(-0.111217 -0.0208249 0)
(-0.0705662 -0.022917 0)
(-0.0289695 -0.0193962 0)
(0.00475562 -0.00988394 0)
(0.0114206 0.00767267 0)
(-0.000500139 -0.00854914 0)
(-0.00903098 0.00649782 0)
(-0.0309299 0.0231728 0)
(-0.0652459 0.0402091 0)
(-0.102926 0.0506458 0)
(-0.137776 0.0522987 0)
(-0.165117 0.0468665 0)
(-0.18437 0.0373265 0)
(-0.197362 0.0263638 0)
(-0.206058 0.0156069 0)
(-0.210669 0.00539828 0)
(-0.210344 -0.00491874 0)
(-0.205138 -0.01622 0)
(-0.194381 -0.029209 0)
(-0.176648 -0.0438789 0)
(-0.150085 -0.0579863 0)
(-0.114236 -0.0659769 0)
(-0.0711333 -0.0589239 0)
(-0.0268163 -0.0299086 0)
(0.00286305 0.00740774 0)
(-0.00926903 0.00506584 0)
(-0.0290961 0.0324089 0)
(-0.0616552 0.0568728 0)
(-0.0978303 0.0755608 0)
(-0.129167 0.0821685 0)
(-0.152625 0.0771038 0)
(-0.167977 0.0643632 0)
(-0.177563 0.0486867 0)
(-0.183675 0.0332945 0)
(-0.1869 0.0189431 0)
(-0.187509 0.00524791 0)
(-0.186294 -0.00851587 0)
(-0.183261 -0.0232507 0)
(-0.177952 -0.0403181 0)
(-0.169881 -0.0608839 0)
(-0.157209 -0.084209 0)
(-0.135716 -0.10434 0)
(-0.101268 -0.107881 0)
(-0.0546938 -0.076644 0)
(-0.00846473 -0.0108138 0)
(-0.0138403 0.0299709 0)
(-0.0417937 0.0628236 0)
(-0.0761118 0.0901358 0)
(-0.10625 0.105254 0)
(-0.127572 0.104479 0)
(-0.139681 0.091499 0)
(-0.144918 0.0727969 0)
(-0.146253 0.0535872 0)
(-0.145365 0.036026 0)
(-0.143436 0.0203259 0)
(-0.141559 0.00595388 0)
(-0.139539 -0.00798729 0)
(-0.137264 -0.0227979 0)
(-0.135245 -0.0402041 0)
(-0.133996 -0.0623282 0)
(-0.132945 -0.0907252 0)
(-0.127707 -0.122637 0)
(-0.109585 -0.144879 0)
(-0.0724294 -0.1297 0)
(-0.0230819 -0.0499009 0)
(-0.015195 0.0585255 0)
(-0.0449481 0.0939556 0)
(-0.0752784 0.118643 0)
(-0.0976888 0.126541 0)
(-0.110042 0.116802 0)
(-0.114095 0.096368 0)
(-0.113634 0.0732157 0)
(-0.111736 0.0518643 0)
(-0.109845 0.0334517 0)
(-0.108438 0.0175735 0)
(-0.106698 0.00307022 0)
(-0.104167 -0.0109679 0)
(-0.10098 -0.0253717 0)
(-0.0976005 -0.0412908 0)
(-0.095289 -0.0607505 0)
(-0.095936 -0.0870878 0)
(-0.0989921 -0.123027 0)
(-0.0960926 -0.162443 0)
(-0.0745159 -0.175522 0)
(-0.0319141 -0.102122 0)
(-0.0137519 0.0868952 0)
(-0.0407064 0.12203 0)
(-0.0650852 0.141017 0)
(-0.0804353 0.140356 0)
(-0.0865421 0.122152 0)
(-0.086684 0.096348 0)
(-0.0851421 0.071282 0)
(-0.0843755 0.0501058 0)
(-0.0847214 0.0323452 0)
(-0.0850905 0.0163818 0)
(-0.0844518 0.000927429 0)
(-0.0825854 -0.0145213 0)
(-0.0793931 -0.0302446 0)
(-0.0750157 -0.0466329 0)
(-0.0701865 -0.0645758 0)
(-0.0668865 -0.0865646 0)
(-0.0679939 -0.1181 0)
(-0.0714859 -0.163651 0)
(-0.0637838 -0.203667 0)
(-0.0327728 -0.155764 0)
(-0.0107616 0.111575 0)
(-0.0326666 0.144934 0)
(-0.0504002 0.157431 0)
(-0.0604245 0.148769 0)
(-0.0630057 0.124167 0)
(-0.0622647 0.0955613 0)
(-0.0618197 0.0706686 0)
(-0.0627415 0.0505915 0)
(-0.0642463 0.0332505 0)
(-0.0650986 0.0167059 0)
(-0.0649162 0.000203459 0)
(-0.0636617 -0.0165422 0)
(-0.0612591 -0.0337019 0)
(-0.0577294 -0.0514897 0)
(-0.0531912 -0.0702378 0)
(-0.0483273 -0.0909664 0)
(-0.045458 -0.117513 0)
(-0.0477648 -0.159492 0)
(-0.0472852 -0.214511 0)
(-0.0278798 -0.20354 0)
(-0.00735397 0.130546 0)
(-0.0230443 0.161322 0)
(-0.034385 0.168501 0)
(-0.040873 0.153957 0)
(-0.0417484 0.125175 0)
(-0.0414117 0.0955105 0)
(-0.0420801 0.0714065 0)
(-0.0436856 0.0520223 0)
(-0.0451976 0.0344544 0)
(-0.0459288 0.0171205 0)
(-0.0458994 -0.000297028 0)
(-0.0451264 -0.017963 0)
(-0.0435721 -0.0360627 0)
(-0.0412655 -0.054845 0)
(-0.038129 -0.0746005 0)
(-0.0342387 -0.0957983 0)
(-0.0304716 -0.120449 0)
(-0.0303239 -0.157003 0)
(-0.0316531 -0.216974 0)
(-0.0209361 -0.238291 0)
(-0.00370716 0.142662 0)
(-0.0130282 0.171329 0)
(-0.0189417 0.17518 0)
(-0.0227573 0.15717 0)
(-0.0228335 0.126049 0)
(-0.0230653 0.09608 0)
(-0.0241873 0.0725591 0)
(-0.0256514 0.0533745 0)
(-0.0267397 0.0354438 0)
(-0.0272621 0.017546 0)
(-0.0273693 -0.000473348 0)
(-0.0270913 -0.0187211 0)
(-0.0264294 -0.0374037 0)
(-0.0253755 -0.0568198 0)
(-0.0237843 -0.0772913 0)
(-0.0215673 -0.0991367 0)
(-0.019001 -0.123431 0)
(-0.0183376 -0.156479 0)
(-0.019945 -0.216881 0)
(-0.0150464 -0.261528 0)
(4.45924e-05 0.147699 0)
(-0.00333959 0.17585 0)
(-0.00451244 0.17817 0)
(-0.00586196 0.158657 0)
(-0.00552772 0.126826 0)
(-0.00609522 0.0969264 0)
(-0.0071633 0.0735867 0)
(-0.00812932 0.054295 0)
(-0.00871452 0.0361188 0)
(-0.00903632 0.0179979 0)
(-0.00930804 -0.000238974 0)
(-0.00955174 -0.0187015 0)
(-0.00980838 -0.0376278 0)
(-0.0100146 -0.0573717 0)
(-0.0100191 -0.0783123 0)
(-0.00960577 -0.100679 0)
(-0.00887279 -0.124897 0)
(-0.00926461 -0.15605 0)
(-0.0116403 -0.21504 0)
(-0.0114017 -0.276874 0)
(0.0036995 0.146168 0)
(0.00575701 0.175336 0)
(0.00910562 0.177393 0)
(0.0102472 0.158959 0)
(0.0110545 0.127346 0)
(0.0104064 0.097749 0)
(0.00955967 0.0742671 0)
(0.00911762 0.0547138 0)
(0.00898422 0.0364622 0)
(0.00882923 0.0184414 0)
(0.00838991 0.000352781 0)
(0.00763055 -0.0179547 0)
(0.00647604 -0.0367703 0)
(0.0050438 -0.0565031 0)
(0.00343773 -0.077609 0)
(0.00201237 -0.100285 0)
(0.000635586 -0.124371 0)
(-0.00165388 -0.154066 0)
(-0.00565086 -0.211625 0)
(-0.00933945 -0.286867 0)
(0.00723087 0.138644 0)
(0.0143034 0.169833 0)
(0.0220677 0.173022 0)
(0.0258177 0.157715 0)
(0.0276833 0.127653 0)
(0.0271692 0.0984435 0)
(0.0264847 0.0745537 0)
(0.0263994 0.0546528 0)
(0.0265786 0.03648 0)
(0.0265308 0.0188472 0)
(0.025936 0.0012653 0)
(0.024698 -0.0165413 0)
(0.0227195 -0.0349016 0)
(0.020138 -0.0542724 0)
(0.0169663 -0.0751701 0)
(0.0136913 -0.0978271 0)
(0.00995284 -0.121581 0)
(0.00528256 -0.150056 0)
(-0.00097059 -0.205934 0)
(-0.00823352 -0.293395 0)
(0.0105189 0.124972 0)
(0.0222643 0.159844 0)
(0.0341379 0.165421 0)
(0.0409347 0.153826 0)
(0.0446839 0.127394 0)
(0.0449245 0.0990654 0)
(0.0443768 0.0746739 0)
(0.0443474 0.0543033 0)
(0.044581 0.03623 0)
(0.0445161 0.0191564 0)
(0.043754 0.00236975 0)
(0.0420957 -0.0145881 0)
(0.0394189 -0.032128 0)
(0.035796 -0.0507475 0)
(0.031091 -0.0709687 0)
(0.0258841 -0.0930942 0)
(0.0194534 -0.116077 0)
(0.0119523 -0.14349 0)
(0.00292489 -0.197594 0)
(-0.00768882 -0.29733 0)
(0.0130819 0.105914 0)
(0.0291123 0.145519 0)
(0.0445928 0.154495 0)
(0.055218 0.146882 0)
(0.0617318 0.125285 0)
(0.0639113 0.0991683 0)
(0.0641068 0.0749135 0)
(0.0641003 0.0541633 0)
(0.0641427 0.0361237 0)
(0.0638511 0.019614 0)
(0.0628087 0.00373995 0)
(0.0607269 -0.0121429 0)
(0.0573969 -0.028565 0)
(0.0527643 -0.0460031 0)
(0.0465193 -0.0649621 0)
(0.0392307 -0.0858489 0)
(0.0296088 -0.107378 0)
(0.0188019 -0.133852 0)
(0.00639073 -0.185969 0)
(-0.00746874 -0.298497 0)
(0.0140456 0.0828399 0)
(0.0336271 0.126565 0)
(0.0525205 0.139816 0)
(0.0672259 0.136201 0)
(0.0775599 0.119735 0)
(0.0832135 0.0972504 0)
(0.085604 0.0745182 0)
(0.0864573 0.0541331 0)
(0.0866006 0.0363263 0)
(0.086087 0.0203638 0)
(0.0846466 0.00541048 0)
(0.0819732 -0.00922606 0)
(0.0777994 -0.0241104 0)
(0.0719722 -0.039808 0)
(0.064005 -0.0569109 0)
(0.0543458 -0.075823 0)
(0.0409191 -0.0952801 0)
(0.0268231 -0.121094 0)
(0.0105137 -0.170329 0)
(-0.00703782 -0.296541 0)
(0.0125146 0.0598437 0)
(0.0341346 0.104733 0)
(0.0560359 0.121759 0)
(0.0750659 0.121793 0)
(0.0901944 0.110116 0)
(0.100736 0.0920966 0)
(0.107107 0.0723736 0)
(0.110455 0.0536658 0)
(0.111836 0.0369619 0)
(0.111687 0.0220699 0)
(0.110036 0.00838633 0)
(0.106711 -0.00470919 0)
(0.101462 -0.0178633 0)
(0.0940886 -0.0316546 0)
(0.0839551 -0.0464429 0)
(0.0714692 -0.0626789 0)
(0.0536434 -0.0798188 0)
(0.0377344 -0.105764 0)
(0.0172075 -0.150799 0)
(-0.00536543 -0.293451 0)
(0.00692424 0.0339591 0)
(0.0288037 0.0780824 0)
(0.0527119 0.0973452 0)
(0.0759276 0.100652 0)
(0.0965405 0.0934907 0)
(0.113011 0.0803942 0)
(0.124831 0.06492 0)
(0.13247 0.0494057 0)
(0.136733 0.0349554 0)
(0.138214 0.0218752 0)
(0.137208 0.00997447 0)
(0.133668 -0.00114809 0)
(0.127467 -0.011885 0)
(0.118446 -0.022605 0)
(0.105861 -0.033719 0)
(0.0906276 -0.0460684 0)
(0.0685544 -0.0606616 0)
(0.0536947 -0.0874715 0)
(0.0257541 -0.128178 0)
(-0.00100315 -0.292934 0)
(-0.00174431 0.0364841 0)
(0.0177812 0.0654779 0)
(0.0420241 0.0780525 0)
(0.068587 0.0803899 0)
(0.0944505 0.0754827 0)
(0.116901 0.0662967 0)
(0.134628 0.0552034 0)
(0.14743 0.0438919 0)
(0.155684 0.0331357 0)
(0.159956 0.0232748 0)
(0.160662 0.0143213 0)
(0.158063 0.00606875 0)
(0.152282 -0.00162497 0)
(0.14321 -0.00919306 0)
(0.130137 -0.01698 0)
(0.114512 -0.0261817 0)
(0.0907588 -0.0380623 0)
(0.0794871 -0.0631822 0)
(0.0295265 -0.098805 0)
(0.0129868 -0.287805 0)
(-0.0137218 -0.000415108 0)
(-0.0107806 0.014717 0)
(0.0183353 0.0299128 0)
(0.0510641 0.038036 0)
(0.0829709 0.0396659 0)
(0.111419 0.0368972 0)
(0.135007 0.0319245 0)
(0.153312 0.0261388 0)
(0.166604 0.0203866 0)
(0.175403 0.0150074 0)
(0.180253 0.0101213 0)
(0.181622 0.00571109 0)
(0.179683 0.00163941 0)
(0.174692 -0.002395 0)
(0.166119 -0.00643792 0)
(0.156272 -0.0114569 0)
(0.135547 -0.0169655 0)
(0.133129 -0.0318794 0)
(0.0349154 -0.0532709 0)
(0.0797481 -0.238696 0)
(0.0371126 0.0953115 0)
(0.0516265 0.0619003 0)
(0.0808885 0.0362401 0)
(0.111302 0.0247127 0)
(0.13997 0.0198897 0)
(0.167337 0.0172833 0)
(0.192383 0.0152841 0)
(0.214045 0.0135191 0)
(0.231933 0.011898 0)
(0.246167 0.010376 0)
(0.257052 0.00895124 0)
(0.264896 0.0076329 0)
(0.269892 0.00634725 0)
(0.272378 0.00509744 0)
(0.271645 0.00375599 0)
(0.270125 0.00212961 0)
(0.255941 0.000510235 0)
(0.26866 -0.00365271 0)
(0.142361 0.00151139 0)
(0.38632 -0.100629 0)
)
;

boundaryField
{
    movingWall
    {
        type            fixedValue;
        value           uniform (1 0 0);
    }
    fixedWalls
    {
        type            noSlip;
    }
    frontAndBack
    {
        type            empty;
    }
}


// ************************************************************************* //
