/*--------------------------------*- C++ -*----------------------------------*\
| =========                 |                                                 |
| \\      /  F ield         | OpenFOAM: The Open Source CFD Toolbox           |
|  \\    /   O peration     | Version:  2412                                  |
|   \\  /    A nd           | Website:  www.openfoam.com                      |
|    \\/     M anipulation  |                                                 |
\*---------------------------------------------------------------------------*/
FoamFile
{
    version     2.0;
    format      ascii;
    arch        "LSB;label=32;scalar=64";
    class       volScalarField;
    location    "4";
    object      k;
}
// * * * * * * * * * * * * * * * * * * * * * * * * * * * * * * * * * * * * * //

dimensions      [0 2 -2 0 0 0 0];

internalField   nonuniform List<scalar> 
1600
(
8.54641e-05
0.00010327
0.000134945
0.000165938
0.000189013
0.000203895
0.000218676
0.000235378
0.000253212
0.000283593
0.000370168
0.000619993
0.000985731
0.00144955
0.00194331
0.00240547
0.0028024
0.00311088
0.00331922
0.00342047
0.00345556
0.00344519
0.00334338
0.00320846
0.00303321
0.00284303
0.00263287
0.00241819
0.00220081
0.00198549
0.00175793
0.00150645
0.00124682
0.00107937
0.000985687
0.000919676
0.000837358
0.00068655
0.000452931
0.000261384
0.000142442
0.000116108
0.000116649
0.000121533
0.000134311
0.000164119
0.000225078
0.000314568
0.000434214
0.00061864
0.000883995
0.00117685
0.0014243
0.00161319
0.00177818
0.0018452
0.00186186
0.00184865
0.00180904
0.00177351
0.001755
0.00174846
0.00176129
0.00182187
0.00189523
0.00199909
0.00211243
0.00222903
0.00231182
0.00234796
0.00235172
0.0022654
0.002118
0.00183947
0.00146194
0.00106934
0.000744084
0.000524148
0.000358802
0.000295434
0.000237074
0.00017474
0.000170411
0.000178636
0.00020919
0.000283977
0.000426841
0.000647463
0.000897027
0.00112547
0.00126899
0.00134408
0.00139975
0.00142327
0.00134523
0.00129776
0.00125071
0.0012128
0.00118766
0.00117641
0.00117384
0.0011917
0.00122428
0.00127382
0.00134593
0.00144182
0.00156764
0.00172556
0.00191237
0.00210139
0.00222745
0.00227905
0.00223627
0.00207054
0.00176846
0.00130586
0.000837535
0.000504333
0.000323699
0.000351148
0.000330488
0.000247419
0.000259461
0.000298488
0.000387741
0.000556829
0.000797851
0.00104399
0.00118347
0.00123685
0.00124988
0.00124493
0.00116989
0.00103982
0.000980293
0.00091342
0.000873063
0.000833557
0.000811863
0.000794949
0.000787585
0.000785486
0.00079157
0.000808704
0.000835341
0.000876978
0.000938748
0.00102976
0.00116456
0.00136842
0.00165243
0.00193644
0.00209117
0.00213486
0.00203524
0.00166977
0.00107868
0.000555751
0.000327104
0.000402013
0.000393252
0.000338153
0.000396194
0.000484539
0.00064349
0.000875646
0.00109052
0.00118335
0.00120023
0.00118429
0.00111339
0.000968199
0.000851944
0.000778521
0.000733433
0.000694818
0.000676106
0.000661152
0.000654491
0.000651046
0.000649636
0.000649328
0.000652897
0.000660267
0.000671379
0.000690534
0.000720157
0.000765724
0.000835125
0.000942477
0.00111334
0.00140369
0.00181651
0.00206187
0.00214559
0.00207768
0.00157672
0.000784468
0.00039291
0.000435243
0.000427436
0.000462785
0.000576232
0.000710471
0.000905788
0.00109308
0.00116906
0.00117542
0.00112651
0.00100484
0.0008323
0.000737449
0.0006728
0.000642151
0.000627143
0.000620921
0.000619861
0.000621862
0.000623523
0.000624126
0.000624112
0.000623625
0.000623571
0.000625589
0.000630563
0.000641033
0.000658884
0.000686624
0.000726701
0.000785917
0.000875129
0.00102224
0.00128621
0.00179026
0.00212472
0.00222808
0.00210105
0.00131692
0.000592997
0.000475127
0.000444188
0.000617833
0.00078026
0.000932918
0.00108996
0.00115597
0.00115852
0.00109444
0.000932472
0.000756988
0.000664027
0.000619732
0.000600453
0.000595255
0.000595065
0.000599236
0.000600875
0.000601326
0.00059978
0.000596947
0.000595229
0.000594494
0.000594721
0.000597973
0.000603877
0.000614284
0.000630457
0.000654586
0.000686854
0.000730634
0.000790371
0.000877065
0.00102019
0.00129609
0.00185383
0.00222979
0.00231002
0.00196698
0.000905274
0.00053405
0.000464658
0.000791308
0.000975357
0.00109629
0.00115032
0.00115178
0.00108584
0.000906528
0.000717694
0.000626722
0.000587636
0.000574669
0.000572161
0.000575866
0.000577424
0.000577793
0.000574605
0.000570872
0.00056756
0.000565921
0.000565458
0.000567243
0.00057068
0.000576019
0.000582974
0.00059212
0.000604539
0.000623343
0.000654075
0.000697884
0.000752904
0.000819757
0.000913433
0.00107156
0.00139097
0.00202764
0.00233415
0.00234141
0.00135257
0.00061932
0.00053745
0.000963001
0.00112598
0.00117373
0.00117396
0.00109965
0.000925745
0.00071073
0.000608219
0.000567162
0.000554823
0.000553158
0.000556109
0.000557117
0.000555009
0.000550502
0.000546355
0.000544174
0.000543399
0.000544454
0.00054775
0.000552763
0.000558978
0.000566458
0.000574764
0.000584037
0.000594793
0.000608113
0.000626989
0.000656962
0.000709387
0.000783034
0.000867442
0.000978449
0.00117944
0.00161066
0.00226171
0.00247732
0.00195996
0.000723263
0.000692555
0.00110934
0.00123042
0.00123751
0.00114512
0.000979574
0.000740842
0.000606938
0.000554383
0.000538501
0.000536009
0.000538063
0.000538621
0.000535887
0.000531101
0.00052793
0.000526519
0.000526269
0.00052812
0.000531507
0.000536493
0.000542882
0.000550557
0.000559505
0.000569397
0.000580017
0.00059117
0.000603176
0.000617603
0.000637991
0.000670423
0.000727901
0.000822692
0.000934973
0.00108182
0.00136956
0.00203082
0.00251962
0.00247176
0.00093326
0.000864401
0.001216
0.00130072
0.00123412
0.00106954
0.000826276
0.000630381
0.000551306
0.000525942
0.000520998
0.000521828
0.000522409
0.000520154
0.000515944
0.000513427
0.000512524
0.000512422
0.000513516
0.000515581
0.000518618
0.000522922
0.000528688
0.000536144
0.000545435
0.000556492
0.000569164
0.000583124
0.000597973
0.00061353
0.000630866
0.000654528
0.000693045
0.000762652
0.00088283
0.00103531
0.00125013
0.00171752
0.002543
0.00281032
0.00150114
0.00104148
0.00129418
0.00134723
0.00120708
0.000960154
0.000696056
0.000566227
0.000519788
0.000508238
0.000507084
0.000507919
0.000506987
0.000503664
0.000501652
0.000500933
0.000500773
0.000500675
0.000500584
0.000500695
0.000501529
0.000503609
0.000507478
0.0005136
0.0005223
0.000533692
0.000547794
0.000564418
0.000583174
0.000603477
0.000624815
0.000647848
0.000677742
0.000728329
0.000820729
0.000977259
0.00119108
0.00155575
0.00242243
0.00307873
0.00235059
0.00121737
0.00133315
0.00134738
0.00114665
0.000845121
0.000617556
0.000527174
0.000499577
0.000494609
0.00049475
0.000494962
0.00049333
0.000491679
0.000491109
0.000490881
0.000489989
0.000487917
0.000485057
0.000482084
0.000480228
0.000479636
0.000481033
0.000485492
0.000493259
0.000504527
0.000519433
0.000537925
0.000559735
0.000584337
0.000611006
0.00063924
0.000670303
0.000711904
0.000785674
0.000922116
0.00113731
0.00146789
0.00221237
0.00333945
0.00331824
0.00139024
0.00134829
0.00133342
0.00107284
0.000748177
0.00056638
0.000501581
0.000485097
0.000483178
0.000483757
0.00048369
0.000482892
0.0004826
0.000482537
0.000481497
0.000478422
0.000473377
0.000467224
0.000461033
0.00045593
0.000453389
0.000452769
0.000455474
0.000462355
0.000473347
0.000488688
0.000508457
0.000532529
0.000560471
0.000591486
0.000624569
0.000659385
0.000699184
0.000758585
0.000871368
0.00107827
0.00139743
0.00201526
0.00348186
0.00426126
0.00155843
0.00134527
0.00129995
0.000998465
0.000677922
0.00053126
0.000483693
0.000473942
0.000473445
0.000474509
0.000474713
0.000474851
0.000475094
0.000474636
0.000471701
0.000465821
0.000457611
0.000448299
0.00043922
0.000431619
0.000427127
0.000425487
0.000426659
0.000432785
0.000443429
0.000458898
0.000479412
0.000505045
0.000535581
0.000570364
0.000608288
0.000648284
0.000691246
0.000745825
0.000842155
0.00103436
0.00136388
0.0019533
0.00348591
0.00511001
0.00172314
0.00133483
0.00125177
0.000930274
0.000629687
0.00050636
0.000470526
0.000464871
0.000465487
0.000467029
0.000467634
0.000468251
0.000468391
0.000466668
0.000461434
0.000452774
0.000441731
0.000429801
0.000418489
0.0004091
0.000403226
0.000400917
0.000401139
0.000406622
0.000416865
0.00043219
0.000452948
0.000479418
0.000511623
0.000549093
0.000590685
0.000634777
0.000680622
0.000732998
0.000814119
0.000979901
0.00130592
0.00189321
0.00343706
0.00584715
0.00187963
0.00131372
0.00120034
0.000875136
0.000596294
0.000488406
0.00046055
0.000457493
0.000459141
0.000460985
0.000461846
0.000462348
0.000461926
0.000458558
0.000451134
0.000440119
0.000426856
0.000413017
0.000400198
0.000389695
0.000382919
0.000380114
0.000379979
0.000384916
0.000394726
0.000409715
0.000430356
0.000457142
0.000490391
0.000529941
0.000574838
0.000623271
0.00067344
0.000726957
0.000801075
0.000951011
0.00126861
0.00185743
0.00340331
0.00646965
0.00202442
0.00129055
0.00115191
0.000832975
0.000572038
0.000475015
0.000452747
0.000451518
0.000454033
0.000455925
0.000456676
0.000456848
0.00045548
0.00045056
0.000441368
0.000428622
0.000413845
0.000398805
0.000385117
0.000374028
0.000366739
0.000363625
0.000363388
0.00036792
0.000377281
0.000391802
0.000412055
0.000438726
0.000472414
0.000513278
0.00056059
0.000612395
0.00066604
0.000721353
0.000788331
0.000915439
0.00121967
0.00182144
0.00336044
0.00698619
0.00215407
0.00126887
0.0011072
0.000802502
0.000557037
0.000465205
0.000446497
0.000446688
0.000449785
0.000451454
0.000451853
0.000451508
0.000449147
0.000443013
0.000432626
0.000418833
0.000403233
0.000387615
0.000373571
0.000362281
0.000354735
0.000351416
0.000351164
0.000355387
0.000364302
0.00037829
0.000398002
0.000424296
0.000458056
0.000499814
0.000549189
0.000604271
0.000661683
0.000719247
0.000782776
0.000897483
0.0011843
0.00179673
0.003334
0.00741185
0.00226318
0.00124873
0.00107057
0.000783368
0.000546267
0.000457942
0.000440998
0.000442508
0.000445935
0.000447287
0.000447256
0.000446277
0.000443106
0.000436211
0.000425238
0.000411061
0.000395255
0.000379573
0.000365557
0.000354334
0.00034669
0.000343152
0.000342888
0.000346828
0.000355305
0.000368736
0.000387824
0.000413566
0.000447108
0.000489349
0.000540299
0.000598175
0.000659579
0.00071872
0.000780069
0.000877156
0.00114524
0.00177457
0.00332195
0.00775933
0.00233852
0.00124227
0.00104016
0.000771602
0.000545391
0.000452448
0.00043608
0.000438698
0.000442312
0.000443371
0.000442824
0.000441235
0.000437517
0.000430331
0.000419356
0.000405388
0.000389907
0.000374578
0.000360876
0.000349876
0.000342262
0.00033846
0.000338263
0.000341932
0.000349931
0.000362705
0.00038103
0.000406133
0.000439288
0.00048177
0.000534051
0.00059476
0.000659077
0.000720667
0.000779609
0.00086622
0.00111286
0.00175812
0.00332109
0.0080477
0.00235482
0.00124314
0.00101885
0.000770132
0.000548163
0.000451019
0.000431588
0.000434486
0.000438483
0.000439418
0.000438484
0.000436445
0.000432478
0.00042543
0.000414963
0.000401721
0.000387016
0.000372441
0.000359305
0.000348573
0.000340957
0.000336913
0.000336704
0.000340019
0.000347559
0.000359816
0.000377474
0.000401723
0.000434189
0.000476682
0.000530127
0.000593391
0.000660743
0.000725608
0.000782262
0.000855893
0.00107929
0.00174384
0.00336892
0.00829713
0.00233435
0.00124608
0.00100476
0.000772966
0.000555485
0.000452336
0.000428418
0.000430267
0.000434604
0.000435484
0.000434325
0.000431977
0.000428016
0.000421459
0.000411901
0.000399807
0.000386413
0.000372766
0.000360103
0.00034961
0.00034203
0.000337848
0.000337449
0.000340144
0.000347073
0.000358926
0.000376131
0.000399716
0.000431653
0.000474027
0.000528282
0.000593224
0.000664459
0.000732378
0.000787666
0.000850406
0.00104839
0.00172459
0.00342137
0.00851993
0.00227276
0.00125255
0.00099781
0.000780732
0.000570258
0.000456651
0.000425062
0.000425513
0.000429728
0.000431179
0.000430118
0.00042774
0.000424007
0.000418204
0.000409873
0.000399299
0.000387124
0.000374457
0.000362649
0.00035264
0.00034519
0.000340874
0.000340276
0.000342486
0.00034859
0.000359686
0.00037608
0.000399167
0.000430735
0.000472974
0.000527753
0.000594854
0.000669501
0.0007406
0.000794242
0.000846204
0.0010182
0.00170638
0.00351065
0.0087263
0.00214579
0.00125005
0.00099416
0.000794579
0.000590871
0.00046596
0.000425228
0.000421357
0.000424585
0.000426557
0.000425775
0.000423643
0.000420298
0.000415424
0.000408509
0.000399551
0.000388974
0.00037785
0.000367089
0.000357651
0.000350331
0.000345784
0.000344848
0.000346641
0.000351965
0.000362337
0.000377971
0.000400162
0.000430908
0.000472888
0.000528459
0.000597712
0.000675539
0.000749808
0.000802147
0.000843989
0.000988619
0.0016774
0.00360043
0.0089221
0.00196208
0.00124048
0.000993268
0.000813145
0.000618242
0.000482023
0.000427584
0.000417074
0.000418479
0.000421283
0.000420962
0.000419471
0.00041669
0.000412813
0.000407382
0.000400185
0.000391515
0.000382005
0.000372477
0.000363796
0.00035676
0.000352069
0.000350774
0.000352212
0.000356835
0.000366372
0.000381278
0.000402761
0.000432912
0.000474618
0.000530694
0.000601571
0.000682235
0.000759366
0.000809765
0.000841489
0.000961286
0.00164771
0.00371258
0.00911155
0.00173032
0.00121516
0.000992021
0.000830922
0.000649604
0.000505754
0.000434232
0.000415098
0.00041377
0.000415342
0.000415545
0.000414709
0.000412786
0.000409943
0.000406006
0.000400555
0.000393882
0.000386187
0.000378117
0.000370433
0.000363911
0.00035926
0.000357686
0.000358844
0.000362885
0.000371567
0.000385776
0.000406591
0.000436177
0.000477612
0.000534058
0.000606256
0.00068924
0.000768676
0.000815941
0.000837726
0.000932733
0.00160756
0.00382405
0.00929727
0.00146045
0.00116017
0.000986895
0.00085316
0.00068583
0.000536743
0.000448018
0.000416929
0.000408761
0.000409171
0.000409758
0.000409324
0.000408185
0.000406379
0.000403892
0.000400183
0.000395473
0.000389698
0.000383289
0.000376871
0.000371166
0.000366843
0.000365224
0.000366212
0.000369835
0.000377824
0.000391429
0.000411667
0.000440771
0.000481933
0.000538544
0.000611518
0.000696036
0.000776904
0.000818762
0.000831194
0.000901933
0.00156748
0.00394719
0.00948164
0.00116987
0.00107437
0.000975676
0.00086342
0.00072275
0.000576612
0.000472529
0.000423774
0.000409058
0.000403616
0.000403219
0.000403083
0.000402659
0.00040182
0.000400613
0.000398742
0.000395559
0.000391818
0.000387285
0.000382431
0.000377903
0.000374287
0.000373045
0.000374028
0.000377478
0.00038509
0.000398269
0.000418071
0.000446794
0.000487655
0.000544104
0.000617025
0.000701564
0.000781769
0.000819205
0.000820233
0.000866761
0.00151925
0.00406582
0.00966588
0.0008804
0.000953841
0.000946982
0.000884322
0.000754725
0.000618836
0.000506907
0.000439306
0.000412983
0.000403662
0.000398769
0.000396611
0.000395982
0.000395842
0.000395682
0.000395344
0.000394356
0.000392237
0.000389665
0.000386622
0.000383628
0.000381172
0.000380816
0.000382008
0.000385631
0.000393337
0.000406333
0.000425854
0.000454274
0.000494703
0.000550411
0.000621584
0.000704083
0.000783389
0.000811649
0.000801317
0.000827511
0.00147073
0.00418125
0.00985169
0.000619404
0.000814817
0.000894959
0.000876222
0.000796891
0.000665581
0.000550793
0.00046874
0.000425135
0.000407454
0.000399498
0.000394547
0.000391299
0.000389817
0.000389825
0.000390124
0.000390863
0.000390829
0.000390318
0.000389252
0.000388032
0.000387396
0.000387921
0.00038985
0.000394216
0.000402458
0.00041547
0.000434816
0.000462936
0.000502579
0.000556041
0.000623519
0.000704328
0.000779454
0.000795152
0.000773003
0.000781493
0.00141763
0.00427769
0.0100405
0.000411341
0.000663322
0.000837236
0.000854089
0.000815725
0.000715238
0.000602822
0.000513222
0.000452225
0.000420418
0.000405409
0.000397061
0.000391989
0.000388884
0.000387203
0.000387136
0.000387592
0.000388565
0.000389777
0.000390576
0.000391304
0.000392361
0.00039424
0.00039755
0.000403091
0.000411807
0.000424985
0.000444214
0.000471913
0.000508836
0.000558448
0.000622363
0.000696833
0.000762218
0.000765587
0.000732148
0.00072895
0.0013669
0.00436508
0.0102341
0.00026425
0.000517544
0.000755513
0.000820412
0.000809509
0.000760243
0.000659195
0.000568728
0.000498248
0.000449744
0.000423341
0.000407962
0.000398429
0.000392566
0.000389217
0.00038808
0.000388248
0.00038901
0.000390552
0.000392319
0.000394398
0.000396881
0.000400099
0.00040457
0.000411043
0.000420203
0.000433611
0.000452135
0.000477275
0.000511002
0.000557064
0.000612593
0.00067711
0.000726608
0.000720769
0.000675971
0.000673606
0.00132294
0.00442872
0.010433
0.000184923
0.000397604
0.000652859
0.000773494
0.000793474
0.000775568
0.000721934
0.000639451
0.00056822
0.000510856
0.000467311
0.000437873
0.000419483
0.000407535
0.000399867
0.000395531
0.000393573
0.000393576
0.000394258
0.000395934
0.000398396
0.000401402
0.000405254
0.000410283
0.000417088
0.000426227
0.000438728
0.000455255
0.000478063
0.000507232
0.000545575
0.000589122
0.000639159
0.000667752
0.000655187
0.000609352
0.000634426
0.00130252
0.00446462
0.0106426
0.00017607
0.000324463
0.00054549
0.000694719
0.000759819
0.000774742
0.000758375
0.000714814
0.000650618
0.000591318
0.000540485
0.000499763
0.000469736
0.00044796
0.000432153
0.000421065
0.000413575
0.000409345
0.000406937
0.000406589
0.000407203
0.000408736
0.00041152
0.000415576
0.000421311
0.000428975
0.000439419
0.000452691
0.000470079
0.00049134
0.000518705
0.000547224
0.000577033
0.000587641
0.000577378
0.000566335
0.000619261
0.00129904
0.00449299
0.0108828
0.000172243
0.000289122
0.000463758
0.00062225
0.000724158
0.000779144
0.000803362
0.000795842
0.000771738
0.000725608
0.000675366
0.000627776
0.000583094
0.000544748
0.000513301
0.000488317
0.000468688
0.00045416
0.000443416
0.000435896
0.00043084
0.000427607
0.00042619
0.000426618
0.00042816
0.000431386
0.000437061
0.000444559
0.000455591
0.000467957
0.000483238
0.000499277
0.000517098
0.000536416
0.000541943
0.000553953
0.000665636
0.00145747
0.00470184
0.0111878
0.000250661
0.000307726
0.000432141
0.000572323
0.000703459
0.000795289
0.000850388
0.000882223
0.000883118
0.000871194
0.000841815
0.000798476
0.000750769
0.000702684
0.000657483
0.000616192
0.00058055
0.000548686
0.000523345
0.000503624
0.000488083
0.000476012
0.0004669
0.000460056
0.000455788
0.000452671
0.000452142
0.00045299
0.000455733
0.000461385
0.000470933
0.000483782
0.000502761
0.000529146
0.000570289
0.000665398
0.000941607
0.0019529
0.00529731
0.0116389
0.000488186
0.000390746
0.00052532
0.000658563
0.000780979
0.000879698
0.000952945
0.000994967
0.001001
0.000994521
0.000976915
0.000944344
0.000906256
0.000866734
0.000828214
0.000793117
0.000761506
0.000734977
0.000710937
0.000691495
0.000675412
0.000664752
0.00065666
0.000655134
0.000657044
0.00066239
0.000673144
0.000691251
0.000714012
0.000746437
0.000785178
0.000842203
0.000919841
0.00103364
0.00119726
0.00145083
0.00193499
0.00320643
0.00641134
0.0123009
0.00135232
0.00167312
0.00222603
0.00247853
0.00259467
0.00264286
0.00265429
0.00263919
0.00260259
0.00255978
0.00252448
0.00249368
0.00246861
0.00245146
0.00244062
0.00244133
0.00244635
0.0024587
0.0024801
0.00250913
0.00254424
0.00258768
0.00263749
0.00269665
0.00276296
0.00284059
0.0029255
0.00302551
0.00313314
0.00326187
0.00339854
0.00356822
0.00373521
0.00399157
0.0042737
0.00470602
0.00522401
0.00646018
0.00872643
0.0134251
0.00913681
0.0141459
0.0170479
0.0181721
0.0185623
0.018553
0.0184382
0.0181771
0.0178362
0.0174806
0.0171334
0.0168069
0.0165056
0.0162306
0.0159804
0.0157536
0.0155476
0.0153601
0.0151896
0.0150345
0.0148935
0.0147656
0.0146499
0.014546
0.014453
0.0143711
0.0142993
0.0142382
0.0141869
0.014147
0.0141176
0.014103
0.0141052
0.0141137
0.0141347
0.0141829
0.0142964
0.0144556
0.0153127
0.0148735
)
;

boundaryField
{
    movingWall
    {
        type            kqRWallFunction;
        value           nonuniform List<scalar> 
40
(
0.00913681
0.0141459
0.0170479
0.0181721
0.0185623
0.018553
0.0184382
0.0181771
0.0178362
0.0174806
0.0171334
0.0168069
0.0165056
0.0162306
0.0159804
0.0157536
0.0155476
0.0153601
0.0151896
0.0150345
0.0148935
0.0147656
0.0146499
0.014546
0.014453
0.0143711
0.0142993
0.0142382
0.0141869
0.014147
0.0141176
0.014103
0.0141052
0.0141137
0.0141347
0.0141829
0.0142964
0.0144556
0.0153127
0.0148735
)
;
    }
    fixedWalls
    {
        type            kqRWallFunction;
        value           nonuniform List<scalar> 
120
(
8.54641e-05
0.000142442
0.000237074
0.000330488
0.000393252
0.000427436
0.000444188
0.000464658
0.00053745
0.000692555
0.000864401
0.00104148
0.00121737
0.00139024
0.00155843
0.00172314
0.00187963
0.00202442
0.00215407
0.00226318
0.00233852
0.00235482
0.00233435
0.00227276
0.00214579
0.00196208
0.00173032
0.00146045
0.00116987
0.0008804
0.000619404
0.000411341
0.00026425
0.000184923
0.00017607
0.000172243
0.000250661
0.000488186
0.00135232
0.00913681
0.000261384
0.000295434
0.000351148
0.000402013
0.000435243
0.000475127
0.00053405
0.00061932
0.000723263
0.00093326
0.00150114
0.00235059
0.00331824
0.00426126
0.00511001
0.00584715
0.00646965
0.00698619
0.00741185
0.00775933
0.0080477
0.00829713
0.00851993
0.0087263
0.0089221
0.00911155
0.00929727
0.00948164
0.00966588
0.00985169
0.0100405
0.0102341
0.010433
0.0106426
0.0108828
0.0111878
0.0116389
0.0123009
0.0134251
0.0148735
8.54641e-05
0.00010327
0.000134945
0.000165938
0.000189013
0.000203895
0.000218676
0.000235378
0.000253212
0.000283593
0.000370168
0.000619993
0.000985731
0.00144955
0.00194331
0.00240547
0.0028024
0.00311088
0.00331922
0.00342047
0.00345556
0.00344519
0.00334338
0.00320846
0.00303321
0.00284303
0.00263287
0.00241819
0.00220081
0.00198549
0.00175793
0.00150645
0.00124682
0.00107937
0.000985687
0.000919676
0.000837358
0.00068655
0.000452931
0.000261384
)
;
    }
    frontAndBack
    {
        type            empty;
    }
}


// ************************************************************************* //
