/*--------------------------------*- C++ -*----------------------------------*\
| =========                 |                                                 |
| \\      /  F ield         | OpenFOAM: The Open Source CFD Toolbox           |
|  \\    /   O peration     | Version:  2412                                  |
|   \\  /    A nd           | Website:  www.openfoam.com                      |
|    \\/     M anipulation  |                                                 |
\*---------------------------------------------------------------------------*/
FoamFile
{
    version     2.0;
    format      ascii;
    arch        "LSB;label=32;scalar=64";
    class       surfaceScalarField;
    location    "4";
    object      phi;
}
// * * * * * * * * * * * * * * * * * * * * * * * * * * * * * * * * * * * * * //

dimensions      [0 3 -1 0 0 0 0];

oriented        oriented;

internalField   nonuniform List<scalar> 
3120
(
5.60259e-08
-5.60282e-08
1.33597e-07
-7.75711e-08
1.94013e-07
-6.04162e-08
2.2287e-07
-2.88568e-08
2.27545e-07
-4.6753e-09
2.21474e-07
6.07068e-09
2.09019e-07
1.24544e-08
1.81118e-07
2.79014e-08
1.28333e-07
5.27851e-08
3.77912e-08
9.05416e-08
-1.09345e-07
1.47136e-07
-3.29776e-07
2.20431e-07
-6.39367e-07
3.09591e-07
-1.03122e-06
3.91854e-07
-1.47901e-06
4.47788e-07
-1.95331e-06
4.74301e-07
-2.42259e-06
4.69283e-07
-2.85646e-06
4.33862e-07
-3.2298e-06
3.73348e-07
-3.52633e-06
2.96522e-07
-3.73839e-06
2.12064e-07
-3.86459e-06
1.26201e-07
-3.90632e-06
4.17283e-08
-3.86346e-06
-4.2859e-08
-3.73264e-06
-1.30823e-07
-3.50901e-06
-2.23622e-07
-3.18835e-06
-3.20662e-07
-2.77079e-06
-4.17559e-07
-2.26442e-06
-5.06368e-07
-1.68867e-06
-5.75752e-07
-1.07754e-06
-6.11136e-07
-4.80848e-07
-5.96689e-07
4.14805e-08
-5.22328e-07
4.42558e-07
-4.01077e-07
6.76793e-07
-2.34236e-07
7.36795e-07
-6.00011e-08
6.27735e-07
1.0906e-07
4.08064e-07
2.1967e-07
1.72944e-07
2.3512e-07
1.72944e-07
9.02605e-08
-1.46289e-07
1.95691e-07
-1.83002e-07
2.6585e-07
-1.30575e-07
2.87418e-07
-5.04255e-08
2.64684e-07
1.80593e-08
2.04079e-07
6.66753e-08
1.04e-07
1.12533e-07
-5.59782e-08
1.8788e-07
-2.99839e-07
2.96646e-07
-6.46037e-07
4.36739e-07
-1.09574e-06
5.96839e-07
-1.62846e-06
7.53149e-07
-2.20175e-06
8.82885e-07
-2.77224e-06
9.62344e-07
-3.30864e-06
9.84191e-07
-3.7842e-06
9.4986e-07
-4.1832e-06
8.6828e-07
-4.50244e-06
7.53105e-07
-4.74733e-06
6.18238e-07
-4.92457e-06
4.73759e-07
-5.03908e-06
3.26571e-07
-5.09171e-06
1.78835e-07
-5.07639e-06
2.64058e-08
-4.98909e-06
-1.30155e-07
-4.82314e-06
-2.96775e-07
-4.57422e-06
-4.72539e-07
-4.23763e-06
-6.57257e-07
-3.80999e-06
-8.45196e-07
-3.2926e-06
-1.02377e-06
-2.69603e-06
-1.17232e-06
-2.04481e-06
-1.26236e-06
-1.3787e-06
-1.26279e-06
-7.49147e-07
-1.15188e-06
-2.18594e-07
-9.3163e-07
1.7403e-07
-6.2686e-07
3.98284e-07
-2.84255e-07
4.6077e-07
4.65738e-08
3.69547e-07
3.10893e-07
1.8004e-07
4.24627e-07
3.52984e-07
1.04665e-07
-2.50954e-07
1.9027e-07
-2.68607e-07
2.21608e-07
-1.61913e-07
1.93893e-07
-2.27103e-08
1.06727e-07
1.05225e-07
-5.06346e-08
2.24037e-07
-2.99086e-07
3.60985e-07
-6.49914e-07
5.38708e-07
-1.10798e-06
7.54711e-07
-1.65789e-06
9.8665e-07
-2.26406e-06
1.20301e-06
-2.87966e-06
1.36874e-06
-3.45633e-06
1.45956e-06
-3.96369e-06
1.46971e-06
-4.38812e-06
1.40862e-06
-4.7296e-06
1.29134e-06
-4.99797e-06
1.13665e-06
-5.2059e-06
9.61035e-07
-5.36379e-06
7.76128e-07
-5.47834e-06
5.88304e-07
-5.55066e-06
3.9889e-07
-5.57861e-06
2.06784e-07
-5.55996e-06
7.75624e-09
-5.49423e-06
-1.95881e-07
-5.37369e-06
-4.17317e-07
-5.18814e-06
-6.58092e-07
-4.92856e-06
-9.16828e-07
-4.58574e-06
-1.18802e-06
-4.15127e-06
-1.45824e-06
-3.62208e-06
-1.70151e-06
-3.00538e-06
-1.87905e-06
-2.3252e-06
-1.94297e-06
-1.62743e-06
-1.84966e-06
-9.79427e-07
-1.57963e-06
-4.48396e-07
-1.15789e-06
-7.7331e-08
-6.5532e-07
1.27094e-07
-1.57851e-07
1.68072e-07
2.69915e-07
9.59193e-08
4.9678e-07
4.48904e-07
8.99303e-08
-3.40884e-07
1.2401e-07
-3.02687e-07
8.27636e-08
-1.20666e-07
-2.72202e-08
8.72735e-08
-2.14378e-07
2.92383e-07
-4.98481e-07
5.0814e-07
-8.93607e-07
7.56111e-07
-1.39696e-06
1.04206e-06
-1.98534e-06
1.34309e-06
-2.61239e-06
1.61369e-06
-3.22104e-06
1.81166e-06
-3.76558e-06
1.91328e-06
-4.22233e-06
1.91631e-06
-4.58794e-06
1.83532e-06
-4.87046e-06
1.69114e-06
-5.08608e-06
1.50696e-06
-5.25066e-06
1.30123e-06
-5.37626e-06
1.08664e-06
-5.47026e-06
8.7012e-07
-5.53703e-06
6.55082e-07
-5.5801e-06
4.41952e-07
-5.60061e-06
2.273e-07
-5.59211e-06
-7.48511e-10
-5.55901e-06
-2.2898e-07
-5.49643e-06
-4.79891e-07
-5.39919e-06
-7.5534e-07
-5.25668e-06
-1.05934e-06
-5.05245e-06
-1.39225e-06
-4.76641e-06
-1.74428e-06
-4.37782e-06
-2.0901e-06
-3.87184e-06
-2.38503e-06
-3.24779e-06
-2.56703e-06
-2.53044e-06
-2.56701e-06
-1.77976e-06
-2.33031e-06
-1.08726e-06
-1.85039e-06
-5.42902e-07
-1.19968e-06
-1.90242e-07
-5.10511e-07
-1.39915e-08
9.36649e-08
1.95947e-08
4.63194e-07
4.68498e-07
4.37338e-08
-3.84618e-07
-1.7204e-09
-2.57233e-07
-1.25241e-07
2.85442e-09
-3.25365e-07
2.87397e-07
-6.1918e-07
5.86198e-07
-1.02158e-06
9.10542e-07
-1.53227e-06
1.2668e-06
-2.12285e-06
1.63264e-06
-2.73865e-06
1.95889e-06
-3.32085e-06
2.19589e-06
-3.82485e-06
2.31566e-06
-4.22972e-06
2.31815e-06
-4.53551e-06
2.2221e-06
-4.75553e-06
2.05535e-06
-4.90881e-06
1.84442e-06
-5.01307e-06
1.61122e-06
-5.08143e-06
1.3696e-06
-5.12311e-06
1.12831e-06
-5.14468e-06
8.91697e-07
-5.15068e-06
6.61077e-07
-5.14354e-06
4.34813e-07
-5.12671e-06
2.10472e-07
-5.11129e-06
-1.61693e-08
-5.09157e-06
-2.48697e-07
-5.07258e-06
-4.98881e-07
-5.05298e-06
-7.74946e-07
-5.0258e-06
-1.08651e-06
-4.97716e-06
-1.44088e-06
-4.88309e-06
-1.83835e-06
-4.70849e-06
-2.2647e-06
-4.41175e-06
-2.68177e-06
-3.9573e-06
-3.02147e-06
-3.33354e-06
-3.19076e-06
-2.56969e-06
-3.09416e-06
-1.75013e-06
-2.66995e-06
-1.00723e-06
-1.94258e-06
-4.60972e-07
-1.05677e-06
-1.41745e-07
-2.25563e-07
-1.65729e-08
3.38022e-07
4.51925e-07
-2.99867e-08
-3.54631e-07
-1.58069e-07
-1.2915e-07
-3.64319e-07
2.09105e-07
-6.55951e-07
5.79029e-07
-1.04714e-06
9.77381e-07
-1.54047e-06
1.40387e-06
-2.10985e-06
1.83618e-06
-2.70084e-06
2.22363e-06
-3.25227e-06
2.51033e-06
-3.71771e-06
2.66133e-06
-4.07559e-06
2.67354e-06
-4.32668e-06
2.56924e-06
-4.48701e-06
2.38243e-06
-4.57737e-06
2.14571e-06
-4.61759e-06
1.88463e-06
-4.62263e-06
1.61626e-06
-4.60391e-06
1.35088e-06
-4.57015e-06
1.09455e-06
-4.52822e-06
8.4976e-07
-4.48358e-06
6.16445e-07
-4.44125e-06
3.92476e-07
-4.40476e-06
1.73982e-07
-4.37652e-06
-4.44087e-08
-4.35615e-06
-2.69066e-07
-4.34883e-06
-5.06199e-07
-4.35922e-06
-7.64554e-07
-4.39017e-06
-1.05556e-06
-4.43947e-06
-1.39159e-06
-4.4941e-06
-1.78372e-06
-4.52338e-06
-2.23542e-06
-4.47499e-06
-2.73017e-06
-4.28068e-06
-3.21578e-06
-3.87754e-06
-3.5939e-06
-3.2411e-06
-3.73061e-06
-2.41352e-06
-3.49753e-06
-1.52152e-06
-2.83459e-06
-7.53416e-07
-1.82487e-06
-2.50435e-07
-7.28543e-07
-3.22099e-08
1.19796e-07
4.19715e-07
-1.12524e-07
-2.42107e-07
-3.24841e-07
8.31661e-08
-6.09574e-07
4.93838e-07
-9.8045e-07
9.49905e-07
-1.44437e-06
1.4413e-06
-1.98113e-06
1.94064e-06
-2.54123e-06
2.39629e-06
-3.06426e-06
2.74666e-06
-3.50058e-06
2.94664e-06
-3.82363e-06
2.98438e-06
-4.03313e-06
2.88304e-06
-4.14648e-06
2.6826e-06
-4.18772e-06
2.42366e-06
-4.17927e-06
2.13726e-06
-4.1394e-06
1.84476e-06
-4.08217e-06
1.55903e-06
-4.01832e-06
1.28703e-06
-3.95512e-06
1.03135e-06
-3.89671e-06
7.91351e-07
-3.8446e-06
5.64334e-07
-3.79839e-06
3.46261e-07
-3.75685e-06
1.32449e-07
-3.71963e-06
-8.16312e-08
-3.68851e-06
-3.00184e-07
-3.66756e-06
-5.27158e-07
-3.6635e-06
-7.68606e-07
-3.68598e-06
-1.03308e-06
-3.74498e-06
-1.3326e-06
-3.84546e-06
-1.68323e-06
-3.97817e-06
-2.10271e-06
-4.10741e-06
-2.60093e-06
-4.16244e-06
-3.16075e-06
-4.04435e-06
-3.71199e-06
-3.66007e-06
-4.11489e-06
-2.97688e-06
-4.18071e-06
-2.06826e-06
-3.74321e-06
-1.12859e-06
-2.76455e-06
-4.10877e-07
-1.44626e-06
-5.64117e-08
-2.34668e-07
3.63304e-07
-1.95295e-07
-4.68125e-08
-4.78913e-07
3.66784e-07
-8.3079e-07
8.45715e-07
-1.26205e-06
1.38117e-06
-1.76174e-06
1.94098e-06
-2.28935e-06
2.46824e-06
-2.78877e-06
2.89571e-06
-3.20765e-06
3.16554e-06
-3.51259e-06
3.25158e-06
-3.69864e-06
3.17043e-06
-3.78368e-06
2.96808e-06
-3.79464e-06
2.69355e-06
-3.75754e-06
2.38656e-06
-3.69411e-06
2.07383e-06
-3.62099e-06
1.77164e-06
-3.54989e-06
1.48794e-06
-3.48755e-06
1.22469e-06
-3.43611e-06
9.79911e-07
-3.39423e-06
7.49472e-07
-3.35856e-06
5.28665e-07
-3.32519e-06
3.12886e-07
-3.29107e-06
9.83289e-08
-3.25492e-06
-1.17774e-07
-3.21743e-06
-3.37674e-07
-3.1809e-06
-5.63691e-07
-3.15069e-06
-7.98819e-07
-3.1364e-06
-1.04738e-06
-3.15207e-06
-1.31693e-06
-3.21451e-06
-1.62079e-06
-3.33711e-06
-1.9801e-06
-3.51617e-06
-2.42187e-06
-3.71116e-06
-2.96577e-06
-3.82994e-06
-3.59321e-06
-3.73952e-06
-4.20531e-06
-3.31993e-06
-4.60029e-06
-2.54715e-06
-4.51599e-06
-1.5556e-06
-3.7561e-06
-6.40311e-07
-2.36155e-06
-1.08156e-07
-7.66823e-07
2.55148e-07
-2.62441e-07
2.15629e-07
-6.05305e-07
7.09648e-07
-1.00801e-06
1.24842e-06
-1.47061e-06
1.84378e-06
-1.9654e-06
2.43577e-06
-2.44515e-06
2.94799e-06
-2.85735e-06
3.30791e-06
-3.16144e-06
3.46963e-06
-3.34381e-06
3.43396e-06
-3.41998e-06
3.2466e-06
-3.41884e-06
2.96694e-06
-3.37004e-06
2.64475e-06
-3.29851e-06
2.31503e-06
-3.2232e-06
1.99852e-06
-3.15645e-06
1.70489e-06
-3.10421e-06
1.43569e-06
-3.06695e-06
1.18743e-06
-3.04147e-06
9.54433e-07
-3.02289e-06
7.30893e-07
-3.00617e-06
5.11951e-07
-2.98721e-06
2.93925e-07
-2.96333e-06
7.44474e-08
-2.93317e-06
-1.47934e-07
-2.89647e-06
-3.74372e-07
-2.85423e-06
-6.0593e-07
-2.80946e-06
-8.43589e-07
-2.76807e-06
-1.08877e-06
-2.74033e-06
-1.34467e-06
-2.74262e-06
-1.6185e-06
-2.79726e-06
-1.92546e-06
-2.92575e-06
-2.29338e-06
-3.12968e-06
-2.76183e-06
-3.36077e-06
-3.36212e-06
-3.49913e-06
-4.06694e-06
-3.37487e-06
-4.72455e-06
-2.85418e-06
-5.03668e-06
-1.95805e-06
-4.65223e-06
-9.34083e-07
-3.38552e-06
-2.00249e-07
-1.50066e-06
5.48988e-08
-3.13469e-07
5.29098e-07
-6.96223e-07
1.0924e-06
-1.12573e-06
1.67792e-06
-1.58737e-06
2.30541e-06
-2.04758e-06
2.89598e-06
-2.45904e-06
3.35945e-06
-2.77607e-06
3.62494e-06
-2.97349e-06
3.66705e-06
-3.05924e-06
3.51971e-06
-3.06213e-06
3.24949e-06
-3.0145e-06
2.91931e-06
-2.94456e-06
2.5748e-06
-2.87344e-06
2.24392e-06
-2.81447e-06
1.93955e-06
-2.77323e-06
1.66366e-06
-2.74928e-06
1.41174e-06
-2.73842e-06
1.17656e-06
-2.7351e-06
9.51112e-07
-2.73401e-06
7.29802e-07
-2.73081e-06
5.08755e-07
-2.72242e-06
2.85534e-07
-2.70686e-06
5.88928e-08
-2.68298e-06
-1.71815e-07
-2.65032e-06
-4.07036e-07
-2.60928e-06
-6.46972e-07
-2.56135e-06
-8.91512e-07
-2.50953e-06
-1.1406e-06
-2.45934e-06
-1.39485e-06
-2.42095e-06
-1.65689e-06
-2.41204e-06
-1.93436e-06
-2.45937e-06
-2.24605e-06
-2.59139e-06
-2.62981e-06
-2.81167e-06
-3.14185e-06
-3.0554e-06
-3.82321e-06
-3.16384e-06
-4.61612e-06
-2.93208e-06
-5.26844e-06
-2.24658e-06
-5.33773e-06
-1.23597e-06
-4.39612e-06
-3.19917e-07
-2.41671e-06
-2.65019e-07
-3.41703e-07
8.70801e-07
-7.44699e-07
1.4954e-06
-1.17561e-06
2.10883e-06
-1.61263e-06
2.74243e-06
-2.0213e-06
3.30466e-06
-2.35701e-06
3.69516e-06
-2.58396e-06
3.85188e-06
-2.69623e-06
3.77932e-06
-2.71765e-06
3.54113e-06
-2.68194e-06
3.21378e-06
-2.62009e-06
2.85746e-06
-2.55596e-06
2.51067e-06
-2.50449e-06
2.19245e-06
-2.47197e-06
1.90702e-06
-2.45785e-06
1.64954e-06
-2.45769e-06
1.41158e-06
-2.46576e-06
1.18464e-06
-2.47676e-06
9.62108e-07
-2.48641e-06
7.39451e-07
-2.49156e-06
5.13908e-07
-2.49004e-06
2.84018e-07
-2.48041e-06
4.9259e-08
-2.46177e-06
-1.90458e-07
-2.43376e-06
-4.35041e-07
-2.39662e-06
-6.84112e-07
-2.35113e-06
-9.37002e-07
-2.29874e-06
-1.19299e-06
-2.24207e-06
-1.45153e-06
-2.18613e-06
-1.71283e-06
-2.14093e-06
-1.97956e-06
-2.12577e-06
-2.26122e-06
-2.17214e-06
-2.58344e-06
-2.31401e-06
-2.99998e-06
-2.54878e-06
-3.58843e-06
-2.77804e-06
-4.38686e-06
-2.7914e-06
-5.25508e-06
-2.36912e-06
-5.76001e-06
-1.48535e-06
-5.2799e-06
-4.71045e-07
-3.43101e-06
-7.36064e-07
-3.48041e-07
1.21884e-06
-7.49851e-07
1.89721e-06
-1.16132e-06
2.5203e-06
-1.55854e-06
3.13966e-06
-1.90807e-06
3.65419e-06
-2.17023e-06
3.95732e-06
-2.3222e-06
4.00385e-06
-2.37557e-06
3.83269e-06
-2.36186e-06
3.52742e-06
-2.31409e-06
3.16601e-06
-2.25893e-06
2.8023e-06
-2.21399e-06
2.46573e-06
-2.18731e-06
2.16577e-06
-2.17929e-06
1.899e-06
-2.18586e-06
1.65612e-06
-2.20148e-06
1.42719e-06
-2.22094e-06
1.20409e-06
-2.24006e-06
9.81228e-07
-2.25573e-06
7.55123e-07
-2.26572e-06
5.23894e-07
-2.26846e-06
2.8676e-07
-2.26289e-06
4.36885e-08
-2.24838e-06
-2.04963e-07
-2.22473e-06
-4.58689e-07
-2.19212e-06
-7.16726e-07
-2.15103e-06
-9.78095e-07
-2.10224e-06
-1.24177e-06
-2.04702e-06
-1.50675e-06
-1.98759e-06
-1.77226e-06
-1.92859e-06
-2.03856e-06
-1.88043e-06
-2.30938e-06
-1.86528e-06
-2.59859e-06
-1.92076e-06
-2.9445e-06
-2.08295e-06
-3.42625e-06
-2.32661e-06
-4.14319e-06
-2.49394e-06
-5.08775e-06
-2.321e-06
-5.93294e-06
-1.6364e-06
-5.9645e-06
-6.33568e-07
-4.43385e-06
-1.36963e-06
-3.34478e-07
1.55332e-06
-7.16591e-07
2.27932e-06
-1.09438e-06
2.89808e-06
-1.44326e-06
3.48854e-06
-1.7326e-06
3.94354e-06
-1.92949e-06
4.1542e-06
-2.02589e-06
4.10025e-06
-2.04427e-06
3.85107e-06
-2.01731e-06
3.50047e-06
-1.97414e-06
3.12284e-06
-1.93556e-06
2.76372e-06
-1.91255e-06
2.44273e-06
-1.90748e-06
2.1607e-06
-1.91736e-06
1.90887e-06
-1.93711e-06
1.67587e-06
-1.96174e-06
1.45182e-06
-1.98718e-06
1.22954e-06
-2.01037e-06
1.00442e-06
-2.02905e-06
7.73806e-07
-2.04161e-06
5.36449e-07
-2.04691e-06
2.92061e-07
-2.0442e-06
4.09748e-08
-2.03307e-06
-2.16091e-07
-2.01343e-06
-4.78329e-07
-1.98543e-06
-7.44719e-07
-1.94941e-06
-1.01412e-06
-1.90581e-06
-1.28538e-06
-1.85526e-06
-1.5573e-06
-1.79873e-06
-1.82879e-06
-1.73818e-06
-2.09911e-06
-1.67834e-06
-2.36922e-06
-1.63134e-06
-2.64559e-06
-1.62458e-06
-2.95126e-06
-1.70272e-06
-3.34811e-06
-1.89345e-06
-3.95247e-06
-2.11822e-06
-4.86298e-06
-2.13551e-06
-5.91565e-06
-1.67313e-06
-6.42687e-06
-7.54044e-07
-5.35294e-06
-2.12368e-06
-3.04661e-07
1.85798e-06
-6.53034e-07
2.62769e-06
-9.87867e-07
3.23292e-06
-1.28491e-06
3.78558e-06
-1.51754e-06
4.17616e-06
-1.66131e-06
4.29797e-06
-1.72049e-06
4.15943e-06
-1.72188e-06
3.85245e-06
-1.69541e-06
3.474e-06
-1.66478e-06
3.09221e-06
-1.64464e-06
2.74358e-06
-1.64037e-06
2.43845e-06
-1.65081e-06
2.17115e-06
-1.6718e-06
1.92986e-06
-1.6987e-06
1.70278e-06
-1.72759e-06
1.48071e-06
-1.75546e-06
1.25741e-06
-1.78008e-06
1.02904e-06
-1.79982e-06
7.93541e-07
-1.81348e-06
5.50114e-07
-1.82028e-06
2.98856e-07
-1.8197e-06
4.03953e-08
-1.81152e-06
-2.24273e-07
-1.79572e-06
-4.94127e-07
-1.77245e-06
-7.67992e-07
-1.74191e-06
-1.04466e-06
-1.70433e-06
-1.32295e-06
-1.65999e-06
-1.60165e-06
-1.60924e-06
-1.87954e-06
-1.55278e-06
-2.15558e-06
-1.49248e-06
-2.42951e-06
-1.43407e-06
-2.704e-06
-1.39363e-06
-2.9917e-06
-1.40721e-06
-3.33453e-06
-1.52338e-06
-3.83629e-06
-1.73389e-06
-4.65247e-06
-1.86415e-06
-5.7854e-06
-1.60511e-06
-6.68591e-06
-8.20754e-07
-6.13729e-06
-2.94443e-06
-2.62984e-07
2.12097e-06
-5.67882e-07
2.93259e-06
-8.54562e-07
3.5196e-06
-1.09978e-06
4.0308e-06
-1.28164e-06
4.35803e-06
-1.38492e-06
4.40125e-06
-1.42138e-06
4.19589e-06
-1.41749e-06
3.84856e-06
-1.39843e-06
3.45494e-06
-1.38215e-06
3.07593e-06
-1.37782e-06
2.73925e-06
-1.38698e-06
2.44762e-06
-1.40692e-06
2.19109e-06
-1.43362e-06
1.95655e-06
-1.46337e-06
1.73253e-06
-1.49328e-06
1.51062e-06
-1.52119e-06
1.28532e-06
-1.54548e-06
1.05333e-06
-1.56496e-06
8.13021e-07
-1.57879e-06
5.63943e-07
-1.58643e-06
3.06496e-07
-1.58759e-06
4.15521e-08
-1.58216e-06
-2.29697e-07
-1.57021e-06
-5.06083e-07
-1.55184e-06
-7.86359e-07
-1.52717e-06
-1.06933e-06
-1.49627e-06
-1.35385e-06
-1.45914e-06
-1.63878e-06
-1.41574e-06
-1.92293e-06
-1.36617e-06
-2.20515e-06
-1.31101e-06
-2.48468e-06
-1.25263e-06
-2.76238e-06
-1.19932e-06
-3.04502e-06
-1.17463e-06
-3.35921e-06
-1.22521e-06
-3.78572e-06
-1.38526e-06
-4.49242e-06
-1.55922e-06
-5.61144e-06
-1.45914e-06
-6.78598e-06
-8.3437e-07
-6.76207e-06
-3.7788e-06
-2.13493e-07
2.33446e-06
-4.6875e-07
3.18785e-06
-7.05096e-07
3.75594e-06
-9.00884e-07
4.22659e-06
-1.03883e-06
4.49598e-06
-1.11234e-06
4.47476e-06
-1.13609e-06
4.21965e-06
-1.13336e-06
3.84582e-06
-1.12386e-06
3.44544e-06
-1.1202e-06
3.07227e-06
-1.12737e-06
2.74641e-06
-1.14474e-06
2.46499e-06
-1.1693e-06
2.21565e-06
-1.19775e-06
1.985e-06
-1.22735e-06
1.76213e-06
-1.25606e-06
1.53933e-06
-1.28234e-06
1.31161e-06
-1.30507e-06
1.07606e-06
-1.32341e-06
8.31359e-07
-1.3368e-06
5.77333e-07
-1.34492e-06
3.14617e-07
-1.34764e-06
4.4272e-08
-1.34496e-06
-2.32377e-07
-1.33697e-06
-5.14076e-07
-1.32376e-06
-7.99565e-07
-1.30537e-06
-1.08771e-06
-1.28173e-06
-1.37749e-06
-1.25264e-06
-1.66788e-06
-1.21778e-06
-1.95779e-06
-1.17684e-06
-2.24609e-06
-1.12973e-06
-2.5318e-06
-1.07721e-06
-2.8149e-06
-1.02318e-06
-3.09904e-06
-9.8146e-07
-3.40094e-06
-9.87819e-07
-3.77936e-06
-1.09171e-06
-4.38853e-06
-1.26258e-06
-5.44057e-06
-1.26831e-06
-6.78024e-06
-8.06371e-07
-7.22401e-06
-4.58517e-06
-1.59399e-07
2.49386e-06
-3.6174e-07
3.39019e-06
-5.47539e-07
3.94174e-06
-6.97573e-07
4.37662e-06
-7.97973e-07
4.59638e-06
-8.49782e-07
4.52657e-06
-8.66891e-07
4.23676e-06
-8.67972e-07
3.8469e-06
-8.67356e-07
3.44483e-06
-8.73149e-07
3.07807e-06
-8.87447e-07
2.76071e-06
-9.08708e-07
2.48625e-06
-9.34265e-07
2.24121e-06
-9.6165e-07
2.01238e-06
-9.8898e-07
1.78946e-06
-1.01489e-06
1.56523e-06
-1.03836e-06
1.33508e-06
-1.05866e-06
1.09636e-06
-1.07527e-06
8.47964e-07
-1.08785e-06
5.89922e-07
-1.09628e-06
3.23045e-07
-1.10054e-06
4.85309e-08
-1.1007e-06
-2.3222e-07
-1.09686e-06
-5.17912e-07
-1.0891e-06
-8.07325e-07
-1.07739e-06
-1.09943e-06
-1.06154e-06
-1.39334e-06
-1.04119e-06
-1.68823e-06
-1.01581e-06
-1.98316e-06
-9.84812e-07
-2.27709e-06
-9.47676e-07
-2.56893e-06
-9.04403e-07
-2.85817e-06
-8.56704e-07
-3.14674e-06
-8.12138e-07
-3.4455e-06
-7.9498e-07
-3.79651e-06
-8.53343e-07
-4.33017e-06
-9.98978e-07
-5.29494e-06
-1.06301e-06
-6.71621e-06
-7.50548e-07
-7.53648e-06
-5.33572e-06
-1.0327e-07
2.59713e-06
-2.51284e-07
3.5382e-06
-3.88388e-07
4.07885e-06
-4.95457e-07
4.48369e-06
-5.63492e-07
4.66441e-06
-5.99234e-07
4.56231e-06
-6.12943e-07
4.25046e-06
-6.18207e-07
3.85217e-06
-6.24499e-07
3.45112e-06
-6.36356e-07
3.08992e-06
-6.54095e-07
2.77845e-06
-6.75974e-07
2.50813e-06
-6.99918e-07
2.26515e-06
-7.24255e-07
2.03672e-06
-7.4781e-07
1.81301e-06
-7.69777e-07
1.5872e-06
-7.89591e-07
1.35489e-06
-8.06861e-07
1.11363e-06
-8.21344e-07
8.62446e-07
-8.32925e-07
6.01503e-07
-8.41606e-07
3.31726e-07
-8.47464e-07
5.43889e-08
-8.5061e-07
-2.29073e-07
-8.51154e-07
-5.17368e-07
-8.49132e-07
-8.09347e-07
-8.44454e-07
-1.10411e-06
-8.36852e-07
-1.40094e-06
-8.25846e-07
-1.69923e-06
-8.10753e-07
-1.99825e-06
-7.90753e-07
-2.29709e-06
-7.65041e-07
-2.59464e-06
-7.33146e-07
-2.89006e-06
-6.95702e-07
-3.18418e-06
-6.56868e-07
-3.48434e-06
-6.32231e-07
-3.82115e-06
-6.61466e-07
-4.30093e-06
-7.78163e-07
-5.17824e-06
-8.648e-07
-6.62957e-06
-6.76199e-07
-7.72508e-06
-6.01192e-06
-4.65197e-08
2.64365e-06
-1.40271e-07
3.63195e-06
-2.31045e-07
4.16962e-06
-2.97542e-07
4.55019e-06
-3.37855e-07
4.70473e-06
-3.60339e-07
4.58479e-06
-3.71823e-07
4.26195e-06
-3.80435e-07
3.86078e-06
-3.91363e-07
3.46205e-06
-4.06379e-07
3.10494e-06
-4.24772e-07
2.79684e-06
-4.44953e-07
2.52831e-06
-4.65486e-07
2.28569e-06
-4.85399e-07
2.05663e-06
-5.04123e-07
1.83174e-06
-5.21342e-07
1.60442e-06
-5.36895e-07
1.37045e-06
-5.50718e-07
1.12745e-06
-5.62823e-07
8.74551e-07
-5.73283e-07
6.11963e-07
-5.82216e-07
3.40658e-07
-5.89764e-07
6.19369e-08
-5.96057e-07
-2.22779e-07
-6.01196e-07
-5.12229e-07
-6.05177e-07
-8.05366e-07
-6.07856e-07
-1.10143e-06
-6.08895e-07
-1.3999e-06
-6.07729e-07
-1.7004e-06
-6.0356e-07
-2.00242e-06
-5.95419e-07
-2.30523e-06
-5.82294e-07
-2.60777e-06
-5.63403e-07
-2.90896e-06
-5.38808e-07
-3.20877e-06
-5.10997e-07
-3.51215e-06
-4.90137e-07
-3.84201e-06
-5.05948e-07
-4.28512e-06
-5.99467e-07
-5.08472e-06
-6.88828e-07
-6.54021e-06
-5.87938e-07
-7.82597e-06
-6.59986e-06
1.04981e-08
2.63315e-06
-3.07887e-08
3.67324e-06
-7.68959e-08
4.21573e-06
-1.06044e-07
4.57933e-06
-1.21651e-07
4.72033e-06
-1.31704e-07
4.59485e-06
-1.40669e-07
4.27091e-06
-1.51162e-07
3.87127e-06
-1.64673e-07
3.47556e-06
-1.80709e-07
3.12098e-06
-1.97876e-07
2.81401e-06
-2.14859e-07
2.5453e-06
-2.30827e-07
2.30165e-06
-2.45424e-07
2.07123e-06
-2.58616e-07
1.84493e-06
-2.70543e-07
1.61635e-06
-2.81423e-07
1.38133e-06
-2.91509e-07
1.13754e-06
-3.01056e-07
8.84098e-07
-3.10313e-07
6.2122e-07
-3.19501e-07
3.49847e-07
-3.28815e-07
7.12511e-08
-3.38386e-07
-2.13209e-07
-3.48289e-07
-5.02325e-07
-3.58483e-07
-7.95172e-07
-3.68772e-07
-1.09114e-06
-3.78766e-07
-1.38991e-06
-3.87836e-07
-1.69133e-06
-3.9511e-07
-1.99515e-06
-3.99521e-07
-2.30082e-06
-3.99919e-07
-2.60737e-06
-3.95299e-07
-2.91358e-06
-3.85307e-07
-3.21877e-06
-3.71566e-07
-3.52589e-06
-3.61469e-07
-3.85211e-06
-3.76785e-07
-4.26981e-06
-4.5672e-07
-5.00478e-06
-5.45667e-07
-6.45126e-06
-4.91476e-07
-7.88016e-06
-7.09133e-06
6.48968e-08
2.56825e-06
7.66034e-08
3.66153e-06
7.30893e-08
4.21924e-06
7.82177e-08
4.57421e-06
8.66231e-08
4.71193e-06
8.89969e-08
4.59247e-06
8.3269e-08
4.27664e-06
7.23702e-08
3.88217e-06
5.79492e-08
3.48998e-06
4.23968e-08
3.13653e-06
2.76371e-08
2.82876e-06
1.47215e-08
2.55821e-06
3.95834e-09
2.31242e-06
-4.83681e-09
2.08003e-06
-1.21168e-08
1.85221e-06
-1.84466e-08
1.62268e-06
-2.44128e-08
1.38729e-06
-3.05738e-08
1.1437e-06
-3.74291e-08
8.90953e-07
-4.53969e-08
6.29188e-07
-5.47984e-08
3.59248e-07
-6.58814e-08
8.23341e-08
-7.87776e-08
-2.00313e-07
-9.35333e-08
-4.87569e-07
-1.10065e-07
-7.78641e-07
-1.28128e-07
-1.07308e-06
-1.47291e-07
-1.37075e-06
-1.66891e-07
-1.67173e-06
-1.86013e-07
-1.97603e-06
-2.03535e-07
-2.2833e-06
-2.18225e-07
-2.59268e-06
-2.28954e-07
-2.90285e-06
-2.35065e-07
-3.21266e-06
-2.37539e-07
-3.52342e-06
-2.41995e-07
-3.84765e-06
-2.65309e-07
-4.24649e-06
-3.41468e-07
-4.92863e-06
-4.35781e-07
-6.35695e-06
-4.00677e-07
-7.91526e-06
-7.49201e-06
1.18588e-07
2.44966e-06
1.81288e-07
3.59883e-06
2.1836e-07
4.18217e-06
2.55784e-07
4.53678e-06
2.87985e-07
4.67973e-06
3.03647e-07
4.57681e-06
3.02508e-07
4.27778e-06
2.92365e-07
3.89231e-06
2.7825e-07
3.5041e-06
2.64145e-07
3.15063e-06
2.5245e-07
2.84046e-06
2.44021e-07
2.56664e-06
2.38729e-07
2.31771e-06
2.35914e-07
2.08284e-06
2.34679e-07
1.85345e-06
2.34057e-07
1.6233e-06
2.33108e-07
1.38824e-06
2.3097e-07
1.14584e-06
2.26902e-07
8.95021e-07
2.20311e-07
6.35779e-07
2.10767e-07
3.68793e-07
1.9797e-07
9.51305e-08
1.81782e-07
-1.84124e-07
1.62187e-07
-4.67975e-07
1.39305e-07
-7.55759e-07
1.13419e-07
-1.04719e-06
8.49881e-08
-1.34232e-06
5.469e-08
-1.64143e-06
2.34609e-08
-1.9448e-06
-7.56808e-09
-2.25227e-06
-3.71763e-08
-2.56307e-06
-6.41154e-08
-2.87591e-06
-8.75184e-08
-3.18925e-06
-1.07811e-07
-3.50312e-06
-1.29282e-07
-3.82618e-06
-1.6563e-07
-4.21014e-06
-2.45579e-07
-4.84868e-06
-3.51228e-07
-6.2513e-06
-3.27081e-07
-7.93941e-06
-7.81909e-06
1.70135e-07
2.27953e-06
2.82359e-07
3.48661e-06
3.58501e-07
4.10603e-06
4.26635e-07
4.46865e-06
4.82117e-07
4.62424e-06
5.12781e-07
4.54615e-06
5.1886e-07
4.2717e-06
5.10844e-07
3.90033e-06
4.97919e-07
3.51702e-06
4.85765e-07
3.16279e-06
4.77317e-07
2.84891e-06
4.7336e-07
2.5706e-06
4.73428e-07
2.31764e-06
4.76455e-07
2.07981e-06
4.81142e-07
1.84876e-06
4.86146e-07
1.61829e-06
4.9018e-07
1.38421e-06
4.92085e-07
1.14393e-06
4.9088e-07
8.96227e-07
4.85789e-07
6.40869e-07
4.76257e-07
3.78325e-07
4.61917e-07
1.0947e-07
4.42596e-07
-1.64803e-07
4.18298e-07
-4.43676e-07
3.89171e-07
-7.26632e-07
3.55521e-07
-1.01354e-06
3.17824e-07
-1.30462e-06
2.7676e-07
-1.60037e-06
2.33245e-07
-1.90128e-06
1.88398e-07
-2.20742e-06
1.43461e-07
-2.51813e-06
9.96597e-08
-2.83211e-06
5.8014e-08
-3.14761e-06
1.85896e-08
-3.4637e-06
-2.15791e-08
-3.78601e-06
-7.42939e-08
-4.15743e-06
-1.63829e-07
-4.75914e-06
-2.83748e-07
-6.13138e-06
-2.72584e-07
-7.95057e-06
-8.09167e-06
2.16739e-07
2.06279e-06
3.78036e-07
3.32531e-06
4.92725e-07
3.99134e-06
5.89859e-07
4.37151e-06
6.68902e-07
4.5452e-06
7.16924e-07
4.49812e-06
7.33119e-07
4.25551e-06
7.29316e-07
3.90413e-06
7.18461e-07
3.52787e-06
7.08447e-07
3.1728e-06
7.03053e-07
2.8543e-06
7.03206e-07
2.57045e-06
7.08232e-07
2.31262e-06
7.16724e-07
2.07132e-06
7.27012e-07
1.83847e-06
7.37392e-07
1.60791e-06
7.4625e-07
1.37535e-06
7.52139e-07
1.13804e-06
7.53835e-07
8.94531e-07
7.5037e-07
6.44334e-07
7.41043e-07
3.87652e-07
7.25403e-07
1.2511e-07
7.03221e-07
-1.4262e-07
6.74483e-07
-4.14939e-07
6.39347e-07
-6.91496e-07
5.98129e-07
-9.72322e-07
5.51317e-07
-1.25781e-06
4.99582e-07
-1.54863e-06
4.43785e-07
-1.84549e-06
3.84983e-07
-2.14862e-06
3.24379e-07
-2.45753e-06
2.63205e-07
-2.77093e-06
2.02525e-07
-3.08693e-06
1.42777e-07
-3.40395e-06
8.16697e-08
-3.7249e-06
9.23681e-09
-4.085e-06
-9.32337e-08
-4.65667e-06
-2.26862e-07
-5.99775e-06
-2.35358e-07
-7.94208e-06
-8.32703e-06
2.54798e-07
1.80799e-06
4.6538e-07
3.11473e-06
6.18828e-07
3.83789e-06
7.44292e-07
4.24605e-06
8.47271e-07
4.44222e-06
9.15144e-07
4.43025e-06
9.44822e-07
4.22583e-06
9.48224e-07
3.90073e-06
9.40868e-07
3.53523e-06
9.33293e-07
3.18038e-06
9.30658e-07
2.85694e-06
9.34375e-07
2.56673e-06
9.43753e-07
2.30324e-06
9.57137e-07
2.05794e-06
9.72528e-07
1.82308e-06
9.87888e-07
1.59255e-06
1.00129e-06
1.36194e-06
1.01102e-06
1.12832e-06
1.01561e-06
8.89949e-07
1.01387e-06
6.46069e-07
1.00495e-06
3.96567e-07
9.88293e-07
1.41771e-07
9.63579e-07
-1.17906e-07
9.30755e-07
-3.82115e-07
8.89957e-07
-6.50697e-07
8.41509e-07
-9.23874e-07
7.85878e-07
-1.20218e-06
7.23681e-07
-1.48644e-06
6.55703e-07
-1.77751e-06
5.82924e-07
-2.07584e-06
5.06475e-07
-2.38108e-06
4.27538e-07
-2.69199e-06
3.47166e-07
-3.00656e-06
2.66078e-07
-3.32286e-06
1.83082e-07
-3.64191e-06
9.05714e-08
-3.99249e-06
-3.01516e-08
-4.53595e-06
-1.76662e-07
-5.85124e-06
-2.10459e-07
-7.90828e-06
-8.53749e-06
2.8113e-07
1.52686e-06
5.39659e-07
2.8562e-06
7.32948e-07
3.6446e-06
8.87621e-07
4.09138e-06
1.01501e-06
4.31483e-06
1.10518e-06
4.34008e-06
1.1524e-06
4.17862e-06
1.1669e-06
3.88623e-06
1.16545e-06
3.53669e-06
1.1612e-06
3.18462e-06
1.16128e-06
2.85686e-06
1.16805e-06
2.55996e-06
1.1811e-06
2.29019e-06
1.19868e-06
2.04036e-06
1.21855e-06
1.80321e-06
1.23837e-06
1.57273e-06
1.25594e-06
1.34438e-06
1.26927e-06
1.11499e-06
1.27664e-06
8.82574e-07
1.27669e-06
6.46019e-07
1.26838e-06
4.04878e-07
1.25101e-06
1.59146e-07
1.22416e-06
-9.10563e-08
1.1877e-06
-3.45658e-07
1.14172e-06
-6.04714e-07
1.08648e-06
-8.68641e-07
1.02242e-06
-1.13811e-06
9.50067e-07
-1.41408e-06
8.70098e-07
-1.69754e-06
7.83359e-07
-1.9891e-06
6.90864e-07
-2.28859e-06
5.93748e-07
-2.59488e-06
4.93065e-07
-2.90587e-06
3.89715e-07
-3.21951e-06
2.83348e-07
-3.53554e-06
1.67755e-07
-3.87689e-06
2.8087e-08
-4.39628e-06
-1.32553e-07
-5.6906e-06
-1.93466e-07
-7.84737e-06
-8.73096e-06
2.92891e-07
1.23397e-06
5.94364e-07
2.55473e-06
8.29805e-07
3.40916e-06
1.01588e-06
3.9053e-06
1.16869e-06
4.16202e-06
1.28342e-06
4.22535e-06
1.35262e-06
4.10941e-06
1.3832e-06
3.85565e-06
1.39143e-06
3.52845e-06
1.39256e-06
3.1835e-06
1.39602e-06
2.8534e-06
1.4057e-06
2.55027e-06
1.42189e-06
2.274e-06
1.44301e-06
2.01924e-06
1.46669e-06
1.77953e-06
1.49039e-06
1.54903e-06
1.51165e-06
1.32312e-06
1.52823e-06
1.09841e-06
1.53823e-06
8.72579e-07
1.54006e-06
6.44193e-07
1.5325e-06
4.12434e-07
1.5147e-06
1.76941e-07
1.48613e-06
-6.24835e-08
1.44654e-06
-3.06071e-07
1.39592e-06
-5.54091e-07
1.33443e-06
-8.07151e-07
1.2624e-06
-1.06608e-06
1.18026e-06
-1.33194e-06
1.08851e-06
-1.60579e-06
9.87801e-07
-1.88839e-06
8.7902e-07
-2.17981e-06
7.63255e-07
-2.47911e-06
6.41534e-07
-2.78415e-06
5.14874e-07
-3.09285e-06
3.83584e-07
-3.40425e-06
2.4305e-07
-3.73636e-06
8.19174e-08
-4.23515e-06
-9.34017e-08
-5.51528e-06
-1.81825e-07
-7.75895e-06
-8.91278e-06
2.88676e-07
9.45295e-07
6.23594e-07
2.21981e-06
9.02708e-07
3.13005e-06
1.12342e-06
3.68459e-06
1.30348e-06
3.98196e-06
1.44482e-06
4.08402e-06
1.54041e-06
4.01382e-06
1.59296e-06
3.8031e-06
1.6164e-06
3.50501e-06
1.62671e-06
3.17318e-06
1.63556e-06
2.84455e-06
1.64886e-06
2.53697e-06
1.66815e-06
2.25471e-06
1.69238e-06
1.99501e-06
1.71932e-06
1.75259e-06
1.74632e-06
1.52203e-06
1.77076e-06
1.29868e-06
1.79023e-06
1.07894e-06
1.8026e-06
8.6021e-07
1.80612e-06
6.40673e-07
1.7994e-06
4.19148e-07
1.78143e-06
1.9491e-07
1.7515e-06
-3.25544e-08
1.70928e-06
-2.63844e-07
1.65455e-06
-4.99366e-07
1.58734e-06
-7.39944e-07
1.50783e-06
-9.86571e-07
1.41624e-06
-1.24035e-06
1.31287e-06
-1.50241e-06
1.19813e-06
-1.77366e-06
1.07273e-06
-2.05441e-06
9.37657e-07
-2.34404e-06
7.93907e-07
-2.6404e-06
6.42636e-07
-2.94158e-06
4.84706e-07
-3.24632e-06
3.17355e-07
-3.56901e-06
1.33643e-07
-4.05143e-06
-5.79141e-08
-5.32373e-06
-1.74073e-07
-7.64279e-06
-9.08685e-06
2.68919e-07
6.76376e-07
6.23286e-07
1.86544e-06
9.43717e-07
2.80962e-06
1.20253e-06
3.42578e-06
1.413e-06
3.77149e-06
1.58311e-06
3.91391e-06
1.70899e-06
3.88795e-06
1.78985e-06
3.72224e-06
1.83557e-06
3.45929e-06
1.86108e-06
3.14767e-06
1.87941e-06
2.82623e-06
1.89861e-06
2.51777e-06
1.92196e-06
2.23135e-06
1.9495e-06
1.96747e-06
1.97946e-06
1.72263e-06
2.00937e-06
1.49213e-06
2.03655e-06
1.27149e-06
2.0585e-06
1.057e-06
2.07296e-06
8.45753e-07
2.07802e-06
6.35612e-07
2.07215e-06
4.25022e-07
2.05418e-06
2.12874e-07
2.02315e-06
-1.52234e-09
1.97869e-06
-2.19386e-07
1.92031e-06
-4.40987e-07
1.84785e-06
-6.67476e-07
1.76123e-06
-8.99953e-07
1.66043e-06
-1.13955e-06
1.54545e-06
-1.38743e-06
1.41646e-06
-1.64467e-06
1.27392e-06
-1.91187e-06
1.11864e-06
-2.18875e-06
9.51583e-07
-2.47335e-06
7.74149e-07
-2.76415e-06
5.8758e-07
-3.05975e-06
3.9119e-07
-3.37262e-06
1.83575e-07
-3.84382e-06
-2.58272e-08
-5.11433e-06
-1.70011e-07
-7.4986e-06
-9.25686e-06
2.34556e-07
4.4182e-07
5.92155e-07
1.50785e-06
9.45934e-07
2.45584e-06
1.24368e-06
3.12803e-06
1.48834e-06
3.52682e-06
1.69031e-06
3.71194e-06
1.85001e-06
3.72825e-06
1.96539e-06
3.60686e-06
2.04151e-06
3.38317e-06
2.09032e-06
3.09887e-06
2.12474e-06
2.79181e-06
2.15442e-06
2.48809e-06
2.18458e-06
2.20118e-06
2.21682e-06
1.93524e-06
2.25036e-06
1.68909e-06
2.28323e-06
1.45926e-06
2.31297e-06
1.24174e-06
2.33713e-06
1.03284e-06
2.35341e-06
8.29476e-07
2.35981e-06
6.29212e-07
2.35466e-06
4.30172e-07
2.33662e-06
2.30908e-07
2.30484e-06
3.02575e-08
2.2583e-06
-1.72839e-07
2.19653e-06
-3.79219e-07
2.11906e-06
-5.90003e-07
2.02549e-06
-8.06385e-07
1.91547e-06
-1.02953e-06
1.78868e-06
-1.26064e-06
1.64498e-06
-1.50097e-06
1.48451e-06
-1.7514e-06
1.30778e-06
-2.01202e-06
1.11589e-06
-2.28145e-06
9.10535e-07
-2.5588e-06
6.93083e-07
-2.8423e-06
4.65503e-07
-3.14504e-06
2.32836e-07
-3.61115e-06
3.91931e-09
-4.88541e-06
-1.68304e-07
-7.32638e-06
-9.42517e-06
1.88046e-07
2.53774e-07
5.32489e-07
1.1634e-06
9.04921e-07
2.08341e-06
1.23826e-06
2.79469e-06
1.51925e-06
3.24583e-06
1.75643e-06
3.47476e-06
1.95352e-06
3.53116e-06
2.10897e-06
3.45141e-06
2.22387e-06
3.26827e-06
2.30566e-06
3.01708e-06
2.36527e-06
2.73219e-06
2.41277e-06
2.44059e-06
2.45501e-06
2.15894e-06
2.49535e-06
1.8949e-06
2.53445e-06
1.64999e-06
2.5713e-06
1.42241e-06
2.60402e-06
1.20901e-06
2.63046e-06
1.0064e-06
2.64845e-06
8.1148e-07
2.65603e-06
6.21638e-07
2.65146e-06
4.3474e-07
2.63333e-06
2.49036e-07
2.60048e-06
6.31061e-08
2.55185e-06
-1.24211e-07
2.48666e-06
-3.14022e-07
2.40412e-06
-5.07461e-07
2.30344e-06
-7.05706e-07
2.18389e-06
-9.09985e-07
2.04481e-06
-1.12156e-06
1.88569e-06
-1.34185e-06
1.70618e-06
-1.57188e-06
1.50655e-06
-1.81239e-06
1.28807e-06
-2.06297e-06
1.05252e-06
-2.32325e-06
8.01592e-07
-2.59137e-06
5.41128e-07
-2.88458e-06
2.85761e-07
-3.35579e-06
4.55226e-08
-4.64517e-06
-1.63496e-07
-7.11736e-06
-9.58866e-06
1.38544e-07
1.1523e-07
4.50818e-07
8.5113e-07
8.19845e-07
1.71438e-06
1.17811e-06
2.43642e-06
1.4946e-06
2.92935e-06
1.76977e-06
3.19958e-06
2.00798e-06
3.29295e-06
2.20843e-06
3.25096e-06
2.36976e-06
3.10694e-06
2.49469e-06
2.89216e-06
2.5904e-06
2.63648e-06
2.66572e-06
2.36527e-06
2.72815e-06
2.09651e-06
2.78261e-06
1.84044e-06
2.83141e-06
1.6012e-06
2.87489e-06
1.37893e-06
2.91217e-06
1.17173e-06
2.94173e-06
9.76841e-07
2.9618e-06
7.91413e-07
2.97059e-06
6.12843e-07
2.96647e-06
4.38862e-07
2.94797e-06
2.67539e-07
2.91375e-06
9.7324e-08
2.86262e-06
-7.30809e-08
2.79354e-06
-2.44941e-07
2.70541e-06
-4.19331e-07
2.59707e-06
-5.97366e-07
2.4674e-06
-7.80312e-07
2.31535e-06
-9.69516e-07
2.13988e-06
-1.16639e-06
1.94024e-06
-1.37225e-06
1.71646e-06
-1.58861e-06
1.46943e-06
-1.81595e-06
1.20072e-06
-2.05454e-06
9.13369e-07
-2.30401e-06
6.18396e-07
-2.5896e-06
3.42765e-07
-3.08015e-06
9.2817e-08
-4.39522e-06
-1.5344e-07
-6.8711e-06
-9.7421e-06
9.63343e-08
1.88953e-08
3.54254e-07
5.9321e-07
6.93779e-07
1.37485e-06
1.05783e-06
2.07237e-06
1.40394e-06
2.58324e-06
1.71804e-06
2.88547e-06
2.00056e-06
3.01044e-06
2.25036e-06
3.00116e-06
2.46435e-06
2.89295e-06
2.64146e-06
2.71505e-06
2.78446e-06
2.49348e-06
2.89924e-06
2.25049e-06
2.99252e-06
2.00323e-06
3.06994e-06
1.76302e-06
3.13523e-06
1.53591e-06
3.19025e-06
1.32391e-06
3.23543e-06
1.12655e-06
3.27025e-06
9.42022e-07
3.29364e-06
7.68025e-07
3.30426e-06
6.02219e-07
3.30073e-06
4.42392e-07
3.28166e-06
2.86616e-07
3.24566e-06
1.33317e-07
3.1914e-06
-1.88177e-08
3.11767e-06
-1.71208e-07
3.02312e-06
-3.24779e-07
2.90635e-06
-4.80605e-07
2.76588e-06
-6.39839e-07
2.60017e-06
-8.03807e-07
2.40778e-06
-9.73999e-07
2.18757e-06
-1.15203e-06
1.9388e-06
-1.33984e-06
1.66174e-06
-1.53889e-06
1.35753e-06
-1.75033e-06
1.0319e-06
-1.97838e-06
7.02408e-07
-2.26011e-06
4.07514e-07
-2.78526e-06
1.48384e-07
-4.13609e-06
-1.39172e-07
-6.58355e-06
-9.88128e-06
6.4559e-08
-4.56637e-08
2.45635e-07
4.12134e-07
5.30103e-07
1.09039e-06
8.75266e-07
1.72721e-06
1.23809e-06
2.22041e-06
1.58979e-06
2.53377e-06
1.91933e-06
2.6809e-06
2.22207e-06
2.69842e-06
2.49317e-06
2.62184e-06
2.72872e-06
2.4795e-06
2.92788e-06
2.29432e-06
3.09305e-06
2.08531e-06
3.22872e-06
1.86756e-06
3.33991e-06
1.65183e-06
3.43095e-06
1.44487e-06
3.50492e-06
1.24995e-06
3.56358e-06
1.06789e-06
3.60763e-06
8.97971e-07
3.637e-06
7.38661e-07
3.65108e-06
5.88134e-07
3.64898e-06
4.44489e-07
3.62959e-06
3.06013e-07
3.59165e-06
1.71253e-07
3.53391e-06
3.8925e-08
3.45494e-06
-9.22433e-08
3.35343e-06
-2.23265e-07
3.22779e-06
-3.54969e-07
3.07633e-06
-4.88375e-07
2.89719e-06
-6.24665e-07
2.68844e-06
-7.65255e-07
2.44832e-06
-9.11905e-07
2.1752e-06
-1.06672e-06
1.86877e-06
-1.23246e-06
1.53036e-06
-1.41192e-06
1.1699e-06
-1.61791e-06
8.1255e-07
-1.90276e-06
5.00736e-07
-2.47345e-06
2.25658e-07
-3.86101e-06
-1.18881e-07
-6.23901e-06
-1.00002e-05
1.49004e-08
-6.05641e-08
1.12216e-07
3.14818e-07
3.22933e-07
8.7967e-07
6.28593e-07
1.42155e-06
9.92308e-07
1.8567e-06
1.37572e-06
2.15036e-06
1.75335e-06
2.30327e-06
2.11178e-06
2.33999e-06
2.44272e-06
2.29089e-06
2.74015e-06
2.18207e-06
3.00059e-06
2.03389e-06
3.22353e-06
1.86237e-06
3.41087e-06
1.68022e-06
3.56598e-06
1.49673e-06
3.69273e-06
1.31812e-06
3.79462e-06
1.14805e-06
3.87436e-06
9.88156e-07
3.9337e-06
8.3863e-07
3.97363e-06
6.98734e-07
3.99449e-06
5.67273e-07
3.9961e-06
4.42877e-07
3.97788e-06
3.24227e-07
3.93901e-06
2.10124e-07
3.87852e-06
9.94203e-08
3.795e-06
-8.72581e-09
3.68743e-06
-1.15696e-07
3.5541e-06
-2.21636e-07
3.3933e-06
-3.27576e-07
3.20298e-06
-4.34343e-07
2.98065e-06
-5.42926e-07
2.72396e-06
-6.55212e-07
2.43072e-06
-7.73487e-07
2.1004e-06
-9.02137e-07
1.7371e-06
-1.04862e-06
1.3566e-06
-1.23742e-06
9.90205e-07
-1.53637e-06
6.7515e-07
-2.15839e-06
3.75515e-07
-3.56138e-06
-4.46112e-08
-5.81888e-06
-1.00448e-05
-5.4352e-08
-6.21203e-09
-6.55171e-08
3.25983e-07
5.82282e-08
7.55925e-07
3.13662e-07
1.16612e-06
6.67131e-07
1.50323e-06
1.0747e-06
1.74279e-06
1.4988e-06
1.87917e-06
1.91432e-06
1.92447e-06
2.30585e-06
1.89937e-06
2.66482e-06
1.8231e-06
2.98634e-06
1.71237e-06
3.2681e-06
1.58061e-06
3.51035e-06
1.43797e-06
3.71499e-06
1.29209e-06
3.88475e-06
1.14836e-06
4.02264e-06
1.01016e-06
4.13148e-06
8.79307e-07
4.21361e-06
7.565e-07
4.2708e-06
6.41553e-07
4.30422e-06
5.33852e-07
4.31446e-06
4.32633e-07
4.30168e-06
3.37005e-07
4.26569e-06
2.46112e-07
4.206e-06
1.59117e-07
4.12199e-06
7.52866e-08
4.01254e-06
-6.25316e-09
3.87632e-06
-8.54106e-08
3.71176e-06
-1.6302e-07
3.51697e-06
-2.39551e-07
3.28963e-06
-3.15585e-07
3.02711e-06
-3.92696e-07
2.72692e-06
-4.73299e-07
2.38951e-06
-5.6472e-07
2.02342e-06
-6.8253e-07
1.64799e-06
-8.61987e-07
1.29824e-06
-1.18662e-06
1.00415e-06
-1.86431e-06
6.65916e-07
-3.22314e-06
1.2056e-07
-5.27353e-06
-9.92421e-06
-2.61547e-07
2.55335e-07
-3.83391e-07
4.47828e-07
-3.14939e-07
6.87472e-07
-8.44684e-08
9.35645e-07
2.65953e-07
1.15281e-06
6.98123e-07
1.31062e-06
1.16632e-06
1.41097e-06
1.63753e-06
1.45326e-06
2.08926e-06
1.44764e-06
2.50813e-06
1.40423e-06
2.88744e-06
1.33306e-06
3.22449e-06
1.24356e-06
3.51887e-06
1.14358e-06
3.77177e-06
1.03919e-06
3.98529e-06
9.34841e-07
4.16193e-06
8.33519e-07
4.30441e-06
7.36826e-07
4.41527e-06
6.4564e-07
4.49656e-06
5.60263e-07
4.54982e-06
4.80592e-07
4.57625e-06
4.062e-07
4.57671e-06
3.36551e-07
4.5517e-06
2.71118e-07
4.50144e-06
2.09382e-07
4.42586e-06
1.5086e-07
4.32445e-06
9.51639e-08
4.19694e-06
4.21003e-08
4.04255e-06
-8.6385e-09
3.8609e-06
-5.78998e-08
3.65109e-06
-1.05771e-07
3.41209e-06
-1.53701e-07
3.14283e-06
-2.04029e-07
2.84399e-06
-2.65886e-07
2.51889e-06
-3.57429e-07
2.1809e-06
-5.24002e-07
1.86052e-06
-8.66238e-07
1.55707e-06
-1.56085e-06
1.10762e-06
-2.77369e-06
3.98232e-07
-4.56414e-06
-9.52598e-06
-4.8381e-07
7.39145e-07
-7.1522e-07
6.79238e-07
-7.38962e-07
7.11214e-07
-5.60412e-07
7.57095e-07
-2.13421e-07
8.05816e-07
2.43849e-07
8.53355e-07
7.56582e-07
8.98234e-07
1.28028e-06
9.29563e-07
1.78841e-06
9.39505e-07
2.26514e-06
9.27506e-07
2.70138e-06
8.96818e-07
3.09317e-06
8.51768e-07
3.43961e-06
7.97148e-07
3.74161e-06
7.37188e-07
4.00125e-06
6.752e-07
4.22134e-06
6.13433e-07
4.40469e-06
5.53474e-07
4.55385e-06
4.96476e-07
4.67114e-06
4.42971e-07
4.75872e-06
3.93015e-07
4.81845e-06
3.46474e-07
4.85188e-06
3.03113e-07
4.86033e-06
2.62673e-07
4.84481e-06
2.24897e-07
4.80613e-06
1.8954e-07
4.74492e-06
1.56375e-07
4.66183e-06
1.25193e-07
4.55754e-06
9.56534e-08
4.43242e-06
6.7216e-08
4.28768e-06
3.89696e-08
4.12618e-06
7.80062e-09
3.94853e-06
-2.63795e-08
3.75707e-06
-7.44272e-08
3.55162e-06
-1.51978e-07
3.31795e-06
-2.9033e-07
3.01379e-06
-5.62082e-07
2.5371e-06
-1.08416e-06
1.72774e-06
-1.96433e-06
7.64445e-07
-3.60085e-06
-8.76153e-06
-6.89016e-07
1.42816e-06
-9.20577e-07
9.10799e-07
-7.7551e-07
5.66148e-07
-4.51764e-07
4.33349e-07
-3.208e-08
3.86132e-07
4.47548e-07
3.73728e-07
9.62643e-07
3.83139e-07
1.49031e-06
4.01897e-07
2.0125e-06
4.17315e-07
2.51618e-06
4.23821e-07
2.99183e-06
4.21168e-07
3.43319e-06
4.10413e-07
3.83692e-06
3.93417e-07
4.20197e-06
3.72139e-07
4.52887e-06
3.48301e-07
4.81903e-06
3.2327e-07
5.07439e-06
2.9811e-07
5.29749e-06
2.73382e-07
5.49096e-06
2.49497e-07
5.65729e-06
2.2669e-07
5.79871e-06
2.05046e-07
5.91726e-06
1.84567e-07
6.01472e-06
1.65212e-07
6.09271e-06
1.46909e-07
6.15269e-06
1.29561e-07
6.196e-06
1.1306e-07
6.2239e-06
9.72917e-08
6.23748e-06
8.20748e-08
6.23762e-06
6.70833e-08
6.22489e-06
5.1694e-08
6.19771e-06
3.49804e-08
6.15555e-06
1.57803e-08
6.09144e-06
-1.03149e-08
5.99181e-06
-5.23539e-08
5.81473e-06
-1.13245e-07
5.45209e-06
-1.9944e-07
4.68264e-06
-3.14713e-07
3.29602e-06
-5.77705e-07
1.59345e-06
-1.89828e-06
-7.16808e-06
1.42816e-06
2.33896e-06
2.90511e-06
3.33846e-06
3.72459e-06
4.09832e-06
4.48146e-06
4.88335e-06
5.30067e-06
5.72449e-06
6.14566e-06
6.55607e-06
6.94949e-06
7.32163e-06
7.66993e-06
7.9932e-06
8.29131e-06
8.56469e-06
8.81419e-06
9.04088e-06
9.24592e-06
9.43049e-06
9.5957e-06
9.74261e-06
9.87217e-06
9.98523e-06
1.00825e-05
1.01646e-05
1.02317e-05
1.02834e-05
1.03184e-05
1.03341e-05
1.03238e-05
1.02715e-05
1.01582e-05
9.95878e-06
9.64407e-06
9.06636e-06
7.16808e-06
)
;

boundaryField
{
    movingWall
    {
        type            calculated;
        value           uniform 0;
    }
    fixedWalls
    {
        type            calculated;
        value           uniform 0;
    }
    frontAndBack
    {
        type            empty;
    }
}


// ************************************************************************* //
