/*--------------------------------*- C++ -*----------------------------------*\
| =========                 |                                                 |
| \\      /  F ield         | OpenFOAM: The Open Source CFD Toolbox           |
|  \\    /   O peration     | Version:  2412                                  |
|   \\  /    A nd           | Website:  www.openfoam.com                      |
|    \\/     M anipulation  |                                                 |
\*---------------------------------------------------------------------------*/
FoamFile
{
    version     2.0;
    format      ascii;
    arch        "LSB;label=32;scalar=64";
    class       volVectorField;
    location    "4";
    object      U;
}
// * * * * * * * * * * * * * * * * * * * * * * * * * * * * * * * * * * * * * //

dimensions      [0 1 -1 0 0 0 0];

internalField   nonuniform List<vector> 
1600
(
(0.000898236 -0.000833252 0)
(0.0038161 -0.00113172 0)
(0.00669174 -0.000904064 0)
(0.0085488 -0.00041267 0)
(0.0091949 -0.000121603 0)
(0.00911908 -0.000168377 0)
(0.00877313 -0.000298216 0)
(0.00805156 -0.000264019 0)
(0.00662199 -4.71996e-05 0)
(0.00396306 0.000243991 0)
(-0.00108395 0.000592237 0)
(-0.00798761 0.00125047 0)
(-0.0180714 0.00307967 0)
(-0.032708 0.0058144 0)
(-0.0498328 0.00827421 0)
(-0.0686036 0.0100279 0)
(-0.0878062 0.010845 0)
(-0.106186 0.0106488 0)
(-0.122575 0.0095915 0)
(-0.136108 0.00797842 0)
(-0.146313 0.00612562 0)
(-0.153013 0.00424612 0)
(-0.156246 0.00237928 0)
(-0.15624 0.000460733 0)
(-0.152746 -0.00160369 0)
(-0.145637 -0.00383323 0)
(-0.13468 -0.00618647 0)
(-0.119753 -0.00853653 0)
(-0.101023 -0.0106807 0)
(-0.0791239 -0.0123686 0)
(-0.0552704 -0.0132972 0)
(-0.0310978 -0.0131356 0)
(-0.00824562 -0.0117438 0)
(0.0105367 -0.00928825 0)
(0.0232196 -0.00527205 0)
(0.029799 -0.000797965 0)
(0.0291981 0.00299249 0)
(0.0221614 0.00528617 0)
(0.0115742 0.00472298 0)
(0.0029117 0.00330891 0)
(0.00142672 -0.00385495 0)
(0.00596321 -0.00528949 0)
(0.00949091 -0.00407394 0)
(0.0114386 -0.00197258 0)
(0.0115151 -0.000216132 0)
(0.00986298 0.000739763 0)
(0.00667239 0.00144187 0)
(0.0016249 0.00272607 0)
(-0.0061272 0.00473647 0)
(-0.0175331 0.00796039 0)
(-0.0338436 0.0127354 0)
(-0.0539082 0.0183189 0)
(-0.0764239 0.0236794 0)
(-0.0996208 0.0274998 0)
(-0.122125 0.0294411 0)
(-0.142644 0.0294935 0)
(-0.160265 0.0277302 0)
(-0.174595 0.0245202 0)
(-0.185783 0.020351 0)
(-0.194184 0.0156775 0)
(-0.199944 0.0108419 0)
(-0.20328 0.00601338 0)
(-0.204082 0.00115913 0)
(-0.202067 -0.00382134 0)
(-0.197015 -0.00901192 0)
(-0.188701 -0.0144432 0)
(-0.17698 -0.0201022 0)
(-0.161633 -0.0257707 0)
(-0.142625 -0.0310152 0)
(-0.120194 -0.0351854 0)
(-0.0950556 -0.0373923 0)
(-0.068483 -0.0367426 0)
(-0.0423219 -0.0326398 0)
(-0.0188901 -0.0253978 0)
(0.000170371 -0.0157711 0)
(0.0128031 -0.00531121 0)
(0.0193145 0.00443186 0)
(0.018789 0.0112972 0)
(0.0119425 0.0137513 0)
(0.00300419 0.0107998 0)
(0.00187083 -0.00805388 0)
(0.00636533 -0.00962864 0)
(0.00861001 -0.00662894 0)
(0.00880964 -0.00228716 0)
(0.00667697 0.00149531 0)
(0.00208162 0.00446173 0)
(-0.00594964 0.00781937 0)
(-0.0177978 0.0128748 0)
(-0.0341192 0.0196439 0)
(-0.0544473 0.02751 0)
(-0.0779923 0.0355764 0)
(-0.103057 0.0426603 0)
(-0.127363 0.0475762 0)
(-0.14923 0.0496664 0)
(-0.167954 0.0489631 0)
(-0.183214 0.0458174 0)
(-0.195289 0.0409195 0)
(-0.204689 0.0349212 0)
(-0.211912 0.028356 0)
(-0.217288 0.0215435 0)
(-0.221065 0.0146413 0)
(-0.223063 0.00765721 0)
(-0.223252 0.00049253 0)
(-0.221564 -0.00702191 0)
(-0.217935 -0.0150311 0)
(-0.211893 -0.0235712 0)
(-0.203006 -0.0325987 0)
(-0.191001 -0.0418216 0)
(-0.175468 -0.0506807 0)
(-0.15618 -0.0581939 0)
(-0.133196 -0.0630285 0)
(-0.107089 -0.0636509 0)
(-0.0791878 -0.0588591 0)
(-0.0517152 -0.0485399 0)
(-0.0276181 -0.033864 0)
(-0.00912744 -0.0171431 0)
(0.00279747 -0.000995752 0)
(0.00809453 0.0126086 0)
(0.00640343 0.01912 0)
(0.00167424 0.0164722 0)
(0.0019988 -0.0124537 0)
(0.00489614 -0.0122565 0)
(0.00467047 -0.00672209 0)
(0.00178866 0.000277696 0)
(-0.0038439 0.00679316 0)
(-0.0130677 0.0134709 0)
(-0.0266488 0.0211849 0)
(-0.0446505 0.0305606 0)
(-0.0668942 0.041332 0)
(-0.0918392 0.0520449 0)
(-0.117136 0.0609557 0)
(-0.140606 0.0666921 0)
(-0.160742 0.0687441 0)
(-0.177167 0.0673227 0)
(-0.189988 0.0630786 0)
(-0.199757 0.0568604 0)
(-0.20721 0.0494649 0)
(-0.212922 0.0415023 0)
(-0.217262 0.03333 0)
(-0.220431 0.0251191 0)
(-0.222572 0.0168806 0)
(-0.223871 0.00851556 0)
(-0.224172 -0.000123261 0)
(-0.223299 -0.00926513 0)
(-0.221404 -0.0191035 0)
(-0.218263 -0.0298463 0)
(-0.213582 -0.041484 0)
(-0.206787 -0.0538963 0)
(-0.197151 -0.0665252 0)
(-0.183817 -0.0782442 0)
(-0.166032 -0.0872796 0)
(-0.14343 -0.0914059 0)
(-0.116396 -0.0884833 0)
(-0.0864195 -0.077156 0)
(-0.0565882 -0.058145 0)
(-0.0310694 -0.0348119 0)
(-0.0127703 -0.0113612 0)
(-0.00202079 0.00887001 0)
(0.00126407 0.0204038 0)
(0.000365509 0.0189424 0)
(0.00148632 -0.0151388 0)
(0.00163539 -0.0122077 0)
(-0.00185025 -0.00321458 0)
(-0.00811744 0.00657165 0)
(-0.0177013 0.0166151 0)
(-0.0315775 0.0274095 0)
(-0.0499464 0.0396593 0)
(-0.0724386 0.0531526 0)
(-0.0972499 0.0663077 0)
(-0.121839 0.0770281 0)
(-0.143928 0.0837506 0)
(-0.1622 0.0859789 0)
(-0.176313 0.0840657 0)
(-0.186647 0.0789721 0)
(-0.193892 0.0717006 0)
(-0.19888 0.0632152 0)
(-0.202218 0.0541523 0)
(-0.204344 0.0449305 0)
(-0.205551 0.0357586 0)
(-0.206056 0.0267221 0)
(-0.206024 0.0177871 0)
(-0.20548 0.00884652 0)
(-0.204751 -0.000305133 0)
(-0.204089 -0.00990629 0)
(-0.203274 -0.020198 0)
(-0.202525 -0.0315773 0)
(-0.201683 -0.044357 0)
(-0.20032 -0.0586495 0)
(-0.197726 -0.0741961 0)
(-0.192716 -0.0900723 0)
(-0.183681 -0.104443 0)
(-0.168933 -0.114528 0)
(-0.147406 -0.116979 0)
(-0.119282 -0.108954 0)
(-0.0865527 -0.0893291 0)
(-0.0539095 -0.0605413 0)
(-0.0272541 -0.028854 0)
(-0.00947195 -0.000716905 0)
(-0.00162125 0.017187 0)
(0.000107698 0.018844 0)
(8.46728e-05 -0.0155011 0)
(-0.00298479 -0.00846805 0)
(-0.00971917 0.00350332 0)
(-0.0193318 0.0166147 0)
(-0.0328731 0.0305259 0)
(-0.0506516 0.0456725 0)
(-0.0723734 0.0618793 0)
(-0.096281 0.0775314 0)
(-0.11978 0.0902963 0)
(-0.140504 0.0983779 0)
(-0.157074 0.101137 0)
(-0.169135 0.0990548 0)
(-0.177136 0.0932605 0)
(-0.181916 0.0850251 0)
(-0.184337 0.0754428 0)
(-0.185108 0.0652876 0)
(-0.184732 0.0550306 0)
(-0.183605 0.0449593 0)
(-0.182034 0.0352145 0)
(-0.18025 0.0258314 0)
(-0.178436 0.0167545 0)
(-0.17685 0.00787629 0)
(-0.175563 -0.00099934 0)
(-0.174553 -0.0101356 0)
(-0.173944 -0.0199179 0)
(-0.173964 -0.0307126 0)
(-0.174784 -0.0430007 0)
(-0.176444 -0.0572297 0)
(-0.178708 -0.0736535 0)
(-0.180763 -0.0920089 0)
(-0.180968 -0.111034 0)
(-0.176799 -0.128032 0)
(-0.165338 -0.138851 0)
(-0.144552 -0.138711 0)
(-0.114568 -0.123991 0)
(-0.0785913 -0.0943596 0)
(-0.0436117 -0.0551549 0)
(-0.0171634 -0.0168607 0)
(-0.00339454 0.0103966 0)
(0.000389604 0.0178213 0)
(-0.00190415 -0.0124416 0)
(-0.0080757 -0.00150469 0)
(-0.0178011 0.0135408 0)
(-0.0307077 0.0300275 0)
(-0.0474597 0.0479121 0)
(-0.067865 0.0668047 0)
(-0.0904747 0.0850746 0)
(-0.112804 0.100285 0)
(-0.13245 0.110326 0)
(-0.147776 0.114225 0)
(-0.158301 0.11239 0)
(-0.164497 0.10613 0)
(-0.167321 0.0970209 0)
(-0.167754 0.0863708 0)
(-0.166618 0.075126 0)
(-0.164546 0.0638779 0)
(-0.162032 0.052983 0)
(-0.159436 0.0426289 0)
(-0.156982 0.0328671 0)
(-0.154764 0.0236484 0)
(-0.152801 0.014838 0)
(-0.151064 0.00624075 0)
(-0.149482 -0.00234721 0)
(-0.148079 -0.0111032 0)
(-0.146988 -0.020272 0)
(-0.146411 -0.0301573 0)
(-0.146681 -0.0411937 0)
(-0.148233 -0.0539499 0)
(-0.151425 -0.0690766 0)
(-0.156278 -0.0870984 0)
(-0.162006 -0.107895 0)
(-0.166523 -0.129901 0)
(-0.166259 -0.149345 0)
(-0.156892 -0.160232 0)
(-0.135391 -0.15592 0)
(-0.10233 -0.132118 0)
(-0.0631775 -0.0903361 0)
(-0.0280811 -0.0411993 0)
(-0.00584779 -0.000797005 0)
(0.00057084 0.0161913 0)
(-0.00396415 -0.00625884 0)
(-0.0128918 0.00861988 0)
(-0.0252304 0.0263989 0)
(-0.04089 0.0462658 0)
(-0.0598156 0.067593 0)
(-0.0809523 0.0885511 0)
(-0.102159 0.106612 0)
(-0.121054 0.119305 0)
(-0.135757 0.125175 0)
(-0.145464 0.124258 0)
(-0.150597 0.118 0)
(-0.152207 0.108273 0)
(-0.15142 0.0967287 0)
(-0.149204 0.0845368 0)
(-0.146323 0.0724571 0)
(-0.143344 0.0609197 0)
(-0.140633 0.050117 0)
(-0.138361 0.0400661 0)
(-0.136525 0.0306618 0)
(-0.135013 0.0217401 0)
(-0.133676 0.0131149 0)
(-0.132345 0.00459959 0)
(-0.130932 -0.0039478 0)
(-0.129441 -0.0126378 0)
(-0.127928 -0.0215974 0)
(-0.126528 -0.0309906 0)
(-0.125524 -0.0410674 0)
(-0.125407 -0.0522477 0)
(-0.126819 -0.0652017 0)
(-0.130451 -0.0808604 0)
(-0.13666 -0.100149 0)
(-0.144755 -0.123216 0)
(-0.152139 -0.14811 0)
(-0.154 -0.169536 0)
(-0.144539 -0.178958 0)
(-0.120189 -0.167413 0)
(-0.083041 -0.130607 0)
(-0.0421653 -0.0742679 0)
(-0.0104183 -0.017762 0)
(0.000245585 0.0133955 0)
(-0.00553174 0.00304315 0)
(-0.0168185 0.0212894 0)
(-0.0313562 0.0416151 0)
(-0.0488927 0.064457 0)
(-0.0685216 0.0878259 0)
(-0.0886427 0.108939 0)
(-0.107074 0.124959 0)
(-0.121735 0.133766 0)
(-0.131422 0.134753 0)
(-0.136288 0.129197 0)
(-0.137438 0.119314 0)
(-0.136131 0.107139 0)
(-0.133485 0.0941872 0)
(-0.130382 0.0814222 0)
(-0.127448 0.0693789 0)
(-0.125042 0.0582556 0)
(-0.123275 0.0480148 0)
(-0.12207 0.0384838 0)
(-0.121244 0.0294431 0)
(-0.12059 0.020688 0)
(-0.119914 0.0120463 0)
(-0.119071 0.00339436 0)
(-0.117988 -0.00534504 0)
(-0.116644 -0.0142358 0)
(-0.115048 -0.0233394 0)
(-0.113268 -0.0327188 0)
(-0.111471 -0.0424698 0)
(-0.109972 -0.0527891 0)
(-0.109287 -0.0640884 0)
(-0.11021 -0.0771574 0)
(-0.113729 -0.0932767 0)
(-0.120549 -0.113907 0)
(-0.130032 -0.139487 0)
(-0.13885 -0.167301 0)
(-0.14065 -0.189587 0)
(-0.128331 -0.194228 0)
(-0.0988936 -0.169904 0)
(-0.057632 -0.114299 0)
(-0.0184192 -0.0429794 0)
(-0.000416287 0.00734318 0)
(-0.00661212 0.0148242 0)
(-0.0197573 0.0358522 0)
(-0.0357003 0.058465 0)
(-0.0539158 0.0831802 0)
(-0.0729146 0.107081 0)
(-0.0909619 0.126845 0)
(-0.105998 0.139541 0)
(-0.116365 0.14365 0)
(-0.121759 0.139825 0)
(-0.123145 0.130436 0)
(-0.121899 0.118 0)
(-0.119273 0.104455 0)
(-0.116266 0.0910788 0)
(-0.11357 0.078558 0)
(-0.111549 0.0671285 0)
(-0.110281 0.0567172 0)
(-0.109645 0.0470857 0)
(-0.109423 0.0379597 0)
(-0.109386 0.0290985 0)
(-0.109342 0.0203242 0)
(-0.109136 0.011516 0)
(-0.108666 0.00260584 0)
(-0.107877 -0.00644483 0)
(-0.106743 -0.015666 0)
(-0.10526 -0.025079 0)
(-0.103459 -0.034693 0)
(-0.101426 -0.0445231 0)
(-0.0993195 -0.0546256 0)
(-0.0974313 -0.0651685 0)
(-0.0962901 -0.0765892 0)
(-0.0967888 -0.0898657 0)
(-0.100173 -0.106746 0)
(-0.107438 -0.129339 0)
(-0.117762 -0.158167 0)
(-0.12661 -0.188758 0)
(-0.125728 -0.209175 0)
(-0.107358 -0.202506 0)
(-0.0711581 -0.156406 0)
(-0.0286637 -0.0768737 0)
(-0.00105979 -0.00338035 0)
(-0.00709508 0.0279234 0)
(-0.0214424 0.0516896 0)
(-0.0378676 0.0758496 0)
(-0.0557382 0.101273 0)
(-0.0732272 0.124537 0)
(-0.0886848 0.14179 0)
(-0.100194 0.150319 0)
(-0.106822 0.149598 0)
(-0.1091 0.14167 0)
(-0.108421 0.12949 0)
(-0.106155 0.115561 0)
(-0.103423 0.101585 0)
(-0.101003 0.0885161 0)
(-0.0993054 0.0766957 0)
(-0.0984126 0.0660497 0)
(-0.0981916 0.0562941 0)
(-0.0984142 0.0470947 0)
(-0.0988477 0.0381686 0)
(-0.0992993 0.0293111 0)
(-0.0996248 0.0203916 0)
(-0.0997142 0.0113355 0)
(-0.0994969 0.00211019 0)
(-0.0989309 -0.00729753 0)
(-0.0979949 -0.0168929 0)
(-0.0966867 -0.0266702 0)
(-0.095022 -0.0366109 0)
(-0.0930457 -0.0466932 0)
(-0.0908328 -0.0569083 0)
(-0.0885212 -0.0672913 0)
(-0.0863809 -0.078014 0)
(-0.084955 -0.0896092 0)
(-0.0852572 -0.103383 0)
(-0.0887938 -0.121772 0)
(-0.0967101 -0.147588 0)
(-0.10748 -0.180669 0)
(-0.11448 -0.212662 0)
(-0.107389 -0.224859 0)
(-0.0800121 -0.195399 0)
(-0.0390419 -0.116641 0)
(-0.00334789 -0.0176987 0)
(-0.00708154 0.0417433 0)
(-0.0218314 0.067916 0)
(-0.037895 0.0928078 0)
(-0.0546183 0.118031 0)
(-0.0701321 0.139715 0)
(-0.0828286 0.153693 0)
(-0.0911509 0.15772 0)
(-0.0949265 0.152664 0)
(-0.0952929 0.141582 0)
(-0.0937074 0.12762 0)
(-0.0913966 0.113078 0)
(-0.0892604 0.0993313 0)
(-0.0877961 0.0869482 0)
(-0.0871374 0.0759278 0)
(-0.0871722 0.065963 0)
(-0.0876808 0.0566666 0)
(-0.0884352 0.0476974 0)
(-0.0892457 0.0388097 0)
(-0.0899694 0.0298453 0)
(-0.0905032 0.0207141 0)
(-0.0907689 0.0113732 0)
(-0.0907152 0.00181415 0)
(-0.0903122 -0.0079575 0)
(-0.0895454 -0.0179279 0)
(-0.0884157 -0.0280731 0)
(-0.0869341 -0.0383593 0)
(-0.0851263 -0.048749 0)
(-0.0830312 -0.0592067 0)
(-0.080712 -0.0697111 0)
(-0.0782881 -0.0802982 0)
(-0.0760201 -0.0911922 0)
(-0.0744987 -0.103139 0)
(-0.0749255 -0.118026 0)
(-0.0791027 -0.139301 0)
(-0.0880153 -0.170225 0)
(-0.0983365 -0.207919 0)
(-0.10021 -0.236291 0)
(-0.0828991 -0.227232 0)
(-0.0469271 -0.157735 0)
(-0.00846564 -0.0405029 0)
(-0.0066237 0.0554833 0)
(-0.0210346 0.0836963 0)
(-0.0360787 0.108671 0)
(-0.0511449 0.132994 0)
(-0.0644816 0.152475 0)
(-0.0745101 0.162771 0)
(-0.0802337 0.162497 0)
(-0.0821147 0.1539 0)
(-0.0815439 0.140604 0)
(-0.0798446 0.125687 0)
(-0.0780322 0.111151 0)
(-0.0767406 0.0979773 0)
(-0.0761998 0.0863582 0)
(-0.076354 0.076026 0)
(-0.0770097 0.0665483 0)
(-0.0779506 0.0575191 0)
(-0.0789918 0.0486308 0)
(-0.0799929 0.0396815 0)
(-0.0808507 0.030551 0)
(-0.08149 0.0211783 0)
(-0.0818544 0.0115432 0)
(-0.0819064 0.00165397 0)
(-0.0816267 -0.0084679 0)
(-0.0810072 -0.0187941 0)
(-0.0800505 -0.0292888 0)
(-0.0787653 -0.0399093 0)
(-0.0771667 -0.0506103 0)
(-0.0752764 -0.0613463 0)
(-0.0731238 -0.0720758 0)
(-0.070759 -0.0827802 0)
(-0.068293 -0.0935284 0)
(-0.0660094 -0.10468 0)
(-0.0646187 -0.117414 0)
(-0.0656255 -0.134638 0)
(-0.0710937 -0.161097 0)
(-0.0809632 -0.199117 0)
(-0.0882245 -0.238574 0)
(-0.0801269 -0.250173 0)
(-0.0512339 -0.196905 0)
(-0.0134282 -0.0688498 0)
(-0.00581306 0.0683843 0)
(-0.0192735 0.0984056 0)
(-0.0328201 0.122988 0)
(-0.045953 0.145927 0)
(-0.0570762 0.16287 0)
(-0.0647548 0.169461 0)
(-0.0685401 0.165453 0)
(-0.0693304 0.154158 0)
(-0.0684859 0.139441 0)
(-0.0671161 0.124167 0)
(-0.0659952 0.109981 0)
(-0.065501 0.0974724 0)
(-0.0656703 0.0865213 0)
(-0.0663584 0.0766968 0)
(-0.067369 0.0675252 0)
(-0.0685253 0.0586224 0)
(-0.0696897 0.0497213 0)
(-0.0707606 0.0406555 0)
(-0.0716629 0.0313323 0)
(-0.0723411 0.0217119 0)
(-0.0727544 0.0117913 0)
(-0.072877 0.00159166 0)
(-0.0726973 -0.00885293 0)
(-0.0722132 -0.0195036 0)
(-0.0714283 -0.0303172 0)
(-0.0703489 -0.0412463 0)
(-0.0689832 -0.052243 0)
(-0.0673418 -0.0632584 0)
(-0.065436 -0.0742442 0)
(-0.0632832 -0.0851618 0)
(-0.0609244 -0.0960139 0)
(-0.0584801 -0.106954 0)
(-0.0563072 -0.11864 0)
(-0.0553609 -0.133111 0)
(-0.0576203 -0.154964 0)
(-0.0649779 -0.189846 0)
(-0.0741237 -0.234783 0)
(-0.0730307 -0.264225 0)
(-0.0518787 -0.231422 0)
(-0.0172214 -0.101089 0)
(-0.0047538 0.0798501 0)
(-0.0168002 0.111561 0)
(-0.0285534 0.135458 0)
(-0.0396295 0.156765 0)
(-0.0486297 0.171101 0)
(-0.054358 0.174292 0)
(-0.0568109 0.167255 0)
(-0.0570814 0.154026 0)
(-0.0563449 0.13849 0)
(-0.0554775 0.12323 0)
(-0.0550165 0.109525 0)
(-0.0551377 0.0976188 0)
(-0.0557712 0.0871776 0)
(-0.0567551 0.0776913 0)
(-0.0579248 0.0686896 0)
(-0.0591481 0.0598217 0)
(-0.0603263 0.0508542 0)
(-0.0613858 0.0416466 0)
(-0.0622721 0.032126 0)
(-0.0629452 0.0222684 0)
(-0.0633759 0.0120841 0)
(-0.0635484 0.00160545 0)
(-0.0634573 -0.0091245 0)
(-0.0631048 -0.0200597 0)
(-0.0624955 -0.0311525 0)
(-0.061633 -0.0423549 0)
(-0.0605202 -0.0536193 0)
(-0.0591592 -0.0648979 0)
(-0.0575487 -0.0761418 0)
(-0.0556879 -0.0873057 0)
(-0.0535848 -0.0983649 0)
(-0.051284 -0.109376 0)
(-0.0489486 -0.12069 0)
(-0.047097 -0.133614 0)
(-0.04715 -0.151858 0)
(-0.0515541 -0.18226 0)
(-0.0600897 -0.228055 0)
(-0.0633834 -0.270841 0)
(-0.0494957 -0.259783 0)
(-0.0193601 -0.134752 0)
(-0.00354686 0.089477 0)
(-0.0138485 0.122825 0)
(-0.0236447 0.145944 0)
(-0.0326557 0.165564 0)
(-0.0397067 0.17744 0)
(-0.0438699 0.177745 0)
(-0.0454631 0.168388 0)
(-0.0455637 0.153853 0)
(-0.0451058 0.137913 0)
(-0.0447396 0.122855 0)
(-0.044799 0.109622 0)
(-0.0453263 0.0981931 0)
(-0.0462119 0.0881058 0)
(-0.0473126 0.078824 0)
(-0.0485039 0.0698993 0)
(-0.0496921 0.0610111 0)
(-0.0508078 0.0519511 0)
(-0.0517991 0.0425967 0)
(-0.0526281 0.0328894 0)
(-0.0532668 0.0228177 0)
(-0.0536962 0.0124022 0)
(-0.0539079 0.00168447 0)
(-0.053902 -0.00928631 0)
(-0.0536832 -0.0204594 0)
(-0.0532569 -0.031786 0)
(-0.0526243 -0.0432193 0)
(-0.051784 -0.0547153 0)
(-0.0507312 -0.0662298 0)
(-0.0494552 -0.077717 0)
(-0.0479419 -0.0891302 0)
(-0.0461799 -0.100433 0)
(-0.0441761 -0.111637 0)
(-0.0419979 -0.122929 0)
(-0.0399043 -0.135127 0)
(-0.0387796 -0.150968 0)
(-0.0407951 -0.177062 0)
(-0.0475402 -0.220817 0)
(-0.0528588 -0.272152 0)
(-0.0450755 -0.281437 0)
(-0.019959 -0.167937 0)
(-0.00226526 0.0970024 0)
(-0.0106172 0.13202 0)
(-0.0183734 0.1544 0)
(-0.0253919 0.172455 0)
(-0.0307001 0.182167 0)
(-0.0336164 0.18019 0)
(-0.0346745 0.169165 0)
(-0.0347844 0.153809 0)
(-0.0346386 0.137725 0)
(-0.0346831 0.122929 0)
(-0.0350954 0.110089 0)
(-0.0358442 0.0990003 0)
(-0.0368191 0.0891365 0)
(-0.0379083 0.0799625 0)
(-0.0390247 0.0710548 0)
(-0.0401053 0.0621164 0)
(-0.0411041 0.0529564 0)
(-0.041987 0.0434649 0)
(-0.0427298 0.0335939 0)
(-0.0433157 0.0233412 0)
(-0.0437333 0.0127357 0)
(-0.0439806 0.00182527 0)
(-0.0440615 -0.00933633 0)
(-0.0439821 -0.0206964 0)
(-0.0437484 -0.0322066 0)
(-0.043359 -0.0438236 0)
(-0.0428091 -0.0555088 0)
(-0.0420888 -0.0672244 0)
(-0.0411795 -0.0789299 0)
(-0.0400576 -0.0905809 0)
(-0.0386982 -0.102135 0)
(-0.0370873 -0.11358 0)
(-0.0352461 -0.125017 0)
(-0.0333001 -0.136966 0)
(-0.0317597 -0.151383 0)
(-0.0322293 -0.173993 0)
(-0.037021 -0.214386 0)
(-0.0427205 -0.2703 0)
(-0.0396609 -0.296692 0)
(-0.0192823 -0.199208 0)
(-0.000971082 0.102305 0)
(-0.00725018 0.139059 0)
(-0.012961 0.160844 0)
(-0.0181162 0.177601 0)
(-0.0218025 0.185497 0)
(-0.0237517 0.181905 0)
(-0.0244667 0.169759 0)
(-0.0246539 0.153936 0)
(-0.0247791 0.137858 0)
(-0.0251142 0.123312 0)
(-0.0257264 0.110761 0)
(-0.0265523 0.0998897 0)
(-0.0274985 0.0901474 0)
(-0.028486 0.081013 0)
(-0.0294592 0.0720849 0)
(-0.0303804 0.0630836 0)
(-0.0312232 0.0538297 0)
(-0.031969 0.044222 0)
(-0.0326061 0.0342198 0)
(-0.0331277 0.0238275 0)
(-0.0335287 0.0130798 0)
(-0.0338118 0.00202861 0)
(-0.0339837 -0.00926987 0)
(-0.0340515 -0.0207626 0)
(-0.0340206 -0.0324033 0)
(-0.0338874 -0.0441533 0)
(-0.0336442 -0.0559807 0)
(-0.033277 -0.0678557 0)
(-0.032762 -0.0797452 0)
(-0.0320679 -0.0916092 0)
(-0.0311601 -0.103404 0)
(-0.0300101 -0.1151 0)
(-0.0286121 -0.126748 0)
(-0.0270258 -0.138698 0)
(-0.0255618 -0.152353 0)
(-0.0252631 -0.172422 0)
(-0.0285167 -0.209198 0)
(-0.0337564 -0.267011 0)
(-0.03398 -0.306422 0)
(-0.0176 -0.227723 0)
(0.000293624 0.105336 0)
(-0.00384306 0.143911 0)
(-0.00755452 0.165404 0)
(-0.0109401 0.181057 0)
(-0.0131587 0.187621 0)
(-0.0143171 0.183062 0)
(-0.0147784 0.170269 0)
(-0.0150425 0.15423 0)
(-0.0153657 0.138224 0)
(-0.0158767 0.123872 0)
(-0.0165686 0.111503 0)
(-0.0173681 0.100747 0)
(-0.0182046 0.0910497 0)
(-0.0190286 0.0819083 0)
(-0.0198113 0.072939 0)
(-0.0205364 0.0638744 0)
(-0.0211954 0.0545429 0)
(-0.0217841 0.0448485 0)
(-0.0223021 0.0347549 0)
(-0.0227523 0.0242707 0)
(-0.0231347 0.0134334 0)
(-0.0234555 0.00229707 0)
(-0.0237234 -0.0090813 0)
(-0.0239457 -0.0206498 0)
(-0.0241273 -0.0323654 0)
(-0.0242621 -0.0441952 0)
(-0.0243396 -0.0561145 0)
(-0.0243429 -0.0681028 0)
(-0.0242443 -0.0801356 0)
(-0.0240074 -0.0921794 0)
(-0.0235907 -0.104191 0)
(-0.0229555 -0.11613 0)
(-0.0220795 -0.128013 0)
(-0.0209853 -0.140078 0)
(-0.0199112 -0.153369 0)
(-0.0194275 -0.171674 0)
(-0.0217382 -0.205065 0)
(-0.0263237 -0.263377 0)
(-0.0284718 -0.311742 0)
(-0.0151759 -0.253164 0)
(0.00149605 0.106085 0)
(-0.000462326 0.14662 0)
(-0.00222064 0.168136 0)
(-0.00392889 0.182942 0)
(-0.00484629 0.188739 0)
(-0.00528179 0.183716 0)
(-0.0055079 0.170687 0)
(-0.00581259 0.154631 0)
(-0.00625705 0.138733 0)
(-0.00685412 0.124511 0)
(-0.0075419 0.112229 0)
(-0.00824695 0.101502 0)
(-0.00892132 0.0917892 0)
(-0.00954185 0.0826064 0)
(-0.0101027 0.0735842 0)
(-0.0106074 0.0644636 0)
(-0.0110639 0.0550774 0)
(-0.0114816 0.0453321 0)
(-0.0118714 0.0351931 0)
(-0.0122452 0.02467 0)
(-0.0126077 0.0138009 0)
(-0.0129676 0.00263886 0)
(-0.0133352 -0.00876009 0)
(-0.0137177 -0.020346 0)
(-0.0141191 -0.0320799 0)
(-0.014531 -0.0439346 0)
(-0.0149403 -0.0558934 0)
(-0.015328 -0.0679452 0)
(-0.0156638 -0.0800752 0)
(-0.0159078 -0.0922573 0)
(-0.0160141 -0.104451 0)
(-0.0159372 -0.11661 0)
(-0.0156436 -0.128717 0)
(-0.0151262 -0.140927 0)
(-0.0146127 -0.154026 0)
(-0.0143384 -0.171158 0)
(-0.0163113 -0.201703 0)
(-0.0204087 -0.259827 0)
(-0.0235146 -0.314344 0)
(-0.012431 -0.27493 0)
(0.00264078 0.104587 0)
(0.00286404 0.147228 0)
(0.0029898 0.169122 0)
(0.0028518 0.183407 0)
(0.00314348 0.188901 0)
(0.00342281 0.183878 0)
(0.00345048 0.170985 0)
(0.00315292 0.15507 0)
(0.00265476 0.139306 0)
(0.00203765 0.125158 0)
(0.0014085 0.11288 0)
(0.000838729 0.10211 0)
(0.000356296 0.0923315 0)
(-3.83585e-05 0.083081 0)
(-0.00036008 0.074 0)
(-0.000630502 0.0648349 0)
(-0.000873327 0.0554206 0)
(-0.00111161 0.0456636 0)
(-0.001367 0.035528 0)
(-0.00166009 0.0250218 0)
(-0.00200059 0.0141809 0)
(-0.00239973 0.00305532 0)
(-0.00286879 -0.00830249 0)
(-0.00341467 -0.0198458 0)
(-0.00404007 -0.0315396 0)
(-0.00473464 -0.0433628 0)
(-0.00548307 -0.0553068 0)
(-0.00626488 -0.0673698 0)
(-0.00704856 -0.0795467 0)
(-0.00779229 -0.0918197 0)
(-0.00844756 -0.104153 0)
(-0.00896465 -0.116493 0)
(-0.00930496 -0.128804 0)
(-0.00943441 -0.141166 0)
(-0.00958686 -0.154165 0)
(-0.0097327 -0.170447 0)
(-0.0118561 -0.198673 0)
(-0.0157204 -0.25624 0)
(-0.019419 -0.315985 0)
(-0.00993278 -0.292563 0)
(0.00371784 0.100952 0)
(0.00612125 0.14574 0)
(0.0080643 0.168446 0)
(0.00938232 0.182552 0)
(0.0108401 0.18808 0)
(0.0118415 0.183538 0)
(0.0121877 0.171148 0)
(0.0119526 0.1555 0)
(0.0114522 0.139886 0)
(0.0108608 0.125759 0)
(0.0103225 0.113415 0)
(0.0099082 0.102542 0)
(0.00962994 0.0926569 0)
(0.00946892 0.0833173 0)
(0.00939182 0.0741747 0)
(0.00936015 0.0649788 0)
(0.00933516 0.0555644 0)
(0.00928042 0.0458358 0)
(0.00916346 0.0357535 0)
(0.00895519 0.0253206 0)
(0.00863995 0.0145687 0)
(0.00820399 0.00354218 0)
(0.00763489 -0.00771158 0)
(0.00692641 -0.0191504 0)
(0.00607711 -0.0307438 0)
(0.00509868 -0.0424772 0)
(0.00400828 -0.0543493 0)
(0.00282705 -0.0663678 0)
(0.00158662 -0.0785376 0)
(0.000329703 -0.0908486 0)
(-0.000894097 -0.103268 0)
(-0.00203288 -0.115743 0)
(-0.00304796 -0.12822 0)
(-0.00388008 -0.140722 0)
(-0.00477493 -0.153665 0)
(-0.00545543 -0.169293 0)
(-0.00808246 -0.195615 0)
(-0.0118714 -0.252297 0)
(-0.0162722 -0.317159 0)
(-0.00801848 -0.306869 0)
(0.00470782 0.0951679 0)
(0.0092796 0.142247 0)
(0.0129702 0.166182 0)
(0.0156684 0.180435 0)
(0.0182474 0.186326 0)
(0.0200023 0.182627 0)
(0.0207631 0.171084 0)
(0.0206705 0.155884 0)
(0.0202092 0.140436 0)
(0.0196712 0.126287 0)
(0.0192368 0.113818 0)
(0.0189805 0.102788 0)
(0.0189036 0.0927606 0)
(0.0189712 0.0833127 0)
(0.0191336 0.074106 0)
(0.0193369 0.0648926 0)
(0.0195275 0.0555053 0)
(0.019656 0.0458443 0)
(0.0196793 0.0358641 0)
(0.0195599 0.0255606 0)
(0.0192752 0.014958 0)
(0.0188082 0.00409353 0)
(0.018145 -0.0069925 0)
(0.0172794 -0.0182642 0)
(0.0162112 -0.0296962 0)
(0.0149527 -0.0412796 0)
(0.013522 -0.0530203 0)
(0.0119404 -0.0649345 0)
(0.01024 -0.0770378 0)
(0.00846247 -0.0893281 0)
(0.00665593 -0.101777 0)
(0.00487187 -0.114331 0)
(0.00315135 -0.126924 0)
(0.00156906 -0.139535 0)
(-0.000127943 -0.152444 0)
(-0.00142111 -0.167529 0)
(-0.00481808 -0.192285 0)
(-0.00856399 -0.247807 0)
(-0.0139724 -0.317927 0)
(-0.00666491 -0.318645 0)
(0.00553051 0.0873717 0)
(0.0122417 0.13679 0)
(0.0176524 0.162375 0)
(0.0216892 0.177107 0)
(0.0253155 0.183645 0)
(0.0279146 0.181085 0)
(0.0291977 0.170669 0)
(0.0293575 0.15615 0)
(0.0289907 0.140926 0)
(0.0285249 0.126733 0)
(0.0281926 0.114091 0)
(0.0280817 0.102858 0)
(0.0281898 0.0926518 0)
(0.0284699 0.0830763 0)
(0.0288578 0.0738017 0)
(0.0292843 0.0645815 0)
(0.0296821 0.0552456 0)
(0.0299895 0.045688 0)
(0.0301527 0.0358553 0)
(0.0301258 0.0257339 0)
(0.0298781 0.0153383 0)
(0.029389 0.00469704 0)
(0.028642 -0.0061579 0)
(0.0276299 -0.0171986 0)
(0.0263526 -0.0284063 0)
(0.0248227 -0.0397776 0)
(0.0230583 -0.0513257 0)
(0.0210817 -0.0630743 0)
(0.0189234 -0.0750473 0)
(0.0166221 -0.0872512 0)
(0.0142235 -0.0996635 0)
(0.0117786 -0.112231 0)
(0.00932963 -0.124881 0)
(0.00695655 -0.137558 0)
(0.00440724 -0.150428 0)
(0.00242614 -0.165044 0)
(-0.00194672 -0.188476 0)
(-0.00560341 -0.242692 0)
(-0.0123982 -0.318099 0)
(-0.00566996 -0.328637 0)
(0.00606642 0.0778277 0)
(0.0148662 0.129359 0)
(0.0220096 0.157014 0)
(0.0273805 0.172667 0)
(0.0320153 0.180015 0)
(0.0355168 0.178797 0)
(0.0374616 0.16979 0)
(0.0380144 0.15619 0)
(0.037831 0.141306 0)
(0.037467 0.127088 0)
(0.0372331 0.114248 0)
(0.0372484 0.102773 0)
(0.037517 0.0923558 0)
(0.0379854 0.0826312 0)
(0.0385767 0.0732816 0)
(0.0392081 0.0640614 0)
(0.0397995 0.0547964 0)
(0.0402773 0.0453732 0)
(0.0405771 0.0357288 0)
(0.0406444 0.0258383 0)
(0.0404405 0.0157046 0)
(0.0399394 0.00534562 0)
(0.0391214 -0.00521662 0)
(0.0379773 -0.0159631 0)
(0.0365055 -0.0268831 0)
(0.0347178 -0.0379798 0)
(0.0326329 -0.0492726 0)
(0.0302716 -0.0607922 0)
(0.0276611 -0.0725696 0)
(0.0248373 -0.0846185 0)
(0.0218428 -0.0969221 0)
(0.0187268 -0.109429 0)
(0.0155288 -0.122062 0)
(0.0123328 -0.134748 0)
(0.00889197 -0.147556 0)
(0.00612926 -0.161763 0)
(0.000632305 -0.184021 0)
(-0.00290357 -0.237101 0)
(-0.011288 -0.317264 0)
(-0.00495207 -0.337466 0)
(0.00622958 0.0669693 0)
(0.0169615 0.119943 0)
(0.0258757 0.1501 0)
(0.0326158 0.167082 0)
(0.0382661 0.175414 0)
(0.0427179 0.17566 0)
(0.0454744 0.168297 0)
(0.0465946 0.155876 0)
(0.0467254 0.14151 0)
(0.0465252 0.127335 0)
(0.0464011 0.114299 0)
(0.0465279 0.102558 0)
(0.0469315 0.0918995 0)
(0.0475596 0.0820039 0)
(0.0483273 0.072569 0)
(0.0491406 0.0633516 0)
(0.0499073 0.0541721 0)
(0.0505427 0.0449091 0)
(0.0509723 0.0354883 0)
(0.0511332 0.0258723 0)
(0.0509782 0.0160511 0)
(0.0504754 0.00602979 0)
(0.0496008 -0.00418067 0)
(0.0483419 -0.0145717 0)
(0.0466946 -0.0251411 0)
(0.0446681 -0.0358998 0)
(0.0422797 -0.0468728 0)
(0.0395478 -0.058096 0)
(0.0364962 -0.0696066 0)
(0.0331548 -0.0814263 0)
(0.0295608 -0.093544 0)
(0.0257606 -0.105911 0)
(0.0217932 -0.118445 0)
(0.0177435 -0.131066 0)
(0.0133653 -0.143782 0)
(0.00976357 -0.157617 0)
(0.00301493 -0.178834 0)
(-0.000402511 -0.230962 0)
(-0.0105485 -0.315374 0)
(-0.00436317 -0.345485 0)
(0.00596365 0.0553221 0)
(0.0182992 0.108663 0)
(0.0290011 0.141552 0)
(0.0372131 0.160292 0)
(0.0439349 0.169822 0)
(0.0493785 0.171583 0)
(0.0530905 0.166016 0)
(0.054985 0.155031 0)
(0.0556165 0.141422 0)
(0.0556955 0.127425 0)
(0.0557296 0.114238 0)
(0.0559739 0.102228 0)
(0.0564961 0.0913091 0)
(0.0572585 0.0812224 0)
(0.0581753 0.0716902 0)
(0.0591449 0.062474 0)
(0.0600655 0.0533898 0)
(0.0608421 0.0443065 0)
(0.0613914 0.0351382 0)
(0.0616421 0.0258339 0)
(0.061539 0.0163691 0)
(0.0610437 0.00673563 0)
(0.0601268 -0.00306827 0)
(0.0587715 -0.0130454 0)
(0.0569706 -0.0232028 0)
(0.0547272 -0.033559 0)
(0.0520556 -0.0441449 0)
(0.0489705 -0.0550009 0)
(0.0454898 -0.0661683 0)
(0.0416352 -0.0776752 0)
(0.0374373 -0.0895187 0)
(0.0329388 -0.101657 0)
(0.0281778 -0.114003 0)
(0.0232404 -0.126474 0)
(0.0178755 -0.139041 0)
(0.0133668 -0.152511 0)
(0.00525254 -0.172839 0)
(0.00199723 -0.224263 0)
(-0.0101013 -0.312381 0)
(-0.00382435 -0.352952 0)
(0.00527395 0.0434978 0)
(0.0187092 0.0957873 0)
(0.0311087 0.131264 0)
(0.04092 0.152201 0)
(0.0488234 0.163188 0)
(0.0553084 0.166481 0)
(0.0600999 0.162763 0)
(0.0629922 0.153434 0)
(0.0643689 0.140855 0)
(0.0649182 0.127246 0)
(0.0652239 0.11402 0)
(0.0656349 0.10178 0)
(0.0662849 0.0906006 0)
(0.0671697 0.0803113 0)
(0.0682145 0.0706716 0)
(0.0693169 0.0614531 0)
(0.0703691 0.0524695 0)
(0.0712689 0.0435803 0)
(0.0719249 0.034687 0)
(0.0722588 0.0257247 0)
(0.0722077 0.0166539 0)
(0.0717267 0.00745196 0)
(0.0707801 -0.00189567 0)
(0.0693458 -0.0114043 0)
(0.0674123 -0.0210902 0)
(0.0649745 -0.0309792 0)
(0.0620406 -0.0411085 0)
(0.0586194 -0.0515215 0)
(0.0547204 -0.0622625 0)
(0.0503552 -0.0733651 0)
(0.0455462 -0.0848362 0)
(0.0403304 -0.0966438 0)
(0.0347424 -0.108701 0)
(0.0288724 -0.120926 0)
(0.0224629 -0.133269 0)
(0.0169701 -0.146367 0)
(0.0073706 -0.165952 0)
(0.00438046 -0.216955 0)
(-0.00989657 -0.308284 0)
(-0.00326599 -0.360053 0)
(0.00425658 0.0321752 0)
(0.0181221 0.0818237 0)
(0.0319049 0.119201 0)
(0.0434116 0.142631 0)
(0.0526584 0.155421 0)
(0.0602667 0.160279 0)
(0.0662384 0.158371 0)
(0.0703424 0.150832 0)
(0.072752 0.139553 0)
(0.0740438 0.126604 0)
(0.074826 0.113532 0)
(0.0755274 0.101163 0)
(0.076365 0.0897636 0)
(0.0773914 0.0792809 0)
(0.078561 0.0695324 0)
(0.0797821 0.0603108 0)
(0.0809482 0.0514315 0)
(0.0819539 0.0427471 0)
(0.0827028 0.0341463 0)
(0.0831108 0.02555 0)
(0.0831086 0.0169038 0)
(0.0826455 0.00817027 0)
(0.0816781 -0.000679856 0)
(0.0801786 -0.00966871 0)
(0.0781297 -0.0188243 0)
(0.0755165 -0.0281814 0)
(0.0723379 -0.0377815 0)
(0.0685935 -0.0476703 0)
(0.0642816 -0.0578933 0)
(0.0594021 -0.0684902 0)
(0.0539684 -0.0794793 0)
(0.0480079 -0.0908421 0)
(0.0415479 -0.102494 0)
(0.0346913 -0.114363 0)
(0.0271681 -0.126394 0)
(0.020595 -0.139102 0)
(0.00939089 -0.158114 0)
(0.00682593 -0.208908 0)
(-0.00991053 -0.303119 0)
(-0.00261138 -0.366914 0)
(0.0030359 0.021911 0)
(0.0165353 0.067391 0)
(0.0312113 0.105609 0)
(0.0443223 0.131481 0)
(0.0550597 0.146345 0)
(0.0639302 0.152872 0)
(0.0711862 0.152696 0)
(0.0766876 0.14697 0)
(0.0804358 0.137205 0)
(0.0828112 0.125215 0)
(0.0843713 0.112562 0)
(0.0855883 0.100249 0)
(0.086757 0.0887343 0)
(0.0880032 0.0781092 0)
(0.0893325 0.0682741 0)
(0.0906817 0.0590599 0)
(0.0919576 0.0502926 0)
(0.0930588 0.0418223 0)
(0.093889 0.0335283 0)
(0.0943612 0.0253177 0)
(0.0944014 0.0171219 0)
(0.093953 0.00888892 0)
(0.0929695 0.000576331 0)
(0.0914153 -0.00784781 0)
(0.0892599 -0.0164194 0)
(0.0864826 -0.0251799 0)
(0.0830679 -0.0341751 0)
(0.0790039 -0.0434518 0)
(0.0742752 -0.0530567 0)
(0.0688687 -0.0630363 0)
(0.0627879 -0.0734216 0)
(0.0560421 -0.084208 0)
(0.0486507 -0.0953237 0)
(0.0407478 -0.106719 0)
(0.0320326 -0.118332 0)
(0.0242656 -0.130638 0)
(0.0113615 -0.149297 0)
(0.00937874 -0.200106 0)
(-0.0101171 -0.296802 0)
(-0.0017457 -0.373606 0)
(0.00178065 0.013269 0)
(0.0140482 0.0532072 0)
(0.028985 0.0908821 0)
(0.0433686 0.118801 0)
(0.0556281 0.135839 0)
(0.0658874 0.144122 0)
(0.0745568 0.145598 0)
(0.081617 0.141609 0)
(0.0869851 0.133474 0)
(0.0908268 0.122713 0)
(0.0935543 0.110793 0)
(0.0956214 0.0988013 0)
(0.0973737 0.0873588 0)
(0.0990101 0.0767076 0)
(0.100603 0.0668531 0)
(0.102136 0.0576848 0)
(0.103548 0.0490543 0)
(0.104753 0.0408159 0)
(0.105662 0.0328444 0)
(0.106193 0.0250377 0)
(0.106269 0.0173149 0)
(0.105831 0.00961062 0)
(0.104826 0.0018718 0)
(0.10321 -0.00594468 0)
(0.100946 -0.0138799 0)
(0.0980042 -0.0219791 0)
(0.0943503 -0.03029 0)
(0.0899569 -0.0388598 0)
(0.084796 -0.0477378 0)
(0.0788404 -0.0569797 0)
(0.0720777 -0.0666237 0)
(0.0644924 -0.0766827 0)
(0.0561096 -0.0871213 0)
(0.0470876 -0.097913 0)
(0.0370767 -0.108983 0)
(0.0279968 -0.120902 0)
(0.0133492 -0.13956 0)
(0.012136 -0.19074 0)
(-0.0104308 -0.289163 0)
(-0.00053354 -0.380227 0)
(0.000892994 0.00688582 0)
(0.0109345 0.0399087 0)
(0.0253732 0.0757751 0)
(0.0403546 0.104793 0)
(0.0539334 0.123857 0)
(0.0656737 0.133889 0)
(0.0758892 0.136931 0)
(0.0846645 0.134545 0)
(0.0918923 0.128033 0)
(0.0975688 0.118698 0)
(0.101904 0.107822 0)
(0.105251 0.0964762 0)
(0.107954 0.085378 0)
(0.110264 0.0748992 0)
(0.11232 0.065158 0)
(0.114171 0.0561203 0)
(0.115799 0.047681 0)
(0.117153 0.0397131 0)
(0.118164 0.0320938 0)
(0.118759 0.0247162 0)
(0.118869 0.0174915 0)
(0.118433 0.0103437 0)
(0.117394 0.00321255 0)
(0.115702 -0.00395107 0)
(0.113313 -0.0111955 0)
(0.110185 -0.0185669 0)
(0.106272 -0.02611 0)
(0.101526 -0.0338741 0)
(0.0959076 -0.0419136 0)
(0.0893723 -0.0502856 0)
(0.0818854 -0.0590344 0)
(0.0734163 -0.0682073 0)
(0.0639898 -0.0778075 0)
(0.0537475 -0.0878308 0)
(0.0423144 -0.0982173 0)
(0.0317846 -0.109797 0)
(0.0153775 -0.128964 0)
(0.0153114 -0.181024 0)
(-0.010763 -0.28027 0)
(0.00109921 -0.386948 0)
(0.000540316 0.00241998 0)
(0.00765834 0.0282104 0)
(0.0206138 0.0612975 0)
(0.0352093 0.0900732 0)
(0.049636 0.110487 0)
(0.0628147 0.122096 0)
(0.0746728 0.126543 0)
(0.0853131 0.125586 0)
(0.0945975 0.12059 0)
(0.10241 0.11275 0)
(0.108774 0.103171 0)
(0.113874 0.0928134 0)
(0.117985 0.0824008 0)
(0.121362 0.0723836 0)
(0.124195 0.0629763 0)
(0.126595 0.0542271 0)
(0.128602 0.0460871 0)
(0.130212 0.0384633 0)
(0.131389 0.0312497 0)
(0.132082 0.0243439 0)
(0.13224 0.0176544 0)
(0.131804 0.0111011 0)
(0.130719 0.00462 0)
(0.12893 -0.00184344 0)
(0.126386 -0.00833878 0)
(0.123038 -0.0149114 0)
(0.118832 -0.0216032 0)
(0.113706 -0.0284654 0)
(0.107605 -0.0355496 0)
(0.100461 -0.042914 0)
(0.0922317 -0.0506197 0)
(0.08286 -0.0587414 0)
(0.0723488 -0.067312 0)
(0.0608014 -0.0763592 0)
(0.0478491 -0.085921 0)
(0.0357752 -0.0972229 0)
(0.017753 -0.117444 0)
(0.019032 -0.170799 0)
(-0.0112039 -0.269961 0)
(0.00323964 -0.393492 0)
(0.00034447 -0.000813579 0)
(0.00455975 0.0190602 0)
(0.0148487 0.048562 0)
(0.0280011 0.0756217 0)
(0.0424748 0.0961242 0)
(0.0568601 0.108744 0)
(0.070446 0.114338 0)
(0.083071 0.114587 0)
(0.0945713 0.110952 0)
(0.104722 0.10458 0)
(0.113413 0.0964421 0)
(0.120676 0.087358 0)
(0.126658 0.0779794 0)
(0.13156 0.0687648 0)
(0.135577 0.0599863 0)
(0.13886 0.0517615 0)
(0.141505 0.0441014 0)
(0.143559 0.0369555 0)
(0.145032 0.0302454 0)
(0.145909 0.0238859 0)
(0.146161 0.0177922 0)
(0.145745 0.0118882 0)
(0.144614 0.00611137 0)
(0.142716 0.000405761 0)
(0.139998 -0.00527577 0)
(0.136407 -0.0109782 0)
(0.131885 -0.0167412 0)
(0.126366 -0.0226069 0)
(0.119779 -0.0286281 0)
(0.112045 -0.0348638 0)
(0.1031 -0.0413851 0)
(0.0928544 -0.0482732 0)
(0.0812828 -0.055612 0)
(0.0684503 -0.063467 0)
(0.0540409 -0.0721307 0)
(0.0405582 -0.083357 0)
(0.0214514 -0.105105 0)
(0.0238044 -0.159931 0)
(-0.0114684 -0.257322 0)
(0.00625136 -0.398286 0)
(-0.00015706 -0.00338405 0)
(0.000984385 0.0133285 0)
(0.00766554 0.038411 0)
(0.0186595 0.062331 0)
(0.0323779 0.0813973 0)
(0.0475039 0.0939415 0)
(0.0627734 0.100194 0)
(0.077497 0.101403 0)
(0.0913097 0.0989484 0)
(0.103919 0.0939573 0)
(0.115101 0.0872984 0)
(0.124773 0.0796653 0)
(0.132969 0.0716154 0)
(0.139796 0.0635574 0)
(0.145407 0.0557591 0)
(0.149958 0.0483694 0)
(0.153575 0.0414456 0)
(0.156347 0.0349816 0)
(0.158328 0.0289345 0)
(0.159544 0.0232446 0)
(0.16 0.0178445 0)
(0.159677 0.0126711 0)
(0.158547 0.00766973 0)
(0.156573 0.00278943 0)
(0.153708 -0.00201648 0)
(0.149903 -0.00678303 0)
(0.145104 -0.0115455 0)
(0.139245 -0.0163404 0)
(0.132253 -0.021208 0)
(0.124031 -0.0261983 0)
(0.114487 -0.0313851 0)
(0.103523 -0.0368568 0)
(0.0910683 -0.0427644 0)
(0.077212 -0.0492906 0)
(0.0617826 -0.0572017 0)
(0.0475857 -0.0689037 0)
(0.0282378 -0.0928003 0)
(0.0315096 -0.148969 0)
(-0.00960502 -0.241455 0)
(0.0113336 -0.399653 0)
(-0.00147217 -0.00034199 0)
(-0.00393536 0.0128995 0)
(-0.00155814 0.03214 0)
(0.00672115 0.0513364 0)
(0.0193601 0.0670306 0)
(0.0347741 0.0780574 0)
(0.0515369 0.0840914 0)
(0.068398 0.0858678 0)
(0.0845932 0.0844302 0)
(0.099651 0.0807347 0)
(0.113307 0.0755447 0)
(0.125398 0.0694611 0)
(0.135884 0.0629416 0)
(0.144817 0.0563218 0)
(0.15229 0.0498313 0)
(0.158425 0.0436144 0)
(0.163341 0.0377433 0)
(0.167146 0.0322403 0)
(0.169919 0.0270892 0)
(0.171726 0.0222578 0)
(0.172597 0.0177032 0)
(0.172549 0.013381 0)
(0.17158 0.009251 0)
(0.169674 0.00527204 0)
(0.16681 0.00140657 0)
(0.162953 -0.0023704 0)
(0.158058 -0.00608963 0)
(0.152065 -0.0097699 0)
(0.144902 -0.0134401 0)
(0.136489 -0.0171306 0)
(0.126732 -0.0209082 0)
(0.115523 -0.0248604 0)
(0.102751 -0.0292265 0)
(0.0886452 -0.0344907 0)
(0.0732022 -0.041967 0)
(0.0593556 -0.0548429 0)
(0.0405479 -0.0817928 0)
(0.0457685 -0.138569 0)
(-0.0026682 -0.223534 0)
(0.020274 -0.399805 0)
(-0.00683806 -0.00100368 0)
(-0.0158103 0.0100334 0)
(-0.0153445 0.0262477 0)
(-0.0089336 0.0411555 0)
(0.00309726 0.0529925 0)
(0.0191181 0.0612312 0)
(0.0372318 0.0661801 0)
(0.0561202 0.0680382 0)
(0.0746841 0.067478 0)
(0.0921821 0.0650863 0)
(0.108198 0.0614325 0)
(0.122559 0.0569892 0)
(0.135205 0.052112 0)
(0.146154 0.0470751 0)
(0.155476 0.0420755 0)
(0.163266 0.0372432 0)
(0.169633 0.0326529 0)
(0.174681 0.0283346 0)
(0.178514 0.024291 0)
(0.181193 0.0205029 0)
(0.182778 0.0169484 0)
(0.183312 0.0136023 0)
(0.18282 0.0104381 0)
(0.181315 0.00743067 0)
(0.178802 0.00455904 0)
(0.17527 0.00180334 0)
(0.170699 -0.000852209 0)
(0.165068 -0.00341833 0)
(0.158355 -0.00591131 0)
(0.150537 -0.00835326 0)
(0.141572 -0.0108016 0)
(0.131412 -0.0133486 0)
(0.120009 -0.0163143 0)
(0.107587 -0.0204359 0)
(0.0936834 -0.0274356 0)
(0.0812148 -0.041406 0)
(0.0633547 -0.0706903 0)
(0.0707202 -0.124656 0)
(0.00678746 -0.203683 0)
(0.0342954 -0.402701 0)
(-0.0130505 0.0289352 0)
(-0.027178 0.0343692 0)
(-0.0311608 0.0361774 0)
(-0.0271308 0.0386186 0)
(-0.0160478 0.0422374 0)
(0.000285459 0.0457852 0)
(0.0199389 0.0484889 0)
(0.0406934 0.0498309 0)
(0.0614332 0.0497782 0)
(0.0812599 0.048537 0)
(0.0996024 0.0463618 0)
(0.116208 0.0435324 0)
(0.130999 0.0403087 0)
(0.143979 0.0368994 0)
(0.15521 0.033462 0)
(0.164789 0.0300986 0)
(0.172845 0.0268623 0)
(0.179483 0.0238058 0)
(0.184796 0.0209541 0)
(0.188877 0.0183108 0)
(0.191809 0.0158644 0)
(0.193661 0.0135967 0)
(0.194488 0.0114893 0)
(0.19434 0.00952516 0)
(0.19325 0.00768713 0)
(0.191248 0.00596226 0)
(0.188357 0.00434208 0)
(0.184602 0.00281105 0)
(0.180007 0.00135188 0)
(0.174596 -6.68175e-05 0)
(0.168421 -0.00151675 0)
(0.161589 -0.00318281 0)
(0.154102 -0.00538386 0)
(0.146075 -0.00881901 0)
(0.137013 -0.0151092 0)
(0.127815 -0.0277643 0)
(0.109418 -0.0527328 0)
(0.110814 -0.0955494 0)
(0.0107865 -0.171569 0)
(0.0604517 -0.39315 0)
(-0.0183672 0.0145026 0)
(-0.0385428 0.00171701 0)
(-0.0349839 0.00457635 0)
(-0.0243469 0.0105728 0)
(-0.0099759 0.0150253 0)
(0.00795876 0.0181719 0)
(0.0280347 0.0209248 0)
(0.0489028 0.0231909 0)
(0.0699798 0.0246601 0)
(0.0906171 0.0252967 0)
(0.110307 0.0251861 0)
(0.12872 0.0244691 0)
(0.145672 0.0233213 0)
(0.161079 0.0219023 0)
(0.174931 0.0203397 0)
(0.187277 0.0187266 0)
(0.198177 0.0171364 0)
(0.207729 0.0156012 0)
(0.216042 0.0141387 0)
(0.223219 0.0127574 0)
(0.229356 0.0114594 0)
(0.234539 0.0102426 0)
(0.238844 0.00910319 0)
(0.242339 0.00803595 0)
(0.245085 0.00703556 0)
(0.247138 0.00609542 0)
(0.24855 0.00520932 0)
(0.249369 0.00436722 0)
(0.249631 0.00355138 0)
(0.249364 0.00272805 0)
(0.248567 0.0018367 0)
(0.247172 0.000732701 0)
(0.244995 -0.000777268 0)
(0.241759 -0.00308739 0)
(0.23618 -0.006876 0)
(0.227487 -0.0134695 0)
(0.204934 -0.0244559 0)
(0.186225 -0.0450496 0)
(0.0353799 -0.107613 0)
(0.143118 -0.315852 0)
(0.0536376 0.115679 0)
(0.077402 0.0928092 0)
(0.103201 0.0571492 0)
(0.125567 0.0344693 0)
(0.142372 0.0220696 0)
(0.15684 0.0152865 0)
(0.171489 0.0115285 0)
(0.187064 0.00947348 0)
(0.203485 0.00842336 0)
(0.220397 0.00794154 0)
(0.237388 0.00773532 0)
(0.254099 0.00762528 0)
(0.27024 0.00751471 0)
(0.285599 0.00736024 0)
(0.30004 0.00714871 0)
(0.313489 0.00688324 0)
(0.325923 0.00657274 0)
(0.337352 0.0062289 0)
(0.347804 0.00586376 0)
(0.35732 0.00548711 0)
(0.365945 0.00510609 0)
(0.373727 0.00472589 0)
(0.380713 0.00435003 0)
(0.386946 0.00398064 0)
(0.392467 0.00361848 0)
(0.397311 0.00326327 0)
(0.401512 0.00291374 0)
(0.405092 0.00256684 0)
(0.408071 0.00221662 0)
(0.410444 0.00185163 0)
(0.412184 0.00144916 0)
(0.413209 0.000984701 0)
(0.413316 0.000399979 0)
(0.412234 -0.000390375 0)
(0.408712 -0.00153377 0)
(0.403358 -0.00304593 0)
(0.388271 -0.00479591 0)
(0.380129 -0.006664 0)
(0.280224 -0.0173536 0)
(0.453524 -0.126942 0)
)
;

boundaryField
{
    movingWall
    {
        type            fixedValue;
        value           uniform (1 0 0);
    }
    fixedWalls
    {
        type            noSlip;
    }
    frontAndBack
    {
        type            empty;
    }
}


// ************************************************************************* //
