/*--------------------------------*- C++ -*----------------------------------*\
| =========                 |                                                 |
| \\      /  F ield         | OpenFOAM: The Open Source CFD Toolbox           |
|  \\    /   O peration     | Version:  2412                                  |
|   \\  /    A nd           | Website:  www.openfoam.com                      |
|    \\/     M anipulation  |                                                 |
\*---------------------------------------------------------------------------*/
FoamFile
{
    version     2.0;
    format      ascii;
    arch        "LSB;label=32;scalar=64";
    class       volScalarField;
    location    "4.5";
    object      epsilon;
}
// * * * * * * * * * * * * * * * * * * * * * * * * * * * * * * * * * * * * * //

dimensions      [0 2 -3 0 0 0 0];

internalField   nonuniform List<scalar> 
1600
(
0.000312762
0.000407709
0.000594429
0.000798709
0.000959451
0.00107318
0.00121399
0.0013969
0.00160085
0.00192094
0.00283839
0.00606698
0.0120366
0.0211637
0.0322576
0.0436494
0.0539961
0.0622167
0.0675543
0.0700734
0.070835
0.0698151
0.0666125
0.0623595
0.0573705
0.0520478
0.0465259
0.041077
0.0358756
0.0308114
0.0257836
0.0205069
0.0155717
0.0127324
0.0111609
0.0100604
0.00873868
0.00649618
0.00350315
0.00154108
0.000693258
0.000396403
0.000304843
0.000299455
0.000333725
0.00045084
0.000748504
0.00136384
0.0023484
0.00402209
0.00707576
0.0111598
0.0152137
0.0193778
0.0223298
0.0234637
0.0236963
0.0226039
0.0207787
0.0187161
0.0168067
0.0152555
0.0145021
0.0142783
0.0142648
0.0145909
0.0150336
0.0156541
0.0161772
0.0164027
0.016312
0.0152452
0.0134268
0.010659
0.00775652
0.0052665
0.00379563
0.00294105
0.00193174
0.00184374
0.00150712
0.000686829
0.000420846
0.000371195
0.000476828
0.000863608
0.00173228
0.00329471
0.00570556
0.00842416
0.0104497
0.0120191
0.0128702
0.0128734
0.0113775
0.010477
0.00906558
0.00793492
0.00692679
0.00626952
0.00593832
0.00581755
0.00583929
0.00619711
0.00667522
0.00748566
0.00857567
0.00999838
0.0116735
0.0133161
0.0145188
0.0149986
0.0146112
0.0130166
0.00970528
0.00605806
0.00326382
0.00186713
0.00130413
0.00235644
0.00247531
0.000995103
0.000663579
0.000717295
0.00114456
0.00220924
0.00406674
0.00637428
0.00825449
0.00922278
0.00964042
0.00957967
0.00775052
0.00672817
0.0054195
0.00461198
0.00377131
0.0033146
0.0029504
0.00277854
0.00270149
0.00268169
0.00275549
0.00292428
0.00316686
0.00355424
0.0041207
0.0049776
0.00627764
0.00829953
0.0108503
0.0133671
0.0147437
0.0151345
0.0136816
0.0094224
0.0047549
0.00200041
0.0012154
0.00285488
0.00319492
0.00128273
0.00110707
0.00148542
0.00249844
0.00425046
0.00633875
0.00761599
0.00808932
0.00815937
0.00698962
0.00538755
0.00421118
0.0033844
0.00267754
0.00229164
0.0019812
0.00183555
0.00174467
0.00170629
0.00169335
0.00169664
0.00174575
0.00181793
0.00193928
0.00212598
0.00241127
0.0028476
0.00351776
0.00457937
0.00633401
0.00936826
0.0131651
0.0157149
0.0166564
0.0151412
0.0091194
0.00353952
0.00154657
0.0031725
0.00361604
0.00171691
0.00185612
0.00265793
0.00413836
0.00598592
0.00701336
0.00731828
0.00702178
0.00555382
0.00400774
0.0030321
0.0023492
0.00192681
0.0016493
0.00151365
0.00142059
0.00137722
0.00134392
0.00132776
0.00132064
0.0013201
0.0013472
0.00139102
0.00146857
0.00158692
0.00176557
0.00203317
0.0024396
0.00305805
0.00403355
0.00569832
0.00877047
0.0138737
0.0175214
0.0188294
0.0161359
0.00767328
0.00283525
0.00356317
0.00385707
0.00239213
0.00287342
0.00399028
0.00554539
0.00648585
0.00673902
0.00629884
0.00474322
0.00328524
0.00238141
0.00186194
0.00152822
0.0013573
0.00124006
0.00117395
0.00110637
0.00105868
0.00101116
0.000980485
0.000965162
0.000960499
0.000977255
0.00101969
0.00109032
0.00120095
0.00136312
0.00159673
0.00192489
0.00238186
0.00303345
0.00405587
0.00582202
0.00918013
0.0156537
0.0199561
0.0211016
0.0151271
0.00568166
0.00422277
0.00416357
0.00323974
0.00401074
0.00520997
0.00607952
0.00630718
0.0059014
0.00439434
0.00292182
0.00204502
0.00157999
0.00131725
0.00115962
0.00106371
0.000971693
0.0008983
0.000824343
0.000769458
0.000722593
0.000693582
0.00067913
0.000674122
0.000681832
0.000709017
0.00075363
0.000826489
0.000940145
0.00111947
0.00140425
0.00183848
0.00244721
0.00327762
0.00448836
0.00660437
0.0108231
0.0191145
0.0231247
0.0228979
0.0104892
0.0052732
0.00515831
0.00419914
0.00504675
0.0058082
0.00603205
0.00575141
0.00440058
0.00283345
0.00188948
0.00142319
0.00118205
0.00103633
0.000930641
0.000837072
0.000746804
0.000675027
0.000613907
0.000571737
0.000540627
0.000524937
0.00051818
0.000517068
0.000529111
0.000550364
0.000583216
0.000630658
0.000699735
0.00080434
0.00096865
0.00124988
0.00175289
0.00255532
0.00370371
0.00535335
0.00823043
0.0142108
0.0237734
0.0273823
0.0193106
0.00667928
0.00741326
0.00520907
0.00578173
0.00602917
0.00574302
0.00465382
0.00303993
0.00189224
0.00135563
0.00109769
0.000957073
0.00084591
0.000746641
0.000654742
0.000579357
0.000523153
0.000480736
0.000452554
0.000434365
0.000425813
0.000422825
0.000425414
0.000438378
0.000457692
0.000486589
0.000526223
0.000580341
0.000655101
0.000763626
0.000934285
0.00123255
0.00179073
0.00280517
0.00440188
0.00684472
0.0114029
0.0213908
0.0302603
0.0296863
0.00955785
0.0101412
0.00610519
0.00618083
0.00595753
0.00509769
0.00353798
0.00208075
0.00138019
0.00106135
0.00090667
0.000798989
0.000693766
0.000600824
0.000523716
0.000467527
0.000426522
0.000397031
0.000376804
0.000363712
0.000357401
0.000355188
0.000357672
0.000368444
0.000384889
0.000409568
0.000443773
0.000490459
0.000554142
0.000642828
0.000772259
0.000977056
0.00133931
0.00203995
0.00337562
0.00561379
0.00932391
0.0170118
0.031972
0.038532
0.0194781
0.0132151
0.00679815
0.00634864
0.00571023
0.00427211
0.00259253
0.0015356
0.0010861
0.000882948
0.00077507
0.000672794
0.000573999
0.000495128
0.000435628
0.000393826
0.00036252
0.000339525
0.000322595
0.000310818
0.00030455
0.000302122
0.000302944
0.00031134
0.000325108
0.000346054
0.000375463
0.000415527
0.000469636
0.000543576
0.000648293
0.000806877
0.00107281
0.0015757
0.00260229
0.00462435
0.008209
0.0150232
0.0310211
0.0471372
0.0383483
0.0165257
0.00728259
0.00628643
0.00521812
0.00348168
0.00193459
0.00120831
0.00090489
0.000765224
0.00067254
0.000572235
0.000485574
0.000422161
0.000376141
0.000342871
0.000316701
0.000296433
0.000280577
0.000268923
0.000262002
0.000259099
0.000258803
0.00026501
0.000276781
0.000295017
0.000321089
0.000356836
0.000404989
0.000469806
0.000558697
0.000686412
0.0008866
0.0012444
0.0019787
0.00356589
0.00674888
0.012877
0.027163
0.0558371
0.0643614
0.0198467
0.00761666
0.00610476
0.00466548
0.00280755
0.00153019
0.00100325
0.000785058
0.000679742
0.000590266
0.000495737
0.000422838
0.000371684
0.000334201
0.000305509
0.00028186
0.000262652
0.000247105
0.000235308
0.000227681
0.000224211
0.000223428
0.000227808
0.000237842
0.000253796
0.000277015
0.000309189
0.000352752
0.000411321
0.000490861
0.000602711
0.000771787
0.00106
0.00163387
0.00292498
0.00579958
0.0116309
0.0246057
0.0599146
0.0933753
0.0234054
0.00784714
0.0057861
0.00414637
0.00229099
0.00126915
0.0008686
0.000701993
0.000614312
0.000525639
0.000439754
0.000378566
0.000335733
0.000303262
0.000276993
0.00025462
0.00023589
0.000220498
0.000208615
0.000200506
0.000196624
0.000195509
0.000198534
0.00020705
0.000221074
0.000241855
0.000271019
0.000310819
0.000364374
0.000436318
0.000534641
0.000676161
0.000902978
0.00133358
0.00231534
0.004743
0.0103496
0.0233925
0.0612668
0.122139
0.0270171
0.00803557
0.00543608
0.00368727
0.00192664
0.00109502
0.000777113
0.000643609
0.00056353
0.000476618
0.000399572
0.000346875
0.000309324
0.000279781
0.000254902
0.000233294
0.00021491
0.000199716
0.000187894
0.00017955
0.000175372
0.000174021
0.000176081
0.000183283
0.000195638
0.000214283
0.000240836
0.000277545
0.000327481
0.000394966
0.000486837
0.000616463
0.000816384
0.001178
0.00197622
0.00400159
0.00908499
0.0216386
0.061645
0.148973
0.0305806
0.00821983
0.00510744
0.00330248
0.00168395
0.000977433
0.000713983
0.000601694
0.00052457
0.000440537
0.000370887
0.000323829
0.00028958
0.000261844
0.000237908
0.000216901
0.000198887
0.000183966
0.000172297
0.000163952
0.000159535
0.000158015
0.00015942
0.00016552
0.00017643
0.000193185
0.000217362
0.000251196
0.000297721
0.000360985
0.000446687
0.000564634
0.000737811
0.00103439
0.00167903
0.00339901
0.00812568
0.0203839
0.0614154
0.172817
0.0339905
0.0084252
0.00481437
0.00300742
0.00151986
0.000897643
0.000670766
0.000571742
0.000495868
0.000414959
0.000350661
0.000307084
0.000274872
0.000248351
0.000225185
0.000204757
0.000187172
0.000172589
0.000161144
0.000152882
0.000148277
0.000146624
0.000147611
0.000152823
0.000162521
0.000177654
0.000199756
0.000231073
0.000274747
0.000334977
0.000417386
0.000530533
0.000692325
0.000954558
0.00149387
0.00293102
0.00718579
0.0190109
0.0603348
0.193377
0.0371549
0.00868304
0.00462308
0.00279053
0.00141677
0.000845542
0.000640842
0.000550463
0.000475309
0.000397552
0.00033675
0.000295092
0.000264149
0.000238569
0.000216142
0.000196321
0.000179217
0.000165012
0.000153829
0.000145692
0.000140912
0.000139112
0.000139831
0.000144344
0.000153044
0.000166807
0.000187098
0.00021613
0.00025711
0.000314363
0.000393489
0.000502034
0.000653629
0.000887339
0.00134806
0.0025929
0.00653117
0.0180467
0.0591073
0.210818
0.039874
0.00898442
0.00446897
0.00265398
0.00135069
0.000811476
0.000622839
0.000537033
0.000462705
0.000386728
0.000327871
0.000287242
0.000257064
0.000232121
0.000210297
0.000191083
0.000174521
0.000160752
0.000149866
0.000141876
0.000136945
0.000134997
0.000135707
0.000139752
0.000147588
0.000160069
0.00017866
0.000205712
0.000244334
0.000299076
0.000375901
0.00048236
0.00062981
0.000847218
0.00124733
0.00230767
0.00589331
0.0172026
0.0578566
0.225366
0.0418208
0.00962551
0.00447308
0.00257145
0.00133493
0.000796137
0.000609964
0.000528028
0.000454839
0.000382067
0.000324044
0.000282961
0.000252613
0.000228339
0.000207536
0.000189187
0.000173252
0.000159857
0.000149119
0.000141112
0.000135931
0.000133655
0.000134331
0.00013805
0.000145261
0.000156888
0.000174242
0.000199367
0.000235624
0.000288026
0.000362649
0.000467328
0.000612108
0.000818709
0.00117687
0.00210807
0.00542334
0.0166618
0.0572579
0.237601
0.0422219
0.0105006
0.00454616
0.00257838
0.0013486
0.000800465
0.000609063
0.000525774
0.000454888
0.000382969
0.000324828
0.000283242
0.000252621
0.000228374
0.000207793
0.00018973
0.000174059
0.000160872
0.000150269
0.000142322
0.000137097
0.000134671
0.000135107
0.000138139
0.000144801
0.0001559
0.000172552
0.000196424
0.000231017
0.000281082
0.000353666
0.000457395
0.000602126
0.000804422
0.0011281
0.00193822
0.00495936
0.0161912
0.0571058
0.248315
0.0416651
0.0114567
0.00473174
0.00262338
0.00138786
0.000816263
0.000612284
0.000526929
0.000456906
0.000386411
0.000327936
0.000285276
0.000253999
0.00022964
0.000209338
0.000191734
0.000176533
0.000163746
0.000153403
0.000145565
0.000140301
0.000137757
0.000138076
0.000140621
0.000146579
0.000156873
0.000172471
0.000195564
0.000229229
0.000277776
0.000348939
0.000452044
0.00059734
0.000798274
0.00110084
0.00182554
0.00459556
0.0158442
0.057709
0.257968
0.0400088
0.0123524
0.00507033
0.0027324
0.00146923
0.000851025
0.000621663
0.000530484
0.000462022
0.000393853
0.000334792
0.000290183
0.000257621
0.000232883
0.000212868
0.000195903
0.000181303
0.000168903
0.000158755
0.000150934
0.000145526
0.000142718
0.000142925
0.000145111
0.000150526
0.000160327
0.000175241
0.000197135
0.000229163
0.00027676
0.000347131
0.000449959
0.000595852
0.00079699
0.00108788
0.001738
0.00425075
0.0154984
0.0589417
0.266979
0.0366575
0.0130477
0.0055214
0.00293305
0.00159409
0.000913905
0.000641855
0.000537863
0.000470173
0.000404512
0.000345411
0.000299005
0.00026471
0.000239014
0.000218762
0.000202004
0.00018778
0.000175722
0.000165773
0.000157987
0.000152457
0.000149362
0.000149459
0.000151366
0.000156332
0.000165736
0.000180172
0.000201494
0.000232748
0.000278881
0.000347741
0.000450341
0.000598948
0.000804295
0.00108393
0.00168883
0.00397589
0.0151583
0.0605711
0.275575
0.0319437
0.0131086
0.00601121
0.00322803
0.00177622
0.00100863
0.000677899
0.000551263
0.000481554
0.000418488
0.000359807
0.000311573
0.000275046
0.000247793
0.000226814
0.000209929
0.00019588
0.000184072
0.000174305
0.000166575
0.000160975
0.000157609
0.000157606
0.000159328
0.000163967
0.000173087
0.000187233
0.000208211
0.000239021
0.000284704
0.000353278
0.000456416
0.000607546
0.000818297
0.0010892
0.00165166
0.00375492
0.0147973
0.062557
0.283926
0.026281
0.0128143
0.00644674
0.00357696
0.00201804
0.00114975
0.000739294
0.000573046
0.000494045
0.000432942
0.000376073
0.000327079
0.000288521
0.000259381
0.000237215
0.000219805
0.000205663
0.000193961
0.000184332
0.000176679
0.000171084
0.00016755
0.0001675
0.00016914
0.00017362
0.000182608
0.000196712
0.000217675
0.000248452
0.000294045
0.000362604
0.000466579
0.000620748
0.000839002
0.00110757
0.0016341
0.00357063
0.0144324
0.0647893
0.292146
0.0201491
0.0119653
0.00684094
0.00399575
0.00232136
0.00134001
0.000835288
0.000613967
0.000514625
0.000450983
0.000395356
0.000346009
0.000305543
0.000274217
0.000250377
0.000231987
0.000217417
0.000205627
0.000196065
0.000188508
0.000183019
0.000179474
0.000179529
0.000181207
0.000185732
0.000194856
0.000209203
0.000230494
0.000261672
0.000307742
0.000376907
0.000482306
0.000639725
0.000866491
0.00113492
0.00162726
0.00339946
0.014079
0.0672218
0.300326
0.0141836
0.0103573
0.00687092
0.00440522
0.00269743
0.00160083
0.000979258
0.000678124
0.000542845
0.000469774
0.000414687
0.000366512
0.000325457
0.000292445
0.000266838
0.000247129
0.000231791
0.000219676
0.000210081
0.000202632
0.000197352
0.000194101
0.000194335
0.000196278
0.00020113
0.000210731
0.000225621
0.00024759
0.000279592
0.000326643
0.000396948
0.000504337
0.000665138
0.000901277
0.00117143
0.00162725
0.00324992
0.0137384
0.0697207
0.308532
0.00901839
0.00832835
0.00671179
0.00470078
0.00307523
0.00192051
0.00119287
0.000794857
0.000599587
0.00050061
0.000438122
0.00038894
0.000347552
0.000313523
0.000286541
0.000265597
0.000249425
0.000236901
0.000227258
0.000220001
0.000215026
0.000212427
0.000212961
0.000215402
0.000221007
0.000231361
0.000247105
0.000270078
0.000303273
0.000351766
0.000423738
0.000533719
0.000697966
0.000943899
0.00121658
0.00164446
0.00311777
0.0134254
0.0720514
0.316834
0.00512027
0.00619821
0.00613774
0.0050098
0.00347579
0.00228084
0.00146099
0.000962306
0.000691305
0.000550432
0.000470108
0.000415352
0.000372595
0.000337848
0.000309952
0.000288057
0.000271174
0.000258305
0.000248676
0.000241806
0.000237214
0.000235705
0.000236677
0.000239829
0.000246557
0.000257891
0.000274724
0.000298946
0.000333619
0.000383935
0.000458036
0.000571177
0.000738884
0.000993982
0.00126856
0.00166713
0.00300568
0.0131195
0.0740915
0.325328
0.00266796
0.00424299
0.0052856
0.00490096
0.00384002
0.00269518
0.00181677
0.00121997
0.000852935
0.000644005
0.000525625
0.0004525
0.000402221
0.000364779
0.000335932
0.000313652
0.000296633
0.000283937
0.000274662
0.000268571
0.000264592
0.000264618
0.000266157
0.000270227
0.000278381
0.000290856
0.000308927
0.00033458
0.000370973
0.000423474
0.000500225
0.000617431
0.000788184
0.00105132
0.00132511
0.00169671
0.00294513
0.012878
0.0758696
0.33411
0.00133608
0.00267535
0.00432878
0.0045271
0.00399827
0.00303643
0.0021878
0.00154408
0.00109981
0.000812296
0.000635053
0.000525819
0.000454169
0.000404832
0.000369767
0.000344516
0.000326327
0.000313542
0.000304795
0.000299438
0.000297086
0.00029784
0.000300484
0.000306156
0.000315654
0.000329505
0.000349051
0.000376498
0.000415046
0.000470687
0.000551339
0.000673301
0.000847158
0.00111563
0.00138303
0.00173186
0.00292514
0.0127743
0.0771961
0.343233
0.00094309
0.00166459
0.00325977
0.00395082
0.00385407
0.00335439
0.00260034
0.00194538
0.00144224
0.00108111
0.000831906
0.000664082
0.000555644
0.000482061
0.000430904
0.000395086
0.000369985
0.000353022
0.000342424
0.000336172
0.000334557
0.000335803
0.000339371
0.000346618
0.000357703
0.000373445
0.000395263
0.000425766
0.000468173
0.000529316
0.000615547
0.000744605
0.000922049
0.00119304
0.00144736
0.00180321
0.00303317
0.0127876
0.0779377
0.352986
0.00089341
0.00112274
0.0022699
0.003207
0.00351836
0.00334685
0.00293787
0.0024055
0.00190895
0.00149832
0.00118046
0.000943281
0.00076949
0.000645077
0.000559769
0.000500267
0.000458541
0.000429793
0.000410322
0.000398715
0.000392075
0.000392431
0.000395346
0.000402285
0.000414962
0.000433739
0.000459922
0.000496707
0.000546723
0.000618205
0.000714804
0.000857326
0.00104147
0.00131881
0.00157541
0.00202574
0.0034901
0.0136493
0.0787725
0.36441
0.000855541
0.000851795
0.00156879
0.00241475
0.00296595
0.00323194
0.00311675
0.00282718
0.00244087
0.00205218
0.00170045
0.00139966
0.00115878
0.000976927
0.000839238
0.000737331
0.000662616
0.000609047
0.0005707
0.000546197
0.000530126
0.000525219
0.000527488
0.000534784
0.000549981
0.000575113
0.000611392
0.000663347
0.000731986
0.000827969
0.000951098
0.00112626
0.00134106
0.00166904
0.00202061
0.00273511
0.00493365
0.0170216
0.0861142
0.379238
0.00143935
0.00110649
0.00160608
0.00228823
0.00295332
0.00337198
0.0034999
0.00342374
0.00320187
0.00288802
0.00256034
0.00224865
0.00196806
0.0017282
0.00153183
0.00137672
0.00125846
0.00117175
0.00111087
0.00107329
0.00105237
0.00105417
0.00106502
0.00109041
0.00113112
0.00119119
0.00125776
0.00135289
0.00148052
0.00165421
0.00186664
0.00214712
0.00250541
0.00302727
0.00378579
0.00539745
0.00968984
0.0266568
0.104157
0.402262
0.00365866
0.0033053
0.00447272
0.00529849
0.0059766
0.006469
0.00674268
0.00676632
0.00663566
0.00636452
0.00605676
0.00574058
0.00544588
0.00519227
0.00499013
0.00484276
0.00474963
0.00470846
0.00471545
0.0047475
0.00481768
0.0049291
0.00506946
0.00524378
0.00545272
0.00570692
0.00599313
0.00634686
0.00673195
0.00722229
0.00777724
0.008642
0.00978262
0.0115581
0.014185
0.0187565
0.0280849
0.0549677
0.142824
0.436759
0.0164133
0.0374056
0.0526405
0.0593974
0.061803
0.0619156
0.0610564
0.0594225
0.0573807
0.0554351
0.0537945
0.0524487
0.0513927
0.0506241
0.050116
0.0498341
0.0498396
0.0499474
0.0502188
0.0506946
0.0513031
0.0520656
0.0529553
0.0540174
0.0552068
0.0566168
0.058161
0.0599969
0.0619924
0.0643753
0.0670321
0.0700134
0.073631
0.0798835
0.087522
0.0996353
0.114947
0.152897
0.243998
0.497776
0.281399
0.542897
0.719196
0.792611
0.818985
0.818197
0.809826
0.790994
0.766752
0.741792
0.717838
0.695729
0.675724
0.657813
0.641846
0.627619
0.61495
0.603618
0.593457
0.584353
0.576175
0.568851
0.562284
0.556456
0.55127
0.546769
0.542834
0.539592
0.536843
0.534911
0.533403
0.533085
0.53326
0.533834
0.535303
0.538199
0.545351
0.554691
0.605447
0.580062
)
;

boundaryField
{
    movingWall
    {
        type            epsilonWallFunction;
        blending        stepwise;
        value           nonuniform List<scalar> 
40
(
0.281399
0.542897
0.719196
0.792611
0.818985
0.818197
0.809826
0.790994
0.766752
0.741792
0.717838
0.695729
0.675724
0.657813
0.641846
0.627619
0.61495
0.603618
0.593457
0.584353
0.576175
0.568851
0.562284
0.556456
0.55127
0.546769
0.542834
0.539592
0.536843
0.534911
0.533403
0.533085
0.53326
0.533834
0.535303
0.538199
0.545351
0.554691
0.605447
0.580062
)
;
    }
    fixedWalls
    {
        type            epsilonWallFunction;
        blending        stepwise;
        value           nonuniform List<scalar> 
120
(
0.000312762
0.000693258
0.00150712
0.00247531
0.00319492
0.00361604
0.00385707
0.00416357
0.00515831
0.00741326
0.0101412
0.0132151
0.0165257
0.0198467
0.0234054
0.0270171
0.0305806
0.0339905
0.0371549
0.039874
0.0418208
0.0422219
0.0416651
0.0400088
0.0366575
0.0319437
0.026281
0.0201491
0.0141836
0.00901839
0.00512027
0.00266796
0.00133608
0.00094309
0.00089341
0.000855541
0.00143935
0.00365866
0.0164133
0.281399
0.00154108
0.00184374
0.00235644
0.00285488
0.0031725
0.00356317
0.00422277
0.0052732
0.00667928
0.00955785
0.0194781
0.0383483
0.0643614
0.0933753
0.122139
0.148973
0.172817
0.193377
0.210818
0.225366
0.237601
0.248315
0.257968
0.266979
0.275575
0.283926
0.292146
0.300326
0.308532
0.316834
0.325328
0.33411
0.343233
0.352986
0.36441
0.379238
0.402262
0.436759
0.497776
0.580062
0.000312762
0.000407709
0.000594429
0.000798709
0.000959451
0.00107318
0.00121399
0.0013969
0.00160085
0.00192094
0.00283839
0.00606698
0.0120366
0.0211637
0.0322576
0.0436494
0.0539961
0.0622167
0.0675543
0.0700734
0.070835
0.0698151
0.0666125
0.0623595
0.0573705
0.0520478
0.0465259
0.041077
0.0358756
0.0308114
0.0257836
0.0205069
0.0155717
0.0127324
0.0111609
0.0100604
0.00873868
0.00649618
0.00350315
0.00154108
)
;
    }
    frontAndBack
    {
        type            empty;
    }
}


// ************************************************************************* //
