/*--------------------------------*- C++ -*----------------------------------*\
| =========                 |                                                 |
| \\      /  F ield         | OpenFOAM: The Open Source CFD Toolbox           |
|  \\    /   O peration     | Version:  2412                                  |
|   \\  /    A nd           | Website:  www.openfoam.com                      |
|    \\/     M anipulation  |                                                 |
\*---------------------------------------------------------------------------*/
FoamFile
{
    version     2.0;
    format      ascii;
    arch        "LSB;label=32;scalar=64";
    class       volScalarField;
    location    "4.5";
    object      k;
}
// * * * * * * * * * * * * * * * * * * * * * * * * * * * * * * * * * * * * * //

dimensions      [0 2 -2 0 0 0 0];

internalField   nonuniform List<scalar> 
1600
(
9.8509e-05
0.000117543
0.00015111
0.000183984
0.000207891
0.000224003
0.000243206
0.00026708
0.000292501
0.000330297
0.000428476
0.000710899
0.00112233
0.00163476
0.0021648
0.00264806
0.00305121
0.00335324
0.00354212
0.0036295
0.00365568
0.00362036
0.00350877
0.00335773
0.00317618
0.00297656
0.00276215
0.00254207
0.00232271
0.00209866
0.00186368
0.00159987
0.00133163
0.0011644
0.00106649
0.000995176
0.000905988
0.000743489
0.000492603
0.000284946
0.000167502
0.000133835
0.000129526
0.000131922
0.000143274
0.000178033
0.000256919
0.000371739
0.000519687
0.000742855
0.00104
0.00135706
0.00160791
0.00180133
0.00195444
0.0020067
0.00201454
0.00197869
0.00193211
0.00189104
0.00187128
0.00186486
0.00188726
0.00195693
0.00204086
0.00215457
0.00227855
0.00240299
0.00248938
0.0025268
0.0025294
0.00242677
0.00226664
0.00196373
0.00156065
0.00114603
0.000803613
0.000571304
0.000394213
0.000321124
0.000281107
0.000203423
0.00019072
0.000196216
0.000230363
0.000326734
0.000512872
0.000783412
0.00107131
0.00130984
0.00144207
0.00150766
0.00155181
0.00156438
0.00144654
0.0013906
0.00132177
0.00127337
0.00123637
0.00121903
0.00121333
0.00122478
0.00125966
0.00130948
0.00138871
0.00149382
0.00163544
0.00181362
0.00202464
0.00223478
0.0023773
0.00243515
0.00238789
0.00220189
0.00187236
0.00138117
0.000890339
0.00054297
0.000352246
0.000378175
0.00039129
0.000288404
0.000296641
0.000338206
0.000449942
0.000666877
0.000964005
0.00123413
0.00136122
0.00140024
0.00140512
0.00136668
0.00125475
0.00109071
0.00101209
0.000920662
0.000864014
0.000808236
0.000776346
0.000749164
0.000736441
0.000731529
0.000731924
0.000751351
0.000777688
0.000825508
0.000894743
0.00100094
0.00115818
0.00140075
0.00172734
0.00204701
0.00221978
0.00226829
0.00215375
0.0017569
0.00113351
0.000590474
0.000353704
0.000429765
0.000463834
0.000397917
0.000462434
0.000567264
0.000764652
0.00104716
0.00127077
0.00135407
0.00135963
0.00132027
0.00121109
0.00100552
0.000871453
0.000760272
0.000704855
0.000643539
0.000615302
0.000589389
0.00057758
0.000568948
0.000565317
0.000564063
0.000565616
0.000574197
0.000584515
0.000606026
0.000638031
0.000689831
0.000768582
0.000892264
0.00109356
0.00144246
0.00190885
0.00218136
0.00227193
0.00219099
0.00165701
0.000825442
0.000418317
0.000461062
0.000503737
0.000551066
0.000681815
0.000841321
0.00107635
0.00127289
0.00134149
0.0013344
0.00125328
0.00107266
0.000852883
0.000725229
0.000637657
0.000586285
0.000560776
0.000543257
0.000536645
0.000533511
0.000532391
0.000531238
0.000530625
0.000530269
0.000530379
0.000533487
0.000538753
0.000549782
0.000567455
0.000595925
0.000639182
0.000703952
0.000804861
0.000977206
0.00129439
0.0018755
0.00223916
0.00234971
0.00221147
0.00138719
0.000623607
0.00049816
0.0005259
0.000740962
0.000926539
0.00110176
0.0012698
0.00133336
0.00131867
0.00121947
0.000994316
0.000765226
0.000637816
0.000569583
0.000534642
0.000518981
0.000512616
0.000509825
0.000508698
0.000506684
0.000505427
0.000504376
0.000504117
0.000505427
0.00050812
0.000512311
0.000518717
0.000527734
0.000541172
0.000561434
0.000592297
0.000637182
0.000700903
0.000795891
0.000962117
0.00128552
0.00193663
0.0023385
0.0024264
0.00207511
0.000951016
0.000557877
0.000553425
0.000951588
0.0011593
0.00128807
0.00134185
0.0013183
0.00121609
0.000972503
0.00071932
0.000592427
0.00053158
0.000504772
0.000494
0.00048974
0.000487444
0.000483674
0.000481087
0.000479351
0.000478877
0.000480021
0.00048361
0.000488453
0.000494728
0.00050195
0.000510417
0.00051995
0.000531522
0.000546753
0.000569253
0.000604527
0.000656633
0.000723907
0.000827679
0.00101038
0.00138425
0.00210498
0.00244356
0.00245211
0.00141731
0.000646942
0.000638376
0.00115129
0.00132768
0.00137203
0.00134427
0.00124163
0.00100272
0.000716473
0.00057307
0.000509754
0.000484312
0.000474826
0.000470926
0.000466683
0.000461807
0.000458594
0.000457379
0.000457288
0.000460199
0.00046471
0.000471064
0.00047861
0.000487275
0.000496883
0.000507185
0.00051805
0.000529716
0.000543173
0.000559897
0.000583824
0.000622257
0.000686986
0.000768637
0.000891389
0.00112374
0.00162867
0.00234598
0.00258123
0.00205717
0.000757342
0.000812838
0.00131649
0.0014413
0.00143136
0.00130096
0.0010764
0.000768268
0.000577557
0.000499404
0.000469803
0.000459289
0.000454968
0.000449805
0.000443631
0.000440622
0.000439562
0.000439884
0.000442844
0.000447317
0.00045312
0.000460346
0.000468847
0.000478667
0.000489837
0.000502103
0.000515254
0.00052893
0.000542993
0.000558174
0.000577081
0.000603369
0.000646965
0.00072568
0.000834659
0.000997082
0.00133314
0.00208973
0.00261528
0.00257996
0.000961653
0.00100153
0.00143428
0.00152022
0.00141988
0.0011956
0.00088373
0.000616966
0.000502783
0.000461092
0.000446957
0.000441464
0.000436551
0.000429506
0.000426171
0.000425135
0.000425257
0.000427371
0.000430612
0.000434683
0.000439843
0.000446352
0.000454375
0.000464137
0.000475853
0.000489465
0.000504884
0.000521743
0.000539482
0.000557487
0.000575907
0.000597801
0.000628732
0.000682089
0.000782516
0.00093419
0.00117766
0.00171865
0.0026329
0.00292018
0.00154575
0.00119474
0.00151852
0.00156682
0.00137821
0.00105612
0.000715019
0.000530595
0.000461099
0.000438255
0.000430277
0.000425959
0.000419025
0.000414628
0.000413236
0.000413089
0.000413988
0.000415596
0.000417481
0.000419923
0.000423398
0.000428348
0.000435139
0.000444095
0.000455598
0.000469773
0.000486684
0.00050615
0.000527707
0.000550541
0.000573631
0.000596632
0.000623078
0.000662356
0.00073398
0.000870186
0.00109411
0.00151332
0.0024859
0.0031898
0.0024281
0.00138665
0.00155741
0.00156257
0.00129387
0.000910838
0.000607235
0.000479271
0.000435757
0.000422303
0.0004169
0.00041158
0.000405722
0.000403514
0.000403056
0.000403069
0.000403171
0.000403087
0.000402997
0.000403308
0.000404782
0.000407905
0.000413225
0.000421091
0.000431982
0.000446183
0.000463884
0.000485081
0.000509475
0.000536379
0.000564687
0.000593116
0.000621415
0.000654951
0.000710693
0.000822671
0.00102614
0.00139638
0.00223589
0.00345308
0.00342907
0.00156654
0.00157008
0.00153986
0.00119802
0.00078977
0.000539582
0.000447274
0.000418863
0.00040995
0.000405573
0.000399673
0.000395868
0.000394676
0.000394315
0.000393597
0.000392081
0.000389924
0.000387646
0.000386218
0.000385814
0.000387053
0.000390911
0.000397648
0.00040775
0.000421647
0.000439658
0.000461949
0.000488402
0.000518469
0.000551068
0.000584653
0.000617838
0.000651683
0.000697262
0.000782962
0.000962503
0.00129779
0.00199793
0.00358772
0.00439446
0.00174856
0.00156251
0.00149157
0.00110847
0.000695741
0.00049496
0.000426227
0.000406875
0.000400529
0.000396099
0.000390607
0.000388118
0.000387209
0.000386368
0.000384307
0.000380992
0.000376914
0.000372794
0.000369434
0.00036782
0.000367558
0.000369964
0.000375609
0.000384831
0.000398165
0.00041606
0.000438867
0.000466685
0.000499185
0.000535411
0.000573715
0.000612109
0.000649796
0.000691907
0.000764053
0.000923444
0.00125056
0.00191608
0.00356386
0.00525593
0.00192403
0.00154317
0.00143163
0.00102572
0.000633244
0.000464814
0.000411934
0.000398245
0.000393302
0.000388543
0.00038374
0.000381661
0.000380649
0.000378868
0.000375381
0.000370461
0.000364798
0.000359198
0.000354428
0.000351522
0.000350481
0.000351566
0.000356179
0.000364488
0.000377072
0.000394501
0.000417299
0.000445802
0.00047994
0.000518956
0.000561184
0.000604164
0.00064577
0.000688096
0.000747192
0.000875613
0.00117765
0.00182859
0.00349777
0.00599995
0.00208963
0.00151254
0.00136809
0.000958092
0.000591243
0.000444596
0.000402309
0.000392188
0.000387921
0.000382788
0.000378278
0.000376188
0.000374677
0.00037188
0.000367173
0.000361007
0.000354171
0.000347499
0.000341741
0.000337813
0.000336186
0.000336341
0.000340022
0.000347433
0.000359166
0.000375878
0.000398256
0.000426884
0.000462004
0.000503171
0.000548879
0.00059642
0.000642598
0.000686631
0.000740291
0.000852992
0.00113862
0.00177603
0.0034481
0.00662419
0.00224215
0.00148023
0.00131004
0.000908075
0.000563356
0.000430506
0.000395678
0.000388002
0.000384042
0.000378483
0.000373825
0.000371414
0.000369247
0.000365583
0.00035999
0.000352987
0.000345396
0.000338053
0.00033169
0.000327004
0.000324782
0.000324473
0.000327349
0.000333923
0.000344769
0.000360606
0.00038225
0.000410511
0.000445955
0.0004885
0.00053689
0.000588303
0.000638724
0.000685534
0.000734744
0.000825542
0.00108365
0.00172027
0.0033907
0.00713969
0.00237917
0.0014502
0.00125685
0.000872606
0.000546209
0.00042202
0.000391484
0.000385475
0.000381466
0.000375344
0.000370247
0.00036726
0.000364435
0.000360145
0.00035402
0.000346571
0.000338601
0.000330919
0.000324233
0.000319124
0.000316397
0.000315777
0.000318041
0.000323872
0.000333861
0.000348756
0.000369472
0.000397019
0.00043229
0.000475629
0.000526164
0.000581124
0.000635749
0.000685296
0.000732619
0.000812317
0.00105149
0.00168367
0.00334893
0.00756278
0.00249385
0.00142375
0.00121414
0.000851781
0.000538452
0.000415568
0.000388317
0.000383973
0.000379857
0.000373188
0.00036742
0.000363711
0.000360303
0.000355643
0.000349327
0.00034178
0.000333747
0.000326002
0.000319222
0.000313959
0.000310853
0.000309967
0.000311769
0.000316957
0.000326161
0.000340121
0.000359811
0.000386393
0.00042107
0.000464628
0.000516662
0.00057462
0.000633231
0.000685882
0.000731712
0.000796558
0.0010104
0.00164851
0.00332716
0.00790683
0.00257437
0.00141144
0.00117924
0.000841894
0.000540414
0.000414222
0.000386422
0.000383165
0.000379109
0.000371851
0.000365362
0.000360863
0.000356952
0.000352124
0.000345875
0.000338504
0.000330667
0.000323089
0.000316412
0.000311173
0.000307855
0.000306789
0.000308333
0.000312964
0.000321379
0.000334336
0.000352976
0.00037846
0.000412259
0.000455608
0.000508643
0.000569183
0.00063159
0.000687533
0.000732172
0.000788307
0.000981511
0.00162343
0.0033204
0.00819046
0.00259083
0.00141012
0.00115499
0.000843373
0.000547463
0.000415852
0.000385038
0.000382588
0.000378873
0.000371334
0.000363958
0.00035868
0.000354323
0.000349478
0.000343512
0.00033656
0.000329174
0.000322014
0.000315585
0.00031041
0.000306988
0.000305803
0.000307114
0.000311296
0.000319116
0.000331229
0.000348654
0.000372917
0.000405638
0.000448432
0.000501988
0.000564637
0.000630649
0.00068989
0.000733749
0.000778894
0.00094743
0.00159914
0.00334901
0.00843486
0.00256802
0.00141188
0.00113984
0.00084981
0.000562328
0.000420722
0.000385132
0.000381841
0.000378804
0.000371515
0.000363462
0.000357246
0.000352441
0.00034765
0.000342116
0.000335797
0.00032909
0.000322284
0.00031608
0.00031103
0.000307632
0.000306399
0.000307433
0.000311067
0.000318431
0.000329995
0.000346526
0.000369556
0.000401005
0.00044299
0.000496683
0.000561021
0.0006303
0.000693048
0.000736364
0.000773333
0.000919318
0.00157492
0.0034007
0.00865203
0.00249953
0.00141643
0.00113289
0.000864343
0.000586875
0.000431283
0.000386178
0.00038116
0.000378614
0.00037203
0.00036365
0.000356652
0.000351293
0.000346536
0.000341454
0.000335842
0.000329609
0.00032336
0.000317603
0.000312824
0.00030952
0.000308284
0.000309153
0.00031233
0.000319016
0.000329851
0.000345791
0.000367982
0.000398295
0.000439182
0.000492713
0.000558353
0.00063053
0.000696716
0.000739272
0.000767629
0.000889218
0.00154831
0.00347327
0.00885231
0.00235796
0.00141309
0.00113004
0.000885006
0.000617648
0.000448129
0.000389285
0.000379719
0.000377943
0.000372873
0.000364284
0.000356778
0.000350855
0.000345985
0.000341338
0.000336251
0.000330831
0.000325323
0.000320099
0.000315642
0.000312444
0.000311181
0.000311938
0.000314783
0.000320937
0.000331152
0.000346197
0.000367542
0.000397117
0.000437114
0.000490274
0.00055677
0.000631357
0.000700744
0.00074262
0.000763371
0.000862062
0.00151722
0.00355887
0.00904124
0.00215121
0.00140142
0.00113001
0.000911643
0.000658371
0.000474328
0.000396199
0.000379649
0.000377083
0.000372833
0.000365181
0.000357236
0.000350941
0.000345902
0.000341449
0.000337028
0.000332386
0.00032762
0.000323017
0.000318992
0.000316003
0.000314807
0.000315508
0.00031813
0.000323884
0.000333635
0.000348063
0.000368495
0.000396957
0.000436347
0.0004892
0.000556128
0.000632699
0.000704949
0.000745014
0.00075817
0.000835702
0.00148236
0.00365598
0.00922288
0.00188876
0.00137152
0.00112941
0.000936275
0.000702266
0.000509338
0.000410258
0.000381227
0.000375212
0.000372258
0.000365909
0.000358178
0.000351324
0.000346015
0.00034171
0.000337796
0.000333885
0.000329903
0.000326017
0.000322559
0.000319928
0.000318974
0.000319697
0.000322236
0.000327782
0.00033723
0.000351229
0.00037108
0.000398755
0.000437039
0.000489099
0.000556259
0.000634597
0.000709142
0.000746023
0.000752009
0.000809474
0.00144375
0.00375977
0.00939992
0.00158208
0.00130721
0.00112413
0.000965979
0.000753771
0.000554859
0.000433061
0.00038659
0.000375088
0.000370885
0.000365685
0.000358671
0.000351871
0.000346294
0.000341962
0.000338393
0.000335125
0.000331936
0.000328857
0.000326129
0.000324058
0.000323615
0.000324474
0.000327126
0.000332752
0.000342102
0.000355878
0.000375356
0.000402495
0.000440104
0.000491475
0.000558211
0.000637097
0.000712618
0.000746045
0.000743453
0.0007806
0.0014039
0.00386879
0.00957445
0.00125179
0.00120482
0.00111123
0.000980938
0.000802576
0.000610548
0.000469757
0.000399273
0.000377215
0.000369845
0.000364732
0.000358531
0.000351975
0.000346374
0.000342043
0.000338745
0.000336043
0.000333647
0.00033147
0.000329639
0.00032846
0.000328685
0.000329935
0.00033301
0.000339084
0.000348561
0.000362329
0.000381634
0.000408423
0.000445399
0.000495844
0.000561375
0.000639555
0.000714172
0.000741639
0.000730756
0.000748813
0.00136194
0.00397733
0.00974792
0.000925454
0.00106746
0.00107419
0.00100593
0.000848245
0.000669098
0.000518281
0.000424837
0.000385029
0.000371273
0.000364362
0.000357998
0.000351747
0.000346263
0.000342023
0.000338935
0.000336751
0.000335145
0.000333971
0.000333209
0.000333332
0.000334172
0.000336239
0.000340351
0.00034702
0.000356878
0.000370844
0.000390134
0.000416694
0.000452987
0.000502119
0.00056531
0.000640729
0.000714315
0.000732953
0.000712435
0.000712183
0.00131992
0.00407829
0.00992185
0.000634382
0.00090277
0.00101602
0.000995851
0.000904513
0.000732979
0.000579122
0.000467251
0.000403793
0.000377861
0.000366266
0.000358567
0.000351965
0.000346351
0.000342027
0.000339115
0.000337352
0.000336518
0.000336582
0.00033704
0.000338194
0.000340426
0.000343877
0.000349073
0.000356577
0.000366996
0.000381315
0.000400657
0.000426979
0.000462259
0.000509269
0.000567365
0.000640575
0.000708
0.000716296
0.000686103
0.000670313
0.0012777
0.0041681
0.0100982
0.000410674
0.000724458
0.000948951
0.000969607
0.000924435
0.000799247
0.000648534
0.000526545
0.000442154
0.000395998
0.000374464
0.00036242
0.000353979
0.000347502
0.000342789
0.000339798
0.000338346
0.000338465
0.000339227
0.000340939
0.000343669
0.000347315
0.000352173
0.000358597
0.000367063
0.000378094
0.00039285
0.000412166
0.000437996
0.000470273
0.000513064
0.00056755
0.000634849
0.000691134
0.000689272
0.000646733
0.000626976
0.00123779
0.004249
0.010279
0.000258947
0.000553874
0.000850956
0.000930984
0.000916929
0.000855094
0.000723461
0.000600051
0.000503784
0.000434143
0.000396673
0.000375427
0.000361945
0.000352644
0.00034631
0.000342415
0.000340715
0.000341048
0.000342305
0.000344971
0.000348891
0.000353804
0.000359911
0.000367368
0.000376674
0.000388285
0.000402945
0.000420865
0.000444086
0.000473288
0.0005137
0.000560472
0.000618837
0.000657108
0.000647724
0.000593245
0.000584089
0.00121076
0.00431261
0.0104651
0.000205538
0.000420645
0.00072687
0.000874157
0.000896721
0.000871611
0.000799961
0.000686627
0.000588312
0.000510384
0.000449518
0.000409582
0.000385094
0.000368915
0.000358012
0.000351125
0.000347169
0.000346632
0.000347427
0.000349585
0.000353627
0.000358878
0.000365425
0.000373192
0.000382583
0.000393451
0.000407145
0.000423423
0.000444913
0.000470547
0.000504661
0.000540275
0.000584889
0.000601346
0.00058503
0.000532676
0.000555949
0.00119981
0.00435546
0.0106623
0.000198309
0.000334712
0.000595556
0.000776976
0.000854108
0.000865911
0.000842441
0.000779535
0.000687971
0.000605458
0.000536908
0.000480336
0.000439527
0.000410989
0.000390617
0.000376556
0.000366929
0.00036161
0.000359334
0.000359671
0.000361204
0.000364485
0.000369523
0.000375824
0.00038383
0.000393071
0.000404751
0.000417459
0.000434658
0.000453653
0.000478027
0.000500043
0.000524142
0.000523979
0.000511739
0.000499254
0.000546781
0.00121385
0.0044013
0.010891
0.000192716
0.000298092
0.000495905
0.000683771
0.000806929
0.000867276
0.000882606
0.000867056
0.000824053
0.000753291
0.000680884
0.000616035
0.000557936
0.000508943
0.000470893
0.000442506
0.000421163
0.00040537
0.000394154
0.000386924
0.000382541
0.000380376
0.000380689
0.000382047
0.000385083
0.000389702
0.000396199
0.000404426
0.000414598
0.000424374
0.000436898
0.000448231
0.000462158
0.000476149
0.00047989
0.000490838
0.000604341
0.00139447
0.00463631
0.0111844
0.000272473
0.000321528
0.000459704
0.000619418
0.000768746
0.000877105
0.000929834
0.000955266
0.000949667
0.000926559
0.000877689
0.00081792
0.000755334
0.000694925
0.000638868
0.000588172
0.000545462
0.000508726
0.000479891
0.000457801
0.000441302
0.000428486
0.000419365
0.000412461
0.000408258
0.000405335
0.000404303
0.000405004
0.000407344
0.000411856
0.000420296
0.000430493
0.000447729
0.000469966
0.000510104
0.00060548
0.000883248
0.00189363
0.00524371
0.0116326
0.000507152
0.000413383
0.000561641
0.000709438
0.000845927
0.000955598
0.00103143
0.00107067
0.00106897
0.00105621
0.00102504
0.000977422
0.000924739
0.000871986
0.000822115
0.000776743
0.000736722
0.000703471
0.000674328
0.000650099
0.000630952
0.000616889
0.000607404
0.000602598
0.000603597
0.00060759
0.000616178
0.00063224
0.000652378
0.000681817
0.000717943
0.000773894
0.000849637
0.000961309
0.00112297
0.0013787
0.00186941
0.00315217
0.00637903
0.0122885
0.00137902
0.00173533
0.00230872
0.00256523
0.00267501
0.00270944
0.0027061
0.00268082
0.0026251
0.00256921
0.00252126
0.00247695
0.00243882
0.00240932
0.00238877
0.00237803
0.00237923
0.00238604
0.00240161
0.00242724
0.00246009
0.00250159
0.00255011
0.00260824
0.00267329
0.0027504
0.0028339
0.00293345
0.0030395
0.00316775
0.00330438
0.00346768
0.00364236
0.00390419
0.00418885
0.00462791
0.00515456
0.00640814
0.00869639
0.0134079
0.00916717
0.014207
0.0171367
0.018284
0.0186876
0.0186756
0.0185479
0.018259
0.0178838
0.0174932
0.0171143
0.0167608
0.0164377
0.0161457
0.0158832
0.0156475
0.0154361
0.0152458
0.0150742
0.0149196
0.01478
0.0146545
0.0145415
0.0144409
0.0143511
0.0142729
0.0142044
0.0141478
0.0140998
0.014066
0.0140396
0.0140342
0.0140373
0.0140474
0.0140732
0.014124
0.0142489
0.0144112
0.0152776
0.0148475
)
;

boundaryField
{
    movingWall
    {
        type            kqRWallFunction;
        value           nonuniform List<scalar> 
40
(
0.00916717
0.014207
0.0171367
0.018284
0.0186876
0.0186756
0.0185479
0.018259
0.0178838
0.0174932
0.0171143
0.0167608
0.0164377
0.0161457
0.0158832
0.0156475
0.0154361
0.0152458
0.0150742
0.0149196
0.01478
0.0146545
0.0145415
0.0144409
0.0143511
0.0142729
0.0142044
0.0141478
0.0140998
0.014066
0.0140396
0.0140342
0.0140373
0.0140474
0.0140732
0.014124
0.0142489
0.0144112
0.0152776
0.0148475
)
;
    }
    fixedWalls
    {
        type            kqRWallFunction;
        value           nonuniform List<scalar> 
120
(
9.8509e-05
0.000167502
0.000281107
0.00039129
0.000463834
0.000503737
0.0005259
0.000553425
0.000638376
0.000812838
0.00100153
0.00119474
0.00138665
0.00156654
0.00174856
0.00192403
0.00208963
0.00224215
0.00237917
0.00249385
0.00257437
0.00259083
0.00256802
0.00249953
0.00235796
0.00215121
0.00188876
0.00158208
0.00125179
0.000925454
0.000634382
0.000410674
0.000258947
0.000205538
0.000198309
0.000192716
0.000272473
0.000507152
0.00137902
0.00916717
0.000284946
0.000321124
0.000378175
0.000429765
0.000461062
0.00049816
0.000557877
0.000646942
0.000757342
0.000961653
0.00154575
0.0024281
0.00342907
0.00439446
0.00525593
0.00599995
0.00662419
0.00713969
0.00756278
0.00790683
0.00819046
0.00843486
0.00865203
0.00885231
0.00904124
0.00922288
0.00939992
0.00957445
0.00974792
0.00992185
0.0100982
0.010279
0.0104651
0.0106623
0.010891
0.0111844
0.0116326
0.0122885
0.0134079
0.0148475
9.8509e-05
0.000117543
0.00015111
0.000183984
0.000207891
0.000224003
0.000243206
0.00026708
0.000292501
0.000330297
0.000428476
0.000710899
0.00112233
0.00163476
0.0021648
0.00264806
0.00305121
0.00335324
0.00354212
0.0036295
0.00365568
0.00362036
0.00350877
0.00335773
0.00317618
0.00297656
0.00276215
0.00254207
0.00232271
0.00209866
0.00186368
0.00159987
0.00133163
0.0011644
0.00106649
0.000995176
0.000905988
0.000743489
0.000492603
0.000284946
)
;
    }
    frontAndBack
    {
        type            empty;
    }
}


// ************************************************************************* //
