/*--------------------------------*- C++ -*----------------------------------*\
| =========                 |                                                 |
| \\      /  F ield         | OpenFOAM: The Open Source CFD Toolbox           |
|  \\    /   O peration     | Version:  2412                                  |
|   \\  /    A nd           | Website:  www.openfoam.com                      |
|    \\/     M anipulation  |                                                 |
\*---------------------------------------------------------------------------*/
FoamFile
{
    version     2.0;
    format      ascii;
    arch        "LSB;label=32;scalar=64";
    class       volScalarField;
    location    "5.25";
    object      k;
}
// * * * * * * * * * * * * * * * * * * * * * * * * * * * * * * * * * * * * * //

dimensions      [0 2 -2 0 0 0 0];

internalField   nonuniform List<scalar> 
1600
(
0.000121488
0.000143382
0.000180521
0.000216406
0.000240803
0.000255951
0.000275648
0.000301076
0.000328717
0.000369385
0.000474247
0.000779301
0.00122168
0.00176464
0.00231712
0.0028156
0.0032271
0.00353111
0.00371494
0.00379796
0.00382083
0.00377404
0.00365635
0.00349579
0.00330825
0.0031028
0.0028841
0.00266021
0.0024397
0.00220795
0.00196617
0.00169226
0.00141724
0.00125322
0.00115093
0.00107348
0.000976958
0.000802137
0.000532366
0.00030661
0.000208771
0.000167215
0.000157646
0.000158404
0.000168803
0.000207366
0.000298336
0.000425766
0.000589577
0.000838965
0.00115168
0.00148186
0.00173184
0.00192999
0.00207698
0.00212172
0.00212524
0.00207865
0.00202976
0.00198756
0.00196817
0.00196283
0.00199617
0.00207349
0.0021713
0.00229641
0.00243561
0.00257148
0.00266591
0.00270705
0.00270981
0.00259645
0.00242335
0.00209548
0.0016636
0.00122369
0.000862535
0.000617444
0.000427945
0.000345244
0.0003464
0.000252218
0.000232233
0.000235306
0.000270999
0.000381677
0.000596644
0.000892787
0.00119791
0.0014316
0.00155158
0.00161102
0.00164805
0.00165416
0.00151341
0.00145079
0.00137341
0.00132022
0.00127869
0.00125909
0.00125234
0.00126266
0.00130027
0.0013533
0.00144082
0.00155678
0.00171621
0.00191608
0.00215344
0.00238209
0.00254057
0.0026035
0.00255044
0.00234633
0.00198342
0.00145878
0.000942606
0.000580937
0.000379432
0.000405453
0.0004727
0.000351425
0.000356948
0.000399383
0.000525841
0.000771998
0.00109652
0.00135673
0.0014694
0.00149682
0.00149684
0.00143676
0.00129471
0.00111882
0.00103088
0.000928535
0.000864593
0.000800661
0.000763208
0.000728973
0.000712218
0.000704533
0.000703206
0.000720174
0.000748804
0.000799287
0.000877125
0.000997041
0.0011802
0.00146616
0.00183498
0.00218342
0.00236998
0.00241969
0.00228879
0.00184567
0.00118489
0.000623302
0.000376981
0.000460587
0.00055154
0.000478672
0.000545827
0.000656096
0.00087271
0.00117827
0.00138938
0.00145903
0.00145388
0.00138822
0.00124835
0.00101635
0.000873999
0.000751406
0.000690105
0.000620134
0.000587718
0.00055529
0.00054017
0.000525922
0.000519294
0.000515859
0.000514956
0.000520511
0.000530294
0.000550461
0.000583725
0.000638529
0.000726418
0.000869139
0.00110738
0.00152654
0.00204197
0.00233407
0.0024232
0.00232134
0.00172666
0.000856614
0.000438211
0.000493172
0.000592979
0.000653741
0.00079051
0.000954988
0.00120318
0.00138988
0.00144755
0.00142068
0.00131022
0.00108101
0.000852746
0.000709089
0.0006217
0.000562374
0.000533913
0.000511764
0.00050276
0.000495376
0.000491995
0.000486557
0.000483717
0.000479846
0.000478151
0.000477647
0.000480917
0.000489022
0.000504409
0.00053045
0.000573259
0.000642579
0.000758013
0.000963704
0.00135384
0.00202193
0.0023981
0.00250307
0.00233652
0.00144049
0.000645208
0.000529068
0.000616817
0.000866948
0.00105777
0.00123
0.00138643
0.00144041
0.00140538
0.00126704
0.000987329
0.000753229
0.000620063
0.000547106
0.00051069
0.000492706
0.0004847
0.000479007
0.000476066
0.000470392
0.000466763
0.000461754
0.000459311
0.000457801
0.000457387
0.000458576
0.000462505
0.000468596
0.000478965
0.000495228
0.000521304
0.000562387
0.000627231
0.000733691
0.000930631
0.00132027
0.00209239
0.00249779
0.0025818
0.00218023
0.000984647
0.000589149
0.00064795
0.00109762
0.00130519
0.00141239
0.00145533
0.00140716
0.00126028
0.000955072
0.000700147
0.000571582
0.000509793
0.000482144
0.000470714
0.000465639
0.000461102
0.000455058
0.00044992
0.000444552
0.000441895
0.000440529
0.000440301
0.000442192
0.00044528
0.000449652
0.000455389
0.000462269
0.000471062
0.000482854
0.000500297
0.000527771
0.000572599
0.000641243
0.000756993
0.000977503
0.00143159
0.00224546
0.00260428
0.00259942
0.00145151
0.000678738
0.000740205
0.00131424
0.00148091
0.00151125
0.00144013
0.00129378
0.000988285
0.0006924
0.000550547
0.000488598
0.000463813
0.000454222
0.000450061
0.000443751
0.000436901
0.000430529
0.000426786
0.000424961
0.000424509
0.000425699
0.000428686
0.000433015
0.000438459
0.000445077
0.000452571
0.000460832
0.000469939
0.000480632
0.000493862
0.000512503
0.000542532
0.000596184
0.000677771
0.000818723
0.0011072
0.00171939
0.00250012
0.00273792
0.00213323
0.000795207
0.000926094
0.00148606
0.00160083
0.00153888
0.0013688
0.00107784
0.00073028
0.000552469
0.000478271
0.000450636
0.0004407
0.00043626
0.000429732
0.000421328
0.000415541
0.000412194
0.000410856
0.000410555
0.000411763
0.000414377
0.000418323
0.000423559
0.000430188
0.000438297
0.000447712
0.000458212
0.000469361
0.000480813
0.000493015
0.000507901
0.000528152
0.00056236
0.000627467
0.000736329
0.000926897
0.00133547
0.00222391
0.00276912
0.00268592
0.000953671
0.00112981
0.00160963
0.00167912
0.00151082
0.00121799
0.00084744
0.00058466
0.000479907
0.000442206
0.000429617
0.000424546
0.000418338
0.000409736
0.000403228
0.000400048
0.000398525
0.00039795
0.00039786
0.000398979
0.000401089
0.000404494
0.00040937
0.000416036
0.000424697
0.000435412
0.000448093
0.000462353
0.000477495
0.000492626
0.000507455
0.000524344
0.000547712
0.000589651
0.000676933
0.000837785
0.00113486
0.00178534
0.00278039
0.00305324
0.001512
0.00133334
0.00168277
0.0017051
0.00143713
0.00103876
0.000673686
0.000502416
0.00044089
0.000421286
0.000414381
0.000409423
0.000400946
0.00039368
0.000389831
0.000387937
0.000386424
0.000385131
0.000384288
0.000384021
0.000384644
0.000386747
0.000390619
0.000396655
0.000405191
0.000416448
0.00043051
0.000447199
0.000465984
0.000485875
0.000505502
0.00052393
0.000543792
0.000572986
0.000630146
0.000751885
0.00100176
0.00150718
0.00262478
0.00331931
0.00238998
0.00153433
0.00172192
0.00168974
0.0013204
0.000872776
0.000570624
0.000454694
0.000417673
0.000406436
0.000401564
0.00039486
0.000386526
0.000381627
0.000379087
0.000376956
0.000374364
0.000371597
0.000368968
0.000367113
0.000366375
0.000366723
0.000369409
0.000374585
0.00038266
0.000393968
0.000408736
0.000426967
0.00044834
0.000472061
0.000496789
0.000520786
0.00054297
0.000567454
0.000609226
0.000707051
0.000916038
0.00135533
0.00232917
0.00357802
0.00341593
0.00171948
0.00172473
0.0016484
0.00120416
0.000736452
0.0005059
0.000425346
0.000402178
0.000394845
0.000389974
0.000382267
0.000375454
0.00037206
0.000369426
0.00036614
0.000361985
0.000357484
0.000353117
0.00034946
0.000347344
0.000346634
0.000347887
0.000352183
0.000359633
0.000370681
0.000385685
0.000404838
0.000428034
0.000454677
0.00048352
0.000512659
0.000540027
0.000565377
0.000597903
0.000664589
0.000829878
0.0012084
0.0020383
0.00372083
0.0044223
0.00191229
0.00171108
0.00157816
0.00108875
0.000647934
0.000464181
0.000406311
0.000391066
0.000385594
0.000379891
0.00037222
0.000366812
0.00036373
0.000360182
0.000355424
0.000349662
0.000343539
0.000337637
0.000332558
0.000329134
0.000327718
0.000327738
0.000331112
0.000337816
0.000348318
0.000363097
0.000382546
0.00040682
0.000435608
0.000467872
0.000501681
0.000534438
0.000564199
0.000593916
0.000646746
0.000787864
0.00113704
0.00191066
0.00372791
0.00532688
0.00210031
0.00167855
0.00150137
0.000991741
0.000588351
0.000436538
0.000393522
0.000382836
0.000378136
0.000371627
0.000364377
0.000359643
0.000356061
0.000351319
0.000345149
0.000337997
0.000330566
0.000323496
0.000317398
0.00031286
0.000310637
0.000310098
0.000312462
0.000318343
0.000328084
0.00034226
0.000361445
0.000386062
0.000416129
0.00045091
0.000488569
0.000526124
0.000560369
0.000591396
0.000632173
0.000735552
0.00103954
0.00179126
0.00361706
0.00610821
0.00227583
0.00163704
0.00142575
0.000918036
0.000548197
0.000417998
0.000384882
0.000377031
0.000372363
0.000365156
0.000358153
0.000353386
0.000348941
0.000343052
0.000335718
0.000327504
0.000319131
0.000311245
0.000304424
0.000299143
0.00029624
0.000295304
0.000296821
0.000301852
0.000310703
0.00032401
0.000342501
0.000366859
0.000397474
0.000434027
0.000474996
0.000517294
0.000556703
0.000590463
0.000626568
0.000712001
0.000987207
0.00170744
0.00356421
0.00676788
0.00243755
0.00159529
0.00135818
0.000863797
0.000520995
0.000405411
0.00037906
0.000373127
0.000367976
0.00036016
0.000353057
0.000347809
0.000342446
0.000335617
0.000327437
0.000318512
0.000309545
0.000301165
0.000293902
0.000288187
0.000284742
0.000283474
0.000284341
0.000288558
0.000296474
0.000308756
0.000326242
0.00034983
0.000380256
0.000417653
0.000460922
0.000507081
0.000551268
0.00058871
0.000622572
0.000686776
0.000921041
0.00162207
0.00347381
0.00731043
0.00258253
0.00156017
0.00129963
0.000829965
0.000504647
0.000397149
0.000375243
0.000370738
0.000364949
0.000356425
0.000348859
0.00034289
0.000336697
0.00032918
0.000320472
0.000311157
0.000301902
0.000293301
0.00028584
0.00027991
0.000276061
0.000274492
0.000274886
0.000278378
0.000285388
0.000296607
0.000312939
0.000335449
0.000365191
0.000402781
0.000447683
0.000497254
0.000546234
0.000587869
0.000621084
0.000674806
0.000885188
0.0015635
0.00341851
0.00775609
0.00270729
0.00152838
0.00125353
0.000808383
0.00049552
0.000391606
0.000372891
0.000369307
0.00036285
0.000353623
0.00034538
0.000338627
0.000331758
0.000323806
0.000314852
0.000305422
0.00029613
0.000287524
0.000280053
0.000274073
0.000269961
0.000268093
0.000268156
0.000271032
0.000277217
0.000287419
0.000302565
0.000323814
0.000352466
0.000389578
0.000435225
0.000487287
0.000540444
0.000586466
0.000620446
0.000661887
0.00084084
0.00150527
0.00336168
0.00811598
0.00279558
0.00151599
0.00121808
0.000805619
0.000497001
0.00038858
0.000370904
0.000368491
0.000361737
0.000351771
0.000342693
0.000335119
0.000327687
0.000319492
0.000310516
0.000301187
0.000292047
0.000283597
0.000276247
0.000270328
0.000266127
0.000263959
0.000263797
0.000266152
0.000271621
0.000280924
0.000294966
0.000314934
0.000342307
0.000378534
0.000424336
0.000478273
0.000535216
0.000585654
0.000620421
0.000655531
0.00081425
0.00146682
0.00333657
0.00840591
0.00282222
0.00151745
0.00119571
0.000809814
0.000503358
0.00038935
0.000369948
0.000367874
0.000361151
0.000350588
0.000340675
0.000332319
0.000324444
0.000316161
0.000307329
0.000298257
0.000289406
0.000281224
0.000274092
0.00026831
0.000264139
0.000261838
0.000261652
0.000263622
0.000268499
0.000277029
0.000289975
0.000308645
0.000334667
0.000369687
0.000415045
0.000470075
0.000530157
0.000585155
0.000621345
0.000648896
0.000781888
0.00142696
0.00332939
0.00864962
0.00280169
0.00152317
0.00118459
0.000821238
0.000516584
0.000392447
0.000368591
0.000366994
0.00036114
0.000350197
0.000339393
0.00033027
0.000321993
0.000313702
0.00030512
0.00029642
0.000287964
0.000280156
0.000273342
0.000267756
0.000263648
0.000261297
0.000261119
0.000262824
0.000267318
0.000275351
0.000287586
0.000305178
0.000329678
0.000363194
0.000407753
0.000463292
0.000525892
0.000585008
0.000622896
0.000645625
0.000759784
0.0013972
0.00335694
0.00885995
0.00273496
0.00153674
0.00118591
0.000845181
0.000543291
0.000400406
0.000368667
0.00036578
0.00036095
0.000350386
0.000338963
0.000329006
0.00032033
0.000312051
0.00030377
0.000295512
0.000287592
0.000280242
0.000273683
0.000268275
0.000264282
0.000261979
0.000261818
0.000263272
0.000267311
0.000275014
0.00028684
0.000303839
0.000327339
0.000359537
0.000402693
0.00045804
0.000522568
0.00058552
0.000624938
0.00064296
0.000734964
0.00136219
0.00340417
0.00904942
0.00259315
0.00154388
0.0011912
0.000874936
0.000573438
0.000412616
0.000369696
0.00036465
0.000360465
0.000350921
0.000339179
0.000328606
0.000319411
0.00031111
0.000303146
0.000295443
0.000287928
0.000280926
0.000274759
0.000269669
0.000265893
0.00026372
0.000263691
0.000265081
0.00026891
0.000276281
0.000287535
0.000303776
0.000326662
0.000358121
0.000400275
0.000455182
0.000520897
0.000586996
0.000627631
0.000641724
0.000716643
0.00133162
0.00346895
0.00922386
0.0023754
0.00153868
0.00120095
0.000916186
0.000622372
0.000438203
0.000373661
0.000362347
0.000359085
0.000351261
0.00033973
0.000328817
0.000319335
0.000310933
0.000303233
0.000295832
0.000288834
0.000282389
0.000276704
0.000271985
0.000268482
0.000266531
0.000266655
0.00026815
0.000272024
0.000279352
0.000290425
0.00030619
0.000328033
0.000358086
0.000399536
0.000454088
0.000520291
0.000589076
0.000630264
0.00064025
0.000698736
0.00129569
0.00354421
0.00938831
0.00209205
0.00151714
0.00121492
0.000953176
0.000670032
0.000467408
0.00038245
0.000362463
0.000357662
0.000351019
0.000340639
0.000329461
0.000319644
0.000311186
0.000303647
0.000296733
0.000290345
0.00028449
0.000279336
0.000275085
0.00027197
0.000270433
0.000270766
0.000272512
0.00027667
0.000284155
0.00029526
0.000310848
0.00033227
0.000361455
0.000401387
0.000454498
0.000520982
0.000592405
0.000632867
0.000638686
0.000682823
0.00126505
0.00363013
0.00954594
0.00175597
0.00146506
0.0012251
0.00100626
0.00074053
0.000518918
0.000402172
0.000365152
0.000355472
0.000350153
0.000340943
0.000330412
0.000320413
0.000311845
0.000304522
0.000298095
0.000292315
0.000287132
0.000282637
0.000279008
0.00027644
0.000275577
0.0002762
0.000278355
0.000283068
0.000290908
0.00030224
0.000317834
0.000338998
0.000367536
0.000406709
0.000458773
0.000524492
0.000596717
0.000634107
0.000635129
0.000664393
0.00123274
0.00372073
0.00969939
0.00138561
0.00135119
0.00122428
0.00103476
0.000800127
0.000576467
0.000431926
0.000373541
0.000356206
0.000348346
0.000340596
0.000331054
0.000321452
0.000312964
0.000305836
0.00029985
0.000294729
0.000290332
0.000286671
0.000283864
0.000282117
0.000282166
0.000283221
0.000286033
0.000291603
0.000299976
0.000311704
0.000327454
0.000348559
0.00037657
0.000414902
0.000465231
0.000529277
0.000601353
0.000634373
0.000629548
0.000645718
0.00120606
0.00381373
0.00985065
0.00101711
0.00120997
0.00120076
0.00109783
0.000876931
0.000653579
0.000485137
0.000393928
0.000360961
0.000348789
0.000340083
0.000331174
0.000322161
0.000314098
0.000307371
0.000301948
0.000297611
0.000294167
0.000291575
0.000289818
0.000289508
0.000290175
0.000292144
0.000296211
0.00030264
0.00031171
0.00032396
0.000339948
0.000361095
0.000388574
0.00042606
0.000474061
0.000535395
0.000604316
0.000630759
0.000619311
0.000622838
0.00117783
0.00390291
0.0100021
0.000687561
0.00103315
0.00114681
0.00109896
0.000951629
0.000733504
0.000551176
0.000430926
0.000375058
0.000352825
0.000341139
0.000331699
0.000322889
0.000315098
0.000308899
0.000304232
0.00030088
0.000298675
0.000297342
0.000297396
0.000298131
0.000299972
0.000303551
0.000308897
0.000316354
0.000326179
0.000338973
0.000355167
0.000376305
0.000403
0.000439213
0.000483524
0.000539902
0.000605213
0.000622132
0.000603388
0.000597338
0.00115409
0.00399404
0.0101566
0.000438858
0.000831223
0.00108806
0.0010859
0.00101344
0.00083159
0.000642636
0.000498293
0.000407781
0.000366693
0.000346914
0.000334496
0.000324841
0.000316957
0.000310861
0.000306799
0.000304377
0.000303706
0.000304104
0.000305368
0.000307938
0.000311642
0.000316807
0.000323478
0.000332031
0.000342518
0.000355765
0.000372034
0.000392851
0.000418107
0.000450386
0.000488504
0.000541536
0.000599183
0.000604556
0.00057733
0.000569015
0.00113517
0.00407703
0.0103167
0.000277551
0.000632917
0.000988705
0.00105714
0.00102305
0.00092132
0.00073927
0.00058651
0.00047107
0.000401023
0.000365182
0.000344753
0.000331301
0.000321719
0.000314966
0.000310707
0.000308777
0.000309173
0.000310605
0.000313599
0.000317873
0.000323259
0.000329959
0.000337792
0.000347286
0.000358216
0.000371807
0.000386646
0.000405224
0.000426161
0.000454782
0.000489692
0.000538187
0.00057922
0.000575281
0.000540107
0.000540442
0.00112703
0.00415484
0.0104844
0.000241161
0.00047616
0.000850513
0.00100861
0.00101198
0.000970406
0.000856132
0.000701398
0.000574412
0.000475451
0.000411216
0.000374121
0.000350918
0.000335593
0.000325408
0.000319274
0.000316052
0.000316252
0.000317675
0.000320932
0.000326025
0.000332295
0.000339765
0.000348051
0.000357583
0.000367759
0.000379658
0.000392466
0.000409222
0.000427713
0.000453997
0.000481972
0.000518828
0.000539159
0.000528942
0.000498261
0.000526218
0.00112638
0.00421822
0.0106657
0.000239566
0.000376892
0.000691814
0.000908129
0.000983727
0.000977085
0.000934703
0.000834413
0.000707901
0.000598767
0.000508662
0.000444597
0.000402661
0.000374413
0.000355041
0.000342373
0.000334421
0.000330488
0.000330405
0.000331522
0.000334322
0.000339023
0.000345229
0.0003521
0.000360453
0.00036905
0.000379491
0.00038996
0.000403498
0.000417007
0.000436041
0.000454655
0.000474424
0.000481568
0.000477572
0.000477713
0.000524388
0.00118281
0.00430514
0.0108818
0.000240299
0.000339197
0.000571655
0.000796941
0.000936119
0.00098988
0.000988355
0.00095823
0.000885511
0.000782271
0.000684328
0.000594003
0.000524235
0.000473667
0.000436344
0.000408833
0.000388988
0.000374532
0.000365313
0.000359804
0.000356505
0.000356271
0.000357071
0.000358961
0.000362673
0.00036687
0.00037295
0.000379567
0.000388743
0.000398372
0.000410718
0.000422149
0.000436566
0.000452929
0.000458116
0.000473933
0.000596032
0.00137427
0.00457684
0.0111648
0.000325119
0.000371687
0.000536465
0.000727644
0.000902112
0.00101558
0.001061
0.00107847
0.00106514
0.00102628
0.000954392
0.000874612
0.000790442
0.00071087
0.00064176
0.000583144
0.000535809
0.000496414
0.000466302
0.000443746
0.000427047
0.000414343
0.000405376
0.000398392
0.000394212
0.000391182
0.000389887
0.000390607
0.000392794
0.000396856
0.000404717
0.000415002
0.000432549
0.000455691
0.000499874
0.000603184
0.000887157
0.00189047
0.00520625
0.0116187
0.000555994
0.000476508
0.000653092
0.000828203
0.000988733
0.00111506
0.00119086
0.00122331
0.00121746
0.0011959
0.00114783
0.00108311
0.00101252
0.000942361
0.00087732
0.000819825
0.000770261
0.000729171
0.000694861
0.00066519
0.000642754
0.00062448
0.000613237
0.000604342
0.000603266
0.000605468
0.000611477
0.000624485
0.00064014
0.000668101
0.000704726
0.000765074
0.000839973
0.000956983
0.0011161
0.00137993
0.00186801
0.00314162
0.00635208
0.0122736
0.00142996
0.00183503
0.00243668
0.00270428
0.002816
0.00284938
0.00283951
0.00280225
0.0027327
0.00266824
0.00260908
0.00255188
0.00250016
0.00245758
0.0024226
0.00240056
0.00238455
0.00238493
0.00239046
0.0024038
0.00242758
0.00246047
0.0025009
0.00255205
0.00260974
0.00268155
0.00275902
0.00285565
0.00295725
0.00308707
0.00321509
0.0033828
0.00357187
0.00384318
0.00413218
0.00457809
0.00510927
0.00636847
0.00866957
0.0133979
0.00920985
0.0142844
0.0172392
0.0184055
0.0188146
0.0187968
0.018652
0.01833
0.0179181
0.0174921
0.0170821
0.0167028
0.0163588
0.0160504
0.0157743
0.0155283
0.0153078
0.0151105
0.0149333
0.0147742
0.0146313
0.0145036
0.0143898
0.0142894
0.0142018
0.0141265
0.0140641
0.0140132
0.0139766
0.0139503
0.013942
0.013945
0.0139521
0.0139716
0.0140096
0.0140705
0.0142111
0.014382
0.0152638
0.0148368
)
;

boundaryField
{
    movingWall
    {
        type            kqRWallFunction;
        value           nonuniform List<scalar> 
40
(
0.00920985
0.0142844
0.0172392
0.0184055
0.0188146
0.0187968
0.018652
0.01833
0.0179181
0.0174921
0.0170821
0.0167028
0.0163588
0.0160504
0.0157743
0.0155283
0.0153078
0.0151105
0.0149333
0.0147742
0.0146313
0.0145036
0.0143898
0.0142894
0.0142018
0.0141265
0.0140641
0.0140132
0.0139766
0.0139503
0.013942
0.013945
0.0139521
0.0139716
0.0140096
0.0140705
0.0142111
0.014382
0.0152638
0.0148368
)
;
    }
    fixedWalls
    {
        type            kqRWallFunction;
        value           nonuniform List<scalar> 
120
(
0.000121488
0.000208771
0.0003464
0.0004727
0.00055154
0.000592979
0.000616817
0.00064795
0.000740205
0.000926094
0.00112981
0.00133334
0.00153433
0.00171948
0.00191229
0.00210031
0.00227583
0.00243755
0.00258253
0.00270729
0.00279558
0.00282222
0.00280169
0.00273496
0.00259315
0.0023754
0.00209205
0.00175597
0.00138561
0.00101711
0.000687561
0.000438858
0.000277551
0.000241161
0.000239566
0.000240299
0.000325119
0.000555994
0.00142996
0.00920985
0.00030661
0.000345244
0.000405453
0.000460587
0.000493172
0.000529068
0.000589149
0.000678738
0.000795207
0.000953671
0.001512
0.00238998
0.00341593
0.0044223
0.00532688
0.00610821
0.00676788
0.00731043
0.00775609
0.00811598
0.00840591
0.00864962
0.00885995
0.00904942
0.00922386
0.00938831
0.00954594
0.00969939
0.00985065
0.0100021
0.0101566
0.0103167
0.0104844
0.0106657
0.0108818
0.0111648
0.0116187
0.0122736
0.0133979
0.0148368
0.000121488
0.000143382
0.000180521
0.000216406
0.000240803
0.000255951
0.000275648
0.000301076
0.000328717
0.000369385
0.000474247
0.000779301
0.00122168
0.00176464
0.00231712
0.0028156
0.0032271
0.00353111
0.00371494
0.00379796
0.00382083
0.00377404
0.00365635
0.00349579
0.00330825
0.0031028
0.0028841
0.00266021
0.0024397
0.00220795
0.00196617
0.00169226
0.00141724
0.00125322
0.00115093
0.00107348
0.000976958
0.000802137
0.000532366
0.00030661
)
;
    }
    frontAndBack
    {
        type            empty;
    }
}


// ************************************************************************* //
