/*--------------------------------*- C++ -*----------------------------------*\
| =========                 |                                                 |
| \\      /  F ield         | OpenFOAM: The Open Source CFD Toolbox           |
|  \\    /   O peration     | Version:  2412                                  |
|   \\  /    A nd           | Website:  www.openfoam.com                      |
|    \\/     M anipulation  |                                                 |
\*---------------------------------------------------------------------------*/
FoamFile
{
    version     2.0;
    format      ascii;
    arch        "LSB;label=32;scalar=64";
    class       volScalarField;
    location    "5.25";
    object      nut;
}
// * * * * * * * * * * * * * * * * * * * * * * * * * * * * * * * * * * * * * //

dimensions      [0 2 -1 0 0 0 0];

internalField   nonuniform List<scalar> 
1600
(
3.09892e-06
3.36634e-06
3.77666e-06
4.1345e-06
4.36072e-06
4.49516e-06
4.66437e-06
4.87452e-06
5.0934e-06
5.39936e-06
6.11742e-06
7.84163e-06
9.81818e-06
1.18e-05
1.35215e-05
1.49048e-05
1.59564e-05
1.66905e-05
1.71185e-05
1.73082e-05
1.73599e-05
1.72524e-05
1.6981e-05
1.66035e-05
1.61521e-05
1.56424e-05
1.50813e-05
1.44844e-05
1.38717e-05
1.31964e-05
1.24532e-05
1.15531e-05
1.05738e-05
9.94554e-06
9.53187e-06
9.20587e-06
8.78225e-06
7.95768e-06
6.48285e-06
4.91955e-06
4.0621e-06
4.55532e-06
5.44445e-06
5.83356e-06
6.08151e-06
6.90249e-06
8.63252e-06
9.73232e-06
1.10265e-05
1.32076e-05
1.43581e-05
1.54158e-05
1.57667e-05
1.55357e-05
1.58753e-05
1.59017e-05
1.58685e-05
1.60794e-05
1.67256e-05
1.78713e-05
1.95233e-05
2.12846e-05
2.30382e-05
2.51428e-05
2.74586e-05
2.9901e-05
3.24761e-05
3.46193e-05
3.58809e-05
3.64377e-05
3.66609e-05
3.60383e-05
3.56897e-05
3.36375e-05
2.91766e-05
2.32237e-05
1.58046e-05
1.035e-05
7.54037e-06
5.22029e-06
5.23148e-06
6.04401e-06
8.51937e-06
1.03001e-05
1.09178e-05
1.21342e-05
1.49692e-05
1.78832e-05
1.90213e-05
1.89586e-05
1.84385e-05
1.74854e-05
1.71785e-05
1.77059e-05
1.69232e-05
1.698e-05
1.76908e-05
1.87455e-05
2.01464e-05
2.15516e-05
2.24655e-05
2.32764e-05
2.44745e-05
2.49371e-05
2.60847e-05
2.69869e-05
2.84491e-05
3.0215e-05
3.24936e-05
3.4769e-05
3.62399e-05
3.68433e-05
3.64232e-05
3.47574e-05
3.35399e-05
2.92433e-05
2.25365e-05
1.46766e-05
8.86562e-06
5.65698e-06
6.11006e-06
8.35812e-06
1.31519e-05
1.57012e-05
1.74122e-05
1.9668e-05
2.20437e-05
2.2224e-05
2.07721e-05
1.96045e-05
1.88805e-05
1.79612e-05
1.84249e-05
1.58717e-05
1.69844e-05
1.62227e-05
1.74032e-05
1.70064e-05
1.75031e-05
1.70362e-05
1.67831e-05
1.65738e-05
1.61083e-05
1.58812e-05
1.57869e-05
1.59025e-05
1.63381e-05
1.72302e-05
1.88087e-05
2.15049e-05
2.54667e-05
2.91223e-05
3.1161e-05
3.17066e-05
3.16777e-05
3.03342e-05
2.50645e-05
1.62219e-05
9.60416e-06
6.02919e-06
6.5991e-06
1.23332e-05
1.89378e-05
2.09873e-05
2.24723e-05
2.45101e-05
2.34666e-05
2.22264e-05
2.10785e-05
1.93983e-05
1.89749e-05
1.6553e-05
1.59113e-05
1.46879e-05
1.59639e-05
1.50626e-05
1.58812e-05
1.54077e-05
1.55296e-05
1.51643e-05
1.49775e-05
1.48208e-05
1.44382e-05
1.41453e-05
1.3745e-05
1.34169e-05
1.31677e-05
1.31391e-05
1.34879e-05
1.44337e-05
1.64022e-05
2.04795e-05
2.5809e-05
2.83531e-05
2.89347e-05
2.96214e-05
2.78468e-05
1.78793e-05
1.04652e-05
6.23853e-06
6.84204e-06
1.74196e-05
2.42287e-05
2.53643e-05
2.6332e-05
2.50011e-05
2.37983e-05
2.22154e-05
2.03017e-05
1.82284e-05
1.59131e-05
1.48007e-05
1.47949e-05
1.48956e-05
1.5841e-05
1.59395e-05
1.65895e-05
1.67179e-05
1.70927e-05
1.70425e-05
1.70664e-05
1.68706e-05
1.65972e-05
1.60601e-05
1.54807e-05
1.47802e-05
1.40658e-05
1.33494e-05
1.27707e-05
1.25319e-05
1.28122e-05
1.40954e-05
1.73155e-05
2.39119e-05
2.68615e-05
2.73933e-05
2.83544e-05
2.33531e-05
1.27081e-05
6.46063e-06
6.97814e-06
2.22977e-05
2.85636e-05
2.85977e-05
2.67938e-05
2.54965e-05
2.36443e-05
2.13692e-05
1.81662e-05
1.53305e-05
1.45806e-05
1.46486e-05
1.55988e-05
1.65059e-05
1.75938e-05
1.83204e-05
1.94067e-05
1.99628e-05
2.07888e-05
2.1115e-05
2.13597e-05
2.13872e-05
2.11426e-05
2.03685e-05
1.94257e-05
1.80881e-05
1.66521e-05
1.51651e-05
1.38643e-05
1.2879e-05
1.23069e-05
1.2137e-05
1.30302e-05
1.58361e-05
2.26571e-05
2.56719e-05
2.60944e-05
2.6804e-05
1.47396e-05
6.81669e-06
7.15213e-06
2.67548e-05
3.16726e-05
2.94523e-05
2.76549e-05
2.52838e-05
2.25e-05
1.83276e-05
1.52847e-05
1.44015e-05
1.5174e-05
1.61859e-05
1.77076e-05
1.90613e-05
2.06828e-05
2.20507e-05
2.37379e-05
2.50369e-05
2.65471e-05
2.7625e-05
2.8303e-05
2.88127e-05
2.89987e-05
2.84136e-05
2.74314e-05
2.57572e-05
2.34525e-05
2.06313e-05
1.7586e-05
1.48553e-05
1.30353e-05
1.19806e-05
1.17626e-05
1.26734e-05
1.57141e-05
2.16086e-05
2.41311e-05
2.479e-05
1.74003e-05
7.31527e-06
7.6441e-06
2.99323e-05
3.2714e-05
3.07982e-05
2.75036e-05
2.40993e-05
1.94245e-05
1.56104e-05
1.47217e-05
1.5346e-05
1.69452e-05
1.83847e-05
2.05576e-05
2.2394e-05
2.47245e-05
2.68128e-05
2.92374e-05
3.12774e-05
3.31411e-05
3.43805e-05
3.53452e-05
3.61426e-05
3.61828e-05
3.57989e-05
3.48783e-05
3.33923e-05
3.12514e-05
2.84425e-05
2.49597e-05
2.08701e-05
1.65444e-05
1.35382e-05
1.18224e-05
1.14749e-05
1.29034e-05
1.70638e-05
2.16366e-05
2.27418e-05
2.0416e-05
7.91861e-06
8.54965e-06
3.13209e-05
3.41985e-05
3.11529e-05
2.65664e-05
2.15368e-05
1.62366e-05
1.49703e-05
1.56003e-05
1.70975e-05
1.90203e-05
2.11287e-05
2.39072e-05
2.6353e-05
2.94889e-05
3.22711e-05
3.51307e-05
3.72921e-05
3.9068e-05
4.03177e-05
4.13324e-05
4.19412e-05
4.18922e-05
4.15188e-05
4.06465e-05
3.92877e-05
3.73428e-05
3.47292e-05
3.13834e-05
2.72979e-05
2.24284e-05
1.75322e-05
1.37244e-05
1.17279e-05
1.14155e-05
1.34277e-05
1.89399e-05
2.1104e-05
2.08553e-05
8.66546e-06
9.44284e-06
3.18029e-05
3.52124e-05
3.07342e-05
2.45877e-05
1.83743e-05
1.53408e-05
1.55717e-05
1.71517e-05
1.89774e-05
2.14322e-05
2.42588e-05
2.76254e-05
3.08177e-05
3.45241e-05
3.75732e-05
4.04246e-05
4.2468e-05
4.40722e-05
4.51791e-05
4.6119e-05
4.65515e-05
4.65192e-05
4.61827e-05
4.54394e-05
4.42647e-05
4.2547e-05
4.01524e-05
3.69265e-05
3.27785e-05
2.78276e-05
2.22204e-05
1.68679e-05
1.31799e-05
1.16859e-05
1.22074e-05
1.57151e-05
2.02214e-05
2.06166e-05
1.09094e-05
1.02576e-05
3.17486e-05
3.5963e-05
2.96436e-05
2.20418e-05
1.65751e-05
1.54793e-05
1.67752e-05
1.87933e-05
2.09363e-05
2.4143e-05
2.7612e-05
3.15784e-05
3.53343e-05
3.91958e-05
4.21999e-05
4.48313e-05
4.67516e-05
4.8159e-05
4.9033e-05
4.97801e-05
5.0117e-05
5.00234e-05
4.96864e-05
4.90403e-05
4.80779e-05
4.67162e-05
4.48194e-05
4.21718e-05
3.8494e-05
3.35542e-05
2.75047e-05
2.0923e-05
1.52246e-05
1.18482e-05
1.1211e-05
1.30085e-05
1.84366e-05
2.00597e-05
1.3718e-05
1.10032e-05
3.13176e-05
3.58955e-05
2.80437e-05
1.98689e-05
1.599e-05
1.61841e-05
1.81477e-05
2.03429e-05
2.30739e-05
2.69883e-05
3.10342e-05
3.54513e-05
3.94627e-05
4.3214e-05
4.60653e-05
4.84424e-05
5.01321e-05
5.14004e-05
5.21049e-05
5.25132e-05
5.27606e-05
5.2527e-05
5.21083e-05
5.14461e-05
5.05512e-05
4.93688e-05
4.77957e-05
4.5654e-05
4.26765e-05
3.85131e-05
3.28549e-05
2.59319e-05
1.88735e-05
1.38661e-05
1.17503e-05
1.25636e-05
1.65762e-05
1.96517e-05
1.64039e-05
1.16477e-05
3.0362e-05
3.56036e-05
2.65802e-05
1.81743e-05
1.59761e-05
1.71187e-05
1.95169e-05
2.185e-05
2.53057e-05
2.98133e-05
3.43149e-05
3.896e-05
4.3005e-05
4.65466e-05
4.92235e-05
5.13629e-05
5.28692e-05
5.39216e-05
5.44451e-05
5.46651e-05
5.47355e-05
5.43624e-05
5.38487e-05
5.31563e-05
5.231e-05
5.12776e-05
4.99742e-05
4.82351e-05
4.579e-05
4.22489e-05
3.71503e-05
3.02351e-05
2.22892e-05
1.53114e-05
1.1609e-05
1.14966e-05
1.44967e-05
1.9618e-05
1.86675e-05
1.22828e-05
2.92332e-05
3.48041e-05
2.50116e-05
1.75244e-05
1.63024e-05
1.81128e-05
2.07221e-05
2.33753e-05
2.75064e-05
3.24621e-05
3.72618e-05
4.19582e-05
4.59278e-05
4.92589e-05
5.17786e-05
5.37226e-05
5.50679e-05
5.59368e-05
5.62635e-05
5.63683e-05
5.62604e-05
5.57382e-05
5.51075e-05
5.43463e-05
5.34882e-05
5.25247e-05
5.14019e-05
4.99974e-05
4.80893e-05
4.53211e-05
4.11817e-05
3.50986e-05
2.69659e-05
1.85648e-05
1.30424e-05
1.16231e-05
1.35422e-05
1.92668e-05
2.04899e-05
1.28722e-05
2.76773e-05
3.38782e-05
2.38621e-05
1.72461e-05
1.67662e-05
1.90404e-05
2.17704e-05
2.4856e-05
2.95435e-05
3.47975e-05
3.97599e-05
4.44099e-05
4.82745e-05
5.14354e-05
5.38328e-05
5.56342e-05
5.68576e-05
5.75909e-05
5.77197e-05
5.76504e-05
5.75013e-05
5.6807e-05
5.60503e-05
5.52028e-05
5.43011e-05
5.33512e-05
5.23158e-05
5.10922e-05
4.94778e-05
4.71284e-05
4.35241e-05
3.80134e-05
3.02081e-05
2.10905e-05
1.39554e-05
1.14861e-05
1.30848e-05
1.80626e-05
2.19424e-05
1.3399e-05
2.58927e-05
3.27827e-05
2.31318e-05
1.71856e-05
1.72591e-05
1.98736e-05
2.27227e-05
2.624e-05
3.13162e-05
3.67389e-05
4.17673e-05
4.6334e-05
5.01035e-05
5.31444e-05
5.54587e-05
5.71649e-05
5.82959e-05
5.89123e-05
5.89261e-05
5.87074e-05
5.84721e-05
5.76553e-05
5.67738e-05
5.58334e-05
5.48748e-05
5.39179e-05
5.2947e-05
5.18949e-05
5.06054e-05
4.87859e-05
4.59477e-05
4.13515e-05
3.41305e-05
2.44058e-05
1.55728e-05
1.18249e-05
1.28299e-05
1.7648e-05
2.30975e-05
1.38666e-05
2.4122e-05
3.17637e-05
2.27299e-05
1.72775e-05
1.76927e-05
2.05431e-05
2.35384e-05
2.74022e-05
3.27212e-05
3.82244e-05
4.32714e-05
4.77596e-05
5.14606e-05
5.44293e-05
5.66973e-05
5.83495e-05
5.94211e-05
5.99567e-05
5.99142e-05
5.95543e-05
5.92217e-05
5.83181e-05
5.73253e-05
5.62899e-05
5.52601e-05
5.4262e-05
5.32892e-05
5.22924e-05
5.11375e-05
4.95567e-05
4.70927e-05
4.30546e-05
3.65688e-05
2.72154e-05
1.72384e-05
1.20383e-05
1.2677e-05
1.71319e-05
2.40058e-05
1.42728e-05
2.24602e-05
3.04446e-05
2.26531e-05
1.74101e-05
1.80486e-05
2.10988e-05
2.42533e-05
2.83643e-05
3.37658e-05
3.92848e-05
4.43117e-05
4.87259e-05
5.23796e-05
5.53122e-05
5.7564e-05
5.91969e-05
6.02422e-05
6.07353e-05
6.06769e-05
6.02061e-05
5.97671e-05
5.88109e-05
5.77316e-05
5.66118e-05
5.55151e-05
5.44758e-05
5.34991e-05
5.25632e-05
5.15713e-05
5.02968e-05
4.83106e-05
4.49068e-05
3.90578e-05
2.98149e-05
1.88692e-05
1.24607e-05
1.2659e-05
1.69927e-05
2.47268e-05
1.46134e-05
2.08984e-05
2.93687e-05
2.26844e-05
1.7683e-05
1.82725e-05
2.142e-05
2.4727e-05
2.8949e-05
3.43508e-05
3.98251e-05
4.48327e-05
4.92158e-05
5.28577e-05
5.57883e-05
5.80516e-05
5.96944e-05
6.07426e-05
6.12251e-05
6.11823e-05
6.06607e-05
6.0107e-05
5.91359e-05
5.79977e-05
5.68072e-05
5.56471e-05
5.45568e-05
5.35443e-05
5.26051e-05
5.16687e-05
5.05394e-05
4.88186e-05
4.5841e-05
4.06452e-05
3.21275e-05
2.06796e-05
1.27904e-05
1.26039e-05
1.69478e-05
2.52938e-05
1.48496e-05
1.92726e-05
2.76991e-05
2.30391e-05
1.79981e-05
1.84109e-05
2.16144e-05
2.50761e-05
2.93557e-05
3.46064e-05
4.00451e-05
4.50189e-05
4.93339e-05
5.2949e-05
5.58837e-05
5.81668e-05
5.98279e-05
6.0889e-05
6.13815e-05
6.13607e-05
6.08826e-05
6.02058e-05
5.9234e-05
5.80658e-05
5.68448e-05
5.56627e-05
5.45312e-05
5.34847e-05
5.25393e-05
5.16628e-05
5.06979e-05
4.9271e-05
4.66986e-05
4.19557e-05
3.37776e-05
2.21011e-05
1.31831e-05
1.25813e-05
1.70784e-05
2.57414e-05
1.49202e-05
1.76507e-05
2.62229e-05
2.31193e-05
1.82463e-05
1.84053e-05
2.15271e-05
2.50669e-05
2.92374e-05
3.42913e-05
3.95357e-05
4.44776e-05
4.88488e-05
5.25094e-05
5.54649e-05
5.77578e-05
5.94329e-05
6.05271e-05
6.10801e-05
6.11397e-05
6.07658e-05
6.00536e-05
5.91582e-05
5.79955e-05
5.67142e-05
5.54764e-05
5.42744e-05
5.32194e-05
5.23193e-05
5.14536e-05
5.0578e-05
4.93547e-05
4.71101e-05
4.28408e-05
3.5212e-05
2.36241e-05
1.35259e-05
1.24837e-05
1.71885e-05
2.61115e-05
1.48659e-05
1.62232e-05
2.46486e-05
2.31832e-05
1.85991e-05
1.83698e-05
2.12612e-05
2.48564e-05
2.90223e-05
3.38416e-05
3.88762e-05
4.36644e-05
4.79253e-05
5.15493e-05
5.45253e-05
5.68766e-05
5.86333e-05
5.9828e-05
6.04945e-05
6.06539e-05
6.03583e-05
5.96529e-05
5.89469e-05
5.78916e-05
5.65927e-05
5.53138e-05
5.40541e-05
5.29154e-05
5.18628e-05
5.09777e-05
5.0281e-05
4.92999e-05
4.73485e-05
4.331e-05
3.607e-05
2.45795e-05
1.38425e-05
1.24087e-05
1.75193e-05
2.64267e-05
1.46879e-05
1.51901e-05
2.28756e-05
2.32563e-05
1.92783e-05
1.83956e-05
2.09715e-05
2.44543e-05
2.84921e-05
3.30631e-05
3.79141e-05
4.25883e-05
4.67877e-05
5.04055e-05
5.3415e-05
5.58262e-05
5.76847e-05
5.89794e-05
5.96992e-05
5.99194e-05
5.96847e-05
5.89498e-05
5.83397e-05
5.73955e-05
5.61329e-05
5.49982e-05
5.38622e-05
5.27051e-05
5.1533e-05
5.05228e-05
4.97567e-05
4.88985e-05
4.72632e-05
4.35769e-05
3.6622e-05
2.53777e-05
1.41009e-05
1.22294e-05
1.78414e-05
2.67073e-05
1.43021e-05
1.43719e-05
2.09787e-05
2.28459e-05
1.9522e-05
1.8172e-05
2.04672e-05
2.38613e-05
2.76913e-05
3.20135e-05
3.65552e-05
4.10583e-05
4.51952e-05
4.88157e-05
5.18502e-05
5.43213e-05
5.61793e-05
5.74791e-05
5.82758e-05
5.86055e-05
5.85044e-05
5.78459e-05
5.73558e-05
5.65258e-05
5.53411e-05
5.42232e-05
5.30772e-05
5.19755e-05
5.10319e-05
5.0204e-05
4.93872e-05
4.85596e-05
4.71544e-05
4.3778e-05
3.69973e-05
2.57537e-05
1.42599e-05
1.20613e-05
1.82005e-05
2.69631e-05
1.36887e-05
1.39793e-05
1.93129e-05
2.23495e-05
2.02856e-05
1.85229e-05
1.98972e-05
2.29098e-05
2.65194e-05
3.05688e-05
3.47725e-05
3.90628e-05
4.31171e-05
4.67061e-05
4.97646e-05
5.22253e-05
5.41367e-05
5.55291e-05
5.64338e-05
5.68812e-05
5.69364e-05
5.63854e-05
5.59947e-05
5.52985e-05
5.42562e-05
5.323e-05
5.21512e-05
5.10582e-05
5.00157e-05
4.91401e-05
4.86415e-05
4.81063e-05
4.68594e-05
4.34721e-05
3.68533e-05
2.58476e-05
1.42618e-05
1.18026e-05
1.85697e-05
2.72019e-05
1.28465e-05
1.38098e-05
1.81285e-05
2.13126e-05
2.01511e-05
1.82386e-05
1.91634e-05
2.20649e-05
2.54079e-05
2.90831e-05
3.29478e-05
3.68483e-05
4.06634e-05
4.41543e-05
4.71735e-05
4.9676e-05
5.16648e-05
5.31443e-05
5.41501e-05
5.47176e-05
5.49424e-05
5.45461e-05
5.42521e-05
5.37006e-05
5.2836e-05
5.19327e-05
5.09553e-05
4.99423e-05
4.8986e-05
4.81567e-05
4.76111e-05
4.70529e-05
4.60906e-05
4.30114e-05
3.63847e-05
2.57621e-05
1.41556e-05
1.1556e-05
1.89616e-05
2.74288e-05
1.17696e-05
1.36152e-05
1.7141e-05
2.08298e-05
2.08555e-05
1.8964e-05
1.87531e-05
2.09226e-05
2.38515e-05
2.72651e-05
3.07427e-05
3.43394e-05
3.787e-05
4.11948e-05
4.41618e-05
4.66863e-05
4.87303e-05
5.02972e-05
5.14144e-05
5.21088e-05
5.25049e-05
5.23075e-05
5.21137e-05
5.1717e-05
5.10584e-05
5.03017e-05
4.94567e-05
4.85552e-05
4.77117e-05
4.69716e-05
4.65939e-05
4.61409e-05
4.53178e-05
4.22354e-05
3.53936e-05
2.51923e-05
1.38768e-05
1.12407e-05
1.9346e-05
2.7648e-05
1.0455e-05
1.31783e-05
1.65991e-05
1.93829e-05
2.01841e-05
1.89503e-05
1.82463e-05
1.99099e-05
2.26733e-05
2.55536e-05
2.86308e-05
3.17732e-05
3.49258e-05
3.79728e-05
4.07852e-05
4.32596e-05
4.53313e-05
4.69795e-05
4.82146e-05
4.90498e-05
4.96136e-05
4.96354e-05
4.95598e-05
4.93456e-05
4.89164e-05
4.83265e-05
4.76482e-05
4.68985e-05
4.62273e-05
4.56128e-05
4.53867e-05
4.49012e-05
4.4136e-05
4.1071e-05
3.40179e-05
2.42591e-05
1.34386e-05
1.09289e-05
1.97338e-05
2.78623e-05
8.95736e-06
1.31852e-05
1.61253e-05
2.00683e-05
2.06693e-05
1.96334e-05
1.84523e-05
1.8773e-05
2.10341e-05
2.37848e-05
2.6473e-05
2.91922e-05
3.19286e-05
3.46373e-05
3.72073e-05
3.95436e-05
4.15742e-05
4.32601e-05
4.45904e-05
4.55589e-05
4.63422e-05
4.64823e-05
4.65927e-05
4.66435e-05
4.64014e-05
4.60113e-05
4.55405e-05
4.4985e-05
4.4541e-05
4.40741e-05
4.40151e-05
4.34094e-05
4.26026e-05
3.92832e-05
3.20257e-05
2.28311e-05
1.27312e-05
1.0572e-05
2.01029e-05
2.80752e-05
7.36434e-06
1.27534e-05
1.58317e-05
1.80772e-05
2.06407e-05
1.99028e-05
1.87358e-05
1.82709e-05
1.9679e-05
2.20669e-05
2.44846e-05
2.67684e-05
2.901e-05
3.12533e-05
3.34883e-05
3.56138e-05
3.75396e-05
3.92268e-05
4.05814e-05
4.18018e-05
4.25413e-05
4.29107e-05
4.33402e-05
4.35679e-05
4.35542e-05
4.33874e-05
4.31623e-05
4.28385e-05
4.26562e-05
4.23187e-05
4.23663e-05
4.14459e-05
4.03302e-05
3.69194e-05
2.94614e-05
2.09345e-05
1.18004e-05
1.02404e-05
2.04873e-05
2.82909e-05
5.88349e-06
1.20264e-05
1.63495e-05
1.78295e-05
2.05851e-05
2.08009e-05
1.95541e-05
1.85652e-05
1.85604e-05
2.03183e-05
2.25624e-05
2.46832e-05
2.65833e-05
2.83611e-05
3.00898e-05
3.18252e-05
3.34703e-05
3.5085e-05
3.64359e-05
3.76351e-05
3.84446e-05
3.91498e-05
3.98139e-05
4.01999e-05
4.04363e-05
4.05032e-05
4.05485e-05
4.04745e-05
4.0524e-05
4.02143e-05
3.99157e-05
3.83838e-05
3.73157e-05
3.36093e-05
2.619e-05
1.84344e-05
1.07188e-05
9.94317e-06
2.08446e-05
2.85126e-05
4.67975e-06
1.11586e-05
1.6248e-05
1.79617e-05
1.9268e-05
2.16008e-05
2.04357e-05
1.93291e-05
1.85035e-05
1.88988e-05
2.04955e-05
2.24339e-05
2.42869e-05
2.59429e-05
2.74203e-05
2.87958e-05
3.01063e-05
3.14567e-05
3.25864e-05
3.36998e-05
3.45619e-05
3.54283e-05
3.61911e-05
3.67123e-05
3.71532e-05
3.74083e-05
3.77025e-05
3.75794e-05
3.74975e-05
3.67362e-05
3.62196e-05
3.46287e-05
3.35037e-05
2.89434e-05
2.22652e-05
1.54039e-05
9.42213e-06
9.74424e-06
2.11884e-05
2.87431e-05
4.36449e-06
1.01085e-05
1.5937e-05
1.84901e-05
1.93383e-05
2.09124e-05
2.19475e-05
2.07697e-05
1.98688e-05
1.91563e-05
1.9445e-05
2.05358e-05
2.19231e-05
2.33519e-05
2.47148e-05
2.6015e-05
2.72148e-05
2.84129e-05
2.94013e-05
3.02254e-05
3.10643e-05
3.18961e-05
3.25828e-05
3.30965e-05
3.35282e-05
3.36941e-05
3.38014e-05
3.34935e-05
3.3308e-05
3.23753e-05
3.17686e-05
2.96661e-05
2.788e-05
2.28378e-05
1.75465e-05
1.2247e-05
8.3157e-06
9.43227e-06
2.14757e-05
2.89903e-05
4.3507e-06
9.40713e-06
1.53687e-05
1.83564e-05
1.96864e-05
2.0641e-05
2.2144e-05
2.24514e-05
2.13707e-05
2.049e-05
1.97609e-05
1.98285e-05
2.03838e-05
2.11991e-05
2.21072e-05
2.30607e-05
2.39789e-05
2.48999e-05
2.58736e-05
2.66525e-05
2.71532e-05
2.7755e-05
2.83408e-05
2.86484e-05
2.89173e-05
2.88554e-05
2.87595e-05
2.81327e-05
2.75302e-05
2.60809e-05
2.48531e-05
2.24109e-05
2.00464e-05
1.5958e-05
1.27542e-05
9.78231e-06
6.99442e-06
9.43494e-06
2.17865e-05
2.92822e-05
4.35826e-06
1.00006e-05
1.52937e-05
1.87833e-05
2.09393e-05
2.17265e-05
2.27324e-05
2.4125e-05
2.457e-05
2.36341e-05
2.26342e-05
2.16132e-05
2.10967e-05
2.09606e-05
2.10286e-05
2.12097e-05
2.14576e-05
2.16793e-05
2.1967e-05
2.22058e-05
2.23723e-05
2.23988e-05
2.23617e-05
2.2224e-05
2.20305e-05
2.15207e-05
2.09548e-05
2.00048e-05
1.90432e-05
1.76097e-05
1.62457e-05
1.43108e-05
1.27197e-05
1.0767e-05
8.9579e-06
7.044e-06
6.28844e-06
1.00322e-05
2.21243e-05
2.96604e-05
5.06796e-06
9.19244e-06
1.3215e-05
1.67588e-05
1.97411e-05
2.19392e-05
2.32643e-05
2.48563e-05
2.64363e-05
2.77636e-05
2.76963e-05
2.70887e-05
2.594e-05
2.44837e-05
2.29663e-05
2.14308e-05
2.00377e-05
1.86439e-05
1.75005e-05
1.64744e-05
1.56736e-05
1.47689e-05
1.40339e-05
1.3296e-05
1.26117e-05
1.18055e-05
1.11638e-05
1.03513e-05
9.511e-06
8.63486e-06
7.90066e-06
7.12573e-06
6.56055e-06
5.94428e-06
5.68622e-06
5.80196e-06
7.09923e-06
1.1999e-05
2.35839e-05
3.02573e-05
6.62335e-06
5.39823e-06
7.48383e-06
1.00846e-05
1.26486e-05
1.4814e-05
1.62657e-05
1.72041e-05
1.75014e-05
1.77989e-05
1.74682e-05
1.66445e-05
1.5572e-05
1.43726e-05
1.31611e-05
1.19992e-05
1.09332e-05
9.98887e-06
9.14051e-06
8.35981e-06
7.74681e-06
7.19673e-06
6.77406e-06
6.38478e-06
6.14062e-06
5.92026e-06
5.76275e-06
5.68203e-06
5.65167e-06
5.72835e-06
5.83346e-06
6.10056e-06
6.4427e-06
7.01325e-06
7.76084e-06
8.98112e-06
1.10567e-05
1.61149e-05
2.54972e-05
3.10983e-05
1.06177e-05
7.745e-06
9.71985e-06
1.06304e-05
1.1111e-05
1.13945e-05
1.15272e-05
1.16019e-05
1.14919e-05
1.13942e-05
1.12785e-05
1.11155e-05
1.09353e-05
1.07671e-05
1.06117e-05
1.05084e-05
1.04192e-05
1.04162e-05
1.04348e-05
1.04863e-05
1.05934e-05
1.0746e-05
1.09371e-05
1.11815e-05
1.14575e-05
1.18041e-05
1.21737e-05
1.26376e-05
1.31179e-05
1.37328e-05
1.43383e-05
1.51156e-05
1.58264e-05
1.67724e-05
1.76441e-05
1.89965e-05
2.05025e-05
2.39469e-05
2.77982e-05
3.24913e-05
2.694e-05
3.35509e-05
3.68579e-05
3.80844e-05
3.85053e-05
3.84869e-05
3.83381e-05
3.80051e-05
3.75751e-05
3.71253e-05
3.66872e-05
3.62773e-05
3.59014e-05
3.55612e-05
3.52539e-05
3.49778e-05
3.47284e-05
3.45039e-05
3.4301e-05
3.41177e-05
3.39522e-05
3.38037e-05
3.36707e-05
3.3553e-05
3.345e-05
3.33612e-05
3.32875e-05
3.32271e-05
3.31838e-05
3.31526e-05
3.3143e-05
3.31478e-05
3.31502e-05
3.31869e-05
3.32189e-05
3.32989e-05
3.34592e-05
3.36635e-05
3.4679e-05
3.41913e-05
)
;

boundaryField
{
    movingWall
    {
        type            nutkWallFunction;
        blending        stepwise;
        value           uniform 0;
    }
    fixedWalls
    {
        type            nutkWallFunction;
        blending        stepwise;
        value           uniform 0;
    }
    frontAndBack
    {
        type            empty;
    }
}


// ************************************************************************* //
