/*--------------------------------*- C++ -*----------------------------------*\
| =========                 |                                                 |
| \\      /  F ield         | OpenFOAM: The Open Source CFD Toolbox           |
|  \\    /   O peration     | Version:  2412                                  |
|   \\  /    A nd           | Website:  www.openfoam.com                      |
|    \\/     M anipulation  |                                                 |
\*---------------------------------------------------------------------------*/
FoamFile
{
    version     2.0;
    format      ascii;
    arch        "LSB;label=32;scalar=64";
    class       surfaceScalarField;
    location    "5.25";
    object      phi;
}
// * * * * * * * * * * * * * * * * * * * * * * * * * * * * * * * * * * * * * //

dimensions      [0 3 -1 0 0 0 0];

oriented        oriented;

internalField   nonuniform List<scalar> 
3120
(
7.74783e-08
-7.74829e-08
1.78227e-07
-1.00749e-07
2.50904e-07
-7.2677e-08
2.80538e-07
-2.96345e-08
2.80345e-07
1.92797e-10
2.70707e-07
9.63765e-09
2.54723e-07
1.59849e-08
2.20463e-07
3.42597e-08
1.56482e-07
6.39806e-08
4.33549e-08
1.13127e-07
-1.36397e-07
1.79751e-07
-4.02165e-07
2.65769e-07
-7.70086e-07
3.67921e-07
-1.2267e-06
4.56614e-07
-1.73913e-06
5.12432e-07
-2.2724e-06
5.33265e-07
-2.79009e-06
5.17692e-07
-3.25798e-06
4.6789e-07
-3.64912e-06
3.9114e-07
-3.94841e-06
2.99287e-07
-4.15164e-06
2.03235e-07
-4.26069e-06
1.09045e-07
-4.27856e-06
1.7876e-08
-4.20537e-06
-7.31906e-08
-4.03758e-06
-1.6779e-07
-3.76994e-06
-2.67646e-07
-3.39839e-06
-3.71546e-07
-2.92445e-06
-4.73936e-07
-2.35824e-06
-5.66212e-07
-1.7225e-06
-6.35737e-07
-1.05578e-06
-6.66721e-07
-4.13063e-07
-6.4272e-07
1.4177e-07
-5.54833e-07
5.56254e-07
-4.14484e-07
7.91258e-07
-2.35004e-07
8.41411e-07
-5.01539e-08
7.0849e-07
1.32921e-07
4.58422e-07
2.50068e-07
1.94053e-07
2.6437e-07
1.94053e-07
1.22341e-07
-1.99824e-07
2.55458e-07
-2.33866e-07
3.3765e-07
-1.54869e-07
3.57118e-07
-4.91023e-08
3.2239e-07
3.49205e-08
2.44303e-07
8.7724e-08
1.18117e-07
1.42171e-07
-8.07053e-08
2.33082e-07
-3.78113e-07
3.61388e-07
-7.9167e-07
5.26684e-07
-1.32097e-06
7.09049e-07
-1.93595e-06
8.80749e-07
-2.5821e-06
1.01407e-06
-3.2099e-06
1.08441e-06
-3.78488e-06
1.08742e-06
-4.27996e-06
1.02834e-06
-4.68276e-06
9.20493e-07
-4.99588e-06
7.81012e-07
-5.2306e-06
6.25856e-07
-5.39646e-06
4.6515e-07
-5.49788e-06
3.04656e-07
-5.53374e-06
1.44902e-07
-5.49657e-06
-1.92948e-08
-5.38158e-06
-1.88175e-07
-5.18213e-06
-3.67242e-07
-4.89388e-06
-5.55899e-07
-4.51197e-06
-7.5345e-07
-4.03323e-06
-9.52683e-07
-3.46031e-06
-1.13913e-06
-2.80637e-06
-1.28968e-06
-2.09961e-06
-1.37349e-06
-1.3842e-06
-1.35812e-06
-7.17024e-07
-1.22201e-06
-1.60688e-07
-9.7082e-07
2.42462e-07
-6.38154e-07
4.64401e-07
-2.72093e-07
5.2062e-07
7.67016e-08
4.14708e-07
3.55979e-07
2.02915e-07
4.76163e-07
3.96968e-07
1.408e-07
-3.40624e-07
2.46437e-07
-3.39503e-07
2.78515e-07
-1.86947e-07
2.38091e-07
-8.6784e-09
1.2488e-07
1.48132e-07
-7.32447e-08
2.85848e-07
-3.75636e-07
4.44562e-07
-7.94522e-07
6.51968e-07
-1.33443e-06
9.01294e-07
-1.97074e-06
1.16299e-06
-2.65698e-06
1.39529e-06
-3.33389e-06
1.55767e-06
-3.94979e-06
1.62997e-06
-4.47688e-06
1.6115e-06
-4.90746e-06
1.518e-06
-5.24753e-06
1.36842e-06
-5.5121e-06
1.18506e-06
-5.71622e-06
9.85131e-07
-5.87007e-06
7.79708e-07
-5.97892e-06
5.73998e-07
-6.04248e-06
3.68223e-07
-6.05803e-06
1.60445e-07
-6.02469e-06
-5.26283e-08
-5.93857e-06
-2.74301e-07
-5.79172e-06
-5.14093e-07
-5.57393e-06
-7.73687e-07
-5.27608e-06
-1.0513e-06
-4.88835e-06
-1.3404e-06
-4.40271e-06
-1.62477e-06
-3.81747e-06
-1.87492e-06
-3.14284e-06
-2.04811e-06
-2.40726e-06
-2.0937e-06
-1.66183e-06
-1.96744e-06
-9.78046e-07
-1.65461e-06
-4.27999e-07
-1.1882e-06
-5.17253e-08
-6.48367e-07
1.51887e-07
-1.26911e-07
1.88568e-07
3.19299e-07
1.07258e-07
5.57473e-07
5.04225e-07
1.17894e-07
-4.58518e-07
1.5403e-07
-3.7564e-07
9.83786e-08
-1.31295e-07
-4.07976e-08
1.30498e-07
-2.68788e-07
3.76122e-07
-6.08813e-07
6.25873e-07
-1.07654e-06
9.12286e-07
-1.66623e-06
1.24167e-06
-2.34237e-06
1.57743e-06
-3.04195e-06
1.86257e-06
-3.70049e-06
2.05383e-06
-4.27323e-06
2.1304e-06
-4.74192e-06
2.09866e-06
-5.11004e-06
1.97962e-06
-5.39115e-06
1.79912e-06
-5.60515e-06
1.58242e-06
-5.76826e-06
1.34816e-06
-5.89173e-06
1.1086e-06
-5.98183e-06
8.6981e-07
-6.04268e-06
6.3485e-07
-6.07781e-06
4.03353e-07
-6.08725e-06
1.69881e-07
-6.06828e-06
-7.15947e-08
-6.02046e-06
-3.22127e-07
-5.9414e-06
-5.93147e-07
-5.82452e-06
-8.90569e-07
-5.65718e-06
-1.21864e-06
-5.4211e-06
-1.57649e-06
-5.09474e-06
-1.95113e-06
-4.65703e-06
-2.31264e-06
-4.09432e-06
-2.61082e-06
-3.40945e-06
-2.77857e-06
-2.63272e-06
-2.74417e-06
-1.83156e-06
-2.45577e-06
-1.10484e-06
-1.91493e-06
-5.44962e-07
-1.20824e-06
-1.90066e-07
-4.81807e-07
-1.30511e-08
1.42284e-07
1.97734e-08
5.24649e-07
5.23998e-07
5.22816e-08
-5.108e-07
-7.75585e-09
-3.15602e-07
-1.60411e-07
2.13596e-08
-4.01342e-07
3.71429e-07
-7.49243e-07
7.24023e-07
-1.22359e-06
1.10021e-06
-1.82017e-06
1.50887e-06
-2.49408e-06
1.91557e-06
-3.17628e-06
2.25964e-06
-3.8019e-06
2.48819e-06
-4.32765e-06
2.57957e-06
-4.73931e-06
2.54207e-06
-5.04283e-06
2.40218e-06
-5.25667e-06
2.19345e-06
-5.40138e-06
1.94382e-06
-5.49531e-06
1.67635e-06
-5.5513e-06
1.40415e-06
-5.57923e-06
1.13653e-06
-5.58678e-06
8.77365e-07
-5.57949e-06
6.27559e-07
-5.56055e-06
3.8441e-07
-5.5356e-06
1.44937e-07
-5.51171e-06
-9.54858e-08
-5.48896e-06
-3.44875e-07
-5.46847e-06
-6.13638e-07
-5.44734e-06
-9.11702e-07
-5.41669e-06
-1.24929e-06
-5.35998e-06
-1.6332e-06
-5.24936e-06
-2.06175e-06
-5.04585e-06
-2.51615e-06
-4.70572e-06
-2.95095e-06
-4.19479e-06
-3.2895e-06
-3.50618e-06
-3.43278e-06
-2.67756e-06
-3.28439e-06
-1.80355e-06
-2.78893e-06
-1.02674e-06
-1.98506e-06
-4.6946e-07
-1.03909e-06
-1.49466e-07
-1.7771e-07
-2.17193e-08
3.96902e-07
5.02279e-07
-4.36751e-08
-4.67125e-07
-2.02217e-07
-1.57061e-07
-4.49848e-07
2.68991e-07
-7.93976e-07
7.15557e-07
-1.25332e-06
1.18337e-06
-1.8274e-06
1.67429e-06
-2.47577e-06
2.15723e-06
-3.12932e-06
2.56912e-06
-3.72012e-06
2.85045e-06
-4.20337e-06
2.97144e-06
-4.56239e-06
2.93858e-06
-4.80401e-06
2.78369e-06
-4.94814e-06
2.54631e-06
-5.01779e-06
2.2631e-06
-5.03408e-06
1.96012e-06
-5.01371e-06
1.65598e-06
-4.97052e-06
1.36096e-06
-4.91535e-06
1.08135e-06
-4.85659e-06
8.18603e-07
-4.80024e-06
5.71208e-07
-4.75133e-06
3.35502e-07
-4.71233e-06
1.0594e-07
-4.6829e-06
-1.24919e-07
-4.66445e-06
-3.63325e-07
-4.66172e-06
-6.16363e-07
-4.67914e-06
-8.94285e-07
-4.71938e-06
-1.20905e-06
-4.77898e-06
-1.5736e-06
-4.84158e-06
-1.99914e-06
-4.87066e-06
-2.48707e-06
-4.80661e-06
-3.015e-06
-4.5757e-06
-3.52041e-06
-4.11563e-06
-3.89285e-06
-3.40948e-06
-3.99054e-06
-2.51133e-06
-3.68709e-06
-1.56222e-06
-2.93416e-06
-7.6357e-07
-1.83774e-06
-2.543e-07
-6.8698e-07
-3.54996e-08
1.78101e-07
4.66779e-07
-1.45337e-07
-3.21788e-07
-4.02381e-07
9.99833e-08
-7.40161e-07
6.06772e-07
-1.17618e-06
1.15157e-06
-1.71543e-06
1.72263e-06
-2.32674e-06
2.2856e-06
-2.94716e-06
2.77766e-06
-3.50866e-06
3.13062e-06
-3.96067e-06
3.30245e-06
-4.28073e-06
3.29151e-06
-4.47371e-06
3.13156e-06
-4.56154e-06
2.87152e-06
-4.57183e-06
2.5566e-06
-4.53021e-06
2.22148e-06
-4.45886e-06
1.88877e-06
-4.37512e-06
1.57224e-06
-4.29193e-06
1.27777e-06
-4.21672e-06
1.00614e-06
-4.15245e-06
7.54329e-07
-4.09864e-06
5.17399e-07
-4.05283e-06
2.89699e-07
-4.01236e-06
6.54645e-08
-3.97653e-06
-1.60746e-07
-3.9472e-06
-3.9266e-07
-3.92845e-06
-6.35108e-07
-3.92812e-06
-8.94613e-07
-3.9572e-06
-1.17998e-06
-4.02682e-06
-1.50398e-06
-4.14208e-06
-1.88389e-06
-4.29091e-06
-2.33823e-06
-4.43044e-06
-2.87547e-06
-4.4791e-06
-3.47175e-06
-4.32855e-06
-4.0434e-06
-3.88502e-06
-4.43407e-06
-3.12669e-06
-4.44542e-06
-2.14353e-06
-3.91732e-06
-1.1498e-06
-2.83147e-06
-4.11716e-07
-1.42507e-06
-5.59596e-08
-1.77655e-07
4.1082e-07
-2.44629e-07
-7.71582e-08
-5.85266e-07
4.4062e-07
-1.0007e-06
1.0222e-06
-1.50278e-06
1.65366e-06
-2.07328e-06
2.29313e-06
-2.66119e-06
2.87351e-06
-3.20108e-06
3.31755e-06
-3.63704e-06
3.56658e-06
-3.93767e-06
3.60309e-06
-4.10308e-06
3.45692e-06
-4.15661e-06
3.18509e-06
-4.13054e-06
2.84545e-06
-4.05648e-06
2.48254e-06
-3.96116e-06
2.12616e-06
-3.86496e-06
1.79257e-06
-3.78049e-06
1.48777e-06
-3.7131e-06
1.21038e-06
-3.66201e-06
9.55051e-07
-3.62301e-06
7.15333e-07
-3.59064e-06
4.85023e-07
-3.55997e-06
2.59036e-07
-3.52794e-06
3.34319e-08
-3.49374e-06
-1.94944e-07
-3.45777e-06
-4.28638e-07
-3.42232e-06
-6.70558e-07
-3.39311e-06
-9.23818e-07
-3.3803e-06
-1.19279e-06
-3.39918e-06
-1.4851e-06
-3.46875e-06
-1.81431e-06
-3.60427e-06
-2.20271e-06
-3.80065e-06
-2.6791e-06
-4.00967e-06
-3.26273e-06
-4.1255e-06
-3.92757e-06
-4.00229e-06
-4.55729e-06
-3.51905e-06
-4.92866e-06
-2.66663e-06
-4.76974e-06
-1.60163e-06
-3.89646e-06
-6.42428e-07
-2.38427e-06
-1.01926e-07
-7.18157e-07
3.08893e-07
-3.24528e-07
2.4737e-07
-7.33507e-07
8.49598e-07
-1.20489e-06
1.49358e-06
-1.73559e-06
2.18436e-06
-2.29188e-06
2.84941e-06
-2.81665e-06
3.39828e-06
-3.25103e-06
3.75194e-06
-3.55373e-06
3.86927e-06
-3.71551e-06
3.76487e-06
-3.75808e-06
3.49949e-06
-3.71755e-06
3.14456e-06
-3.6308e-06
2.75869e-06
-3.529e-06
2.38074e-06
-3.43432e-06
2.03148e-06
-3.35887e-06
1.71712e-06
-3.30548e-06
1.43438e-06
-3.27071e-06
1.17561e-06
-3.24829e-06
9.32626e-07
-3.23177e-06
6.98813e-07
-3.21599e-06
4.69245e-07
-3.1975e-06
2.40544e-07
-3.17441e-06
1.03474e-08
-3.14598e-06
-2.23375e-07
-3.11202e-06
-4.626e-07
-3.07344e-06
-7.09138e-07
-3.03276e-06
-9.645e-07
-2.99511e-06
-1.23044e-06
-2.97023e-06
-1.50998e-06
-2.97494e-06
-1.8096e-06
-3.03383e-06
-2.14382e-06
-3.17183e-06
-2.5411e-06
-3.39106e-06
-3.04349e-06
-3.63549e-06
-3.68314e-06
-3.76891e-06
-4.42387e-06
-3.60667e-06
-5.0909e-06
-3.01639e-06
-5.36002e-06
-2.03881e-06
-4.87404e-06
-9.51223e-07
-3.47186e-06
-1.96949e-07
-1.47243e-06
1.11944e-07
-3.8297e-07
6.3034e-07
-8.35906e-07
1.30253e-06
-1.33318e-06
1.99086e-06
-1.85744e-06
2.70862e-06
-2.36837e-06
3.36034e-06
-2.8102e-06
3.84011e-06
-3.13344e-06
4.07517e-06
-3.31498e-06
4.05081e-06
-3.36915e-06
3.81904e-06
-3.33295e-06
3.46329e-06
-3.24768e-06
3.05929e-06
-3.14862e-06
2.65963e-06
-3.06028e-06
2.2924e-06
-2.9947e-06
1.9659e-06
-2.95338e-06
1.6758e-06
-2.9312e-06
1.4122e-06
-2.92092e-06
1.16534e-06
-2.91599e-06
9.27695e-07
-2.91157e-06
6.94394e-07
-2.90458e-06
4.62252e-07
-2.89321e-06
2.29175e-07
-2.87645e-06
-6.41228e-09
-2.85378e-06
-2.4605e-07
-2.82504e-06
-4.91337e-07
-2.79057e-06
-7.4361e-07
-2.75121e-06
-1.00386e-06
-2.70877e-06
-1.27287e-06
-2.66729e-06
-1.55146e-06
-2.63539e-06
-1.8415e-06
-2.63026e-06
-2.14895e-06
-2.68059e-06
-2.49078e-06
-2.81932e-06
-2.90476e-06
-3.05225e-06
-3.45021e-06
-3.30619e-06
-4.16992e-06
-3.40326e-06
-4.99383e-06
-3.12424e-06
-5.63904e-06
-2.36335e-06
-5.63493e-06
-1.27708e-06
-4.55814e-06
-3.2154e-07
-2.42797e-06
-2.09595e-07
-4.13431e-07
1.04377e-06
-8.85701e-07
1.7748e-06
-1.38011e-06
2.48526e-06
-1.87233e-06
3.20084e-06
-2.32082e-06
3.80883e-06
-2.67414e-06
4.19343e-06
-2.89475e-06
4.29579e-06
-2.98165e-06
4.13772e-06
-2.96712e-06
3.80451e-06
-2.89481e-06
3.39097e-06
-2.8042e-06
2.96868e-06
-2.72315e-06
2.57858e-06
-2.66535e-06
2.2346e-06
-2.63233e-06
1.93288e-06
-2.61848e-06
1.66195e-06
-2.61618e-06
1.4099e-06
-2.6189e-06
1.16806e-06
-2.62219e-06
9.30978e-07
-2.62327e-06
6.95475e-07
-2.62058e-06
4.59561e-07
-2.61323e-06
2.21823e-07
-2.60068e-06
-1.89587e-08
-2.58268e-06
-2.64052e-07
-2.55922e-06
-5.14799e-07
-2.53048e-06
-7.72344e-07
-2.49675e-06
-1.03759e-06
-2.45847e-06
-1.31115e-06
-2.41671e-06
-1.59323e-06
-2.37434e-06
-1.88387e-06
-2.33905e-06
-2.18424e-06
-2.32886e-06
-2.50096e-06
-2.37721e-06
-2.85641e-06
-2.52368e-06
-3.30374e-06
-2.76867e-06
-3.92493e-06
-3.00294e-06
-4.75956e-06
-2.99436e-06
-5.64762e-06
-2.51347e-06
-6.11582e-06
-1.5522e-06
-5.5194e-06
-4.77618e-07
-3.50255e-06
-6.87213e-07
-4.16952e-07
1.46072e-06
-8.83981e-07
2.24183e-06
-1.3529e-06
2.95419e-06
-1.79709e-06
3.64503e-06
-2.17647e-06
4.18821e-06
-2.44558e-06
4.46253e-06
-2.58287e-06
4.43308e-06
-2.60689e-06
4.16174e-06
-2.55922e-06
3.75684e-06
-2.48265e-06
3.31441e-06
-2.4096e-06
2.89563e-06
-2.35735e-06
2.52632e-06
-2.3293e-06
2.20656e-06
-2.32044e-06
1.92402e-06
-2.32315e-06
1.66466e-06
-2.33095e-06
1.4177e-06
-2.33949e-06
1.17661e-06
-2.34624e-06
9.3772e-07
-2.34975e-06
6.98993e-07
-2.34927e-06
4.59079e-07
-2.34436e-06
2.16908e-07
-2.33477e-06
-2.8544e-08
-2.32045e-06
-2.7837e-07
-2.30151e-06
-5.33745e-07
-2.27811e-06
-7.95743e-07
-2.25039e-06
-1.06531e-06
-2.21839e-06
-1.34315e-06
-2.18211e-06
-1.62951e-06
-2.14187e-06
-1.92411e-06
-2.09966e-06
-2.22644e-06
-2.063e-06
-2.53763e-06
-2.05239e-06
-2.86702e-06
-2.10799e-06
-3.24814e-06
-2.27311e-06
-3.75981e-06
-2.52463e-06
-4.50804e-06
-2.6888e-06
-5.48345e-06
-2.47936e-06
-6.32526e-06
-1.72582e-06
-6.27295e-06
-6.53187e-07
-4.57518e-06
-1.3404e-06
-3.97539e-07
1.85826e-06
-8.38277e-07
2.68257e-06
-1.26613e-06
3.38204e-06
-1.65389e-06
4.03279e-06
-1.96444e-06
4.49876e-06
-2.16083e-06
4.65893e-06
-2.23846e-06
4.51071e-06
-2.22833e-06
4.15162e-06
-2.17351e-06
3.70201e-06
-2.11087e-06
3.25177e-06
-2.06317e-06
2.84793e-06
-2.03772e-06
2.50088e-06
-2.03138e-06
2.20021e-06
-2.03705e-06
1.92969e-06
-2.04821e-06
1.67582e-06
-2.0605e-06
1.42998e-06
-2.07139e-06
1.1875e-06
-2.07954e-06
9.45871e-07
-2.08423e-06
7.03683e-07
-2.08509e-06
4.59934e-07
-2.08193e-06
2.13749e-07
-2.0747e-06
-3.57685e-08
-2.06348e-06
-2.89595e-07
-2.04842e-06
-5.48805e-07
-2.02971e-06
-8.14457e-07
-2.00743e-06
-1.08759e-06
-1.98151e-06
-1.36906e-06
-1.95163e-06
-1.65939e-06
-1.91725e-06
-1.95849e-06
-1.87807e-06
-2.26563e-06
-1.83576e-06
-2.57993e-06
-1.79915e-06
-2.90364e-06
-1.7942e-06
-3.25309e-06
-1.8699e-06
-3.68411e-06
-2.06279e-06
-4.31515e-06
-2.29201e-06
-5.25423e-06
-2.29306e-06
-6.32421e-06
-1.7773e-06
-6.78871e-06
-7.88109e-07
-5.56436e-06
-2.12851e-06
-3.59923e-07
2.21818e-06
-7.59085e-07
3.08173e-06
-1.13605e-06
3.759e-06
-1.46433e-06
4.36107e-06
-1.71131e-06
4.74574e-06
-1.8503e-06
4.79792e-06
-1.89028e-06
4.55069e-06
-1.86733e-06
4.12867e-06
-1.82056e-06
3.65524e-06
-1.7785e-06
3.2097e-06
-1.75445e-06
2.82389e-06
-1.74883e-06
2.49525e-06
-1.75585e-06
2.20723e-06
-1.76912e-06
1.94297e-06
-1.78408e-06
1.69078e-06
-1.79811e-06
1.44401e-06
-1.80984e-06
1.19922e-06
-1.81858e-06
9.5461e-07
-1.82398e-06
7.09083e-07
-1.82588e-06
4.61841e-07
-1.82426e-06
2.12131e-07
-1.81918e-06
-4.08509e-08
-1.81077e-06
-2.98004e-07
-1.79923e-06
-5.60346e-07
-1.78474e-06
-8.28945e-07
-1.76739e-06
-1.10494e-06
-1.74706e-06
-1.3894e-06
-1.72332e-06
-1.68312e-06
-1.6954e-06
-1.98642e-06
-1.6622e-06
-2.29882e-06
-1.62305e-06
-2.61908e-06
-1.58016e-06
-2.94653e-06
-1.54611e-06
-3.28714e-06
-1.55676e-06
-3.67346e-06
-1.66843e-06
-4.20348e-06
-1.88153e-06
-5.04114e-06
-2.00882e-06
-6.19692e-06
-1.71443e-06
-7.08309e-06
-8.65101e-07
-6.4137e-06
-2.99361e-06
-3.09241e-07
2.52742e-06
-6.56468e-07
3.42896e-06
-9.77717e-07
4.08025e-06
-1.24736e-06
4.63071e-06
-1.43867e-06
4.93705e-06
-1.53551e-06
4.89476e-06
-1.55503e-06
4.57021e-06
-1.5325e-06
4.10614e-06
-1.50019e-06
3.62294e-06
-1.47804e-06
3.18755e-06
-1.47205e-06
2.81789e-06
-1.47907e-06
2.50227e-06
-1.49331e-06
2.22147e-06
-1.51002e-06
1.95968e-06
-1.52634e-06
1.7071e-06
-1.5408e-06
1.45847e-06
-1.5527e-06
1.21113e-06
-1.56172e-06
9.63625e-07
-1.56771e-06
7.1507e-07
-1.57064e-06
4.64772e-07
-1.57057e-06
2.12059e-07
-1.56761e-06
-4.38058e-08
-1.56194e-06
-3.0367e-07
-1.55377e-06
-5.68519e-07
-1.54327e-06
-8.39441e-07
-1.53054e-06
-1.11767e-06
-1.51545e-06
-1.40449e-06
-1.49755e-06
-1.70102e-06
-1.47598e-06
-2.00799e-06
-1.44944e-06
-2.32536e-06
-1.41643e-06
-2.65209e-06
-1.37635e-06
-2.9866e-06
-1.33365e-06
-3.32984e-06
-1.30882e-06
-3.69829e-06
-1.35144e-06
-4.16086e-06
-1.50769e-06
-4.88488e-06
-1.68377e-06
-6.02085e-06
-1.56467e-06
-7.20219e-06
-8.84069e-07
-7.0943e-06
-3.87768e-06
-2.50204e-07
2.77763e-06
-5.39346e-07
3.7181e-06
-8.0335e-07
4.34425e-06
-1.0174e-06
4.84476e-06
-1.16185e-06
5.0815e-06
-1.22935e-06
4.96226e-06
-1.23996e-06
4.58083e-06
-1.22445e-06
4.09063e-06
-1.2073e-06
3.60578e-06
-1.20106e-06
3.18132e-06
-1.2071e-06
2.82393e-06
-1.22121e-06
2.51638e-06
-1.23872e-06
2.23899e-06
-1.25649e-06
1.97745e-06
-1.27286e-06
1.72347e-06
-1.28708e-06
1.47269e-06
-1.29883e-06
1.22288e-06
-1.308e-06
9.72791e-07
-1.31457e-06
7.21638e-07
-1.31859e-06
4.6879e-07
-1.32015e-06
2.13623e-07
-1.31941e-06
-4.45472e-08
-1.31654e-06
-3.06536e-07
-1.31175e-06
-5.73313e-07
-1.30521e-06
-8.45982e-07
-1.29701e-06
-1.12587e-06
-1.28706e-06
-1.41445e-06
-1.27491e-06
-1.71317e-06
-1.2597e-06
-2.0232e-06
-1.24006e-06
-2.345e-06
-1.21421e-06
-2.67794e-06
-1.18051e-06
-3.0203e-06
-1.13943e-06
-3.37092e-06
-1.10074e-06
-3.73699e-06
-1.09904e-06
-4.16255e-06
-1.19293e-06
-4.791e-06
-1.36442e-06
-5.84936e-06
-1.36331e-06
-7.20329e-06
-8.56671e-07
-7.60095e-06
-4.73435e-06
-1.86498e-07
2.96413e-06
-4.14632e-07
3.94624e-06
-6.21738e-07
4.55136e-06
-7.84475e-07
5.0075e-06
-8.90179e-07
5.1872e-06
-9.37724e-07
5.0098e-06
-9.46174e-07
4.58928e-06
-9.39765e-07
4.08422e-06
-9.3557e-07
3.60159e-06
-9.40544e-07
3.18629e-06
-9.53647e-07
2.83703e-06
-9.71021e-07
2.53376e-06
-9.89366e-07
2.25733e-06
-1.00679e-06
1.99488e-06
-1.02244e-06
1.73912e-06
-1.03599e-06
1.48624e-06
-1.04737e-06
1.23426e-06
-1.0566e-06
9.82024e-07
-1.06375e-06
7.28792e-07
-1.06893e-06
4.73962e-07
-1.07223e-06
2.16931e-07
-1.07383e-06
-4.29491e-08
-1.0739e-06
-3.06469e-07
-1.07261e-06
-5.74597e-07
-1.07015e-06
-8.48449e-07
-1.06659e-06
-1.12943e-06
-1.06186e-06
-1.41917e-06
-1.05558e-06
-1.71946e-06
-1.04689e-06
-2.03189e-06
-1.03444e-06
-2.35745e-06
-1.01639e-06
-2.69599e-06
-9.90719e-07
-3.04597e-06
-9.56292e-07
-3.40535e-06
-9.16801e-07
-3.77648e-06
-8.93218e-07
-4.18613e-06
-9.37772e-07
-4.74645e-06
-1.07906e-06
-5.70807e-06
-1.14389e-06
-7.13846e-06
-7.98749e-07
-7.94609e-06
-5.5331e-06
-1.21015e-07
3.08514e-06
-2.87188e-07
4.11241e-06
-4.39133e-07
4.7033e-06
-5.54413e-07
5.12278e-06
-6.27654e-07
5.26044e-06
-6.6179e-07
5.04394e-06
-6.71387e-07
4.59888e-06
-6.73657e-07
4.08649e-06
-6.79261e-07
3.60719e-06
-6.91296e-07
3.19833e-06
-7.07865e-07
2.8536e-06
-7.26006e-07
2.5519e-06
-7.43654e-07
2.27498e-06
-7.59822e-07
2.01105e-06
-7.74188e-07
1.75348e-06
-7.86728e-07
1.49878e-06
-7.97531e-07
1.24506e-06
-8.0672e-07
9.91213e-07
-8.14425e-07
7.36497e-07
-8.20777e-07
4.80314e-07
-8.25912e-07
2.22065e-07
-8.2998e-07
-3.88811e-08
-8.33153e-07
-3.03296e-07
-8.35591e-07
-5.72158e-07
-8.37434e-07
-8.46606e-07
-8.38771e-07
-1.12809e-06
-8.39539e-07
-1.4184e-06
-8.39401e-07
-1.7196e-06
-8.37587e-07
-2.0337e-06
-8.32785e-07
-2.36225e-06
-8.23142e-07
-2.70563e-06
-8.06521e-07
-3.06259e-06
-7.81181e-07
-3.43069e-06
-7.47903e-07
-3.80976e-06
-7.18378e-07
-4.21565e-06
-7.3237e-07
-4.73245e-06
-8.39347e-07
-5.60109e-06
-9.30557e-07
-7.04725e-06
-7.22336e-07
-8.15431e-06
-6.25543e-06
-5.52832e-08
3.14043e-06
-1.59747e-07
4.21687e-06
-2.58877e-07
4.80243e-06
-3.30254e-07
5.19415e-06
-3.754e-07
5.30559e-06
-3.99853e-07
5.06839e-06
-4.1168e-07
4.6107e-06
-4.21151e-07
4.09596e-06
-4.33605e-07
3.61965e-06
-4.49605e-07
3.21433e-06
-4.6723e-07
2.87122e-06
-4.84543e-07
2.56921e-06
-5.00488e-07
2.29092e-06
-5.14748e-07
2.02531e-06
-5.27381e-07
1.76612e-06
-5.38582e-07
1.50998e-06
-5.4857e-07
1.25505e-06
-5.57552e-07
1.0002e-06
-5.65714e-07
7.44659e-07
-5.73221e-07
4.87821e-07
-5.80225e-07
2.29069e-07
-5.86873e-07
-3.2233e-08
-5.93329e-07
-2.9684e-07
-5.99735e-07
-5.65752e-07
-6.06199e-07
-8.40142e-07
-6.12786e-07
-1.1215e-06
-6.19442e-07
-1.41175e-06
-6.25875e-07
-1.71316e-06
-6.31399e-07
-2.02818e-06
-6.3479e-07
-2.35886e-06
-6.34256e-07
-2.70617e-06
-6.27642e-07
-3.06921e-06
-6.13021e-07
-3.44531e-06
-5.89979e-07
-3.8328e-06
-5.64892e-07
-4.24074e-06
-5.65441e-07
-4.7319e-06
-6.4499e-07
-5.52154e-06
-7.37771e-07
-6.95447e-06
-6.33901e-07
-8.25818e-06
-6.88933e-06
1.08312e-08
3.12959e-06
-3.38488e-08
4.26155e-06
-8.21713e-08
4.85076e-06
-1.13703e-07
5.22568e-06
-1.33291e-07
5.32518e-06
-1.49182e-07
5.08428e-06
-1.62594e-07
4.62412e-06
-1.77558e-07
4.11092e-06
-1.947e-07
3.63679e-06
-2.12705e-07
3.23233e-06
-2.29941e-07
2.88846e-06
-2.45437e-07
2.58471e-06
-2.58999e-07
2.30449e-06
-2.70838e-07
2.03715e-06
-2.81328e-07
1.77661e-06
-2.90851e-07
1.51951e-06
-2.99747e-07
1.26394e-06
-3.08305e-07
1.00875e-06
-3.1677e-07
7.53123e-07
-3.25346e-07
4.96398e-07
-3.34211e-07
2.37934e-07
-3.43513e-07
-2.29306e-08
-3.53406e-07
-2.86947e-07
-3.64022e-07
-5.55135e-07
-3.75435e-07
-8.28729e-07
-3.87681e-07
-1.10926e-06
-4.00694e-07
-1.39873e-06
-4.14213e-07
-1.69964e-06
-4.2763e-07
-2.01476e-06
-4.39834e-07
-2.34666e-06
-4.49143e-07
-2.69686e-06
-4.53459e-07
-3.06489e-06
-4.50784e-07
-3.44799e-06
-4.40311e-07
-3.84327e-06
-4.25906e-07
-4.25515e-06
-4.26531e-07
-4.73128e-06
-4.89865e-07
-5.45821e-06
-5.77782e-07
-6.86655e-06
-5.33921e-07
-8.30204e-06
-7.42326e-06
7.51943e-08
3.0544e-06
9.04789e-08
4.24627e-06
9.01655e-08
4.85107e-06
9.57963e-08
5.22005e-06
1.01252e-07
5.31972e-06
9.39629e-08
5.09157e-06
7.98214e-08
4.63826e-06
6.08808e-08
4.12986e-06
4.05575e-08
3.65711e-06
2.16815e-08
3.25121e-06
5.61436e-09
2.90453e-06
-7.5708e-09
2.59789e-06
-1.83242e-08
2.31524e-06
-2.73526e-08
2.04617e-06
-3.5334e-08
1.78459e-06
-4.28404e-08
1.52701e-06
-5.03402e-08
1.27144e-06
-5.82152e-08
1.01663e-06
-6.6777e-08
7.61685e-07
-7.62786e-08
5.05899e-07
-8.69292e-08
2.48585e-07
-9.89027e-08
-1.09571e-08
-1.12338e-07
-2.73512e-07
-1.27366e-07
-5.40107e-07
-1.44032e-07
-8.12063e-07
-1.62337e-07
-1.09095e-06
-1.82201e-07
-1.37887e-06
-2.03369e-07
-1.67848e-06
-2.2529e-07
-1.99284e-06
-2.46984e-07
-2.32496e-06
-2.66913e-07
-2.67693e-06
-2.83105e-07
-3.0487e-06
-2.93574e-07
-3.43752e-06
-2.97363e-07
-3.83949e-06
-2.97031e-07
-4.25548e-06
-3.0655e-07
-4.72176e-06
-3.64852e-07
-5.39991e-06
-4.54594e-07
-6.77681e-06
-4.33371e-07
-8.32327e-06
-7.85663e-06
1.40193e-07
2.91421e-06
2.12895e-07
4.17357e-06
2.58061e-07
4.8059e-06
2.99673e-07
5.17844e-06
3.29829e-07
5.28956e-06
3.33366e-07
5.08803e-06
3.19097e-07
4.65253e-06
2.97155e-07
4.15181e-06
2.74468e-07
3.6798e-06
2.55239e-07
3.27044e-06
2.40647e-07
2.91912e-06
2.30096e-07
2.60844e-06
2.22425e-07
2.32291e-06
2.16494e-07
2.0521e-06
2.11336e-07
1.78975e-06
2.06172e-07
1.53218e-06
2.00385e-07
1.27723e-06
1.93484e-07
1.02353e-06
1.85074e-07
7.70095e-07
1.74839e-07
5.16135e-07
1.62529e-07
2.60894e-07
1.47918e-07
3.65486e-09
1.30897e-07
-2.56491e-07
1.11319e-07
-5.2053e-07
8.91575e-08
-7.89901e-07
6.44426e-08
-1.06624e-06
3.72937e-08
-1.35172e-06
7.97647e-09
-1.64916e-06
-2.30498e-08
-1.96181e-06
-5.49007e-08
-2.29311e-06
-8.62163e-08
-2.64562e-06
-1.15209e-07
-3.01971e-06
-1.40018e-07
-3.41271e-06
-1.59505e-07
-3.82e-06
-1.75414e-07
-4.23957e-06
-1.98809e-07
-4.69837e-06
-2.60788e-07
-5.33793e-06
-3.598e-07
-6.6778e-06
-3.48522e-07
-8.33455e-06
-8.20515e-06
2.04429e-07
2.70978e-06
3.33017e-07
4.04498e-06
4.21803e-07
4.71712e-06
4.97932e-07
5.10231e-06
5.52523e-07
5.23497e-06
5.7059e-07
5.06997e-06
5.58515e-07
4.6646e-06
5.34427e-07
4.17589e-06
5.0965e-07
3.70458e-06
4.89994e-07
3.29009e-06
4.76725e-07
2.93239e-06
4.68689e-07
2.61648e-06
4.64145e-07
2.32745e-06
4.61485e-07
2.05476e-06
4.59407e-07
1.79182e-06
4.56892e-07
1.53469e-06
4.53146e-07
1.28098e-06
4.47542e-07
1.02913e-06
4.39579e-07
7.78058e-07
4.28859e-07
5.26854e-07
4.15063e-07
2.74691e-07
3.97969e-07
2.07482e-08
3.77376e-07
-2.35898e-07
3.5319e-07
-4.96343e-07
3.25363e-07
-7.62075e-07
2.93961e-07
-1.03483e-06
2.59142e-07
-1.3169e-06
2.21179e-07
-1.6112e-06
1.80526e-07
-1.92116e-06
1.37912e-07
-2.2505e-06
9.45008e-08
-2.6022e-06
5.18793e-08
-2.97709e-06
1.17687e-08
-3.3726e-06
-2.4979e-08
-3.78325e-06
-5.88874e-08
-4.20566e-06
-9.92447e-08
-4.65801e-06
-1.71564e-07
-5.26561e-06
-2.83674e-07
-6.56568e-06
-2.84143e-07
-8.33408e-06
-8.48929e-06
2.64016e-07
2.44576e-06
4.49442e-07
3.85955e-06
5.80686e-07
4.58588e-06
6.89821e-07
4.99318e-06
7.70473e-07
5.15432e-06
8.06147e-07
5.03429e-06
8.00257e-07
4.67049e-06
7.75518e-07
4.20063e-06
7.48665e-07
3.73143e-06
7.27988e-07
3.31077e-06
7.15389e-07
2.94499e-06
7.09445e-07
2.62242e-06
7.07858e-07
2.32904e-06
7.08508e-07
2.05411e-06
7.09698e-07
1.79063e-06
7.10112e-07
1.53428e-06
7.08735e-07
1.28235e-06
7.0477e-07
1.0331e-06
6.97588e-07
7.8524e-07
6.86692e-07
5.37751e-07
6.71687e-07
2.89696e-07
6.52279e-07
4.01567e-08
6.28254e-07
-2.11873e-07
5.99495e-07
-4.67584e-07
5.65948e-07
-7.28529e-07
5.27704e-07
-9.96589e-07
4.84949e-07
-1.27415e-06
4.37971e-07
-1.56422e-06
3.87202e-07
-1.87039e-06
3.33274e-07
-2.19657e-06
2.77104e-07
-2.54603e-06
2.19975e-07
-2.91996e-06
1.63293e-07
-3.31592e-06
1.08279e-07
-3.72824e-06
5.42346e-08
-4.15161e-06
-7.29446e-09
-4.59648e-06
-9.37845e-08
-5.17912e-06
-2.18861e-07
-6.44061e-06
-2.39084e-07
-8.31385e-06
-8.72837e-06
3.13776e-07
2.13199e-06
5.58211e-07
3.61512e-06
7.32482e-07
4.4116e-06
8.74083e-07
4.85158e-06
9.82563e-07
5.04584e-06
1.03958e-06
4.97727e-06
1.04491e-06
4.66516e-06
1.02238e-06
4.22316e-06
9.93951e-07
3.75986e-06
9.71555e-07
3.33317e-06
9.58645e-07
2.9579e-06
9.54012e-07
2.62706e-06
9.54938e-07
2.32812e-06
9.58755e-07
2.0503e-06
9.63286e-07
1.7861e-06
9.66846e-07
1.53072e-06
9.68139e-07
1.28106e-06
9.66157e-07
1.03508e-06
9.60111e-07
7.91286e-07
9.49377e-07
5.48485e-07
9.33469e-07
3.05603e-07
9.12013e-07
6.16122e-08
8.84756e-07
-1.84616e-07
8.51563e-07
-4.34391e-07
8.12376e-07
-6.89342e-07
7.67279e-07
-9.51492e-07
7.16463e-07
-1.22333e-06
6.60229e-07
-1.50798e-06
5.98998e-07
-1.80916e-06
5.33286e-07
-2.13086e-06
4.63761e-07
-2.47651e-06
3.91401e-07
-2.8476e-06
3.17332e-07
-3.24185e-06
2.42489e-07
-3.65339e-06
1.66683e-07
-4.07581e-06
8.44515e-08
-4.51425e-06
-2.2628e-08
-5.07204e-06
-1.61076e-07
-6.30216e-06
-2.07794e-07
-8.26714e-06
-8.93617e-06
3.48851e-07
1.78313e-06
6.52309e-07
3.31166e-06
8.73228e-07
4.19069e-06
1.04817e-06
4.67663e-06
1.18565e-06
4.90837e-06
1.26841e-06
4.89451e-06
1.29123e-06
4.64234e-06
1.27561e-06
4.23879e-06
1.24738e-06
3.78809e-06
1.22306e-06
3.35749e-06
1.20885e-06
2.97211e-06
1.2045e-06
2.6314e-06
1.20722e-06
2.3254e-06
1.21383e-06
2.04369e-06
1.22161e-06
1.77832e-06
1.22842e-06
1.52391e-06
1.23262e-06
1.27686e-06
1.23294e-06
1.03477e-06
1.22838e-06
7.95845e-07
1.21817e-06
5.58692e-07
1.20172e-06
3.22054e-07
1.17857e-06
8.47657e-08
1.14839e-06
-1.54442e-07
1.11102e-06
-3.97022e-07
1.06639e-06
-6.44708e-07
1.01457e-06
-8.99672e-07
9.55747e-07
-1.16451e-06
8.90201e-07
-1.44244e-06
8.18271e-07
-1.73723e-06
7.40346e-07
-2.05293e-06
6.56859e-07
-2.39302e-06
5.68468e-07
-2.7592e-06
4.75896e-07
-3.14928e-06
3.79831e-07
-3.55733e-06
2.80459e-07
-3.97644e-06
1.73364e-07
-4.40715e-06
4.43701e-08
-4.94305e-06
-1.0983e-07
-6.14796e-06
-1.85068e-07
-8.1919e-06
-9.12124e-06
3.64893e-07
1.41824e-06
7.23217e-07
2.95334e-06
9.95816e-07
3.91809e-06
1.2074e-06
4.46505e-06
1.37553e-06
4.74023e-06
1.48828e-06
4.78177e-06
1.53572e-06
4.5949e-06
1.53388e-06
4.24062e-06
1.50988e-06
3.81209e-06
1.4848e-06
3.38257e-06
1.46879e-06
2.98811e-06
1.46371e-06
2.63648e-06
1.46728e-06
2.32183e-06
1.47604e-06
2.03492e-06
1.48675e-06
1.76761e-06
1.49675e-06
1.5139e-06
1.50398e-06
1.26964e-06
1.50683e-06
1.03191e-06
1.50409e-06
7.98593e-07
1.49478e-06
5.68e-07
1.47818e-06
3.38651e-07
1.45374e-06
1.09203e-07
1.42107e-06
-1.21765e-07
1.37992e-06
-3.55873e-07
1.3302e-06
-5.94984e-07
1.27193e-06
-8.41411e-07
1.20529e-06
-1.09787e-06
1.1305e-06
-1.36764e-06
1.04777e-06
-1.6545e-06
9.57296e-07
-1.96246e-06
8.59184e-07
-2.29491e-06
7.53737e-07
-2.65376e-06
6.41314e-07
-3.03685e-06
5.22399e-07
-3.43841e-06
3.97202e-07
-3.85124e-06
2.62484e-07
-4.27243e-06
1.08578e-07
-4.78914e-06
-6.3562e-08
-5.97582e-06
-1.68008e-07
-8.08745e-06
-9.28925e-06
3.58951e-07
1.05929e-06
7.62688e-07
2.5496e-06
1.09062e-06
3.59015e-06
1.34425e-06
4.21142e-06
1.5457e-06
4.53878e-06
1.69213e-06
4.63534e-06
1.77177e-06
4.51526e-06
1.79291e-06
4.21948e-06
1.78029e-06
3.82471e-06
1.7582e-06
3.40466e-06
1.74141e-06
3.0049e-06
1.73513e-06
2.64277e-06
1.73861e-06
2.31835e-06
1.74868e-06
2.02485e-06
1.76175e-06
1.75455e-06
1.77465e-06
1.501e-06
1.78484e-06
1.25944e-06
1.79035e-06
1.0264e-06
1.78966e-06
7.99283e-07
1.7816e-06
5.76068e-07
1.76527e-06
3.54981e-07
1.74001e-06
1.34462e-07
1.70532e-06
-8.70813e-08
1.66091e-06
-3.11456e-07
1.6066e-06
-5.40674e-07
1.54235e-06
-7.77164e-07
1.46824e-06
-1.02376e-06
1.38439e-06
-1.28378e-06
1.2908e-06
-1.56091e-06
1.18738e-06
-1.85904e-06
1.0739e-06
-2.18144e-06
9.50232e-07
-2.53009e-06
8.16294e-07
-2.90291e-06
6.72374e-07
-3.29449e-06
5.18624e-07
-3.69749e-06
3.53128e-07
-4.10694e-06
1.71433e-07
-4.60745e-06
-2.254e-08
-5.78185e-06
-1.55463e-07
-7.95453e-06
-9.44471e-06
3.31105e-07
7.28185e-07
7.6423e-07
2.11648e-06
1.14687e-06
3.20751e-06
1.44875e-06
3.90953e-06
1.68824e-06
4.29929e-06
1.87178e-06
4.4518e-06
1.99032e-06
4.39673e-06
2.0448e-06
4.165e-06
2.05402e-06
3.81549e-06
2.04245e-06
3.41622e-06
2.02882e-06
3.01854e-06
2.02254e-06
2.64904e-06
2.0257e-06
2.31519e-06
2.03633e-06
2.01423e-06
2.051e-06
1.73988e-06
2.06625e-06
1.48575e-06
2.07911e-06
1.24658e-06
2.08721e-06
1.0183e-06
2.08868e-06
7.97811e-07
2.08211e-06
5.8264e-07
2.06642e-06
3.70669e-07
2.04081e-06
1.60074e-07
2.00466e-06
-5.09309e-08
1.95756e-06
-2.64363e-07
1.89927e-06
-4.82378e-07
1.8296e-06
-7.07497e-07
1.74848e-06
-9.42645e-07
1.65578e-06
-1.19108e-06
1.55122e-06
-1.45635e-06
1.43434e-06
-1.74215e-06
1.30449e-06
-2.05159e-06
1.16101e-06
-2.3866e-06
1.00335e-06
-2.74526e-06
8.31711e-07
-3.12285e-06
6.46222e-07
-3.512e-06
4.46416e-07
-3.90713e-06
2.33979e-07
-4.39501e-06
1.5441e-08
-5.56331e-06
-1.46093e-07
-7.79299e-06
-9.5908e-06
2.8398e-07
4.44205e-07
7.25196e-07
1.67526e-06
1.15494e-06
2.77777e-06
1.508e-06
3.55647e-06
1.79103e-06
4.01626e-06
2.01597e-06
4.22686e-06
2.17931e-06
4.23339e-06
2.27766e-06
4.06665e-06
2.32174e-06
3.7714e-06
2.33251e-06
3.40545e-06
2.33033e-06
3.02072e-06
2.32864e-06
2.65073e-06
2.33326e-06
2.31057e-06
2.34463e-06
2.00286e-06
2.36042e-06
1.72409e-06
2.3774e-06
1.46877e-06
2.39242e-06
1.23156e-06
2.40277e-06
1.00795e-06
2.4063e-06
7.94282e-07
2.40132e-06
5.87627e-07
2.38653e-06
3.85458e-07
2.36095e-06
1.85653e-07
2.32384e-06
-1.38237e-08
2.27468e-06
-2.15198e-07
2.21301e-06
-4.20713e-07
2.13848e-06
-6.32966e-07
2.05072e-06
-8.54882e-07
1.94923e-06
-1.08959e-06
1.83333e-06
-1.34046e-06
1.70211e-06
-1.61093e-06
1.55441e-06
-1.90389e-06
1.38895e-06
-2.22114e-06
1.20475e-06
-2.56107e-06
1.00209e-06
-2.92019e-06
7.81081e-07
-3.29099e-06
5.43331e-07
-3.66938e-06
2.99147e-07
-4.15082e-06
6.01164e-08
-5.32428e-06
-1.36837e-07
-7.59604e-06
-9.72764e-06
2.1948e-07
2.24726e-07
6.47617e-07
1.24712e-06
1.10681e-06
2.31858e-06
1.50963e-06
3.15365e-06
1.84075e-06
3.68514e-06
2.11163e-06
3.95598e-06
2.32471e-06
4.02031e-06
2.47606e-06
3.9153e-06
2.56879e-06
3.67868e-06
2.61713e-06
3.35711e-06
2.63971e-06
2.99814e-06
2.65215e-06
2.63829e-06
2.66393e-06
2.29879e-06
2.6788e-06
1.98799e-06
2.69664e-06
1.70625e-06
2.71533e-06
1.45007e-06
2.73214e-06
1.21476e-06
2.74435e-06
9.9573e-07
2.74965e-06
7.88987e-07
2.74612e-06
5.91153e-07
2.73227e-06
3.99307e-07
2.70692e-06
2.11001e-07
2.6692e-06
2.38974e-08
2.61837e-06
-1.64363e-07
2.55376e-06
-3.561e-07
2.47465e-06
-5.53856e-07
2.38022e-06
-7.60458e-07
2.26958e-06
-9.78946e-07
2.14151e-06
-1.21239e-06
1.99453e-06
-1.46395e-06
1.82684e-06
-1.7362e-06
1.63646e-06
-2.03076e-06
1.42224e-06
-2.34685e-06
1.18463e-06
-2.68258e-06
9.237e-07
-3.03006e-06
6.44256e-07
-3.38994e-06
3.67396e-07
-3.87397e-06
1.05991e-07
-5.06287e-06
-1.26401e-07
-7.36365e-06
-9.85404e-06
1.56556e-07
6.81698e-08
5.42542e-07
8.61135e-07
1.00201e-06
1.85911e-06
1.44236e-06
2.7133e-06
1.82194e-06
3.30555e-06
2.14271e-06
3.6352e-06
2.41007e-06
3.75295e-06
2.62163e-06
3.70375e-06
2.77558e-06
3.52472e-06
2.8781e-06
3.25459e-06
2.94264e-06
2.9336e-06
2.98412e-06
2.59682e-06
3.01424e-06
2.26867e-06
3.03997e-06
1.96226e-06
3.06411e-06
1.68212e-06
3.08664e-06
1.42754e-06
3.10605e-06
1.19535e-06
3.12028e-06
9.81505e-07
3.12721e-06
7.82055e-07
3.12495e-06
5.93413e-07
3.11187e-06
4.12387e-07
3.08664e-06
2.36227e-07
3.0482e-06
6.23414e-08
2.99554e-06
-1.11697e-07
2.9277e-06
-2.88261e-07
2.84356e-06
-4.6972e-07
2.74181e-06
-6.58707e-07
2.62095e-06
-8.58088e-07
2.47918e-06
-1.07062e-06
2.31432e-06
-1.29909e-06
2.12378e-06
-1.54566e-06
1.9051e-06
-1.81208e-06
1.65714e-06
-2.09889e-06
1.37983e-06
-2.40527e-06
1.07398e-06
-2.72421e-06
7.49803e-07
-3.06576e-06
4.40195e-07
-3.56436e-06
1.58665e-07
-4.78134e-06
-1.12359e-07
-7.09263e-06
-9.9664e-06
1.0959e-07
-4.142e-08
4.2358e-07
5.47145e-07
8.46864e-07
1.43583e-06
1.2986e-06
2.26157e-06
1.71971e-06
2.88444e-06
2.09203e-06
3.26288e-06
2.41742e-06
3.42757e-06
2.6945e-06
3.42667e-06
2.91907e-06
3.30015e-06
3.09064e-06
3.08302e-06
3.21552e-06
2.80872e-06
3.30469e-06
2.50764e-06
3.36959e-06
2.20377e-06
3.41914e-06
1.91271e-06
3.4589e-06
1.64236e-06
3.49143e-06
1.39501e-06
3.51723e-06
1.16954e-06
3.53557e-06
9.63172e-07
3.54514e-06
7.72485e-07
3.54447e-06
5.94079e-07
3.53209e-06
4.24769e-07
3.50663e-06
2.61685e-07
3.46683e-06
1.02143e-07
3.41138e-06
-5.62528e-08
3.33914e-06
-2.16021e-07
3.24857e-06
-3.79147e-07
3.13788e-06
-5.48016e-07
3.00489e-06
-7.25099e-07
2.84712e-06
-9.12849e-07
2.66163e-06
-1.1136e-06
2.44535e-06
-1.32939e-06
2.19554e-06
-1.56226e-06
1.91045e-06
-1.8138e-06
1.58875e-06
-2.08358e-06
1.23378e-06
-2.36923e-06
8.6352e-07
-2.6955e-06
5.21136e-07
-3.22197e-06
2.20345e-07
-4.48055e-06
-9.53427e-08
-6.77694e-06
-1.00617e-05
7.7721e-08
-1.19141e-07
2.99226e-07
3.2564e-07
6.50796e-07
1.08426e-06
1.07773e-06
1.83463e-06
1.52171e-06
2.44046e-06
1.94318e-06
2.8414e-06
2.32907e-06
3.04168e-06
2.67515e-06
3.08059e-06
2.97577e-06
2.99953e-06
3.22629e-06
2.8325e-06
3.42664e-06
2.60837e-06
3.582e-06
2.35228e-06
3.70071e-06
2.08506e-06
3.79142e-06
1.822e-06
3.86117e-06
1.57261e-06
3.91478e-06
1.3414e-06
3.95496e-06
1.12936e-06
3.98285e-06
9.35291e-07
3.99849e-06
7.5684e-07
4.00134e-06
5.91231e-07
3.99047e-06
4.35634e-07
3.96479e-06
2.87367e-07
3.92307e-06
1.43864e-07
3.86361e-06
3.20995e-09
3.78535e-06
-1.37765e-07
3.68631e-06
-2.80106e-07
3.56441e-06
-4.26113e-07
3.41697e-06
-5.77662e-07
3.24094e-06
-7.36821e-07
3.03288e-06
-9.05533e-07
2.78938e-06
-1.08589e-06
2.50688e-06
-1.27976e-06
2.18265e-06
-1.48957e-06
1.81538e-06
-1.71631e-06
1.41309e-06
-1.96695e-06
1.00206e-06
-2.28447e-06
6.29394e-07
-2.84931e-06
3.03508e-07
-4.15467e-06
-6.95727e-08
-6.40386e-06
-1.01313e-05
3.91009e-08
-1.58242e-07
1.56754e-07
2.07986e-07
4.10098e-07
8.30916e-07
7.81182e-07
1.46355e-06
1.2227e-06
1.99894e-06
1.68338e-06
2.38072e-06
2.12976e-06
2.59531e-06
2.54671e-06
2.66364e-06
2.92533e-06
2.62091e-06
3.25852e-06
2.49932e-06
3.54212e-06
2.32477e-06
3.77625e-06
2.11815e-06
3.96488e-06
1.89643e-06
4.11417e-06
1.6727e-06
4.2307e-06
1.45608e-06
4.32015e-06
1.25195e-06
4.38682e-06
1.06268e-06
4.43359e-06
8.8852e-07
4.46211e-06
7.28323e-07
4.47313e-06
5.80213e-07
4.46669e-06
4.42072e-07
4.44226e-06
3.11795e-07
4.39888e-06
1.8724e-07
4.33561e-06
6.6481e-08
4.25044e-06
-5.25902e-08
4.14188e-06
-1.71546e-07
4.00762e-06
-2.91857e-07
3.84495e-06
-4.14996e-07
3.65058e-06
-5.42443e-07
3.42055e-06
-6.75501e-07
3.15079e-06
-8.16131e-07
2.83706e-06
-9.66039e-07
2.47667e-06
-1.12917e-06
2.07157e-06
-1.3112e-06
1.63596e-06
-1.53135e-06
1.2025e-06
-1.85101e-06
8.15748e-07
-2.46256e-06
4.55622e-07
-3.79454e-06
1.97137e-10
-5.94843e-06
-1.01311e-05
-5.08259e-08
-1.07416e-07
-4.57207e-08
2.02881e-07
1.00876e-07
6.84319e-07
4.03757e-07
1.16067e-06
8.24366e-07
1.57834e-06
1.30926e-06
1.89583e-06
1.81139e-06
2.09318e-06
2.2989e-06
2.17612e-06
2.75407e-06
2.16574e-06
3.16729e-06
2.08609e-06
3.53267e-06
1.95939e-06
3.84766e-06
1.80316e-06
4.11285e-06
1.63125e-06
4.3313e-06
1.45425e-06
4.50759e-06
1.27979e-06
4.64667e-06
1.11287e-06
4.7531e-06
9.56258e-07
4.83063e-06
8.10987e-07
4.88212e-06
6.76834e-07
4.90953e-06
5.52799e-07
4.91397e-06
4.37637e-07
4.89583e-06
3.29936e-07
4.85494e-06
2.28132e-07
4.7907e-06
1.30715e-07
4.7019e-06
3.62067e-08
4.58696e-06
-5.65994e-08
4.44382e-06
-1.48717e-07
4.27001e-06
-2.41191e-07
4.0623e-06
-3.34726e-07
3.81675e-06
-4.29951e-07
3.52881e-06
-5.28197e-07
3.19492e-06
-6.32141e-07
2.81434e-06
-7.48599e-07
2.3932e-06
-8.90058e-07
1.95064e-06
-1.08878e-06
1.52492e-06
-1.42529e-06
1.15165e-06
-2.08929e-06
7.43163e-07
-3.38605e-06
1.53004e-07
-5.35827e-06
-9.97811e-06
-2.76326e-07
1.6891e-07
-4.18704e-07
3.4526e-07
-3.39219e-07
6.04834e-07
-7.51463e-08
8.96595e-07
3.3067e-07
1.17252e-06
8.35916e-07
1.39059e-06
1.38665e-06
1.54244e-06
1.94107e-06
1.6217e-06
2.47032e-06
1.63649e-06
2.95823e-06
1.59818e-06
3.39739e-06
1.52023e-06
3.78471e-06
1.41585e-06
4.11979e-06
1.29616e-06
4.4043e-06
1.16974e-06
4.64124e-06
1.04285e-06
4.83435e-06
9.19763e-07
4.98753e-06
8.03081e-07
5.10455e-06
6.93972e-07
5.1886e-06
5.92779e-07
5.24213e-06
4.99267e-07
5.26695e-06
4.12824e-07
5.26433e-06
3.32551e-07
5.235e-06
2.57464e-07
5.17913e-06
1.86583e-07
5.09637e-06
1.18971e-07
4.98589e-06
5.38772e-08
4.84624e-06
-9.0681e-09
4.67649e-06
-7.14391e-08
4.4741e-06
-1.32339e-07
4.23629e-06
-1.92137e-07
3.96026e-06
-2.52168e-07
3.64422e-06
-3.16103e-07
3.28717e-06
-3.91552e-07
2.89387e-06
-4.96754e-07
2.48343e-06
-6.78342e-07
2.08488e-06
-1.02674e-06
1.69809e-06
-1.7025e-06
1.1785e-06
-2.86646e-06
4.28034e-07
-4.6078e-06
-9.55008e-06
-5.29346e-07
6.98256e-07
-7.94466e-07
6.10379e-07
-8.32487e-07
6.42855e-07
-6.39237e-07
7.03345e-07
-2.47724e-07
7.81006e-07
2.74492e-07
8.6837e-07
8.67832e-07
9.49103e-07
1.47922e-06
1.01031e-06
2.07427e-06
1.04145e-06
2.63153e-06
1.04092e-06
3.13952e-06
1.01224e-06
3.5934e-06
9.6196e-07
3.9922e-06
8.97371e-07
4.33715e-06
8.24789e-07
4.63088e-06
7.49109e-07
4.87687e-06
6.73779e-07
5.07887e-06
6.01079e-07
5.2405e-06
5.32343e-07
5.36503e-06
4.68245e-07
5.4554e-06
4.08902e-07
5.51418e-06
3.54045e-07
5.54348e-06
3.03248e-07
5.54491e-06
2.56032e-07
5.51959e-06
2.11905e-07
5.46816e-06
1.70406e-07
5.39089e-06
1.31138e-07
5.28811e-06
9.3717e-08
5.15918e-06
5.74878e-08
5.00544e-06
2.14001e-08
4.82811e-06
-1.48024e-08
4.6276e-06
-5.16584e-08
4.4061e-06
-9.46066e-08
4.16398e-06
-1.49428e-07
3.8985e-06
-2.31277e-07
3.59181e-06
-3.7165e-07
3.20452e-06
-6.39453e-07
2.64864e-06
-1.14661e-06
1.77965e-06
-1.99748e-06
7.83898e-07
-3.61205e-06
-8.76618e-06
-7.24415e-07
1.42267e-06
-1.00489e-06
8.90851e-07
-8.99731e-07
5.37699e-07
-5.95451e-07
3.99065e-07
-1.68663e-07
3.54218e-07
3.46514e-07
3.53193e-07
9.16731e-07
3.78887e-07
1.51135e-06
4.15694e-07
2.10685e-06
4.45945e-07
2.68463e-06
4.63141e-07
3.23058e-06
4.66288e-07
3.73558e-06
4.56969e-07
4.19478e-06
4.38168e-07
4.60657e-06
4.12996e-07
4.97155e-06
3.84132e-07
5.29172e-06
3.53611e-07
5.56987e-06
3.22929e-07
5.80914e-06
2.93071e-07
6.01288e-06
2.64503e-07
6.1843e-06
2.3748e-07
6.32628e-06
2.12067e-07
6.44134e-06
1.88189e-07
6.53165e-06
1.65721e-07
6.59906e-06
1.44496e-07
6.64514e-06
1.24328e-07
6.67127e-06
1.05001e-07
6.67867e-06
8.63187e-08
6.66817e-06
6.79948e-08
6.63982e-06
4.97493e-08
6.59368e-06
3.13353e-08
6.52981e-06
1.22135e-08
6.44581e-06
-1.0612e-08
6.33739e-06
-4.10051e-08
6.18906e-06
-8.29492e-08
5.95909e-06
-1.41682e-07
5.54166e-06
-2.22022e-07
4.72477e-06
-3.2972e-07
3.31067e-06
-5.83375e-07
1.59787e-06
-1.89926e-06
-7.16831e-06
1.42267e-06
2.31352e-06
2.85122e-06
3.25029e-06
3.6045e-06
3.9577e-06
4.33658e-06
4.75228e-06
5.19822e-06
5.66136e-06
6.12765e-06
6.58462e-06
7.02279e-06
7.43579e-06
7.81992e-06
8.17353e-06
8.49646e-06
8.78953e-06
9.05403e-06
9.29151e-06
9.50358e-06
9.69177e-06
9.85749e-06
1.0002e-05
1.01263e-05
1.02313e-05
1.03176e-05
1.03856e-05
1.04354e-05
1.04667e-05
1.04789e-05
1.04683e-05
1.04273e-05
1.03444e-05
1.02027e-05
9.98066e-06
9.65094e-06
9.06756e-06
7.16831e-06
)
;

boundaryField
{
    movingWall
    {
        type            calculated;
        value           uniform 0;
    }
    fixedWalls
    {
        type            calculated;
        value           uniform 0;
    }
    frontAndBack
    {
        type            empty;
    }
}


// ************************************************************************* //
