/*--------------------------------*- C++ -*----------------------------------*\
| =========                 |                                                 |
| \\      /  F ield         | OpenFOAM: The Open Source CFD Toolbox           |
|  \\    /   O peration     | Version:  2412                                  |
|   \\  /    A nd           | Website:  www.openfoam.com                      |
|    \\/     M anipulation  |                                                 |
\*---------------------------------------------------------------------------*/
FoamFile
{
    version     2.0;
    format      ascii;
    arch        "LSB;label=32;scalar=64";
    class       volVectorField;
    location    "5.25";
    object      U;
}
// * * * * * * * * * * * * * * * * * * * * * * * * * * * * * * * * * * * * * //

dimensions      [0 1 -1 0 0 0 0];

internalField   nonuniform List<vector> 
1600
(
(0.00129615 -0.00117468 0)
(0.00518543 -0.00150243 0)
(0.00877736 -0.00108442 0)
(0.0109186 -0.000382578 0)
(0.0114399 -6.00078e-05 0)
(0.0112063 -0.000186087 0)
(0.0106855 -0.000392386 0)
(0.00980524 -0.000350539 0)
(0.00811703 -8.29827e-05 0)
(0.00472778 0.000368012 0)
(-0.00147324 0.000780103 0)
(-0.00972127 0.00169086 0)
(-0.0220319 0.00412919 0)
(-0.0392405 0.00737659 0)
(-0.0589993 0.0101045 0)
(-0.0802691 0.0118608 0)
(-0.101667 0.0124293 0)
(-0.121742 0.0117879 0)
(-0.139184 0.0102152 0)
(-0.153102 0.00814983 0)
(-0.163126 0.00597065 0)
(-0.169243 0.0038585 0)
(-0.171668 0.00180028 0)
(-0.170573 -0.000310376 0)
(-0.165729 -0.00257212 0)
(-0.157 -0.00499885 0)
(-0.144124 -0.00752924 0)
(-0.127026 -0.0100161 0)
(-0.105943 -0.0122433 0)
(-0.0816273 -0.0139433 0)
(-0.0554828 -0.014792 0)
(-0.0293461 -0.0144284 0)
(-0.00498474 -0.0127565 0)
(0.014583 -0.0097217 0)
(0.0279541 -0.00541316 0)
(0.034391 -0.000618551 0)
(0.0331261 0.00350915 0)
(0.0248814 0.00602225 0)
(0.0129678 0.00541964 0)
(0.00327051 0.00375879 0)
(0.00203389 -0.00526781 0)
(0.00790252 -0.00680384 0)
(0.0121919 -0.00487162 0)
(0.0143944 -0.00205594 0)
(0.014205 8.8223e-05 0)
(0.011928 0.00109054 0)
(0.00783466 0.00186686 0)
(0.00154269 0.00341107 0)
(-0.00795125 0.00585399 0)
(-0.0218972 0.00995548 0)
(-0.0411734 0.0155632 0)
(-0.0646118 0.0219508 0)
(-0.0902904 0.02775 0)
(-0.116168 0.0315436 0)
(-0.140614 0.0330798 0)
(-0.162292 0.032453 0)
(-0.180324 0.0298405 0)
(-0.194533 0.0257594 0)
(-0.205335 0.0208069 0)
(-0.213295 0.0155008 0)
(-0.218575 0.0101792 0)
(-0.221346 0.00496237 0)
(-0.221376 -0.000246852 0)
(-0.218374 -0.00559229 0)
(-0.212086 -0.0111441 0)
(-0.202313 -0.0169647 0)
(-0.188898 -0.0230199 0)
(-0.171609 -0.0290169 0)
(-0.15045 -0.0344839 0)
(-0.125744 -0.0386876 0)
(-0.0983449 -0.0406732 0)
(-0.0696696 -0.0395127 0)
(-0.0417509 -0.0346105 0)
(-0.0169832 -0.0263632 0)
(0.00285034 -0.015905 0)
(0.0155662 -0.00472601 0)
(0.0219701 0.00557269 0)
(0.0211026 0.0128393 0)
(0.0133734 0.015404 0)
(0.00341733 0.0121254 0)
(0.00271416 -0.0110208 0)
(0.00829547 -0.0122777 0)
(0.0109687 -0.00790014 0)
(0.0109817 -0.00215064 0)
(0.00814913 0.00246312 0)
(0.0021883 0.00586166 0)
(-0.00781073 0.00991746 0)
(-0.0221066 0.0159121 0)
(-0.0414036 0.0237756 0)
(-0.0651891 0.032849 0)
(-0.0922738 0.0418702 0)
(-0.120243 0.0492756 0)
(-0.146553 0.0538615 0)
(-0.169535 0.0551172 0)
(-0.188722 0.0532911 0)
(-0.204011 0.048917 0)
(-0.215942 0.0428897 0)
(-0.225176 0.0359254 0)
(-0.232259 0.028568 0)
(-0.237448 0.0210877 0)
(-0.240941 0.0135972 0)
(-0.242524 0.00605184 0)
(-0.24217 -0.00168672 0)
(-0.239793 -0.00981717 0)
(-0.235246 -0.0184524 0)
(-0.228006 -0.027638 0)
(-0.217718 -0.0372837 0)
(-0.204046 -0.0470694 0)
(-0.186585 -0.0563318 0)
(-0.165142 -0.0639775 0)
(-0.139864 -0.0685494 0)
(-0.111471 -0.0684379 0)
(-0.0814695 -0.0624517 0)
(-0.052287 -0.050673 0)
(-0.0270458 -0.0345868 0)
(-0.00805543 -0.0166958 0)
(0.00387576 0.000234089 0)
(0.00912871 0.014542 0)
(0.00714448 0.0214148 0)
(0.00188127 0.0185016 0)
(0.00289143 -0.0168544 0)
(0.00607472 -0.0154621 0)
(0.0057336 -0.00765549 0)
(0.00199158 0.00128068 0)
(-0.00502261 0.00918848 0)
(-0.0161975 0.0169491 0)
(-0.0323223 0.0257882 0)
(-0.0535594 0.0367334 0)
(-0.0795277 0.0490703 0)
(-0.107787 0.060796 0)
(-0.135574 0.0699164 0)
(-0.160561 0.0750285 0)
(-0.181433 0.0759452 0)
(-0.198065 0.073102 0)
(-0.21086 0.0674374 0)
(-0.220545 0.0599045 0)
(-0.227946 0.0513708 0)
(-0.233601 0.0424275 0)
(-0.237829 0.0333899 0)
(-0.240794 0.0243931 0)
(-0.242649 0.0154105 0)
(-0.243598 0.00631441 0)
(-0.243449 -0.00305142 0)
(-0.242059 -0.0129247 0)
(-0.239551 -0.0235758 0)
(-0.235703 -0.0351553 0)
(-0.230146 -0.0476706 0)
(-0.222231 -0.0609301 0)
(-0.211158 -0.074249 0)
(-0.196036 -0.0863333 0)
(-0.176127 -0.0952354 0)
(-0.151156 -0.0986071 0)
(-0.121662 -0.0942454 0)
(-0.0894218 -0.080962 0)
(-0.0578144 -0.0598158 0)
(-0.031258 -0.0346827 0)
(-0.0126857 -0.010104 0)
(-0.00198913 0.0109286 0)
(0.00132609 0.0229362 0)
(0.000320464 0.0212422 0)
(0.00179576 -0.0202984 0)
(0.00181325 -0.01504 0)
(-0.00258623 -0.0031643 0)
(-0.0101611 0.00901732 0)
(-0.0216377 0.0209151 0)
(-0.03799 0.0333885 0)
(-0.0596578 0.0475885 0)
(-0.085737 0.0629301 0)
(-0.113669 0.0772494 0)
(-0.14048 0.0880987 0)
(-0.163802 0.0940705 0)
(-0.182581 0.094931 0)
(-0.196714 0.091398 0)
(-0.206845 0.0846948 0)
(-0.213781 0.0759311 0)
(-0.218399 0.0661263 0)
(-0.221279 0.0558747 0)
(-0.222876 0.0456012 0)
(-0.22351 0.0354911 0)
(-0.223463 0.0256265 0)
(-0.222933 0.0159439 0)
(-0.221949 0.0062927 0)
(-0.220918 -0.00354511 0)
(-0.220018 -0.0138285 0)
(-0.219112 -0.0249222 0)
(-0.218347 -0.0372429 0)
(-0.217408 -0.0510859 0)
(-0.215847 -0.0665256 0)
(-0.212798 -0.0831788 0)
(-0.206913 -0.0999138 0)
(-0.19644 -0.114623 0)
(-0.179675 -0.124254 0)
(-0.155678 -0.125346 0)
(-0.124879 -0.115126 0)
(-0.0896501 -0.0927606 0)
(-0.0551273 -0.0613025 0)
(-0.0275777 -0.0277445 0)
(-0.00972201 0.0012737 0)
(-0.00192781 0.0196476 0)
(-3.58081e-05 0.0210341 0)
(-0.000239055 -0.0204421 0)
(-0.00399611 -0.0102784 0)
(-0.0121735 0.00500187 0)
(-0.0236347 0.0209273 0)
(-0.039557 0.0372761 0)
(-0.060414 0.0548736 0)
(-0.0855402 0.0733002 0)
(-0.11241 0.0903352 0)
(-0.137966 0.103344 0)
(-0.159795 0.110621 0)
(-0.176666 0.111865 0)
(-0.188508 0.10795 0)
(-0.195956 0.100261 0)
(-0.199988 0.0902656 0)
(-0.201499 0.0790626 0)
(-0.201262 0.0674779 0)
(-0.199862 0.0559736 0)
(-0.197799 0.0448687 0)
(-0.195453 0.0342887 0)
(-0.193093 0.0242408 0)
(-0.190919 0.014618 0)
(-0.189181 0.00525088 0)
(-0.187818 -0.00413869 0)
(-0.186816 -0.0138784 0)
(-0.186339 -0.0243478 0)
(-0.186601 -0.0359941 0)
(-0.187744 -0.0493279 0)
(-0.189816 -0.064804 0)
(-0.192487 -0.0826321 0)
(-0.194765 -0.102385 0)
(-0.194725 -0.122486 0)
(-0.189542 -0.139818 0)
(-0.176169 -0.149858 0)
(-0.152767 -0.147711 0)
(-0.119867 -0.130023 0)
(-0.0811679 -0.0969494 0)
(-0.0443164 -0.0548181 0)
(-0.0172341 -0.0149878 0)
(-0.00362125 0.0127482 0)
(0.000307097 0.0197443 0)
(-0.00279765 -0.0163499 0)
(-0.0101705 -0.00179665 0)
(-0.021819 0.0169459 0)
(-0.0370709 0.0366991 0)
(-0.0567074 0.0576808 0)
(-0.0802747 0.0792555 0)
(-0.10572 0.0993265 0)
(-0.13008 0.115088 0)
(-0.150773 0.124438 0)
(-0.166301 0.126734 0)
(-0.176371 0.122806 0)
(-0.181684 0.114328 0)
(-0.183342 0.103069 0)
(-0.182456 0.0904703 0)
(-0.179985 0.0775225 0)
(-0.176723 0.0648834 0)
(-0.173281 0.0529096 0)
(-0.170067 0.0417646 0)
(-0.167274 0.0314264 0)
(-0.164923 0.0217572 0)
(-0.162965 0.0125479 0)
(-0.161262 0.00353577 0)
(-0.159719 -0.00550872 0)
(-0.158387 -0.0147888 0)
(-0.157377 -0.0245609 0)
(-0.156898 -0.0351614 0)
(-0.157364 -0.0470629 0)
(-0.15925 -0.0608785 0)
(-0.162959 -0.0773129 0)
(-0.168475 -0.0968784 0)
(-0.174821 -0.119282 0)
(-0.179529 -0.142549 0)
(-0.178551 -0.162307 0)
(-0.167289 -0.172036 0)
(-0.142975 -0.165016 0)
(-0.106762 -0.137442 0)
(-0.0648086 -0.091655 0)
(-0.0282003 -0.0397157 0)
(-0.00586032 0.00151866 0)
(0.000609738 0.0180185 0)
(-0.00530616 -0.00846336 0)
(-0.0159126 0.0103954 0)
(-0.0306412 0.0321213 0)
(-0.0490164 0.0557833 0)
(-0.070906 0.0803732 0)
(-0.0947928 0.103709 0)
(-0.118106 0.122853 0)
(-0.138154 0.135184 0)
(-0.153058 0.139484 0)
(-0.162204 0.136271 0)
(-0.16623 0.127424 0)
(-0.166409 0.115157 0)
(-0.164082 0.101311 0)
(-0.16044 0.0872019 0)
(-0.156435 0.0736412 0)
(-0.152732 0.0610541 0)
(-0.149682 0.0495426 0)
(-0.147348 0.0390005 0)
(-0.145606 0.0292107 0)
(-0.144237 0.0199217 0)
(-0.143023 0.0109018 0)
(-0.141779 0.00194561 0)
(-0.140445 -0.00709157 0)
(-0.139028 -0.0163361 0)
(-0.137572 -0.0259246 0)
(-0.136199 -0.0360236 0)
(-0.135244 -0.0468908 0)
(-0.135203 -0.0589614 0)
(-0.136797 -0.0729518 0)
(-0.140821 -0.0898774 0)
(-0.147674 -0.110722 0)
(-0.156502 -0.135484 0)
(-0.164252 -0.161715 0)
(-0.165477 -0.18331 0)
(-0.154014 -0.191044 0)
(-0.126614 -0.175984 0)
(-0.0861931 -0.134594 0)
(-0.042832 -0.0740798 0)
(-0.0100563 -0.0156152 0)
(0.000426066 0.0153898 0)
(-0.00717352 0.00305927 0)
(-0.0205765 0.0255342 0)
(-0.0377957 0.050067 0)
(-0.0581273 0.076788 0)
(-0.0804816 0.103235 0)
(-0.102844 0.126191 0)
(-0.122662 0.142432 0)
(-0.137704 0.149932 0)
(-0.14688 0.148528 0)
(-0.150585 0.140075 0)
(-0.15019 0.12724 0)
(-0.147259 0.112419 0)
(-0.143195 0.0973221 0)
(-0.139085 0.0830018 0)
(-0.135614 0.0699315 0)
(-0.133055 0.0581611 0)
(-0.131357 0.0474773 0)
(-0.130287 0.03757 0)
(-0.129572 0.0281521 0)
(-0.128977 0.0189921 0)
(-0.128316 0.00992047 0)
(-0.127488 0.000816341 0)
(-0.126455 -0.00841179 0)
(-0.125202 -0.0178545 0)
(-0.123739 -0.0275943 0)
(-0.122116 -0.0377039 0)
(-0.120485 -0.0482814 0)
(-0.119121 -0.0595104 0)
(-0.118532 -0.0717824 0)
(-0.119557 -0.0859037 0)
(-0.123319 -0.103243 0)
(-0.130662 -0.125385 0)
(-0.140839 -0.152662 0)
(-0.149992 -0.181739 0)
(-0.151003 -0.20381 0)
(-0.136427 -0.205961 0)
(-0.103758 -0.177139 0)
(-0.0593472 -0.116288 0)
(-0.0182488 -0.0412222 0)
(-0.000348378 0.00973083 0)
(-0.00835997 0.0175046 0)
(-0.0239636 0.0428666 0)
(-0.0425985 0.0696693 0)
(-0.0635463 0.0981118 0)
(-0.0849304 0.124749 0)
(-0.104683 0.145588 0)
(-0.12045 0.157561 0)
(-0.130566 0.159429 0)
(-0.134914 0.152505 0)
(-0.134783 0.139785 0)
(-0.131908 0.1243 0)
(-0.127885 0.108326 0)
(-0.123947 0.0932456 0)
(-0.120811 0.0796579 0)
(-0.118712 0.0675837 0)
(-0.117523 0.0567178 0)
(-0.116956 0.0466724 0)
(-0.116713 0.0371107 0)
(-0.116567 0.0277979 0)
(-0.116368 0.0185767 0)
(-0.116011 0.00934431 0)
(-0.11545 2.75143e-05 0)
(-0.114658 -0.00944246 0)
(-0.113627 -0.0191351 0)
(-0.112359 -0.0291101 0)
(-0.110869 -0.03941 0)
(-0.109208 -0.0500725 0)
(-0.107479 -0.0611489 0)
(-0.105908 -0.0727662 0)
(-0.10497 -0.0852979 0)
(-0.105572 -0.0996887 0)
(-0.109101 -0.117774 0)
(-0.116766 -0.141837 0)
(-0.127689 -0.17231 0)
(-0.136693 -0.203895 0)
(-0.134674 -0.223342 0)
(-0.113701 -0.21301 0)
(-0.0742084 -0.161278 0)
(-0.0290415 -0.0762463 0)
(-0.00102219 -0.00129453 0)
(-0.00887608 0.0333954 0)
(-0.0257456 0.0614995 0)
(-0.0447739 0.0896762 0)
(-0.0651502 0.118577 0)
(-0.0846594 0.143996 0)
(-0.101314 0.161477 0)
(-0.113021 0.168299 0)
(-0.118919 0.164505 0)
(-0.119851 0.152935 0)
(-0.117607 0.13726 0)
(-0.113961 0.120488 0)
(-0.110304 0.104535 0)
(-0.107466 0.0902582 0)
(-0.105694 0.077723 0)
(-0.104846 0.0665701 0)
(-0.104608 0.0563237 0)
(-0.104678 0.0465972 0)
(-0.104835 0.0371293 0)
(-0.104944 0.0277643 0)
(-0.104926 0.0184048 0)
(-0.10473 0.00898498 0)
(-0.104331 -0.000548219 0)
(-0.103717 -0.0102504 0)
(-0.102885 -0.0201785 0)
(-0.101839 -0.0303815 0)
(-0.100585 -0.0408952 0)
(-0.0991389 -0.0517424 0)
(-0.0975242 -0.0629331 0)
(-0.0958043 -0.0744811 0)
(-0.0941543 -0.0864849 0)
(-0.0930294 -0.0993622 0)
(-0.0934333 -0.114334 0)
(-0.0970375 -0.133922 0)
(-0.105267 -0.16118 0)
(-0.116512 -0.195779 0)
(-0.123345 -0.228185 0)
(-0.114613 -0.238139 0)
(-0.0842851 -0.203468 0)
(-0.0402535 -0.118176 0)
(-0.00302043 -0.0155398 0)
(-0.00877287 0.0500315 0)
(-0.0259578 0.080423 0)
(-0.044437 0.109065 0)
(-0.0633808 0.137372 0)
(-0.0805506 0.16056 0)
(-0.0939974 0.173844 0)
(-0.102101 0.175236 0)
(-0.104875 0.166426 0)
(-0.103843 0.151398 0)
(-0.100904 0.134047 0)
(-0.0976344 0.117076 0)
(-0.095035 0.101837 0)
(-0.0934664 0.0885917 0)
(-0.0928185 0.0769725 0)
(-0.0927834 0.0664308 0)
(-0.093055 0.0564951 0)
(-0.0934185 0.0468614 0)
(-0.093744 0.0373529 0)
(-0.0939608 0.0278708 0)
(-0.0940283 0.0183518 0)
(-0.0939213 0.00874843 0)
(-0.0936291 -0.000982832 0)
(-0.0931474 -0.0108889 0)
(-0.092479 -0.0210187 0)
(-0.0916306 -0.0314172 0)
(-0.0906071 -0.0421205 0)
(-0.0894126 -0.0531534 0)
(-0.0880472 -0.0645221 0)
(-0.0865117 -0.0762123 0)
(-0.0848343 -0.0882128 0)
(-0.0831585 -0.100628 0)
(-0.0819621 -0.114026 0)
(-0.0824311 -0.130164 0)
(-0.0865929 -0.152613 0)
(-0.095771 -0.184936 0)
(-0.106394 -0.223831 0)
(-0.107579 -0.251502 0)
(-0.0880352 -0.238324 0)
(-0.0490601 -0.16195 0)
(-0.00829962 -0.0386919 0)
(-0.00817078 0.0664375 0)
(-0.0247949 0.0986977 0)
(-0.0419899 0.127085 0)
(-0.0589758 0.154049 0)
(-0.0736168 0.174325 0)
(-0.0840507 0.183016 0)
(-0.0892893 0.179308 0)
(-0.0900878 0.166465 0)
(-0.0882656 0.149156 0)
(-0.0855618 0.131151 0)
(-0.0832017 0.114638 0)
(-0.0817467 0.10033 0)
(-0.0811944 0.0879814 0)
(-0.0812704 0.0769812 0)
(-0.0816716 0.0667598 0)
(-0.0821783 0.0569281 0)
(-0.082662 0.0472674 0)
(-0.0830533 0.0376604 0)
(-0.0833164 0.0280409 0)
(-0.0834304 0.0183636 0)
(-0.0833832 0.00859075 0)
(-0.0831724 -0.001315 0)
(-0.0827992 -0.0113949 0)
(-0.0822703 -0.0216931 0)
(-0.0815938 -0.0322529 0)
(-0.0807738 -0.0431135 0)
(-0.0798118 -0.0543057 0)
(-0.0787005 -0.0658443 0)
(-0.0774216 -0.0777197 0)
(-0.0759511 -0.0898979 0)
(-0.0742942 -0.102358 0)
(-0.0725979 -0.115274 0)
(-0.0714465 -0.129567 0)
(-0.0723656 -0.148 0)
(-0.0777587 -0.175563 0)
(-0.0878781 -0.214874 0)
(-0.0951064 -0.254781 0)
(-0.0856147 -0.26377 0)
(-0.0540776 -0.203965 0)
(-0.0137179 -0.0682022 0)
(-0.00716784 0.0817262 0)
(-0.0225594 0.11561 0)
(-0.0379585 0.14325 0)
(-0.0526926 0.168375 0)
(-0.0648173 0.185412 0)
(-0.0726539 0.189576 0)
(-0.0758375 0.181475 0)
(-0.075619 0.165644 0)
(-0.0737845 0.147026 0)
(-0.0717667 0.129033 0)
(-0.0703948 0.113241 0)
(-0.069864 0.0997754 0)
(-0.0699801 0.0880587 0)
(-0.0704551 0.077406 0)
(-0.0710612 0.0673097 0)
(-0.0716625 0.0574692 0)
(-0.0721883 0.0477274 0)
(-0.0726031 0.038002 0)
(-0.0728894 0.0282447 0)
(-0.0730365 0.0184201 0)
(-0.0730399 0.00849641 0)
(-0.072902 -0.00155956 0)
(-0.0726277 -0.0117853 0)
(-0.0722257 -0.0222221 0)
(-0.0717043 -0.0329133 0)
(-0.0710677 -0.043902 0)
(-0.0703166 -0.0552268 0)
(-0.0694413 -0.0669137 0)
(-0.0684177 -0.0789667 0)
(-0.0672063 -0.0913589 0)
(-0.0657623 -0.104039 0)
(-0.0640857 -0.117007 0)
(-0.0623792 -0.130637 0)
(-0.0614749 -0.146629 0)
(-0.0634757 -0.169501 0)
(-0.0707807 -0.205384 0)
(-0.0801205 -0.251284 0)
(-0.0783635 -0.279595 0)
(-0.0551352 -0.241255 0)
(-0.017916 -0.102077 0)
(-0.00588528 0.0952464 0)
(-0.0195507 0.130633 0)
(-0.0328401 0.157249 0)
(-0.0452275 0.180324 0)
(-0.0549782 0.194105 0)
(-0.0607096 0.194163 0)
(-0.062567 0.182534 0)
(-0.062001 0.164646 0)
(-0.0605649 0.145414 0)
(-0.0593367 0.127772 0)
(-0.0587905 0.112695 0)
(-0.0588897 0.0998604 0)
(-0.0593881 0.0885268 0)
(-0.0600544 0.0780322 0)
(-0.0607399 0.0679497 0)
(-0.0613674 0.0580463 0)
(-0.0619002 0.0482035 0)
(-0.0623211 0.0383585 0)
(-0.062623 0.0284727 0)
(-0.0628012 0.0185166 0)
(-0.0628552 0.0084624 0)
(-0.0627904 -0.00172023 0)
(-0.0626133 -0.0120662 0)
(-0.0623337 -0.0226153 0)
(-0.0619596 -0.0334112 0)
(-0.0614953 -0.0445015 0)
(-0.0609415 -0.055933 0)
(-0.0602882 -0.0677445 0)
(-0.0595095 -0.0799561 0)
(-0.0585612 -0.0925571 0)
(-0.0573834 -0.105499 0)
(-0.0559216 -0.118724 0)
(-0.0542015 -0.132329 0)
(-0.0525741 -0.14721 0)
(-0.0523902 -0.16669 0)
(-0.0564483 -0.197805 0)
(-0.0650649 -0.244486 0)
(-0.0681767 -0.287268 0)
(-0.0528581 -0.272067 0)
(-0.0203401 -0.137694 0)
(-0.00443285 0.106543 0)
(-0.0160464 0.143426 0)
(-0.027066 0.168975 0)
(-0.0371163 0.189979 0)
(-0.0447261 0.200748 0)
(-0.0488246 0.19735 0)
(-0.0499128 0.183056 0)
(-0.0493925 0.163847 0)
(-0.0484973 0.144434 0)
(-0.047967 0.127246 0)
(-0.0480119 0.112746 0)
(-0.0484873 0.100324 0)
(-0.0491735 0.0891887 0)
(-0.0499092 0.0787373 0)
(-0.0506065 0.0686117 0)
(-0.0512246 0.0586241 0)
(-0.0517465 0.0486786 0)
(-0.0521657 0.0387229 0)
(-0.0524811 0.0287237 0)
(-0.0526921 0.018655 0)
(-0.0528001 0.00849143 0)
(-0.0528119 -0.00179498 0)
(-0.052735 -0.0122376 0)
(-0.0525792 -0.0228752 0)
(-0.0523518 -0.0337523 0)
(-0.0520574 -0.0449202 0)
(-0.051697 -0.056434 0)
(-0.0512613 -0.0683457 0)
(-0.050725 -0.0806926 0)
(-0.0500427 -0.0934828 0)
(-0.0491496 -0.106682 0)
(-0.0479718 -0.120221 0)
(-0.0464623 -0.134074 0)
(-0.0447241 -0.148658 0)
(-0.043476 -0.166149 0)
(-0.0449917 -0.192906 0)
(-0.0515572 -0.237139 0)
(-0.0568788 -0.28905 0)
(-0.0482869 -0.295761 0)
(-0.0210911 -0.17292 0)
(-0.00290156 0.115353 0)
(-0.0122611 0.153815 0)
(-0.0209567 0.178415 0)
(-0.0287504 0.197485 0)
(-0.0344738 0.205689 0)
(-0.0373348 0.199586 0)
(-0.0380248 0.183396 0)
(-0.0377351 0.163404 0)
(-0.0373633 0.144034 0)
(-0.0373654 0.127262 0)
(-0.0377842 0.113167 0)
(-0.038452 0.100981 0)
(-0.0392031 0.0899229 0)
(-0.0399368 0.079451 0)
(-0.040606 0.0692577 0)
(-0.0411927 0.0591828 0)
(-0.0416919 0.049143 0)
(-0.0421038 0.0390917 0)
(-0.0424315 0.0289983 0)
(-0.0426769 0.0188385 0)
(-0.0428426 0.00858807 0)
(-0.0429358 -0.00177896 0)
(-0.0429642 -0.012295 0)
(-0.0429374 -0.0229984 0)
(-0.0428618 -0.0339342 0)
(-0.0427415 -0.045157 0)
(-0.0425782 -0.0567296 0)
(-0.0423638 -0.0687167 0)
(-0.0420749 -0.0811737 0)
(-0.0416671 -0.0941295 0)
(-0.0410746 -0.107568 0)
(-0.0402171 -0.121422 0)
(-0.0390205 -0.135619 0)
(-0.0374791 -0.150319 0)
(-0.0359299 -0.166859 0)
(-0.0358774 -0.190344 0)
(-0.0402427 -0.230762 0)
(-0.045873 -0.287257 0)
(-0.0425761 -0.312542 0)
(-0.020512 -0.206246 0)
(-0.00136285 0.121552 0)
(-0.00835528 0.161736 0)
(-0.0147413 0.185588 0)
(-0.0203946 0.203038 0)
(-0.0244304 0.209235 0)
(-0.0263643 0.201165 0)
(-0.0268775 0.183732 0)
(-0.0268711 0.163329 0)
(-0.026932 0.144092 0)
(-0.0272982 0.127637 0)
(-0.0279233 0.113789 0)
(-0.0286604 0.10171 0)
(-0.0294 0.0906539 0)
(-0.0300867 0.0801295 0)
(-0.0307009 0.0698621 0)
(-0.0312395 0.0597073 0)
(-0.0317055 0.0495884 0)
(-0.0321041 0.0394611 0)
(-0.0324414 0.0292959 0)
(-0.0327212 0.0190687 0)
(-0.0329469 0.00875604 0)
(-0.0331256 -0.00166708 0)
(-0.0332653 -0.0122322 0)
(-0.0333752 -0.0229779 0)
(-0.0334605 -0.0339497 0)
(-0.0335242 -0.0452048 0)
(-0.0335682 -0.0568123 0)
(-0.0335862 -0.0688489 0)
(-0.0335569 -0.0813878 0)
(-0.033439 -0.0944792 0)
(-0.0331678 -0.108127 0)
(-0.0326612 -0.122276 0)
(-0.0318328 -0.136832 0)
(-0.0306307 -0.151824 0)
(-0.0292242 -0.168051 0)
(-0.0284286 -0.189374 0)
(-0.031113 -0.225858 0)
(-0.0360597 -0.283815 0)
(-0.0365753 -0.323328 0)
(-0.0188989 -0.236616 0)
(0.000140238 0.125118 0)
(-0.00442577 0.167165 0)
(-0.0085479 0.190615 0)
(-0.0121915 0.20674 0)
(-0.0146898 0.211565 0)
(-0.015914 0.202334 0)
(-0.0163508 0.184168 0)
(-0.0166069 0.163583 0)
(-0.0169928 0.144476 0)
(-0.0175877 0.128219 0)
(-0.0183046 0.114488 0)
(-0.0190336 0.102429 0)
(-0.0197133 0.0913322 0)
(-0.0203225 0.0807426 0)
(-0.020861 0.0704053 0)
(-0.0213364 0.0601846 0)
(-0.0217583 0.050006 0)
(-0.0221356 0.0398257 0)
(-0.0224774 0.0296136 0)
(-0.0227892 0.0193456 0)
(-0.023075 0.0089976 0)
(-0.0233423 -0.00145476 0)
(-0.0235989 -0.0120424 0)
(-0.0238538 -0.0228045 0)
(-0.0241112 -0.0337877 0)
(-0.0243724 -0.0450512 0)
(-0.0246389 -0.0566692 0)
(-0.0249054 -0.0687289 0)
(-0.0251534 -0.0813201 0)
(-0.0253452 -0.094515 0)
(-0.0254197 -0.10834 0)
(-0.0252954 -0.122752 0)
(-0.0248834 -0.137646 0)
(-0.0241042 -0.152982 0)
(-0.0231022 -0.169229 0)
(-0.0221357 -0.189245 0)
(-0.0238469 -0.222239 0)
(-0.0278546 -0.279995 0)
(-0.0307232 -0.32922 0)
(-0.0164947 -0.2637 0)
(0.00158297 0.12604 0)
(-0.000526605 0.17016 0)
(-0.00242253 0.193552 0)
(-0.00419329 0.208771 0)
(-0.00530992 0.21287 0)
(-0.00589673 0.203134 0)
(-0.0062826 0.184691 0)
(-0.00674782 0.164091 0)
(-0.00736978 0.145086 0)
(-0.00810274 0.128913 0)
(-0.00884207 0.115195 0)
(-0.0095162 0.103092 0)
(-0.0101048 0.0919278 0)
(-0.0106138 0.0812693 0)
(-0.0110587 0.0708721 0)
(-0.0114563 0.060603 0)
(-0.0118218 0.0503873 0)
(-0.012168 0.0401797 0)
(-0.0125069 0.0299488 0)
(-0.0128458 0.0196694 0)
(-0.0131899 0.00931641 0)
(-0.0135467 -0.00113535 0)
(-0.0139245 -0.0117162 0)
(-0.0143319 -0.022466 0)
(-0.0147729 -0.0334333 0)
(-0.0152465 -0.0446786 0)
(-0.0157531 -0.0562806 0)
(-0.016288 -0.068335 0)
(-0.0168346 -0.0809465 0)
(-0.0173592 -0.0942084 0)
(-0.0178057 -0.108171 0)
(-0.0180952 -0.122806 0)
(-0.0181447 -0.138004 0)
(-0.017844 -0.153672 0)
(-0.0173941 -0.170064 0)
(-0.0166189 -0.189336 0)
(-0.0180434 -0.219488 0)
(-0.0213154 -0.276376 0)
(-0.0253165 -0.331502 0)
(-0.0135962 -0.28744 0)
(0.00298258 0.124351 0)
(0.00333693 0.170763 0)
(0.00359265 0.194512 0)
(0.00356347 0.20929 0)
(0.00375314 0.213168 0)
(0.00380915 0.203607 0)
(0.00348768 0.185242 0)
(0.00287132 0.16478 0)
(0.00207763 0.145849 0)
(0.00126065 0.129662 0)
(0.00053633 0.115869 0)
(-5.77949e-05 0.103673 0)
(-0.000536338 0.0924199 0)
(-0.000929271 0.0816922 0)
(-0.00126554 0.0712471 0)
(-0.00157119 0.0609492 0)
(-0.00186739 0.0507207 0)
(-0.00217125 0.0405137 0)
(-0.0024977 0.0302945 0)
(-0.00285676 0.0200361 0)
(-0.00325469 0.00971171 0)
(-0.00370024 -0.000705599 0)
(-0.00420185 -0.0112463 0)
(-0.00476786 -0.0219514 0)
(-0.00540232 -0.0328714 0)
(-0.00610241 -0.0440688 0)
(-0.00686708 -0.0556257 0)
(-0.00769172 -0.067645 0)
(-0.00856032 -0.0802442 0)
(-0.00944303 -0.0935358 0)
(-0.0102903 -0.107592 0)
(-0.0110271 -0.122403 0)
(-0.011582 -0.137857 0)
(-0.0118147 -0.153817 0)
(-0.0120029 -0.170377 0)
(-0.0116162 -0.189194 0)
(-0.0132917 -0.217169 0)
(-0.0161497 -0.272919 0)
(-0.0207163 -0.332567 0)
(-0.010762 -0.306641 0)
(0.00435111 0.120114 0)
(0.00717501 0.168994 0)
(0.00949675 0.19361 0)
(0.0110873 0.208348 0)
(0.0125598 0.212437 0)
(0.0132926 0.20374 0)
(0.0131159 0.185815 0)
(0.0123878 0.1656 0)
(0.0114621 0.146713 0)
(0.0105892 0.130428 0)
(0.00989544 0.116486 0)
(0.00939021 0.104151 0)
(0.00903012 0.0927928 0)
(0.00876397 0.0819963 0)
(0.0085484 0.0715154 0)
(0.00834765 0.0612084 0)
(0.00813372 0.0509925 0)
(0.00788455 0.0408153 0)
(0.00758145 0.0306401 0)
(0.00721126 0.020437 0)
(0.00676585 0.0101771 0)
(0.00623455 -0.000169026 0)
(0.00560883 -0.010632 0)
(0.00488072 -0.0212554 0)
(0.00404534 -0.0320924 0)
(0.00310679 -0.0432074 0)
(0.0020679 -0.0546861 0)
(0.000934356 -0.0666378 0)
(-0.000278144 -0.0791893 0)
(-0.001544 -0.09247 0)
(-0.00282006 -0.106573 0)
(-0.0040376 -0.121507 0)
(-0.00513849 -0.137161 0)
(-0.00595997 -0.153363 0)
(-0.00685099 -0.170085 0)
(-0.00696089 -0.188577 0)
(-0.00925214 -0.214832 0)
(-0.0119152 -0.269208 0)
(-0.0171046 -0.333201 0)
(-0.00850107 -0.322012 0)
(0.00567376 0.113222 0)
(0.0109787 0.164988 0)
(0.015271 0.190933 0)
(0.0184072 0.205981 0)
(0.0211213 0.210754 0)
(0.0226219 0.20333 0)
(0.0227213 0.186388 0)
(0.0219314 0.166537 0)
(0.0208923 0.147663 0)
(0.0199663 0.131201 0)
(0.0192966 0.117039 0)
(0.0188751 0.104521 0)
(0.0186333 0.093038 0)
(0.0184989 0.082171 0)
(0.018413 0.0716644 0)
(0.0183288 0.0613672 0)
(0.0182101 0.051189 0)
(0.0180287 0.0410717 0)
(0.0177615 0.030974 0)
(0.0173912 0.0208628 0)
(0.0169067 0.0107059 0)
(0.0162958 0.00047128 0)
(0.0155488 -0.00987416 0)
(0.0146581 -0.0203756 0)
(0.0136175 -0.0310892 0)
(0.0124316 -0.0420825 0)
(0.0111055 -0.0534448 0)
(0.00964685 -0.065291 0)
(0.00806983 -0.0777559 0)
(0.00639712 -0.0909832 0)
(0.00466655 -0.105084 0)
(0.00293653 -0.120081 0)
(0.00125337 -0.135871 0)
(-0.0002135 -0.152248 0)
(-0.00186133 -0.169103 0)
(-0.00254936 -0.187319 0)
(-0.00572183 -0.212216 0)
(-0.00826094 -0.265019 0)
(-0.0144097 -0.333494 0)
(-0.00686518 -0.334416 0)
(0.00684378 0.103789 0)
(0.0146452 0.158748 0)
(0.0208668 0.186523 0)
(0.0255057 0.202263 0)
(0.0294163 0.208084 0)
(0.0318165 0.20229 0)
(0.0323563 0.186796 0)
(0.0316122 0.167538 0)
(0.0304841 0.148698 0)
(0.029488 0.131999 0)
(0.0288138 0.117545 0)
(0.0284532 0.104792 0)
(0.0283176 0.0931555 0)
(0.0283129 0.0822094 0)
(0.0283618 0.0716828 0)
(0.0284038 0.0614115 0)
(0.0283929 0.0512947 0)
(0.0282931 0.0412669 0)
(0.0280756 0.0312808 0)
(0.0277183 0.0212988 0)
(0.0272064 0.0112854 0)
(0.0265249 0.00120511 0)
(0.0256624 -0.00897942 0)
(0.0246122 -0.0193148 0)
(0.023366 -0.0298605 0)
(0.0219285 -0.040689 0)
(0.0203072 -0.0518935 0)
(0.0185102 -0.0635924 0)
(0.016551 -0.0759271 0)
(0.0144515 -0.0890515 0)
(0.0122425 -0.103093 0)
(0.00997066 -0.11809 0)
(0.00767349 -0.133942 0)
(0.00550899 -0.150425 0)
(0.00305417 -0.167358 0)
(0.00169485 -0.185297 0)
(-0.00255614 -0.209079 0)
(-0.00497588 -0.260233 0)
(-0.0125075 -0.333222 0)
(-0.00565043 -0.344688 0)
(0.00767917 0.0920981 0)
(0.0179759 0.150178 0)
(0.0261805 0.180437 0)
(0.032308 0.197255 0)
(0.0374057 0.204318 0)
(0.0408286 0.200486 0)
(0.0420167 0.186862 0)
(0.0414908 0.168516 0)
(0.040333 0.149809 0)
(0.0392526 0.132851 0)
(0.0385346 0.118042 0)
(0.0381968 0.104992 0)
(0.0381427 0.0931608 0)
(0.0382564 0.0821158 0)
(0.0384391 0.0715671 0)
(0.0386138 0.0613327 0)
(0.0387214 0.0512983 0)
(0.0387164 0.0413884 0)
(0.0385628 0.0315483 0)
(0.0382324 0.0217344 0)
(0.0377063 0.0119065 0)
(0.0369661 0.00202529 0)
(0.0359983 -0.0079513 0)
(0.0347954 -0.0180738 0)
(0.0333481 -0.0284045 0)
(0.0316606 -0.0390216 0)
(0.0297411 -0.0500229 0)
(0.0275974 -0.061531 0)
(0.0252447 -0.0736915 0)
(0.022703 -0.0866629 0)
(0.0199935 -0.100582 0)
(0.0171532 -0.115503 0)
(0.014207 -0.131334 0)
(0.0113003 -0.147838 0)
(0.00800497 -0.164776 0)
(0.00584258 -0.182451 0)
(0.000363533 -0.205226 0)
(-0.00196366 -0.254991 0)
(-0.0111076 -0.331894 0)
(-0.00475419 -0.353525 0)
(0.00801529 0.0786543 0)
(0.0206892 0.139185 0)
(0.0310066 0.172603 0)
(0.0386882 0.190952 0)
(0.0449871 0.19941 0)
(0.0495379 0.197736 0)
(0.0516186 0.186369 0)
(0.0515571 0.169336 0)
(0.0504957 0.150966 0)
(0.0493504 0.133783 0)
(0.048555 0.118571 0)
(0.0481955 0.105157 0)
(0.0481869 0.0930769 0)
(0.0483974 0.0819006 0)
(0.0487055 0.0713178 0)
(0.0490137 0.061125 0)
(0.0492473 0.0511901 0)
(0.0493485 0.0414247 0)
(0.0492724 0.0317643 0)
(0.0489836 0.0221576 0)
(0.0484578 0.0125584 0)
(0.0476733 0.00292242 0)
(0.0466135 -0.00679771 0)
(0.0452693 -0.0166577 0)
(0.0436301 -0.026724 0)
(0.0416993 -0.0370796 0)
(0.0394852 -0.0478269 0)
(0.0369961 -0.059093 0)
(0.034245 -0.0710284 0)
(0.0312467 -0.0837951 0)
(0.0280163 -0.0975305 0)
(0.0245809 -0.112298 0)
(0.0209475 -0.12801 0)
(0.0172469 -0.144432 0)
(0.0130487 -0.161292 0)
(0.00998725 -0.17869 0)
(0.00316848 -0.200537 0)
(0.000850033 -0.249165 0)
(-0.0100935 -0.329451 0)
(-0.00400636 -0.361313 0)
(0.00774636 0.0641516 0)
(0.0224772 0.125878 0)
(0.0350036 0.162768 0)
(0.0444278 0.183257 0)
(0.052 0.193316 0)
(0.0577709 0.19387 0)
(0.0609906 0.185043 0)
(0.0617078 0.169768 0)
(0.0609706 0.152064 0)
(0.0598536 0.13479 0)
(0.0589828 0.119172 0)
(0.058564 0.105332 0)
(0.0585581 0.0929375 0)
(0.0588331 0.0815828 0)
(0.0592478 0.0709418 0)
(0.0596828 0.0607859 0)
(0.0600442 0.0509616 0)
(0.0602594 0.0413632 0)
(0.0602724 0.0319136 0)
(0.0600394 0.0225519 0)
(0.0595294 0.013224 0)
(0.058717 0.00387941 0)
(0.0575819 -0.00553516 0)
(0.0561122 -0.0150816 0)
(0.0542974 -0.0248313 0)
(0.0521358 -0.0348729 0)
(0.049637 -0.0453135 0)
(0.0468077 -0.0562833 0)
(0.0436578 -0.0679336 0)
(0.0401955 -0.0804264 0)
(0.0364264 -0.093901 0)
(0.0323617 -0.10843 0)
(0.0279921 -0.123925 0)
(0.0234395 -0.140149 0)
(0.0182686 -0.156822 0)
(0.0141939 -0.17388 0)
(0.00592253 -0.194909 0)
(0.00356695 -0.242678 0)
(-0.00936695 -0.325856 0)
(-0.00331576 -0.368338 0)
(0.0068515 0.0494324 0)
(0.0230575 0.110484 0)
(0.0377863 0.150775 0)
(0.0491876 0.174027 0)
(0.0581823 0.18596 0)
(0.0652578 0.188716 0)
(0.0698436 0.182577 0)
(0.0717115 0.169488 0)
(0.0716484 0.152888 0)
(0.0707774 0.135786 0)
(0.0699149 0.119844 0)
(0.0694368 0.105555 0)
(0.0693994 0.0927837 0)
(0.0697006 0.0811931 0)
(0.0701931 0.0704563 0)
(0.0707379 0.0603216 0)
(0.0712205 0.0506101 0)
(0.0715514 0.0411953 0)
(0.0716612 0.0319838 0)
(0.071496 0.0229023 0)
(0.071017 0.0138865 0)
(0.0701944 0.0048783 0)
(0.0690031 -0.00418231 0)
(0.0674283 -0.0133641 0)
(0.0654584 -0.0227442 0)
(0.0630857 -0.0324165 0)
(0.0603189 -0.0424931 0)
(0.0571612 -0.0531064 0)
(0.0536161 -0.0644062 0)
(0.0496813 -0.0765512 0)
(0.0453507 -0.0896757 0)
(0.0406204 -0.103857 0)
(0.0354587 -0.119012 0)
(0.0299796 -0.134913 0)
(0.0237399 -0.151265 0)
(0.0185189 -0.167901 0)
(0.00866688 -0.188212 0)
(0.00625003 -0.235376 0)
(-0.00888667 -0.321147 0)
(-0.0026054 -0.374805 0)
(0.00540506 0.0353676 0)
(0.0223176 0.0935159 0)
(0.0389411 0.136507 0)
(0.0525291 0.162964 0)
(0.0631948 0.177209 0)
(0.0716951 0.182161 0)
(0.0778233 0.178681 0)
(0.0812051 0.168088 0)
(0.0822673 0.153082 0)
(0.082017 0.13656 0)
(0.0813881 0.12051 0)
(0.0809427 0.105827 0)
(0.0808832 0.0926498 0)
(0.0811846 0.0807688 0)
(0.0817221 0.0698898 0)
(0.08235 0.0597489 0)
(0.0829371 0.0501424 0)
(0.0833764 0.0409195 0)
(0.0835838 0.0319671 0)
(0.083494 0.023196 0)
(0.0830589 0.0145296 0)
(0.082243 0.00589993 0)
(0.0810161 -0.00276055 0)
(0.0793589 -0.0115275 0)
(0.0772578 -0.020485 0)
(0.0746985 -0.0297314 0)
(0.071685 -0.0393828 0)
(0.068213 -0.0495714 0)
(0.0642763 -0.0604425 0)
(0.059857 -0.0721483 0)
(0.0549361 -0.0848169 0)
(0.04949 -0.0985276 0)
(0.0434582 -0.1132 0)
(0.0369575 -0.128625 0)
(0.0295287 -0.144508 0)
(0.023015 -0.160619 0)
(0.0114433 -0.180333 0)
(0.00893019 -0.227111 0)
(-0.00865121 -0.315281 0)
(-0.00179744 -0.380815 0)
(0.00366246 0.0228215 0)
(0.0202427 0.0757414 0)
(0.0382035 0.120147 0)
(0.0539485 0.14987 0)
(0.0665244 0.166799 0)
(0.0766384 0.174034 0)
(0.0844678 0.173098 0)
(0.0896882 0.165139 0)
(0.0923823 0.152164 0)
(0.0932776 0.136723 0)
(0.0932939 0.120941 0)
(0.0931337 0.106056 0)
(0.0931687 0.0925254 0)
(0.0935001 0.0803358 0)
(0.0940702 0.0692752 0)
(0.0947559 0.0590949 0)
(0.0954235 0.0495758 0)
(0.0959545 0.0405437 0)
(0.096251 0.0318627 0)
(0.0962368 0.0234256 0)
(0.0958525 0.0151398 0)
(0.0950561 0.00692564 0)
(0.093812 -0.00129189 0)
(0.092095 -0.00959702 0)
(0.0898872 -0.0180797 0)
(0.0871666 -0.0268417 0)
(0.0839259 -0.0360006 0)
(0.0801493 -0.0456854 0)
(0.075816 -0.0560343 0)
(0.0708885 -0.0671906 0)
(0.0653322 -0.0792748 0)
(0.0590975 -0.0923636 0)
(0.0520944 -0.106384 0)
(0.0444526 -0.121165 0)
(0.0356941 -0.136411 0)
(0.0277235 -0.1519 0)
(0.0142737 -0.171209 0)
(0.0116886 -0.217943 0)
(-0.00860876 -0.30806 0)
(-0.00081059 -0.386392 0)
(0.00182832 0.0123718 0)
(0.016927 0.0582209 0)
(0.0354176 0.10212 0)
(0.0529996 0.13471 0)
(0.0676447 0.154555 0)
(0.079563 0.164169 0)
(0.0892515 0.165621 0)
(0.096562 0.160235 0)
(0.101363 0.149577 0)
(0.10402 0.135722 0)
(0.105276 0.120705 0)
(0.105865 0.105975 0)
(0.106295 0.0922856 0)
(0.106817 0.0798594 0)
(0.107484 0.0686236 0)
(0.108239 0.0583862 0)
(0.108976 0.0489367 0)
(0.109581 0.0400867 0)
(0.109952 0.0316811 0)
(0.110004 0.023592 0)
(0.109669 0.0157096 0)
(0.108898 0.00794335 0)
(0.107648 0.000205732 0)
(0.105886 -0.00759505 0)
(0.103587 -0.0155517 0)
(0.100724 -0.0237667 0)
(0.0972613 -0.0323557 0)
(0.0931729 -0.0414428 0)
(0.0884199 -0.051157 0)
(0.0829404 -0.0616314 0)
(0.0766802 -0.0729782 0)
(0.0695548 -0.0852644 0)
(0.0614504 -0.0984361 0)
(0.0525247 -0.112385 0)
(0.0422685 -0.126806 0)
(0.0326399 -0.141594 0)
(0.0171512 -0.160828 0)
(0.0147311 -0.207971 0)
(-0.00863777 -0.299495 0)
(0.000433049 -0.391648 0)
(0.000870729 0.00542824 0)
(0.0128182 0.0416724 0)
(0.030834 0.0833527 0)
(0.0494376 0.117617 0)
(0.065945 0.14031 0)
(0.0798295 0.152359 0)
(0.0915408 0.156058 0)
(0.101137 0.153048 0)
(0.108429 0.144776 0)
(0.113461 0.132895 0)
(0.116665 0.119176 0)
(0.118666 0.105097 0)
(0.120019 0.0916086 0)
(0.121098 0.0791617 0)
(0.122087 0.0678568 0)
(0.123031 0.057603 0)
(0.123888 0.0482334 0)
(0.124582 0.0395673 0)
(0.125026 0.0314395 0)
(0.125136 0.023707 0)
(0.124843 0.0162468 0)
(0.124092 0.00895388 0)
(0.122831 0.00172788 0)
(0.121019 -0.00552662 0)
(0.118622 -0.0129047 0)
(0.115599 -0.0205048 0)
(0.111897 -0.0284357 0)
(0.107463 -0.0368162 0)
(0.102239 -0.0457658 0)
(0.096136 -0.0554049 0)
(0.0890741 -0.065826 0)
(0.0809261 -0.0770916 0)
(0.0715871 -0.0891962 0)
(0.0612175 -0.102098 0)
(0.0492523 -0.115481 0)
(0.0377499 -0.129525 0)
(0.0201635 -0.149127 0)
(0.0181932 -0.197182 0)
(-0.00871766 -0.289664 0)
(0.00203845 -0.396796 0)
(0.000729962 0.000327558 0)
(0.0088256 0.0272426 0)
(0.0249251 0.0652695 0)
(0.0431653 0.0993919 0)
(0.0609356 0.124143 0)
(0.0767705 0.13849 0)
(0.0906295 0.144235 0)
(0.102677 0.14333 0)
(0.112723 0.137298 0)
(0.120618 0.127573 0)
(0.126466 0.115604 0)
(0.130647 0.102723 0)
(0.133642 0.0899359 0)
(0.135873 0.0778492 0)
(0.137629 0.0667282 0)
(0.139065 0.0566083 0)
(0.140236 0.0474004 0)
(0.14113 0.0389613 0)
(0.141703 0.0311373 0)
(0.141894 0.0237829 0)
(0.141648 0.0167665 0)
(0.140907 0.00997302 0)
(0.139615 0.00329447 0)
(0.137723 -0.00336536 0)
(0.135185 -0.0101038 0)
(0.131947 -0.0170126 0)
(0.127948 -0.0241909 0)
(0.123098 -0.0317467 0)
(0.117319 -0.0397827 0)
(0.110491 -0.048402 0)
(0.102508 -0.0576853 0)
(0.0932239 -0.0677117 0)
(0.0825454 -0.0785284 0)
(0.0705613 -0.0901131 0)
(0.0566811 -0.10223 0)
(0.0431326 -0.115547 0)
(0.0235883 -0.135959 0)
(0.0221739 -0.185478 0)
(-0.00894966 -0.278295 0)
(0.00411225 -0.401575 0)
(0.000697641 -0.00381245 0)
(0.00544352 0.0162134 0)
(0.0181157 0.0494253 0)
(0.0344038 0.0814081 0)
(0.0523048 0.106551 0)
(0.0697552 0.122549 0)
(0.0858397 0.130033 0)
(0.100448 0.130912 0)
(0.113407 0.126858 0)
(0.124447 0.119236 0)
(0.133448 0.109267 0)
(0.140508 0.0980513 0)
(0.145921 0.0865061 0)
(0.150048 0.0752801 0)
(0.153211 0.0647472 0)
(0.15565 0.0550577 0)
(0.157513 0.0462146 0)
(0.158871 0.038136 0)
(0.159745 0.0307021 0)
(0.160122 0.0237865 0)
(0.159973 0.017265 0)
(0.159255 0.0110188 0)
(0.157921 0.00494047 0)
(0.155913 -0.00106723 0)
(0.153175 -0.00708983 0)
(0.149649 -0.0132175 0)
(0.14526 -0.0195367 0)
(0.139905 -0.0261335 0)
(0.133477 -0.0330971 0)
(0.125838 -0.040514 0)
(0.116863 -0.0484701 0)
(0.106395 -0.0570481 0)
(0.0943021 -0.0663287 0)
(0.0806093 -0.0762993 0)
(0.0647823 -0.0870045 0)
(0.0493204 -0.0997653 0)
(0.0282125 -0.121428 0)
(0.0271938 -0.172747 0)
(-0.00901357 -0.26446 0)
(0.0070551 -0.404458 0)
(0.000414854 -0.00644874 0)
(0.002073 0.00913275 0)
(0.00999402 0.0369954 0)
(0.0232899 0.0650701 0)
(0.0400445 0.0885191 0)
(0.0583692 0.104729 0)
(0.0765752 0.113372 0)
(0.0938212 0.115685 0)
(0.109755 0.113309 0)
(0.124036 0.107611 0)
(0.1364 0.0996786 0)
(0.146752 0.0904169 0)
(0.155176 0.0805742 0)
(0.16189 0.0707296 0)
(0.167161 0.0612765 0)
(0.171243 0.0524332 0)
(0.174338 0.0442807 0)
(0.176589 0.0368075 0)
(0.178085 0.0299457 0)
(0.178872 0.0235998 0)
(0.178969 0.0176697 0)
(0.178359 0.0120564 0)
(0.177015 0.00666055 0)
(0.174894 0.00139204 0)
(0.171943 -0.00382556 0)
(0.16809 -0.00906863 0)
(0.163261 -0.0144107 0)
(0.157356 -0.0199175 0)
(0.15026 -0.0256613 0)
(0.141823 -0.0317087 0)
(0.131888 -0.0381454 0)
(0.120285 -0.0450443 0)
(0.106841 -0.0525292 0)
(0.0916168 -0.0607105 0)
(0.0742335 -0.0701301 0)
(0.0575682 -0.0828759 0)
(0.0355907 -0.106421 0)
(0.0351831 -0.159563 0)
(-0.00697137 -0.247277 0)
(0.0120537 -0.40398 0)
(-0.00169266 -0.00468849 0)
(-0.00349903 0.00842179 0)
(-0.000579129 0.0294688 0)
(0.00922108 0.0518181 0)
(0.0242507 0.0712188 0)
(0.0426266 0.0856812 0)
(0.0625555 0.0943061 0)
(0.0824278 0.0975491 0)
(0.101317 0.096575 0)
(0.118734 0.092583 0)
(0.13436 0.0865702 0)
(0.147998 0.0793156 0)
(0.159608 0.0714259 0)
(0.169265 0.0633699 0)
(0.177131 0.055483 0)
(0.183405 0.0479808 0)
(0.188285 0.0409738 0)
(0.191938 0.0344959 0)
(0.194496 0.0285248 0)
(0.196061 0.0230083 0)
(0.196693 0.0178787 0)
(0.196419 0.0130643 0)
(0.195242 0.00849087 0)
(0.193148 0.00408836 0)
(0.190101 -0.000215139 0)
(0.186046 -0.00447696 0)
(0.180909 -0.00874995 0)
(0.174601 -0.0130822 0)
(0.16701 -0.0175199 0)
(0.157999 -0.0220952 0)
(0.147396 -0.0268715 0)
(0.135013 -0.0319282 0)
(0.12073 -0.037485 0)
(0.104737 -0.0439373 0)
(0.0867828 -0.0524116 0)
(0.0700782 -0.0659014 0)
(0.0482954 -0.092329 0)
(0.0496696 -0.146364 0)
(-0.000198836 -0.227878 0)
(0.0207651 -0.402459 0)
(-0.00699802 -0.00652621 0)
(-0.0174306 0.00485089 0)
(-0.0167594 0.022914 0)
(-0.009457 0.0401809 0)
(0.00446305 0.0548189 0)
(0.0231507 0.0658371 0)
(0.0444028 0.0730859 0)
(0.0666432 0.0764985 0)
(0.0884381 0.0766653 0)
(0.108861 0.0743126 0)
(0.12746 0.0702108 0)
(0.144034 0.0649857 0)
(0.158503 0.0591416 0)
(0.170897 0.053055 0)
(0.181315 0.046997 0)
(0.189895 0.0411517 0)
(0.196795 0.0356298 0)
(0.202172 0.0304824 0)
(0.206171 0.0257151 0)
(0.208905 0.021303 0)
(0.210458 0.0172081 0)
(0.210893 0.0133882 0)
(0.21025 0.00979642 0)
(0.208547 0.00638431 0)
(0.20578 0.00310412 0)
(0.201926 -8.22816e-05 0)
(0.196938 -0.00320987 0)
(0.190767 -0.00629827 0)
(0.183353 -0.00937433 0)
(0.174583 -0.012443 0)
(0.164332 -0.0155422 0)
(0.152537 -0.0187858 0)
(0.139065 -0.0224844 0)
(0.124079 -0.0272978 0)
(0.107267 -0.0349359 0)
(0.0919673 -0.049237 0)
(0.070949 -0.0777818 0)
(0.0744142 -0.12948 0)
(0.0087472 -0.206025 0)
(0.0345371 -0.404059 0)
(-0.0142533 0.0266122 0)
(-0.0301707 0.031113 0)
(-0.0350114 0.0331719 0)
(-0.0308272 0.0367129 0)
(-0.0183675 0.0420546 0)
(0.000154612 0.0476043 0)
(0.0227576 0.052096 0)
(0.0468866 0.0548179 0)
(0.0711507 0.0556479 0)
(0.0943516 0.0547645 0)
(0.115749 0.0525006 0)
(0.135043 0.0492723 0)
(0.152131 0.0454558 0)
(0.167018 0.0413531 0)
(0.179789 0.0371892 0)
(0.190569 0.0331191 0)
(0.199506 0.0292364 0)
(0.206757 0.0255871 0)
(0.212459 0.0222 0)
(0.216732 0.0190785 0)
(0.219693 0.0162074 0)
(0.221438 0.0135597 0)
(0.22204 0.0111037 0)
(0.221553 0.00880912 0)
(0.220013 0.00664711 0)
(0.21744 0.0045939 0)
(0.213837 0.00262806 0)
(0.209208 0.000739373 0)
(0.203537 -0.00109052 0)
(0.196894 -0.00290919 0)
(0.189315 -0.00479739 0)
(0.18085 -0.00687406 0)
(0.171493 -0.00944144 0)
(0.161297 -0.0131909 0)
(0.149776 -0.0197259 0)
(0.137266 -0.0322891 0)
(0.115585 -0.0565062 0)
(0.113544 -0.0978003 0)
(0.0119774 -0.172489 0)
(0.0605918 -0.39361 0)
(-0.0195004 0.0134302 0)
(-0.041159 -0.000223357 0)
(-0.039278 0.0024251 0)
(-0.029934 0.0084668 0)
(-0.0154375 0.0135315 0)
(0.00316758 0.017803 0)
(0.0250717 0.0217082 0)
(0.0483292 0.0250289 0)
(0.0722193 0.0273366 0)
(0.0958443 0.0285243 0)
(0.118457 0.028629 0)
(0.139578 0.0278505 0)
(0.158932 0.0264512 0)
(0.176395 0.0246699 0)
(0.191949 0.0226964 0)
(0.205653 0.0206645 0)
(0.217607 0.0186686 0)
(0.227936 0.0167667 0)
(0.236771 0.0149779 0)
(0.244249 0.0133102 0)
(0.250493 0.0117617 0)
(0.255612 0.0103225 0)
(0.2597 0.00898224 0)
(0.262838 0.00772855 0)
(0.265092 0.00655073 0)
(0.266523 0.00543684 0)
(0.267181 0.00437889 0)
(0.267108 0.00335846 0)
(0.266329 0.00235777 0)
(0.264844 0.00132991 0)
(0.262623 0.000208981 0)
(0.259653 -0.00109111 0)
(0.255761 -0.0027362 0)
(0.250709 -0.00515178 0)
(0.243137 -0.00893363 0)
(0.23232 -0.0153306 0)
(0.207527 -0.0258826 0)
(0.187012 -0.0457948 0)
(0.0355827 -0.107872 0)
(0.143145 -0.315964 0)
(0.0534122 0.116315 0)
(0.0768701 0.0931543 0)
(0.101675 0.056879 0)
(0.122814 0.033624 0)
(0.138269 0.0208362 0)
(0.151572 0.0138878 0)
(0.165646 0.0101536 0)
(0.181374 0.00828241 0)
(0.198664 0.00752551 0)
(0.216977 0.00737501 0)
(0.2357 0.00747423 0)
(0.254284 0.00760858 0)
(0.272283 0.00767238 0)
(0.289377 0.00762792 0)
(0.305365 0.00747411 0)
(0.320144 0.00722742 0)
(0.333684 0.00690898 0)
(0.346002 0.00654065 0)
(0.357144 0.00614112 0)
(0.367171 0.00572501 0)
(0.376149 0.00530228 0)
(0.38414 0.00487952 0)
(0.391205 0.00446077 0)
(0.397398 0.00404832 0)
(0.402765 0.00364231 0)
(0.407343 0.00324178 0)
(0.411163 0.00284319 0)
(0.414244 0.00244124 0)
(0.416599 0.00202697 0)
(0.418219 0.00159428 0)
(0.419088 0.00113279 0)
(0.41913 0.000616499 0)
(0.418122 -3.18959e-06 0)
(0.415786 -0.000824642 0)
(0.411035 -0.00195772 0)
(0.404664 -0.00337945 0)
(0.388818 -0.00497006 0)
(0.380239 -0.0066805 0)
(0.28013 -0.0173074 0)
(0.453487 -0.126897 0)
)
;

boundaryField
{
    movingWall
    {
        type            fixedValue;
        value           uniform (1 0 0);
    }
    fixedWalls
    {
        type            noSlip;
    }
    frontAndBack
    {
        type            empty;
    }
}


// ************************************************************************* //
