/*--------------------------------*- C++ -*----------------------------------*\
| =========                 |                                                 |
| \\      /  F ield         | OpenFOAM: The Open Source CFD Toolbox           |
|  \\    /   O peration     | Version:  2412                                  |
|   \\  /    A nd           | Website:  www.openfoam.com                      |
|    \\/     M anipulation  |                                                 |
\*---------------------------------------------------------------------------*/
FoamFile
{
    version     2.0;
    format      ascii;
    arch        "LSB;label=32;scalar=64";
    class       volScalarField;
    location    "4.75";
    object      epsilon;
}
// * * * * * * * * * * * * * * * * * * * * * * * * * * * * * * * * * * * * * //

dimensions      [0 2 -3 0 0 0 0];

internalField   nonuniform List<scalar> 
1600
(
0.000350997
0.000454655
0.000655264
0.000873761
0.00104251
0.00116098
0.00131393
0.00151381
0.00173643
0.00207989
0.00306007
0.00648803
0.0127864
0.0222889
0.0336632
0.0452212
0.0556285
0.0638205
0.069062
0.0715103
0.0722265
0.0710673
0.0678066
0.0634459
0.0583914
0.05299
0.0474059
0.0418902
0.0366374
0.0314967
0.0263906
0.021032
0.0159982
0.013089
0.0114646
0.0103253
0.00896931
0.00667625
0.00360949
0.00158995
0.000788059
0.000449938
0.000340354
0.000328574
0.000363614
0.000491755
0.000823522
0.00150262
0.00256593
0.00435703
0.00759979
0.0118227
0.0159266
0.0201778
0.0229864
0.0240251
0.024198
0.0229485
0.0210808
0.0189605
0.0170338
0.0154868
0.0147455
0.0145359
0.014531
0.0148869
0.0153561
0.0160119
0.0165715
0.0168138
0.0167451
0.0156635
0.0138179
0.0109669
0.00798096
0.00541635
0.00390275
0.00302792
0.0019936
0.00190073
0.00171263
0.000782269
0.000474954
0.000412906
0.000527712
0.000957466
0.001914
0.00361279
0.00617263
0.00894948
0.0109141
0.0124626
0.0132984
0.013089
0.0115306
0.0105733
0.00912414
0.00797289
0.00696562
0.00631018
0.00598442
0.00586712
0.00590068
0.00626467
0.00675877
0.00758936
0.00871259
0.0101806
0.0119215
0.0136231
0.0148791
0.0153823
0.0150059
0.0133833
0.00998674
0.00623379
0.00335839
0.00192329
0.00134533
0.00242555
0.00279213
0.00112536
0.000745985
0.000799092
0.00127005
0.00244429
0.00444017
0.00682751
0.00867427
0.00958691
0.00997445
0.00974388
0.00776872
0.00675415
0.00539546
0.00459615
0.00374556
0.00330148
0.00293983
0.00277084
0.00269571
0.00267693
0.00275353
0.00292234
0.00316795
0.00355866
0.00413288
0.00500268
0.00632657
0.00841484
0.0110598
0.0136731
0.0151168
0.0155287
0.0140657
0.00969404
0.00489161
0.00205897
0.00125139
0.00293519
0.00358126
0.00144255
0.00123801
0.00164541
0.00274947
0.00463018
0.00680115
0.00800374
0.00840847
0.00839695
0.00702297
0.00536655
0.00416459
0.00335358
0.00263562
0.00227337
0.001965
0.00182398
0.00173547
0.00169814
0.00168553
0.00168803
0.00173564
0.00180632
0.00192636
0.00211194
0.00239747
0.00283561
0.003512
0.0045893
0.00637832
0.00951147
0.0134513
0.0161071
0.0170872
0.0155622
0.00937635
0.00363526
0.00158813
0.00325864
0.00403902
0.00192624
0.00206068
0.00291684
0.00449616
0.00641194
0.0073713
0.00763128
0.00717765
0.00553823
0.00395671
0.00297993
0.00230996
0.00190058
0.00163175
0.00150267
0.00141087
0.00136855
0.00133465
0.00131796
0.00131033
0.0013094
0.00133467
0.00137704
0.00145316
0.00156936
0.00174638
0.00201239
0.00241913
0.00304003
0.00402684
0.00572425
0.00887874
0.0141703
0.0179581
0.019315
0.0165782
0.00787461
0.00290299
0.00365406
0.00430897
0.00267322
0.00316506
0.00433663
0.00594778
0.00682523
0.00703103
0.00641217
0.00467117
0.00323137
0.00232598
0.00182633
0.0015045
0.0013396
0.00122438
0.0011581
0.0010893
0.00104148
0.000993408
0.000963151
0.000948056
0.000943566
0.000960373
0.00100213
0.00107245
0.00118187
0.00134278
0.0015742
0.0018997
0.00235422
0.00300582
0.00403897
0.00583726
0.00928746
0.015995
0.0204542
0.0216414
0.0155221
0.00581636
0.00432711
0.00465516
0.00360496
0.00439013
0.00561362
0.00642416
0.00659975
0.00603275
0.00433886
0.00283253
0.00200446
0.00153641
0.00129643
0.00113638
0.00104211
0.000947587
0.000874179
0.000800308
0.000746892
0.000701055
0.000673608
0.000660012
0.000655543
0.000664265
0.00069101
0.000735671
0.000807659
0.000920248
0.00109775
0.00137999
0.00181126
0.00241513
0.00324335
0.00446421
0.00662418
0.0109697
0.0195485
0.0236911
0.0234764
0.0107397
0.00540793
0.00574416
0.00465016
0.00550031
0.00619163
0.0063488
0.00592615
0.00437895
0.00272933
0.00183343
0.0013902
0.00114886
0.00101514
0.000899686
0.00080873
0.000716538
0.000647512
0.000587687
0.000547977
0.000518937
0.000504814
0.000499219
0.000498854
0.000512339
0.000533841
0.000567161
0.000614536
0.000683202
0.000786551
0.000948282
0.00122428
0.0017219
0.00251815
0.00366304
0.00532939
0.00827983
0.014462
0.0243388
0.0280455
0.0197572
0.00683998
0.0081563
0.00572998
0.00622
0.00638886
0.00598503
0.00468271
0.00292813
0.00182377
0.00131449
0.00106809
0.000925402
0.000816618
0.000709793
0.000622937
0.000547369
0.000495015
0.000454132
0.000428524
0.000412517
0.000405394
0.000403343
0.000408154
0.000421828
0.000442184
0.000471675
0.000511701
0.000565781
0.000639911
0.00074687
0.000914477
0.00120702
0.00175404
0.00275785
0.00434972
0.00682565
0.0115168
0.0218525
0.0309506
0.030337
0.00966583
0.0110625
0.00666673
0.00665324
0.00627483
0.00520436
0.00346513
0.00199942
0.00132928
0.00102557
0.00087621
0.000763008
0.000657616
0.000562416
0.000490893
0.00043545
0.00039798
0.00037009
0.000352389
0.000341768
0.000337101
0.000335989
0.0003412
0.000352867
0.000370631
0.000396178
0.000431038
0.000478008
0.000541436
0.000629001
0.000755912
0.000956019
0.00131024
0.00199676
0.00331619
0.00555475
0.00933834
0.0172735
0.0326668
0.0393193
0.0196331
0.0143089
0.00736614
0.00677711
0.00594804
0.00428994
0.00247662
0.00147081
0.00104353
0.000849609
0.000740107
0.0006323
0.000534805
0.000457297
0.000402383
0.000361776
0.000333523
0.000312436
0.000298121
0.000288998
0.00028477
0.000283599
0.000287377
0.000297017
0.00031214
0.000334163
0.000364394
0.000404978
0.000459155
0.000532429
0.000635234
0.000789786
0.00104825
0.00153863
0.00254564
0.00455065
0.00816843
0.015168
0.0316529
0.0479874
0.0386424
0.0177867
0.00785537
0.00668988
0.00537038
0.00341861
0.00184682
0.0011547
0.000865954
0.000730557
0.00063279
0.000529343
0.000445869
0.000385081
0.000342453
0.000310762
0.00028745
0.00026953
0.000256488
0.00024749
0.000243074
0.000241606
0.000243851
0.000251845
0.000264885
0.000284279
0.000311256
0.000347662
0.000396116
0.000460647
0.000548222
0.000672766
0.000866426
0.0012118
0.00192463
0.00348173
0.00666044
0.0129255
0.0276875
0.056784
0.0648898
0.0212221
0.00817599
0.00645908
0.00475565
0.0027138
0.00145762
0.000955895
0.000746413
0.000642546
0.000547055
0.000452319
0.000383449
0.000334949
0.000300099
0.000273366
0.000252605
0.000236144
0.000223588
0.000214544
0.00020975
0.000207984
0.000208997
0.000215553
0.000226815
0.000243916
0.000268055
0.000300933
0.000344907
0.000403414
0.000482063
0.000591524
0.000755488
0.00103356
0.001588
0.0028457
0.00568601
0.0115799
0.0249077
0.060959
0.0942202
0.0250024
0.00839666
0.00609469
0.00419181
0.00218615
0.00120508
0.000824317
0.000664064
0.00057439
0.000480634
0.000396688
0.000339506
0.000299053
0.00026888
0.000244913
0.00022556
0.000209878
0.000197607
0.000188588
0.000183478
0.000181486
0.000181669
0.000186969
0.000196717
0.000211831
0.000233493
0.00026334
0.000303573
0.000357168
0.00042843
0.000524687
0.000661484
0.000878545
0.00129
0.00223686
0.00461936
0.0102569
0.0236231
0.0623008
0.123348
0.0288021
0.00857097
0.00570129
0.00368569
0.00183803
0.00103697
0.000734942
0.000605505
0.000521274
0.00043088
0.000357001
0.000307993
0.000272609
0.000245283
0.000222981
0.000204545
0.000189423
0.000177451
0.000168558
0.000163228
0.000161025
0.000160856
0.000165065
0.00017351
0.000186881
0.000206328
0.000233482
0.000270571
0.000320574
0.000387575
0.000477895
0.000603838
0.000795736
0.00114033
0.00190311
0.0038656
0.00892298
0.0217639
0.0626588
0.150562
0.0325355
0.0087444
0.00534023
0.00328424
0.00160712
0.000924228
0.000673065
0.00056283
0.000480918
0.000394832
0.000328773
0.000285048
0.000252859
0.000227365
0.000206199
0.000188486
0.000173875
0.000162252
0.000153565
0.000148143
0.000145802
0.000145482
0.000148866
0.000156202
0.000168053
0.000185505
0.000210154
0.000244231
0.000290701
0.000353407
0.000437573
0.000552001
0.000717572
0.000998098
0.00160918
0.00326487
0.00793416
0.0204244
0.0623973
0.174797
0.0361095
0.00894396
0.00502474
0.00297775
0.00144741
0.000847167
0.000630839
0.000532444
0.000451121
0.00036917
0.000308674
0.000268285
0.000238169
0.000213959
0.000193682
0.000176621
0.00016252
0.000151286
0.000142862
0.000137444
0.000135032
0.000134639
0.000137438
0.000143862
0.000154431
0.000170151
0.000192578
0.000223976
0.000267438
0.000327022
0.000407986
0.000518074
0.000673292
0.000921006
0.00142739
0.00279226
0.00694918
0.0189493
0.0612798
0.195721
0.0394241
0.0092072
0.00481587
0.00276959
0.00135309
0.000798125
0.000601561
0.000510402
0.00043034
0.000352146
0.000295008
0.000256419
0.000227602
0.000204342
0.000184812
0.000168357
0.00015476
0.000143932
0.000135805
0.000130441
0.000127975
0.000127544
0.000129932
0.000135627
0.000145136
0.000159386
0.000179841
0.000208769
0.000249305
0.000305663
0.000383111
0.000488509
0.000633819
0.000854114
0.00128438
0.00245891
0.00627607
0.0178891
0.0600035
0.213497
0.0423026
0.00951567
0.00466179
0.00263071
0.00128597
0.000764934
0.00058437
0.000497215
0.000417217
0.000341163
0.000285957
0.000248414
0.000220428
0.000197866
0.00017898
0.000163123
0.00015006
0.000139671
0.000131861
0.000126585
0.000124046
0.000123645
0.000125855
0.000131027
0.000139615
0.000152492
0.000171223
0.000198015
0.000235967
0.000289563
0.000364471
0.000467717
0.000609238
0.00081431
0.00118523
0.00217299
0.00561224
0.01694
0.0585907
0.228335
0.0443777
0.01018
0.0046707
0.00257479
0.00127982
0.000750996
0.000572323
0.000487864
0.000410036
0.000336649
0.000281852
0.00024401
0.00021625
0.000194364
0.000176224
0.000161032
0.000148473
0.000138411
0.000130763
0.000125492
0.000122701
0.000122253
0.000124331
0.000129139
0.000137105
0.000149082
0.000166419
0.00019113
0.000226636
0.000277616
0.000349941
0.000451042
0.000589803
0.000784989
0.00111642
0.00197875
0.00513438
0.0163125
0.0578351
0.240742
0.0448836
0.0111241
0.0047563
0.00259114
0.00129671
0.000755612
0.000572315
0.000486823
0.000410422
0.000337628
0.000282504
0.000244176
0.000216241
0.000194374
0.000176375
0.000161359
0.000148963
0.000139031
0.000131476
0.000126254
0.000123392
0.0001229
0.000124586
0.000128892
0.000136436
0.000147889
0.00016439
0.000187783
0.000221368
0.000269713
0.00033976
0.000439503
0.000577686
0.000769106
0.00106804
0.00181041
0.00465867
0.0157527
0.0575784
0.25155
0.0443313
0.0121653
0.00496592
0.00265278
0.00134207
0.00077192
0.000575725
0.000488523
0.000413233
0.00034133
0.00028544
0.000246021
0.000217535
0.000195557
0.000177726
0.000162973
0.000150842
0.000141144
0.000133788
0.000128685
0.000125842
0.000125411
0.000126847
0.000130707
0.000137732
0.000148403
0.00016403
0.000186659
0.000219144
0.000265814
0.000333964
0.000432357
0.000571046
0.000761794
0.00104149
0.00170297
0.00429572
0.0153276
0.0579149
0.261204
0.0426383
0.0131734
0.00534719
0.00279116
0.00143495
0.000807733
0.000585325
0.000493206
0.000419994
0.000349505
0.000292165
0.000250674
0.000220971
0.000198654
0.000180984
0.000166581
0.000154809
0.000145377
0.000138126
0.000133013
0.000130057
0.000129572
0.000130828
0.000134347
0.00014106
0.000151328
0.000166286
0.000187745
0.000218802
0.000264477
0.000331583
0.000429155
0.000568471
0.000759672
0.00102885
0.00161819
0.0039512
0.0149073
0.0589626
0.27015
0.0391677
0.0139732
0.00585585
0.00302697
0.00157637
0.000873362
0.000605699
0.000501847
0.000429707
0.000361122
0.000302913
0.000259275
0.000227816
0.000204572
0.000186599
0.000172211
0.00016056
0.000151228
0.000144022
0.000138871
0.000135777
0.000135238
0.000136375
0.000139645
0.000146133
0.000156159
0.000170819
0.000191868
0.000222135
0.000266196
0.000331408
0.000428494
0.000568851
0.000764554
0.00102518
0.00157471
0.00368566
0.0145125
0.0603889
0.278609
0.0341788
0.0141266
0.00641732
0.00336719
0.00178187
0.000974002
0.000642704
0.000517376
0.000444068
0.000377338
0.000318247
0.000271998
0.00023805
0.000213189
0.000194404
0.00017971
0.000167987
0.000158657
0.000151443
0.00014624
0.000143005
0.000142429
0.000143505
0.000146649
0.000153018
0.000163009
0.000177629
0.000198569
0.000228604
0.000272339
0.000337107
0.000433977
0.000576614
0.000777989
0.00103205
0.00154519
0.00347413
0.0140969
0.0621332
0.28676
0.0281222
0.0138424
0.00693262
0.00377637
0.00205935
0.0011271
0.000704989
0.000539182
0.000458346
0.000394012
0.000335914
0.000288028
0.000251635
0.000224753
0.000204684
0.000189306
0.000177264
0.000167795
0.000160509
0.000155257
0.000151906
0.000151375
0.00015246
0.000155617
0.000162072
0.00017227
0.000187165
0.0002084
0.000238656
0.000282435
0.000347092
0.000444437
0.000589165
0.000797935
0.00105232
0.00153302
0.00330785
0.0137118
0.0641545
0.294726
0.0215355
0.0129938
0.00740084
0.00426338
0.00240903
0.00133916
0.000807795
0.000582924
0.000481918
0.000415347
0.000357691
0.000308371
0.000269335
0.000239922
0.000218011
0.00020149
0.000188817
0.000179034
0.000171605
0.000166327
0.000162915
0.000162606
0.000163799
0.000167153
0.000173984
0.000184684
0.000200194
0.000222124
0.000253098
0.000297568
0.000362831
0.000461324
0.00060864
0.000825865
0.00108183
0.00153009
0.00315475
0.0133458
0.0663342
0.302599
0.0150658
0.0112703
0.00749921
0.00475807
0.00285097
0.00163467
0.000962416
0.000648265
0.00051146
0.000436775
0.000379963
0.000331145
0.000290739
0.000259118
0.000235146
0.00021711
0.000203482
0.000193182
0.000185522
0.000180265
0.00017696
0.000177046
0.000178506
0.0001823
0.000189871
0.00020139
0.000217856
0.000240853
0.000272965
0.000318625
0.00038506
0.000485398
0.000635507
0.000862053
0.00112212
0.00154415
0.00303227
0.013037
0.068608
0.310459
0.00949123
0.00900963
0.00736286
0.00511511
0.00329878
0.00200854
0.00120478
0.000775769
0.00057139
0.000470027
0.000406305
0.000356509
0.000315285
0.000282102
0.000256354
0.000236824
0.000222168
0.000211307
0.000203442
0.000198248
0.00019552
0.000195932
0.00019797
0.000202663
0.000211214
0.000223841
0.000241534
0.000265865
0.000299414
0.000346667
0.000414785
0.000517702
0.000670947
0.000907374
0.00117184
0.00157005
0.00292509
0.0127634
0.0706614
0.318379
0.00530885
0.00672495
0.0067494
0.00553539
0.00378604
0.00243219
0.00151188
0.000960904
0.000669331
0.000522375
0.000440376
0.000385319
0.000342951
0.000309003
0.000282171
0.000261527
0.000246018
0.000234715
0.000226858
0.000221784
0.000220065
0.000220927
0.000223749
0.00022974
0.000239491
0.000253376
0.000272405
0.00029816
0.000333263
0.000382353
0.000452567
0.000558764
0.000715553
0.000961849
0.00122991
0.00160588
0.00285289
0.0125188
0.0726267
0.32649
0.00272489
0.00458193
0.00583636
0.00542507
0.00424325
0.00293697
0.00193433
0.00125851
0.000848966
0.00062233
0.000498601
0.000424381
0.000374476
0.000338196
0.000310799
0.000290042
0.000274602
0.000263475
0.000256236
0.000251537
0.00025138
0.00025282
0.000256609
0.000264132
0.00027514
0.000290257
0.000310549
0.000337677
0.000374353
0.000425502
0.000498286
0.00060885
0.00076981
0.00102477
0.00129371
0.00164818
0.00282194
0.0123563
0.0743051
0.334885
0.00135761
0.00285969
0.00478483
0.00503269
0.00445816
0.00335678
0.00238186
0.00164192
0.00113433
0.000810017
0.000615888
0.00050015
0.000427754
0.000378886
0.000345225
0.00032186
0.000305852
0.000295238
0.000288819
0.000286115
0.00028686
0.000289472
0.00029503
0.00030392
0.000316227
0.000332615
0.000354163
0.000382812
0.000421321
0.000475409
0.000552145
0.000668714
0.000834221
0.00109586
0.00136036
0.00169861
0.00282073
0.0122998
0.0756968
0.343657
0.00103069
0.00177923
0.00358062
0.00440382
0.00430365
0.00375505
0.00288389
0.0021237
0.00153941
0.00112273
0.000837234
0.000652937
0.000536815
0.000460747
0.000409466
0.000374642
0.000351331
0.000336434
0.000327799
0.000325007
0.00032608
0.000329425
0.000336322
0.000346552
0.000360293
0.00037831
0.000401755
0.000433157
0.000475217
0.000535006
0.000618075
0.000743331
0.000914624
0.00118103
0.00143473
0.00178851
0.00297849
0.0124584
0.0765981
0.353097
0.000995043
0.00119498
0.00246408
0.00355968
0.0039384
0.00375206
0.00329725
0.00267748
0.00209556
0.00161416
0.00124409
0.00096806
0.000769867
0.000637823
0.000548441
0.000487213
0.000445477
0.000417645
0.000399953
0.000389657
0.000386733
0.000388291
0.000393068
0.000402893
0.000417513
0.000437945
0.000465231
0.000502583
0.000552153
0.000622858
0.000717364
0.000858602
0.00103944
0.00131583
0.00157642
0.00202885
0.00346312
0.0134609
0.0778553
0.364258
0.000971866
0.000908715
0.00169372
0.00266772
0.00332045
0.00362833
0.00350259
0.00318173
0.0027333
0.00227851
0.00186577
0.00151897
0.00123105
0.00101853
0.000863572
0.000751387
0.000670607
0.000613453
0.000573594
0.000547899
0.000531918
0.000527506
0.000529971
0.000537553
0.000552857
0.000578546
0.000614919
0.00066643
0.000735293
0.000831721
0.000955248
0.00113213
0.00134772
0.00168043
0.00203623
0.00275503
0.00493978
0.0169173
0.0857115
0.378861
0.00158602
0.00118902
0.00173315
0.00250595
0.00327257
0.00376968
0.00392356
0.00384081
0.00358967
0.00322494
0.00284121
0.00247834
0.00215482
0.00187234
0.00164201
0.00146152
0.0013241
0.00122349
0.00115116
0.00110647
0.00107704
0.0010745
0.00108216
0.00110285
0.00113864
0.00119754
0.00125758
0.00135415
0.0014863
0.00165919
0.00187414
0.00215826
0.00252266
0.00305114
0.0038177
0.00544139
0.00972962
0.0266263
0.103815
0.401974
0.00383805
0.00347602
0.00472379
0.00563192
0.00639606
0.00695739
0.0072741
0.0073049
0.00716178
0.00685603
0.00649628
0.00612178
0.00577477
0.00546678
0.00521639
0.00502286
0.00489458
0.00481506
0.00479933
0.004816
0.00486363
0.00495512
0.00508587
0.00524405
0.00544077
0.00568269
0.0059646
0.00629325
0.00667841
0.00711995
0.00772433
0.00861251
0.00977594
0.0115783
0.0142125
0.018792
0.0281057
0.0549259
0.142616
0.436449
0.0167234
0.0380396
0.0535787
0.0604663
0.0628823
0.062936
0.06199
0.0602317
0.0580548
0.0559761
0.0542125
0.0527428
0.0515813
0.0506933
0.0500962
0.0497119
0.0496058
0.0496722
0.0498688
0.0502691
0.0508189
0.0515277
0.0523654
0.0533907
0.054532
0.0559193
0.0574235
0.0592546
0.0612247
0.0636182
0.0663127
0.0690806
0.0730952
0.0795419
0.0872545
0.099395
0.114704
0.152626
0.243711
0.497579
0.282035
0.544409
0.721607
0.795732
0.822541
0.82171
0.813022
0.793472
0.768311
0.742419
0.717621
0.694773
0.67417
0.655757
0.639398
0.624861
0.61194
0.60044
0.590153
0.580971
0.57275
0.565433
0.558897
0.553147
0.548056
0.543698
0.539916
0.536882
0.534345
0.532688
0.531443
0.531492
0.531739
0.532435
0.534143
0.537205
0.54466
0.554147
0.605194
0.579854
)
;

boundaryField
{
    movingWall
    {
        type            epsilonWallFunction;
        blending        stepwise;
        value           nonuniform List<scalar> 
40
(
0.282035
0.544409
0.721607
0.795732
0.822541
0.82171
0.813022
0.793472
0.768311
0.742419
0.717621
0.694773
0.67417
0.655757
0.639398
0.624861
0.61194
0.60044
0.590153
0.580971
0.57275
0.565433
0.558897
0.553147
0.548056
0.543698
0.539916
0.536882
0.534345
0.532688
0.531443
0.531492
0.531739
0.532435
0.534143
0.537205
0.54466
0.554147
0.605194
0.579854
)
;
    }
    fixedWalls
    {
        type            epsilonWallFunction;
        blending        stepwise;
        value           nonuniform List<scalar> 
120
(
0.000350997
0.000788059
0.00171263
0.00279213
0.00358126
0.00403902
0.00430897
0.00465516
0.00574416
0.0081563
0.0110625
0.0143089
0.0177867
0.0212221
0.0250024
0.0288021
0.0325355
0.0361095
0.0394241
0.0423026
0.0443777
0.0448836
0.0443313
0.0426383
0.0391677
0.0341788
0.0281222
0.0215355
0.0150658
0.00949123
0.00530885
0.00272489
0.00135761
0.00103069
0.000995043
0.000971866
0.00158602
0.00383805
0.0167234
0.282035
0.00158995
0.00190073
0.00242555
0.00293519
0.00325864
0.00365406
0.00432711
0.00540793
0.00683998
0.00966583
0.0196331
0.0386424
0.0648898
0.0942202
0.123348
0.150562
0.174797
0.195721
0.213497
0.228335
0.240742
0.25155
0.261204
0.27015
0.278609
0.28676
0.294726
0.302599
0.310459
0.318379
0.32649
0.334885
0.343657
0.353097
0.364258
0.378861
0.401974
0.436449
0.497579
0.579854
0.000350997
0.000454655
0.000655264
0.000873761
0.00104251
0.00116098
0.00131393
0.00151381
0.00173643
0.00207989
0.00306007
0.00648803
0.0127864
0.0222889
0.0336632
0.0452212
0.0556285
0.0638205
0.069062
0.0715103
0.0722265
0.0710673
0.0678066
0.0634459
0.0583914
0.05299
0.0474059
0.0418902
0.0366374
0.0314967
0.0263906
0.021032
0.0159982
0.013089
0.0114646
0.0103253
0.00896931
0.00667625
0.00360949
0.00158995
)
;
    }
    frontAndBack
    {
        type            empty;
    }
}


// ************************************************************************* //
