/*--------------------------------*- C++ -*----------------------------------*\
| =========                 |                                                 |
| \\      /  F ield         | OpenFOAM: The Open Source CFD Toolbox           |
|  \\    /   O peration     | Version:  2412                                  |
|   \\  /    A nd           | Website:  www.openfoam.com                      |
|    \\/     M anipulation  |                                                 |
\*---------------------------------------------------------------------------*/
FoamFile
{
    version     2.0;
    format      ascii;
    arch        "LSB;label=32;scalar=64";
    class       volScalarField;
    location    "4.75";
    object      k;
}
// * * * * * * * * * * * * * * * * * * * * * * * * * * * * * * * * * * * * * //

dimensions      [0 2 -2 0 0 0 0];

internalField   nonuniform List<scalar> 
1600
(
0.000106383
0.000126403
0.000161256
0.000195337
0.000219718
0.000236043
0.000256334
0.000281701
0.000308672
0.000348121
0.000450288
0.000743089
0.00116797
0.00169157
0.00222654
0.00271059
0.00311182
0.00341017
0.00359434
0.00367875
0.00370326
0.00366349
0.00355056
0.00339666
0.00321379
0.00301243
0.00279693
0.00257557
0.00235555
0.00212973
0.00189288
0.00162713
0.0013559
0.00118613
0.00108583
0.00101264
0.000921914
0.000757198
0.000502526
0.000290922
0.000182431
0.000145581
0.000139099
0.000140816
0.000151948
0.00018899
0.00027442
0.000395897
0.000551394
0.000786124
0.00108672
0.00140548
0.0016517
0.00184565
0.00199167
0.00203686
0.00204171
0.00199921
0.0019522
0.00191011
0.00189023
0.001884
0.00190886
0.00198004
0.00206707
0.00218307
0.00231108
0.00243882
0.00252928
0.00256885
0.00257222
0.00246884
0.00230861
0.00200002
0.00159071
0.00116841
0.000819479
0.000582895
0.000402798
0.000327691
0.000306063
0.000221807
0.000206112
0.000210727
0.000246388
0.0003506
0.000550859
0.000832497
0.00112583
0.00135695
0.00147885
0.00153925
0.00157706
0.00158438
0.00145472
0.0013971
0.00132445
0.00127562
0.00123792
0.0012204
0.00121471
0.00122651
0.00126182
0.00131246
0.00139317
0.00150043
0.00164551
0.00182855
0.00204638
0.00226478
0.00241349
0.00247438
0.00243032
0.00224007
0.00190713
0.0014075
0.000907792
0.00055418
0.00035986
0.000385527
0.000423904
0.00031371
0.000320985
0.000363599
0.00048361
0.000715562
0.00102488
0.0012843
0.0013999
0.00143055
0.00143197
0.00138021
0.00125061
0.00108644
0.00100549
0.000913162
0.00085643
0.000800827
0.000769511
0.000742491
0.000729888
0.000725014
0.000725399
0.000744709
0.000770941
0.000818864
0.000888784
0.000996449
0.00115698
0.00140552
0.00174334
0.00207346
0.00225463
0.00230644
0.00219143
0.00178976
0.00115533
0.000602414
0.000361161
0.000437796
0.000500363
0.000432127
0.000498339
0.000606428
0.000813287
0.00110562
0.00131792
0.00139084
0.00139123
0.00133479
0.00120903
0.00099252
0.000860522
0.000749906
0.000695187
0.000635975
0.000608954
0.000584548
0.000573424
0.000564916
0.000561215
0.000559794
0.00056036
0.000568082
0.000577466
0.000597785
0.000629015
0.000680121
0.00075906
0.000884554
0.00109107
0.00145101
0.00193243
0.00221582
0.00231038
0.0022294
0.00168784
0.000840856
0.000426334
0.000469395
0.000542101
0.000596342
0.000730221
0.000892357
0.00113235
0.00132005
0.00138134
0.0013615
0.00126566
0.00105774
0.000839809
0.000708762
0.000629012
0.000579457
0.000555934
0.00054128
0.000535957
0.000533526
0.000532679
0.000531176
0.000529881
0.000528488
0.00052794
0.000528915
0.000533286
0.000542572
0.000558823
0.000585733
0.000627586
0.000691553
0.000793275
0.00096988
0.00129828
0.00189919
0.002275
0.00238964
0.00225006
0.00141186
0.00063407
0.000506627
0.000565978
0.000797943
0.000985575
0.00115856
0.00131833
0.00137561
0.00134811
0.00122705
0.000974425
0.000745389
0.000624543
0.000560897
0.000530667
0.000517612
0.000513101
0.000511483
0.000510914
0.000509074
0.00050749
0.000505655
0.000504872
0.000504717
0.000506182
0.000508853
0.000513773
0.000521276
0.000533113
0.000551702
0.000580686
0.000623612
0.000685847
0.000781219
0.000951558
0.00128672
0.00196293
0.00237606
0.00246749
0.00211151
0.00096666
0.000567062
0.000595897
0.00101984
0.00122663
0.00134337
0.00139044
0.00135108
0.00122508
0.000945667
0.000699936
0.000579314
0.000524502
0.000501775
0.000493705
0.000490899
0.000489566
0.000486365
0.000483967
0.00048196
0.000481276
0.000481499
0.000484079
0.000487686
0.00049259
0.000498397
0.000505337
0.000513436
0.0005235
0.000537168
0.000557883
0.000590952
0.000640375
0.000705983
0.000810357
0.000998664
0.00138789
0.0021347
0.00248409
0.00249333
0.00144103
0.000657934
0.000685476
0.00122701
0.00139779
0.00143445
0.00138265
0.00125607
0.000978226
0.000694852
0.000559482
0.000502451
0.000481292
0.000474204
0.000471633
0.000468157
0.000464119
0.000460977
0.000459693
0.000459435
0.000461666
0.000465205
0.000470544
0.000476925
0.000484351
0.000492689
0.00050165
0.000511136
0.000521333
0.000533293
0.000548409
0.000570469
0.000606755
0.000668316
0.000747787
0.00087213
0.00111386
0.00164162
0.00238138
0.00262297
0.00209064
0.000769472
0.000865848
0.0013952
0.00151458
0.00147739
0.00132456
0.0010629
0.000735631
0.000561443
0.000490683
0.000465623
0.000457542
0.00045437
0.000450119
0.00044466
0.000441934
0.000440866
0.000440973
0.000443253
0.000446926
0.000451783
0.000458058
0.000465519
0.00047431
0.000484395
0.000495569
0.000507585
0.000520048
0.000532735
0.000546272
0.000563339
0.000587296
0.00062802
0.000703647
0.000811007
0.000978334
0.00133062
0.00211754
0.00265586
0.0026199
0.000968687
0.00106083
0.00151453
0.00159186
0.00145753
0.00119563
0.000853034
0.000594353
0.000491075
0.0004549
0.000443548
0.00043936
0.000435031
0.000428965
0.000425924
0.000424865
0.000424755
0.000426245
0.000428637
0.000431923
0.000436272
0.000441977
0.000449158
0.000458103
0.000468938
0.000481663
0.000496147
0.000512007
0.000528616
0.000545246
0.000561868
0.000581398
0.00060942
0.000659114
0.000755486
0.000907494
0.00116217
0.00172988
0.00267201
0.002963
0.00155352
0.00125924
0.00159464
0.00162941
0.00140082
0.00103738
0.000683712
0.00051337
0.000451875
0.000432724
0.000426329
0.000422516
0.000416356
0.000412555
0.000411121
0.000410775
0.000410984
0.00041182
0.000412927
0.000414721
0.00041759
0.000421949
0.000428115
0.000436473
0.000447303
0.000460761
0.000476883
0.000495465
0.000515995
0.000537586
0.000559092
0.00057996
0.000603424
0.000639005
0.000706114
0.000839033
0.00106838
0.00150845
0.00251865
0.00323264
0.00243991
0.00145569
0.00163239
0.00162021
0.00130008
0.000883231
0.0005824
0.000465159
0.000427376
0.00041618
0.00041161
0.000406713
0.000401654
0.000399491
0.000398608
0.000398122
0.000397418
0.000396564
0.000395981
0.000395835
0.000396914
0.000399691
0.000404611
0.000412076
0.00042249
0.000436124
0.000453156
0.000473548
0.000496962
0.000522648
0.000549412
0.000575836
0.000601437
0.000631126
0.000682278
0.000788853
0.000993207
0.00138167
0.00225681
0.0034946
0.00344721
0.00163745
0.00164247
0.00159068
0.00119715
0.000754308
0.000517913
0.000434604
0.000410257
0.000402684
0.000398637
0.000393363
0.00038992
0.000388439
0.000387477
0.000385947
0.000383653
0.000380917
0.0003783
0.000376652
0.000376125
0.000377251
0.000380945
0.000387443
0.000397232
0.00041068
0.0004281
0.000449627
0.000475107
0.000503939
0.000534962
0.000566519
0.000597064
0.000627375
0.000667896
0.000747427
0.000923183
0.0012701
0.00200542
0.00362941
0.00442045
0.0018265
0.00163205
0.00153169
0.00109478
0.000665391
0.000475401
0.000413983
0.000397424
0.000391789
0.000387513
0.00038262
0.000380088
0.000378754
0.000376996
0.000374063
0.000370106
0.000365664
0.000361424
0.000358141
0.000356588
0.000356361
0.000358866
0.000364416
0.000373444
0.000386409
0.000403749
0.000425784
0.000452587
0.000483788
0.000518372
0.000554595
0.000590319
0.00062452
0.000662006
0.000727681
0.000881238
0.00121607
0.00191398
0.00360731
0.00529024
0.00200715
0.00160725
0.00146491
0.00100639
0.000605676
0.00044639
0.000399475
0.000387637
0.00038293
0.000378289
0.000373878
0.000371655
0.000369884
0.000367061
0.000362772
0.000357402
0.000351615
0.000346141
0.00034164
0.00033902
0.000338135
0.000339518
0.000344172
0.00035237
0.000364627
0.00038149
0.000403458
0.000430846
0.000463557
0.000500798
0.000540831
0.00058106
0.000619087
0.000656513
0.000709093
0.000829764
0.00113365
0.00181661
0.00353299
0.00604237
0.00217702
0.00157273
0.00139705
0.00093715
0.000564974
0.000426606
0.000389302
0.000380208
0.000375837
0.000370777
0.000366554
0.000364149
0.000361676
0.000357836
0.000352456
0.000346044
0.000339315
0.000332992
0.000327705
0.000324288
0.000322942
0.000323485
0.000327328
0.000334685
0.000346097
0.000362197
0.000383646
0.000411011
0.000444522
0.000483726
0.000527092
0.000571834
0.000614559
0.000654116
0.000701329
0.000805501
0.00108977
0.00175557
0.00348151
0.00667467
0.00233364
0.0015375
0.0013358
0.000886524
0.000538109
0.000412614
0.000381818
0.000374713
0.000370247
0.00036469
0.000360274
0.000357375
0.000354168
0.000349526
0.0003434
0.000336339
0.000329061
0.000322261
0.000316538
0.000312586
0.00031089
0.000310894
0.000314041
0.000320597
0.000331107
0.00034626
0.000366845
0.000393653
0.000427245
0.000467554
0.00051334
0.000561754
0.000608586
0.000650604
0.000693603
0.000775647
0.00102843
0.00169053
0.00341794
0.00719733
0.00247432
0.0015061
0.0012817
0.000853826
0.000521129
0.000403494
0.000376664
0.000370843
0.000365946
0.000359733
0.000354814
0.000351284
0.000347444
0.000342269
0.000335744
0.000328397
0.000320916
0.000313957
0.000308086
0.00030383
0.0003018
0.000301557
0.000304136
0.000309968
0.000319591
0.000333723
0.000353239
0.000379127
0.000412276
0.000453066
0.0005007
0.000552487
0.000603644
0.000648924
0.000690246
0.000761275
0.000993308
0.0016462
0.00337181
0.00762688
0.00259335
0.00147859
0.00123896
0.000833552
0.000513695
0.00039687
0.000372682
0.000368027
0.000362704
0.000355775
0.000350135
0.000345909
0.000341567
0.000336121
0.000329503
0.000322174
0.000314764
0.000307884
0.000302062
0.000297732
0.000295458
0.000295066
0.000297221
0.000302425
0.000311234
0.000324359
0.000342712
0.000367432
0.000399697
0.000440335
0.000489065
0.000543493
0.000598457
0.000647081
0.000687195
0.000743543
0.000948325
0.00160314
0.00334236
0.00797636
0.00267749
0.00146728
0.00120511
0.000830237
0.000515899
0.000394012
0.000369744
0.000365906
0.000360351
0.000352698
0.000346229
0.000341307
0.000336581
0.000331059
0.000324574
0.000317488
0.000310352
0.000303728
0.000298106
0.000293892
0.000291488
0.000291016
0.000292844
0.000297504
0.000305595
0.000317788
0.000334981
0.000358432
0.000389544
0.000429594
0.00047889
0.000535514
0.000594119
0.000646237
0.000685964
0.000734383
0.000917975
0.00157165
0.0033316
0.00826274
0.00269789
0.00146815
0.00118407
0.000834131
0.000523598
0.00039516
0.000367599
0.000364313
0.000358754
0.000350482
0.000343113
0.000337459
0.00033241
0.000326949
0.000320773
0.000314108
0.00030741
0.00030118
0.000295871
0.000291857
0.000289481
0.000289045
0.000290643
0.000294861
0.000302343
0.000313602
0.000329685
0.000351853
0.000381655
0.000420777
0.000470113
0.000528369
0.000590226
0.00064591
0.000685459
0.000723501
0.000882054
0.00154093
0.00334487
0.00850819
0.00267575
0.00147213
0.00117121
0.000844738
0.00053967
0.000399344
0.000366261
0.000362468
0.000357453
0.000348989
0.000340851
0.000334449
0.000329072
0.000323727
0.000317958
0.000311827
0.000305678
0.000299941
0.000295021
0.000291237
0.000288933
0.000288536
0.000289935
0.000293833
0.000300887
0.000311506
0.000326608
0.000347439
0.000375896
0.000413878
0.000462883
0.000522335
0.000587165
0.000646353
0.000685843
0.000717296
0.000853921
0.00151295
0.00339456
0.00872443
0.00260726
0.00148235
0.00117088
0.000866617
0.000567254
0.00040917
0.000366707
0.000361095
0.000356757
0.000348253
0.000339379
0.000332268
0.000326543
0.000321296
0.00031595
0.0003104
0.000304858
0.000299691
0.000295119
0.000291528
0.000289341
0.00028906
0.00029029
0.000293792
0.000300519
0.000310754
0.000325234
0.00034513
0.000372259
0.0004089
0.000457286
0.000517488
0.00058491
0.000647693
0.000687129
0.000710907
0.000823726
0.0014811
0.00345338
0.00892241
0.00246391
0.00148119
0.00117292
0.000894857
0.000601777
0.000425463
0.000368952
0.000359083
0.000355497
0.00034805
0.000338931
0.00033098
0.000324778
0.00031953
0.000314555
0.000309573
0.000304679
0.000299949
0.000295763
0.000292503
0.000290526
0.000290426
0.000291599
0.000294883
0.000301287
0.000311008
0.000324926
0.00034428
0.000370566
0.00040615
0.000453683
0.000514101
0.000583769
0.000649716
0.000689103
0.000706708
0.000798091
0.00144865
0.00353502
0.00910758
0.00225005
0.0014723
0.00117719
0.000930101
0.000649636
0.000453771
0.00037514
0.000358275
0.000354384
0.000347817
0.000338987
0.000330652
0.000323815
0.000318376
0.000313632
0.000309159
0.000304807
0.000300651
0.000296997
0.00029411
0.000292388
0.000292459
0.000293678
0.000296916
0.000303192
0.000312671
0.000326121
0.00034466
0.000370157
0.000405112
0.000452061
0.000512468
0.000583388
0.000652374
0.000690983
0.000701926
0.00077338
0.00141083
0.00362034
0.00928421
0.00197575
0.00144509
0.00118532
0.000963564
0.000700582
0.000491086
0.000388119
0.000359532
0.000352247
0.000347246
0.000339244
0.000330782
0.00032362
0.000317851
0.000313159
0.000309086
0.000305223
0.000301678
0.000298565
0.000296128
0.000294821
0.000295074
0.000296486
0.000299902
0.000306228
0.000315675
0.000328971
0.000347176
0.000371941
0.000405724
0.000451805
0.000512066
0.000584225
0.000655746
0.000691999
0.000696999
0.000750358
0.00137343
0.00371869
0.00945519
0.00165379
0.00138643
0.00118364
0.00100503
0.000764725
0.000543943
0.00041297
0.00036473
0.000352232
0.000346032
0.000339139
0.000331146
0.000323751
0.000317814
0.000313115
0.000309213
0.000305858
0.000302909
0.000300423
0.000298557
0.000297905
0.000298416
0.000300182
0.000304057
0.000310655
0.000320292
0.000333666
0.000351776
0.000376253
0.000409518
0.000454789
0.000514212
0.000586718
0.000659562
0.000692293
0.000690144
0.000724861
0.00133407
0.00381791
0.00962266
0.00130324
0.00127047
0.0011759
0.00102606
0.000823047
0.000607591
0.000452648
0.000377926
0.000354403
0.000345785
0.000338823
0.000331394
0.000324151
0.000318006
0.000313272
0.00030959
0.00030672
0.000304425
0.00030268
0.000301632
0.000301785
0.000302759
0.000305163
0.000309823
0.000316924
0.000326969
0.000340626
0.000358838
0.000383218
0.000416031
0.000460525
0.000518627
0.000590278
0.00066243
0.000689771
0.000680112
0.000697958
0.00129655
0.00392062
0.00978838
0.000957658
0.00113035
0.00114347
0.00106599
0.000884519
0.000679934
0.000509748
0.000405704
0.000362726
0.000347439
0.000339076
0.00033163
0.000324535
0.000318482
0.000313766
0.000310379
0.000308025
0.000306459
0.000305635
0.000305764
0.000306575
0.000308499
0.000312095
0.000317623
0.000325475
0.000336107
0.000350201
0.000368621
0.000393011
0.000425362
0.000468828
0.000524644
0.000593795
0.000663572
0.000683491
0.00066542
0.000666901
0.00125847
0.0040127
0.00995397
0.000650035
0.00095654
0.00108474
0.00105862
0.000953504
0.000756633
0.000581257
0.000453873
0.000383482
0.000354742
0.000341492
0.000332705
0.000325367
0.000319281
0.00031464
0.000311595
0.00030978
0.000309271
0.000309592
0.000310639
0.000312819
0.000316173
0.000321015
0.000327633
0.000336399
0.000347686
0.000362272
0.000380871
0.000405223
0.000436798
0.000478578
0.000529878
0.000595345
0.000661113
0.000670732
0.000643663
0.00063157
0.00122311
0.00410279
0.0101221
0.000416654
0.000765329
0.00101748
0.00103635
0.000985353
0.000842212
0.000667217
0.000525479
0.00042695
0.000375071
0.00035078
0.00033731
0.000328123
0.000321299
0.000316471
0.000313432
0.000312308
0.000312701
0.00031396
0.000316557
0.000320242
0.000325085
0.000331334
0.000339115
0.000348807
0.000360663
0.00037573
0.000394309
0.000418347
0.000447308
0.000485343
0.000531924
0.000594323
0.000648903
0.000648139
0.000610215
0.000595088
0.00118947
0.00418157
0.0102948
0.000261853
0.000581621
0.000913512
0.000999655
0.000980842
0.00090976
0.000758687
0.000614713
0.000501064
0.000419269
0.000375977
0.000351971
0.000337229
0.00032745
0.000321128
0.000317343
0.000316197
0.000316873
0.000318772
0.000322541
0.000327526
0.000333679
0.000341133
0.000349847
0.000360252
0.000372614
0.00038742
0.000404542
0.000426163
0.000451721
0.000487514
0.00052933
0.000583757
0.000620372
0.000612515
0.000563733
0.00055911
0.00117096
0.00425
0.0104736
0.000218074
0.000438464
0.000778713
0.000941939
0.000963369
0.000934988
0.000853023
0.000720172
0.000603183
0.000509098
0.000435865
0.000390574
0.000363223
0.000345659
0.000334384
0.000327501
0.000324109
0.000324232
0.000325522
0.000328606
0.000333735
0.00034021
0.000348005
0.000356884
0.00036722
0.000378561
0.000392244
0.000407835
0.000427803
0.000450892
0.000482147
0.000514194
0.000555776
0.000571187
0.000556558
0.000511393
0.000536811
0.00116389
0.00429921
0.0106644
0.000213064
0.000347227
0.000633313
0.000836492
0.000923442
0.000932298
0.000905051
0.000832208
0.000724282
0.000625962
0.000543218
0.000474834
0.000426396
0.0003936
0.000371144
0.000356162
0.000346417
0.000341384
0.000339933
0.000340685
0.000342873
0.000347195
0.000353176
0.000360254
0.000368935
0.000378578
0.000390325
0.000402858
0.000418578
0.000435826
0.000458498
0.000479031
0.000501116
0.000501559
0.000492582
0.000484412
0.000531037
0.00119451
0.00436011
0.0108879
0.000209793
0.000310996
0.000524338
0.000732515
0.000871097
0.000935158
0.000950834
0.000931659
0.000879821
0.000795197
0.000709779
0.000631263
0.000563412
0.000505656
0.0004633
0.000432163
0.000409083
0.000392371
0.00038091
0.000373587
0.000369145
0.000367322
0.000367786
0.000369357
0.000372729
0.000377266
0.000383973
0.000391388
0.00040211
0.000411992
0.000424333
0.000435151
0.000448464
0.000462672
0.000466315
0.000478309
0.000594301
0.00137958
0.0046094
0.0111769
0.000290702
0.000338285
0.000488364
0.00066406
0.000829616
0.000947438
0.00100403
0.00103269
0.00102548
0.000997831
0.000940469
0.000871222
0.000798624
0.000730422
0.000665414
0.000608262
0.000559599
0.000519646
0.000486256
0.000460938
0.000442246
0.000427801
0.00041738
0.000409586
0.000404328
0.000401089
0.000398892
0.000399387
0.0004012
0.000404932
0.000412523
0.00042182
0.000438614
0.000459822
0.000500832
0.000598258
0.000877562
0.00188525
0.00522556
0.011627
0.000523654
0.000435236
0.000596225
0.000758079
0.000909124
0.00102999
0.00111315
0.00115613
0.001154
0.00113904
0.00110269
0.00104796
0.000986686
0.000926133
0.000868507
0.000815862
0.000769929
0.000730273
0.000698424
0.000669874
0.000648104
0.000629894
0.000618829
0.000609797
0.000609129
0.000611504
0.000617804
0.000630891
0.000649049
0.000675248
0.000711341
0.000767576
0.000842503
0.000954511
0.00111459
0.00137161
0.0018615
0.00314178
0.00636606
0.0122827
0.00139639
0.00177156
0.00235961
0.00262366
0.00273701
0.00277245
0.0027696
0.00274315
0.00268427
0.00262444
0.0025721
0.00252209
0.00247785
0.00244066
0.00241407
0.00239559
0.00238967
0.00239267
0.00240226
0.0024221
0.00245076
0.00248802
0.00253282
0.00258789
0.00264937
0.00272465
0.00280508
0.00290408
0.0030074
0.00313685
0.00327228
0.0034304
0.00361206
0.00387755
0.00416334
0.00460439
0.00513289
0.00638896
0.00868458
0.0134044
0.00918101
0.0142334
0.0171749
0.0183319
0.0187414
0.0187287
0.0185964
0.0182969
0.0179078
0.0175029
0.0171107
0.0167453
0.0164125
0.0161121
0.0158429
0.0156017
0.0153858
0.0151924
0.0150183
0.014862
0.0147215
0.0145958
0.0144831
0.0143836
0.0142952
0.0142194
0.0141534
0.0141004
0.014056
0.014027
0.0140053
0.0140062
0.0140106
0.0140229
0.014053
0.0141067
0.014237
0.014402
0.0152735
0.0148441
)
;

boundaryField
{
    movingWall
    {
        type            kqRWallFunction;
        value           nonuniform List<scalar> 
40
(
0.00918101
0.0142334
0.0171749
0.0183319
0.0187414
0.0187287
0.0185964
0.0182969
0.0179078
0.0175029
0.0171107
0.0167453
0.0164125
0.0161121
0.0158429
0.0156017
0.0153858
0.0151924
0.0150183
0.014862
0.0147215
0.0145958
0.0144831
0.0143836
0.0142952
0.0142194
0.0141534
0.0141004
0.014056
0.014027
0.0140053
0.0140062
0.0140106
0.0140229
0.014053
0.0141067
0.014237
0.014402
0.0152735
0.0148441
)
;
    }
    fixedWalls
    {
        type            kqRWallFunction;
        value           nonuniform List<scalar> 
120
(
0.000106383
0.000182431
0.000306063
0.000423904
0.000500363
0.000542101
0.000565978
0.000595897
0.000685476
0.000865848
0.00106083
0.00125924
0.00145569
0.00163745
0.0018265
0.00200715
0.00217702
0.00233364
0.00247432
0.00259335
0.00267749
0.00269789
0.00267575
0.00260726
0.00246391
0.00225005
0.00197575
0.00165379
0.00130324
0.000957658
0.000650035
0.000416654
0.000261853
0.000218074
0.000213064
0.000209793
0.000290702
0.000523654
0.00139639
0.00918101
0.000290922
0.000327691
0.000385527
0.000437796
0.000469395
0.000506627
0.000567062
0.000657934
0.000769472
0.000968687
0.00155352
0.00243991
0.00344721
0.00442045
0.00529024
0.00604237
0.00667467
0.00719733
0.00762688
0.00797636
0.00826274
0.00850819
0.00872443
0.00892241
0.00910758
0.00928421
0.00945519
0.00962266
0.00978838
0.00995397
0.0101221
0.0102948
0.0104736
0.0106644
0.0108879
0.0111769
0.011627
0.0122827
0.0134044
0.0148441
0.000106383
0.000126403
0.000161256
0.000195337
0.000219718
0.000236043
0.000256334
0.000281701
0.000308672
0.000348121
0.000450288
0.000743089
0.00116797
0.00169157
0.00222654
0.00271059
0.00311182
0.00341017
0.00359434
0.00367875
0.00370326
0.00366349
0.00355056
0.00339666
0.00321379
0.00301243
0.00279693
0.00257557
0.00235555
0.00212973
0.00189288
0.00162713
0.0013559
0.00118613
0.00108583
0.00101264
0.000921914
0.000757198
0.000502526
0.000290922
)
;
    }
    frontAndBack
    {
        type            empty;
    }
}


// ************************************************************************* //
