/*--------------------------------*- C++ -*----------------------------------*\
| =========                 |                                                 |
| \\      /  F ield         | OpenFOAM: The Open Source CFD Toolbox           |
|  \\    /   O peration     | Version:  2412                                  |
|   \\  /    A nd           | Website:  www.openfoam.com                      |
|    \\/     M anipulation  |                                                 |
\*---------------------------------------------------------------------------*/
FoamFile
{
    version     2.0;
    format      ascii;
    arch        "LSB;label=32;scalar=64";
    class       volScalarField;
    location    "4.75";
    object      nut;
}
// * * * * * * * * * * * * * * * * * * * * * * * * * * * * * * * * * * * * * //

dimensions      [0 2 -1 0 0 0 0];

internalField   nonuniform List<scalar> 
1600
(
2.90193e-06
3.16284e-06
3.57155e-06
3.93025e-06
4.16767e-06
4.31918e-06
4.50073e-06
4.71788e-06
4.93832e-06
5.24399e-06
5.96337e-06
7.65968e-06
9.60198e-06
1.1554e-05
1.32541e-05
1.46227e-05
1.56666e-05
1.63997e-05
1.68361e-05
1.70324e-05
1.70889e-05
1.69966e-05
1.67326e-05
1.6366e-05
1.59194e-05
1.54128e-05
1.48516e-05
1.42521e-05
1.36302e-05
1.29607e-05
1.22191e-05
1.13293e-05
1.03425e-05
9.67385e-06
9.25577e-06
8.93819e-06
8.52834e-06
7.7291e-06
6.29671e-06
4.79083e-06
3.80083e-06
4.23938e-06
5.11636e-06
5.43145e-06
5.71471e-06
6.53688e-06
8.23e-06
9.3877e-06
1.06641e-05
1.27654e-05
1.39855e-05
1.50376e-05
1.54164e-05
1.51938e-05
1.55312e-05
1.55418e-05
1.55044e-05
1.56749e-05
1.62706e-05
1.73185e-05
1.88781e-05
2.06273e-05
2.22397e-05
2.42743e-05
2.64641e-05
2.8812e-05
3.13033e-05
3.34319e-05
3.47435e-05
3.53227e-05
3.55606e-05
3.50221e-05
3.47138e-05
3.28266e-05
2.85345e-05
2.26843e-05
1.54863e-05
1.0099e-05
7.32455e-06
5.08454e-06
4.92267e-06
5.66028e-06
8.05005e-06
9.67901e-06
1.03534e-05
1.15543e-05
1.42686e-05
1.72649e-05
1.84806e-05
1.85169e-05
1.80344e-05
1.711e-05
1.68321e-05
1.72606e-05
1.65175e-05
1.66145e-05
1.73031e-05
1.83683e-05
1.98001e-05
2.12426e-05
2.21904e-05
2.30761e-05
2.4285e-05
2.47466e-05
2.58453e-05
2.66975e-05
2.79704e-05
2.95583e-05
3.16143e-05
3.38859e-05
3.52336e-05
3.58224e-05
3.54247e-05
3.37443e-05
3.27778e-05
2.86013e-05
2.20843e-05
1.43714e-05
8.66328e-06
5.51493e-06
5.79219e-06
7.87054e-06
1.24303e-05
1.48899e-05
1.65734e-05
1.88532e-05
2.12908e-05
2.17428e-05
2.03331e-05
1.92119e-05
1.85021e-05
1.75954e-05
1.81191e-05
1.57282e-05
1.68643e-05
1.63284e-05
1.76242e-05
1.74828e-05
1.8128e-05
1.79066e-05
1.77862e-05
1.76725e-05
1.71991e-05
1.70799e-05
1.68852e-05
1.69582e-05
1.72021e-05
1.78628e-05
1.90425e-05
2.11286e-05
2.47318e-05
2.82987e-05
3.02646e-05
3.08312e-05
3.07282e-05
2.9739e-05
2.45585e-05
1.58629e-05
9.3811e-06
5.87693e-06
6.29185e-06
1.16502e-05
1.80538e-05
2.01152e-05
2.16512e-05
2.37607e-05
2.29847e-05
2.17521e-05
2.07169e-05
1.90962e-05
1.87325e-05
1.65206e-05
1.60027e-05
1.50921e-05
1.6503e-05
1.60122e-05
1.69844e-05
1.68602e-05
1.70521e-05
1.69136e-05
1.68177e-05
1.67078e-05
1.62824e-05
1.60794e-05
1.55797e-05
1.52283e-05
1.48529e-05
1.46814e-05
1.47652e-05
1.53442e-05
1.67975e-05
1.99222e-05
2.49854e-05
2.74344e-05
2.8115e-05
2.8744e-05
2.73445e-05
1.75045e-05
1.03005e-05
6.0853e-06
6.54828e-06
1.66158e-05
2.32885e-05
2.45702e-05
2.56662e-05
2.44588e-05
2.32971e-05
2.18616e-05
2.0086e-05
1.81816e-05
1.60424e-05
1.51718e-05
1.54155e-05
1.59001e-05
1.70466e-05
1.75478e-05
1.83238e-05
1.87194e-05
1.9134e-05
1.92671e-05
1.9285e-05
1.91973e-05
1.87947e-05
1.82839e-05
1.76137e-05
1.68824e-05
1.60935e-05
1.53437e-05
1.46531e-05
1.41584e-05
1.40646e-05
1.47897e-05
1.70856e-05
2.29088e-05
2.59384e-05
2.66081e-05
2.74847e-05
2.27822e-05
1.24644e-05
6.32183e-06
6.69065e-06
2.14364e-05
2.7621e-05
2.78564e-05
2.62989e-05
2.49528e-05
2.32633e-05
2.1133e-05
1.82942e-05
1.54747e-05
1.50925e-05
1.55035e-05
1.68459e-05
1.80002e-05
1.93523e-05
2.0331e-05
2.15671e-05
2.23952e-05
2.3333e-05
2.38922e-05
2.41976e-05
2.42978e-05
2.40113e-05
2.32543e-05
2.21517e-05
2.06923e-05
1.90493e-05
1.74018e-05
1.5975e-05
1.4867e-05
1.40843e-05
1.35993e-05
1.39606e-05
1.60439e-05
2.16805e-05
2.48413e-05
2.53204e-05
2.5851e-05
1.4459e-05
6.68813e-06
6.86515e-06
2.5966e-05
3.08455e-05
2.89329e-05
2.70852e-05
2.4893e-05
2.23902e-05
1.855e-05
1.55662e-05
1.50686e-05
1.6115e-05
1.74788e-05
1.93042e-05
2.08121e-05
2.27639e-05
2.43538e-05
2.63401e-05
2.79902e-05
2.97357e-05
3.09761e-05
3.19538e-05
3.26529e-05
3.28755e-05
3.23526e-05
3.12408e-05
2.93756e-05
2.68022e-05
2.3657e-05
2.0298e-05
1.73527e-05
1.52817e-05
1.38305e-05
1.32388e-05
1.35503e-05
1.58037e-05
2.09798e-05
2.34418e-05
2.38324e-05
1.74018e-05
7.20404e-06
7.36209e-06
2.91389e-05
3.19697e-05
2.99095e-05
2.71005e-05
2.39606e-05
1.96676e-05
1.5921e-05
1.53656e-05
1.63438e-05
1.81466e-05
1.99365e-05
2.22516e-05
2.43905e-05
2.70559e-05
2.95361e-05
3.23617e-05
3.46679e-05
3.69644e-05
3.85834e-05
3.99164e-05
4.10363e-05
4.12103e-05
4.09239e-05
3.99334e-05
3.8262e-05
3.58034e-05
3.25422e-05
2.8544e-05
2.39235e-05
1.92425e-05
1.59634e-05
1.37391e-05
1.28448e-05
1.34859e-05
1.6771e-05
2.09701e-05
2.20783e-05
1.99103e-05
7.79064e-06
8.27242e-06
3.05749e-05
3.31922e-05
3.07474e-05
2.63825e-05
2.17136e-05
1.6633e-05
1.55555e-05
1.64849e-05
1.82684e-05
2.03599e-05
2.27532e-05
2.56901e-05
2.85663e-05
3.21127e-05
3.53376e-05
3.85376e-05
4.12639e-05
4.35784e-05
4.53133e-05
4.68175e-05
4.77852e-05
4.79989e-05
4.77571e-05
4.68607e-05
4.53152e-05
4.3021e-05
3.99158e-05
3.59596e-05
3.12327e-05
2.57184e-05
2.02372e-05
1.61577e-05
1.36092e-05
1.26204e-05
1.38363e-05
1.84675e-05
2.05108e-05
2.03628e-05
8.73716e-06
9.1555e-06
3.09661e-05
3.42784e-05
3.04702e-05
2.47211e-05
1.88998e-05
1.59011e-05
1.63276e-05
1.81597e-05
2.02076e-05
2.27696e-05
2.59006e-05
2.94462e-05
3.32599e-05
3.73084e-05
4.07998e-05
4.41827e-05
4.69246e-05
4.91275e-05
5.08157e-05
5.23261e-05
5.32146e-05
5.3525e-05
5.33989e-05
5.27033e-05
5.13982e-05
4.93582e-05
4.64489e-05
4.25378e-05
3.75872e-05
3.18217e-05
2.55108e-05
1.95812e-05
1.54901e-05
1.33433e-05
1.3017e-05
1.55918e-05
1.96704e-05
2.00956e-05
1.10633e-05
9.97359e-06
3.1069e-05
3.52582e-05
2.96915e-05
2.2577e-05
1.69875e-05
1.61268e-05
1.76106e-05
1.98356e-05
2.21023e-05
2.541e-05
2.91727e-05
3.34972e-05
3.78043e-05
4.19771e-05
4.55792e-05
4.88535e-05
5.14752e-05
5.35624e-05
5.51122e-05
5.65012e-05
5.74001e-05
5.77266e-05
5.76896e-05
5.71789e-05
5.61689e-05
5.45553e-05
5.21885e-05
4.88513e-05
4.42869e-05
3.83292e-05
3.12623e-05
2.38845e-05
1.76276e-05
1.39228e-05
1.25763e-05
1.35013e-05
1.8037e-05
1.95988e-05
1.38651e-05
1.07222e-05
3.05299e-05
3.53158e-05
2.83257e-05
2.05372e-05
1.65295e-05
1.68647e-05
1.89831e-05
2.13379e-05
2.40965e-05
2.81243e-05
3.25641e-05
3.72996e-05
4.17575e-05
4.59036e-05
4.94512e-05
5.25125e-05
5.50206e-05
5.69789e-05
5.83307e-05
5.9509e-05
6.04217e-05
6.06826e-05
6.06483e-05
6.02168e-05
5.93772e-05
5.80513e-05
5.61133e-05
5.33694e-05
4.95544e-05
4.43585e-05
3.75744e-05
2.95831e-05
2.1768e-05
1.60857e-05
1.33297e-05
1.32924e-05
1.65558e-05
1.93558e-05
1.64817e-05
1.13708e-05
2.9696e-05
3.52561e-05
2.71226e-05
1.88695e-05
1.65619e-05
1.77836e-05
2.02944e-05
2.27126e-05
2.61437e-05
3.07882e-05
3.56851e-05
4.05424e-05
4.50265e-05
4.90403e-05
5.24417e-05
5.53003e-05
5.76058e-05
5.95123e-05
6.07023e-05
6.15847e-05
6.24923e-05
6.26767e-05
6.26122e-05
6.22313e-05
6.15332e-05
6.04614e-05
5.89012e-05
5.66561e-05
5.34299e-05
4.88314e-05
4.24674e-05
3.42738e-05
2.5282e-05
1.76681e-05
1.34899e-05
1.25375e-05
1.45318e-05
1.94481e-05
1.86652e-05
1.20088e-05
2.85499e-05
3.46443e-05
2.57334e-05
1.82271e-05
1.6879e-05
1.87117e-05
2.14062e-05
2.40514e-05
2.8119e-05
3.32145e-05
3.82969e-05
4.31725e-05
4.75726e-05
5.14185e-05
5.46552e-05
5.73377e-05
5.94941e-05
6.12119e-05
6.23722e-05
6.29765e-05
6.3801e-05
6.39244e-05
6.38044e-05
6.34378e-05
6.28334e-05
6.1959e-05
6.07272e-05
5.89767e-05
5.64477e-05
5.27587e-05
4.74129e-05
3.9955e-05
3.05757e-05
2.13052e-05
1.51303e-05
1.2976e-05
1.39566e-05
1.87982e-05
2.04202e-05
1.25887e-05
2.71256e-05
3.38761e-05
2.47319e-05
1.79626e-05
1.72944e-05
1.9542e-05
2.23344e-05
2.53171e-05
2.98905e-05
3.52397e-05
4.03628e-05
4.51682e-05
4.94368e-05
5.31183e-05
5.62041e-05
5.87415e-05
6.07673e-05
6.23207e-05
6.33724e-05
6.39045e-05
6.44958e-05
6.4586e-05
6.44042e-05
6.40288e-05
6.3482e-05
6.27459e-05
6.17454e-05
6.03283e-05
5.82387e-05
5.50851e-05
5.03228e-05
4.33488e-05
3.40171e-05
2.37785e-05
1.60301e-05
1.29626e-05
1.36467e-05
1.79285e-05
2.18244e-05
1.31102e-05
2.54579e-05
3.28934e-05
2.40672e-05
1.78752e-05
1.77221e-05
2.02656e-05
2.31158e-05
2.64345e-05
3.13368e-05
3.6781e-05
4.18681e-05
4.65589e-05
5.06857e-05
5.4221e-05
5.71777e-05
5.95953e-05
6.15066e-05
6.29386e-05
6.38886e-05
6.43764e-05
6.47353e-05
6.47759e-05
6.45401e-05
6.41493e-05
6.36469e-05
6.30329e-05
6.22511e-05
6.11762e-05
5.95891e-05
5.71432e-05
5.33143e-05
4.73701e-05
3.85815e-05
2.75093e-05
1.78858e-05
1.34714e-05
1.3581e-05
1.74828e-05
2.29387e-05
1.35733e-05
2.37873e-05
3.19602e-05
2.37539e-05
1.80049e-05
1.80868e-05
2.07987e-05
2.37337e-05
2.73485e-05
3.24238e-05
3.78451e-05
4.28445e-05
4.73998e-05
5.13891e-05
5.47968e-05
5.7644e-05
5.99635e-05
6.17818e-05
6.31213e-05
6.39819e-05
6.44195e-05
6.46095e-05
6.45816e-05
6.43006e-05
6.38917e-05
6.34177e-05
6.28928e-05
6.22683e-05
6.14292e-05
6.01629e-05
5.81311e-05
5.48205e-05
4.95089e-05
4.13631e-05
3.03334e-05
1.93917e-05
1.36981e-05
1.35736e-05
1.71575e-05
2.38204e-05
1.39763e-05
2.21728e-05
3.07004e-05
2.369e-05
1.80637e-05
1.83588e-05
2.12262e-05
2.42499e-05
2.80069e-05
3.30735e-05
3.84071e-05
4.33121e-05
4.77348e-05
5.15965e-05
5.48945e-05
5.76515e-05
5.98917e-05
6.16346e-05
6.29028e-05
6.36927e-05
6.40556e-05
6.41682e-05
6.40713e-05
6.37571e-05
6.33367e-05
6.28876e-05
6.24441e-05
6.19647e-05
6.13602e-05
6.04397e-05
5.88943e-05
5.62361e-05
5.17415e-05
4.43725e-05
3.33853e-05
2.12121e-05
1.41489e-05
1.36339e-05
1.70527e-05
2.45214e-05
1.43086e-05
2.06776e-05
2.96348e-05
2.37703e-05
1.84681e-05
1.85317e-05
2.1391e-05
2.45164e-05
2.83782e-05
3.33912e-05
3.85845e-05
4.33503e-05
4.76353e-05
5.13882e-05
5.45953e-05
5.72674e-05
5.94222e-05
6.10819e-05
6.22758e-05
6.30244e-05
6.33361e-05
6.33726e-05
6.31727e-05
6.28232e-05
6.24427e-05
6.20939e-05
6.17361e-05
6.13617e-05
6.09331e-05
6.02652e-05
5.90627e-05
5.68392e-05
5.2908e-05
4.62775e-05
3.58592e-05
2.2898e-05
1.44218e-05
1.36544e-05
1.71602e-05
2.50772e-05
1.4539e-05
1.90335e-05
2.79841e-05
2.40938e-05
1.87164e-05
1.86048e-05
2.14983e-05
2.46992e-05
2.85018e-05
3.32561e-05
3.82779e-05
4.29661e-05
4.71484e-05
5.075e-05
5.3803e-05
5.63359e-05
5.83853e-05
5.9985e-05
6.11646e-05
6.19443e-05
6.23215e-05
6.23473e-05
6.2078e-05
6.16836e-05
6.13028e-05
6.09666e-05
6.0685e-05
6.04962e-05
6.02596e-05
5.98294e-05
5.8982e-05
5.72225e-05
5.38619e-05
4.7881e-05
3.79331e-05
2.45299e-05
1.47712e-05
1.36281e-05
1.72725e-05
2.55234e-05
1.4595e-05
1.74388e-05
2.65295e-05
2.41669e-05
1.90281e-05
1.8599e-05
2.12499e-05
2.45369e-05
2.82232e-05
3.27443e-05
3.75053e-05
4.19741e-05
4.59887e-05
4.94954e-05
5.25051e-05
5.50309e-05
5.7095e-05
5.87196e-05
5.99241e-05
6.07209e-05
6.11218e-05
6.1182e-05
6.10229e-05
6.0709e-05
6.02996e-05
5.985e-05
5.95067e-05
5.93348e-05
5.92203e-05
5.90805e-05
5.85431e-05
5.71684e-05
5.42734e-05
4.88203e-05
3.95929e-05
2.60222e-05
1.50304e-05
1.3566e-05
1.74881e-05
2.58996e-05
1.45353e-05
1.60329e-05
2.48607e-05
2.42095e-05
1.9531e-05
1.85936e-05
2.09705e-05
2.42045e-05
2.78282e-05
3.21138e-05
3.66317e-05
4.09194e-05
4.48019e-05
4.8231e-05
5.11953e-05
5.36977e-05
5.57502e-05
5.73655e-05
5.85508e-05
5.93205e-05
5.97049e-05
5.97457e-05
5.96439e-05
5.94491e-05
5.91584e-05
5.8848e-05
5.85294e-05
5.82037e-05
5.80296e-05
5.79975e-05
5.77411e-05
5.67934e-05
5.43364e-05
4.93566e-05
4.06479e-05
2.71914e-05
1.52772e-05
1.34406e-05
1.79068e-05
2.62263e-05
1.43487e-05
1.50123e-05
2.30749e-05
2.42165e-05
2.01819e-05
1.86545e-05
2.06769e-05
2.37934e-05
2.72737e-05
3.12304e-05
3.548e-05
3.96378e-05
4.34298e-05
4.67688e-05
4.96408e-05
5.20547e-05
5.40311e-05
5.56025e-05
5.67492e-05
5.75053e-05
5.79334e-05
5.80373e-05
5.79703e-05
5.78222e-05
5.76212e-05
5.74326e-05
5.72504e-05
5.71007e-05
5.7001e-05
5.68969e-05
5.67578e-05
5.61602e-05
5.41642e-05
4.96998e-05
4.13016e-05
2.81085e-05
1.54554e-05
1.32439e-05
1.82035e-05
2.65218e-05
1.39496e-05
1.41308e-05
2.11441e-05
2.3809e-05
2.06755e-05
1.8654e-05
2.02267e-05
2.31239e-05
2.64694e-05
3.01906e-05
3.4131e-05
3.80265e-05
4.16707e-05
4.49179e-05
4.77227e-05
5.00849e-05
5.20342e-05
5.35432e-05
5.46639e-05
5.5449e-05
5.59479e-05
5.61325e-05
5.61151e-05
5.60424e-05
5.59056e-05
5.57466e-05
5.56257e-05
5.55986e-05
5.56362e-05
5.57716e-05
5.58965e-05
5.55131e-05
5.3917e-05
4.96914e-05
4.16879e-05
2.85445e-05
1.55536e-05
1.30145e-05
1.86238e-05
2.6795e-05
1.33313e-05
1.38101e-05
1.9435e-05
2.31225e-05
2.1316e-05
1.90264e-05
1.97069e-05
2.23289e-05
2.54531e-05
2.88546e-05
3.24971e-05
3.61758e-05
3.96432e-05
4.27917e-05
4.55386e-05
4.78669e-05
4.97754e-05
5.12754e-05
5.242e-05
5.3235e-05
5.38033e-05
5.40471e-05
5.40902e-05
5.41043e-05
5.40671e-05
5.39768e-05
5.38872e-05
5.38411e-05
5.39424e-05
5.42355e-05
5.45593e-05
5.4464e-05
5.31217e-05
4.92336e-05
4.16365e-05
2.86975e-05
1.54947e-05
1.27077e-05
1.89853e-05
2.70529e-05
1.24928e-05
1.35775e-05
1.82397e-05
2.21273e-05
2.14501e-05
1.92574e-05
1.92305e-05
2.15765e-05
2.43638e-05
2.75427e-05
3.08346e-05
3.41893e-05
3.74579e-05
4.04562e-05
4.31208e-05
4.5419e-05
4.72997e-05
4.88148e-05
4.99827e-05
5.08336e-05
5.14975e-05
5.17667e-05
5.18911e-05
5.20167e-05
5.20743e-05
5.2061e-05
5.20398e-05
5.2053e-05
5.21697e-05
5.2455e-05
5.29297e-05
5.30986e-05
5.21395e-05
4.85005e-05
4.09548e-05
2.85206e-05
1.53191e-05
1.23811e-05
1.93998e-05
2.73002e-05
1.143e-05
1.33138e-05
1.70372e-05
2.13227e-05
2.1848e-05
1.98846e-05
1.90011e-05
2.05388e-05
2.31701e-05
2.59456e-05
2.89394e-05
3.20043e-05
3.50245e-05
3.78895e-05
4.04734e-05
4.27077e-05
4.45903e-05
4.61244e-05
4.73346e-05
4.82319e-05
4.90274e-05
4.92892e-05
4.95111e-05
4.97783e-05
4.99217e-05
4.99928e-05
5.00511e-05
5.01394e-05
5.03401e-05
5.07227e-05
5.13048e-05
5.15846e-05
5.09028e-05
4.74073e-05
3.98716e-05
2.8016e-05
1.49895e-05
1.20021e-05
1.97768e-05
2.75401e-05
1.0146e-05
1.28895e-05
1.65947e-05
1.99139e-05
2.13845e-05
2.03252e-05
1.91602e-05
1.98291e-05
2.21017e-05
2.46376e-05
2.71924e-05
2.98478e-05
3.25262e-05
3.5125e-05
3.75618e-05
3.97316e-05
4.16103e-05
4.31754e-05
4.44441e-05
4.54241e-05
4.63193e-05
4.65962e-05
4.69522e-05
4.73898e-05
4.76096e-05
4.77769e-05
4.79322e-05
4.81159e-05
4.84203e-05
4.88892e-05
4.95702e-05
4.98718e-05
4.93441e-05
4.5813e-05
3.81602e-05
2.69597e-05
1.44588e-05
1.1605e-05
2.0164e-05
2.77754e-05
8.69643e-06
1.27632e-05
1.59825e-05
1.99936e-05
2.13454e-05
2.07155e-05
1.94109e-05
1.90954e-05
2.07237e-05
2.31141e-05
2.54674e-05
2.77639e-05
3.0065e-05
3.23598e-05
3.45632e-05
3.66101e-05
3.84356e-05
4.00013e-05
4.13245e-05
4.2443e-05
4.32638e-05
4.37163e-05
4.42809e-05
4.48016e-05
4.51392e-05
4.54213e-05
4.5698e-05
4.59982e-05
4.64281e-05
4.6973e-05
4.76922e-05
4.78512e-05
4.72964e-05
4.36749e-05
3.5879e-05
2.53817e-05
1.36844e-05
1.11676e-05
2.05084e-05
2.80086e-05
7.16334e-06
1.2245e-05
1.56901e-05
1.8221e-05
2.16124e-05
2.11844e-05
2.01123e-05
1.92944e-05
1.97739e-05
2.16813e-05
2.38331e-05
2.58548e-05
2.77815e-05
2.9691e-05
3.1576e-05
3.34124e-05
3.5106e-05
3.66759e-05
3.8025e-05
3.91583e-05
4.00203e-05
4.07235e-05
4.14506e-05
4.20515e-05
4.25269e-05
4.29391e-05
4.33609e-05
4.37874e-05
4.4345e-05
4.49096e-05
4.55477e-05
4.52236e-05
4.45797e-05
4.08966e-05
3.29205e-05
2.32192e-05
1.25835e-05
1.07549e-05
2.08595e-05
2.82434e-05
5.73384e-06
1.15051e-05
1.59643e-05
1.78177e-05
2.05934e-05
2.17363e-05
2.07131e-05
1.97468e-05
1.93244e-05
2.03446e-05
2.22105e-05
2.41293e-05
2.58757e-05
2.74722e-05
2.90022e-05
3.04839e-05
3.19673e-05
3.34012e-05
3.46219e-05
3.58545e-05
3.67172e-05
3.76207e-05
3.85037e-05
3.91847e-05
3.97978e-05
4.03332e-05
4.09132e-05
4.14395e-05
4.2076e-05
4.23209e-05
4.25462e-05
4.18246e-05
4.12956e-05
3.69808e-05
2.92241e-05
2.03331e-05
1.12942e-05
1.03053e-05
2.11789e-05
2.84825e-05
4.54554e-06
1.06464e-05
1.56965e-05
1.78708e-05
1.94216e-05
2.21908e-05
2.17496e-05
2.07126e-05
1.992e-05
1.95314e-05
2.06568e-05
2.22924e-05
2.39275e-05
2.54697e-05
2.68842e-05
2.81601e-05
2.94202e-05
3.06084e-05
3.16648e-05
3.27244e-05
3.36561e-05
3.46175e-05
3.54996e-05
3.62443e-05
3.69366e-05
3.7568e-05
3.8142e-05
3.84754e-05
3.87955e-05
3.86292e-05
3.87404e-05
3.77099e-05
3.67642e-05
3.16077e-05
2.4821e-05
1.68382e-05
9.97415e-06
1.00329e-05
2.14755e-05
2.87282e-05
4.15261e-06
9.72473e-06
1.52419e-05
1.81325e-05
1.94085e-05
2.09527e-05
2.27083e-05
2.19796e-05
2.1271e-05
2.07765e-05
2.04221e-05
2.1027e-05
2.21189e-05
2.33386e-05
2.45763e-05
2.57662e-05
2.69097e-05
2.81226e-05
2.90934e-05
2.9902e-05
3.07413e-05
3.16213e-05
3.24084e-05
3.30772e-05
3.36852e-05
3.40931e-05
3.44663e-05
3.45594e-05
3.46607e-05
3.42002e-05
3.38501e-05
3.20121e-05
3.03948e-05
2.48622e-05
1.94309e-05
1.31601e-05
8.7074e-06
9.78596e-06
2.17171e-05
2.89882e-05
4.10603e-06
9.08048e-06
1.46496e-05
1.76911e-05
1.94869e-05
2.08489e-05
2.23582e-05
2.32799e-05
2.25298e-05
2.1847e-05
2.13472e-05
2.09616e-05
2.12546e-05
2.18601e-05
2.26046e-05
2.34325e-05
2.42446e-05
2.51144e-05
2.60029e-05
2.68081e-05
2.73588e-05
2.79404e-05
2.85599e-05
2.89915e-05
2.93407e-05
2.94534e-05
2.94731e-05
2.90629e-05
2.85585e-05
2.7446e-05
2.63741e-05
2.40535e-05
2.17431e-05
1.72063e-05
1.38525e-05
1.04093e-05
7.32867e-06
9.53997e-06
2.19761e-05
2.929e-05
4.07586e-06
9.5791e-06
1.46091e-05
1.81023e-05
2.05674e-05
2.16923e-05
2.32307e-05
2.45524e-05
2.54885e-05
2.4977e-05
2.43013e-05
2.3611e-05
2.3207e-05
2.25933e-05
2.23701e-05
2.23704e-05
2.24594e-05
2.25868e-05
2.27658e-05
2.29258e-05
2.30565e-05
2.30202e-05
2.29711e-05
2.28409e-05
2.2616e-05
2.21411e-05
2.15788e-05
2.06873e-05
1.97912e-05
1.83672e-05
1.69645e-05
1.50531e-05
1.34307e-05
1.14648e-05
9.61114e-06
7.47366e-06
6.43499e-06
1.01252e-05
2.23096e-05
2.96759e-05
4.79547e-06
8.66198e-06
1.23849e-05
1.58374e-05
1.89281e-05
2.14308e-05
2.31236e-05
2.49896e-05
2.63657e-05
2.77866e-05
2.80174e-05
2.75639e-05
2.66389e-05
2.56452e-05
2.42689e-05
2.27834e-05
2.12851e-05
1.98636e-05
1.84858e-05
1.72818e-05
1.63432e-05
1.53293e-05
1.44882e-05
1.36903e-05
1.29218e-05
1.20902e-05
1.13872e-05
1.06014e-05
9.74668e-06
8.89427e-06
8.17217e-06
7.41979e-06
6.86356e-06
6.23679e-06
5.91323e-06
5.91983e-06
7.12365e-06
1.20135e-05
2.36726e-05
3.02679e-05
6.43014e-06
4.90465e-06
6.77287e-06
9.18365e-06
1.16299e-05
1.37233e-05
1.53309e-05
1.6468e-05
1.67352e-05
1.70312e-05
1.68454e-05
1.61457e-05
1.51728e-05
1.41208e-05
1.30142e-05
1.19268e-05
1.09001e-05
9.96807e-06
9.14746e-06
8.38576e-06
7.77269e-06
7.20647e-06
6.7767e-06
6.38185e-06
6.13763e-06
5.92226e-06
5.7592e-06
5.69216e-06
5.67707e-06
5.76358e-06
5.89573e-06
6.15682e-06
6.53472e-06
7.08205e-06
7.86692e-06
9.01014e-06
1.10962e-05
1.6174e-05
2.5575e-05
3.11097e-05
1.04937e-05
7.42542e-06
9.35257e-06
1.02458e-05
1.07218e-05
1.09919e-05
1.11366e-05
1.12439e-05
1.11701e-05
1.10742e-05
1.0983e-05
1.08542e-05
1.07127e-05
1.05756e-05
1.04698e-05
1.03898e-05
1.03606e-05
1.03728e-05
1.04149e-05
1.05033e-05
1.0637e-05
1.08121e-05
1.10257e-05
1.12894e-05
1.15845e-05
1.19482e-05
1.23322e-05
1.28097e-05
1.32953e-05
1.39203e-05
1.45327e-05
1.53312e-05
1.60643e-05
1.70122e-05
1.78788e-05
1.91965e-05
2.06722e-05
2.40699e-05
2.78526e-05
3.24995e-05
2.68981e-05
3.34914e-05
3.679e-05
3.80093e-05
3.84317e-05
3.84186e-05
3.82823e-05
3.79721e-05
3.75654e-05
3.71375e-05
3.67183e-05
3.63235e-05
3.59601e-05
3.5629e-05
3.53296e-05
3.50594e-05
3.48156e-05
3.45958e-05
3.43968e-05
3.42173e-05
3.40549e-05
3.39092e-05
3.3778e-05
3.36617e-05
3.35582e-05
3.34692e-05
3.33917e-05
3.33292e-05
3.32771e-05
3.32429e-05
3.32179e-05
3.32192e-05
3.32246e-05
3.32394e-05
3.32753e-05
3.33391e-05
3.34932e-05
3.36868e-05
3.46915e-05
3.42003e-05
)
;

boundaryField
{
    movingWall
    {
        type            nutkWallFunction;
        blending        stepwise;
        value           uniform 0;
    }
    fixedWalls
    {
        type            nutkWallFunction;
        blending        stepwise;
        value           uniform 0;
    }
    frontAndBack
    {
        type            empty;
    }
}


// ************************************************************************* //
