/*--------------------------------*- C++ -*----------------------------------*\
| =========                 |                                                 |
| \\      /  F ield         | OpenFOAM: The Open Source CFD Toolbox           |
|  \\    /   O peration     | Version:  2412                                  |
|   \\  /    A nd           | Website:  www.openfoam.com                      |
|    \\/     M anipulation  |                                                 |
\*---------------------------------------------------------------------------*/
FoamFile
{
    version     2.0;
    format      ascii;
    arch        "LSB;label=32;scalar=64";
    class       volVectorField;
    location    "4.75";
    object      U;
}
// * * * * * * * * * * * * * * * * * * * * * * * * * * * * * * * * * * * * * //

dimensions      [0 1 -1 0 0 0 0];

internalField   nonuniform List<vector> 
1600
(
(0.00115159 -0.00105095 0)
(0.00470537 -0.00136567 0)
(0.00805841 -0.00101618 0)
(0.0101225 -0.000397691 0)
(0.0107321 -9.42348e-05 0)
(0.0106016 -0.000207963 0)
(0.0101932 -0.000390474 0)
(0.00937533 -0.000334146 0)
(0.00774352 -6.85505e-05 0)
(0.00450892 0.000346543 0)
(-0.00144969 0.0007489 0)
(-0.00940428 0.0016095 0)
(-0.0212284 0.00392623 0)
(-0.0378346 0.00705132 0)
(-0.0569198 0.00967833 0)
(-0.0774667 0.0113664 0)
(-0.0981274 0.0119226 0)
(-0.117509 0.0113365 0)
(-0.134378 0.0098736 0)
(-0.147903 0.00793733 0)
(-0.15773 0.00587821 0)
(-0.163826 0.00387157 0)
(-0.166372 0.00191204 0)
(-0.165543 -9.34035e-05 0)
(-0.161114 -0.0022507 0)
(-0.152964 -0.00457346 0)
(-0.140824 -0.00700781 0)
(-0.124603 -0.0094175 0)
(-0.104498 -0.0115974 0)
(-0.0811953 -0.0132862 0)
(-0.0560021 -0.0141671 0)
(-0.0306638 -0.0138917 0)
(-0.00691055 -0.0123502 0)
(0.012406 -0.00956826 0)
(0.0255423 -0.00540355 0)
(0.0321343 -0.000757906 0)
(0.0312607 0.00323273 0)
(0.0236219 0.00567656 0)
(0.012326 0.00511285 0)
(0.00310422 0.0035588 0)
(0.00181895 -0.00476689 0)
(0.00726237 -0.00629138 0)
(0.011331 -0.0046324 0)
(0.0134853 -0.00207976 0)
(0.0134238 -8.95041e-05 0)
(0.0113913 0.000884438 0)
(0.00754355 0.00168834 0)
(0.0015401 0.00323618 0)
(-0.00755515 0.00560838 0)
(-0.0209174 0.00951689 0)
(-0.0395029 0.0149443 0)
(-0.0621045 0.0211223 0)
(-0.0869388 0.0267662 0)
(-0.112016 0.0304763 0)
(-0.135773 0.0320011 0)
(-0.156914 0.0314319 0)
(-0.174589 0.0289461 0)
(-0.188608 0.0250455 0)
(-0.199332 0.0203014 0)
(-0.20725 0.015208 0)
(-0.212535 0.0100925 0)
(-0.215358 0.00507558 0)
(-0.215522 6.15521e-05 0)
(-0.212781 -0.00509062 0)
(-0.206885 -0.010432 0)
(-0.197623 -0.0160268 0)
(-0.18486 -0.0218607 0)
(-0.168358 -0.0276755 0)
(-0.148096 -0.0330227 0)
(-0.12435 -0.0372084 0)
(-0.0978955 -0.0393028 0)
(-0.0700686 -0.0383895 0)
(-0.0428199 -0.0338562 0)
(-0.0185137 -0.0260534 0)
(0.00111467 -0.0159781 0)
(0.0139201 -0.00512582 0)
(0.0204857 0.00494206 0)
(0.0198875 0.0120671 0)
(0.0126436 0.0146119 0)
(0.00321225 0.0114952 0)
(0.00244959 -0.0100151 0)
(0.00772144 -0.0114382 0)
(0.0103135 -0.00754471 0)
(0.0104095 -0.00228654 0)
(0.00776359 0.00206143 0)
(0.00214808 0.00538968 0)
(-0.00740008 0.00936768 0)
(-0.0211391 0.0152193 0)
(-0.0397039 0.0228216 0)
(-0.0626524 0.031609 0)
(-0.0888474 0.0403692 0)
(-0.116023 0.0476223 0)
(-0.141683 0.0521725 0)
(-0.164179 0.0534911 0)
(-0.183023 0.0518091 0)
(-0.198079 0.0476392 0)
(-0.209844 0.0418395 0)
(-0.218938 0.0351083 0)
(-0.225887 0.0279821 0)
(-0.230979 0.0207388 0)
(-0.234393 0.0134972 0)
(-0.235963 0.00622567 0)
(-0.235683 -0.00121361 0)
(-0.233459 -0.00902477 0)
(-0.229194 -0.0173153 0)
(-0.22239 -0.0261436 0)
(-0.212655 -0.0354451 0)
(-0.199682 -0.0449247 0)
(-0.18305 -0.0539737 0)
(-0.162541 -0.0615534 0)
(-0.138247 -0.0662678 0)
(-0.110798 -0.0665328 0)
(-0.0816105 -0.0611248 0)
(-0.0530011 -0.050022 0)
(-0.0280358 -0.0345474 0)
(-0.00908424 -0.0171668 0)
(0.00300534 -0.000566766 0)
(0.00840599 0.0134816 0)
(0.00669041 0.0202541 0)
(0.00175457 0.0174974 0)
(0.00268197 -0.0154533 0)
(0.00577682 -0.0145103 0)
(0.00552226 -0.00746013 0)
(0.00200807 0.000904678 0)
(-0.00470316 0.00845184 0)
(-0.0154691 0.0160162 0)
(-0.0309931 0.0246532 0)
(-0.0514358 0.0352632 0)
(-0.0765155 0.0472434 0)
(-0.103947 0.0586913 0)
(-0.131036 0.0676755 0)
(-0.155502 0.0727962 0)
(-0.175994 0.0738279 0)
(-0.19235 0.071172 0)
(-0.204923 0.0657269 0)
(-0.214405 0.0584304 0)
(-0.221602 0.0501365 0)
(-0.227057 0.0414384 0)
(-0.231102 0.0326586 0)
(-0.233917 0.0239392 0)
(-0.235674 0.0152629 0)
(-0.236575 0.00650912 0)
(-0.236445 -0.00247202 0)
(-0.235131 -0.011911 0)
(-0.232772 -0.0220908 0)
(-0.229174 -0.0331838 0)
(-0.224003 -0.0452046 0)
(-0.216628 -0.058007 0)
(-0.206271 -0.0709765 0)
(-0.192029 -0.0829048 0)
(-0.173128 -0.0919241 0)
(-0.149226 -0.0957287 0)
(-0.120765 -0.0921259 0)
(-0.0893699 -0.0798112 0)
(-0.0582699 -0.0596314 0)
(-0.0318453 -0.0352296 0)
(-0.0131477 -0.0110699 0)
(-0.00223387 0.00969319 0)
(0.00119313 0.0215437 0)
(0.000310114 0.0200352 0)
(0.00175291 -0.0187491 0)
(0.001851 -0.0142351 0)
(-0.00230638 -0.00320719 0)
(-0.00958887 0.00833394 0)
(-0.0206516 0.0197896 0)
(-0.0364382 0.0318845 0)
(-0.0573228 0.045662 0)
(-0.0825501 0.0605933 0)
(-0.10971 0.0746215 0)
(-0.135906 0.0853456 0)
(-0.158788 0.0913509 0)
(-0.177258 0.0923568 0)
(-0.191161 0.0890253 0)
(-0.201103 0.0825471 0)
(-0.207872 0.0740169 0)
(-0.212341 0.0644528 0)
(-0.215102 0.054457 0)
(-0.216607 0.0444556 0)
(-0.217177 0.0346395 0)
(-0.217076 0.0250887 0)
(-0.216487 0.015744 0)
(-0.215443 0.00646051 0)
(-0.214344 -0.00296914 0)
(-0.213385 -0.0127906 0)
(-0.212428 -0.0233553 0)
(-0.211635 -0.035078 0)
(-0.210773 -0.0482831 0)
(-0.209411 -0.0630827 0)
(-0.206753 -0.0791738 0)
(-0.201502 -0.0955372 0)
(-0.191933 -0.110196 0)
(-0.17629 -0.120215 0)
(-0.153517 -0.122148 0)
(-0.123891 -0.113137 0)
(-0.0895823 -0.0921395 0)
(-0.0555209 -0.0618403 0)
(-0.027942 -0.0289325 0)
(-0.00982024 -0.000137363 0)
(-0.00184073 0.0181728 0)
(3.33587e-05 0.0198318 0)
(-0.000109473 -0.0190203 0)
(-0.00366085 -0.00974309 0)
(-0.0114867 0.00461543 0)
(-0.0225158 0.0198193 0)
(-0.0378771 0.0355734 0)
(-0.0580191 0.0526134 0)
(-0.0823566 0.070552 0)
(-0.108516 0.0872595 0)
(-0.133519 0.100137 0)
(-0.154969 0.107456 0)
(-0.171603 0.108866 0)
(-0.183292 0.105175 0)
(-0.190645 0.097732 0)
(-0.194631 0.0879931 0)
(-0.196149 0.0770603 0)
(-0.195967 0.0657548 0)
(-0.194651 0.0545375 0)
(-0.192673 0.0437167 0)
(-0.190383 0.0334175 0)
(-0.188027 0.0236499 0)
(-0.185803 0.0143209 0)
(-0.183942 0.00527652 0)
(-0.182406 -0.00373952 0)
(-0.181203 -0.0130363 0)
(-0.180502 -0.0229798 0)
(-0.180531 -0.0339995 0)
(-0.181466 -0.0466128 0)
(-0.183384 -0.0613014 0)
(-0.18602 -0.0783351 0)
(-0.188472 -0.0974046 0)
(-0.188927 -0.117112 0)
(-0.184638 -0.134541 0)
(-0.172522 -0.145304 0)
(-0.150548 -0.144484 0)
(-0.118986 -0.128485 0)
(-0.0812779 -0.0971162 0)
(-0.0447929 -0.0561252 0)
(-0.0174999 -0.0166041 0)
(-0.00354868 0.0112205 0)
(0.00036767 0.0186491 0)
(-0.00254106 -0.015235 0)
(-0.00957659 -0.00165063 0)
(-0.0207435 0.0160971 0)
(-0.0354314 0.0350264 0)
(-0.0543836 0.0552721 0)
(-0.0772243 0.0762446 0)
(-0.102015 0.0959079 0)
(-0.12587 0.111491 0)
(-0.146231 0.120875 0)
(-0.161592 0.12336 0)
(-0.171606 0.119693 0)
(-0.176942 0.111508 0)
(-0.178701 0.10056 0)
(-0.177988 0.0882838 0)
(-0.175736 0.0756582 0)
(-0.172702 0.0633233 0)
(-0.16945 0.0516222 0)
(-0.166357 0.0407126 0)
(-0.163595 0.0305824 0)
(-0.161185 0.0211123 0)
(-0.159088 0.0121183 0)
(-0.157183 0.00336595 0)
(-0.155389 -0.00535328 0)
(-0.153771 -0.0142277 0)
(-0.152454 -0.0234997 0)
(-0.151664 -0.0334945 0)
(-0.151802 -0.044677 0)
(-0.153365 -0.0576661 0)
(-0.156782 -0.0731911 0)
(-0.162096 -0.0918354 0)
(-0.16845 -0.113459 0)
(-0.173539 -0.136335 0)
(-0.173459 -0.156375 0)
(-0.163605 -0.167233 0)
(-0.140926 -0.162074 0)
(-0.106193 -0.136668 0)
(-0.0652118 -0.0927638 0)
(-0.0287286 -0.0416463 0)
(-0.00591306 -0.0002086 0)
(0.000618985 0.0169817 0)
(-0.00496084 -0.00780929 0)
(-0.0151055 0.0100062 0)
(-0.0292163 0.0306953 0)
(-0.0469322 0.0534225 0)
(-0.068121 0.0772635 0)
(-0.0913867 0.100075 0)
(-0.114211 0.118951 0)
(-0.133954 0.131274 0)
(-0.148742 0.135774 0)
(-0.157918 0.132878 0)
(-0.162078 0.124388 0)
(-0.162485 0.112503 0)
(-0.16046 0.0990436 0)
(-0.15715 0.0853011 0)
(-0.153458 0.0720591 0)
(-0.149998 0.0597239 0)
(-0.147089 0.048397 0)
(-0.144786 0.0379876 0)
(-0.142972 0.0283067 0)
(-0.141448 0.0191352 0)
(-0.140014 0.0102668 0)
(-0.138504 0.00152206 0)
(-0.136869 -0.00722228 0)
(-0.135126 -0.0160815 0)
(-0.133328 -0.0251832 0)
(-0.13161 -0.0346894 0)
(-0.130305 -0.0448553 0)
(-0.129916 -0.0561153 0)
(-0.131162 -0.0691922 0)
(-0.13485 -0.0851243 0)
(-0.141435 -0.10497 0)
(-0.150197 -0.128914 0)
(-0.158297 -0.15483 0)
(-0.160484 -0.176985 0)
(-0.15058 -0.186343 0)
(-0.124984 -0.173703 0)
(-0.0860814 -0.134861 0)
(-0.043418 -0.0760247 0)
(-0.0104782 -0.0175984 0)
(0.00034842 0.0142325 0)
(-0.00674712 0.00312687 0)
(-0.0195709 0.0244865 0)
(-0.0361031 0.0479471 0)
(-0.0557649 0.0737592 0)
(-0.0774982 0.099523 0)
(-0.0993542 0.122076 0)
(-0.118852 0.138224 0)
(-0.133793 0.145912 0)
(-0.143052 0.144874 0)
(-0.14697 0.136856 0)
(-0.14689 0.124482 0)
(-0.144344 0.110115 0)
(-0.140683 0.0954313 0)
(-0.136931 0.0814451 0)
(-0.133728 0.0686111 0)
(-0.131322 0.0569808 0)
(-0.129662 0.0463649 0)
(-0.128529 0.0364878 0)
(-0.127671 0.0270967 0)
(-0.12687 0.0179897 0)
(-0.125952 0.00902165 0)
(-0.124826 9.27293e-05 0)
(-0.123459 -0.00887069 0)
(-0.121846 -0.0179449 0)
(-0.120006 -0.0272032 0)
(-0.118003 -0.0367153 0)
(-0.116 -0.0465821 0)
(-0.114281 -0.0569958 0)
(-0.113359 -0.0683604 0)
(-0.114066 -0.0814945 0)
(-0.11752 -0.0977908 0)
(-0.124609 -0.118913 0)
(-0.134732 -0.145417 0)
(-0.144293 -0.174378 0)
(-0.146405 -0.197441 0)
(-0.133546 -0.20183 0)
(-0.102732 -0.175972 0)
(-0.0596497 -0.117744 0)
(-0.0188761 -0.0435994 0)
(-0.000367769 0.00819573 0)
(-0.00790237 0.0168652 0)
(-0.0228327 0.0410914 0)
(-0.0407983 0.0668734 0)
(-0.0610993 0.0944862 0)
(-0.0819463 0.120529 0)
(-0.101326 0.141139 0)
(-0.11695 0.153232 0)
(-0.12715 0.155495 0)
(-0.131752 0.149086 0)
(-0.131983 0.136912 0)
(-0.129539 0.121956 0)
(-0.125957 0.106448 0)
(-0.122402 0.0917304 0)
(-0.119552 0.0783802 0)
(-0.117623 0.0664241 0)
(-0.116494 0.0555842 0)
(-0.115897 0.0455109 0)
(-0.115552 0.0359032 0)
(-0.115247 0.0265557 0)
(-0.114836 0.0173358 0)
(-0.11422 0.00816173 0)
(-0.113355 -0.00102003 0)
(-0.11222 -0.0102601 0)
(-0.110809 -0.0196103 0)
(-0.109133 -0.0291172 0)
(-0.107223 -0.0388166 0)
(-0.105146 -0.0487476 0)
(-0.103024 -0.0589746 0)
(-0.1011 -0.0696483 0)
(-0.0998579 -0.0811721 0)
(-0.100197 -0.0945166 0)
(-0.10349 -0.111545 0)
(-0.110969 -0.134634 0)
(-0.121914 -0.16449 0)
(-0.131462 -0.196331 0)
(-0.130735 -0.217405 0)
(-0.111597 -0.210022 0)
(-0.0738558 -0.161639 0)
(-0.0296347 -0.0787695 0)
(-0.00105629 -0.00288945 0)
(-0.00839975 0.0320029 0)
(-0.0245878 0.0590091 0)
(-0.0429893 0.0862578 0)
(-0.0627834 0.114409 0)
(-0.08184 0.139385 0)
(-0.0982584 0.15684 0)
(-0.109985 0.164025 0)
(-0.116126 0.160816 0)
(-0.117432 0.149887 0)
(-0.115634 0.134828 0)
(-0.112443 0.118593 0)
(-0.109186 0.103051 0)
(-0.106647 0.0890365 0)
(-0.105066 0.0766254 0)
(-0.104309 0.0654849 0)
(-0.104081 0.0551801 0)
(-0.104102 0.0453597 0)
(-0.10416 0.0357911 0)
(-0.104123 0.0263415 0)
(-0.103911 0.0169348 0)
(-0.103473 0.00752559 0)
(-0.102784 -0.00191881 0)
(-0.101834 -0.0114335 0)
(-0.100622 -0.0210556 0)
(-0.0991584 -0.0308172 0)
(-0.0974614 -0.0407419 0)
(-0.0955611 -0.0508487 0)
(-0.093504 -0.0611565 0)
(-0.0913798 -0.071704 0)
(-0.08939 -0.0826313 0)
(-0.0880057 -0.0944075 0)
(-0.0882222 -0.1083 0)
(-0.0916828 -0.126873 0)
(-0.0998264 -0.153292 0)
(-0.111225 -0.187585 0)
(-0.118801 -0.220852 0)
(-0.111558 -0.233278 0)
(-0.0830879 -0.202238 0)
(-0.0404926 -0.120136 0)
(-0.00342138 -0.0176041 0)
(-0.00832645 0.0478929 0)
(-0.0248634 0.0772533 0)
(-0.0427655 0.105073 0)
(-0.0611985 0.132743 0)
(-0.0780019 0.155658 0)
(-0.0913535 0.169166 0)
(-0.0996199 0.171163 0)
(-0.102741 0.163095 0)
(-0.102144 0.148791 0)
(-0.09966 0.132071 0)
(-0.096795 0.115582 0)
(-0.094507 0.100659 0)
(-0.0931464 0.0875701 0)
(-0.0926168 0.0759804 0)
(-0.0926306 0.0653775 0)
(-0.0929015 0.0553283 0)
(-0.0932234 0.0455545 0)
(-0.0934677 0.0359015 0)
(-0.0935614 0.0262897 0)
(-0.0934608 0.0166761 0)
(-0.0931376 0.00703415 0)
(-0.0925804 -0.00265792 0)
(-0.0917843 -0.0124246 0)
(-0.0907534 -0.0222928 0)
(-0.0894978 -0.0322869 0)
(-0.0880303 -0.0424266 0)
(-0.086368 -0.0527266 0)
(-0.0845301 -0.0631951 0)
(-0.082544 -0.0738364 0)
(-0.0804716 -0.0846801 0)
(-0.0784906 -0.0958954 0)
(-0.0771001 -0.108128 0)
(-0.0774763 -0.123207 0)
(-0.0816028 -0.144765 0)
(-0.0908068 -0.176522 0)
(-0.101749 -0.215643 0)
(-0.103923 -0.245047 0)
(-0.0860255 -0.235299 0)
(-0.0487103 -0.16285 0)
(-0.00879415 -0.0412046 0)
(-0.00776458 0.063591 0)
(-0.0238151 0.0949049 0)
(-0.0404996 0.122589 0)
(-0.0570432 0.149039 0)
(-0.0714133 0.169244 0)
(-0.0818699 0.178429 0)
(-0.0873749 0.175534 0)
(-0.0885705 0.163548 0)
(-0.0871856 0.146993 0)
(-0.0848869 0.129577 0)
(-0.082846 0.11346 0)
(-0.0816123 0.0993687 0)
(-0.0811973 0.0870902 0)
(-0.0813498 0.0760547 0)
(-0.0817859 0.0657267 0)
(-0.0822959 0.0557446 0)
(-0.0827517 0.0459083 0)
(-0.0830812 0.0361185 0)
(-0.0832445 0.0263274 0)
(-0.0832165 0.0165099 0)
(-0.0829815 0.00665017 0)
(-0.0825358 -0.00326638 0)
(-0.081879 -0.0132571 0)
(-0.0810175 -0.0233421 0)
(-0.0799605 -0.0335414 0)
(-0.0787173 -0.0438738 0)
(-0.0772987 -0.0543548 0)
(-0.0757121 -0.0649934 0)
(-0.0739618 -0.0757903 0)
(-0.0720562 -0.0867444 0)
(-0.0700406 -0.0978985 0)
(-0.0681031 -0.109521 0)
(-0.0668518 -0.122648 0)
(-0.0677907 -0.14014 0)
(-0.073253 -0.167071 0)
(-0.0835132 -0.206278 0)
(-0.0912652 -0.247212 0)
(-0.0830092 -0.259034 0)
(-0.0531295 -0.203466 0)
(-0.0139944 -0.0706658 0)
(-0.00681704 0.07826 0)
(-0.0217171 0.111277 0)
(-0.0366753 0.138321 0)
(-0.0510373 0.163064 0)
(-0.0629853 0.180254 0)
(-0.0709375 0.185169 0)
(-0.0744422 0.178049 0)
(-0.0746236 0.16314 0)
(-0.0731851 0.14526 0)
(-0.0714941 0.127781 0)
(-0.0703529 0.112291 0)
(-0.0699707 0.0989601 0)
(-0.0701776 0.0872547 0)
(-0.0707073 0.0765277 0)
(-0.0713438 0.0662966 0)
(-0.0719532 0.0562787 0)
(-0.0724617 0.0463315 0)
(-0.0728296 0.0363894 0)
(-0.0730351 0.0264223 0)
(-0.0730634 0.0164155 0)
(-0.0729067 0.00635985 0)
(-0.0725657 -0.00375412 0)
(-0.0720435 -0.0139391 0)
(-0.0713473 -0.024211 0)
(-0.0704849 -0.0345879 0)
(-0.069463 -0.0450894 0)
(-0.068288 -0.0557341 0)
(-0.0669602 -0.0665361 0)
(-0.0654732 -0.0775004 0)
(-0.0638147 -0.0886232 0)
(-0.0619777 -0.0999076 0)
(-0.0600081 -0.111448 0)
(-0.0581548 -0.123758 0)
(-0.0572723 -0.138693 0)
(-0.0594174 -0.160904 0)
(-0.0668718 -0.196601 0)
(-0.0764511 -0.243072 0)
(-0.0754759 -0.273475 0)
(-0.053702 -0.239179 0)
(-0.017886 -0.104093 0)
(-0.00559424 0.091253 0)
(-0.0188531 0.125842 0)
(-0.0317728 0.151961 0)
(-0.0438539 0.174789 0)
(-0.0535068 0.188951 0)
(-0.0594151 0.189987 0)
(-0.061606 0.179464 0)
(-0.0614092 0.162519 0)
(-0.0603043 0.143975 0)
(-0.0593202 0.126759 0)
(-0.0589304 0.1119 0)
(-0.0591251 0.0991418 0)
(-0.0596834 0.0877834 0)
(-0.0603895 0.0771921 0)
(-0.0610997 0.0669561 0)
(-0.0617349 0.0568541 0)
(-0.0622543 0.0467808 0)
(-0.062637 0.0366895 0)
(-0.0628716 0.0265606 0)
(-0.0629501 0.0163856 0)
(-0.0628692 0.0061596 0)
(-0.0626328 -0.0041229 0)
(-0.0622458 -0.0144717 0)
(-0.0617159 -0.0249004 0)
(-0.0610493 -0.0354264 0)
(-0.0602504 -0.0460718 0)
(-0.0593221 -0.0568599 0)
(-0.0582599 -0.0678116 0)
(-0.0570503 -0.0789404 0)
(-0.0556705 -0.090248 0)
(-0.0540933 -0.10173 0)
(-0.0523082 -0.113412 0)
(-0.0503924 -0.125533 0)
(-0.048746 -0.139186 0)
(-0.048727 -0.15791 0)
(-0.05302 -0.188862 0)
(-0.0617929 -0.235968 0)
(-0.065311 -0.280177 0)
(-0.0511171 -0.268454 0)
(-0.0200229 -0.138902 0)
(-0.0042059 0.102124 0)
(-0.0154857 0.138259 0)
(-0.0262053 0.163398 0)
(-0.0360092 0.184286 0)
(-0.0435794 0.19565 0)
(-0.047883 0.193423 0)
(-0.0492864 0.180318 0)
(-0.0490859 0.162043 0)
(-0.0484511 0.143248 0)
(-0.0480923 0.1264 0)
(-0.048236 0.112052 0)
(-0.048768 0.0996666 0)
(-0.0494896 0.0884857 0)
(-0.0502494 0.0779242 0)
(-0.0509604 0.0676318 0)
(-0.0515793 0.0574289 0)
(-0.0520852 0.0472321 0)
(-0.0524685 0.0370057 0)
(-0.052725 0.0267359 0)
(-0.0528511 0.0164182 0)
(-0.0528467 0.00605034 0)
(-0.0527172 -0.0043705 0)
(-0.0524689 -0.0148521 0)
(-0.0521095 -0.0254071 0)
(-0.0516436 -0.0360536 0)
(-0.0510737 -0.0468165 0)
(-0.0504004 -0.0577252 0)
(-0.0496151 -0.068809 0)
(-0.0486993 -0.0800911 0)
(-0.0476233 -0.091582 0)
(-0.046349 -0.103279 0)
(-0.0448419 -0.115186 0)
(-0.0431049 -0.127411 0)
(-0.0412976 -0.140577 0)
(-0.0401871 -0.157144 0)
(-0.0420049 -0.183726 0)
(-0.0487775 -0.228468 0)
(-0.0542807 -0.281399 0)
(-0.0464422 -0.290738 0)
(-0.0205656 -0.17313 0)
(-0.00273626 0.110603 0)
(-0.0118286 0.148346 0)
(-0.0202817 0.172601 0)
(-0.0278844 0.191692 0)
(-0.0336042 0.200674 0)
(-0.0366675 0.195898 0)
(-0.0376357 0.18095 0)
(-0.0376092 0.16186 0)
(-0.0374331 0.143033 0)
(-0.0375487 0.126525 0)
(-0.038023 0.112531 0)
(-0.0387162 0.100356 0)
(-0.0394793 0.0892396 0)
(-0.0402176 0.0786492 0)
(-0.0408842 0.0682794 0)
(-0.0414589 0.0579766 0)
(-0.0419339 0.0476698 0)
(-0.0423074 0.0373293 0)
(-0.0425803 0.0269445 0)
(-0.0427523 0.016513 0)
(-0.0428254 0.00603441 0)
(-0.0428062 -0.00449289 0)
(-0.0427013 -0.0150752 0)
(-0.0425184 -0.0257252 0)
(-0.0422605 -0.0364622 0)
(-0.0419285 -0.0473148 0)
(-0.0415209 -0.0583189 0)
(-0.0410264 -0.0695134 0)
(-0.0404228 -0.0809327 0)
(-0.0396753 -0.0925982 0)
(-0.038739 -0.104513 0)
(-0.0375678 -0.116672 0)
(-0.036134 -0.129124 0)
(-0.0344877 -0.142229 0)
(-0.0330264 -0.157641 0)
(-0.0332866 -0.180848 0)
(-0.0379464 -0.221938 0)
(-0.0437022 -0.279383 0)
(-0.0407901 -0.306383 0)
(-0.0198189 -0.205309 0)
(-0.00125298 0.11656 0)
(-0.00803998 0.15603 0)
(-0.0142289 0.179584 0)
(-0.0197501 0.197191 0)
(-0.0237823 0.204294 0)
(-0.0258969 0.197693 0)
(-0.0266399 0.18153 0)
(-0.026842 0.161988 0)
(-0.0270452 0.143221 0)
(-0.0274814 0.126965 0)
(-0.0281292 0.113178 0)
(-0.028865 0.10109 0)
(-0.0295922 0.0899676 0)
(-0.0302608 0.079319 0)
(-0.0308519 0.0688685 0)
(-0.0313616 0.0584774 0)
(-0.0317916 0.0480811 0)
(-0.032146 0.0376525 0)
(-0.0324298 0.0271823 0)
(-0.0326452 0.0166692 0)
(-0.0327961 0.00611332 0)
(-0.0328901 -0.0044863 0)
(-0.0329337 -0.0151356 0)
(-0.0329341 -0.0258475 0)
(-0.0328932 -0.0366434 0)
(-0.0328098 -0.0475557 0)
(-0.0326807 -0.0586273 0)
(-0.0324927 -0.0699071 0)
(-0.0322211 -0.0814417 0)
(-0.0318279 -0.0932643 0)
(-0.0312634 -0.105386 0)
(-0.0304738 -0.117798 0)
(-0.0294152 -0.130517 0)
(-0.0280893 -0.143763 0)
(-0.0267219 -0.158657 0)
(-0.0262172 -0.179526 0)
(-0.0292492 -0.216803 0)
(-0.0343826 -0.275932 0)
(-0.0349239 -0.316328 0)
(-0.0180853 -0.234562 0)
(0.000200816 0.119959 0)
(-0.00421522 0.161283 0)
(-0.00818372 0.184468 0)
(-0.0117414 0.200866 0)
(-0.0142216 0.206672 0)
(-0.0155841 0.19903 0)
(-0.0161965 0.18216 0)
(-0.0166123 0.162397 0)
(-0.0171 0.143696 0)
(-0.0177345 0.127579 0)
(-0.0184496 0.113875 0)
(-0.0191534 0.10179 0)
(-0.0197964 0.0906183 0)
(-0.0203629 0.0799001 0)
(-0.0208557 0.0693763 0)
(-0.0212833 0.0589153 0)
(-0.0216554 0.0484547 0)
(-0.0219811 0.0379677 0)
(-0.0222695 0.0274451 0)
(-0.022525 0.0168852 0)
(-0.0227527 0.00628815 0)
(-0.0229615 -0.00434725 0)
(-0.0231576 -0.0150273 0)
(-0.0233482 -0.0257659 0)
(-0.0235335 -0.0365871 0)
(-0.02371 -0.0475273 0)
(-0.0238728 -0.0586362 0)
(-0.0240074 -0.0699729 0)
(-0.0240875 -0.0815966 0)
(-0.0240732 -0.0935539 0)
(-0.0239121 -0.105865 0)
(-0.0235456 -0.11852 0)
(-0.0229217 -0.131513 0)
(-0.0220157 -0.14498 0)
(-0.0210142 -0.159708 0)
(-0.020308 -0.179055 0)
(-0.0223608 -0.212858 0)
(-0.0266738 -0.272182 0)
(-0.0292695 -0.321713 0)
(-0.0156189 -0.2606 0)
(0.00159805 0.120787 0)
(-0.000413293 0.164153 0)
(-0.00220391 0.187309 0)
(-0.003914 0.202864 0)
(-0.00499162 0.207998 0)
(-0.00566114 0.199943 0)
(-0.00616279 0.182827 0)
(-0.00674586 0.163021 0)
(-0.00743967 0.144366 0)
(-0.00819287 0.128284 0)
(-0.00891348 0.114558 0)
(-0.00954341 0.10241 0)
(-0.010073 0.0911619 0)
(-0.0105158 0.0803711 0)
(-0.0108925 0.0697865 0)
(-0.0112233 0.0592778 0)
(-0.0115252 0.0487814 0)
(-0.0118125 0.0382689 0)
(-0.0120982 0.0277297 0)
(-0.012389 0.0171612 0)
(-0.0126913 0.0065622 0)
(-0.0130148 -0.00406986 0)
(-0.0133661 -0.0147423 0)
(-0.0137522 -0.0254706 0)
(-0.0141716 -0.0362816 0)
(-0.0146181 -0.0472157 0)
(-0.0150855 -0.0583293 0)
(-0.015558 -0.0696913 0)
(-0.0160081 -0.0813736 0)
(-0.0163955 -0.0934362 0)
(-0.0166664 -0.105909 0)
(-0.0167604 -0.118786 0)
(-0.0166226 -0.132038 0)
(-0.0162018 -0.145737 0)
(-0.0157133 -0.160438 0)
(-0.0151703 -0.178831 0)
(-0.0168814 -0.209766 0)
(-0.0205632 -0.268601 0)
(-0.0241529 -0.324065 0)
(-0.0127913 -0.283096 0)
(0.00294875 0.11907 0)
(0.00335055 0.164681 0)
(0.00366477 0.188213 0)
(0.00368242 0.203329 0)
(0.00393143 0.208295 0)
(0.00397192 0.200457 0)
(0.00360502 0.183479 0)
(0.00290494 0.16379 0)
(0.00206219 0.145171 0)
(0.0012343 0.12903 0)
(0.000536657 0.115194 0)
(-1.01699e-06 0.102929 0)
(-0.000403378 0.0915803 0)
(-0.000709846 0.0807162 0)
(-0.00095838 0.0700849 0)
(-0.00118044 0.0595522 0)
(-0.00140106 0.0490502 0)
(-0.00164011 0.0385471 0)
(-0.00191479 0.0280295 0)
(-0.00223479 0.0174927 0)
(-0.00260758 0.00693327 0)
(-0.00304411 -0.00365345 0)
(-0.00355136 -0.0142768 0)
(-0.00413579 -0.0249545 0)
(-0.00479445 -0.035717 0)
(-0.0055189 -0.0466089 0)
(-0.0063014 -0.0576929 0)
(-0.00712457 -0.0690469 0)
(-0.00796086 -0.0807544 0)
(-0.00877012 -0.0928886 0)
(-0.00949936 -0.105491 0)
(-0.0100882 -0.118557 0)
(-0.0104844 -0.132043 0)
(-0.0106101 -0.145964 0)
(-0.0107266 -0.160697 0)
(-0.0105381 -0.178436 0)
(-0.0124108 -0.207084 0)
(-0.0157359 -0.265071 0)
(-0.0198996 -0.325462 0)
(-0.010167 -0.301244 0)
(0.00425698 0.114885 0)
(0.00707814 0.162883 0)
(0.00941366 0.187283 0)
(0.0110403 0.202328 0)
(0.0125927 0.207532 0)
(0.0133818 0.200528 0)
(0.0132393 0.184119 0)
(0.0124663 0.164663 0)
(0.0115068 0.146065 0)
(0.0106225 0.129789 0)
(0.00995308 0.115767 0)
(0.00950756 0.103334 0)
(0.00923295 0.0918638 0)
(0.00906651 0.080925 0)
(0.00895293 0.0702601 0)
(0.00884838 0.0597265 0)
(0.00871881 0.0492495 0)
(0.0085379 0.0387914 0)
(0.00828363 0.0283347 0)
(0.00794267 0.0178714 0)
(0.00750558 0.00739475 0)
(0.00696011 -0.00310285 0)
(0.00629904 -0.0136335 0)
(0.00551701 -0.0242178 0)
(0.00461738 -0.0348902 0)
(0.00361008 -0.0457002 0)
(0.00250547 -0.0567168 0)
(0.00132236 -0.0680263 0)
(8.75271e-05 -0.0797227 0)
(-0.00115958 -0.0918904 0)
(-0.00236909 -0.104582 0)
(-0.00348284 -0.117795 0)
(-0.00445279 -0.131478 0)
(-0.0051812 -0.145595 0)
(-0.00597267 -0.160384 0)
(-0.00624324 -0.177632 0)
(-0.00863241 -0.204427 0)
(-0.0117706 -0.261238 0)
(-0.0166205 -0.326421 0)
(-0.00814164 -0.315914 0)
(0.00550291 0.108146 0)
(0.0107479 0.158886 0)
(0.0150147 0.184599 0)
(0.0181729 0.199908 0)
(0.0209854 0.205755 0)
(0.0226132 0.200004 0)
(0.0228314 0.184664 0)
(0.0220573 0.165631 0)
(0.0209963 0.147043 0)
(0.0200502 0.130562 0)
(0.0193912 0.11628 0)
(0.0190202 0.10363 0)
(0.0188617 0.0920123 0)
(0.0188303 0.0809935 0)
(0.0188526 0.0703049 0)
(0.0188707 0.0597914 0)
(0.0188401 0.0493683 0)
(0.0187269 0.0389905 0)
(0.0185034 0.0286342 0)
(0.0181516 0.0182869 0)
(0.0176591 0.00793807 0)
(0.0170124 -0.00242422 0)
(0.0162034 -0.0128164 0)
(0.015228 -0.023263 0)
(0.0140893 -0.0338022 0)
(0.0127988 -0.0444883 0)
(0.01137 -0.0553964 0)
(0.00982169 -0.0666204 0)
(0.00818053 -0.0782639 0)
(0.0064837 -0.0904223 0)
(0.00477569 -0.103157 0)
(0.00311139 -0.116469 0)
(0.00153242 -0.130298 0)
(0.000148013 -0.144571 0)
(-0.00137895 -0.159416 0)
(-0.0021828 -0.176255 0)
(-0.00535688 -0.201546 0)
(-0.00835054 -0.256917 0)
(-0.0142065 -0.326994 0)
(-0.00669917 -0.327923 0)
(0.00657801 0.0989922 0)
(0.0142467 0.152698 0)
(0.0204101 0.180206 0)
(0.0250514 0.19614 0)
(0.0290702 0.202938 0)
(0.0316635 0.19879 0)
(0.0324123 0.18495 0)
(0.0317669 0.166623 0)
(0.03064 0.148106 0)
(0.0296129 0.131377 0)
(0.0289254 0.116765 0)
(0.0285917 0.103839 0)
(0.0285224 0.0920381 0)
(0.0286103 0.0809258 0)
(0.0287619 0.0702166 0)
(0.0289032 0.0597395 0)
(0.0289771 0.0493965 0)
(0.0289402 0.0391322 0)
(0.0287581 0.028915 0)
(0.0284067 0.0187261 0)
(0.0278702 0.00854997 0)
(0.0271334 -0.00163014 0)
(0.0261872 -0.0118361 0)
(0.0250276 -0.0220973 0)
(0.0236572 -0.0324568 0)
(0.0220888 -0.0429753 0)
(0.020338 -0.0537331 0)
(0.0184243 -0.0648292 0)
(0.0163744 -0.0763742 0)
(0.0142201 -0.0884726 0)
(0.0120002 -0.101195 0)
(0.0097642 -0.114548 0)
(0.00754625 -0.128462 0)
(0.00545747 -0.142839 0)
(0.00313945 -0.157717 0)
(0.00171825 -0.174182 0)
(-0.00245051 -0.198221 0)
(-0.00527403 -0.252012 0)
(-0.0125325 -0.326978 0)
(-0.00562805 -0.338045 0)
(0.00730634 0.087721 0)
(0.017386 0.144253 0)
(0.025489 0.174148 0)
(0.031594 0.191099 0)
(0.0367929 0.198997 0)
(0.0404597 0.196729 0)
(0.0419524 0.184801 0)
(0.041628 0.167529 0)
(0.04052 0.149232 0)
(0.0394081 0.132264 0)
(0.0386482 0.117271 0)
(0.0383005 0.104005 0)
(0.0382786 0.0919736 0)
(0.0384576 0.080741 0)
(0.0387228 0.0700043 0)
(0.0389812 0.0595723 0)
(0.0391607 0.0493301 0)
(0.0392064 0.0392094 0)
(0.0390752 0.0291682 0)
(0.0387363 0.0191795 0)
(0.0381693 0.0092209 0)
(0.0373566 -0.000730648 0)
(0.0362878 -0.0107023 0)
(0.0349581 -0.0207297 0)
(0.0333692 -0.0308624 0)
(0.0315351 -0.0411671 0)
(0.0294718 -0.0517296 0)
(0.0271989 -0.0626539 0)
(0.0247407 -0.0740534 0)
(0.0221248 -0.0860384 0)
(0.0193834 -0.0986867 0)
(0.0165562 -0.112009 0)
(0.0136695 -0.125934 0)
(0.0108327 -0.140349 0)
(0.00768426 -0.155215 0)
(0.00552113 -0.171345 0)
(0.000197641 -0.19426 0)
(-0.00244611 -0.246672 0)
(-0.0113191 -0.325924 0)
(-0.00483877 -0.346914 0)
(0.00755178 0.074851 0)
(0.0198959 0.133452 0)
(0.0300451 0.166382 0)
(0.0376694 0.184779 0)
(0.0440476 0.193908 0)
(0.0488688 0.193654 0)
(0.0513409 0.183987 0)
(0.0515993 0.168184 0)
(0.0506736 0.150369 0)
(0.0495218 0.133244 0)
(0.0486639 0.117846 0)
(0.0482501 0.104181 0)
(0.0482237 0.0918596 0)
(0.0484538 0.0804668 0)
(0.0488061 0.0696836 0)
(0.0491673 0.059296 0)
(0.0494476 0.0491688 0)
(0.0495781 0.0392167 0)
(0.0495055 0.0293849 0)
(0.0491907 0.0196357 0)
(0.0486076 0.00993799 0)
(0.0477363 0.000260874 0)
(0.0465635 -0.00942919 0)
(0.0450827 -0.0191749 0)
(0.0432942 -0.0290329 0)
(0.0412122 -0.039076 0)
(0.0388523 -0.0493943 0)
(0.0362316 -0.0600954 0)
(0.0333706 -0.0712969 0)
(0.0302913 -0.0831109 0)
(0.0270157 -0.0956166 0)
(0.0235746 -0.108829 0)
(0.0199843 -0.122679 0)
(0.0163516 -0.137046 0)
(0.0123114 -0.151848 0)
(0.0093236 -0.167663 0)
(0.00271501 -0.189556 0)
(0.000200586 -0.240791 0)
(-0.0104641 -0.32378 0)
(-0.00417481 -0.354877 0)
(0.00723375 0.0610419 0)
(0.0214877 0.120483 0)
(0.0337431 0.156677 0)
(0.0430598 0.177098 0)
(0.0506726 0.187649 0)
(0.056704 0.189418 0)
(0.060377 0.182236 0)
(0.0615409 0.168332 0)
(0.0610628 0.151372 0)
(0.060008 0.134283 0)
(0.0590809 0.118523 0)
(0.0585703 0.104418 0)
(0.0584888 0.0917464 0)
(0.0587219 0.0801412 0)
(0.0591247 0.0692791 0)
(0.0595644 0.0589237 0)
(0.0599326 0.0489157 0)
(0.0601444 0.03915 0)
(0.0601343 0.029555 0)
(0.0598535 0.02008 0)
(0.0592695 0.0106831 0)
(0.0583577 0.00132373 0)
(0.0571018 -0.00803919 0)
(0.0554931 -0.0174559 0)
(0.053529 -0.0269908 0)
(0.0512215 -0.0367226 0)
(0.0485844 -0.0467449 0)
(0.0456309 -0.0571668 0)
(0.0423753 -0.0681064 0)
(0.0388293 -0.0796765 0)
(0.0350044 -0.0919589 0)
(0.0309207 -0.104976 0)
(0.0265834 -0.118653 0)
(0.0221003 -0.132872 0)
(0.0170976 -0.147532 0)
(0.0131808 -0.163006 0)
(0.00516558 -0.184014 0)
(0.00277123 -0.234332 0)
(-0.00987855 -0.320494 0)
(-0.00355397 -0.362191 0)
(0.00634933 0.047087 0)
(0.0219178 0.105596 0)
(0.0362298 0.1449 0)
(0.0474423 0.167925 0)
(0.0564206 0.180167 0)
(0.0637109 0.183896 0)
(0.0687648 0.179261 0)
(0.0711851 0.167629 0)
(0.0715304 0.151981 0)
(0.0708416 0.135254 0)
(0.0699776 0.119276 0)
(0.0694006 0.104749 0)
(0.0692394 0.0916832 0)
(0.0694321 0.0798107 0)
(0.0698431 0.0688262 0)
(0.0703286 0.0584782 0)
(0.070763 0.0485828 0)
(0.0710449 0.0390114 0)
(0.0710956 0.0296732 0)
(0.0708549 0.0205009 0)
(0.0702827 0.0114391 0)
(0.0693483 0.00243652 0)
(0.0680311 -0.00655618 0)
(0.066319 -0.0155979 0)
(0.0642071 -0.024761 0)
(0.0616986 -0.0341292 0)
(0.0588053 -0.043799 0)
(0.0555335 -0.0538796 0)
(0.0518881 -0.0644865 0)
(0.0478688 -0.0757297 0)
(0.0434753 -0.0876924 0)
(0.0387122 -0.100405 0)
(0.0335708 -0.113796 0)
(0.0281648 -0.127759 0)
(0.0221126 -0.142173 0)
(0.0171431 -0.157261 0)
(0.00758654 -0.177506 0)
(0.00534288 -0.227176 0)
(-0.00951565 -0.316102 0)
(-0.00290441 -0.36904 0)
(0.00499239 0.0338136 0)
(0.0211148 0.0893276 0)
(0.0371421 0.130992 0)
(0.0504034 0.157004 0)
(0.0609655 0.171356 0)
(0.0695982 0.177013 0)
(0.0761487 0.174818 0)
(0.0801391 0.165678 0)
(0.0817588 0.151803 0)
(0.0818531 0.135884 0)
(0.0813403 0.119974 0)
(0.0808451 0.105144 0)
(0.0806506 0.0916936 0)
(0.0807931 0.0795167 0)
(0.0811805 0.0683657 0)
(0.0816774 0.0579913 0)
(0.08215 0.0481908 0)
(0.0824833 0.0388116 0)
(0.0825854 0.0297405 0)
(0.0823848 0.0208916 0)
(0.0818315 0.0121924 0)
(0.0808887 0.00358041 0)
(0.079529 -0.00500299 0)
(0.0777363 -0.013627 0)
(0.0755015 -0.0223699 0)
(0.0728156 -0.0313192 0)
(0.0696845 -0.0405739 0)
(0.0661043 -0.0502412 0)
(0.0620669 -0.0604315 0)
(0.057557 -0.0712509 0)
(0.0525613 -0.0827823 0)
(0.0470659 -0.0950647 0)
(0.0410456 -0.108035 0)
(0.0346299 -0.121611 0)
(0.0274186 -0.135662 0)
(0.0212524 -0.150304 0)
(0.0100183 -0.169926 0)
(0.00795028 -0.219156 0)
(-0.00937371 -0.310614 0)
(-0.00214783 -0.375534 0)
(0.00339144 0.0219906 0)
(0.0190771 0.0724128 0)
(0.0362479 0.115182 0)
(0.0514876 0.144179 0)
(0.0638397 0.160986 0)
(0.0739674 0.168656 0)
(0.0821125 0.168724 0)
(0.0879147 0.162097 0)
(0.0912632 0.150353 0)
(0.092674 0.135737 0)
(0.0929757 0.12032 0)
(0.0928855 0.105447 0)
(0.0928394 0.0917265 0)
(0.0930084 0.0792658 0)
(0.0933869 0.0679269 0)
(0.0938809 0.0574962 0)
(0.0943681 0.0477674 0)
(0.0947312 0.0385691 0)
(0.094869 0.0297663 0)
(0.0947008 0.0212519 0)
(0.094166 0.0129357 0)
(0.093221 0.00474281 0)
(0.0918306 -0.00339776 0)
(0.0899722 -0.0115643 0)
(0.0876297 -0.0198383 0)
(0.0847816 -0.0283103 0)
(0.0814204 -0.0370797 0)
(0.0775284 -0.0462495 0)
(0.0730815 -0.0559233 0)
(0.0680465 -0.066204 0)
(0.0623964 -0.0771731 0)
(0.0560929 -0.0888788 0)
(0.0490959 -0.101277 0)
(0.0415638 -0.114323 0)
(0.0330691 -0.12787 0)
(0.0255539 -0.14201 0)
(0.0125159 -0.161213 0)
(0.010627 -0.2103 0)
(-0.00942775 -0.303819 0)
(-0.00117961 -0.381697 0)
(0.00173577 0.0121708 0)
(0.0159369 0.0558453 0)
(0.0334685 0.0979302 0)
(0.0503324 0.129461 0)
(0.0645581 0.14892 0)
(0.0763302 0.15869 0)
(0.0861769 0.160841 0)
(0.0939509 0.156565 0)
(0.0994063 0.147118 0)
(0.102704 0.134245 0)
(0.104427 0.119822 0)
(0.105262 0.105316 0)
(0.10574 0.0915848 0)
(0.106169 0.0789699 0)
(0.106662 0.0674882 0)
(0.107204 0.0570037 0)
(0.107718 0.0473349 0)
(0.108104 0.0383064 0)
(0.108265 0.0297672 0)
(0.108117 0.0215916 0)
(0.107592 0.0136729 0)
(0.106641 0.0059209 0)
(0.105218 -0.00174802 0)
(0.103293 -0.00941817 0)
(0.10084 -0.0171734 0)
(0.0978267 -0.0251042 0)
(0.0942202 -0.0333078 0)
(0.0899888 -0.0418818 0)
(0.0850918 -0.0509238 0)
(0.0794747 -0.060534 0)
(0.0730942 -0.0707893 0)
(0.065881 -0.0817463 0)
(0.0577957 -0.0934008 0)
(0.0490243 -0.105762 0)
(0.0390951 -0.118647 0)
(0.0300454 -0.132247 0)
(0.0150638 -0.151381 0)
(0.0135753 -0.200784 0)
(-0.00954736 -0.295672 0)
(7.83565e-05 -0.387612 0)
(0.000838788 0.00554075 0)
(0.012085 0.0402631 0)
(0.0290534 0.0801484 0)
(0.0467106 0.113044 0)
(0.0625833 0.135053 0)
(0.076135 0.146972 0)
(0.0877968 0.151053 0)
(0.0976594 0.148867 0)
(0.105479 0.141653 0)
(0.11116 0.130798 0)
(0.114956 0.117847 0)
(0.117378 0.104206 0)
(0.118955 0.0908685 0)
(0.120081 0.0783726 0)
(0.120987 0.0669067 0)
(0.121763 0.0564479 0)
(0.122406 0.0468731 0)
(0.122864 0.0380265 0)
(0.123065 0.0297569 0)
(0.122937 0.0219277 0)
(0.122415 0.0144188 0)
(0.121442 0.00712818 0)
(0.119968 -3.97143e-05 0)
(0.117952 -0.00717266 0)
(0.115357 -0.0143557 0)
(0.11214 -0.0216746 0)
(0.108244 -0.0292221 0)
(0.103618 -0.0370912 0)
(0.0982043 -0.0453745 0)
(0.0919254 -0.0541629 0)
(0.0847156 -0.063527 0)
(0.0764818 -0.073547 0)
(0.0672068 -0.0842763 0)
(0.0570521 -0.0957603 0)
(0.0455032 -0.107801 0)
(0.0347133 -0.120848 0)
(0.017735 -0.140396 0)
(0.0169554 -0.190613 0)
(-0.00969013 -0.286266 0)
(0.00171758 -0.393474 0)
(0.000661874 0.000700961 0)
(0.00832006 0.0267066 0)
(0.023427 0.063135 0)
(0.0405953 0.0957295 0)
(0.057511 0.119467 0)
(0.0727914 0.133408 0)
(0.0863664 0.139234 0)
(0.0984213 0.13885 0)
(0.108755 0.13364 0)
(0.117149 0.124838 0)
(0.12358 0.113697 0)
(0.128281 0.101417 0)
(0.131653 0.0889719 0)
(0.134095 0.0770079 0)
(0.135908 0.0658576 0)
(0.137281 0.0556216 0)
(0.138304 0.0462609 0)
(0.138995 0.0376673 0)
(0.139331 0.0297106 0)
(0.13927 0.0222591 0)
(0.138765 0.0151892 0)
(0.137762 0.00839077 0)
(0.13621 0.00176337 0)
(0.13406 -0.00478173 0)
(0.131265 -0.011329 0)
(0.127772 -0.0179595 0)
(0.123517 -0.0247555 0)
(0.118419 -0.0318033 0)
(0.112405 -0.0391854 0)
(0.105371 -0.0469832 0)
(0.0972434 -0.0552792 0)
(0.0879166 -0.064183 0)
(0.0773688 -0.07379 0)
(0.0656854 -0.0841491 0)
(0.0523496 -0.0951559 0)
(0.0396594 -0.107675 0)
(0.020836 -0.128136 0)
(0.0208712 -0.179668 0)
(-0.0099584 -0.275394 0)
(0.00383201 -0.398989 0)
(0.000591582 -0.00313992 0)
(0.00505055 0.0163687 0)
(0.0169022 0.0482855 0)
(0.0321787 0.0787944 0)
(0.0490715 0.102702 0)
(0.0657473 0.118003 0)
(0.0813186 0.125311 0)
(0.0956509 0.126426 0)
(0.108599 0.12293 0)
(0.119852 0.116035 0)
(0.129233 0.106815 0)
(0.136746 0.0962485 0)
(0.142575 0.0851737 0)
(0.147015 0.0742267 0)
(0.150364 0.0638111 0)
(0.152862 0.0541247 0)
(0.154677 0.0452178 0)
(0.155904 0.0370459 0)
(0.156584 0.0295176 0)
(0.156726 0.0225269 0)
(0.156314 0.0159633 0)
(0.155312 0.0097193 0)
(0.15368 0.00369666 0)
(0.151367 -0.00219146 0)
(0.148323 -0.00802443 0)
(0.144488 -0.0138774 0)
(0.139794 -0.01982 0)
(0.134154 -0.0259254 0)
(0.127474 -0.0322697 0)
(0.119642 -0.0389299 0)
(0.110572 -0.0460037 0)
(0.100141 -0.0536053 0)
(0.0882817 -0.0618663 0)
(0.0750265 -0.0708372 0)
(0.0599038 -0.0806866 0)
(0.045436 -0.0928544 0)
(0.0252212 -0.114678 0)
(0.0258442 -0.167811 0)
(-0.0100522 -0.262088 0)
(0.0068079 -0.402647 0)
(0.000263871 -0.00566359 0)
(0.00164571 0.00982873 0)
(0.00903609 0.0366611 0)
(0.0215267 0.0634514 0)
(0.0372915 0.0856509 0)
(0.0546665 0.100948 0)
(0.0721231 0.109168 0)
(0.0888359 0.111491 0)
(0.104438 0.109437 0)
(0.118602 0.104252 0)
(0.131024 0.0969053 0)
(0.141571 0.0882107 0)
(0.150262 0.0788462 0)
(0.157238 0.0693626 0)
(0.162714 0.0601444 0)
(0.166914 0.051426 0)
(0.170036 0.0433178 0)
(0.172227 0.0358393 0)
(0.173588 0.0289507 0)
(0.17418 0.0225804 0)
(0.174035 0.0166447 0)
(0.173149 0.0110584 0)
(0.171502 0.00573564 0)
(0.169061 0.000596731 0)
(0.165782 -0.00442789 0)
(0.161607 -0.00940259 0)
(0.156474 -0.0143887 0)
(0.1503 -0.0194449 0)
(0.142994 -0.0246316 0)
(0.134433 -0.0300195 0)
(0.124507 -0.0357098 0)
(0.113084 -0.041808 0)
(0.100028 -0.0484906 0)
(0.0854158 -0.0559101 0)
(0.0689106 -0.0647213 0)
(0.0533693 -0.0770847 0)
(0.0325065 -0.100909 0)
(0.0337744 -0.155599 0)
(-0.0080211 -0.245441 0)
(0.0118431 -0.402899 0)
(-0.00165086 -0.00352128 0)
(-0.00376047 0.00934541 0)
(-0.00114631 0.0296726 0)
(0.00804343 0.051012 0)
(0.0222289 0.0693267 0)
(0.039624 0.0828491 0)
(0.0586026 0.0908709 0)
(0.0776823 0.0939221 0)
(0.095967 0.093076 0)
(0.112947 0.089415 0)
(0.1283 0.0838288 0)
(0.141807 0.0770138 0)
(0.153384 0.0695303 0)
(0.163071 0.0618118 0)
(0.170994 0.054183 0)
(0.177309 0.0468631 0)
(0.182186 0.0399755 0)
(0.185784 0.0335703 0)
(0.188228 0.0276443 0)
(0.189625 0.022164 0)
(0.190042 0.0170777 0)
(0.189516 0.0123276 0)
(0.18806 0.00785127 0)
(0.185674 0.00358682 0)
(0.182334 -0.000524509 0)
(0.178002 -0.00453323 0)
(0.172625 -0.00848413 0)
(0.166135 -0.0124231 0)
(0.158448 -0.0163935 0)
(0.149465 -0.0204397 0)
(0.139049 -0.0246361 0)
(0.127056 -0.0290877 0)
(0.113335 -0.0340518 0)
(0.0981533 -0.0399805 0)
(0.0812494 -0.048069 0)
(0.0657571 -0.0613635 0)
(0.0451918 -0.0881532 0)
(0.0482443 -0.143576 0)
(-0.0011137 -0.226639 0)
(0.0206503 -0.402005 0)
(-0.00687595 -0.00498857 0)
(-0.0170681 0.00603219 0)
(-0.0166414 0.023469 0)
(-0.00977133 0.0399647 0)
(0.00341807 0.0537794 0)
(0.021176 0.0640098 0)
(0.0414041 0.0706604 0)
(0.062631 0.073741 0)
(0.0835525 0.0738721 0)
(0.103277 0.0716843 0)
(0.121329 0.0678582 0)
(0.137492 0.0629535 0)
(0.151668 0.0574234 0)
(0.163845 0.0516082 0)
(0.174091 0.0457746 0)
(0.182526 0.0401072 0)
(0.189285 0.0347234 0)
(0.194508 0.0296825 0)
(0.198336 0.025001 0)
(0.200871 0.0206646 0)
(0.202202 0.0166478 0)
(0.202398 0.0129179 0)
(0.201509 0.0094368 0)
(0.199562 0.00616378 0)
(0.19657 0.00305899 0)
(0.192529 8.94008e-05 0)
(0.187406 -0.0027778 0)
(0.181179 -0.00555686 0)
(0.173818 -0.00828344 0)
(0.165261 -0.0109871 0)
(0.155412 -0.0137055 0)
(0.144202 -0.016561 0)
(0.131557 -0.0199002 0)
(0.117623 -0.0244038 0)
(0.101889 -0.0317843 0)
(0.0877672 -0.0460284 0)
(0.0680566 -0.0750412 0)
(0.0731734 -0.127871 0)
(0.00808419 -0.205537 0)
(0.0345216 -0.40404 0)
(-0.0138508 0.0273144 0)
(-0.0294242 0.0320459 0)
(-0.0342353 0.0338883 0)
(-0.0302798 0.0370085 0)
(-0.0183805 0.0417741 0)
(-0.000670633 0.0467441 0)
(0.0209498 0.0507416 0)
(0.0440037 0.053113 0)
(0.0672141 0.0537682 0)
(0.0894939 0.0528855 0)
(0.110122 0.0507485 0)
(0.128787 0.0477105 0)
(0.145373 0.0441051 0)
(0.159862 0.0402096 0)
(0.172304 0.0362269 0)
(0.182802 0.032308 0)
(0.191492 0.0285399 0)
(0.19852 0.0249836 0)
(0.204011 0.0216779 0)
(0.208082 0.0186358 0)
(0.210849 0.0158481 0)
(0.212411 0.0132929 0)
(0.212847 0.010943 0)
(0.212222 0.00877193 0)
(0.210585 0.00675404 0)
(0.207972 0.00486651 0)
(0.204409 0.00308716 0)
(0.199919 0.00140729 0)
(0.194496 -0.000198986 0)
(0.188203 -0.00176936 0)
(0.181109 -0.0034261 0)
(0.17325 -0.00529005 0)
(0.16465 -0.00768779 0)
(0.155327 -0.0112949 0)
(0.144929 -0.0177564 0)
(0.133778 -0.0304351 0)
(0.113468 -0.0550964 0)
(0.112785 -0.097139 0)
(0.0116851 -0.172458 0)
(0.060633 -0.393809 0)
(-0.0191317 0.0137834 0)
(-0.0404587 0.000343779 0)
(-0.0381394 0.00299362 0)
(-0.0285607 0.0089535 0)
(-0.0142706 0.0137625 0)
(0.00393793 0.0176712 0)
(0.0251464 0.0212447 0)
(0.0475798 0.0242824 0)
(0.0705643 0.0263721 0)
(0.0932834 0.0274439 0)
(0.11506 0.0275427 0)
(0.135446 0.0268336 0)
(0.15418 0.0255425 0)
(0.171129 0.0238859 0)
(0.186263 0.022035 0)
(0.199622 0.0201132 0)
(0.211291 0.0182167 0)
(0.221374 0.0163983 0)
(0.229999 0.014682 0)
(0.237301 0.0130794 0)
(0.243402 0.0115916 0)
(0.248416 0.0102131 0)
(0.252441 0.00893672 0)
(0.255565 0.00775253 0)
(0.257862 0.00665137 0)
(0.259401 0.00562197 0)
(0.26024 0.00465726 0)
(0.260433 0.00373549 0)
(0.260008 0.00283968 0)
(0.25899 0.00193153 0)
(0.257336 0.000922546 0)
(0.255009 -0.000303668 0)
(0.251846 -0.0018791 0)
(0.247567 -0.00425283 0)
(0.240878 -0.00806575 0)
(0.230959 -0.0145863 0)
(0.207044 -0.0253707 0)
(0.187086 -0.0456135 0)
(0.0357716 -0.107953 0)
(0.143255 -0.316134 0)
(0.0535007 0.116121 0)
(0.0770761 0.0931169 0)
(0.102204 0.0570579 0)
(0.1237 0.0339763 0)
(0.13952 0.0212912 0)
(0.153092 0.0143622 0)
(0.167226 0.0105877 0)
(0.182785 0.00863275 0)
(0.199703 0.00776635 0)
(0.217509 0.00750549 0)
(0.235654 0.00751199 0)
(0.253648 0.00757857 0)
(0.271091 0.00759838 0)
(0.287685 0.00752917 0)
(0.303236 0.007365 0)
(0.317641 0.00711688 0)
(0.330864 0.00680287 0)
(0.342915 0.00644194 0)
(0.353835 0.00605148 0)
(0.363678 0.00564551 0)
(0.372507 0.00523391 0)
(0.380386 0.00482339 0)
(0.387376 0.00441838 0)
(0.393534 0.00402124 0)
(0.398911 0.00363267 0)
(0.403549 0.00325171 0)
(0.407486 0.002876 0)
(0.410746 0.0024998 0)
(0.413347 0.00211628 0)
(0.415279 0.00170915 0)
(0.416519 0.00127425 0)
(0.417002 0.00076947 0)
(0.416514 0.000171017 0)
(0.414736 -0.000638487 0)
(0.410485 -0.00178653 0)
(0.404532 -0.00325742 0)
(0.388972 -0.00492089 0)
(0.38054 -0.00670567 0)
(0.28046 -0.0173913 0)
(0.453615 -0.126979 0)
)
;

boundaryField
{
    movingWall
    {
        type            fixedValue;
        value           uniform (1 0 0);
    }
    fixedWalls
    {
        type            noSlip;
    }
    frontAndBack
    {
        type            empty;
    }
}


// ************************************************************************* //
