/*--------------------------------*- C++ -*----------------------------------*\
| =========                 |                                                 |
| \\      /  F ield         | OpenFOAM: The Open Source CFD Toolbox           |
|  \\    /   O peration     | Version:  2412                                  |
|   \\  /    A nd           | Website:  www.openfoam.com                      |
|    \\/     M anipulation  |                                                 |
\*---------------------------------------------------------------------------*/
FoamFile
{
    version     2.0;
    format      ascii;
    arch        "LSB;label=32;scalar=64";
    class       volScalarField;
    location    "1";
    object      epsilon;
}
// * * * * * * * * * * * * * * * * * * * * * * * * * * * * * * * * * * * * * //

dimensions      [0 2 -3 0 0 0 0];

internalField   nonuniform List<scalar> 
400
(
0.000278687
0.000460308
0.000643915
0.000787483
0.000896945
0.000983117
0.00105468
0.00111701
0.00117226
0.00121999
0.00125738
0.00127513
0.00127873
0.00125495
0.00119212
0.00108422
0.000927067
0.000721576
0.000477823
0.000291757
0.000459671
0.000459066
0.000546911
0.000616217
0.000663096
0.000693988
0.000715073
0.000730462
0.000742301
0.000751255
0.000756116
0.00075712
0.000756071
0.000748425
0.000728681
0.000692192
0.000634373
0.000552316
0.000471022
0.000488288
0.000674281
0.000544254
0.000595833
0.000647132
0.000682714
0.000705476
0.000719712
0.000728965
0.000735315
0.000740068
0.000743515
0.000745281
0.000745775
0.000742206
0.000730776
0.000707361
0.00066789
0.000612473
0.000570346
0.0006948
0.0008555
0.000624741
0.000653164
0.000695195
0.00072618
0.000745758
0.000757741
0.000765473
0.000771371
0.000776672
0.000781904
0.000787092
0.000790969
0.000792321
0.00078705
0.000769733
0.000734959
0.000683845
0.000653573
0.000863845
0.00100356
0.00068631
0.000698723
0.000735711
0.00076508
0.000784647
0.000797213
0.000805884
0.000813087
0.000820462
0.000829028
0.000839396
0.000851496
0.000863694
0.000871271
0.000865569
0.000833529
0.000770399
0.000726802
0.00100512
0.00112515
0.000732648
0.000732934
0.000766907
0.000795808
0.000816011
0.000829882
0.000840565
0.000850844
0.000863085
0.000879531
0.000902666
0.000935289
0.000979405
0.00103266
0.00106918
0.00106051
0.000963097
0.000838319
0.00113855
0.00122746
0.000767598
0.000758354
0.000790203
0.000819181
0.000840433
0.000856219
0.000870085
0.000885745
0.000907307
0.000940168
0.000992462
0.0010766
0.00120935
0.00140404
0.00162792
0.00172508
0.00158892
0.00116476
0.00128339
0.00131685
0.000794943
0.000777361
0.000807417
0.000836616
0.000859117
0.00087737
0.000895834
0.000920156
0.000958271
0.00102312
0.00113766
0.00134234
0.00170078
0.00229051
0.00310632
0.00355268
0.00351835
0.00234185
0.00155209
0.00139851
0.000817657
0.000791964
0.000820085
0.000849302
0.000873001
0.000894148
0.000918804
0.000956122
0.00102148
0.00114374
0.00137982
0.0018374
0.00268653
0.00408655
0.00599373
0.00727955
0.00766195
0.00600836
0.00262085
0.00147655
0.000837908
0.000803699
0.000829329
0.00085802
0.000882552
0.000906725
0.000938977
0.000993888
0.00109902
0.00131084
0.00174781
0.00261741
0.00408868
0.00588934
0.00753271
0.00942121
0.0119118
0.0131753
0.00750158
0.00155428
0.000857272
0.000813667
0.000835913
0.000863226
0.000887882
0.000914695
0.000954958
0.00102983
0.00118154
0.00149778
0.00214992
0.00333095
0.00479343
0.00596155
0.00708814
0.00876491
0.0130632
0.0194117
0.0208003
0.00163514
0.000876922
0.000822666
0.00084042
0.000865355
0.000889121
0.000917545
0.000964407
0.00105599
0.00124417
0.0016273
0.00235101
0.00343249
0.00450336
0.00497088
0.00496299
0.00562173
0.00999331
0.0217136
0.0361014
0.00172167
0.000897717
0.000831353
0.000843585
0.000865444
0.000887801
0.000916502
0.000966504
0.00106597
0.00126593
0.00165101
0.00231945
0.00325988
0.00383894
0.00373661
0.00331588
0.00336225
0.00689656
0.0206243
0.0449951
0.00182316
0.000920651
0.000840571
0.000847179
0.000866526
0.000887678
0.000916148
0.00096636
0.0010644
0.00125593
0.00161169
0.00219822
0.00290802
0.00328153
0.00306621
0.00262114
0.00269282
0.00501273
0.0180428
0.051373
0.00192659
0.000945279
0.000852781
0.000856482
0.000875087
0.00089653
0.000925683
0.000975536
0.00106869
0.0012398
0.00153446
0.00199983
0.00256709
0.0028986
0.0027611
0.0024791
0.00268342
0.00457729
0.0168436
0.0577385
0.00209542
0.000977797
0.000881394
0.000890008
0.000915361
0.000943608
0.000978368
0.00103063
0.00111885
0.00127124
0.00152282
0.00187804
0.00230027
0.00260393
0.00257412
0.00247789
0.00277183
0.00456345
0.0166379
0.0656792
0.00218412
0.00105938
0.000993722
0.00103846
0.00109689
0.00115556
0.00121717
0.00129013
0.00138845
0.00153182
0.00174383
0.00204034
0.00238603
0.00264358
0.00264537
0.00261817
0.00300415
0.00519952
0.0201092
0.0769168
0.00256917
0.00147062
0.00169918
0.00196286
0.00219842
0.00241929
0.00262821
0.0028285
0.00303012
0.00324678
0.00349251
0.00377372
0.00405931
0.00425072
0.0042815
0.00438302
0.00508063
0.00899506
0.0268896
0.0949701
0.00391238
0.00616282
0.00951088
0.0119734
0.013734
0.0151644
0.0163642
0.0173475
0.0181388
0.0187614
0.0192628
0.0196646
0.0199336
0.0202374
0.0203996
0.0210202
0.022756
0.0330792
0.0501414
0.127257
0.0441406
0.0846763
0.124142
0.149239
0.164551
0.174226
0.180174
0.183436
0.18466
0.184386
0.183462
0.181643
0.178958
0.176778
0.174122
0.174217
0.176429
0.177266
0.1926
0.167252
)
;

boundaryField
{
    movingWall
    {
        type            epsilonWallFunction;
        blending        stepwise;
        value           nonuniform List<scalar> 
20
(
0.0441406
0.0846763
0.124142
0.149239
0.164551
0.174226
0.180174
0.183436
0.18466
0.184386
0.183462
0.181643
0.178958
0.176778
0.174122
0.174217
0.176429
0.177266
0.1926
0.167252
)
;
    }
    fixedWalls
    {
        type            epsilonWallFunction;
        blending        stepwise;
        value           nonuniform List<scalar> 
60
(
0.000278687
0.000459671
0.000674281
0.0008555
0.00100356
0.00112515
0.00122746
0.00131685
0.00139851
0.00147655
0.00155428
0.00163514
0.00172167
0.00182316
0.00192659
0.00209542
0.00218412
0.00256917
0.00391238
0.0441406
0.000291757
0.000488288
0.0006948
0.000863845
0.00100512
0.00113855
0.00128339
0.00155209
0.00262085
0.00750158
0.0208003
0.0361014
0.0449951
0.051373
0.0577385
0.0656792
0.0769168
0.0949701
0.127257
0.167252
0.000278687
0.000460308
0.000643915
0.000787483
0.000896945
0.000983117
0.00105468
0.00111701
0.00117226
0.00121999
0.00125738
0.00127513
0.00127873
0.00125495
0.00119212
0.00108422
0.000927067
0.000721576
0.000477823
0.000291757
)
;
    }
    frontAndBack
    {
        type            empty;
    }
}


// ************************************************************************* //
