/*--------------------------------*- C++ -*----------------------------------*\
| =========                 |                                                 |
| \\      /  F ield         | OpenFOAM: The Open Source CFD Toolbox           |
|  \\    /   O peration     | Version:  2412                                  |
|   \\  /    A nd           | Website:  www.openfoam.com                      |
|    \\/     M anipulation  |                                                 |
\*---------------------------------------------------------------------------*/
FoamFile
{
    version     2.0;
    format      ascii;
    arch        "LSB;label=32;scalar=64";
    class       surfaceScalarField;
    location    "1";
    object      phi;
}
// * * * * * * * * * * * * * * * * * * * * * * * * * * * * * * * * * * * * * //

dimensions      [0 3 -1 0 0 0 0];

oriented        oriented;

internalField   nonuniform List<scalar> 
760
(
-3.11547e-08
3.11502e-08
-1.00235e-07
6.90797e-08
-1.90694e-07
9.04591e-08
-2.89108e-07
9.84137e-08
-3.88348e-07
9.92403e-08
-4.84758e-07
9.64098e-08
-5.75913e-07
9.11544e-08
-6.59387e-07
8.34747e-08
-7.31987e-07
7.25996e-08
-7.89173e-07
5.71857e-08
-8.25042e-07
3.58694e-08
-8.34707e-07
9.66439e-09
-8.10461e-07
-2.4246e-08
-7.47751e-07
-6.27097e-08
-6.45549e-07
-1.02203e-07
-5.08799e-07
-1.3675e-07
-3.50463e-07
-1.58336e-07
-1.92826e-07
-1.57637e-07
-6.65001e-08
-1.26326e-07
-6.65002e-08
-6.74375e-08
9.85876e-08
-1.59821e-07
1.61463e-07
-2.63025e-07
1.93663e-07
-3.71641e-07
2.0703e-07
-4.81629e-07
2.09228e-07
-5.89658e-07
2.04438e-07
-6.92618e-07
1.94115e-07
-7.87122e-07
1.77978e-07
-8.69103e-07
1.54581e-07
-9.33664e-07
1.21747e-07
-9.75201e-07
7.7406e-08
-9.86237e-07
2.07007e-08
-9.6132e-07
-4.91631e-08
-8.95412e-07
-1.28618e-07
-7.87429e-07
-2.10185e-07
-6.42203e-07
-2.81976e-07
-4.7183e-07
-3.28709e-07
-2.93553e-07
-3.35915e-07
-1.25782e-07
-2.94098e-07
-1.92282e-07
-8.96497e-08
1.88237e-07
-1.91645e-07
2.63459e-07
-2.97312e-07
2.99329e-07
-4.06177e-07
3.15895e-07
-5.16706e-07
3.19757e-07
-6.26627e-07
3.14359e-07
-7.33198e-07
3.00686e-07
-8.33127e-07
2.77907e-07
-9.22347e-07
2.43801e-07
-9.9584e-07
1.95239e-07
-1.04743e-06
1.28992e-07
-1.06956e-06
4.28395e-08
-1.05482e-06
-6.39054e-08
-9.96106e-07
-1.87335e-07
-8.89563e-07
-3.16728e-07
-7.38027e-07
-4.33512e-07
-5.53541e-07
-5.13195e-07
-3.54471e-07
-5.34985e-07
-1.58995e-07
-4.89574e-07
-3.51276e-07
-9.93676e-08
2.87605e-07
-2.07157e-07
3.71248e-07
-3.15686e-07
4.07858e-07
-4.25882e-07
4.26091e-07
-5.37836e-07
4.31711e-07
-6.50532e-07
4.27055e-07
-7.62172e-07
4.12326e-07
-8.70201e-07
3.85936e-07
-9.71094e-07
3.44694e-07
-1.05999e-06
2.84137e-07
-1.1302e-06
1.99201e-07
-1.17276e-06
8.53933e-08
-1.17696e-06
-5.97045e-08
-1.13037e-06
-2.33923e-07
-1.02289e-06
-4.24202e-07
-8.53134e-07
-6.03272e-07
-6.35598e-07
-7.30731e-07
-3.98586e-07
-7.71997e-07
-1.72553e-07
-7.15606e-07
-5.2383e-07
-1.02403e-07
3.90009e-07
-2.13539e-07
4.82383e-07
-3.2503e-07
5.1935e-07
-4.3781e-07
5.38871e-07
-5.52861e-07
5.46762e-07
-6.70366e-07
5.4456e-07
-7.89784e-07
5.31744e-07
-9.09793e-07
5.05945e-07
-1.02795e-06
4.62852e-07
-1.14004e-06
3.96221e-07
-1.239e-06
2.9817e-07
-1.31373e-06
1.6012e-07
-1.34876e-06
-2.46803e-08
-1.32216e-06
-2.60516e-07
-1.21189e-06
-5.3447e-07
-1.00745e-06
-8.07721e-07
-7.28697e-07
-1.00948e-06
-4.28587e-07
-1.07211e-06
-1.67552e-07
-9.76641e-07
-6.91382e-07
-1.02217e-07
4.92225e-07
-2.1488e-07
5.95047e-07
-3.28693e-07
6.33163e-07
-4.44305e-07
6.54483e-07
-5.6326e-07
6.65718e-07
-6.86886e-07
6.68185e-07
-8.16158e-07
6.61017e-07
-9.51533e-07
6.41319e-07
-1.09244e-06
6.03758e-07
-1.23621e-06
5.39994e-07
-1.37624e-06
4.38198e-07
-1.49945e-06
2.8333e-07
-1.58362e-06
5.9486e-08
-1.59395e-06
-2.50179e-07
-1.48462e-06
-6.43804e-07
-1.22218e-06
-1.07016e-06
-8.32301e-07
-1.39936e-06
-4.20322e-07
-1.48409e-06
-1.2244e-07
-1.27452e-06
-8.13822e-07
-1.00307e-07
5.92532e-07
-2.13001e-07
7.0774e-07
-3.28019e-07
7.48181e-07
-4.45736e-07
7.722e-07
-5.68176e-07
7.88158e-07
-6.9784e-07
7.9785e-07
-8.37526e-07
8.00703e-07
-9.90128e-07
7.93921e-07
-1.15806e-06
7.71691e-07
-1.34183e-06
7.23766e-07
-1.53726e-06
6.3362e-07
-1.73152e-06
4.77598e-07
-1.89733e-06
2.25292e-07
-1.98615e-06
-1.61358e-07
-1.91083e-06
-7.19126e-07
-1.58312e-06
-1.39786e-06
-1.01118e-06
-1.9713e-06
-3.82603e-07
-2.11266e-06
-9.50977e-09
-1.64762e-06
-8.23331e-07
-9.72385e-08
6.89771e-07
-2.08549e-07
8.19051e-07
-3.23228e-07
8.62859e-07
-4.41393e-07
8.90364e-07
-5.65502e-07
9.12266e-07
-6.99266e-07
9.31614e-07
-8.4756e-07
9.48997e-07
-1.01639e-06
9.62747e-07
-1.21247e-06
9.67778e-07
-1.44192e-06
9.53212e-07
-1.7072e-06
8.98903e-07
-2.0033e-06
7.73692e-07
-2.31063e-06
5.32628e-07
-2.58278e-06
1.10786e-07
-2.6909e-06
-6.10997e-07
-2.43892e-06
-1.64985e-06
-1.71018e-06
-2.70004e-06
-6.94532e-07
-3.12831e-06
3.81586e-08
-2.38031e-06
-7.85173e-07
-9.32827e-08
7.83054e-07
-2.0181e-07
9.27579e-07
-3.14205e-07
9.75254e-07
-4.30236e-07
1.0064e-06
-5.52658e-07
1.03469e-06
-6.86271e-07
1.06523e-06
-8.38028e-07
1.10075e-06
-1.01734e-06
1.14206e-06
-1.23624e-06
1.18668e-06
-1.50918e-06
1.22614e-06
-1.85218e-06
1.24191e-06
-2.28381e-06
1.20532e-06
-2.82878e-06
1.0776e-06
-3.46922e-06
7.51228e-07
-4.0512e-06
-2.90207e-08
-4.13711e-06
-1.56393e-06
-3.43405e-06
-3.4031e-06
-2.01106e-06
-4.5513e-06
-4.60186e-07
-3.93118e-06
-1.24536e-06
-8.87861e-08
8.7184e-07
-1.93245e-07
1.03204e-06
-3.01137e-07
1.08315e-06
-4.11636e-07
1.1169e-06
-5.27481e-07
1.15053e-06
-6.54137e-07
1.19188e-06
-8.00081e-07
1.2467e-06
-9.77467e-07
1.31944e-06
-1.20313e-06
1.41234e-06
-1.50067e-06
1.52368e-06
-1.90652e-06
1.64775e-06
-2.48383e-06
1.78263e-06
-3.32194e-06
1.91571e-06
-4.40453e-06
1.83383e-06
-5.37014e-06
9.36587e-07
-5.77588e-06
-1.1582e-06
-5.34911e-06
-3.82987e-06
-3.88298e-06
-6.01743e-06
-1.57412e-06
-6.24004e-06
-2.81948e-06
-8.44586e-08
9.56298e-07
-1.83957e-07
1.13154e-06
-2.85123e-07
1.18431e-06
-3.86168e-07
1.21794e-06
-4.89354e-07
1.25372e-06
-6.00057e-07
1.30259e-06
-7.26978e-07
1.37362e-06
-8.82882e-07
1.47535e-06
-1.08595e-06
1.61541e-06
-1.36327e-06
1.80101e-06
-1.76092e-06
2.0454e-06
-2.361e-06
2.38271e-06
-3.25301e-06
2.80772e-06
-4.35272e-06
2.93354e-06
-5.34203e-06
1.92589e-06
-5.86653e-06
-6.33689e-07
-5.87663e-06
-3.81977e-06
-5.0464e-06
-6.84767e-06
-2.79679e-06
-8.48965e-06
-5.61627e-06
-8.15512e-08
1.03785e-06
-1.76052e-07
1.22604e-06
-2.68665e-07
1.27692e-06
-3.56311e-07
1.30559e-06
-4.40382e-07
1.33779e-06
-5.25304e-07
1.38751e-06
-6.18357e-07
1.46667e-06
-7.29968e-07
1.58696e-06
-8.74492e-07
1.75993e-06
-1.07231e-06
1.99883e-06
-1.35455e-06
2.32764e-06
-1.7654e-06
2.79356e-06
-2.32767e-06
3.36999e-06
-2.9457e-06
3.55157e-06
-3.49225e-06
2.47244e-06
-3.93469e-06
-1.9125e-07
-4.2688e-06
-3.48566e-06
-4.41085e-06
-6.70561e-06
-3.18601e-06
-9.71449e-06
-8.80228e-06
-8.22925e-08
1.12014e-06
-1.73116e-07
1.31686e-06
-2.5594e-07
1.35975e-06
-3.26714e-07
1.37636e-06
-3.85958e-07
1.39703e-06
-4.36612e-07
1.43816e-06
-4.83346e-07
1.51341e-06
-5.32112e-07
1.63572e-06
-5.89754e-07
1.81758e-06
-6.62691e-07
2.07176e-06
-7.53491e-07
2.41844e-06
-8.48512e-07
2.88858e-06
-9.06705e-07
3.42818e-06
-9.17404e-07
3.56227e-06
-9.39678e-07
2.49472e-06
-1.15581e-06
2.48849e-08
-1.524e-06
-3.11748e-06
-2.30221e-06
-5.92741e-06
-2.55549e-06
-9.46121e-06
-1.13578e-05
-8.92812e-08
1.20942e-06
-1.79283e-07
1.40686e-06
-2.52017e-07
1.43248e-06
-3.032e-07
1.42754e-06
-3.33515e-07
1.42735e-06
-3.44727e-07
1.44937e-06
-3.38708e-07
1.50739e-06
-3.16438e-07
1.61345e-06
-2.772e-07
1.77834e-06
-2.13482e-07
2.00805e-06
-1.06359e-07
2.31132e-06
9.52178e-08
2.687e-06
4.34565e-07
3.08883e-06
8.63294e-07
3.13354e-06
1.16032e-06
2.19769e-06
1.08628e-06
9.89302e-08
6.01824e-07
-2.63302e-06
-3.04856e-07
-5.02072e-06
-1.43588e-06
-8.33018e-06
-1.27937e-05
-1.08651e-07
1.31807e-06
-2.01264e-07
1.49948e-06
-2.62195e-07
1.49341e-06
-2.90572e-07
1.45592e-06
-2.89263e-07
1.42604e-06
-2.59988e-07
1.4201e-06
-2.01997e-07
1.4494e-06
-1.12186e-07
1.52364e-06
1.68325e-08
1.64932e-06
1.92613e-07
1.83227e-06
4.39864e-07
2.06407e-06
8.01799e-07
2.32507e-06
1.33977e-06
2.55086e-06
1.97315e-06
2.50017e-06
2.40947e-06
1.76136e-06
2.34782e-06
1.60579e-07
1.67786e-06
-1.96306e-06
7.51592e-07
-4.09446e-06
-5.42796e-07
-7.03579e-06
-1.33364e-05
-1.38012e-07
1.45609e-06
-2.35705e-07
1.59717e-06
-2.83812e-07
1.54152e-06
-2.8679e-07
1.4589e-06
-2.53118e-07
1.39237e-06
-1.85294e-07
1.35227e-06
-8.18047e-08
1.34591e-06
6.3421e-08
1.37842e-06
2.57332e-07
1.45541e-06
5.14013e-07
1.57559e-06
8.49451e-07
1.72863e-06
1.28752e-06
1.887e-06
1.84951e-06
1.98887e-06
2.46043e-06
1.88925e-06
2.87636e-06
1.34544e-06
2.82402e-06
2.12916e-07
2.19e-06
-1.32904e-06
1.28907e-06
-3.19354e-06
8.87646e-09
-5.75559e-06
-1.33276e-05
-2.16722e-07
1.67281e-06
-3.09962e-07
1.69041e-06
-3.13912e-07
1.54547e-06
-2.72654e-07
1.41764e-06
-2.0192e-07
1.32164e-06
-9.88424e-08
1.2492e-06
4.21423e-08
1.20492e-06
2.28101e-07
1.19246e-06
4.70168e-07
1.21334e-06
7.78588e-07
1.26717e-06
1.16134e-06
1.34588e-06
1.62193e-06
1.4264e-06
2.15145e-06
1.45935e-06
2.68259e-06
1.35811e-06
3.03203e-06
9.95999e-07
2.99159e-06
2.53355e-07
2.45921e-06
-7.96655e-07
1.66416e-06
-2.39849e-06
4.14597e-07
-4.50603e-06
-1.2913e-05
-2.99858e-07
1.97267e-06
-3.19002e-07
1.70955e-06
-2.40654e-07
1.46712e-06
-1.42732e-07
1.31972e-06
-1.61513e-08
1.19506e-06
1.45794e-07
1.08725e-06
3.4358e-07
1.00714e-06
5.79998e-07
9.56041e-07
8.63772e-07
9.29567e-07
1.20621e-06
9.24729e-07
1.61433e-06
9.37759e-07
2.08414e-06
9.566e-07
2.58968e-06
9.5381e-07
3.06761e-06
8.80177e-07
3.38111e-06
6.82494e-07
3.37601e-06
2.58459e-07
2.94599e-06
-3.66638e-07
2.16272e-06
-1.61522e-06
8.87845e-07
-3.23115e-06
-1.20251e-05
-3.65699e-07
2.33837e-06
-2.60419e-07
1.60427e-06
1.29826e-07
1.07688e-06
5.66808e-07
8.82736e-07
9.9266e-07
7.69204e-07
1.40315e-06
6.7676e-07
1.80048e-06
6.0981e-07
2.19202e-06
5.64498e-07
2.58893e-06
5.32659e-07
3.00352e-06
5.10138e-07
3.44608e-06
4.95199e-07
3.91943e-06
4.83253e-07
4.40707e-06
4.6617e-07
4.86305e-06
4.24189e-07
5.20499e-06
3.40562e-07
5.29748e-06
1.65964e-07
4.98672e-06
-5.58789e-08
4.09675e-06
-7.25241e-07
1.96643e-06
-1.10084e-06
-1.00587e-05
2.33837e-06
3.94264e-06
5.01952e-06
5.90225e-06
6.67146e-06
7.34822e-06
7.95803e-06
8.52252e-06
9.05518e-06
9.56532e-06
1.00605e-05
1.05438e-05
1.10099e-05
1.14341e-05
1.17747e-05
1.19407e-05
1.18848e-05
1.11595e-05
1.00587e-05
)
;

boundaryField
{
    movingWall
    {
        type            calculated;
        value           uniform 0;
    }
    fixedWalls
    {
        type            calculated;
        value           uniform 0;
    }
    frontAndBack
    {
        type            empty;
    }
}


// ************************************************************************* //
