/*--------------------------------*- C++ -*----------------------------------*\
| =========                 |                                                 |
| \\      /  F ield         | OpenFOAM: The Open Source CFD Toolbox           |
|  \\    /   O peration     | Version:  2412                                  |
|   \\  /    A nd           | Website:  www.openfoam.com                      |
|    \\/     M anipulation  |                                                 |
\*---------------------------------------------------------------------------*/
FoamFile
{
    version     2.0;
    format      ascii;
    arch        "LSB;label=32;scalar=64";
    class       volVectorField;
    location    "1";
    object      U;
}
// * * * * * * * * * * * * * * * * * * * * * * * * * * * * * * * * * * * * * //

dimensions      [0 1 -1 0 0 0 0];

internalField   nonuniform List<vector> 
400
(
(-0.000186676 0.000192373 0)
(-0.00115374 0.000654176 0)
(-0.00286845 0.000945661 0)
(-0.00479455 0.00104731 0)
(-0.00678916 0.00105319 0)
(-0.00875608 0.00101809 0)
(-0.0106405 0.000960513 0)
(-0.0123961 0.00088152 0)
(-0.0139669 0.000771278 0)
(-0.0152831 0.000610476 0)
(-0.0162499 0.000380969 0)
(-0.0166782 0.000130693 0)
(-0.016573 -0.000255433 0)
(-0.0156885 -0.000679309 0)
(-0.0140252 -0.0011212 0)
(-0.0116071 -0.00151028 0)
(-0.00861848 -0.00174561 0)
(-0.00540831 -0.00169229 0)
(-0.00238766 -0.00121987 0)
(-0.000488178 -0.000486946 0)
(-0.000636622 0.00115436 0)
(-0.00219717 0.00225394 0)
(-0.00418692 0.00284632 0)
(-0.00633402 0.00308143 0)
(-0.00854003 0.00311524 0)
(-0.0107348 0.00303473 0)
(-0.0128592 0.00287232 0)
(-0.0148499 0.00262717 0)
(-0.0166335 0.00227735 0)
(-0.0181223 0.00178715 0)
(-0.0192077 0.00112158 0)
(-0.019752 0.000273489 0)
(-0.0196338 -0.000767941 0)
(-0.0187285 -0.00195778 0)
(-0.0169765 -0.00317226 0)
(-0.0144081 -0.00422844 0)
(-0.0111924 -0.00488598 0)
(-0.00765703 -0.0048945 0)
(-0.00412847 -0.00406464 0)
(-0.00118682 -0.00233484 0)
(-0.000955796 0.00283171 0)
(-0.00280214 0.00421887 0)
(-0.00485621 0.00491079 0)
(-0.00701781 0.00521947 0)
(-0.00922849 0.00528277 0)
(-0.0114464 0.00517805 0)
(-0.0136259 0.00493135 0)
(-0.0157081 0.00453278 0)
(-0.0176203 0.00394667 0)
(-0.0192728 0.00312168 0)
(-0.0205522 0.0020072 0)
(-0.0213187 0.000573265 0)
(-0.0214214 -0.00118196 0)
(-0.0207047 -0.00318306 0)
(-0.0190491 -0.00524715 0)
(-0.016431 -0.00707517 0)
(-0.0129979 -0.00828573 0)
(-0.00911144 -0.00854348 0)
(-0.00512556 -0.00767652 0)
(-0.00158629 -0.00532479 0)
(-0.00108885 0.00474333 0)
(-0.00308707 0.00632446 0)
(-0.00520505 0.00704868 0)
(-0.00739755 0.00739819 0)
(-0.00963087 0.00749176 0)
(-0.011887 0.0073858 0)
(-0.0141417 0.0070922 0)
(-0.0163534 0.00658726 0)
(-0.0184626 0.00581786 0)
(-0.0203869 0.00471011 0)
(-0.0220118 0.00318476 0)
(-0.0231814 0.00117927 0)
(-0.0236969 -0.001324 0)
(-0.0233174 -0.00425044 0)
(-0.0217962 -0.00736575 0)
(-0.0189874 -0.0102256 0)
(-0.0150166 -0.0122177 0)
(-0.0103947 -0.0128259 0)
(-0.00566787 -0.0118541 0)
(-0.00167088 -0.0086676 0)
(-0.00112282 0.00676703 0)
(-0.00319266 0.00852199 0)
(-0.00536808 0.00925498 0)
(-0.0076088 0.00963071 0)
(-0.00989407 0.00976181 0)
(-0.012224 0.0096848 0)
(-0.0145992 0.00939552 0)
(-0.0170035 0.00885406 0)
(-0.0194014 0.00798596 0)
(-0.0217295 0.00668628 0)
(-0.0238798 0.00483036 0)
(-0.0256759 0.00229582 0)
(-0.0268534 -0.000997297 0)
(-0.0270301 -0.00502198 0)
(-0.0257268 -0.00953396 0)
(-0.0225474 -0.0138874 0)
(-0.0175673 -0.0170362 0)
(-0.0116208 -0.0180638 0)
(-0.00576249 -0.0166956 0)
(-0.00145816 -0.0121241 0)
(-0.00111294 0.00881518 0)
(-0.00320424 0.0107641 0)
(-0.00541964 0.0115115 0)
(-0.00770701 0.0119164 0)
(-0.0100551 0.012102 0)
(-0.0124791 0.0120941 0)
(-0.0150065 0.0118767 0)
(-0.0176547 0.0113956 0)
(-0.0204258 0.0105536 0)
(-0.0232938 0.00920608 0)
(-0.0261751 0.00716185 0)
(-0.0288862 0.00419529 0)
(-0.0310866 9.08275e-05 0)
(-0.0322081 -0.00527246 0)
(-0.0313765 -0.0117451 0)
(-0.0276576 -0.0184143 0)
(-0.0209193 -0.0234115 0)
(-0.0125151 -0.0248299 0)
(-0.0047688 -0.0222471 0)
(-0.000679785 -0.015213 0)
(-0.00108225 0.0108415 0)
(-0.00316138 0.0130211 0)
(-0.00539328 0.0138038 0)
(-0.00771001 0.0142536 0)
(-0.0101095 0.0145193 0)
(-0.0126216 0.0146292 0)
(-0.0153036 0.0145658 0)
(-0.0182154 0.0142689 0)
(-0.0214149 0.013624 0)
(-0.0249408 0.0124438 0)
(-0.0287712 0.010447 0)
(-0.0327554 0.00725556 0)
(-0.0365338 0.00241853 0)
(-0.0393743 -0.00451997 0)
(-0.0398402 -0.0137462 0)
(-0.0359311 -0.0242006 0)
(-0.0268135 -0.0325009 0)
(-0.0140351 -0.0343008 0)
(-0.0020366 -0.0280851 0)
(0.00140294 -0.0165249 0)
(-0.00103932 0.0128178 0)
(-0.00307987 0.0152651 0)
(-0.00529978 0.0161069 0)
(-0.00761461 0.0166202 0)
(-0.0100307 0.0169942 0)
(-0.0125926 0.0172743 0)
(-0.0153893 0.0174564 0)
(-0.0185319 0.0174909 0)
(-0.0221525 0.0172626 0)
(-0.0263909 0.0165533 0)
(-0.0313476 0.0149871 0)
(-0.0370095 0.0119979 0)
(-0.0432075 0.00683132 0)
(-0.0493789 -0.00154455 0)
(-0.0536849 -0.0140667 0)
(-0.0527966 -0.0301306 0)
(-0.043642 -0.0446312 0)
(-0.0256391 -0.0492594 0)
(-0.00353717 -0.0370761 0)
(0.00470607 -0.0157303 0)
(-0.000988247 0.0147238 0)
(-0.00296771 0.0174679 0)
(-0.00514295 0.0183857 0)
(-0.00741156 0.0189741 0)
(-0.00978544 0.019476 0)
(-0.012321 0.0199696 0)
(-0.0151373 0.020484 0)
(-0.0183985 0.0210039 0)
(-0.0223213 0.0214449 0)
(-0.0271796 0.0215976 0)
(-0.0332731 0.021041 0)
(-0.040899 0.0191036 0)
(-0.0505732 0.0148776 0)
(-0.0627714 0.00676355 0)
(-0.0760455 -0.00802381 0)
(-0.0847141 -0.0317476 0)
(-0.0794768 -0.0588671 0)
(-0.0580283 -0.0726086 0)
(-0.0246847 -0.0584119 0)
(0.00552697 -0.0177239 0)
(-0.00093377 0.0165455 0)
(-0.00283503 0.0196023 0)
(-0.00493145 0.0205981 0)
(-0.00709917 0.0212552 0)
(-0.00934936 0.0218822 0)
(-0.0117434 0.0226058 0)
(-0.0144206 0.0235077 0)
(-0.0175845 0.0246352 0)
(-0.0215233 0.0259773 0)
(-0.0266455 0.027412 0)
(-0.0334818 0.0286478 0)
(-0.0427177 0.029295 0)
(-0.0563099 0.0287831 0)
(-0.0767285 0.024319 0)
(-0.100328 0.00741421 0)
(-0.115132 -0.0285462 0)
(-0.115283 -0.0742444 0)
(-0.0968638 -0.105692 0)
(-0.0584616 -0.0962572 0)
(-0.00631861 -0.0307864 0)
(-0.000885067 0.0182767 0)
(-0.00270237 0.0216457 0)
(-0.00468948 0.0226986 0)
(-0.00669683 0.0233889 0)
(-0.00872583 0.0241014 0)
(-0.0108317 0.0250225 0)
(-0.0131541 0.0263001 0)
(-0.0159032 0.0280636 0)
(-0.0193829 0.0304093 0)
(-0.024048 0.0333849 0)
(-0.0305036 0.0370591 0)
(-0.0394941 0.0417678 0)
(-0.0537365 0.0473345 0)
(-0.0762151 0.0474915 0)
(-0.100833 0.0269808 0)
(-0.116293 -0.0220057 0)
(-0.119762 -0.083845 0)
(-0.112424 -0.136682 0)
(-0.0837001 -0.149564 0)
(-0.0305771 -0.0779432 0)
(-0.000860296 0.0199407 0)
(-0.00260463 0.0235869 0)
(-0.00446543 0.0246454 0)
(-0.00625628 0.0252946 0)
(-0.00796304 0.0260043 0)
(-0.00962333 0.0270249 0)
(-0.011354 0.0285694 0)
(-0.0133286 0.030845 0)
(-0.0157889 0.0340509 0)
(-0.0190851 0.0384071 0)
(-0.0236306 0.0443294 0)
(-0.0297502 0.0527239 0)
(-0.0389066 0.0633061 0)
(-0.0536475 0.0661587 0)
(-0.0690945 0.0435548 0)
(-0.0772767 -0.00913083 0)
(-0.0813609 -0.0780109 0)
(-0.0874219 -0.145247 0)
(-0.0818609 -0.193731 0)
(-0.0414572 -0.146573 0)
(-0.000886876 0.021558 0)
(-0.00260656 0.0254337 0)
(-0.00433773 0.0264063 0)
(-0.00586558 0.0268961 0)
(-0.00716024 0.0274648 0)
(-0.00823757 0.02842 0)
(-0.00917598 0.0300238 0)
(-0.0100812 0.0325316 0)
(-0.0110793 0.0361999 0)
(-0.0123109 0.0413174 0)
(-0.0138537 0.0483743 0)
(-0.0154346 0.0582363 0)
(-0.0167266 0.0700672 0)
(-0.0189064 0.0738863 0)
(-0.0225897 0.0526725 0)
(-0.0214232 0.000522012 0)
(-0.0233082 -0.0636519 0)
(-0.0357675 -0.126927 0)
(-0.0546191 -0.201554 0)
(-0.0368604 -0.208807 0)
(-0.00100431 0.0233315 0)
(-0.00277627 0.027254 0)
(-0.00440071 0.0279754 0)
(-0.00563204 0.028136 0)
(-0.00644415 0.0283822 0)
(-0.00684752 0.0290617 0)
(-0.00688147 0.030457 0)
(-0.00657822 0.0328279 0)
(-0.00594425 0.0364176 0)
(-0.00491337 0.0414339 0)
(-0.00327966 0.0481997 0)
(-0.000497068 0.0570565 0)
(0.00474974 0.0671263 0)
(0.012607 0.0698612 0)
(0.0182841 0.0510811 0)
(0.0238958 0.00212476 0)
(0.020006 -0.0549667 0)
(0.00709556 -0.105433 0)
(-0.0221625 -0.177557 0)
(-0.0256256 -0.248985 0)
(-0.00130291 0.0250111 0)
(-0.00326681 0.0290022 0)
(-0.00476801 0.0293004 0)
(-0.00565293 0.0289386 0)
(-0.00590983 0.0286804 0)
(-0.00560799 0.0288755 0)
(-0.00473123 0.0297974 0)
(-0.00325924 0.0316682 0)
(-0.00112923 0.0346677 0)
(0.0018628 0.0389154 0)
(0.00603344 0.0444109 0)
(0.0119307 0.0509363 0)
(0.0206569 0.0574253 0)
(0.0326896 0.0577953 0)
(0.0433782 0.0416132 0)
(0.0492916 0.00382225 0)
(0.0435365 -0.0440714 0)
(0.0274449 -0.0897007 0)
(6.94921e-06 -0.150799 0)
(-0.0166751 -0.262395 0)
(-0.00180079 0.0282871 0)
(-0.00396843 0.0311451 0)
(-0.00539798 0.0304447 0)
(-0.00586301 0.0292485 0)
(-0.00553573 0.0283125 0)
(-0.00453199 0.0278894 0)
(-0.00282739 0.0281458 0)
(-0.000373122 0.0292519 0)
(0.00298281 0.03133 0)
(0.00744695 0.034413 0)
(0.0132909 0.0382906 0)
(0.0208741 0.0424323 0)
(0.0307333 0.0455107 0)
(0.0429067 0.043762 0)
(0.0538186 0.0308231 0)
(0.0588426 0.00379334 0)
(0.0530047 -0.0319429 0)
(0.0372324 -0.0719313 0)
(0.0135638 -0.126459 0)
(-0.0121459 -0.265934 0)
(-0.00294771 0.0279253 0)
(-0.00584277 0.0310429 0)
(-0.00642694 0.0300472 0)
(-0.00598682 0.0284758 0)
(-0.00487142 0.0270373 0)
(-0.00316119 0.0260151 0)
(-0.000751129 0.0256146 0)
(0.00248241 0.0259093 0)
(0.00674031 0.0269683 0)
(0.0122106 0.0287734 0)
(0.0190781 0.031099 0)
(0.0274533 0.0333758 0)
(0.0373169 0.0344182 0)
(0.0482507 0.0320183 0)
(0.0577322 0.0228308 0)
(0.0619622 0.0043878 0)
(0.0563029 -0.0211837 0)
(0.045631 -0.0561864 0)
(0.0232806 -0.10449 0)
(-0.0074668 -0.269841 0)
(-0.00445397 0.0458019 0)
(-0.00690067 0.0428386 0)
(-0.0058473 0.0365951 0)
(-0.00396403 0.0314366 0)
(-0.00173016 0.0280114 0)
(0.00115431 0.0255762 0)
(0.00475913 0.023886 0)
(0.00909374 0.0229073 0)
(0.0142642 0.0225895 0)
(0.0204885 0.0228834 0)
(0.0279494 0.0236603 0)
(0.0366998 0.0245169 0)
(0.046423 0.0245858 0)
(0.056453 0.02256 0)
(0.0648308 0.0168128 0)
(0.0692453 0.00526189 0)
(0.062705 -0.0116945 0)
(0.0624299 -0.0413805 0)
(0.0261956 -0.0803155 0)
(0.00568903 -0.269734 0)
(-0.00609371 0.0185016 0)
(-0.00844904 0.0108597 0)
(-0.00104938 0.0105943 0)
(0.00681854 0.0134085 0)
(0.0154103 0.0142116 0)
(0.0238892 0.0137332 0)
(0.0320387 0.0131779 0)
(0.0399451 0.0128421 0)
(0.0478081 0.0126786 0)
(0.0558776 0.0126504 0)
(0.0643819 0.0127588 0)
(0.0734816 0.0129202 0)
(0.0830005 0.0128687 0)
(0.0926154 0.0119347 0)
(0.100375 0.00954767 0)
(0.106742 0.00407096 0)
(0.1001 -0.0035118 0)
(0.11005 -0.0221662 0)
(0.0308143 -0.0436256 0)
(0.0717225 -0.226979 0)
(0.0407653 0.0925066 0)
(0.0628345 0.0698835 0)
(0.0882604 0.0439771 0)
(0.110074 0.0293818 0)
(0.126798 0.0216509 0)
(0.140732 0.0170777 0)
(0.153333 0.014049 0)
(0.165016 0.0118966 0)
(0.175952 0.0102785 0)
(0.18633 0.0090249 0)
(0.19633 0.00802922 0)
(0.206078 0.00718125 0)
(0.215492 0.00643603 0)
(0.224539 0.00567087 0)
(0.231785 0.00478543 0)
(0.239032 0.00349714 0)
(0.233219 0.00192724 0)
(0.253597 -0.00318811 0)
(0.127048 0.0033071 0)
(0.378818 -0.0983351 0)
)
;

boundaryField
{
    movingWall
    {
        type            fixedValue;
        value           uniform (1 0 0);
    }
    fixedWalls
    {
        type            noSlip;
    }
    frontAndBack
    {
        type            empty;
    }
}


// ************************************************************************* //
