/*--------------------------------*- C++ -*----------------------------------*\
| =========                 |                                                 |
| \\      /  F ield         | OpenFOAM: The Open Source CFD Toolbox           |
|  \\    /   O peration     | Version:  2412                                  |
|   \\  /    A nd           | Website:  www.openfoam.com                      |
|    \\/     M anipulation  |                                                 |
\*---------------------------------------------------------------------------*/
FoamFile
{
    version     2.0;
    format      ascii;
    arch        "LSB;label=32;scalar=64";
    class       volScalarField;
    location    "3";
    object      epsilon;
}
// * * * * * * * * * * * * * * * * * * * * * * * * * * * * * * * * * * * * * //

dimensions      [0 2 -3 0 0 0 0];

internalField   nonuniform List<scalar> 
400
(
5.4883e-05
9.16403e-05
0.000187012
0.000533517
0.00165939
0.00405434
0.00703263
0.00896132
0.00985003
0.0101239
0.0100313
0.00930603
0.00859137
0.00776384
0.00702734
0.0063102
0.00544295
0.00399156
0.00161636
0.000490366
0.000101121
0.000174468
0.000472629
0.00129828
0.00284725
0.00413355
0.00470786
0.00454708
0.00369722
0.00311886
0.00277981
0.00267186
0.00292265
0.00335243
0.00399993
0.00490124
0.00586726
0.00632582
0.00461096
0.00163846
0.000265786
0.000452136
0.00111806
0.00215679
0.00282704
0.0030939
0.0024644
0.00199059
0.00168317
0.00157656
0.00156374
0.00170465
0.00191733
0.002265
0.00284335
0.00382008
0.00538522
0.00749404
0.00901413
0.00632925
0.000613409
0.00083228
0.00164593
0.00221109
0.00238867
0.00193681
0.00144172
0.00122029
0.00112915
0.00110809
0.00112758
0.0011996
0.00130532
0.0015049
0.00188762
0.00265728
0.00417861
0.00704224
0.0116079
0.0138727
0.00109414
0.00116797
0.00182268
0.00203595
0.00179944
0.00128996
0.00100718
0.000885223
0.000830351
0.000807045
0.000801485
0.00083664
0.00091569
0.00105493
0.00132217
0.00189729
0.00318876
0.00601609
0.0123021
0.020634
0.00163467
0.00136707
0.00177144
0.00177711
0.00137452
0.000959189
0.000773628
0.000684459
0.000626611
0.000591958
0.000580257
0.000600931
0.000675361
0.000794395
0.000997488
0.00142156
0.00249935
0.00525181
0.0122283
0.0255633
0.00215236
0.00142569
0.00166498
0.00155052
0.00110139
0.00077343
0.000631142
0.0005536
0.000487495
0.000443292
0.000426128
0.000429685
0.000490162
0.000598369
0.000774423
0.00110846
0.00196187
0.00448696
0.0116714
0.029144
0.00258257
0.00140633
0.00153678
0.00137552
0.000945469
0.000670732
0.000546052
0.000468864
0.000397935
0.000344513
0.000321208
0.000317949
0.000363282
0.000462989
0.000635498
0.000926795
0.00166145
0.0040282
0.0114
0.031968
0.00298185
0.00136156
0.00140784
0.00124699
0.00084958
0.000600962
0.000490975
0.000418062
0.00034782
0.000292901
0.000268959
0.000266424
0.000303687
0.000396314
0.000569925
0.000836686
0.00145283
0.00364392
0.0113114
0.0345069
0.0033091
0.00128314
0.00129293
0.00117199
0.000827314
0.000584928
0.000465948
0.000394121
0.000332838
0.000282814
0.000254007
0.000252122
0.000284463
0.000372728
0.000549247
0.000806964
0.00135977
0.00340077
0.0114353
0.0370071
0.00356099
0.00127857
0.0011943
0.00111737
0.000842406
0.000597093
0.000470022
0.000395868
0.000337277
0.000290766
0.000263126
0.000264795
0.00029076
0.000375298
0.000568723
0.000820015
0.0013321
0.00322283
0.0118314
0.0397263
0.00359835
0.00130087
0.00111577
0.00107619
0.000891983
0.000638948
0.000493648
0.000410711
0.000353288
0.000311264
0.000287339
0.000293191
0.000327253
0.000425563
0.00063859
0.000884511
0.00134509
0.00313546
0.0123448
0.0428532
0.00351507
0.00134642
0.0010524
0.00104224
0.000956239
0.000743914
0.000560561
0.000456087
0.000391753
0.000349274
0.000331653
0.000343073
0.000389055
0.000504417
0.000724814
0.0009547
0.00137231
0.00305763
0.0130086
0.0466251
0.00328986
0.0013444
0.0010014
0.00100762
0.000980197
0.000888425
0.000720398
0.000575568
0.000485175
0.000430484
0.000419545
0.000436787
0.000492155
0.000615331
0.000806909
0.00101298
0.00138413
0.00292147
0.0136822
0.0513192
0.00283679
0.00129001
0.000924165
0.0009384
0.000977309
0.000961476
0.000901149
0.000789042
0.000688144
0.000614535
0.000580994
0.000589923
0.000627935
0.000714358
0.000858159
0.0010469
0.00138312
0.00279439
0.0142144
0.0573755
0.00244871
0.00117256
0.000861273
0.000879014
0.000948349
0.00099334
0.000981874
0.000941353
0.000865229
0.000790353
0.00073109
0.000713413
0.000729284
0.00078144
0.000893213
0.00109057
0.00141632
0.00277456
0.0146639
0.0654659
0.00178574
0.000882589
0.000721005
0.000773832
0.00088987
0.000998275
0.00104029
0.00102997
0.000995116
0.000939217
0.00088787
0.000870877
0.000887214
0.000947961
0.00108062
0.00134667
0.00176809
0.00357323
0.0176759
0.0766633
0.00185566
0.0009406
0.000953298
0.00110124
0.00130132
0.00147277
0.00160161
0.00166605
0.00170314
0.00172779
0.00175755
0.0018238
0.00193212
0.00212869
0.00234691
0.00281448
0.00376511
0.0076413
0.0250736
0.0945857
0.00295714
0.00467648
0.00687425
0.00843101
0.00952262
0.010326
0.0109512
0.0114614
0.0118988
0.0123649
0.0128678
0.0135013
0.0142185
0.0151453
0.0163132
0.0176309
0.0205936
0.0317999
0.0491044
0.126006
0.0444702
0.086008
0.122894
0.143669
0.154361
0.159754
0.162219
0.163167
0.163272
0.163247
0.163313
0.163544
0.164069
0.164787
0.166168
0.167864
0.17198
0.173259
0.189108
0.165043
)
;

boundaryField
{
    movingWall
    {
        type            epsilonWallFunction;
        blending        stepwise;
        value           nonuniform List<scalar> 
20
(
0.0444702
0.086008
0.122894
0.143669
0.154361
0.159754
0.162219
0.163167
0.163272
0.163247
0.163313
0.163544
0.164069
0.164787
0.166168
0.167864
0.17198
0.173259
0.189108
0.165043
)
;
    }
    fixedWalls
    {
        type            epsilonWallFunction;
        blending        stepwise;
        value           nonuniform List<scalar> 
60
(
5.4883e-05
0.000101121
0.000265786
0.000613409
0.00109414
0.00163467
0.00215236
0.00258257
0.00298185
0.0033091
0.00356099
0.00359835
0.00351507
0.00328986
0.00283679
0.00244871
0.00178574
0.00185566
0.00295714
0.0444702
0.000490366
0.00163846
0.00632925
0.0138727
0.020634
0.0255633
0.029144
0.031968
0.0345069
0.0370071
0.0397263
0.0428532
0.0466251
0.0513192
0.0573755
0.0654659
0.0766633
0.0945857
0.126006
0.165043
5.4883e-05
9.16403e-05
0.000187012
0.000533517
0.00165939
0.00405434
0.00703263
0.00896132
0.00985003
0.0101239
0.0100313
0.00930603
0.00859137
0.00776384
0.00702734
0.0063102
0.00544295
0.00399156
0.00161636
0.000490366
)
;
    }
    frontAndBack
    {
        type            empty;
    }
}


// ************************************************************************* //
