/*--------------------------------*- C++ -*----------------------------------*\
| =========                 |                                                 |
| \\      /  F ield         | OpenFOAM: The Open Source CFD Toolbox           |
|  \\    /   O peration     | Version:  2412                                  |
|   \\  /    A nd           | Website:  www.openfoam.com                      |
|    \\/     M anipulation  |                                                 |
\*---------------------------------------------------------------------------*/
FoamFile
{
    version     2.0;
    format      ascii;
    arch        "LSB;label=32;scalar=64";
    class       volScalarField;
    location    "3";
    object      p;
}
// * * * * * * * * * * * * * * * * * * * * * * * * * * * * * * * * * * * * * //

dimensions      [0 2 -2 0 0 0 0];

internalField   nonuniform List<scalar> 
400
(
7.85438e-08
-4.83153e-05
-0.000121314
-0.000235291
-0.000311139
-0.000446061
-0.000907179
-0.00183488
-0.00311511
-0.00438711
-0.00517987
-0.00516036
-0.00423313
-0.00239073
0.000255318
0.00324988
0.00567939
0.00676509
0.00666963
0.00630206
4.72733e-05
-6.01354e-06
-7.30775e-05
-0.000175647
-0.000355896
-0.000697958
-0.00149045
-0.00282651
-0.0043703
-0.00565863
-0.00636933
-0.00635092
-0.00556127
-0.00391579
-0.00148418
0.00141372
0.00412071
0.00585713
0.00632086
0.00603342
0.000156167
6.7979e-05
-6.12933e-05
-0.00028795
-0.000779975
-0.00175756
-0.00324087
-0.00499466
-0.00661515
-0.00781928
-0.00846156
-0.00844502
-0.00774426
-0.00637523
-0.00437013
-0.00180041
0.00115902
0.00399984
0.00568428
0.00573597
0.000184468
4.88692e-05
-0.000174037
-0.000698812
-0.00178371
-0.00346082
-0.00546761
-0.00742166
-0.00901204
-0.0100697
-0.0105385
-0.0104428
-0.00977058
-0.00862104
-0.00704566
-0.00504534
-0.0024582
0.000880019
0.00403944
0.00489798
-4.13149e-06
-0.000213728
-0.000612664
-0.00153355
-0.00317662
-0.00533765
-0.0075795
-0.00951553
-0.0109453
-0.0118097
-0.0121273
-0.0119354
-0.0112887
-0.0102701
-0.00898013
-0.00745721
-0.00553021
-0.00267506
0.00108903
0.00309392
-0.000497426
-0.000800517
-0.00139922
-0.00265429
-0.00467435
-0.00708435
-0.0093701
-0.0112013
-0.0124903
-0.0132531
-0.0135083
-0.0132722
-0.0126009
-0.0116055
-0.0104244
-0.00915202
-0.00773985
-0.00573717
-0.00243456
0.000394464
-0.00127172
-0.00164062
-0.00238164
-0.00383716
-0.0060542
-0.0085508
-0.0108029
-0.0125483
-0.0137707
-0.0145048
-0.0147478
-0.0144968
-0.0137975
-0.0127755
-0.011607
-0.0104318
-0.00927982
-0.0079318
-0.00550178
-0.00273145
-0.00216277
-0.00255216
-0.0033611
-0.00489319
-0.00715326
-0.00964073
-0.0118511
-0.0135578
-0.0147725
-0.015522
-0.0157825
-0.0155318
-0.0148057
-0.013738
-0.0125419
-0.0113887
-0.0103376
-0.00932179
-0.00768336
-0.0055585
-0.00297761
-0.00335462
-0.00416184
-0.00568023
-0.00786132
-0.010294
-0.0124713
-0.014176
-0.0154138
-0.0161927
-0.0164776
-0.0162343
-0.0154873
-0.0143708
-0.0131332
-0.0119739
-0.0109602
-0.0100904
-0.00897445
-0.00757645
-0.00358245
-0.00392658
-0.00468639
-0.00610748
-0.00812797
-0.0104704
-0.012616
-0.0143333
-0.0156003
-0.016402
-0.0167012
-0.0164594
-0.0156959
-0.0145416
-0.0132755
-0.0121177
-0.0111263
-0.010337
-0.00949052
-0.00866622
-0.00392347
-0.00421802
-0.00491573
-0.00617252
-0.00797451
-0.0101347
-0.0122391
-0.0139714
-0.0152614
-0.0160739
-0.0163703
-0.0161209
-0.0153493
-0.0141926
-0.0129331
-0.0117954
-0.0108339
-0.0100879
-0.00939015
-0.00892732
-0.00402283
-0.00425824
-0.00485533
-0.00590192
-0.00745065
-0.00935872
-0.0113559
-0.01307
-0.0143676
-0.0151843
-0.0154749
-0.015218
-0.0144535
-0.0133335
-0.0121258
-0.0110413
-0.0101226
-0.00941181
-0.00882331
-0.00859477
-0.00394401
-0.00411426
-0.00458594
-0.00540358
-0.00666101
-0.00827901
-0.0100621
-0.0116851
-0.0129589
-0.0137724
-0.0140638
-0.0138217
-0.0131018
-0.0120697
-0.0109639
-0.00995654
-0.00908113
-0.00840625
-0.00792395
-0.00788724
-0.00376309
-0.00386642
-0.00420105
-0.0047984
-0.00575925
-0.00706107
-0.00856471
-0.010022
-0.0112224
-0.012018
-0.0123285
-0.0121433
-0.0115203
-0.0106167
-0.00963273
-0.0086968
-0.007847
-0.00718369
-0.00675426
-0.00670235
-0.00355707
-0.00358799
-0.00377782
-0.00417548
-0.00487704
-0.00589056
-0.00712056
-0.00838262
-0.00947571
-0.0102421
-0.0105901
-0.010494
-0.0100022
-0.00923223
-0.00834652
-0.00744904
-0.00660767
-0.00590308
-0.00533102
-0.00475979
-0.00335118
-0.00329482
-0.00333832
-0.00356821
-0.00407603
-0.00487756
-0.00590089
-0.00699829
-0.00799432
-0.00874111
-0.00913509
-0.00913004
-0.00875603
-0.00809852
-0.0072813
-0.00639044
-0.00554733
-0.00472968
-0.00391322
-0.00270479
-0.00325223
-0.00307542
-0.00295819
-0.00303142
-0.00339195
-0.00405408
-0.00494987
-0.00594415
-0.00688135
-0.00762292
-0.00806208
-0.00814321
-0.00787464
-0.00731025
-0.00653916
-0.00562071
-0.0046984
-0.00357965
-0.00279378
-0.00261473
-0.00284862
-0.00253441
-0.00234046
-0.0023283
-0.00259989
-0.00319828
-0.00406178
-0.00505226
-0.00601282
-0.00679708
-0.0072984
-0.00746025
-0.00727605
-0.00677731
-0.00602544
-0.00503694
-0.00389
-0.0019272
-0.00119811
-0.00194212
-0.00439485
-0.00364576
-0.00285422
-0.00236747
-0.00238096
-0.00285862
-0.00366396
-0.00462637
-0.00558379
-0.00639785
-0.00696182
-0.00720674
-0.00710837
-0.0066642
-0.00588288
-0.00460479
-0.00291234
0.000754108
0.00249178
0.0156697
-0.000797431
0.00116935
0.000601389
-0.000415306
-0.00119282
-0.00199406
-0.00297972
-0.00406049
-0.00509321
-0.0059641
-0.00657922
-0.00686156
-0.00676916
-0.00627468
-0.00538563
-0.00385553
-0.00197866
0.00341923
0.00575328
0.0598878
)
;

boundaryField
{
    movingWall
    {
        type            zeroGradient;
    }
    fixedWalls
    {
        type            zeroGradient;
    }
    frontAndBack
    {
        type            empty;
    }
}


// ************************************************************************* //
