/*--------------------------------*- C++ -*----------------------------------*\
| =========                 |                                                 |
| \\      /  F ield         | OpenFOAM: The Open Source CFD Toolbox           |
|  \\    /   O peration     | Version:  2412                                  |
|   \\  /    A nd           | Website:  www.openfoam.com                      |
|    \\/     M anipulation  |                                                 |
\*---------------------------------------------------------------------------*/
FoamFile
{
    version     2.0;
    format      ascii;
    arch        "LSB;label=32;scalar=64";
    class       volVectorField;
    location    "3";
    object      U;
}
// * * * * * * * * * * * * * * * * * * * * * * * * * * * * * * * * * * * * * //

dimensions      [0 1 -1 0 0 0 0];

internalField   nonuniform List<vector> 
400
(
(0.00119921 -0.00147371 0)
(0.00199041 -0.000915088 0)
(0.000796139 -0.000351671 0)
(-0.00386746 0.000611977 0)
(-0.0135488 0.00350973 0)
(-0.0335665 0.0107126 0)
(-0.0616782 0.0157023 0)
(-0.0910318 0.0163709 0)
(-0.117272 0.0137974 0)
(-0.137051 0.00969509 0)
(-0.149152 0.00538915 0)
(-0.154061 0.00121867 0)
(-0.152415 -0.00299633 0)
(-0.143421 -0.00736292 0)
(-0.126233 -0.0115425 0)
(-0.100579 -0.0150482 0)
(-0.0688082 -0.017284 0)
(-0.0350411 -0.0158995 0)
(-0.00441204 -0.00866615 0)
(0.00707406 0.00467324 0)
(-0.000509286 -0.00189552 0)
(-0.00414789 0.00165075 0)
(-0.0122067 0.00620943 0)
(-0.0277836 0.0156546 0)
(-0.0518697 0.0287792 0)
(-0.0800894 0.0385613 0)
(-0.109001 0.0420884 0)
(-0.133208 0.0389017 0)
(-0.150917 0.0312506 0)
(-0.162508 0.0217029 0)
(-0.169663 0.0116467 0)
(-0.172283 0.00184891 0)
(-0.169917 -0.00818624 0)
(-0.162878 -0.0190617 0)
(-0.150299 -0.0311885 0)
(-0.13099 -0.0437296 0)
(-0.103341 -0.0526973 0)
(-0.0683562 -0.0511458 0)
(-0.0300765 -0.0317872 0)
(-0.00120741 -0.00159251 0)
(-0.00330782 0.00323347 0)
(-0.0126742 0.0120277 0)
(-0.0279066 0.0236097 0)
(-0.0498544 0.0399592 0)
(-0.0767893 0.0557614 0)
(-0.103028 0.0647938 0)
(-0.124372 0.0641438 0)
(-0.13923 0.0553705 0)
(-0.148668 0.0423497 0)
(-0.154504 0.0281665 0)
(-0.157026 0.0143832 0)
(-0.156617 0.000810473 0)
(-0.15403 -0.0129027 0)
(-0.149293 -0.0274084 0)
(-0.142357 -0.0439805 0)
(-0.132299 -0.0630855 0)
(-0.116352 -0.081985 0)
(-0.090072 -0.0911303 0)
(-0.0526494 -0.0740543 0)
(-0.0113934 -0.0208119 0)
(-0.00615601 0.01426 0)
(-0.0193254 0.0274757 0)
(-0.0378462 0.0440256 0)
(-0.0615368 0.0642927 0)
(-0.0855548 0.0799754 0)
(-0.105371 0.0849049 0)
(-0.118505 0.0783349 0)
(-0.125669 0.0642307 0)
(-0.128631 0.0473334 0)
(-0.128575 0.0304405 0)
(-0.126422 0.0145178 0)
(-0.123285 -0.000333143 0)
(-0.119327 -0.0145657 0)
(-0.114945 -0.0293314 0)
(-0.111217 -0.0464385 0)
(-0.108477 -0.0680844 0)
(-0.104216 -0.0944657 0)
(-0.0915209 -0.118312 0)
(-0.0637021 -0.118022 0)
(-0.0240488 -0.0612405 0)
(-0.00765708 0.0280823 0)
(-0.0220948 0.044717 0)
(-0.0410509 0.0646965 0)
(-0.0624341 0.0860013 0)
(-0.0813596 0.098688 0)
(-0.0946387 0.0979023 0)
(-0.101618 0.0853914 0)
(-0.104091 0.0668449 0)
(-0.103979 0.0469873 0)
(-0.102501 0.0281102 0)
(-0.100177 0.0108864 0)
(-0.0965667 -0.00494254 0)
(-0.0915418 -0.0196532 0)
(-0.0857039 -0.0338581 0)
(-0.0803515 -0.0489306 0)
(-0.0774132 -0.0679038 0)
(-0.0777154 -0.094889 0)
(-0.0758458 -0.129331 0)
(-0.0605271 -0.15177 0)
(-0.028454 -0.107555 0)
(-0.00753603 0.0426141 0)
(-0.0213764 0.0616031 0)
(-0.0380429 0.0831488 0)
(-0.0553295 0.103302 0)
(-0.0690528 0.111826 0)
(-0.0773816 0.105597 0)
(-0.0809545 0.0885328 0)
(-0.0819758 0.0672651 0)
(-0.0821821 0.046143 0)
(-0.0821219 0.0265426 0)
(-0.0810938 0.00817822 0)
(-0.078242 -0.00936693 0)
(-0.0733968 -0.0258814 0)
(-0.0668881 -0.0410494 0)
(-0.0597979 -0.0553037 0)
(-0.0540512 -0.0709562 0)
(-0.0523944 -0.0934603 0)
(-0.0542434 -0.129533 0)
(-0.0484443 -0.169993 0)
(-0.0266351 -0.152084 0)
(-0.00631266 0.0560279 0)
(-0.0179036 0.0762645 0)
(-0.0308512 0.0976849 0)
(-0.0434351 0.11591 0)
(-0.0524784 0.120555 0)
(-0.0576607 0.110278 0)
(-0.0599197 0.0905536 0)
(-0.0612638 0.0682056 0)
(-0.0627043 0.0467895 0)
(-0.063972 0.0265626 0)
(-0.0639394 0.0067102 0)
(-0.0619178 -0.0128746 0)
(-0.0577268 -0.0315076 0)
(-0.051656 -0.0482322 0)
(-0.044705 -0.0628 0)
(-0.0382622 -0.0768731 0)
(-0.034372 -0.0950622 0)
(-0.0355831 -0.127279 0)
(-0.0342947 -0.177135 0)
(-0.0214765 -0.187416 0)
(-0.00440674 0.0666803 0)
(-0.0128138 0.0874423 0)
(-0.021475 0.107847 0)
(-0.0291718 0.123777 0)
(-0.0340823 0.126014 0)
(-0.0373751 0.113619 0)
(-0.0391926 0.092691 0)
(-0.0410996 0.0700647 0)
(-0.0432761 0.048491 0)
(-0.0451261 0.0274768 0)
(-0.0456733 0.0060667 0)
(-0.044415 -0.0155777 0)
(-0.0411627 -0.0363309 0)
(-0.036249 -0.054546 0)
(-0.0306438 -0.0693987 0)
(-0.0254091 -0.0824593 0)
(-0.0217053 -0.0979646 0)
(-0.0221895 -0.125493 0)
(-0.0227 -0.179898 0)
(-0.0160415 -0.212164 0)
(-0.00219393 0.0735711 0)
(-0.00704511 0.0945257 0)
(-0.0112205 0.113438 0)
(-0.0142622 0.127438 0)
(-0.0156018 0.128751 0)
(-0.017104 0.115999 0)
(-0.0184498 0.0949527 0)
(-0.0204534 0.0723221 0)
(-0.0226455 0.0504951 0)
(-0.0244073 0.0287941 0)
(-0.0251315 0.00620719 0)
(-0.0245572 -0.017102 0)
(-0.0225608 -0.0396608 0)
(-0.0195357 -0.0591099 0)
(-0.0162013 -0.074084 0)
(-0.0132344 -0.0862825 0)
(-0.0112684 -0.0999035 0)
(-0.0124704 -0.124458 0)
(-0.0142258 -0.179449 0)
(-0.012482 -0.22926 0)
(4.68667e-05 0.0764046 0)
(-0.00135687 0.0974099 0)
(-0.00128741 0.114496 0)
(-0.000110279 0.127512 0)
(0.00208258 0.128761 0)
(0.00287718 0.117032 0)
(0.0024949 0.0967399 0)
(0.000964163 0.0743869 0)
(-0.000753606 0.0522949 0)
(-0.00206948 0.0300299 0)
(-0.00267413 0.00676366 0)
(-0.00263383 -0.0173661 0)
(-0.00208044 -0.040874 0)
(-0.00150087 -0.0609494 0)
(-0.00119247 -0.0758994 0)
(-0.00119979 -0.087452 0)
(-0.00178084 -0.0996145 0)
(-0.00491074 -0.121848 0)
(-0.00828665 -0.177188 0)
(-0.010546 -0.240984 0)
(0.00205495 0.0753643 0)
(0.00378575 0.0964492 0)
(0.00743073 0.111784 0)
(0.0122548 0.123821 0)
(0.0181506 0.125444 0)
(0.0216347 0.116197 0)
(0.0232965 0.0975562 0)
(0.0229296 0.0758441 0)
(0.0219618 0.0536487 0)
(0.02113 0.0310587 0)
(0.0206087 0.00755894 0)
(0.0200941 -0.0166626 0)
(0.019122 -0.0400688 0)
(0.0170355 -0.0598602 0)
(0.0139047 -0.0744641 0)
(0.0105086 -0.085535 0)
(0.00698261 -0.0966829 0)
(0.00138919 -0.117096 0)
(-0.00404796 -0.172756 0)
(-0.00976689 -0.249126 0)
(0.00362175 0.0710537 0)
(0.00798876 0.0923008 0)
(0.0143113 0.105895 0)
(0.0220612 0.116524 0)
(0.0311168 0.118992 0)
(0.0381069 0.112066 0)
(0.0426525 0.0963582 0)
(0.0444141 0.0761863 0)
(0.0446772 0.0543961 0)
(0.0444146 0.031881 0)
(0.0437749 0.00869056 0)
(0.0423613 -0.014758 0)
(0.0395835 -0.037024 0)
(0.0347479 -0.055698 0)
(0.0282453 -0.0696283 0)
(0.0214461 -0.0803611 0)
(0.0149168 -0.0908646 0)
(0.00671509 -0.110002 0)
(-0.000908809 -0.165997 0)
(-0.00970414 -0.255215 0)
(0.00459539 0.0642261 0)
(0.0109771 0.0856844 0)
(0.0190689 0.0977164 0)
(0.0288374 0.106477 0)
(0.0401585 0.109187 0)
(0.0504509 0.104384 0)
(0.0583543 0.0919997 0)
(0.0630837 0.0743937 0)
(0.0653109 0.0540707 0)
(0.065945 0.0325021 0)
(0.0651755 0.0103747 0)
(0.0626614 -0.0115382 0)
(0.057804 -0.0317808 0)
(0.0502363 -0.0485705 0)
(0.0408202 -0.0615522 0)
(0.0310461 -0.072051 0)
(0.021754 -0.0821857 0)
(0.0110589 -0.100511 0)
(0.00137446 -0.15723 0)
(-0.0101166 -0.260012 0)
(0.00489979 0.0559773 0)
(0.0126032 0.077488 0)
(0.0217128 0.0881809 0)
(0.0325403 0.0948502 0)
(0.0450914 0.0969938 0)
(0.0575461 0.0935548 0)
(0.0682561 0.0840379 0)
(0.0760444 0.0695634 0)
(0.0806927 0.0518633 0)
(0.0826151 0.0324694 0)
(0.0819389 0.0125334 0)
(0.0784984 -0.00687471 0)
(0.0718727 -0.02442 0)
(0.0622759 -0.0390042 0)
(0.0508528 -0.0508559 0)
(0.0389621 -0.0611035 0)
(0.0273946 -0.0709498 0)
(0.0144607 -0.0888614 0)
(0.00307264 -0.146169 0)
(-0.0107966 -0.26359 0)
(0.00452103 0.0469365 0)
(0.0127104 0.068245 0)
(0.0223784 0.0778231 0)
(0.0335521 0.0825807 0)
(0.046389 0.0836847 0)
(0.0597408 0.0807637 0)
(0.0720226 0.0733058 0)
(0.0818712 0.06184 0)
(0.0885802 0.0474302 0)
(0.091801 0.0312659 0)
(0.0915162 0.0145981 0)
(0.0877559 -0.00142504 0)
(0.0805429 -0.0158213 0)
(0.070423 -0.0281193 0)
(0.0582887 -0.0386524 0)
(0.0454221 -0.048403 0)
(0.0320718 -0.0578098 0)
(0.0175723 -0.0759197 0)
(0.00550113 -0.132233 0)
(-0.0111141 -0.265643 0)
(0.00330468 0.0399457 0)
(0.0113243 0.0596876 0)
(0.0212148 0.0676949 0)
(0.0324742 0.0706444 0)
(0.0452089 0.0704672 0)
(0.0586063 0.0675241 0)
(0.0713348 0.0615245 0)
(0.0820858 0.0526674 0)
(0.0899063 0.0415787 0)
(0.0941643 0.0291136 0)
(0.0947096 0.016276 0)
(0.0915984 0.00391959 0)
(0.0850935 -0.00730895 0)
(0.0756974 -0.0172322 0)
(0.063985 -0.0261698 0)
(0.05112 -0.0350084 0)
(0.0362463 -0.0438929 0)
(0.0227219 -0.0636708 0)
(0.0110504 -0.116131 0)
(-0.00996187 -0.26767 0)
(0.00084839 0.0296518 0)
(0.00757271 0.0475461 0)
(0.0177599 0.0549746 0)
(0.0295036 0.0572335 0)
(0.0423807 0.056514 0)
(0.055707 0.0537774 0)
(0.0684798 0.0491294 0)
(0.0795516 0.0427104 0)
(0.0880023 0.0348477 0)
(0.0932225 0.0260576 0)
(0.0949883 0.016903 0)
(0.0932124 0.00797315 0)
(0.088095 -0.000284402 0)
(0.0800487 -0.00773278 0)
(0.0693905 -0.0146094 0)
(0.0573138 -0.0219388 0)
(0.041365 -0.0303457 0)
(0.0335126 -0.0536178 0)
(0.0191883 -0.101109 0)
(-0.00589959 -0.272675 0)
(-0.0030146 0.041853 0)
(0.00197985 0.0515175 0)
(0.0125451 0.0520869 0)
(0.0247877 0.0499804 0)
(0.0381254 0.0470621 0)
(0.0518244 0.043604 0)
(0.0649832 0.0394771 0)
(0.076649 0.0345531 0)
(0.086089 0.0289507 0)
(0.0927474 0.0230003 0)
(0.0961932 0.0171042 0)
(0.0963561 0.0115884 0)
(0.093291 0.00661039 0)
(0.0874118 0.00210654 0)
(0.0787833 -0.00223361 0)
(0.0694508 -0.00825144 0)
(0.0540059 -0.0172101 0)
(0.0565127 -0.0426935 0)
(0.0232859 -0.0810641 0)
(0.00765388 -0.273247 0)
(-0.00838229 0.0106345 0)
(-0.010937 0.0100309 0)
(0.00451604 0.0152314 0)
(0.0223383 0.0200725 0)
(0.0403211 0.0218377 0)
(0.0574812 0.0217247 0)
(0.0733316 0.0206139 0)
(0.0872861 0.0189266 0)
(0.0989145 0.0168186 0)
(0.108012 0.0143942 0)
(0.114559 0.0118315 0)
(0.118715 0.00934409 0)
(0.120671 0.00708286 0)
(0.12084 0.00492683 0)
(0.118685 0.00267087 0)
(0.116241 -0.00125252 0)
(0.103676 -0.00628646 0)
(0.112434 -0.0232382 0)
(0.0305993 -0.0449659 0)
(0.0740749 -0.22963 0)
(0.0396801 0.0936852 0)
(0.0584524 0.0680566 0)
(0.0847788 0.041969 0)
(0.10876 0.0278362 0)
(0.128629 0.0207485 0)
(0.146587 0.0167923 0)
(0.163517 0.0142501 0)
(0.179233 0.0124171 0)
(0.193415 0.0109582 0)
(0.205898 0.00972039 0)
(0.216616 0.0086321 0)
(0.225588 0.00765636 0)
(0.232823 0.00674276 0)
(0.238582 0.00582029 0)
(0.242088 0.00478488 0)
(0.24589 0.00344387 0)
(0.237678 0.00198276 0)
(0.256745 -0.00305518 0)
(0.130524 0.0029452 0)
(0.380879 -0.0989735 0)
)
;

boundaryField
{
    movingWall
    {
        type            fixedValue;
        value           uniform (1 0 0);
    }
    fixedWalls
    {
        type            noSlip;
    }
    frontAndBack
    {
        type            empty;
    }
}


// ************************************************************************* //
