/*--------------------------------*- C++ -*----------------------------------*\
| =========                 |                                                 |
| \\      /  F ield         | OpenFOAM: The Open Source CFD Toolbox           |
|  \\    /   O peration     | Version:  2412                                  |
|   \\  /    A nd           | Website:  www.openfoam.com                      |
|    \\/     M anipulation  |                                                 |
\*---------------------------------------------------------------------------*/
FoamFile
{
    version     2.0;
    format      ascii;
    arch        "LSB;label=32;scalar=64";
    class       volScalarField;
    location    "20";
    object      k;
}
// * * * * * * * * * * * * * * * * * * * * * * * * * * * * * * * * * * * * * //

dimensions      [0 2 -2 0 0 0 0];

internalField   nonuniform List<scalar> 
400
(
0.000282221
0.000299205
0.000339905
0.000443774
0.000742761
0.00126547
0.00169648
0.00190769
0.00199186
0.00201122
0.00196612
0.00188815
0.00182328
0.00176081
0.00166626
0.00153315
0.00129034
0.000998765
0.000669369
0.000411795
0.000454234
0.000507215
0.000766635
0.00131994
0.00158856
0.00167969
0.00170284
0.0017093
0.00161777
0.00158016
0.00157917
0.00171242
0.0018383
0.00202489
0.0021444
0.00219127
0.00205551
0.00179913
0.000851218
0.000439501
0.000651145
0.00112526
0.00146828
0.00161166
0.00157927
0.00151668
0.00131255
0.00100185
0.00084252
0.00078774
0.000766683
0.000806079
0.000951857
0.00117763
0.00153746
0.00189908
0.00207491
0.00209141
0.00148077
0.000524132
0.000920178
0.0015758
0.00167492
0.00155261
0.00137748
0.00100386
0.000629555
0.000457598
0.000356233
0.000310319
0.000292581
0.000303041
0.000380709
0.00051269
0.000794523
0.00129293
0.00188175
0.00215281
0.00213171
0.000753111
0.00116031
0.00175951
0.00164988
0.00135198
0.000924769
0.000500691
0.000300065
0.000203971
0.000147986
0.000124354
0.000115903
0.000121829
0.0001581
0.000224517
0.000370563
0.000678771
0.00134929
0.00212325
0.00241446
0.00150944
0.00134935
0.00187551
0.00153546
0.00100348
0.000526976
0.000263693
0.000148225
9.48195e-05
6.71914e-05
5.59217e-05
5.2294e-05
5.5989e-05
7.32402e-05
0.000107198
0.000184146
0.000360712
0.000773847
0.00175378
0.00254041
0.00247003
0.00147199
0.00185472
0.00132816
0.000708684
0.000316914
0.000150517
8.03916e-05
4.99644e-05
3.56519e-05
2.99204e-05
2.81489e-05
3.00805e-05
3.92202e-05
5.85724e-05
0.000103596
0.000211541
0.000492919
0.00117453
0.00258868
0.00319967
0.00157229
0.00179677
0.00112154
0.000502881
0.000208848
9.48389e-05
4.96865e-05
3.09289e-05
2.27212e-05
1.93749e-05
1.83433e-05
1.93061e-05
2.43239e-05
3.57098e-05
6.36975e-05
0.000133436
0.000326877
0.000913136
0.00229462
0.00368383
0.00165079
0.00168015
0.000985981
0.00040041
0.000158542
7.00012e-05
3.64239e-05
2.29143e-05
1.72657e-05
1.50171e-05
1.43575e-05
1.50049e-05
1.80001e-05
2.55111e-05
4.54025e-05
9.77926e-05
0.000237914
0.000693379
0.00214083
0.0040278
0.00171802
0.00160085
0.000884117
0.000343625
0.000130374
5.60713e-05
2.91332e-05
1.88156e-05
1.47514e-05
1.32121e-05
1.27855e-05
1.34078e-05
1.5467e-05
2.08918e-05
3.61526e-05
7.91785e-05
0.000192775
0.00056227
0.00193624
0.00426774
0.00179347
0.00151541
0.000882368
0.000349045
0.000132501
5.67421e-05
2.9309e-05
1.88427e-05
1.46606e-05
1.29508e-05
1.23779e-05
1.29435e-05
1.46791e-05
1.92823e-05
3.27473e-05
7.27932e-05
0.000177793
0.000506127
0.00183092
0.00445925
0.00182129
0.00151818
0.000906903
0.000378388
0.000147064
6.30361e-05
3.21161e-05
2.02184e-05
1.54394e-05
1.34578e-05
1.29377e-05
1.33066e-05
1.4717e-05
1.91325e-05
3.22181e-05
7.16378e-05
0.000174719
0.000486296
0.00176602
0.00462235
0.00179758
0.00154333
0.000977033
0.000451123
0.000183519
8.02539e-05
4.04535e-05
2.45731e-05
1.80415e-05
1.52135e-05
1.45337e-05
1.50682e-05
1.71275e-05
2.29911e-05
3.90097e-05
8.49479e-05
0.000197445
0.000502283
0.00174838
0.00478859
0.00171015
0.00157822
0.00109207
0.000567206
0.000262377
0.000118415
6.00746e-05
3.55622e-05
2.50203e-05
2.01633e-05
1.89461e-05
1.98156e-05
2.29995e-05
3.13999e-05
5.24977e-05
0.000109563
0.00023469
0.000562131
0.00187662
0.00498012
0.00150474
0.00155616
0.00132296
0.000765921
0.000388
0.000195705
0.000104921
6.27859e-05
4.34314e-05
3.39647e-05
3.12079e-05
3.27268e-05
3.82623e-05
5.20013e-05
8.31429e-05
0.000162419
0.000301731
0.000642354
0.00204687
0.00525596
0.00114354
0.00150008
0.00141027
0.0011113
0.000645104
0.000358865
0.000210149
0.000133005
9.41284e-05
7.42602e-05
6.67619e-05
6.92614e-05
7.89276e-05
0.000101897
0.000147965
0.000256971
0.000404677
0.000784343
0.00234654
0.00563988
0.000696513
0.00133994
0.00140454
0.0013068
0.00105623
0.000738865
0.000500209
0.000336285
0.00024626
0.000200382
0.000175099
0.000176981
0.000189976
0.000223357
0.000283886
0.000414097
0.000581677
0.00104794
0.00282997
0.00619065
0.000611234
0.00115869
0.00144908
0.00146587
0.00137494
0.00116322
0.000926626
0.000742751
0.000602471
0.000516893
0.000460973
0.000445706
0.000458188
0.000497067
0.000579062
0.000744592
0.000975975
0.00163951
0.00360902
0.0069806
0.00118517
0.00157855
0.00191498
0.00204086
0.00204218
0.00198064
0.0018363
0.00167851
0.00155084
0.0014604
0.00142165
0.00143456
0.00147717
0.00159439
0.00179401
0.00214001
0.00247499
0.00331038
0.00469376
0.00817619
0.00541396
0.00851047
0.00993472
0.00987797
0.00960918
0.00922844
0.00892471
0.00869308
0.0085445
0.00846377
0.00847575
0.00852743
0.0086606
0.00879196
0.00897177
0.00908031
0.00929958
0.00942447
0.0100274
0.00938173
)
;

boundaryField
{
    movingWall
    {
        type            kqRWallFunction;
        value           nonuniform List<scalar> 
20
(
0.00541396
0.00851047
0.00993472
0.00987797
0.00960918
0.00922844
0.00892471
0.00869308
0.0085445
0.00846377
0.00847575
0.00852743
0.0086606
0.00879196
0.00897177
0.00908031
0.00929958
0.00942447
0.0100274
0.00938173
)
;
    }
    fixedWalls
    {
        type            kqRWallFunction;
        value           nonuniform List<scalar> 
60
(
0.000282221
0.000454234
0.000651145
0.000920178
0.00116031
0.00134935
0.00147199
0.00157229
0.00165079
0.00171802
0.00179347
0.00182129
0.00179758
0.00171015
0.00150474
0.00114354
0.000696513
0.000611234
0.00118517
0.00541396
0.000411795
0.000439501
0.000524132
0.000753111
0.00150944
0.00247003
0.00319967
0.00368383
0.0040278
0.00426774
0.00445925
0.00462235
0.00478859
0.00498012
0.00525596
0.00563988
0.00619065
0.0069806
0.00817619
0.00938173
0.000282221
0.000299205
0.000339905
0.000443774
0.000742761
0.00126547
0.00169648
0.00190769
0.00199186
0.00201122
0.00196612
0.00188815
0.00182328
0.00176081
0.00166626
0.00153315
0.00129034
0.000998765
0.000669369
0.000411795
)
;
    }
    frontAndBack
    {
        type            empty;
    }
}


// ************************************************************************* //
