/*--------------------------------*- C++ -*----------------------------------*\
| =========                 |                                                 |
| \\      /  F ield         | OpenFOAM: The Open Source CFD Toolbox           |
|  \\    /   O peration     | Version:  2412                                  |
|   \\  /    A nd           | Website:  www.openfoam.com                      |
|    \\/     M anipulation  |                                                 |
\*---------------------------------------------------------------------------*/
FoamFile
{
    version     2.0;
    format      ascii;
    arch        "LSB;label=32;scalar=64";
    class       volScalarField;
    location    "20";
    object      nut;
}
// * * * * * * * * * * * * * * * * * * * * * * * * * * * * * * * * * * * * * //

dimensions      [0 2 -1 0 0 0 0];

internalField   nonuniform List<scalar> 
400
(
9.43173e-06
9.71136e-06
1.03508e-05
1.1827e-05
1.53009e-05
1.99717e-05
2.31244e-05
2.45208e-05
2.50572e-05
2.5178e-05
2.48942e-05
2.43956e-05
2.3973e-05
2.35587e-05
2.29174e-05
2.1983e-05
2.01671e-05
1.77429e-05
1.45253e-05
1.13929e-05
1.19657e-05
1.99435e-05
2.28619e-05
2.94806e-05
2.96759e-05
2.92573e-05
2.89257e-05
3.33645e-05
3.57199e-05
3.75467e-05
3.89029e-05
4.197e-05
4.19104e-05
4.32411e-05
4.31181e-05
4.30312e-05
3.95386e-05
4.16164e-05
2.46329e-05
1.17699e-05
1.43264e-05
3.60795e-05
3.52967e-05
3.44091e-05
3.18171e-05
3.26035e-05
3.69422e-05
2.89606e-05
2.45178e-05
2.34091e-05
2.24731e-05
2.1601e-05
2.40323e-05
2.68187e-05
3.19228e-05
3.58703e-05
3.69535e-05
3.63185e-05
3.13686e-05
1.28531e-05
1.70309e-05
4.18746e-05
4.06967e-05
3.4859e-05
3.42137e-05
3.23934e-05
2.02409e-05
1.5665e-05
1.19876e-05
1.06157e-05
9.79417e-06
9.18207e-06
1.0863e-05
1.30659e-05
1.8197e-05
2.5528e-05
3.13579e-05
3.33622e-05
3.25842e-05
1.54068e-05
1.91244e-05
4.44627e-05
4.10404e-05
3.48299e-05
3.08467e-05
1.80033e-05
1.09322e-05
8.13095e-06
5.84262e-06
5.13245e-06
4.74429e-06
4.5741e-06
5.47919e-06
6.75861e-06
9.59922e-06
1.49e-05
2.56851e-05
3.11015e-05
3.22621e-05
2.18117e-05
2.06235e-05
4.89274e-05
4.05128e-05
3.11575e-05
1.9475e-05
1.06492e-05
6.12348e-06
4.53764e-06
3.3815e-06
3.09176e-06
2.94607e-06
2.9347e-06
3.36861e-06
4.06722e-06
5.57156e-06
8.61429e-06
1.45487e-05
2.78774e-05
3.1642e-05
2.79021e-05
2.15404e-05
4.95129e-05
3.82013e-05
2.54745e-05
1.26704e-05
6.81995e-06
3.88969e-06
3.03045e-06
2.46097e-06
2.39009e-06
2.35945e-06
2.37581e-06
2.68236e-06
3.29853e-06
4.5076e-06
6.65491e-06
1.10094e-05
1.92966e-05
3.17051e-05
3.17571e-05
2.22621e-05
5.07795e-05
3.54568e-05
1.94407e-05
9.10447e-06
4.76773e-06
2.90552e-06
2.37561e-06
2.20969e-06
2.28157e-06
2.32767e-06
2.33068e-06
2.39174e-06
2.67447e-06
3.48418e-06
5.09045e-06
8.3843e-06
1.56689e-05
2.8287e-05
3.40751e-05
2.28111e-05
4.91675e-05
3.36427e-05
1.62623e-05
7.38696e-06
3.84831e-06
2.50952e-06
2.1787e-06
2.25002e-06
2.45465e-06
2.55909e-06
2.52343e-06
2.41233e-06
2.6071e-06
3.49558e-06
5.32864e-06
8.10753e-06
1.41048e-05
2.69264e-05
3.56305e-05
2.32708e-05
4.93249e-05
3.19271e-05
1.50409e-05
6.61596e-06
3.40077e-06
2.30938e-06
2.15036e-06
2.41382e-06
2.72867e-06
2.86247e-06
2.74587e-06
2.4915e-06
2.44373e-06
3.01493e-06
4.68264e-06
7.57928e-06
1.29405e-05
2.5545e-05
3.66764e-05
2.37763e-05
4.40105e-05
3.31731e-05
1.55128e-05
6.82809e-06
3.48758e-06
2.34459e-06
2.15001e-06
2.37823e-06
2.70716e-06
3.01246e-06
2.83685e-06
2.53656e-06
2.40569e-06
2.92258e-06
4.63995e-06
7.72332e-06
1.31313e-05
2.57499e-05
3.74902e-05
2.396e-05
4.15814e-05
3.38752e-05
1.69393e-05
7.63055e-06
3.8429e-06
2.48111e-06
2.14971e-06
2.27651e-06
2.54029e-06
2.71566e-06
2.62078e-06
2.42061e-06
2.37882e-06
2.87842e-06
4.57675e-06
7.6813e-06
1.30703e-05
2.63733e-05
3.81696e-05
2.38035e-05
3.7779e-05
3.5417e-05
2.018e-05
9.36929e-06
4.80257e-06
2.93092e-06
2.26794e-06
2.1654e-06
2.26794e-06
2.37037e-06
2.3399e-06
2.29708e-06
2.44618e-06
3.1531e-06
5.06309e-06
8.17851e-06
1.31201e-05
2.68231e-05
3.88499e-05
2.32173e-05
3.34613e-05
3.57402e-05
2.33005e-05
1.29939e-05
6.53862e-06
3.82502e-06
2.71289e-06
2.30961e-06
2.1811e-06
2.23105e-06
2.26981e-06
2.40337e-06
2.81016e-06
3.79868e-06
6.03317e-06
9.03379e-06
1.38132e-05
2.83981e-05
3.96191e-05
2.17784e-05
2.96784e-05
4.23413e-05
3.04767e-05
1.77374e-05
1.02697e-05
6.19312e-06
4.13268e-06
3.20064e-06
2.73898e-06
2.70447e-06
2.81307e-06
3.15359e-06
3.85039e-06
5.21961e-06
7.96231e-06
1.02748e-05
1.43935e-05
2.89818e-05
4.07016e-05
1.89854e-05
2.92469e-05
3.44864e-05
3.95067e-05
2.73469e-05
1.68625e-05
1.0894e-05
7.54433e-06
5.81129e-06
4.84828e-06
4.62943e-06
4.80685e-06
5.38938e-06
6.20104e-06
7.7464e-06
1.04406e-05
1.14493e-05
1.54371e-05
3.12398e-05
4.21619e-05
1.48169e-05
2.84821e-05
3.38063e-05
3.89219e-05
3.97652e-05
3.32104e-05
2.4926e-05
1.73556e-05
1.32673e-05
1.11482e-05
1.00334e-05
1.00896e-05
1.04114e-05
1.04597e-05
1.10198e-05
1.20274e-05
1.25713e-05
1.72407e-05
3.41068e-05
4.41726e-05
1.38802e-05
2.73594e-05
3.45734e-05
3.78744e-05
4.04289e-05
3.81679e-05
3.27214e-05
2.75878e-05
2.27465e-05
1.95028e-05
1.68494e-05
1.54725e-05
1.47578e-05
1.35644e-05
1.29898e-05
1.303e-05
1.48662e-05
2.14611e-05
3.80226e-05
4.69063e-05
1.93278e-05
2.22199e-05
2.65512e-05
2.91194e-05
2.99811e-05
3.01694e-05
2.82177e-05
2.53731e-05
2.27896e-05
2.05068e-05
1.91736e-05
1.87151e-05
1.86515e-05
1.89322e-05
1.96403e-05
2.20374e-05
2.47952e-05
3.19688e-05
3.92049e-05
5.07644e-05
4.1309e-05
5.17922e-05
5.59583e-05
5.57982e-05
5.50337e-05
5.39324e-05
5.30374e-05
5.23445e-05
5.18952e-05
5.16494e-05
5.16859e-05
5.18432e-05
5.22465e-05
5.26412e-05
5.31767e-05
5.34978e-05
5.41393e-05
5.4502e-05
5.62181e-05
5.43782e-05
)
;

boundaryField
{
    movingWall
    {
        type            nutkWallFunction;
        blending        stepwise;
        value           nonuniform List<scalar> 
20
(
0
7.48254e-07
1.42934e-06
1.40332e-06
1.2789e-06
1.09917e-06
9.52712e-07
8.39074e-07
7.65263e-07
7.24846e-07
7.30859e-07
7.56734e-07
8.23001e-07
8.87798e-07
9.75589e-07
1.0281e-06
1.13307e-06
1.19223e-06
1.47164e-06
1.17204e-06
)
;
    }
    fixedWalls
    {
        type            nutkWallFunction;
        blending        stepwise;
        value           nonuniform List<scalar> 
60
(
0
0
0
0
0
0
0
0
0
0
0
0
0
0
0
0
0
0
0
0
0
0
0
0
0
0
0
0
0
0
0
0
0
0
0
0
0
0
5.79039e-07
1.17204e-06
0
0
0
0
0
0
0
0
0
0
0
0
0
0
0
0
0
0
0
0
)
;
    }
    frontAndBack
    {
        type            empty;
    }
}


// ************************************************************************* //
