/*--------------------------------*- C++ -*----------------------------------*\
| =========                 |                                                 |
| \\      /  F ield         | OpenFOAM: The Open Source CFD Toolbox           |
|  \\    /   O peration     | Version:  2412                                  |
|   \\  /    A nd           | Website:  www.openfoam.com                      |
|    \\/     M anipulation  |                                                 |
\*---------------------------------------------------------------------------*/
FoamFile
{
    version     2.0;
    format      ascii;
    arch        "LSB;label=32;scalar=64";
    class       volScalarField;
    location    "1.75";
    object      p;
}
// * * * * * * * * * * * * * * * * * * * * * * * * * * * * * * * * * * * * * //

dimensions      [0 2 -2 0 0 0 0];

internalField   nonuniform List<scalar> 
1600
(
-1.61068e-08
-1.00214e-05
-2.5659e-05
-4.22147e-05
-5.83825e-05
-7.43429e-05
-9.06479e-05
-0.000107796
-0.000125903
-0.000144543
-0.000162779
-0.000179271
-0.000192237
-0.000199413
-0.000198024
-0.000184764
-0.000155793
-0.00010668
-3.26757e-05
7.0821e-05
0.000207911
0.000381322
0.000591436
0.000835939
0.00110754
0.00139377
0.00167753
0.0019398
0.00216248
0.00233176
0.00244144
0.00249427
0.00249996
0.00247241
0.00242391
0.00237268
0.00232643
0.00229116
0.00227071
0.00226461
9.62626e-06
-5.99502e-07
-1.37562e-05
-2.77019e-05
-4.17681e-05
-5.63703e-05
-7.21015e-05
-8.92213e-05
-0.000107669
-0.000127066
-0.000146709
-0.000165397
-0.000181347
-0.000192254
-0.000195291
-0.000187099
-0.000163819
-0.00012112
-5.42977e-05
4.1403e-05
0.000170264
0.000335329
0.000537524
0.000774176
0.00103902
0.00132069
0.0016028
0.00186626
0.00209344
0.00226974
0.00238683
0.00244655
0.00245864
0.00243728
0.00239712
0.00235081
0.00231009
0.00227988
0.0022623
0.00225686
2.66062e-05
1.29914e-05
-1.32596e-06
-1.36471e-05
-2.4893e-05
-3.69862e-05
-5.09716e-05
-6.72785e-05
-8.60727e-05
-0.000107202
-0.000130004
-0.000153242
-0.00017511
-0.000193283
-0.00020498
-0.000206969
-0.000195558
-0.000166673
-0.000115737
-3.72866e-05
7.44877e-05
0.000223989
0.000412969
0.000641707
0.000903358
0.00118833
0.00148066
0.00175911
0.00200479
0.00220092
0.0023353
0.00240734
0.00242625
0.00240816
0.00236959
0.00232518
0.00228577
0.00225712
0.00224068
0.00223476
4.38688e-05
2.52052e-05
6.16199e-06
-7.62857e-06
-1.76472e-05
-2.77981e-05
-4.02586e-05
-5.61745e-05
-7.61573e-05
-0.000100167
-0.000127475
-0.000156807
-0.000186356
-0.000213948
-0.000237182
-0.00025342
-0.000259566
-0.000251601
-0.000224211
-0.000170539
-8.24885e-05
4.68928e-05
0.000221147
0.000441153
0.00070479
0.0010017
0.0013165
0.00162608
0.00190611
0.0021342
0.00229559
0.00238595
0.00241259
0.00239446
0.0023512
0.00229995
0.00225421
0.00222211
0.00220469
0.00219852
5.38032e-05
2.92207e-05
2.17573e-06
-1.69927e-05
-2.90108e-05
-3.97684e-05
-5.28547e-05
-7.01513e-05
-9.2702e-05
-0.00012065
-0.000153397
-0.000189676
-0.000227873
-0.000266394
-0.000303796
-0.000338514
-0.000368153
-0.00038856
-0.000393834
-0.000376969
-0.000327995
-0.000235763
-9.19034e-05
0.000104311
0.000362539
0.000668654
0.00100825
0.00136066
0.00169643
0.00198541
0.00220465
0.0023371
0.00238799
0.0023781
0.00233209
0.00227271
0.00221633
0.00217549
0.0021548
0.00214869
4.92343e-05
1.86022e-05
-1.85186e-05
-4.63134e-05
-6.36815e-05
-7.81647e-05
-9.47493e-05
-0.000115947
-0.000143081
-0.00017643
-0.000215504
-0.000259308
-0.000306979
-0.000358216
-0.000413194
-0.000471914
-0.000533348
-0.000594909
-0.000652205
-0.000700009
-0.00072598
-0.000712826
-0.000645476
-0.000509398
-0.000299793
-1.52352e-05
0.000336202
0.000738117
0.00116004
0.00156365
0.00190827
0.00215903
0.00230037
0.00233734
0.00230151
0.00223775
0.00217119
0.00211796
0.00209152
0.00208487
2.40918e-05
-1.21515e-05
-6.0119e-05
-9.85468e-05
-0.000123782
-0.000144626
-0.000167325
-0.000194843
-0.000228509
-0.000268631
-0.000314885
-0.000366971
-0.000425546
-0.000492674
-0.000571458
-0.000665192
-0.000776815
-0.000908448
-0.00105764
-0.00121725
-0.00137652
-0.00151326
-0.00160044
-0.00160938
-0.00151401
-0.00131751
-0.000991439
-0.000543477
-8.33659e-06
0.000572961
0.00114105
0.0016309
0.00199019
0.00219142
0.00224385
0.0021972
0.00212233
0.00205254
0.00201594
0.00200605
-2.60066e-05
-6.70465e-05
-0.000125642
-0.00017568
-0.000210485
-0.00023961
-0.000270313
-0.000305883
-0.000347617
-0.000395821
-0.000450588
-0.000512995
-0.000586315
-0.000676412
-0.000791274
-0.000940734
-0.00113582
-0.00138245
-0.00168441
-0.00203689
-0.00241772
-0.00278944
-0.00311334
-0.00335348
-0.00346453
-0.00338767
-0.00312819
-0.00268184
-0.00205187
-0.00127604
-0.00041317
0.000447786
0.00119665
0.00174599
0.00205384
0.00213314
0.00207499
0.0019909
0.00193277
0.00191163
-0.000103636
-0.000148419
-0.000216772
-0.000278635
-0.000324078
-0.000362843
-0.000402861
-0.000447709
-0.000498725
-0.000556434
-0.000621938
-0.000698709
-0.000794047
-0.000919391
-0.00109019
-0.00132634
-0.00164803
-0.00207166
-0.0026062
-0.00323674
-0.00391851
-0.00459741
-0.0052065
-0.00567593
-0.00596047
-0.00602477
-0.00584674
-0.00541965
-0.00475375
-0.0038643
-0.00278292
-0.00157331
-0.000349253
0.00073548
0.00152606
0.00193732
0.00201292
0.00194477
0.00184411
0.00179905
-0.000209645
-0.000257003
-0.000333834
-0.000407097
-0.000463584
-0.000512808
-0.00056312
-0.000618387
-0.000680141
-0.000749541
-0.000829501
-0.000927032
-0.00105481
-0.00123144
-0.00148275
-0.00184317
-0.00234421
-0.00301038
-0.00384046
-0.00479733
-0.00580661
-0.00677046
-0.00759156
-0.00820291
-0.00857488
-0.0086892
-0.0085475
-0.00815982
-0.00752987
-0.0066529
-0.00552542
-0.00415993
-0.00261249
-0.00101513
0.000411735
0.00141473
0.00185636
0.00187533
0.00175582
0.00166268
-0.000343314
-0.000391969
-0.000475663
-0.000559381
-0.000626939
-0.000687172
-0.000748642
-0.000815578
-0.00089
-0.000974261
-0.00107393
-0.00120049
-0.00137279
-0.00161825
-0.00197919
-0.00250131
-0.00322636
-0.00417947
-0.005334
-0.0066034
-0.00786533
-0.00899266
-0.00989509
-0.0105259
-0.0108795
-0.0109785
-0.0108437
-0.0104852
-0.00991142
-0.00911646
-0.00808065
-0.00677411
-0.00517648
-0.00332365
-0.00137338
0.000341525
0.00141589
0.00172636
0.00166938
0.00148936
-0.000502269
-0.000551209
-0.000639922
-0.000732897
-0.000811276
-0.000882869
-0.000956317
-0.00103631
-0.00112576
-0.00122877
-0.00135421
-0.00151836
-0.00174673
-0.0020802
-0.00257504
-0.003285
-0.00426354
-0.00551549
-0.00696227
-0.00846239
-0.00985843
-0.0110291
-0.0119175
-0.0125104
-0.0128246
-0.0128889
-0.0127304
-0.0123673
-0.0118159
-0.011082
-0.0101541
-0.00899615
-0.00754873
-0.00574944
-0.00360622
-0.00134284
0.000510545
0.00143429
0.00153731
0.00122303
-0.00068297
-0.000731541
-0.000823506
-0.000924297
-0.00101295
-0.00109606
-0.00118225
-0.00127676
-0.00138372
-0.00150949
-0.00166642
-0.00187566
-0.00217037
-0.00260685
-0.00324786
-0.00416028
-0.00539527
-0.00691463
-0.00858275
-0.0102192
-0.0116595
-0.0128152
-0.0136652
-0.014219
-0.0144994
-0.0145308
-0.014338
-0.0139445
-0.0133749
-0.0126497
-0.0117756
-0.0107341
-0.00947047
-0.00788866
-0.00587878
-0.00343814
-0.000928939
0.000822555
0.00124545
0.000869368
-0.000881281
-0.00092886
-0.00102246
-0.00112947
-0.00122762
-0.00132216
-0.00142169
-0.00153207
-0.00165876
-0.00181069
-0.00200343
-0.00226271
-0.00263138
-0.00317526
-0.00396399
-0.00507608
-0.00654055
-0.00827145
-0.0100893
-0.0117919
-0.0132348
-0.0143676
-0.0151922
-0.0157254
-0.0159856
-0.0159914
-0.0157635
-0.0153275
-0.0147149
-0.0139582
-0.0130815
-0.0120888
-0.01095
-0.0095852
-0.00785408
-0.00558314
-0.00279456
-0.000253187
0.000761241
0.000511319
-0.00109246
-0.00113847
-0.00123221
-0.00134376
-0.00145035
-0.00155597
-0.00166912
-0.00179634
-0.0019443
-0.00212435
-0.00235511
-0.00266606
-0.00310954
-0.00375596
-0.00468415
-0.00597168
-0.00762089
-0.00950667
-0.0114177
-0.0131487
-0.0145876
-0.0157118
-0.0165329
-0.0170653
-0.0173192
-0.0173084
-0.0170479
-0.0165647
-0.015897
-0.0150877
-0.0141745
-0.0131796
-0.0120971
-0.0108778
-0.00940798
-0.00747161
-0.00481247
-0.0017554
0.000102631
9.12952e-05
-0.00131143
-0.00135537
-0.00144787
-0.00156217
-0.00167593
-0.00179192
-0.00191843
-0.00206273
-0.00223261
-0.00244098
-0.0027093
-0.00307014
-0.00358176
-0.00431841
-0.00536563
-0.00679072
-0.00857478
-0.010566
-0.0125324
-0.0142792
-0.0157238
-0.0168584
-0.0176956
-0.0182439
-0.0185048
-0.0184865
-0.0181974
-0.0176656
-0.0169364
-0.0160638
-0.0150981
-0.0140746
-0.0130048
-0.0118649
-0.0105802
-0.00897606
-0.00668534
-0.00351446
-0.000851894
-0.000523473
-0.00153302
-0.00157444
-0.00166447
-0.00177969
-0.00189905
-0.00202425
-0.00216321
-0.00232379
-0.00251482
-0.00275001
-0.00305235
-0.00345746
-0.00402613
-0.00483475
-0.00596954
-0.00748698
-0.00935709
-0.0114131
-0.0134127
-0.0151758
-0.0166389
-0.0177996
-0.0186676
-0.0192445
-0.0195262
-0.0195054
-0.0191926
-0.0186138
-0.017821
-0.0168806
-0.0158563
-0.0147947
-0.0137182
-0.0126192
-0.0114528
-0.0101052
-0.0082401
-0.00532734
-0.00217352
-0.00139888
-0.00175224
-0.00179074
-0.00187719
-0.00199145
-0.00211452
-0.00224725
-0.00239705
-0.002572
-0.00278169
-0.00304061
-0.00337223
-0.0038134
-0.00442323
-0.00527977
-0.00646626
-0.00802814
-0.00993786
-0.0120248
-0.0140439
-0.0158265
-0.0173172
-0.0185134
-0.0194196
-0.0200305
-0.0203347
-0.0203215
-0.0199927
-0.0193724
-0.0185194
-0.017513
-0.016432
-0.0153331
-0.0142461
-0.0131727
-0.012087
-0.0109224
-0.00942838
-0.00698021
-0.00378168
-0.00253349
-0.00196444
-0.00199968
-0.00208154
-0.002193
-0.00231774
-0.00245598
-0.00261443
-0.00280116
-0.00302611
-0.00330411
-0.00365858
-0.00412503
-0.00475739
-0.00563443
-0.00683545
-0.00839863
-0.0103011
-0.0123857
-0.0144116
-0.0162141
-0.0177362
-0.0189699
-0.019914
-0.020558
-0.0208852
-0.0208817
-0.020543
-0.0198907
-0.0189879
-0.0179257
-0.0167975
-0.0156709
-0.0145799
-0.0135308
-0.0125095
-0.0114781
-0.0102692
-0.00833031
-0.00547876
-0.00379563
-0.00216562
-0.00219711
-0.00227361
-0.00238058
-0.00250494
-0.00264643
-0.00281096
-0.00300631
-0.00324235
-0.00353343
-0.0039018
-0.00438104
-0.00501918
-0.00589115
-0.0070704
-0.00859494
-0.0104413
-0.0124886
-0.0145054
-0.0163216
-0.0178713
-0.0191371
-0.0201119
-0.0207812
-0.0211249
-0.0211283
-0.0207843
-0.0201116
-0.0191759
-0.0180764
-0.016921
-0.015785
-0.014705
-0.0136886
-0.0127266
-0.0117957
-0.0107959
-0.00932289
-0.00704734
-0.00499897
-0.00235221
-0.00238001
-0.00245042
-0.00255127
-0.00267298
-0.00281512
-0.00298272
-0.00318296
-0.00342514
-0.0037226
-0.00409584
-0.00457606
-0.00520538
-0.00604982
-0.00717615
-0.0086232
-0.0103724
-0.0123376
-0.0143218
-0.0161389
-0.017706
-0.0189934
-0.0199873
-0.0206706
-0.0210212
-0.0210263
-0.0206785
-0.0199953
-0.0190447
-0.01793
-0.0167757
-0.0156561
-0.0146082
-0.0136381
-0.0127377
-0.0118886
-0.0110348
-0.00994216
-0.00826704
-0.00607706
-0.00252175
-0.00254621
-0.00260941
-0.00270289
-0.00281966
-0.00295965
-0.00312702
-0.00332815
-0.00357153
-0.00386922
-0.00423944
-0.00470945
-0.00531616
-0.00611431
-0.0071632
-0.00849872
-0.010121
-0.0119624
-0.0138707
-0.0156616
-0.0172277
-0.0185229
-0.0195239
-0.0202104
-0.0205594
-0.0205602
-0.020208
-0.0195225
-0.0185767
-0.0174813
-0.0163546
-0.0152772
-0.0142828
-0.013373
-0.0125413
-0.011765
-0.011019
-0.0101972
-0.00897477
-0.00704477
-0.00267288
-0.00269378
-0.00274931
-0.00283384
-0.0029437
-0.00307889
-0.00324281
-0.00344099
-0.00368094
-0.00397318
-0.00433322
-0.00478419
-0.00535743
-0.00609574
-0.00705045
-0.00825712
-0.00972317
-0.0114045
-0.0131837
-0.0149031
-0.0164388
-0.0177226
-0.0187172
-0.0193963
-0.0197365
-0.0197297
-0.0193764
-0.0187019
-0.0177853
-0.0167378
-0.0156723
-0.0146639
-0.0137424
-0.0129059
-0.0121414
-0.0114339
-0.0107794
-0.0101339
-0.00919908
-0.00779038
-0.00280496
-0.00282204
-0.00286944
-0.00294396
-0.00304484
-0.00317265
-0.00333007
-0.00352178
-0.00375421
-0.00403621
-0.0043806
-0.00480598
-0.00533786
-0.00600991
-0.00686312
-0.00793349
-0.00922601
-0.0107159
-0.0123219
-0.0139178
-0.0153802
-0.0166228
-0.0175917
-0.0182517
-0.018577
-0.0185623
-0.0182151
-0.0175696
-0.0167087
-0.0157401
-0.0147661
-0.0138508
-0.0130173
-0.0122599
-0.0115633
-0.0109162
-0.0103418
-0.00980757
-0.00907962
-0.00816962
-0.00291801
-0.00293123
-0.00297006
-0.00303351
-0.00312354
-0.00324157
-0.00338973
-0.00357186
-0.00379329
-0.00406123
-0.00438592
-0.00478184
-0.00526881
-0.00587343
-0.0066267
-0.00755912
-0.0086775
-0.00996301
-0.0113659
-0.0127915
-0.0141311
-0.015292
-0.0162077
-0.0168333
-0.0171397
-0.017122
-0.0167951
-0.0162023
-0.0154245
-0.0145601
-0.0136973
-0.0128889
-0.0121506
-0.0114736
-0.010841
-0.0102447
-0.00973577
-0.00926262
-0.00872215
-0.00816508
-0.00301279
-0.00302213
-0.00305203
-0.00310346
-0.00318099
-0.00328704
-0.00342346
-0.0035934
-0.00380113
-0.00405231
-0.0043549
-0.0047199
-0.00516215
-0.00570232
-0.00636319
-0.00716493
-0.00811831
-0.00920819
-0.0103999
-0.0116272
-0.0128032
-0.0138424
-0.0146739
-0.0152468
-0.0155301
-0.0155173
-0.0152278
-0.0147099
-0.0140348
-0.0132881
-0.0125429
-0.0118415
-0.011195
-0.0105927
-0.010017
-0.00946175
-0.00900298
-0.00855585
-0.0081845
-0.00784209
-0.00309075
-0.00309607
-0.00311663
-0.00315525
-0.00321881
-0.00331094
-0.00343351
-0.00358917
-0.00378128
-0.00401412
-0.0042937
-0.00462814
-0.00502856
-0.00550982
-0.006088
-0.00677601
-0.00758199
-0.00849669
-0.00949179
-0.0105207
-0.0115169
-0.0124094
-0.0131338
-0.0136394
-0.013896
-0.013895
-0.013654
-0.013218
-0.0126485
-0.012016
-0.0113797
-0.0107731
-0.0102049
-0.00966544
-0.00913702
-0.00861209
-0.00819111
-0.00774535
-0.00751484
-0.00729283
-0.00315368
-0.00315489
-0.00316565
-0.00319067
-0.00323897
-0.00331548
-0.00342243
-0.00356225
-0.00373752
-0.00395138
-0.00420822
-0.0045139
-0.00487657
-0.00530619
-0.00581334
-0.00640665
-0.00708935
-0.0078554
-0.00868228
-0.00953466
-0.0103628
-0.0111092
-0.0117202
-0.0121521
-0.012377
-0.0123867
-0.0121945
-0.0118329
-0.0113558
-0.01082
-0.0102713
-0.00973777
-0.00922958
-0.0087377
-0.00824319
-0.00773705
-0.00734704
-0.00687686
-0.00676935
-0.00659517
-0.00320368
-0.00320074
-0.00320123
-0.00321177
-0.00324356
-0.00330297
-0.00339288
-0.00351574
-0.00367357
-0.00386856
-0.00410381
-0.00438352
-0.00471328
-0.00509925
-0.00554772
-0.00606402
-0.0066487
-0.0072954
-0.00798658
-0.00869346
-0.00937901
-0.00999867
-0.0105079
-0.0108704
-0.0110624
-0.0110764
-0.0109198
-0.0106177
-0.0102116
-0.00974645
-0.00925994
-0.00877778
-0.00830915
-0.00784538
-0.00736978
-0.00687166
-0.00650728
-0.00598997
-0.00599069
-0.00578416
-0.00324321
-0.00323602
-0.0032256
-0.00322069
-0.00323471
-0.00327573
-0.00334747
-0.00345264
-0.0035929
-0.00376969
-0.00398512
-0.00424208
-0.00454396
-0.00489418
-0.00529611
-0.00575189
-0.00626029
-0.00681455
-0.00740069
-0.00799493
-0.00856704
-0.00908349
-0.00950895
-0.00981304
-0.00997488
-0.00998574
-0.00985216
-0.00959254
-0.00923564
-0.00881785
-0.00837207
-0.00791954
-0.00746873
-0.00701453
-0.00654404
-0.00604496
-0.00570686
-0.00511864
-0.00519564
-0.00484848
-0.00327507
-0.00326335
-0.00324107
-0.00321949
-0.00321447
-0.00323592
-0.00328862
-0.00337566
-0.00349853
-0.00365813
-0.00385582
-0.00409332
-0.00437226
-0.00469411
-0.00506002
-0.00546985
-0.00592074
-0.0064055
-0.00691183
-0.00742102
-0.00790788
-0.00834465
-0.0087039
-0.0089604
-0.00909625
-0.00910299
-0.00898336
-0.00875113
-0.00842787
-0.00804059
-0.00761632
-0.00717422
-0.00672347
-0.00626271
-0.00578492
-0.0052786
-0.00497425
-0.0042851
-0.00443145
-0.00382008
-0.00330251
-0.00328566
-0.00324999
-0.0032102
-0.00318479
-0.00318548
-0.0032183
-0.00328678
-0.00339248
-0.00353595
-0.00371794
-0.00393914
-0.00419974
-0.00449973
-0.00483854
-0.00521432
-0.00562304
-0.00605723
-0.00650522
-0.00695123
-0.00737481
-0.00775269
-0.00806219
-0.0082829
-0.00839869
-0.00840143
-0.00829106
-0.00807679
-0.00777559
-0.00740695
-0.00699139
-0.00654632
-0.00608208
-0.00560154
-0.0051041
-0.00458209
-0.00431236
-0.00348628
-0.00382729
-0.00285342
-0.00332949
-0.00330634
-0.00325483
-0.00319492
-0.00314749
-0.00312607
-0.00313801
-0.0031873
-0.00327563
-0.00340339
-0.00357092
-0.00377809
-0.0040241
-0.00430764
-0.00462674
-0.00497821
-0.00535696
-0.00575528
-0.00616225
-0.00656358
-0.00694197
-0.00727777
-0.00755157
-0.00774656
-0.00784881
-0.00784976
-0.00774743
-0.00754737
-0.00726193
-0.00690603
-0.00649394
-0.00603931
-0.00555295
-0.00504192
-0.0045108
-0.00395632
-0.00368886
-0.00267893
-0.00341616
-0.00194293
-0.00336109
-0.00332914
-0.003258
-0.00317564
-0.00310394
-0.00305826
-0.00304729
-0.00307572
-0.00314554
-0.00325713
-0.00341048
-0.00360479
-0.00383838
-0.00410902
-0.00441369
-0.00474812
-0.00510639
-0.00548048
-0.0058599
-0.00623163
-0.00658042
-0.00688917
-0.00714096
-0.00732084
-0.00741643
-0.00741973
-0.00732756
-0.00714307
-0.00687379
-0.00652993
-0.00612164
-0.00565833
-0.0051479
-0.00459846
-0.00401766
-0.00340542
-0.00306694
-0.0018183
-0.0028205
-0.000299041
-0.00340678
-0.00335996
-0.00326474
-0.00315408
-0.00305201
-0.00297608
-0.00293692
-0.00294031
-0.00298867
-0.00308244
-0.00322102
-0.00340285
-0.00362549
-0.00388586
-0.0041801
-0.00450325
-0.00484881
-0.00520852
-0.00557212
-0.00592745
-0.00626067
-0.00655672
-0.00680042
-0.00697794
-0.0070778
-0.00709071
-0.00701485
-0.00685125
-0.00660292
-0.00627555
-0.00587598
-0.00540944
-0.00488003
-0.00429074
-0.00364878
-0.00295652
-0.00246865
-0.000938299
-0.00149867
0.00318816
-0.00347657
-0.00340216
-0.00327204
-0.00312242
-0.00297389
-0.00285453
-0.00277728
-0.00274878
-0.00277144
-0.00284531
-0.00296868
-0.0031389
-0.00335264
-0.00360605
-0.00389458
-0.0042127
-0.00455363
-0.00490902
-0.00526881
-0.00562137
-0.00595386
-0.00625241
-0.00650296
-0.00669194
-0.00680859
-0.00684481
-0.00679567
-0.00665961
-0.00643865
-0.00613494
-0.00575007
-0.005286
-0.00474536
-0.00411928
-0.003404
-0.00258487
-0.00186766
3.50331e-05
0.000314505
0.00709099
-0.00364876
-0.00351883
-0.00331467
-0.00308107
-0.00285662
-0.00267455
-0.0025506
-0.00248731
-0.00248457
-0.0025404
-0.00265113
-0.00281268
-0.0030208
-0.00327116
-0.0035589
-0.0038782
-0.0042222
-0.00458266
-0.00494982
-0.00531228
-0.00565729
-0.00597113
-0.00624003
-0.00645153
-0.00659512
-0.00666259
-0.00664662
-0.00654335
-0.00635183
-0.00607216
-0.00570417
-0.00524528
-0.00468553
-0.00400907
-0.00317451
-0.00206064
-0.000779846
0.00205289
0.00242868
0.0075219
-0.00369571
-0.00340809
-0.00312384
-0.00287386
-0.00262879
-0.00242221
-0.00227949
-0.00220551
-0.00219517
-0.00224563
-0.00235382
-0.00251505
-0.00272414
-0.00297631
-0.00326665
-0.0035897
-0.00393888
-0.00430625
-0.00468228
-0.00505588
-0.00541462
-0.00574508
-0.00603355
-0.00626751
-0.00643619
-0.00653014
-0.00654132
-0.00646424
-0.00629595
-0.0060343
-0.0056755
-0.00520816
-0.00460823
-0.00381518
-0.0027021
-0.000888887
0.00193728
0.00750702
0.00768841
0.0120794
-0.00539124
-0.00476869
-0.00409024
-0.00340615
-0.00287431
-0.00251287
-0.00228716
-0.00216738
-0.00213251
-0.00216909
-0.00226785
-0.00242166
-0.00262495
-0.00287255
-0.00315937
-0.00347987
-0.00382749
-0.00419433
-0.00457099
-0.00494653
-0.0053087
-0.00564427
-0.00593958
-0.00618169
-0.00635915
-0.0064619
-0.00648154
-0.0064116
-0.00624717
-0.00598305
-0.00560976
-0.00510378
-0.00441187
-0.0034034
-0.00180286
0.00112904
0.00637652
0.0164211
0.0220012
0.0514426
-0.00340959
0.000224682
0.000231803
-0.000828458
-0.00135431
-0.00148517
-0.00155312
-0.00163548
-0.00173143
-0.00185146
-0.00200712
-0.00220215
-0.00243583
-0.00270599
-0.00300962
-0.00334254
-0.00369907
-0.0040719
-0.00445208
-0.00482907
-0.00519093
-0.00552482
-0.00581753
-0.00605642
-0.0062301
-0.00632877
-0.00634385
-0.00626847
-0.00609608
-0.00581758
-0.00541367
-0.00484388
-0.004026
-0.00278951
-0.00086861
0.00245832
0.00782153
0.0197016
0.0408281
0.132109
)
;

boundaryField
{
    movingWall
    {
        type            zeroGradient;
    }
    fixedWalls
    {
        type            zeroGradient;
    }
    frontAndBack
    {
        type            empty;
    }
}


// ************************************************************************* //
