/*--------------------------------*- C++ -*----------------------------------*\
| =========                 |                                                 |
| \\      /  F ield         | OpenFOAM: The Open Source CFD Toolbox           |
|  \\    /   O peration     | Version:  2412                                  |
|   \\  /    A nd           | Website:  www.openfoam.com                      |
|    \\/     M anipulation  |                                                 |
\*---------------------------------------------------------------------------*/
FoamFile
{
    version     2.0;
    format      ascii;
    arch        "LSB;label=32;scalar=64";
    class       surfaceScalarField;
    location    "1.75";
    object      phi;
}
// * * * * * * * * * * * * * * * * * * * * * * * * * * * * * * * * * * * * * //

dimensions      [0 3 -1 0 0 0 0];

oriented        oriented;

internalField   nonuniform List<scalar> 
3120
(
7.5396e-09
-7.53806e-09
4.22035e-09
3.31923e-09
-1.18582e-08
1.60786e-08
-3.71061e-08
2.52479e-08
-6.74334e-08
3.03272e-08
-1.00315e-07
3.28812e-08
-1.3475e-07
3.44354e-08
-1.70695e-07
3.5945e-08
-2.08624e-07
3.79296e-08
-2.49212e-07
4.05876e-08
-2.93067e-07
4.38552e-08
-3.40567e-07
4.74998e-08
-3.91763e-07
5.11957e-08
-4.46349e-07
5.45862e-08
-5.03675e-07
5.73262e-08
-5.62752e-07
5.90773e-08
-6.22217e-07
5.94644e-08
-6.80243e-07
5.80261e-08
-7.34437e-07
5.41949e-08
-7.81806e-07
4.73687e-08
-8.18833e-07
3.70274e-08
-8.41788e-07
2.29549e-08
-8.4727e-07
5.48182e-09
-8.32177e-07
-1.50926e-08
-7.94956e-07
-3.72214e-08
-7.35528e-07
-5.94275e-08
-6.55916e-07
-7.96123e-08
-5.60231e-07
-9.56847e-08
-4.54028e-07
-1.06203e-07
-3.44104e-07
-1.09923e-07
-2.38129e-07
-1.05975e-07
-1.43148e-07
-9.49809e-08
-6.45749e-08
-7.8573e-08
-5.65346e-09
-5.89214e-08
3.31274e-08
-3.87808e-08
5.19883e-08
-1.88608e-08
5.32894e-08
-1.30106e-09
4.02443e-08
1.30451e-08
1.89193e-08
2.13251e-08
1.89193e-08
-3.96414e-09
-3.57392e-09
-2.61476e-08
2.55027e-08
-6.63193e-08
5.62502e-08
-1.19143e-07
7.80717e-08
-1.79949e-07
9.11335e-08
-2.4584e-07
9.87715e-08
-3.15276e-07
1.03871e-07
-3.87668e-07
1.08338e-07
-4.62947e-07
1.13208e-07
-5.41015e-07
1.18655e-07
-6.21369e-07
1.24209e-07
-7.03049e-07
1.2918e-07
-7.84865e-07
1.33012e-07
-8.6559e-07
1.35311e-07
-9.44061e-07
1.35797e-07
-1.01914e-06
1.34157e-07
-1.08953e-06
1.29852e-07
-1.15352e-06
1.22019e-07
-1.20883e-06
1.09506e-07
-1.25256e-06
9.10941e-08
-1.28134e-06
6.58119e-08
-1.29167e-06
3.32772e-08
-1.28002e-06
-6.16672e-09
-1.24371e-06
-5.13978e-08
-1.18086e-06
-1.00069e-07
-1.09148e-06
-1.48808e-07
-9.77754e-07
-1.93342e-07
-8.44371e-07
-2.29067e-07
-6.9807e-07
-2.52504e-07
-5.46981e-07
-2.61012e-07
-4.00307e-07
-2.5265e-07
-2.66857e-07
-2.28431e-07
-1.5384e-07
-1.9159e-07
-6.58364e-08
-1.46925e-07
-4.44564e-09
-1.00171e-07
3.23062e-08
-5.56126e-08
4.6374e-08
-1.53688e-08
4.14769e-08
1.79423e-08
2.18857e-08
4.09164e-08
4.0805e-08
-2.03894e-08
1.68155e-08
-6.32665e-08
6.83798e-08
-1.21396e-07
1.14379e-07
-1.90554e-07
1.4723e-07
-2.68052e-07
1.68632e-07
-3.51935e-07
1.82654e-07
-4.40921e-07
1.92857e-07
-5.33936e-07
2.01353e-07
-6.29655e-07
2.08927e-07
-7.26418e-07
2.15418e-07
-8.22449e-07
2.20241e-07
-9.16118e-07
2.2285e-07
-1.00618e-06
2.2307e-07
-1.09195e-06
2.21081e-07
-1.17326e-06
2.17112e-07
-1.25014e-06
2.11038e-07
-1.32236e-06
2.0207e-07
-1.38903e-06
1.88688e-07
-1.44838e-06
1.68862e-07
-1.49775e-06
1.40462e-07
-1.5336e-06
1.01656e-07
-1.55175e-06
5.14332e-08
-1.54803e-06
-9.88536e-09
-1.51755e-06
-8.18798e-08
-1.45703e-06
-1.60594e-07
-1.36467e-06
-2.41159e-07
-1.24102e-06
-3.16992e-07
-1.08955e-06
-3.80544e-07
-9.16921e-07
-4.2513e-07
-7.32983e-07
-4.4495e-07
-5.49868e-07
-4.35765e-07
-3.80042e-07
-3.98256e-07
-2.34726e-07
-3.36906e-07
-1.21348e-07
-2.60303e-07
-4.18799e-08
-1.7964e-07
6.25142e-09
-1.03744e-07
2.88914e-08
-3.80087e-08
3.12081e-08
1.56256e-08
1.83558e-08
5.37688e-08
5.91608e-08
-3.63214e-08
5.3137e-08
-9.59396e-08
1.27998e-07
-1.67272e-07
1.85712e-07
-2.4716e-07
2.27118e-07
-3.3437e-07
2.55843e-07
-4.27877e-07
2.7616e-07
-5.26474e-07
2.91454e-07
-6.28551e-07
3.0343e-07
-7.32099e-07
3.12475e-07
-8.35015e-07
3.18335e-07
-9.35432e-07
3.20657e-07
-1.03211e-06
3.19523e-07
-1.12467e-06
3.15639e-07
-1.21367e-06
3.10078e-07
-1.30025e-06
3.03689e-07
-1.38567e-06
2.96461e-07
-1.47071e-06
2.87109e-07
-1.55512e-06
2.73101e-07
-1.63742e-06
2.51163e-07
-1.71481e-06
2.17845e-07
-1.78292e-06
1.69768e-07
-1.83579e-06
1.04303e-07
-1.86722e-06
2.15491e-08
-1.8693e-06
-7.97991e-08
-1.83545e-06
-1.94443e-07
-1.76058e-06
-3.16034e-07
-1.64188e-06
-4.35695e-07
-1.47981e-06
-5.42613e-07
-1.27907e-06
-6.25863e-07
-1.04997e-06
-6.74049e-07
-8.07786e-07
-6.77955e-07
-5.71932e-07
-6.34109e-07
-3.62983e-07
-5.45855e-07
-1.96862e-07
-4.26423e-07
-8.1119e-08
-2.95383e-07
-1.26658e-08
-1.72197e-07
1.90983e-08
-6.97728e-08
2.5629e-08
9.09503e-09
1.59989e-08
6.33988e-08
7.51598e-08
-4.92612e-08
1.02398e-07
-1.21581e-07
2.00318e-07
-2.02782e-07
2.66912e-07
-2.90311e-07
3.14647e-07
-3.83708e-07
3.49239e-07
-4.82359e-07
3.74812e-07
-5.85076e-07
3.94171e-07
-6.90188e-07
4.08542e-07
-7.95851e-07
4.18138e-07
-9.00291e-07
4.22775e-07
-1.00224e-06
4.22604e-07
-1.10138e-06
4.18667e-07
-1.1986e-06
4.1286e-07
-1.29589e-06
4.07364e-07
-1.39594e-06
4.03742e-07
-1.50152e-06
4.02036e-07
-1.61465e-06
4.00237e-07
-1.73586e-06
3.94318e-07
-1.86359e-06
3.78888e-07
-1.99395e-06
3.48206e-07
-2.12052e-06
2.96344e-07
-2.2347e-06
2.18481e-07
-2.32572e-06
1.12564e-07
-2.385e-06
-2.0516e-08
-2.40007e-06
-1.7937e-07
-2.36246e-06
-3.53648e-07
-2.26494e-06
-5.33208e-07
-2.10371e-06
-7.03852e-07
-1.88002e-06
-8.4955e-07
-1.60205e-06
-9.52015e-07
-1.28527e-06
-9.94739e-07
-9.52989e-07
-9.6639e-07
-6.3501e-07
-8.63834e-07
-3.62829e-07
-6.98605e-07
-1.62696e-07
-4.95516e-07
-4.22529e-08
-2.9264e-07
1.28716e-08
-1.24897e-07
2.60961e-08
-4.12947e-09
1.68126e-08
7.26825e-08
9.19723e-08
-5.88036e-08
1.61202e-07
-1.40336e-07
2.81851e-07
-2.2872e-07
3.55296e-07
-3.2156e-07
4.07487e-07
-4.18759e-07
4.46438e-07
-5.19955e-07
4.76008e-07
-6.24157e-07
4.98373e-07
-7.29969e-07
5.14354e-07
-8.35979e-07
5.24149e-07
-9.41107e-07
5.27903e-07
-1.04514e-06
5.26634e-07
-1.14912e-06
5.22646e-07
-1.25556e-06
5.19307e-07
-1.36837e-06
5.2017e-07
-1.49227e-06
5.2764e-07
-1.63186e-06
5.41628e-07
-1.7903e-06
5.58674e-07
-1.96798e-06
5.71997e-07
-2.16161e-06
5.7252e-07
-2.36456e-06
5.51155e-07
-2.56707e-06
4.98854e-07
-2.75655e-06
4.07965e-07
-2.91921e-06
2.7522e-07
-3.04152e-06
1.01792e-07
-3.11188e-06
-1.0901e-07
-3.11897e-06
-3.46556e-07
-3.05281e-06
-5.99372e-07
-2.90625e-06
-8.50403e-07
-2.67679e-06
-1.07901e-06
-2.36686e-06
-1.26194e-06
-1.98712e-06
-1.37448e-06
-1.55991e-06
-1.3936e-06
-1.11784e-06
-1.30591e-06
-7.02576e-07
-1.11387e-06
-3.5933e-07
-8.38761e-07
-1.25286e-07
-5.26684e-07
-8.09464e-09
-2.42089e-07
2.64145e-08
-3.86385e-08
1.95614e-08
7.95356e-08
1.11534e-07
-6.52324e-08
2.26434e-07
-1.53041e-07
3.69659e-07
-2.463e-07
4.48554e-07
-3.42504e-07
5.03692e-07
-4.41746e-07
5.45679e-07
-5.43881e-07
5.78143e-07
-6.48228e-07
6.0272e-07
-7.53867e-07
6.19993e-07
-8.6006e-07
6.30342e-07
-9.66725e-07
6.34568e-07
-1.07496e-06
6.34869e-07
-1.18747e-06
6.35159e-07
-1.30881e-06
6.40645e-07
-1.44513e-06
6.56489e-07
-1.60322e-06
6.85734e-07
-1.78884e-06
7.27249e-07
-2.00479e-06
7.74618e-07
-2.24955e-06
8.16764e-07
-2.51672e-06
8.39685e-07
-2.79486e-06
8.29295e-07
-3.06937e-06
7.73369e-07
-3.32344e-06
6.62031e-07
-3.54055e-06
4.92328e-07
-3.70743e-06
2.68681e-07
-3.81382e-06
-2.62709e-09
-3.85351e-06
-3.06863e-07
-3.82005e-06
-6.32832e-07
-3.70834e-06
-9.62113e-07
-3.5097e-06
-1.27765e-06
-3.21581e-06
-1.55584e-06
-2.82317e-06
-1.76712e-06
-2.34013e-06
-1.87664e-06
-1.79444e-06
-1.85159e-06
-1.23603e-06
-1.67228e-06
-7.25403e-07
-1.34938e-06
-3.23175e-07
-9.28912e-07
-7.73594e-08
-4.87904e-07
1.43263e-08
-1.30324e-07
2.11222e-08
7.27397e-08
1.32656e-07
-6.89972e-08
2.95432e-07
-1.60587e-07
4.61249e-07
-2.56685e-07
5.44652e-07
-3.54615e-07
6.01622e-07
-4.54554e-07
6.45618e-07
-5.56575e-07
6.80164e-07
-6.60389e-07
7.06534e-07
-7.65684e-07
7.25289e-07
-8.72575e-07
7.37232e-07
-9.82125e-07
7.44118e-07
-1.0969e-06
7.49644e-07
-1.22146e-06
7.59716e-07
-1.36252e-06
7.81707e-07
-1.52832e-06
8.22288e-07
-1.72679e-06
8.84208e-07
-1.96306e-06
9.63518e-07
-2.23779e-06
1.04935e-06
-2.54598e-06
1.12495e-06
-2.87544e-06
1.16915e-06
-3.20667e-06
1.16052e-06
-3.51845e-06
1.08515e-06
-3.79286e-06
9.36435e-07
-4.01568e-06
7.15146e-07
-4.17794e-06
4.30945e-07
-4.27949e-06
9.89184e-08
-4.32591e-06
-2.60442e-07
-4.32069e-06
-6.3805e-07
-4.25786e-06
-1.02495e-06
-4.12726e-06
-1.40824e-06
-3.91096e-06
-1.77215e-06
-3.58791e-06
-2.09017e-06
-3.14199e-06
-2.32256e-06
-2.57521e-06
-2.41837e-06
-1.92222e-06
-2.32527e-06
-1.25509e-06
-2.01652e-06
-6.6694e-07
-1.51706e-06
-2.40244e-07
-9.146e-07
-2.70198e-08
-3.43548e-07
1.82771e-08
2.74428e-08
1.50933e-07
-7.05283e-08
3.6596e-07
-1.63749e-07
5.5447e-07
-2.60887e-07
6.4179e-07
-3.59129e-07
6.99864e-07
-4.58619e-07
7.45109e-07
-5.59668e-07
7.81213e-07
-6.62475e-07
8.09341e-07
-7.67423e-07
8.30238e-07
-8.75548e-07
8.45357e-07
-9.89095e-07
8.57665e-07
-1.11212e-06
8.72672e-07
-1.25099e-06
8.98588e-07
-1.41426e-06
9.44974e-07
-1.61124e-06
1.01927e-06
-1.84931e-06
1.12228e-06
-2.1318e-06
1.24601e-06
-2.45565e-06
1.37319e-06
-2.80706e-06
1.47637e-06
-3.16347e-06
1.52555e-06
-3.50005e-06
1.4971e-06
-3.79212e-06
1.37723e-06
-4.02094e-06
1.16526e-06
-4.18082e-06
8.75018e-07
-4.28072e-06
5.30846e-07
-4.33664e-06
1.54839e-07
-4.36039e-06
-2.3669e-07
-4.36234e-06
-6.36102e-07
-4.34609e-06
-1.04119e-06
-4.30271e-06
-1.45162e-06
-4.21028e-06
-1.86457e-06
-4.03393e-06
-2.26652e-06
-3.7319e-06
-2.62459e-06
-3.27039e-06
-2.87988e-06
-2.64361e-06
-2.95206e-06
-1.89875e-06
-2.76138e-06
-1.14334e-06
-2.27247e-06
-5.13762e-07
-1.54418e-06
-1.20158e-07
-7.37152e-07
6.26615e-09
-9.89812e-08
1.57199e-07
-7.01668e-08
4.36127e-07
-1.63117e-07
6.4742e-07
-2.59699e-07
7.38373e-07
-3.56932e-07
7.97097e-07
-4.54941e-07
8.43117e-07
-5.54286e-07
8.80559e-07
-6.55664e-07
9.10718e-07
-7.6015e-07
9.34724e-07
-8.69667e-07
9.54874e-07
-9.87568e-07
9.75566e-07
-1.11924e-06
1.00434e-06
-1.27245e-06
1.05179e-06
-1.45666e-06
1.12919e-06
-1.68089e-06
1.2435e-06
-1.95104e-06
1.39243e-06
-2.26692e-06
1.56188e-06
-2.61557e-06
1.72184e-06
-2.97313e-06
1.83393e-06
-3.31119e-06
1.86362e-06
-3.59952e-06
1.78543e-06
-3.81328e-06
1.591e-06
-3.94605e-06
1.29803e-06
-4.01103e-06
9.39994e-07
-4.02932e-06
5.49134e-07
-4.02251e-06
1.48032e-07
-4.0082e-06
-2.50995e-07
-3.99885e-06
-6.45458e-07
-4.0013e-06
-1.03874e-06
-4.01504e-06
-1.43789e-06
-4.02842e-06
-1.85118e-06
-4.01186e-06
-2.28309e-06
-3.91362e-06
-2.72283e-06
-3.66602e-06
-3.12748e-06
-3.20946e-06
-3.40861e-06
-2.5316e-06
-3.43924e-06
-1.70484e-06
-3.09923e-06
-8.94284e-07
-2.35474e-06
-2.90312e-07
-1.34112e-06
-2.19e-08
-3.67393e-07
1.35299e-07
-6.82066e-08
5.04333e-07
-1.59122e-07
7.38336e-07
-2.53726e-07
8.32977e-07
-3.48757e-07
8.92128e-07
-4.44317e-07
9.38677e-07
-5.41208e-07
9.7745e-07
-6.40582e-07
1.01009e-06
-7.44139e-07
1.03828e-06
-8.54563e-07
1.0653e-06
-9.76099e-07
1.0971e-06
-1.11507e-06
1.14331e-06
-1.27989e-06
1.21661e-06
-1.47984e-06
1.32914e-06
-1.72266e-06
1.48632e-06
-2.0116e-06
1.68136e-06
-2.33816e-06
1.88845e-06
-2.67995e-06
2.06363e-06
-3.008e-06
2.16198e-06
-3.28847e-06
2.14409e-06
-3.49019e-06
1.98714e-06
-3.60331e-06
1.70412e-06
-3.6421e-06
1.33681e-06
-3.63179e-06
9.29688e-07
-3.59649e-06
5.13828e-07
-3.55394e-06
1.05489e-07
-3.51438e-06
-2.90562e-07
-3.48496e-06
-6.74879e-07
-3.4737e-06
-1.04999e-06
-3.48884e-06
-1.42275e-06
-3.53499e-06
-1.80502e-06
-3.60448e-06
-2.2136e-06
-3.6643e-06
-2.66301e-06
-3.64545e-06
-3.14632e-06
-3.44941e-06
-3.60465e-06
-2.98663e-06
-3.90202e-06
-2.24396e-06
-3.8419e-06
-1.34316e-06
-3.25553e-06
-5.34252e-07
-2.15004e-06
-7.12292e-08
-8.30416e-07
6.40701e-08
-6.48139e-08
5.69147e-07
-1.52125e-07
8.25647e-07
-2.43472e-07
9.24324e-07
-3.35188e-07
9.83844e-07
-4.27339e-07
1.03083e-06
-5.2093e-07
1.07104e-06
-6.17486e-07
1.10665e-06
-7.19191e-07
1.13999e-06
-8.29287e-07
1.17539e-06
-9.52563e-07
1.22038e-06
-1.09569e-06
1.28645e-06
-1.26689e-06
1.38781e-06
-1.47428e-06
1.53654e-06
-1.72361e-06
1.73565e-06
-2.01298e-06
1.97073e-06
-2.32518e-06
2.20064e-06
-2.6342e-06
2.37266e-06
-2.90749e-06
2.43527e-06
-3.10962e-06
2.34622e-06
-3.22294e-06
2.10046e-06
-3.25931e-06
1.74048e-06
-3.24575e-06
1.32326e-06
-3.20777e-06
8.91703e-07
-3.16138e-06
4.67443e-07
-3.11315e-06
5.72517e-08
-3.06505e-06
-3.38653e-07
-3.02014e-06
-7.19795e-07
-2.98435e-06
-1.08578e-06
-2.96805e-06
-1.43905e-06
-2.9851e-06
-1.78797e-06
-3.04835e-06
-2.15036e-06
-3.15724e-06
-2.55412e-06
-3.27625e-06
-3.02731e-06
-3.31487e-06
-3.56604e-06
-3.13644e-06
-4.08045e-06
-2.62319e-06
-4.35514e-06
-1.78541e-06
-4.09332e-06
-8.43805e-07
-3.09164e-06
-1.64839e-07
-1.50938e-06
-1.00769e-07
-6.00607e-08
6.29208e-07
-1.42497e-07
9.08083e-07
-2.29387e-07
1.01121e-06
-3.16716e-07
1.07117e-06
-4.04475e-07
1.11859e-06
-4.93798e-07
1.16036e-06
-5.86461e-07
1.19931e-06
-6.84947e-07
1.23847e-06
-7.92776e-07
1.28322e-06
-9.14848e-07
1.34245e-06
-1.05753e-06
1.42913e-06
-1.22804e-06
1.55831e-06
-1.4328e-06
1.7413e-06
-1.67468e-06
1.97753e-06
-1.94536e-06
2.24141e-06
-2.22416e-06
2.47944e-06
-2.48447e-06
2.63296e-06
-2.69226e-06
2.64306e-06
-2.82073e-06
2.47469e-06
-2.87258e-06
2.15231e-06
-2.87305e-06
1.74095e-06
-2.84935e-06
1.29956e-06
-2.81827e-06
8.60626e-07
-2.7847e-06
4.33877e-07
-2.74702e-06
1.95686e-08
-2.70307e-06
-3.82609e-07
-2.65304e-06
-7.69818e-07
-2.60059e-06
-1.13823e-06
-2.55406e-06
-1.48559e-06
-2.52717e-06
-1.81486e-06
-2.53914e-06
-2.13838e-06
-2.61055e-06
-2.48271e-06
-2.7472e-06
-2.89066e-06
-2.90682e-06
-3.40642e-06
-2.96689e-06
-4.02038e-06
-2.74534e-06
-4.5767e-06
-2.11557e-06
-4.72309e-06
-1.17203e-06
-4.03517e-06
-3.01614e-07
-2.3798e-06
-4.02383e-07
-5.41076e-08
6.83316e-07
-1.30535e-07
9.84511e-07
-2.11868e-07
1.09255e-06
-2.9378e-07
1.15308e-06
-3.76144e-07
1.20095e-06
-4.60126e-07
1.24435e-06
-5.47608e-07
1.28679e-06
-6.41166e-07
1.33203e-06
-7.44264e-07
1.38632e-06
-8.61479e-07
1.45966e-06
-9.9831e-07
1.56596e-06
-1.16036e-06
1.72036e-06
-1.35197e-06
1.93291e-06
-1.57263e-06
2.19819e-06
-1.80975e-06
2.47853e-06
-2.04379e-06
2.71349e-06
-2.24912e-06
2.83829e-06
-2.39602e-06
2.78995e-06
-2.47246e-06
2.55114e-06
-2.49548e-06
2.17533e-06
-2.49204e-06
1.73752e-06
-2.48153e-06
1.28905e-06
-2.4703e-06
8.49392e-07
-2.45584e-06
4.19419e-07
-2.433e-06
-3.26653e-09
-2.39812e-06
-4.17492e-07
-2.34994e-06
-8.17994e-07
-2.29084e-06
-1.19734e-06
-2.22731e-06
-1.54912e-06
-2.17027e-06
-1.8719e-06
-2.13596e-06
-2.17269e-06
-2.14733e-06
-2.47134e-06
-2.23077e-06
-2.80721e-06
-2.39404e-06
-3.24314e-06
-2.5758e-06
-3.83863e-06
-2.60379e-06
-4.5487e-06
-2.25319e-06
-5.07369e-06
-1.44595e-06
-4.84241e-06
-4.72139e-07
-3.35361e-06
-8.74522e-07
-4.71451e-08
7.30461e-07
-1.1653e-07
1.0539e-06
-1.91298e-07
1.16731e-06
-2.66823e-07
1.22861e-06
-3.42796e-07
1.27692e-06
-4.20313e-07
1.32186e-06
-5.01203e-07
1.36768e-06
-5.87925e-07
1.41875e-06
-6.83581e-07
1.48198e-06
-7.92025e-07
1.56811e-06
-9.1746e-07
1.6914e-06
-1.06357e-06
1.86647e-06
-1.2325e-06
2.10184e-06
-1.42057e-06
2.38626e-06
-1.61497e-06
2.67293e-06
-1.79942e-06
2.89794e-06
-1.95191e-06
2.99078e-06
-2.05158e-06
2.88962e-06
-2.09963e-06
2.59919e-06
-2.11726e-06
2.19295e-06
-2.12555e-06
1.74581e-06
-2.13448e-06
1.29798e-06
-2.14338e-06
8.58286e-07
-2.14676e-06
4.228e-07
-2.13838e-06
-1.16393e-08
-2.11396e-06
-4.4192e-07
-2.07125e-06
-8.60703e-07
-2.01193e-06
-1.25665e-06
-1.94182e-06
-1.61923e-06
-1.87032e-06
-1.94339e-06
-1.81006e-06
-2.23296e-06
-1.77843e-06
-2.50297e-06
-1.80114e-06
-2.78451e-06
-1.90855e-06
-3.13573e-06
-2.10103e-06
-3.64615e-06
-2.27389e-06
-4.37585e-06
-2.18346e-06
-5.16412e-06
-1.60245e-06
-5.42341e-06
-6.49326e-07
-4.30674e-06
-1.52385e-06
-3.93772e-08
7.69838e-07
-1.00787e-07
1.11531e-06
-1.68088e-07
1.23461e-06
-2.36335e-07
1.29686e-06
-3.04967e-07
1.34556e-06
-3.74908e-07
1.39181e-06
-4.47788e-07
1.44056e-06
-5.25748e-07
1.49671e-06
-6.11321e-07
1.56755e-06
-7.07282e-07
1.66407e-06
-8.16302e-07
1.80042e-06
-9.40065e-07
1.99024e-06
-1.07862e-06
2.24039e-06
-1.2266e-06
2.53424e-06
-1.37378e-06
2.82012e-06
-1.50825e-06
3.03241e-06
-1.61459e-06
3.09712e-06
-1.68191e-06
2.95694e-06
-1.71826e-06
2.63554e-06
-1.7416e-06
2.2163e-06
-1.76475e-06
1.76896e-06
-1.79061e-06
1.32383e-06
-1.81546e-06
8.83139e-07
-1.83336e-06
4.40703e-07
-1.83789e-06
-7.11212e-09
-1.82434e-06
-4.55469e-07
-1.78963e-06
-8.95418e-07
-1.73475e-06
-1.31153e-06
-1.66523e-06
-1.68875e-06
-1.59023e-06
-2.01839e-06
-1.52066e-06
-2.30252e-06
-1.46902e-06
-2.55462e-06
-1.45313e-06
-2.80039e-06
-1.50207e-06
-3.08679e-06
-1.64699e-06
-3.50123e-06
-1.85944e-06
-4.1634e-06
-1.95216e-06
-5.0714e-06
-1.61884e-06
-5.75673e-06
-7.75483e-07
-5.1501e-06
-2.29933e-06
-3.10037e-08
8.00842e-07
-8.36422e-08
1.16794e-06
-1.42701e-07
1.29367e-06
-2.02884e-07
1.35704e-06
-2.63324e-07
1.406e-06
-3.24669e-07
1.45315e-06
-3.88227e-07
1.50412e-06
-4.55673e-07
1.56416e-06
-5.28812e-07
1.64069e-06
-6.09232e-07
1.74449e-06
-6.97913e-07
1.8891e-06
-7.94618e-07
2.08694e-06
-8.97632e-07
2.3434e-06
-1.00158e-06
2.63818e-06
-1.1e-06
2.91854e-06
-1.18633e-06
3.11874e-06
-1.25351e-06
3.1643e-06
-1.29914e-06
3.00257e-06
-1.33183e-06
2.66823e-06
-1.36291e-06
2.24737e-06
-1.3977e-06
1.80375e-06
-1.43501e-06
1.36114e-06
-1.47044e-06
9.18565e-07
-1.49859e-06
4.68857e-07
-1.51402e-06
8.31376e-09
-1.51121e-06
-4.58278e-07
-1.48681e-06
-9.19815e-07
-1.44083e-06
-1.35751e-06
-1.37822e-06
-1.75136e-06
-1.30815e-06
-2.08847e-06
-1.24106e-06
-2.36961e-06
-1.18678e-06
-2.6089e-06
-1.15646e-06
-2.83072e-06
-1.16955e-06
-3.0737e-06
-1.25989e-06
-3.41089e-06
-1.44734e-06
-3.97595e-06
-1.63037e-06
-4.88837e-06
-1.50865e-06
-5.87845e-06
-8.33178e-07
-5.82558e-06
-3.13251e-06
-2.22352e-08
8.23077e-07
-6.54562e-08
1.21117e-06
-1.15639e-07
1.34386e-06
-1.67119e-07
1.40852e-06
-2.18674e-07
1.45755e-06
-2.70596e-07
1.50507e-06
-3.23781e-07
1.55731e-06
-3.79345e-07
1.61972e-06
-4.38275e-07
1.69962e-06
-5.00978e-07
1.80719e-06
-5.66788e-07
1.95491e-06
-6.33773e-07
2.15393e-06
-6.98754e-07
2.40838e-06
-7.57397e-07
2.69683e-06
-8.07389e-07
2.96854e-06
-8.47597e-07
3.15894e-06
-8.79927e-07
3.19663e-06
-9.08539e-07
3.03118e-06
-9.38891e-07
2.69858e-06
-9.7485e-07
2.28333e-06
-1.01595e-06
1.84485e-06
-1.05879e-06
1.40399e-06
-1.09924e-06
9.59017e-07
-1.13315e-06
5.02767e-07
-1.15621e-06
3.13731e-08
-1.1636e-06
-4.50889e-07
-1.1516e-06
-9.31815e-07
-1.11913e-06
-1.38998e-06
-1.06997e-06
-1.80052e-06
-1.01278e-06
-2.14565e-06
-9.57669e-07
-2.42472e-06
-9.13044e-07
-2.65352e-06
-8.86068e-07
-2.85769e-06
-8.87717e-07
-3.07205e-06
-9.42346e-07
-3.35626e-06
-1.0853e-06
-3.83299e-06
-1.28722e-06
-4.68646e-06
-1.3127e-06
-5.85297e-06
-8.25311e-07
-6.31296e-06
-3.95782e-06
-1.33153e-08
8.36392e-07
-4.66484e-08
1.2445e-06
-8.74573e-08
1.38467e-06
-1.29734e-07
1.4508e-06
-1.71875e-07
1.49969e-06
-2.13779e-07
1.54698e-06
-2.55864e-07
1.59939e-06
-2.98629e-07
1.66249e-06
-3.42238e-07
1.74323e-06
-3.8601e-07
1.85097e-06
-4.27943e-07
1.99684e-06
-4.64639e-07
2.19062e-06
-4.9167e-07
2.43541e-06
-5.06077e-07
2.71123e-06
-5.09056e-07
2.97152e-06
-5.04782e-07
3.15467e-06
-5.0267e-07
3.19452e-06
-5.13169e-07
3.04168e-06
-5.38002e-07
2.72341e-06
-5.73985e-07
2.31932e-06
-6.16042e-07
1.88691e-06
-6.59237e-07
1.44718e-06
-6.99898e-07
9.99678e-07
-7.35249e-07
5.38118e-07
-7.62684e-07
5.88075e-08
-7.7878e-07
-4.34793e-07
-7.80284e-07
-9.30312e-07
-7.65312e-07
-1.40495e-06
-7.36074e-07
-1.82976e-06
-6.99801e-07
-2.18193e-06
-6.65457e-07
-2.45907e-06
-6.4016e-07
-2.67882e-06
-6.28767e-07
-2.86909e-06
-6.37043e-07
-3.06378e-06
-6.7928e-07
-3.31402e-06
-7.87043e-07
-3.72523e-06
-9.71714e-07
-4.50179e-06
-1.07834e-06
-5.74635e-06
-7.70278e-07
-6.62102e-06
-4.7281e-06
-4.45563e-09
8.40848e-07
-2.76573e-08
1.2677e-06
-5.8776e-08
1.41578e-06
-9.15192e-08
1.48354e-06
-1.23893e-07
1.53207e-06
-1.55384e-07
1.57847e-06
-1.85928e-07
1.62994e-06
-2.15424e-07
1.69198e-06
-2.43278e-07
1.77108e-06
-2.67889e-07
1.87558e-06
-2.86216e-07
2.01517e-06
-2.93803e-07
2.19821e-06
-2.85346e-07
2.42696e-06
-2.58662e-07
2.68455e-06
-2.17056e-07
2.92991e-06
-1.70003e-07
3.10762e-06
-1.31255e-07
3.15577e-06
-1.1758e-07
3.02801e-06
-1.30556e-07
2.73639e-06
-1.60802e-07
2.34956e-06
-1.99159e-07
1.92526e-06
-2.38955e-07
1.48698e-06
-2.76611e-07
1.03733e-06
-3.10468e-07
5.71974e-07
-3.39623e-07
8.79634e-08
-3.62633e-07
-4.11783e-07
-3.77582e-07
-9.15362e-07
-3.82742e-07
-1.39979e-06
-3.78723e-07
-1.83378e-06
-3.70673e-07
-2.18998e-06
-3.65185e-07
-2.46455e-06
-3.67304e-07
-2.6767e-06
-3.8017e-07
-2.85622e-06
-4.06999e-07
-3.03695e-06
-4.55613e-07
-3.26541e-06
-5.47343e-07
-3.6335e-06
-7.07334e-07
-4.3418e-06
-8.4377e-07
-5.60991e-06
-6.83758e-07
-6.78103e-06
-5.41186e-06
3.97864e-09
8.36869e-07
-8.9991e-09
1.28068e-06
-3.02348e-08
1.43702e-06
-5.33001e-08
1.5066e-06
-7.57751e-08
1.55454e-06
-9.67312e-08
1.59942e-06
-1.15649e-07
1.64885e-06
-1.31901e-07
1.70824e-06
-1.44268e-07
1.78345e-06
-1.50441e-07
1.88175e-06
-1.46632e-07
2.01136e-06
-1.27679e-07
2.17926e-06
-8.77427e-08
2.38702e-06
-2.47541e-08
2.62156e-06
5.71001e-08
2.84806e-06
1.46483e-07
3.01823e-06
2.24419e-07
3.07783e-06
2.70054e-07
2.98237e-06
2.77964e-07
2.72848e-06
2.59953e-07
2.36757e-06
2.29536e-07
1.95568e-06
1.95716e-07
1.5208e-06
1.62618e-07
1.07043e-06
1.31357e-07
6.03236e-07
1.01754e-07
1.17566e-07
7.33174e-08
-3.83347e-07
4.61705e-08
-8.88215e-07
2.04953e-08
-1.37412e-06
-5.17222e-09
-1.80811e-06
-3.20001e-08
-2.16315e-06
-6.21889e-08
-2.43437e-06
-9.80794e-08
-2.64081e-06
-1.41191e-07
-2.81311e-06
-1.93624e-07
-2.98451e-06
-2.60591e-07
-3.19844e-06
-3.55025e-07
-3.53906e-06
-4.99062e-07
-4.19776e-06
-6.37015e-07
-5.47196e-06
-5.76114e-07
-6.84193e-06
-5.98797e-06
1.16496e-08
8.2522e-07
8.91192e-09
1.28342e-06
-2.5023e-09
1.44843e-06
-1.59006e-08
1.52e-06
-2.85411e-08
1.56718e-06
-3.91046e-08
1.60999e-06
-4.66707e-08
1.65642e-06
-5.01731e-08
1.71174e-06
-4.7916e-08
1.78119e-06
-3.70981e-08
1.87093e-06
-1.34643e-08
1.98773e-06
2.85165e-08
2.13728e-06
9.46533e-08
2.32088e-06
1.87881e-07
2.52833e-06
3.0397e-07
2.73197e-06
4.31806e-07
2.8904e-06
5.5033e-07
2.95931e-06
6.35908e-07
2.89679e-06
6.76012e-07
2.68837e-06
6.79444e-07
2.36414e-06
6.62481e-07
1.97264e-06
6.37078e-07
1.5462e-06
6.09145e-07
1.09837e-06
5.80204e-07
6.32176e-07
5.49438e-07
1.48332e-07
5.14765e-07
-3.48674e-07
4.73906e-07
-8.47356e-07
4.25163e-07
-1.32537e-06
3.68317e-07
-1.75127e-06
3.04169e-07
-2.099e-06
2.34593e-07
-2.36479e-06
1.61072e-07
-2.56729e-06
8.41174e-08
-2.73616e-06
2.33905e-09
-2.90274e-06
-8.84942e-08
-3.10761e-06
-1.98223e-07
-3.42934e-06
-3.4059e-07
-4.05539e-06
-4.77029e-07
-5.33552e-06
-4.59619e-07
-6.85934e-06
-6.44759e-06
1.86762e-08
8.06544e-07
2.56897e-08
1.2764e-06
2.38791e-08
1.45025e-06
1.98879e-08
1.52399e-06
1.68276e-08
1.57024e-06
1.63134e-08
1.6105e-06
1.95822e-08
1.65315e-06
2.80244e-08
1.7033e-06
4.3644e-08
1.76557e-06
6.94894e-08
1.84509e-06
1.09942e-07
1.94727e-06
1.70608e-07
2.07661e-06
2.57511e-07
2.23398e-06
3.74102e-07
2.41174e-06
5.17151e-07
2.58892e-06
6.76177e-07
2.73137e-06
8.32731e-07
2.80276e-06
9.61573e-07
2.76795e-06
1.04405e-06
2.6059e-06
1.08066e-06
2.32753e-06
1.08572e-06
1.96758e-06
1.07339e-06
1.55853e-06
1.05215e-06
1.11961e-06
1.02501e-06
6.5931e-07
9.91331e-07
1.82016e-07
9.48281e-07
-3.05623e-07
8.91911e-07
-7.90987e-07
8.18791e-07
-1.25225e-06
7.28515e-07
-1.66099e-06
6.25092e-07
-1.99558e-06
5.14711e-07
-2.25441e-06
4.02513e-07
-2.45509e-06
2.90802e-07
-2.62444e-06
1.78791e-07
-2.79072e-06
6.21065e-08
-2.99092e-06
-6.7868e-08
-3.29936e-06
-2.20011e-07
-3.90325e-06
-3.64282e-07
-5.19125e-06
-3.56366e-07
-6.86726e-06
-6.80396e-06
2.47321e-08
7.81812e-07
4.07809e-08
1.26035e-06
4.81841e-08
1.44284e-06
5.32855e-08
1.51889e-06
5.94176e-08
1.56411e-06
6.84472e-08
1.60147e-06
8.18518e-08
1.63975e-06
1.01228e-07
1.68392e-06
1.28731e-07
1.73807e-06
1.67459e-07
1.80636e-06
2.21707e-07
1.89303e-06
2.96877e-07
2.00144e-06
3.9874e-07
2.13212e-06
5.31283e-07
2.2792e-06
6.9282e-07
2.42738e-06
8.73947e-07
2.55025e-06
1.06023e-06
2.61647e-06
1.22892e-06
2.59927e-06
1.35771e-06
2.47711e-06
1.43767e-06
2.24757e-06
1.47561e-06
1.92964e-06
1.48425e-06
1.54989e-06
1.47385e-06
1.13001e-06
1.44947e-06
6.83694e-07
1.41137e-06
2.20109e-07
1.35675e-06
-2.50999e-07
1.28113e-06
-7.15373e-07
1.18074e-06
-1.15186e-06
1.05655e-06
-1.5368e-06
9.1549e-07
-1.85452e-06
7.66906e-07
-2.10582e-06
6.18528e-07
-2.30671e-06
4.73967e-07
-2.47988e-06
3.32862e-07
-2.64962e-06
1.90913e-07
-2.84897e-06
3.97724e-08
-3.14822e-06
-1.27249e-07
-3.73623e-06
-2.84709e-07
-5.03379e-06
-2.81895e-07
-6.87007e-06
-7.08585e-06
2.96239e-08
7.52188e-07
5.37973e-08
1.23618e-06
6.98513e-08
1.42679e-06
8.35724e-08
1.50517e-06
9.84021e-08
1.54928e-06
1.16373e-07
1.5835e-06
1.39118e-07
1.617e-06
1.68333e-07
1.6547e-06
2.0618e-07
1.70022e-06
2.55638e-07
1.7569e-06
3.20708e-07
1.82795e-06
4.06355e-07
1.91579e-06
5.17922e-07
2.02055e-06
6.59431e-07
2.13769e-06
8.30812e-07
2.256e-06
1.02478e-06
2.35628e-06
1.22888e-06
2.41238e-06
1.42605e-06
2.4021e-06
1.59491e-06
2.30825e-06
1.72026e-06
2.12221e-06
1.79916e-06
1.85075e-06
1.83787e-06
1.51118e-06
1.84508e-06
1.1228e-06
1.82688e-06
7.01902e-07
1.78476e-06
2.6222e-07
1.71659e-06
-1.82827e-07
1.61931e-06
-6.18088e-07
1.49095e-06
-1.02351e-06
1.33534e-06
-1.38118e-06
1.16175e-06
-1.68093e-06
9.81291e-07
-1.92537e-06
8.02677e-07
-2.1281e-06
6.30036e-07
-2.30724e-06
4.6321e-07
-2.48279e-06
2.98053e-07
-2.68382e-06
1.26849e-07
-2.97702e-06
-5.6567e-08
-3.55281e-06
-2.27118e-07
-4.86324e-06
-2.36236e-07
-6.86095e-06
-7.32209e-06
3.31865e-08
7.19001e-07
6.43247e-08
1.20504e-06
8.82979e-08
1.40281e-06
1.10067e-07
1.4834e-06
1.33034e-07
1.52631e-06
1.59301e-07
1.55723e-06
1.90568e-07
1.58573e-06
2.28537e-07
1.61673e-06
2.75269e-07
1.65349e-06
3.3349e-07
1.69868e-06
4.0677e-07
1.75468e-06
4.99475e-07
1.82309e-06
6.16279e-07
1.90374e-06
7.6094e-07
1.99303e-06
9.34392e-07
2.08255e-06
1.13196e-06
2.1587e-06
1.34253e-06
2.20181e-06
1.55309e-06
2.19154e-06
1.74696e-06
2.11437e-06
1.90741e-06
1.96176e-06
2.02462e-06
1.73354e-06
2.09688e-06
1.43892e-06
2.12736e-06
1.09231e-06
2.12016e-06
7.09109e-07
2.07723e-06
3.05148e-07
1.99772e-06
-1.03313e-07
1.8816e-06
-5.01971e-07
1.73063e-06
-8.72536e-07
1.55145e-06
-1.20201e-06
1.35466e-06
-1.48414e-06
1.15169e-06
-1.7224e-06
9.51175e-07
-1.92758e-06
7.57127e-07
-2.11319e-06
5.69398e-07
-2.29506e-06
3.8457e-07
-2.49899e-06
1.95876e-07
-2.78832e-06
-2.8824e-09
-3.35405e-06
-1.84972e-07
-4.68115e-06
-2.12105e-07
-6.83382e-06
-7.53419e-06
3.52816e-08
6.8372e-07
7.20127e-08
1.16831e-06
1.02985e-07
1.37184e-06
1.32135e-07
1.45425e-06
1.62635e-07
1.49581e-06
1.96559e-07
1.52331e-06
2.35579e-07
1.54671e-06
2.81319e-07
1.57099e-06
3.35659e-07
1.59915e-06
4.00986e-07
1.63335e-06
4.80343e-07
1.67532e-06
5.77391e-07
1.72604e-06
6.96034e-07
1.7851e-06
8.39458e-07
1.8496e-06
1.00886e-06
1.91314e-06
1.20188e-06
1.96568e-06
1.41004e-06
1.99365e-06
1.62121e-06
1.98037e-06
1.82285e-06
1.91274e-06
2.00074e-06
1.78386e-06
2.14245e-06
1.59183e-06
2.24064e-06
1.34073e-06
2.29276e-06
1.04019e-06
2.29898e-06
7.02892e-07
2.26015e-06
3.43974e-07
2.17698e-06
-2.01403e-08
2.05193e-06
-3.76916e-07
1.88998e-06
-7.10588e-07
1.69957e-06
-1.01161e-06
1.4917e-06
-1.27627e-06
1.27725e-06
-1.50795e-06
1.06387e-06
-1.7142e-06
8.55285e-07
-1.90461e-06
6.52201e-07
-2.09198e-06
4.52477e-07
-2.29927e-06
2.49701e-07
-2.58555e-06
3.76288e-08
-3.14198e-06
-1.54957e-07
-4.48856e-06
-2.02404e-07
-6.78637e-06
-7.7366e-06
3.57934e-08
6.47926e-07
7.651e-08
1.12759e-06
1.13395e-07
1.33496e-06
1.49165e-07
1.41848e-06
1.86579e-07
1.4584e-06
2.27564e-07
1.48232e-06
2.73667e-07
1.50061e-06
3.26361e-07
1.5183e-06
3.87283e-07
1.53823e-06
4.5843e-07
1.56221e-06
5.42276e-07
1.59147e-06
6.41735e-07
1.62658e-06
7.59887e-07
1.66695e-06
8.99291e-07
1.7102e-06
1.061e-06
1.75143e-06
1.24365e-06
1.78304e-06
1.44188e-06
1.79543e-06
1.6453e-06
1.77694e-06
1.84227e-06
1.71577e-06
2.02137e-06
1.60476e-06
2.17116e-06
1.44204e-06
2.2821e-06
1.22979e-06
2.34801e-06
9.74286e-07
2.36566e-06
6.85235e-07
2.33457e-06
3.75065e-07
2.25668e-06
5.77536e-08
2.13415e-06
-2.54389e-07
1.97408e-06
-5.50521e-07
1.78529e-06
-8.22815e-07
1.57817e-06
-1.06915e-06
1.36196e-06
-1.29173e-06
1.1433e-06
-1.49555e-06
9.26777e-07
-1.68808e-06
7.14391e-07
-1.87959e-06
5.04576e-07
-2.08945e-06
2.9143e-07
-2.3724e-06
6.89775e-08
-2.91953e-06
-1.32841e-07
-4.28674e-06
-2.02664e-07
-6.71655e-06
-7.93926e-06
3.46095e-08
6.13317e-07
7.74618e-08
1.08474e-06
1.18994e-07
1.29343e-06
1.6054e-07
1.37694e-06
2.04254e-07
1.41468e-06
2.51778e-07
1.4348e-06
3.04428e-07
1.44796e-06
3.63459e-07
1.45927e-06
4.30223e-07
1.47147e-06
5.06301e-07
1.48613e-06
5.93597e-07
1.50417e-06
6.94317e-07
1.52586e-06
8.10736e-07
1.55053e-06
9.44746e-07
1.57619e-06
1.09708e-06
1.59909e-06
1.26661e-06
1.61351e-06
1.4498e-06
1.61223e-06
1.63945e-06
1.58729e-06
1.82501e-06
1.53021e-06
1.99571e-06
1.43406e-06
2.14172e-06
1.29603e-06
2.25404e-06
1.11747e-06
2.32539e-06
9.02931e-07
2.35094e-06
6.59694e-07
2.32912e-06
3.96883e-07
2.26093e-06
1.25938e-07
2.14935e-06
-1.42808e-07
2.00044e-06
-4.01612e-07
1.82252e-06
-6.44895e-07
1.62398e-06
-8.706e-07
1.41253e-06
-1.08028e-06
1.1951e-06
-1.27812e-06
9.7684e-07
-1.46982e-06
7.60131e-07
-1.66289e-06
5.44092e-07
-1.87341e-06
3.24061e-07
-2.15237e-06
9.44392e-08
-2.68991e-06
-1.15477e-07
-4.07683e-06
-2.09928e-07
-6.6221e-06
-8.14919e-06
3.15724e-08
5.81744e-07
7.44734e-08
1.04184e-06
1.192e-07
1.2487e-06
1.65608e-07
1.33053e-06
2.15026e-07
1.36527e-06
2.68645e-07
1.38118e-06
3.27454e-07
1.38915e-06
3.9242e-07
1.3943e-06
4.64574e-07
1.39931e-06
5.45082e-07
1.40562e-06
6.35307e-07
1.41395e-06
7.36793e-07
1.42438e-06
8.511e-07
1.43622e-06
9.79465e-07
1.44782e-06
1.12227e-06
1.45629e-06
1.27842e-06
1.45737e-06
1.44502e-06
1.44563e-06
1.61711e-06
1.41521e-06
1.78694e-06
1.36038e-06
1.94489e-06
1.27611e-06
2.08158e-06
1.15933e-06
2.1889e-06
1.01016e-06
2.2601e-06
8.31736e-07
2.29031e-06
6.29482e-07
2.27683e-06
4.10361e-07
2.22006e-06
1.82705e-07
2.12274e-06
-4.54852e-08
1.98932e-06
-2.6819e-07
1.82627e-06
-4.81848e-07
1.6405e-06
-6.84827e-07
1.43889e-06
-8.78676e-07
1.22776e-06
-1.06699e-06
1.0119e-06
-1.25396e-06
7.94183e-07
-1.44516e-06
5.74847e-07
-1.65408e-06
3.50955e-07
-1.92848e-06
1.1829e-07
-2.45724e-06
-9.86809e-08
-3.85986e-06
-2.20843e-07
-6.49994e-06
-8.37003e-06
2.64212e-08
5.55323e-07
6.70213e-08
1.00124e-06
1.13333e-07
1.20239e-06
1.63629e-07
1.28023e-06
2.18166e-07
1.31073e-06
2.77515e-07
1.32183e-06
3.42233e-07
1.32443e-06
4.12938e-07
1.3236e-06
4.90307e-07
1.32194e-06
5.75094e-07
1.32083e-06
6.68166e-07
1.32088e-06
7.70479e-07
1.32206e-06
8.82965e-07
1.32374e-06
1.00628e-06
1.3245e-06
1.14046e-06
1.32211e-06
1.28443e-06
1.3134e-06
1.43566e-06
1.2944e-06
1.59013e-06
1.26073e-06
1.74226e-06
1.20825e-06
1.88482e-06
1.13355e-06
2.0097e-06
1.03445e-06
2.10941e-06
9.1045e-07
2.17772e-06
7.63422e-07
2.20999e-06
5.97213e-07
2.20347e-06
4.16883e-07
2.15792e-06
2.28249e-07
2.07514e-06
3.72949e-08
1.95828e-06
-1.51325e-07
1.81183e-06
-3.35404e-07
1.6414e-06
-5.14397e-07
1.45252e-06
-6.89788e-07
1.25021e-06
-8.64682e-07
1.03886e-06
-1.04261e-06
8.21867e-07
-1.22817e-06
6.00838e-07
-1.43305e-06
3.75317e-07
-1.70296e-06
1.44646e-07
-2.22657e-06
-7.62877e-08
-3.63892e-06
-2.31265e-07
-6.34496e-06
-8.6013e-06
1.8716e-08
5.36607e-07
5.43431e-08
9.65613e-07
1.00501e-07
1.15623e-06
1.53655e-07
1.22708e-06
2.12724e-07
1.25166e-06
2.7751e-07
1.25705e-06
3.48029e-07
1.25392e-06
4.24485e-07
1.24714e-06
5.07164e-07
1.23926e-06
5.96406e-07
1.23159e-06
6.9262e-07
1.22466e-06
7.96255e-07
1.21843e-06
9.07723e-07
1.21227e-06
1.02721e-06
1.20502e-06
1.1544e-06
1.19492e-06
1.28822e-06
1.17958e-06
1.42651e-06
1.15611e-06
1.56589e-06
1.12136e-06
1.70187e-06
1.07227e-06
1.82901e-06
1.00641e-06
1.94117e-06
9.22289e-07
2.03206e-06
8.19561e-07
2.09618e-06
6.99304e-07
2.12925e-06
5.64138e-07
2.12856e-06
4.17576e-07
2.09319e-06
2.63616e-07
2.02407e-06
1.06419e-07
1.92338e-06
-5.06396e-08
1.79397e-06
-2.05988e-07
1.63952e-06
-3.59944e-07
1.46403e-06
-5.14304e-07
1.2713e-06
-6.71953e-07
1.06499e-06
-8.36306e-07
8.48771e-07
-1.01195e-06
6.25787e-07
-1.21006e-06
3.98945e-07
-1.47611e-06
1.74418e-07
-2.00204e-06
-4.54039e-08
-3.4191e-06
-2.3793e-07
-6.15243e-06
-8.83923e-06
7.46839e-09
5.29139e-07
3.51723e-08
9.37909e-07
7.9377e-08
1.11203e-06
1.34322e-07
1.17213e-06
1.97374e-07
1.18861e-06
2.67415e-07
1.187e-06
3.43813e-07
1.17752e-06
4.2627e-07
1.16469e-06
5.14628e-07
1.15091e-06
6.08809e-07
1.13741e-06
7.08805e-07
1.12467e-06
8.1464e-07
1.11259e-06
9.26303e-07
1.10061e-06
1.0436e-06
1.08773e-06
1.16596e-06
1.07255e-06
1.29226e-06
1.05328e-06
1.4206e-06
1.02777e-06
1.54821e-06
9.93743e-07
1.67146e-06
9.49026e-07
1.78601e-06
8.9186e-07
1.88711e-06
8.21188e-07
1.96986e-06
7.3681e-07
2.02971e-06
6.39453e-07
2.06298e-06
5.30874e-07
2.06714e-06
4.13411e-07
2.0409e-06
2.89858e-07
1.98429e-06
1.63029e-07
1.89841e-06
3.52349e-08
1.78491e-06
-9.24831e-08
1.64576e-06
-2.20792e-07
1.48328e-06
-3.51831e-07
1.29985e-06
-4.88524e-07
1.09811e-06
-6.34566e-07
8.81588e-07
-7.95421e-07
6.54997e-07
-9.83472e-07
4.25369e-07
-1.24649e-06
2.08458e-07
-1.78513e-06
-5.79523e-09
-3.20485e-06
-2.40768e-07
-5.91746e-06
-9.08e-06
-8.94517e-09
5.38084e-07
7.84529e-09
9.21119e-07
4.79117e-08
1.07196e-06
1.03664e-07
1.11638e-06
1.70409e-07
1.12186e-06
2.45836e-07
1.11158e-06
3.28496e-07
1.09486e-06
4.17483e-07
1.0757e-06
5.12157e-07
1.05623e-06
6.1204e-07
1.03753e-06
7.16773e-07
1.01994e-06
8.26031e-07
1.00334e-06
9.39432e-07
9.87207e-07
1.05648e-06
9.7068e-07
1.17644e-06
9.52597e-07
1.29816e-06
9.3156e-07
1.41994e-06
9.0598e-07
1.5395e-06
8.74191e-07
1.65387e-06
8.34655e-07
1.75959e-06
7.86141e-07
1.85288e-06
7.27896e-07
1.9299e-06
6.59793e-07
1.98697e-06
5.82378e-07
2.02101e-06
4.96832e-07
2.02977e-06
4.04655e-07
2.01169e-06
3.07936e-07
1.9662e-06
2.08518e-07
1.89348e-06
1.07958e-07
1.79426e-06
6.73467e-09
1.66928e-06
-9.58097e-08
1.51918e-06
-2.01737e-07
1.34489e-06
-3.14233e-07
1.14779e-06
-4.3746e-07
9.30818e-07
-5.78451e-07
7.00257e-07
-7.52912e-07
4.68521e-07
-1.01475e-06
2.60401e-07
-1.57701e-06
5.56335e-08
-3.00008e-06
-2.35114e-07
-5.62671e-06
-9.31511e-06
-3.35334e-08
5.71617e-07
-3.28867e-08
9.20472e-07
2.62829e-09
1.03644e-06
5.85126e-08
1.0605e-06
1.29318e-07
1.05106e-06
2.11e-07
1.02989e-06
3.01082e-07
1.00477e-06
3.97865e-07
9.78919e-07
5.00131e-07
9.53965e-07
6.06959e-07
9.30696e-07
7.17651e-07
9.09244e-07
8.31641e-07
8.89346e-07
9.48372e-07
8.70477e-07
1.06719e-06
8.51858e-07
1.18727e-06
8.32522e-07
1.30747e-06
8.11358e-07
1.42627e-06
7.87181e-07
1.54165e-06
7.58812e-07
1.65115e-06
7.25152e-07
1.75197e-06
6.85325e-07
1.84106e-06
6.38801e-07
1.91537e-06
5.85486e-07
1.97196e-06
5.2578e-07
2.0084e-06
4.60401e-07
2.02241e-06
3.90637e-07
2.0123e-06
3.18048e-07
1.97708e-06
2.4374e-07
1.91657e-06
1.68471e-07
1.83071e-06
9.25877e-08
1.71948e-06
1.54243e-08
1.58244e-06
-6.46989e-08
1.41932e-06
-1.51117e-07
1.23017e-06
-2.48306e-07
1.01742e-06
-3.65697e-07
7.89674e-07
-5.25169e-07
5.68458e-07
-7.93535e-07
3.81763e-07
-1.39032e-06
1.94016e-07
-2.81234e-06
-1.7831e-07
-5.25439e-06
-9.49342e-06
-7.35639e-08
6.45181e-07
-9.06546e-08
9.37563e-07
-6.18966e-08
1.00769e-06
-4.93832e-09
1.00354e-06
7.1238e-08
9.74883e-07
1.61259e-07
9.39874e-07
2.6101e-07
9.05024e-07
3.67797e-07
8.72132e-07
4.79758e-07
8.42004e-07
5.95517e-07
8.14937e-07
7.14117e-07
7.90645e-07
8.34845e-07
7.68618e-07
9.57062e-07
7.48259e-07
1.08007e-06
7.28846e-07
1.20304e-06
7.09559e-07
1.32487e-06
6.89526e-07
1.44419e-06
6.67865e-07
1.55925e-06
6.43749e-07
1.66797e-06
6.16427e-07
1.76802e-06
5.85284e-07
1.85691e-06
5.49909e-07
1.93221e-06
5.10185e-07
1.99154e-06
4.66452e-07
2.03258e-06
4.19362e-07
2.05332e-06
3.69891e-07
2.05264e-06
3.18734e-07
2.02938e-06
2.67002e-07
1.9827e-06
2.1515e-07
1.91217e-06
1.6312e-07
1.8173e-06
1.10285e-07
1.69744e-06
5.51654e-08
1.55248e-06
-6.15855e-09
1.38127e-06
-7.70963e-08
1.18726e-06
-1.71688e-07
9.80824e-07
-3.18731e-07
7.92818e-07
-6.0553e-07
6.50246e-07
-1.24774e-06
4.6389e-07
-2.62598e-06
1.35289e-08
-4.80403e-06
-9.47989e-06
-1.34593e-07
7.79774e-07
-1.85446e-07
9.88416e-07
-1.62006e-07
9.84245e-07
-9.89273e-08
9.40459e-07
-1.13574e-08
8.87313e-07
9.2578e-08
8.35938e-07
2.07123e-07
7.90479e-07
3.28815e-07
7.5044e-07
4.55072e-07
7.15747e-07
5.84108e-07
6.85901e-07
7.14839e-07
6.59914e-07
8.46463e-07
6.36994e-07
9.78327e-07
6.16394e-07
1.10983e-06
5.97338e-07
1.24027e-06
5.79124e-07
1.36868e-06
5.61113e-07
1.49386e-06
5.42687e-07
1.61435e-06
5.23265e-07
1.72843e-06
5.02343e-07
1.83418e-06
4.79536e-07
1.92949e-06
4.54597e-07
2.01223e-06
4.27449e-07
2.08031e-06
3.98366e-07
2.1319e-06
3.67769e-07
2.16572e-06
3.3608e-07
2.18076e-06
3.03687e-07
2.17651e-06
2.71252e-07
2.15246e-06
2.39204e-07
2.10799e-06
2.07585e-07
2.04253e-06
1.75744e-07
1.95551e-06
1.4219e-07
1.84565e-06
1.03697e-07
1.71492e-06
5.36429e-08
1.56784e-06
-2.46093e-08
1.41335e-06
-1.64246e-07
1.27263e-06
-4.64804e-07
1.14477e-06
-1.11989e-06
8.78172e-07
-2.35938e-06
2.92572e-07
-4.21843e-06
-9.18732e-06
-2.65837e-07
1.04561e-06
-3.20934e-07
1.04351e-06
-2.89757e-07
9.53068e-07
-2.20872e-07
8.71574e-07
-1.13524e-07
7.79965e-07
2.13817e-08
7.01032e-07
1.72502e-07
6.39358e-07
3.31491e-07
5.91451e-07
4.9295e-07
5.54288e-07
6.54477e-07
5.24374e-07
8.15018e-07
4.99372e-07
9.7408e-07
4.77932e-07
1.13145e-06
4.59027e-07
1.28679e-06
4.42e-07
1.43961e-06
4.26295e-07
1.58928e-06
4.11444e-07
1.73493e-06
3.97037e-07
1.87549e-06
3.82709e-07
2.00969e-06
3.68144e-07
2.13613e-06
3.53096e-07
2.25333e-06
3.37392e-07
2.35984e-06
3.20942e-07
2.4544e-06
3.03803e-07
2.53605e-06
2.86121e-07
2.60408e-06
2.68044e-07
2.65805e-06
2.49722e-07
2.69791e-06
2.31395e-07
2.72392e-06
2.1319e-07
2.73645e-06
1.95055e-07
2.73576e-06
1.76437e-07
2.72173e-06
1.56212e-07
2.69395e-06
1.31486e-07
2.65145e-06
9.61356e-08
2.59175e-06
3.50917e-08
2.51109e-06
-8.35859e-08
2.38009e-06
-3.33798e-07
2.09895e-06
-8.38759e-07
1.48438e-06
-1.7448e-06
6.5501e-07
-3.38906e-06
-8.53231e-06
-4.4937e-07
1.49498e-06
-4.3872e-07
1.03286e-06
-1.63446e-07
6.77794e-07
1.65802e-07
5.42326e-07
4.81267e-07
4.645e-07
7.77752e-07
4.04548e-07
1.05633e-06
3.60775e-07
1.31709e-06
3.307e-07
1.56316e-06
3.08214e-07
1.79777e-06
2.89759e-07
2.02307e-06
2.7408e-07
2.24048e-06
2.60522e-07
2.45094e-06
2.48559e-07
2.65513e-06
2.3781e-07
2.85344e-06
2.27991e-07
3.04601e-06
2.18867e-07
3.23282e-06
2.10233e-07
3.41362e-06
2.01908e-07
3.58803e-06
1.93735e-07
3.75554e-06
1.85583e-07
3.91558e-06
1.77354e-07
4.06754e-06
1.6898e-07
4.2109e-06
1.60449e-07
4.34524e-06
1.51781e-07
4.47027e-06
1.43009e-07
4.58583e-06
1.34161e-07
4.69196e-06
1.2527e-07
4.78883e-06
1.16323e-07
4.87664e-06
1.07239e-07
4.95546e-06
9.76173e-08
5.02509e-06
8.65816e-08
5.08437e-06
7.22083e-08
5.12911e-06
5.13954e-08
5.14477e-06
1.94266e-08
5.09902e-06
-3.78302e-08
4.89544e-06
-1.30223e-07
4.30941e-06
-2.52725e-07
3.08229e-06
-5.1768e-07
1.4891e-06
-1.79587e-06
-7.04321e-06
1.49498e-06
2.52784e-06
3.20564e-06
3.74796e-06
4.21246e-06
4.61701e-06
4.97779e-06
5.30849e-06
5.6167e-06
5.90646e-06
6.18054e-06
6.44106e-06
6.68962e-06
6.92743e-06
7.15542e-06
7.37429e-06
7.58452e-06
7.78643e-06
7.98016e-06
8.16575e-06
8.3431e-06
8.51208e-06
8.67253e-06
8.82431e-06
8.96732e-06
9.10148e-06
9.22675e-06
9.34307e-06
9.45031e-06
9.54793e-06
9.63451e-06
9.70672e-06
9.75811e-06
9.77754e-06
9.73971e-06
9.60949e-06
9.35676e-06
8.83908e-06
7.04321e-06
)
;

boundaryField
{
    movingWall
    {
        type            calculated;
        value           uniform 0;
    }
    fixedWalls
    {
        type            calculated;
        value           uniform 0;
    }
    frontAndBack
    {
        type            empty;
    }
}


// ************************************************************************* //
